1 31 30
1 30 28
1 28 11
1 11 0
1 11 10
1 10 7
1 7 5
1 5 2
1 2 1
1 5 4
1 4 3
1 7 6
1 10 9
1 9 8
1 28 27
1 27 20
1 20 19
1 19 18
1 18 17
1 17 16
1 16 15
1 15 13
1 13 12
1 15 14
1 27 26
1 26 25
1 25 24
1 24 23
1 23 22
1 22 21
1 30 29
2 29 12
2 12 7
2 7 4
2 4 0
2 4 3
2 3 1
2 3 2
2 7 6
2 6 5
2 12 11
2 11 8
2 11 10
2 10 9
2 29 28
2 28 15
2 15 13
2 15 14
2 28 27
2 27 25
2 25 16
2 25 24
2 24 23
2 23 17
2 23 22
2 22 18
2 22 21
2 21 20
2 20 19
2 27 26
3 34 32
3 32 30
3 30 6
3 6 5
3 5 4
3 4 0
3 4 3
3 3 1
3 3 2
3 30 29
3 29 23
3 23 20
3 20 7
3 20 19
3 19 17
3 17 8
3 17 16
3 16 11
3 11 9
3 11 10
3 16 15
3 15 14
3 14 13
3 13 12
3 19 18
3 23 22
3 22 21
3 29 28
3 28 27
3 27 26
3 26 25
3 25 24
3 32 31
3 34 33
4 31 28
4 28 0
4 28 27
4 27 26
4 26 24
4 24 22
4 22 20
4 20 18
4 18 3
4 3 2
4 2 1
4 18 17
4 17 10
4 10 4
4 10 9
4 9 7
4 7 6
4 6 5
4 9 8
4 17 16
4 16 15
4 15 14
4 14 12
4 12 11
4 14 13
4 20 19
4 22 21
4 24 23
4 26 25
4 31 30
4 30 29
5 30 29
5 29 5
5 5 3
5 3 2
5 2 1
5 1 0
5 5 4
5 29 28
5 28 7
5 7 6
5 28 27
5 27 21
5 21 20
5 20 8
5 20 19
5 19 12
5 12 9
5 12 11
5 11 10
5 19 18
5 18 15
5 15 14
5 14 13
5 18 17
5 17 16
5 27 26
5 26 25
5 25 22
5 25 24
5 24 23
6 31 30
6 30 12
6 12 0
6 12 11
6 11 10
6 10 1
6 10 9
6 9 6
6 6 5
6 5 2
6 5 4
6 4 3
6 9 8
6 8 7
6 30 29
6 29 27
6 27 26
6 26 18
6 18 13
6 18 17
6 17 15
6 15 14
6 17 16
6 26 25
6 25 23
6 23 21
6 21 20
6 20 19
6 23 22
6 25 24
6 29 28
7 33 16
7 16 1
7 1 0
7 16 15
7 15 5
7 5 4
7 4 3
7 3 2
7 15 14
7 14 13
7 13 8
7 8 7
7 7 6
7 13 12
7 12 11
7 11 10
7 10 9
7 33 32
7 32 31
7 31 30
7 30 29
7 29 28
7 28 22
7 22 21
7 21 20
7 20 19
7 19 17
7 19 18
7 28 27
7 27 26
7 26 25
7 25 23
7 25 24
8 32 0
8 32 31
8 31 30
8 30 29
8 29 28
8 28 25
8 25 24
8 24 22
8 22 21
8 21 20
8 20 14
8 14 12
8 12 11
8 11 9
8 9 3
8 3 1
8 3 2
8 9 8
8 8 6
8 6 4
8 6 5
8 8 7
8 11 10
8 14 13
8 20 19
8 19 18
8 18 17
8 17 16
8 16 15
8 24 23
8 28 27
8 27 26
9 29 2
9 2 0
9 2 1
9 29 28
9 28 26
9 26 25
9 25 24
9 24 23
9 23 22
9 22 11
9 11 10
9 10 8
9 8 6
9 6 4
9 4 3
9 6 5
9 8 7
9 10 9
9 22 21
9 21 20
9 20 19
9 19 16
9 16 15
9 15 14
9 14 12
9 14 13
9 19 18
9 18 17
9 28 27
10 31 0
10 31 30
10 30 28
10 28 1
10 28 27
10 27 26
10 26 25
10 25 24
10 24 3
10 3 2
10 24 23
10 23 6
10 6 5
10 5 4
10 23 22
10 22 20
10 20 18
10 18 16
10 16 14
10 14 7
10 14 13
10 13 8
10 13 12
10 12 9
10 12 11
10 11 10
10 16 15
10 18 17
10 20 19
10 22 21
10 30 29
11 31 29
11 29 27
11 27 12
11 12 0
11 12 11
11 11 10
11 10 9
11 9 8
11 8 2
11 2 1
11 8 7
11 7 5
11 5 3
11 5 4
11 7 6
11 27 26
11 26 23
11 23 22
11 22 13
11 22 21
11 21 19
11 19 15
11 15 14
11 19 18
11 18 16
11 18 17
11 21 20
11 26 25
11 25 24
11 29 28
11 31 30
12 31 30
12 30 28
12 28 1
12 1 0
12 28 27
12 27 11
12 11 4
12 4 2
12 4 3
12 11 10
12 10 9
12 9 8
12 8 7
12 7 6
12 6 5
12 27 26
12 26 25
12 25 22
12 22 20
12 20 17
12 17 12
12 17 16
12 16 13
12 16 15
12 15 14
12 20 19
12 19 18
12 22 21
12 25 24
12 24 23
12 30 29
13 31 0
13 31 30
13 30 29
13 29 28
13 28 26
13 26 1
13 26 25
13 25 23
13 23 20
13 20 19
13 19 17
13 17 16
13 16 11
13 11 9
13 9 8
13 8 7
13 7 3
13 3 2
13 7 6
13 6 5
13 5 4
13 11 10
13 16 15
13 15 13
13 13 12
13 15 14
13 19 18
13 23 22
13 22 21
13 25 24
13 28 27
14 32 31
14 31 29
14 29 28
14 28 26
14 26 0
14 26 25
14 25 4
14 4 1
14 4 3
14 3 2
14 25 24
14 24 14
14 14 12
14 12 11
14 11 5
14 11 10
14 10 7
14 7 6
14 10 9
14 9 8
14 14 13
14 24 23
14 23 22
14 22 16
14 16 15
14 22 21
14 21 17
14 21 20
14 20 19
14 19 18
14 28 27
14 31 30
15 33 1
15 1 0
15 33 32
15 32 31
15 31 2
15 31 30
15 30 29
15 29 27
15 27 5
15 5 3
15 5 4
15 27 26
15 26 6
15 26 25
15 25 21
15 21 7
15 21 20
15 20 17
15 17 8
15 17 16
15 16 12
15 12 11
15 11 10
15 10 9
15 16 15
15 15 13
15 15 14
15 20 19
15 19 18
15 25 24
15 24 22
15 24 23
15 29 28
16 29 28
16 28 18
16 18 1
16 1 0
16 18 17
16 17 16
16 16 12
16 12 11
16 11 10
16 10 9
16 9 5
16 5 3
16 3 2
16 5 4
16 9 8
16 8 6
16 8 7
16 16 15
16 15 14
16 14 13
16 28 27
16 27 21
16 21 20
16 20 19
16 27 26
16 26 25
16 25 24
16 24 23
16 23 22
17 32 0
17 32 31
17 31 1
17 31 30
17 30 29
17 29 3
17 3 2
17 29 28
17 28 27
17 27 26
17 26 25
17 25 23
17 23 21
17 21 12
17 12 11
17 11 4
17 11 10
17 10 9
17 9 5
17 9 8
17 8 7
17 7 6
17 21 20
17 20 18
17 18 13
17 18 17
17 17 16
17 16 15
17 15 14
17 20 19
17 23 22
17 25 24
18 34 1
18 1 0
18 34 33
18 33 32
18 32 6
18 6 5
18 5 4
18 4 2
18 4 3
18 32 31
18 31 9
18 9 7
18 9 8
18 31 30
18 30 10
18 30 29
18 29 12
18 12 11
18 29 28
18 28 26
18 26 25
18 25 24
18 24 16
18 16 13
18 16 15
18 15 14
18 24 23
18 23 18
18 18 17
18 23 22
18 22 19
18 22 21
18 21 20
18 28 27
19 32 11
19 11 0
19 11 10
19 10 9
19 9 8
19 8 7
19 7 6
19 6 4
19 4 2
19 2 1
19 4 3
19 6 5
19 32 31
19 31 12
19 31 30
19 30 28
19 28 27
19 27 26
19 26 23
19 23 22
19 22 20
19 20 13
19 20 19
19 19 17
19 17 16
19 16 15
19 15 14
19 19 18
19 22 21
19 26 25
19 25 24
19 30 29
20 29 10
20 10 9
20 9 0
20 9 8
20 8 6
20 6 1
20 6 5
20 5 3
20 3 2
20 5 4
20 8 7
20 29 28
20 28 27
20 27 24
20 24 23
20 23 22
20 22 20
20 20 11
20 20 19
20 19 18
20 18 16
20 16 14
20 14 13
20 13 12
20 16 15
20 18 17
20 22 21
20 27 26
20 26 25
21 31 4
21 4 0
21 4 3
21 3 1
21 3 2
21 31 30
21 30 26
21 26 5
21 26 25
21 25 24
21 24 18
21 18 6
21 18 17
21 17 15
21 15 8
21 8 7
21 15 14
21 14 9
21 14 13
21 13 10
21 13 12
21 12 11
21 17 16
21 24 23
21 23 20
21 20 19
21 23 22
21 22 21
21 30 29
21 29 28
21 28 27
22 34 33
22 33 31
22 31 29
22 29 28
22 28 14
22 14 9
22 9 8
22 8 0
22 8 7
22 7 6
22 6 3
22 3 2
22 2 1
22 6 5
22 5 4
22 14 13
22 13 12
22 12 10
22 12 11
22 28 27
22 27 26
22 26 24
22 24 23
22 23 22
22 22 15
22 22 21
22 21 19
22 19 18
22 18 16
22 18 17
22 21 20
22 26 25
22 31 30
22 33 32
23 32 30
23 30 29
23 29 0
23 29 28
23 28 1
23 28 27
23 27 25
23 25 10
23 10 9
23 9 8
23 8 7
23 7 6
23 6 5
23 5 4
23 4 2
23 4 3
23 25 24
23 24 23
23 23 17
23 17 16
23 16 11
23 16 15
23 15 14
23 14 12
23 14 13
23 23 22
23 22 21
23 21 18
23 21 20
23 20 19
23 27 26
23 32 31
24 34 32
24 32 1
24 1 0
24 32 31
24 31 13
24 13 3
24 3 2
24 13 12
24 12 6
24 6 5
24 5 4
24 12 11
24 11 7
24 11 10
24 10 9
24 9 8
24 31 30
24 30 29
24 29 17
24 17 15
24 15 14
24 17 16
24 29 28
24 28 18
24 28 27
24 27 26
24 26 25
24 25 23
24 23 20
24 20 19
24 23 22
24 22 21
24 25 24
24 34 33
25 30 11
25 11 10
25 10 4
25 4 3
25 3 0
25 3 2
25 2 1
25 10 9
25 9 8
25 8 7
25 7 5
25 7 6
25 30 29
25 29 28
25 28 27
25 27 26
25 26 25
25 25 20
25 20 12
25 20 19
25 19 18
25 18 17
25 17 14
25 14 13
25 17 16
25 16 15
25 25 24
25 24 23
25 23 21
25 23 22
26 33 2
26 2 1
26 1 0
26 33 32
26 32 11
26 11 10
26 10 9
26 9 8
26 8 6
26 6 5
26 5 4
26 4 3
26 8 7
26 32 31
26 31 30
26 30 28
26 28 27
26 27 26
26 26 19
26 19 13
26 13 12
26 19 18
26 18 14
26 18 17
26 17 16
26 16 15
26 26 25
26 25 22
26 22 21
26 21 20
26 25 24
26 24 23
26 30 29
27 30 26
27 26 24
27 24 23
27 23 17
27 17 10
27 10 0
27 10 9
27 9 7
27 7 4
27 4 3
27 3 1
27 3 2
27 7 6
27 6 5
27 9 8
27 17 16
27 16 11
27 16 15
27 15 14
27 14 12
27 14 13
27 23 22
27 22 19
27 19 18
27 22 21
27 21 20
27 26 25
27 30 29
27 29 27
27 29 28
28 29 26
28 26 24
28 24 23
28 23 22
28 22 0
28 22 21
28 21 6
28 6 5
28 5 3
28 3 1
28 3 2
28 5 4
28 21 20
28 20 19
28 19 18
28 18 7
28 18 17
28 17 16
28 16 15
28 15 14
28 14 13
28 13 11
28 11 10
28 10 8
28 10 9
28 13 12
28 26 25
28 29 28
28 28 27
29 30 29
29 29 27
29 27 5
29 5 3
29 3 2
29 2 0
29 2 1
29 5 4
29 27 26
29 26 12
29 12 7
29 7 6
29 12 11
29 11 9
29 9 8
29 11 10
29 26 25
29 25 24
29 24 20
29 20 13
29 20 19
29 19 18
29 18 17
29 17 15
29 15 14
29 17 16
29 24 23
29 23 21
29 23 22
29 29 28
30 33 32
30 32 31
30 31 30
30 30 28
30 28 8
30 8 7
30 7 5
30 5 4
30 4 0
30 4 3
30 3 1
30 3 2
30 7 6
30 28 27
30 27 26
30 26 24
30 24 22
30 22 21
30 21 20
30 20 12
30 12 9
30 12 11
30 11 10
30 20 19
30 19 17
30 17 15
30 15 13
30 15 14
30 17 16
30 19 18
30 24 23
30 26 25
30 30 29
31 31 30
31 30 29
31 29 25
31 25 18
31 18 9
31 9 0
31 9 8
31 8 6
31 6 5
31 5 1
31 5 4
31 4 3
31 3 2
31 8 7
31 18 17
31 17 14
31 14 13
31 13 11
31 11 10
31 13 12
31 17 16
31 16 15
31 25 24
31 24 20
31 20 19
31 24 23
31 23 21
31 23 22
31 29 28
31 28 26
31 28 27
32 30 0
32 30 29
32 29 17
32 17 14
32 14 1
32 14 13
32 13 2
32 13 12
32 12 11
32 11 10
32 10 9
32 9 6
32 6 5
32 5 4
32 4 3
32 9 8
32 8 7
32 17 16
32 16 15
32 29 28
32 28 18
32 28 27
32 27 19
32 27 26
32 26 20
32 26 25
32 25 21
32 25 24
32 24 22
32 24 23
33 31 30
33 30 16
33 16 0
33 16 15
33 15 1
33 15 14
33 14 11
33 11 9
33 9 5
33 5 4
33 4 3
33 3 2
33 9 8
33 8 6
33 8 7
33 11 10
33 14 13
33 13 12
33 30 29
33 29 27
33 27 26
33 26 25
33 25 17
33 25 24
33 24 20
33 20 19
33 19 18
33 24 23
33 23 21
33 23 22
33 29 28
34 30 6
34 6 5
34 5 4
34 4 0
34 4 3
34 3 2
34 2 1
34 30 29
34 29 28
34 28 12
34 12 10
34 10 8
34 8 7
34 10 9
34 12 11
34 28 27
34 27 19
34 19 17
34 17 14
34 14 13
34 17 16
34 16 15
34 19 18
34 27 26
34 26 25
34 25 23
34 23 20
34 23 22
34 22 21
34 25 24
35 34 29
35 29 0
35 29 28
35 28 27
35 27 26
35 26 25
35 25 24
35 24 8
35 8 7
35 7 5
35 5 3
35 3 2
35 2 1
35 5 4
35 7 6
35 24 23
35 23 16
35 16 13
35 13 12
35 12 11
35 11 9
35 11 10
35 16 15
35 15 14
35 23 22
35 22 18
35 18 17
35 22 21
35 21 20
35 20 19
35 34 33
35 33 32
35 32 31
35 31 30
36 30 7
36 7 6
36 6 4
36 4 0
36 4 3
36 3 1
36 3 2
36 6 5
36 30 29
36 29 28
36 28 22
36 22 20
36 20 8
36 20 19
36 19 9
36 19 18
36 18 16
36 16 13
36 13 12
36 12 11
36 11 10
36 16 15
36 15 14
36 18 17
36 22 21
36 28 27
36 27 24
36 24 23
36 27 26
36 26 25
37 30 29
37 29 28
37 28 24
37 24 21
37 21 7
37 7 6
37 6 0
37 6 5
37 5 4
37 4 1
37 4 3
37 3 2
37 21 20
37 20 19
37 19 18
37 18 16
37 16 14
37 14 13
37 13 12
37 12 9
37 9 8
37 12 11
37 11 10
37 16 15
37 18 17
37 24 23
37 23 22
37 28 27
37 27 25
37 27 26
38 33 0
38 33 32
38 32 1
38 32 31
38 31 27
38 27 26
38 26 2
38 26 25
38 25 23
38 23 22
38 22 21
38 21 20
38 20 3
38 20 19
38 19 18
38 18 17
38 17 13
38 13 4
38 13 12
38 12 11
38 11 8
38 8 5
38 8 7
38 7 6
38 11 10
38 10 9
38 17 16
38 16 14
38 16 15
38 25 24
38 31 30
38 30 28
38 30 29
39 30 26
39 26 25
39 25 0
39 25 24
39 24 4
39 4 1
39 4 3
39 3 2
39 24 23
39 23 5
39 23 22
39 22 21
39 21 20
39 20 19
39 19 17
39 17 16
39 16 15
39 15 14
39 14 13
39 13 6
39 13 12
39 12 11
39 11 7
39 11 10
39 10 9
39 9 8
39 19 18
39 30 29
39 29 27
39 29 28
40 33 31
40 31 30
40 30 0
40 30 29
40 29 27
40 27 26
40 26 25
40 25 7
40 7 6
40 6 1
40 6 5
40 5 4
40 4 2
40 4 3
40 25 24
40 24 23
40 23 10
40 10 9
40 9 8
40 23 22
40 22 11
40 22 21
40 21 19
40 19 14
40 14 13
40 13 12
40 19 18
40 18 17
40 17 15
40 17 16
40 21 20
40 29 28
40 33 32
41 29 28
41 28 1
41 1 0
41 28 27
41 27 5
41 5 4
41 4 3
41 3 2
41 27 26
41 26 8
41 8 6
41 8 7
41 26 25
41 25 9
41 25 24
41 24 18
41 18 12
41 12 10
41 12 11
41 18 17
41 17 16
41 16 15
41 15 14
41 14 13
41 24 23
41 23 19
41 23 22
41 22 20
41 22 21
42 30 29
42 29 27
42 27 24
42 24 0
42 24 23
42 23 22
42 22 2
42 2 1
42 22 21
42 21 20
42 20 19
42 19 3
42 19 18
42 18 4
42 18 17
42 17 16
42 16 14
42 14 13
42 13 12
42 12 9
42 9 8
42 8 6
42 6 5
42 8 7
42 12 11
42 11 10
42 16 15
42 27 26
42 26 25
42 29 28
43 30 26
43 26 10
43 10 9
43 9 8
43 8 3
43 3 2
43 2 1
43 1 0
43 8 7
43 7 6
43 6 4
43 6 5
43 26 25
43 25 11
43 25 24
43 24 18
43 18 14
43 14 13
43 13 12
43 18 17
43 17 16
43 16 15
43 24 23
43 23 19
43 23 22
43 22 20
43 22 21
43 30 29
43 29 27
43 29 28
44 33 32
44 32 31
44 31 30
44 30 1
44 1 0
44 30 29
44 29 28
44 28 21
44 21 18
44 18 2
44 18 17
44 17 3
44 17 16
44 16 14
44 14 10
44 10 9
44 9 8
44 8 7
44 7 4
44 7 6
44 6 5
44 14 13
44 13 11
44 13 12
44 16 15
44 21 20
44 20 19
44 28 27
44 27 25
44 25 22
44 25 24
44 24 23
44 27 26
45 30 29
45 29 0
45 29 28
45 28 8
45 8 7
45 7 5
45 5 4
45 4 3
45 3 2
45 2 1
45 7 6
45 28 27
45 27 26
45 26 12
45 12 11
45 11 9
45 11 10
45 26 25
45 25 13
45 25 24
45 24 20
45 20 19
45 19 18
45 18 17
45 17 16
45 16 15
45 15 14
45 24 23
45 23 21
45 23 22
46 33 4
46 4 3
46 3 0
46 3 2
46 2 1
46 33 32
46 32 27
46 27 25
46 25 24
46 24 23
46 23 22
46 22 21
46 21 6
46 6 5
46 21 20
46 20 18
46 18 16
46 16 14
46 14 7
46 14 13
46 13 8
46 13 12
46 12 11
46 11 10
46 10 9
46 16 15
46 18 17
46 20 19
46 27 26
46 32 31
46 31 29
46 29 28
46 31 30
47 34 32
47 32 30
47 30 4
47 4 0
47 4 3
47 3 2
47 2 1
47 30 29
47 29 5
47 29 28
47 28 27
47 27 24
47 24 23
47 23 22
47 22 21
47 21 20
47 20 12
47 12 10
47 10 9
47 9 6
47 9 8
47 8 7
47 12 11
47 20 19
47 19 18
47 18 16
47 16 15
47 15 13
47 15 14
47 18 17
47 27 26
47 26 25
47 32 31
47 34 33
48 29 28
48 28 27
48 27 0
48 27 26
48 26 22
48 22 21
48 21 18
48 18 16
48 16 15
48 15 1
48 15 14
48 14 9
48 9 2
48 9 8
48 8 6
48 6 3
48 6 5
48 5 4
48 8 7
48 14 13
48 13 12
48 12 11
48 11 10
48 18 17
48 21 20
48 20 19
48 26 25
48 25 24
48 24 23
49 31 30
49 30 1
49 1 0
49 30 29
49 29 4
49 4 3
49 3 2
49 29 28
49 28 17
49 17 16
49 16 15
49 15 14
49 14 9
49 9 5
49 9 8
49 8 6
49 8 7
49 14 13
49 13 10
49 13 12
49 12 11
49 28 27
49 27 26
49 26 24
49 24 20
49 20 19
49 19 18
49 24 23
49 23 21
49 23 22
49 26 25
50 33 31
50 31 1
50 1 0
50 31 30
50 30 2
50 30 29
50 29 28
50 28 24
50 24 20
50 20 19
50 19 13
50 13 11
50 11 9
50 9 8
50 8 4
50 4 3
50 8 7
50 7 5
50 7 6
50 11 10
50 13 12
50 19 18
50 18 17
50 17 14
50 17 16
50 16 15
50 24 23
50 23 22
50 22 21
50 28 27
50 27 25
50 27 26
50 33 32
51 30 12
51 12 0
51 12 11
51 11 10
51 10 3
51 3 2
51 2 1
51 10 9
51 9 6
51 6 5
51 5 4
51 9 8
51 8 7
51 30 29
51 29 27
51 27 25
51 25 22
51 22 18
51 18 17
51 17 15
51 15 14
51 14 13
51 17 16
51 22 21
51 21 20
51 20 19
51 25 24
51 24 23
51 27 26
51 29 28
52 34 13
52 13 11
52 11 9
52 9 7
52 7 6
52 6 0
52 6 5
52 5 1
52 5 4
52 4 3
52 3 2
52 9 8
52 11 10
52 13 12
52 34 33
52 33 32
52 32 31
52 31 28
52 28 14
52 28 27
52 27 16
52 16 15
52 27 26
52 26 25
52 25 23
52 23 21
52 21 17
52 21 20
52 20 18
52 20 19
52 23 22
52 25 24
52 31 30
52 30 29
53 32 2
53 2 0
53 2 1
53 32 31
53 31 3
53 31 30
53 30 29
53 29 26
53 26 25
53 25 24
53 24 23
53 23 20
53 20 19
53 19 18
53 18 17
53 17 13
53 13 12
53 12 4
53 12 11
53 11 8
53 8 7
53 7 6
53 6 5
53 11 10
53 10 9
53 17 16
53 16 15
53 15 14
53 23 22
53 22 21
53 29 28
53 28 27
54 32 30
54 30 0
54 30 29
54 29 27
54 27 20
54 20 18
54 18 1
54 18 17
54 17 16
54 16 15
54 15 13
54 13 11
54 11 2
54 11 10
54 10 9
54 9 6
54 6 5
54 5 3
54 5 4
54 9 8
54 8 7
54 13 12
54 15 14
54 20 19
54 27 26
54 26 21
54 26 25
54 25 24
54 24 23
54 23 22
54 29 28
54 32 31
55 31 30
55 30 3
55 3 2
55 2 1
55 1 0
55 30 29
55 29 28
55 28 27
55 27 22
55 22 15
55 15 11
55 11 5
55 5 4
55 11 10
55 10 8
55 8 6
55 8 7
55 10 9
55 15 14
55 14 13
55 13 12
55 22 21
55 21 16
55 21 20
55 20 18
55 18 17
55 20 19
55 27 26
55 26 24
55 24 23
55 26 25
56 31 28
56 28 27
56 27 1
56 1 0
56 27 26
56 26 7
56 7 6
56 6 5
56 5 4
56 4 2
56 4 3
56 26 25
56 25 22
56 22 20
56 20 19
56 19 18
56 18 9
56 9 8
56 18 17
56 17 10
56 17 16
56 16 12
56 12 11
56 16 15
56 15 13
56 15 14
56 22 21
56 25 24
56 24 23
56 31 30
56 30 29
57 34 33
57 33 32
57 32 24
57 24 13
57 13 0
57 13 12
57 12 5
57 5 3
57 3 2
57 2 1
57 5 4
57 12 11
57 11 10
57 10 8
57 8 6
57 8 7
57 10 9
57 24 23
57 23 19
57 19 17
57 17 16
57 16 15
57 15 14
57 19 18
57 23 22
57 22 20
57 22 21
57 32 31
57 31 27
57 27 25
57 27 26
57 31 30
57 30 29
57 29 28
58 32 0
58 32 31
58 31 15
58 15 10
58 10 4
58 4 3
58 3 2
58 2 1
58 10 9
58 9 7
58 7 6
58 6 5
58 9 8
58 15 14
58 14 13
58 13 11
58 13 12
58 31 30
58 30 28
58 28 27
58 27 26
58 26 21
58 21 17
58 17 16
58 21 20
58 20 18
58 20 19
58 26 25
58 25 24
58 24 23
58 23 22
58 30 29
59 34 0
59 34 33
59 33 3
59 3 1
59 3 2
59 33 32
59 32 4
59 32 31
59 31 29
59 29 16
59 16 14
59 14 8
59 8 5
59 8 7
59 7 6
59 14 13
59 13 12
59 12 11
59 11 10
59 10 9
59 16 15
59 29 28
59 28 27
59 27 26
59 26 24
59 24 18
59 18 17
59 24 23
59 23 22
59 22 19
59 22 21
59 21 20
59 26 25
59 31 30
60 34 3
60 3 2
60 2 0
60 2 1
60 34 33
60 33 31
60 31 30
60 30 7
60 7 6
60 6 4
60 6 5
60 30 29
60 29 28
60 28 27
60 27 25
60 25 24
60 24 23
60 23 8
60 23 22
60 22 11
60 11 10
60 10 9
60 22 21
60 21 20
60 20 15
60 15 13
60 13 12
60 15 14
60 20 19
60 19 18
60 18 16
60 18 17
60 27 26
60 33 32
61 30 29
61 29 25
61 25 21
61 21 20
61 20 19
61 19 18
61 18 17
61 17 16
61 16 1
61 1 0
61 16 15
61 15 5
61 5 4
61 4 2
61 4 3
61 15 14
61 14 6
61 14 13
61 13 12
61 12 10
61 10 7
61 10 9
61 9 8
61 12 11
61 25 24
61 24 23
61 23 22
61 29 28
61 28 26
61 28 27
62 33 28
62 28 24
62 24 23
62 23 20
62 20 17
62 17 13
62 13 12
62 12 9
62 9 8
62 8 7
62 7 6
62 6 4
62 4 3
62 3 2
62 2 0
62 2 1
62 6 5
62 12 11
62 11 10
62 17 16
62 16 15
62 15 14
62 20 19
62 19 18
62 23 22
62 22 21
62 28 27
62 27 25
62 27 26
62 33 32
62 32 29
62 32 31
62 31 30
63 34 32
63 32 30
63 30 29
63 29 20
63 20 19
63 19 18
63 18 1
63 1 0
63 18 17
63 17 16
63 16 14
63 14 12
63 12 2
63 12 11
63 11 10
63 10 9
63 9 8
63 8 4
63 4 3
63 8 7
63 7 5
63 7 6
63 14 13
63 16 15
63 29 28
63 28 23
63 23 21
63 23 22
63 28 27
63 27 25
63 25 24
63 27 26
63 32 31
63 34 33
64 29 26
64 26 9
64 9 0
64 9 8
64 8 7
64 7 1
64 7 6
64 6 5
64 5 2
64 5 4
64 4 3
64 26 25
64 25 20
64 20 19
64 19 16
64 16 15
64 15 10
64 15 14
64 14 13
64 13 12
64 12 11
64 19 18
64 18 17
64 25 24
64 24 21
64 24 23
64 23 22
64 29 28
64 28 27
65 33 32
65 32 31
65 31 30
65 30 19
65 19 8
65 8 7
65 7 6
65 6 4
65 4 3
65 3 0
65 3 2
65 2 1
65 6 5
65 19 18
65 18 16
65 16 10
65 10 9
65 16 15
65 15 11
65 15 14
65 14 12
65 14 13
65 18 17
65 30 29
65 29 22
65 22 21
65 21 20
65 29 28
65 28 27
65 27 24
65 24 23
65 27 26
65 26 25
66 31 30
66 30 29
66 29 1
66 1 0
66 29 28
66 28 12
66 12 11
66 11 2
66 11 10
66 10 8
66 8 6
66 6 4
66 4 3
66 6 5
66 8 7
66 10 9
66 28 27
66 27 26
66 26 13
66 26 25
66 25 14
66 25 24
66 24 16
66 16 15
66 24 23
66 23 21
66 21 20
66 20 17
66 20 19
66 19 18
66 23 22
67 32 31
67 31 30
67 30 0
67 30 29
67 29 2
67 2 1
67 29 28
67 28 27
67 27 25
67 25 23
67 23 22
67 22 3
67 22 21
67 21 10
67 10 7
67 7 6
67 6 4
67 6 5
67 10 9
67 9 8
67 21 20
67 20 17
67 17 11
67 17 16
67 16 14
67 14 13
67 13 12
67 16 15
67 20 19
67 19 18
67 25 24
67 27 26
68 30 29
68 29 27
68 27 1
68 1 0
68 27 26
68 26 24
68 24 7
68 7 5
68 5 2
68 5 4
68 4 3
68 7 6
68 24 23
68 23 8
68 23 22
68 22 16
68 16 15
68 15 10
68 10 9
68 15 14
68 14 11
68 14 13
68 13 12
68 22 21
68 21 19
68 19 18
68 18 17
68 21 20
68 26 25
68 29 28
69 29 27
69 27 23
69 23 21
69 21 0
69 21 20
69 20 19
69 19 1
69 19 18
69 18 4
69 4 2
69 4 3
69 18 17
69 17 16
69 16 7
69 7 6
69 6 5
69 16 15
69 15 13
69 13 10
69 10 9
69 9 8
69 13 12
69 12 11
69 15 14
69 23 22
69 27 26
69 26 25
69 25 24
69 29 28
70 32 31
70 31 29
70 29 28
70 28 25
70 25 0
70 25 24
70 24 1
70 24 23
70 23 22
70 22 21
70 21 7
70 7 6
70 6 5
70 5 3
70 3 2
70 5 4
70 21 20
70 20 19
70 19 18
70 18 16
70 16 15
70 15 14
70 14 10
70 10 8
70 10 9
70 14 13
70 13 12
70 12 11
70 18 17
70 28 27
70 27 26
70 31 30
71 29 28
71 28 27
71 27 26
71 26 25
71 25 14
71 14 13
71 13 11
71 11 3
71 3 2
71 2 0
71 2 1
71 11 10
71 10 4
71 10 9
71 9 5
71 9 8
71 8 6
71 8 7
71 13 12
71 25 24
71 24 23
71 23 15
71 23 22
71 22 17
71 17 16
71 22 21
71 21 19
71 19 18
71 21 20
72 33 32
72 32 6
72 6 5
72 5 3
72 3 2
72 2 0
72 2 1
72 5 4
72 32 31
72 31 17
72 17 14
72 14 11
72 11 10
72 10 7
72 10 9
72 9 8
72 14 13
72 13 12
72 17 16
72 16 15
72 31 30
72 30 21
72 21 20
72 20 18
72 20 19
72 30 29
72 29 25
72 25 24
72 24 22
72 24 23
72 29 28
72 28 26
72 28 27
73 29 27
73 27 26
73 26 24
73 24 23
73 23 3
73 3 0
73 3 2
73 2 1
73 23 22
73 22 4
73 22 21
73 21 20
73 20 19
73 19 15
73 15 8
73 8 5
73 8 7
73 7 6
73 15 14
73 14 13
73 13 11
73 11 10
73 10 9
73 13 12
73 19 18
73 18 17
73 17 16
73 26 25
73 29 28
74 32 0
74 32 31
74 31 30
74 30 4
74 4 1
74 4 3
74 3 2
74 30 29
74 29 10
74 10 9
74 9 8
74 8 7
74 7 6
74 6 5
74 29 28
74 28 27
74 27 13
74 13 11
74 13 12
74 27 26
74 26 14
74 26 25
74 25 23
74 23 21
74 21 20
74 20 16
74 16 15
74 20 19
74 19 17
74 19 18
74 23 22
74 25 24
75 30 29
75 29 28
75 28 0
75 28 27
75 27 5
75 5 4
75 4 1
75 4 3
75 3 2
75 27 26
75 26 13
75 13 12
75 12 11
75 11 10
75 10 9
75 9 6
75 9 8
75 8 7
75 26 25
75 25 24
75 24 14
75 24 23
75 23 21
75 21 20
75 20 19
75 19 15
75 19 18
75 18 16
75 18 17
75 23 22
76 30 29
76 29 27
76 27 0
76 27 26
76 26 25
76 25 2
76 2 1
76 25 24
76 24 8
76 8 6
76 6 5
76 5 3
76 5 4
76 8 7
76 24 23
76 23 22
76 22 20
76 20 15
76 15 10
76 10 9
76 15 14
76 14 11
76 14 13
76 13 12
76 20 19
76 19 18
76 18 17
76 17 16
76 22 21
76 29 28
77 34 3
77 3 0
77 3 2
77 2 1
77 34 33
77 33 30
77 30 10
77 10 9
77 9 8
77 8 6
77 6 5
77 5 4
77 8 7
77 30 29
77 29 24
77 24 23
77 23 14
77 14 13
77 13 11
77 13 12
77 23 22
77 22 15
77 22 21
77 21 20
77 20 18
77 18 17
77 17 16
77 20 19
77 29 28
77 28 25
77 28 27
77 27 26
77 33 32
77 32 31
78 34 0
78 34 33
78 33 1
78 33 32
78 32 31
78 31 24
78 24 23
78 23 21
78 21 2
78 21 20
78 20 15
78 15 14
78 14 9
78 9 8
78 8 4
78 4 3
78 8 7
78 7 5
78 7 6
78 14 13
78 13 10
78 13 12
78 12 11
78 20 19
78 19 16
78 19 18
78 18 17
78 23 22
78 31 30
78 30 28
78 28 27
78 27 25
78 27 26
78 30 29
79 33 0
79 33 32
79 32 1
79 32 31
79 31 30
79 30 26
79 26 25
79 25 16
79 16 7
79 7 6
79 6 2
79 6 5
79 5 4
79 4 3
79 16 15
79 15 14
79 14 13
79 13 12
79 12 11
79 11 10
79 10 9
79 9 8
79 25 24
79 24 23
79 23 22
79 22 21
79 21 19
79 19 18
79 18 17
79 21 20
79 30 29
79 29 27
79 29 28
80 33 0
80 33 32
80 32 31
80 31 30
80 30 1
80 30 29
80 29 20
80 20 2
80 20 19
80 19 18
80 18 17
80 17 15
80 15 7
80 7 4
80 4 3
80 7 6
80 6 5
80 15 14
80 14 9
80 9 8
80 14 13
80 13 10
80 13 12
80 12 11
80 17 16
80 29 28
80 28 23
80 23 22
80 22 21
80 28 27
80 27 24
80 27 26
80 26 25
81 29 0
81 29 28
81 28 4
81 4 3
81 3 2
81 2 1
81 28 27
81 27 5
81 27 26
81 26 8
81 8 7
81 7 6
81 26 25
81 25 23
81 23 12
81 12 11
81 11 9
81 11 10
81 23 22
81 22 21
81 21 20
81 20 18
81 18 13
81 18 17
81 17 16
81 16 14
81 16 15
81 20 19
81 25 24
82 34 33
82 33 20
82 20 19
82 19 18
82 18 15
82 15 14
82 14 7
82 7 5
82 5 3
82 3 0
82 3 2
82 2 1
82 5 4
82 7 6
82 14 13
82 13 12
82 12 11
82 11 10
82 10 9
82 9 8
82 18 17
82 17 16
82 33 32
82 32 27
82 27 25
82 25 24
82 24 23
82 23 21
82 23 22
82 27 26
82 32 31
82 31 30
82 30 28
82 30 29
83 31 29
83 29 0
83 29 28
83 28 26
83 26 22
83 22 21
83 21 4
83 4 3
83 3 2
83 2 1
83 21 20
83 20 16
83 16 6
83 6 5
83 16 15
83 15 11
83 11 10
83 10 9
83 9 7
83 9 8
83 15 14
83 14 12
83 14 13
83 20 19
83 19 17
83 19 18
83 26 25
83 25 23
83 25 24
83 28 27
83 31 30
84 34 33
84 33 24
84 24 10
84 10 0
84 10 9
84 9 6
84 6 5
84 5 4
84 4 3
84 3 1
84 3 2
84 9 8
84 8 7
84 24 23
84 23 22
84 22 16
84 16 12
84 12 11
84 16 15
84 15 13
84 15 14
84 22 21
84 21 19
84 19 18
84 18 17
84 21 20
84 33 32
84 32 30
84 30 29
84 29 27
84 27 25
84 27 26
84 29 28
84 32 31
85 33 30
85 30 29
85 29 0
85 29 28
85 28 27
85 27 26
85 26 25
85 25 14
85 14 3
85 3 1
85 3 2
85 14 13
85 13 7
85 7 6
85 6 5
85 5 4
85 13 12
85 12 8
85 12 11
85 11 10
85 10 9
85 25 24
85 24 23
85 23 22
85 22 18
85 18 17
85 17 16
85 16 15
85 22 21
85 21 20
85 20 19
85 33 32
85 32 31
86 32 30
86 30 0
86 30 29
86 29 3
86 3 2
86 2 1
86 29 28
86 28 23
86 23 19
86 19 18
86 18 7
86 7 4
86 7 6
86 6 5
86 18 17
86 17 16
86 16 15
86 15 14
86 14 8
86 14 13
86 13 12
86 12 11
86 11 9
86 11 10
86 23 22
86 22 21
86 21 20
86 28 27
86 27 26
86 26 24
86 26 25
86 32 31
87 33 9
87 9 8
87 8 7
87 7 0
87 7 6
87 6 1
87 6 5
87 5 4
87 4 3
87 3 2
87 33 32
87 32 20
87 20 19
87 19 18
87 18 17
87 17 16
87 16 13
87 13 11
87 11 10
87 13 12
87 16 15
87 15 14
87 32 31
87 31 30
87 30 25
87 25 24
87 24 21
87 24 23
87 23 22
87 30 29
87 29 28
87 28 27
87 27 26
88 33 0
88 33 32
88 32 4
88 4 3
88 3 2
88 2 1
88 32 31
88 31 30
88 30 5
88 30 29
88 29 11
88 11 7
88 7 6
88 11 10
88 10 9
88 9 8
88 29 28
88 28 27
88 27 26
88 26 12
88 26 25
88 25 24
88 24 22
88 22 19
88 19 17
88 17 16
88 16 13
88 16 15
88 15 14
88 19 18
88 22 21
88 21 20
88 24 23
89 32 1
89 1 0
89 32 31
89 31 17
89 17 2
89 17 16
89 16 4
89 4 3
89 16 15
89 15 9
89 9 5
89 9 8
89 8 7
89 7 6
89 15 14
89 14 13
89 13 11
89 11 10
89 13 12
89 31 30
89 30 29
89 29 28
89 28 27
89 27 25
89 25 23
89 23 21
89 21 20
89 20 18
89 20 19
89 23 22
89 25 24
89 27 26
90 33 9
90 9 7
90 7 2
90 2 1
90 1 0
90 7 6
90 6 4
90 4 3
90 6 5
90 9 8
90 33 32
90 32 10
90 32 31
90 31 29
90 29 28
90 28 11
90 28 27
90 27 17
90 17 15
90 15 14
90 14 13
90 13 12
90 17 16
90 27 26
90 26 25
90 25 23
90 23 22
90 22 18
90 22 21
90 21 20
90 20 19
90 25 24
90 31 30
91 32 23
91 23 19
91 19 18
91 18 4
91 4 2
91 2 0
91 2 1
91 4 3
91 18 17
91 17 12
91 12 11
91 11 10
91 10 8
91 8 5
91 8 7
91 7 6
91 10 9
91 17 16
91 16 15
91 15 13
91 15 14
91 23 22
91 22 20
91 22 21
91 32 31
91 31 30
91 30 29
91 29 24
91 29 28
91 28 25
91 28 27
91 27 26
92 33 2
92 2 1
92 1 0
92 33 32
92 32 31
92 31 30
92 30 27
92 27 26
92 26 25
92 25 22
92 22 15
92 15 13
92 13 10
92 10 7
92 7 5
92 5 3
92 5 4
92 7 6
92 10 9
92 9 8
92 13 12
92 12 11
92 15 14
92 22 21
92 21 19
92 19 17
92 17 16
92 19 18
92 21 20
92 25 24
92 24 23
92 30 29
92 29 28
93 31 30
93 30 29
93 29 28
93 28 27
93 27 25
93 25 21
93 21 20
93 20 5
93 5 4
93 4 1
93 1 0
93 4 3
93 3 2
93 20 19
93 19 18
93 18 17
93 17 15
93 15 14
93 14 13
93 13 12
93 12 10
93 10 6
93 10 9
93 9 8
93 8 7
93 12 11
93 17 16
93 25 24
93 24 23
93 23 22
93 27 26
94 32 0
94 32 31
94 31 29
94 29 28
94 28 27
94 27 25
94 25 24
94 24 23
94 23 21
94 21 19
94 19 17
94 17 16
94 16 6
94 6 5
94 5 4
94 4 2
94 2 1
94 4 3
94 16 15
94 15 13
94 13 8
94 8 7
94 13 12
94 12 9
94 12 11
94 11 10
94 15 14
94 19 18
94 21 20
94 23 22
94 27 26
94 31 30
95 29 9
95 9 1
95 1 0
95 9 8
95 8 2
95 8 7
95 7 6
95 6 3
95 6 5
95 5 4
95 29 28
95 28 12
95 12 10
95 12 11
95 28 27
95 27 26
95 26 24
95 24 15
95 15 13
95 15 14
95 24 23
95 23 21
95 21 19
95 19 16
95 19 18
95 18 17
95 21 20
95 23 22
95 26 25
96 30 0
96 30 29
96 29 28
96 28 27
96 27 24
96 24 14
96 14 12
96 12 11
96 11 1
96 11 10
96 10 2
96 10 9
96 9 6
96 6 3
96 6 5
96 5 4
96 9 8
96 8 7
96 14 13
96 24 23
96 23 22
96 22 15
96 22 21
96 21 19
96 19 18
96 18 16
96 18 17
96 21 20
96 27 26
96 26 25
97 34 32
97 32 19
97 19 18
97 18 17
97 17 8
97 8 7
97 7 6
97 6 1
97 1 0
97 6 5
97 5 3
97 3 2
97 5 4
97 17 16
97 16 15
97 15 13
97 13 9
97 13 12
97 12 11
97 11 10
97 15 14
97 32 31
97 31 27
97 27 25
97 25 22
97 22 20
97 22 21
97 25 24
97 24 23
97 27 26
97 31 30
97 30 28
97 30 29
97 34 33
98 30 29
98 29 22
98 22 7
98 7 3
98 3 0
98 3 2
98 2 1
98 7 6
98 6 4
98 6 5
98 22 21
98 21 20
98 20 19
98 19 18
98 18 13
98 13 8
98 13 12
98 12 11
98 11 9
98 11 10
98 18 17
98 17 16
98 16 14
98 16 15
98 29 28
98 28 23
98 28 27
98 27 26
98 26 25
98 25 24
99 30 5
99 5 4
99 4 0
99 4 3
99 3 1
99 3 2
99 30 29
99 29 28
99 28 20
99 20 10
99 10 8
99 8 7
99 7 6
99 10 9
99 20 19
99 19 15
99 15 13
99 13 11
99 13 12
99 15 14
99 19 18
99 18 17
99 17 16
99 28 27
99 27 25
99 25 24
99 24 21
99 24 23
99 23 22
99 27 26
100 33 32
100 32 24
100 24 22
100 22 21
100 21 1
100 1 0
100 21 20
100 20 2
100 20 19
100 19 18
100 18 17
100 17 15
100 15 7
100 7 6
100 6 3
100 6 5
100 5 4
100 15 14
100 14 8
100 14 13
100 13 11
100 11 10
100 10 9
100 13 12
100 17 16
100 24 23
100 32 31
100 31 26
100 26 25
100 31 30
100 30 28
100 28 27
100 30 29
101 32 31
101 31 30
101 30 29
101 29 0
101 29 28
101 28 27
101 27 25
101 25 12
101 12 11
101 11 10
101 10 9
101 9 7
101 7 1
101 7 6
101 6 3
101 3 2
101 6 5
101 5 4
101 9 8
101 25 24
101 24 23
101 23 13
101 23 22
101 22 14
101 22 21
101 21 20
101 20 18
101 18 15
101 18 17
101 17 16
101 20 19
101 27 26
