1 32 28
1 28 27
1 27 26
1 26 25
1 25 14
1 14 13
1 13 12
1 12 0
1 12 11
1 11 10
1 10 1
1 10 9
1 9 2
1 9 8
1 8 7
1 7 6
1 6 5
1 5 3
1 5 4
1 25 24
1 24 23
1 23 21
1 21 20
1 20 15
1 20 19
1 19 16
1 19 18
1 18 17
1 23 22
1 32 31
1 31 30
1 30 29
2 33 15
2 15 4
2 4 3
2 3 1
2 1 0
2 3 2
2 15 14
2 14 9
2 9 6
2 6 5
2 9 8
2 8 7
2 14 13
2 13 10
2 13 12
2 12 11
2 33 32
2 32 30
2 30 29
2 29 28
2 28 23
2 23 17
2 17 16
2 23 22
2 22 21
2 21 18
2 21 20
2 20 19
2 28 27
2 27 25
2 25 24
2 27 26
2 32 31
3 34 33
3 33 1
3 1 0
3 33 32
3 32 31
3 31 4
3 4 3
3 3 2
3 31 30
3 30 28
3 28 26
3 26 21
3 21 20
3 20 12
3 12 5
3 12 11
3 11 10
3 10 7
3 7 6
3 10 9
3 9 8
3 20 19
3 19 16
3 16 14
3 14 13
3 16 15
3 19 18
3 18 17
3 26 25
3 25 24
3 24 22
3 24 23
3 28 27
3 30 29
4 33 0
4 33 32
4 32 14
4 14 1
4 14 13
4 13 12
4 12 11
4 11 9
4 9 7
4 7 3
4 3 2
4 7 6
4 6 4
4 6 5
4 9 8
4 11 10
4 32 31
4 31 30
4 30 25
4 25 23
4 23 18
4 18 15
4 18 17
4 17 16
4 23 22
4 22 20
4 20 19
4 22 21
4 25 24
4 30 29
4 29 28
4 28 26
4 28 27
5 30 4
5 4 0
5 4 3
5 3 2
5 2 1
5 30 29
5 29 16
5 16 10
5 10 5
5 10 9
5 9 6
5 9 8
5 8 7
5 16 15
5 15 14
5 14 11
5 14 13
5 13 12
5 29 28
5 28 26
5 26 25
5 25 24
5 24 18
5 18 17
5 24 23
5 23 22
5 22 20
5 20 19
5 22 21
5 28 27
6 31 0
6 31 30
6 30 1
6 30 29
6 29 25
6 25 24
6 24 3
6 3 2
6 24 23
6 23 9
6 9 4
6 9 8
6 8 7
6 7 6
6 6 5
6 23 22
6 22 21
6 21 20
6 20 10
6 20 19
6 19 14
6 14 13
6 13 11
6 13 12
6 19 18
6 18 15
6 18 17
6 17 16
6 29 28
6 28 27
6 27 26
7 30 5
7 5 4
7 4 0
7 4 3
7 3 1
7 3 2
7 30 29
7 29 10
7 10 6
7 10 9
7 9 7
7 9 8
7 29 28
7 28 27
7 27 23
7 23 20
7 20 19
7 19 12
7 12 11
7 19 18
7 18 17
7 17 13
7 17 16
7 16 14
7 16 15
7 23 22
7 22 21
7 27 26
7 26 24
7 26 25
8 30 29
8 29 27
8 27 0
8 27 26
8 26 24
8 24 17
8 17 5
8 5 4
8 4 3
8 3 2
8 2 1
8 17 16
8 16 15
8 15 14
8 14 10
8 10 6
8 10 9
8 9 8
8 8 7
8 14 13
8 13 11
8 13 12
8 24 23
8 23 22
8 22 21
8 21 19
8 19 18
8 21 20
8 26 25
8 29 28
9 33 30
9 30 0
9 30 29
9 29 13
9 13 10
9 10 9
9 9 8
9 8 7
9 7 6
9 6 1
9 6 5
9 5 4
9 4 2
9 4 3
9 13 12
9 12 11
9 29 28
9 28 27
9 27 26
9 26 25
9 25 15
9 15 14
9 25 24
9 24 16
9 24 23
9 23 17
9 23 22
9 22 21
9 21 19
9 19 18
9 21 20
9 33 32
9 32 31
10 30 0
10 30 29
10 29 24
10 24 4
10 4 3
10 3 2
10 2 1
10 24 23
10 23 21
10 21 20
10 20 19
10 19 18
10 18 17
10 17 16
10 16 13
10 13 5
10 13 12
10 12 10
10 10 9
10 9 6
10 9 8
10 8 7
10 12 11
10 16 15
10 15 14
10 23 22
10 29 28
10 28 27
10 27 25
10 27 26
11 32 31
11 31 7
11 7 3
11 3 0
11 3 2
11 2 1
11 7 6
11 6 5
11 5 4
11 31 30
11 30 15
11 15 14
11 14 8
11 14 13
11 13 11
11 11 9
11 11 10
11 13 12
11 30 29
11 29 16
11 29 28
11 28 27
11 27 25
11 25 18
11 18 17
11 25 24
11 24 21
11 21 19
11 21 20
11 24 23
11 23 22
11 27 26
12 32 29
12 29 0
12 29 28
12 28 9
12 9 6
12 6 3
12 3 1
12 3 2
12 6 5
12 5 4
12 9 8
12 8 7
12 28 27
12 27 11
12 11 10
12 27 26
12 26 12
12 26 25
12 25 24
12 24 13
12 24 23
12 23 20
12 20 19
12 19 18
12 18 17
12 17 14
12 17 16
12 16 15
12 23 22
12 22 21
12 32 31
12 31 30
13 31 30
13 30 0
13 30 29
13 29 1
13 29 28
13 28 3
13 3 2
13 28 27
13 27 10
13 10 9
13 9 4
13 9 8
13 8 7
13 7 5
13 7 6
13 27 26
13 26 11
13 26 25
13 25 24
13 24 23
13 23 21
13 21 20
13 20 19
13 19 16
13 16 13
13 13 12
13 16 15
13 15 14
13 19 18
13 18 17
13 23 22
14 29 28
14 28 26
14 26 25
14 25 24
14 24 22
14 22 21
14 21 16
14 16 15
14 15 13
14 13 6
14 6 1
14 1 0
14 6 5
14 5 3
14 3 2
14 5 4
14 13 12
14 12 11
14 11 9
14 9 8
14 8 7
14 11 10
14 15 14
14 21 20
14 20 19
14 19 17
14 19 18
14 24 23
14 28 27
15 29 28
15 28 26
15 26 15
15 15 13
15 13 11
15 11 0
15 11 10
15 10 7
15 7 6
15 6 5
15 5 4
15 4 2
15 2 1
15 4 3
15 10 9
15 9 8
15 13 12
15 15 14
15 26 25
15 25 23
15 23 22
15 22 20
15 20 16
15 20 19
15 19 17
15 19 18
15 22 21
15 25 24
15 28 27
16 34 10
16 10 2
16 2 0
16 2 1
16 10 9
16 9 6
16 6 5
16 5 4
16 4 3
16 9 8
16 8 7
16 34 33
16 33 31
16 31 29
16 29 11
16 29 28
16 28 27
16 27 18
16 18 16
16 16 15
16 15 13
16 13 12
16 15 14
16 18 17
16 27 26
16 26 20
16 20 19
16 26 25
16 25 24
16 24 23
16 23 21
16 23 22
16 31 30
16 33 32
17 29 0
17 29 28
17 28 17
17 17 16
17 16 8
17 8 5
17 5 2
17 2 1
17 5 4
17 4 3
17 8 7
17 7 6
17 16 15
17 15 14
17 14 12
17 12 9
17 12 11
17 11 10
17 14 13
17 28 27
17 27 25
17 25 18
17 25 24
17 24 22
17 22 21
17 21 20
17 20 19
17 24 23
17 27 26
18 32 31
18 31 30
18 30 29
18 29 28
18 28 12
18 12 4
18 4 3
18 3 1
18 1 0
18 3 2
18 12 11
18 11 8
18 8 6
18 6 5
18 8 7
18 11 10
18 10 9
18 28 27
18 27 26
18 26 14
18 14 13
18 26 25
18 25 15
18 25 24
18 24 16
18 24 23
18 23 22
18 22 21
18 21 18
18 18 17
18 21 20
18 20 19
19 33 13
19 13 0
19 13 12
19 12 1
19 12 11
19 11 10
19 10 9
19 9 2
19 9 8
19 8 7
19 7 4
19 4 3
19 7 6
19 6 5
19 33 32
19 32 31
19 31 30
19 30 14
19 30 29
19 29 28
19 28 26
19 26 25
19 25 22
19 22 21
19 21 18
19 18 17
19 17 16
19 16 15
19 21 20
19 20 19
19 25 24
19 24 23
19 28 27
20 34 10
20 10 6
20 6 5
20 5 4
20 4 1
20 1 0
20 4 3
20 3 2
20 10 9
20 9 8
20 8 7
20 34 33
20 33 32
20 32 30
20 30 11
20 30 29
20 29 12
20 29 28
20 28 27
20 27 26
20 26 24
20 24 23
20 23 22
20 22 21
20 21 20
20 20 13
20 20 19
20 19 16
20 16 14
20 16 15
20 19 18
20 18 17
20 26 25
20 32 31
21 30 1
21 1 0
21 30 29
21 29 28
21 28 3
21 3 2
21 28 27
21 27 26
21 26 25
21 25 4
21 25 24
21 24 22
21 22 20
21 20 16
21 16 15
21 15 14
21 14 13
21 13 12
21 12 5
21 12 11
21 11 10
21 10 6
21 10 9
21 9 8
21 8 7
21 20 19
21 19 17
21 19 18
21 22 21
21 24 23
22 31 2
22 2 1
22 1 0
22 31 30
22 30 29
22 29 3
22 29 28
22 28 20
22 20 19
22 19 16
22 16 15
22 15 4
22 15 14
22 14 13
22 13 10
22 10 9
22 9 8
22 8 5
22 8 7
22 7 6
22 13 12
22 12 11
22 19 18
22 18 17
22 28 27
22 27 25
22 25 24
22 24 22
22 22 21
22 24 23
22 27 26
23 32 2
23 2 1
23 1 0
23 32 31
23 31 28
23 28 27
23 27 26
23 26 25
23 25 20
23 20 15
23 15 5
23 5 3
23 5 4
23 15 14
23 14 13
23 13 11
23 11 10
23 10 9
23 9 7
23 7 6
23 9 8
23 13 12
23 20 19
23 19 17
23 17 16
23 19 18
23 25 24
23 24 22
23 22 21
23 24 23
23 31 30
23 30 29
24 33 0
24 33 32
24 32 31
24 31 30
24 30 28
24 28 27
24 27 26
24 26 25
24 25 5
24 5 3
24 3 2
24 2 1
24 5 4
24 25 24
24 24 18
24 18 17
24 17 11
24 11 8
24 8 7
24 7 6
24 11 10
24 10 9
24 17 16
24 16 13
24 13 12
24 16 15
24 15 14
24 24 23
24 23 19
24 23 22
24 22 21
24 21 20
24 30 29
25 34 33
25 33 32
25 32 30
25 30 29
25 29 25
25 25 0
25 25 24
25 24 22
25 22 15
25 15 14
25 14 2
25 2 1
25 14 13
25 13 9
25 9 8
25 8 6
25 6 4
25 4 3
25 6 5
25 8 7
25 13 12
25 12 10
25 12 11
25 22 21
25 21 20
25 20 18
25 18 16
25 18 17
25 20 19
25 24 23
25 29 28
25 28 26
25 28 27
25 32 31
26 29 28
26 28 10
26 10 8
26 8 7
26 7 6
26 6 5
26 5 3
26 3 1
26 1 0
26 3 2
26 5 4
26 10 9
26 28 27
26 27 11
26 27 26
26 26 25
26 25 23
26 23 22
26 22 21
26 21 16
26 16 15
26 15 14
26 14 13
26 13 12
26 21 20
26 20 17
26 20 19
26 19 18
26 25 24
27 31 0
27 31 30
27 30 28
27 28 27
27 27 1
27 27 26
27 26 22
27 22 16
27 16 15
27 15 14
27 14 3
27 3 2
27 14 13
27 13 4
27 13 12
27 12 11
27 11 10
27 10 7
27 7 5
27 7 6
27 10 9
27 9 8
27 22 21
27 21 17
27 21 20
27 20 18
27 20 19
27 26 25
27 25 24
27 24 23
27 30 29
28 34 33
28 33 32
28 32 29
28 29 7
28 7 3
28 3 1
28 1 0
28 3 2
28 7 6
28 6 5
28 5 4
28 29 28
28 28 26
28 26 25
28 25 8
28 25 24
28 24 22
28 22 9
28 22 21
28 21 13
28 13 11
28 11 10
28 13 12
28 21 20
28 20 16
28 16 14
28 16 15
28 20 19
28 19 18
28 18 17
28 24 23
28 28 27
28 32 31
28 31 30
29 32 6
29 6 5
29 5 3
29 3 2
29 2 0
29 2 1
29 5 4
29 32 31
29 31 30
29 30 7
29 30 29
29 29 10
29 10 8
29 10 9
29 29 28
29 28 11
29 28 27
29 27 26
29 26 24
29 24 22
29 22 20
29 20 18
29 18 12
29 18 17
29 17 15
29 15 14
29 14 13
29 17 16
29 20 19
29 22 21
29 24 23
29 26 25
30 29 25
30 25 2
30 2 1
30 1 0
30 25 24
30 24 22
30 22 3
30 22 21
30 21 20
30 20 15
30 15 6
30 6 5
30 5 4
30 15 14
30 14 8
30 8 7
30 14 13
30 13 12
30 12 9
30 12 11
30 11 10
30 20 19
30 19 16
30 19 18
30 18 17
30 24 23
30 29 28
30 28 27
30 27 26
31 29 2
31 2 1
31 1 0
31 29 28
31 28 10
31 10 5
31 5 3
31 5 4
31 10 9
31 9 7
31 7 6
31 9 8
31 28 27
31 27 13
31 13 12
31 12 11
31 27 26
31 26 23
31 23 16
31 16 14
31 16 15
31 23 22
31 22 21
31 21 19
31 19 18
31 18 17
31 21 20
31 26 25
31 25 24
32 32 5
32 5 0
32 5 4
32 4 1
32 4 3
32 3 2
32 32 31
32 31 9
32 9 8
32 8 7
32 7 6
32 31 30
32 30 10
32 30 29
32 29 21
32 21 20
32 20 19
32 19 18
32 18 14
32 14 12
32 12 11
32 14 13
32 18 17
32 17 16
32 16 15
32 29 28
32 28 22
32 28 27
32 27 26
32 26 25
32 25 24
32 24 23
33 31 15
33 15 5
33 5 2
33 2 0
33 2 1
33 5 4
33 4 3
33 15 14
33 14 10
33 10 9
33 9 6
33 9 8
33 8 7
33 14 13
33 13 11
33 13 12
33 31 30
33 30 29
33 29 28
33 28 27
33 27 23
33 23 17
33 17 16
33 23 22
33 22 20
33 20 18
33 20 19
33 22 21
33 27 26
33 26 24
33 26 25
34 34 33
34 33 2
34 2 0
34 2 1
34 33 32
34 32 27
34 27 3
34 27 26
34 26 5
34 5 4
34 26 25
34 25 24
34 24 6
34 24 23
34 23 17
34 17 9
34 9 7
34 9 8
34 17 16
34 16 14
34 14 10
34 14 13
34 13 11
34 13 12
34 16 15
34 23 22
34 22 19
34 19 18
34 22 21
34 21 20
34 32 31
34 31 28
34 31 30
34 30 29
35 30 29
35 29 27
35 27 26
35 26 0
35 26 25
35 25 8
35 8 7
35 7 6
35 6 5
35 5 2
35 2 1
35 5 4
35 4 3
35 25 24
35 24 9
35 24 23
35 23 10
35 23 22
35 22 21
35 21 19
35 19 12
35 12 11
35 19 18
35 18 15
35 15 13
35 15 14
35 18 17
35 17 16
35 21 20
35 29 28
36 32 25
36 25 0
36 25 24
36 24 20
36 20 19
36 19 6
36 6 5
36 5 4
36 4 2
36 2 1
36 4 3
36 19 18
36 18 17
36 17 16
36 16 15
36 15 11
36 11 10
36 10 9
36 9 7
36 9 8
36 15 14
36 14 13
36 13 12
36 24 23
36 23 21
36 23 22
36 32 31
36 31 30
36 30 29
36 29 28
36 28 26
36 28 27
37 32 26
37 26 23
37 23 22
37 22 18
37 18 16
37 16 11
37 11 10
37 10 0
37 10 9
37 9 1
37 9 8
37 8 7
37 7 6
37 6 5
37 5 4
37 4 2
37 4 3
37 16 15
37 15 14
37 14 12
37 14 13
37 18 17
37 22 21
37 21 19
37 21 20
37 26 25
37 25 24
37 32 31
37 31 29
37 29 27
37 29 28
37 31 30
38 32 2
38 2 1
38 1 0
38 32 31
38 31 30
38 30 29
38 29 28
38 28 3
38 28 27
38 27 26
38 26 4
38 26 25
38 25 23
38 23 15
38 15 12
38 12 10
38 10 5
38 10 9
38 9 6
38 9 8
38 8 7
38 12 11
38 15 14
38 14 13
38 23 22
38 22 21
38 21 19
38 19 18
38 18 17
38 17 16
38 21 20
38 25 24
39 33 32
39 32 31
39 31 30
39 30 1
39 1 0
39 30 29
39 29 28
39 28 25
39 25 23
39 23 22
39 22 2
39 22 21
39 21 20
39 20 18
39 18 17
39 17 11
39 11 9
39 9 8
39 8 3
39 8 7
39 7 6
39 6 5
39 5 4
39 11 10
39 17 16
39 16 15
39 15 12
39 15 14
39 14 13
39 20 19
39 25 24
39 28 27
39 27 26
40 31 30
40 30 4
40 4 0
40 4 3
40 3 2
40 2 1
40 30 29
40 29 5
40 29 28
40 28 6
40 28 27
40 27 25
40 25 21
40 21 19
40 19 10
40 10 9
40 9 8
40 8 7
40 19 18
40 18 17
40 17 16
40 16 12
40 12 11
40 16 15
40 15 13
40 15 14
40 21 20
40 25 24
40 24 22
40 24 23
40 27 26
41 32 30
41 30 0
41 30 29
41 29 28
41 28 27
41 27 26
41 26 25
41 25 6
41 6 4
41 4 3
41 3 2
41 2 1
41 6 5
41 25 24
41 24 23
41 23 21
41 21 20
41 20 19
41 19 18
41 18 11
41 11 7
41 11 10
41 10 8
41 10 9
41 18 17
41 17 12
41 17 16
41 16 14
41 14 13
41 16 15
41 23 22
41 32 31
42 32 31
42 31 30
42 30 26
42 26 25
42 25 22
42 22 21
42 21 2
42 2 0
42 2 1
42 21 20
42 20 19
42 19 16
42 16 3
42 16 15
42 15 14
42 14 4
42 14 13
42 13 11
42 11 5
42 11 10
42 10 9
42 9 6
42 9 8
42 8 7
42 13 12
42 19 18
42 18 17
42 25 24
42 24 23
42 30 29
42 29 28
42 28 27
43 32 31
43 31 29
43 29 0
43 29 28
43 28 2
43 2 1
43 28 27
43 27 11
43 11 6
43 6 5
43 5 3
43 5 4
43 11 10
43 10 7
43 10 9
43 9 8
43 27 26
43 26 12
43 26 25
43 25 23
43 23 22
43 22 16
43 16 15
43 15 13
43 15 14
43 22 21
43 21 19
43 19 18
43 18 17
43 21 20
43 25 24
43 31 30
44 31 23
44 23 5
44 5 4
44 4 2
44 2 1
44 1 0
44 4 3
44 23 22
44 22 21
44 21 6
44 21 20
44 20 19
44 19 17
44 17 7
44 17 16
44 16 9
44 9 8
44 16 15
44 15 14
44 14 12
44 12 10
44 12 11
44 14 13
44 19 18
44 31 30
44 30 29
44 29 25
44 25 24
44 29 28
44 28 26
44 28 27
45 32 16
45 16 15
45 15 0
45 15 14
45 14 13
45 13 12
45 12 11
45 11 10
45 10 7
45 7 6
45 6 4
45 4 2
45 2 1
45 4 3
45 6 5
45 10 9
45 9 8
45 32 31
45 31 21
45 21 17
45 21 20
45 20 19
45 19 18
45 31 30
45 30 29
45 29 22
45 29 28
45 28 27
45 27 26
45 26 24
45 24 23
45 26 25
46 31 2
46 2 1
46 1 0
46 31 30
46 30 12
46 12 11
46 11 9
46 9 8
46 8 3
46 8 7
46 7 6
46 6 5
46 5 4
46 11 10
46 30 29
46 29 27
46 27 26
46 26 24
46 24 13
46 24 23
46 23 22
46 22 20
46 20 18
46 18 17
46 17 16
46 16 14
46 16 15
46 20 19
46 22 21
46 26 25
46 29 28
47 29 16
47 16 10
47 10 2
47 2 1
47 1 0
47 10 9
47 9 3
47 9 8
47 8 6
47 6 5
47 5 4
47 8 7
47 16 15
47 15 11
47 15 14
47 14 12
47 14 13
47 29 28
47 28 27
47 27 20
47 20 17
47 20 19
47 19 18
47 27 26
47 26 25
47 25 24
47 24 23
47 23 21
47 23 22
48 31 29
48 29 4
48 4 3
48 3 2
48 2 0
48 2 1
48 29 28
48 28 27
48 27 26
48 26 9
48 9 8
48 8 7
48 7 6
48 6 5
48 26 25
48 25 10
48 25 24
48 24 23
48 23 11
48 23 22
48 22 21
48 21 16
48 16 15
48 15 14
48 14 13
48 13 12
48 21 20
48 20 19
48 19 17
48 19 18
48 31 30
49 32 0
49 32 31
49 31 4
49 4 3
49 3 1
49 3 2
49 31 30
49 30 26
49 26 17
49 17 10
49 10 8
49 8 7
49 7 5
49 7 6
49 10 9
49 17 16
49 16 15
49 15 14
49 14 11
49 14 13
49 13 12
49 26 25
49 25 24
49 24 23
49 23 22
49 22 21
49 21 20
49 20 18
49 20 19
49 30 29
49 29 27
49 29 28
50 29 27
50 27 13
50 13 9
50 9 6
50 6 4
50 4 3
50 3 0
50 3 2
50 2 1
50 6 5
50 9 8
50 8 7
50 13 12
50 12 10
50 12 11
50 27 26
50 26 20
50 20 17
50 17 16
50 16 15
50 15 14
50 20 19
50 19 18
50 26 25
50 25 22
50 22 21
50 25 24
50 24 23
50 29 28
51 34 33
51 33 1
51 1 0
51 33 32
51 32 31
51 31 29
51 29 3
51 3 2
51 29 28
51 28 21
51 21 7
51 7 6
51 6 4
51 6 5
51 21 20
51 20 12
51 12 9
51 9 8
51 12 11
51 11 10
51 20 19
51 19 13
51 19 18
51 18 17
51 17 16
51 16 14
51 16 15
51 28 27
51 27 26
51 26 23
51 23 22
51 26 25
51 25 24
51 31 30
52 29 28
52 28 26
52 26 24
52 24 12
52 12 11
52 11 10
52 10 9
52 9 7
52 7 0
52 7 6
52 6 4
52 4 2
52 2 1
52 4 3
52 6 5
52 9 8
52 24 23
52 23 18
52 18 14
52 14 13
52 18 17
52 17 15
52 17 16
52 23 22
52 22 19
52 22 21
52 21 20
52 26 25
52 28 27
53 31 0
53 31 30
53 30 29
53 29 1
53 29 28
53 28 27
53 27 26
53 26 2
53 26 25
53 25 24
53 24 22
53 22 20
53 20 18
53 18 17
53 17 11
53 11 7
53 7 5
53 5 4
53 4 3
53 7 6
53 11 10
53 10 9
53 9 8
53 17 16
53 16 14
53 14 12
53 14 13
53 16 15
53 20 19
53 22 21
53 24 23
54 29 26
54 26 25
54 25 24
54 24 23
54 23 19
54 19 14
54 14 13
54 13 10
54 10 3
54 3 2
54 2 0
54 2 1
54 10 9
54 9 8
54 8 5
54 5 4
54 8 7
54 7 6
54 13 12
54 12 11
54 19 18
54 18 17
54 17 16
54 16 15
54 23 22
54 22 21
54 21 20
54 29 28
54 28 27
55 31 29
55 29 28
55 28 0
55 28 27
55 27 26
55 26 24
55 24 23
55 23 11
55 11 1
55 11 10
55 10 2
55 10 9
55 9 6
55 6 3
55 6 5
55 5 4
55 9 8
55 8 7
55 23 22
55 22 21
55 21 14
55 14 12
55 14 13
55 21 20
55 20 18
55 18 16
55 16 15
55 18 17
55 20 19
55 26 25
55 31 30
56 34 0
56 34 33
56 33 30
56 30 1
56 30 29
56 29 28
56 28 3
56 3 2
56 28 27
56 27 4
56 27 26
56 26 25
56 25 5
56 25 24
56 24 23
56 23 13
56 13 12
56 12 11
56 11 6
56 11 10
56 10 9
56 9 7
56 9 8
56 23 22
56 22 16
56 16 14
56 16 15
56 22 21
56 21 17
56 21 20
56 20 18
56 20 19
56 33 32
56 32 31
57 33 1
57 1 0
57 33 32
57 32 17
57 17 16
57 16 3
57 3 2
57 16 15
57 15 14
57 14 13
57 13 11
57 11 9
57 9 8
57 8 6
57 6 5
57 5 4
57 8 7
57 11 10
57 13 12
57 32 31
57 31 26
57 26 19
57 19 18
57 26 25
57 25 21
57 21 20
57 25 24
57 24 23
57 23 22
57 31 30
57 30 28
57 28 27
57 30 29
58 34 31
58 31 3
58 3 1
58 1 0
58 3 2
58 31 30
58 30 28
58 28 27
58 27 4
58 27 26
58 26 23
58 23 22
58 22 20
58 20 19
58 19 5
58 19 18
58 18 10
58 10 8
58 8 7
58 7 6
58 10 9
58 18 17
58 17 11
58 17 16
58 16 14
58 14 13
58 13 12
58 16 15
58 22 21
58 26 25
58 25 24
58 30 29
58 34 33
58 33 32
59 31 0
59 31 30
59 30 29
59 29 25
59 25 22
59 22 21
59 21 19
59 19 18
59 18 17
59 17 16
59 16 14
59 14 13
59 13 12
59 12 11
59 11 1
59 11 10
59 10 6
59 6 3
59 3 2
59 6 5
59 5 4
59 10 9
59 9 8
59 8 7
59 16 15
59 21 20
59 25 24
59 24 23
59 29 28
59 28 27
59 27 26
60 32 31
60 31 15
60 15 4
60 4 3
60 3 2
60 2 0
60 2 1
60 15 14
60 14 5
60 14 13
60 13 8
60 8 7
60 7 6
60 13 12
60 12 11
60 11 10
60 10 9
60 31 30
60 30 29
60 29 28
60 28 26
60 26 25
60 25 24
60 24 19
60 19 17
60 17 16
60 19 18
60 24 23
60 23 22
60 22 21
60 21 20
60 28 27
61 33 32
61 32 28
61 28 27
61 27 0
61 27 26
61 26 25
61 25 24
61 24 22
61 22 1
61 22 21
61 21 20
61 20 4
61 4 3
61 3 2
61 20 19
61 19 17
61 17 5
61 17 16
61 16 14
61 14 9
61 9 8
61 8 7
61 7 6
61 14 13
61 13 12
61 12 10
61 12 11
61 16 15
61 19 18
61 24 23
61 32 31
61 31 29
61 31 30
62 31 4
62 4 0
62 4 3
62 3 2
62 2 1
62 31 30
62 30 26
62 26 25
62 25 14
62 14 12
62 12 7
62 7 6
62 6 5
62 12 11
62 11 9
62 9 8
62 11 10
62 14 13
62 25 24
62 24 20
62 20 18
62 18 17
62 17 16
62 16 15
62 20 19
62 24 23
62 23 21
62 23 22
62 30 29
62 29 28
62 28 27
63 29 27
63 27 25
63 25 6
63 6 0
63 6 5
63 5 1
63 5 4
63 4 3
63 3 2
63 25 24
63 24 23
63 23 18
63 18 16
63 16 14
63 14 13
63 13 12
63 12 9
63 9 7
63 9 8
63 12 11
63 11 10
63 16 15
63 18 17
63 23 22
63 22 21
63 21 19
63 21 20
63 27 26
63 29 28
64 29 26
64 26 25
64 25 0
64 25 24
64 24 23
64 23 22
64 22 20
64 20 18
64 18 2
64 2 1
64 18 17
64 17 16
64 16 3
64 16 15
64 15 14
64 14 4
64 14 13
64 13 11
64 11 8
64 8 5
64 8 7
64 7 6
64 11 10
64 10 9
64 13 12
64 20 19
64 22 21
64 29 28
64 28 27
65 29 22
65 22 3
65 3 2
65 2 0
65 2 1
65 22 21
65 21 20
65 20 19
65 19 18
65 18 14
65 14 4
65 14 13
65 13 12
65 12 11
65 11 5
65 11 10
65 10 7
65 7 6
65 10 9
65 9 8
65 18 17
65 17 15
65 17 16
65 29 28
65 28 25
65 25 24
65 24 23
65 28 27
65 27 26
66 31 2
66 2 0
66 2 1
66 31 30
66 30 3
66 30 29
66 29 4
66 29 28
66 28 27
66 27 26
66 26 6
66 6 5
66 26 25
66 25 7
66 25 24
66 24 22
66 22 21
66 21 14
66 14 10
66 10 9
66 9 8
66 14 13
66 13 11
66 13 12
66 21 20
66 20 18
66 18 15
66 18 17
66 17 16
66 20 19
66 24 23
67 32 29
67 29 28
67 28 0
67 28 27
67 27 6
67 6 3
67 3 1
67 3 2
67 6 5
67 5 4
67 27 26
67 26 9
67 9 7
67 9 8
67 26 25
67 25 24
67 24 22
67 22 21
67 21 19
67 19 18
67 18 17
67 17 13
67 13 11
67 11 10
67 13 12
67 17 16
67 16 14
67 16 15
67 21 20
67 24 23
67 32 31
67 31 30
68 33 31
68 31 29
68 29 28
68 28 1
68 1 0
68 28 27
68 27 26
68 26 25
68 25 24
68 24 12
68 12 10
68 10 8
68 8 7
68 7 3
68 3 2
68 7 6
68 6 4
68 6 5
68 10 9
68 12 11
68 24 23
68 23 22
68 22 21
68 21 13
68 21 20
68 20 19
68 19 18
68 18 17
68 17 16
68 16 14
68 16 15
68 31 30
68 33 32
69 32 14
69 14 13
69 13 0
69 13 12
69 12 11
69 11 10
69 10 6
69 6 5
69 5 4
69 4 3
69 3 1
69 3 2
69 10 9
69 9 8
69 8 7
69 32 31
69 31 25
69 25 23
69 23 22
69 22 21
69 21 20
69 20 19
69 19 18
69 18 17
69 17 15
69 17 16
69 25 24
69 31 30
69 30 29
69 29 28
69 28 27
69 27 26
70 34 15
70 15 14
70 14 13
70 13 11
70 11 8
70 8 7
70 7 0
70 7 6
70 6 4
70 4 3
70 3 2
70 2 1
70 6 5
70 11 10
70 10 9
70 13 12
70 34 33
70 33 32
70 32 30
70 30 20
70 20 18
70 18 17
70 17 16
70 20 19
70 30 29
70 29 26
70 26 21
70 26 25
70 25 22
70 25 24
70 24 23
70 29 28
70 28 27
70 32 31
71 29 27
71 27 1
71 1 0
71 27 26
71 26 3
71 3 2
71 26 25
71 25 4
71 25 24
71 24 23
71 23 22
71 22 21
71 21 17
71 17 5
71 17 16
71 16 14
71 14 11
71 11 10
71 10 9
71 9 6
71 9 8
71 8 7
71 14 13
71 13 12
71 16 15
71 21 20
71 20 19
71 19 18
71 29 28
72 33 30
72 30 28
72 28 11
72 11 0
72 11 10
72 10 3
72 3 1
72 3 2
72 10 9
72 9 8
72 8 5
72 5 4
72 8 7
72 7 6
72 28 27
72 27 26
72 26 25
72 25 15
72 15 12
72 15 14
72 14 13
72 25 24
72 24 23
72 23 16
72 23 22
72 22 21
72 21 20
72 20 18
72 18 17
72 20 19
72 30 29
72 33 32
72 32 31
73 29 2
73 2 0
73 2 1
73 29 28
73 28 15
73 15 14
73 14 13
73 13 12
73 12 9
73 9 8
73 8 5
73 5 4
73 4 3
73 8 7
73 7 6
73 12 11
73 11 10
73 28 27
73 27 25
73 25 24
73 24 18
73 18 16
73 18 17
73 24 23
73 23 21
73 21 19
73 21 20
73 23 22
73 27 26
74 33 31
74 31 1
74 1 0
74 31 30
74 30 26
74 26 25
74 25 24
74 24 22
74 22 21
74 21 3
74 3 2
74 21 20
74 20 18
74 18 16
74 16 4
74 16 15
74 15 12
74 12 11
74 11 10
74 10 9
74 9 8
74 8 5
74 8 7
74 7 6
74 15 14
74 14 13
74 18 17
74 20 19
74 24 23
74 30 29
74 29 28
74 28 27
74 33 32
75 34 33
75 33 32
75 32 0
75 32 31
75 31 27
75 27 1
75 27 26
75 26 22
75 22 20
75 20 19
75 19 17
75 17 5
75 5 4
75 4 2
75 4 3
75 17 16
75 16 6
75 16 15
75 15 13
75 13 12
75 12 9
75 9 7
75 9 8
75 12 11
75 11 10
75 15 14
75 19 18
75 22 21
75 26 25
75 25 23
75 25 24
75 31 30
75 30 28
75 30 29
76 31 0
76 31 30
76 30 29
76 29 9
76 9 7
76 7 6
76 6 3
76 3 2
76 2 1
76 6 5
76 5 4
76 9 8
76 29 28
76 28 27
76 27 25
76 25 23
76 23 17
76 17 15
76 15 13
76 13 12
76 12 11
76 11 10
76 15 14
76 17 16
76 23 22
76 22 20
76 20 18
76 20 19
76 22 21
76 25 24
76 27 26
77 30 1
77 1 0
77 30 29
77 29 18
77 18 17
77 17 4
77 4 2
77 4 3
77 17 16
77 16 5
77 16 15
77 15 9
77 9 8
77 8 7
77 7 6
77 15 14
77 14 13
77 13 10
77 13 12
77 12 11
77 29 28
77 28 27
77 27 25
77 25 21
77 21 20
77 20 19
77 25 24
77 24 22
77 24 23
77 27 26
78 33 31
78 31 0
78 31 30
78 30 28
78 28 23
78 23 2
78 2 1
78 23 22
78 22 19
78 19 3
78 19 18
78 18 13
78 13 12
78 12 4
78 12 11
78 11 7
78 7 6
78 6 5
78 11 10
78 10 8
78 10 9
78 18 17
78 17 16
78 16 15
78 15 14
78 22 21
78 21 20
78 28 27
78 27 26
78 26 25
78 25 24
78 30 29
78 33 32
79 34 27
79 27 26
79 26 25
79 25 4
79 4 3
79 3 1
79 1 0
79 3 2
79 25 24
79 24 5
79 24 23
79 23 6
79 23 22
79 22 16
79 16 7
79 16 15
79 15 8
79 15 14
79 14 11
79 11 9
79 11 10
79 14 13
79 13 12
79 22 21
79 21 20
79 20 19
79 19 17
79 19 18
79 34 33
79 33 32
79 32 31
79 31 30
79 30 29
79 29 28
80 34 17
80 17 10
80 10 8
80 8 7
80 7 6
80 6 5
80 5 4
80 4 1
80 1 0
80 4 3
80 3 2
80 10 9
80 17 16
80 16 15
80 15 13
80 13 12
80 12 11
80 15 14
80 34 33
80 33 28
80 28 27
80 27 25
80 25 23
80 23 22
80 22 20
80 20 19
80 19 18
80 22 21
80 25 24
80 27 26
80 33 32
80 32 30
80 30 29
80 32 31
81 32 26
81 26 25
81 25 0
81 25 24
81 24 1
81 24 23
81 23 22
81 22 16
81 16 15
81 15 2
81 15 14
81 14 12
81 12 5
81 5 4
81 4 3
81 12 11
81 11 6
81 11 10
81 10 7
81 10 9
81 9 8
81 14 13
81 22 21
81 21 19
81 19 18
81 18 17
81 21 20
81 32 31
81 31 30
81 30 29
81 29 28
81 28 27
82 29 27
82 27 4
82 4 0
82 4 3
82 3 1
82 3 2
82 27 26
82 26 8
82 8 6
82 6 5
82 8 7
82 26 25
82 25 16
82 16 15
82 15 9
82 15 14
82 14 13
82 13 12
82 12 11
82 11 10
82 25 24
82 24 17
82 24 23
82 23 22
82 22 20
82 20 19
82 19 18
82 22 21
82 29 28
83 31 0
83 31 30
83 30 1
83 30 29
83 29 3
83 3 2
83 29 28
83 28 27
83 27 15
83 15 13
83 13 12
83 12 11
83 11 9
83 9 4
83 9 8
83 8 6
83 6 5
83 8 7
83 11 10
83 15 14
83 27 26
83 26 25
83 25 17
83 17 16
83 25 24
83 24 22
83 22 18
83 22 21
83 21 20
83 20 19
83 24 23
84 29 28
84 28 27
84 27 16
84 16 15
84 15 3
84 3 2
84 2 0
84 2 1
84 15 14
84 14 13
84 13 11
84 11 4
84 11 10
84 10 8
84 8 6
84 6 5
84 8 7
84 10 9
84 13 12
84 27 26
84 26 22
84 22 20
84 20 17
84 20 19
84 19 18
84 22 21
84 26 25
84 25 23
84 25 24
85 29 26
85 26 24
85 24 22
85 22 21
85 21 8
85 8 3
85 3 1
85 1 0
85 3 2
85 8 7
85 7 5
85 5 4
85 7 6
85 21 20
85 20 15
85 15 14
85 14 10
85 10 9
85 14 13
85 13 11
85 13 12
85 20 19
85 19 18
85 18 16
85 18 17
85 24 23
85 26 25
85 29 28
85 28 27
86 32 3
86 3 0
86 3 2
86 2 1
86 32 31
86 31 29
86 29 7
86 7 5
86 5 4
86 7 6
86 29 28
86 28 25
86 25 8
86 25 24
86 24 11
86 11 10
86 10 9
86 24 23
86 23 22
86 22 18
86 18 14
86 14 12
86 14 13
86 18 17
86 17 16
86 16 15
86 22 21
86 21 19
86 21 20
86 28 27
86 27 26
86 31 30
87 32 30
87 30 28
87 28 22
87 22 14
87 14 0
87 14 13
87 13 8
87 8 4
87 4 3
87 3 2
87 2 1
87 8 7
87 7 5
87 7 6
87 13 12
87 12 9
87 12 11
87 11 10
87 22 21
87 21 15
87 21 20
87 20 19
87 19 16
87 19 18
87 18 17
87 28 27
87 27 26
87 26 25
87 25 24
87 24 23
87 30 29
87 32 31
88 30 29
88 29 27
88 27 9
88 9 8
88 8 6
88 6 5
88 5 0
88 5 4
88 4 3
88 3 1
88 3 2
88 8 7
88 27 26
88 26 22
88 22 10
88 22 21
88 21 12
88 12 11
88 21 20
88 20 13
88 20 19
88 19 16
88 16 15
88 15 14
88 19 18
88 18 17
88 26 25
88 25 24
88 24 23
88 29 28
89 30 0
89 30 29
89 29 1
89 29 28
89 28 27
89 27 2
89 27 26
89 26 23
89 23 20
89 20 5
89 5 4
89 4 3
89 20 19
89 19 6
89 19 18
89 18 8
89 8 7
89 18 17
89 17 16
89 16 15
89 15 14
89 14 13
89 13 9
89 13 12
89 12 10
89 12 11
89 23 22
89 22 21
89 26 25
89 25 24
90 33 32
90 32 0
90 32 31
90 31 30
90 30 28
90 28 27
90 27 1
90 27 26
90 26 25
90 25 24
90 24 20
90 20 19
90 19 18
90 18 10
90 10 9
90 9 8
90 8 7
90 7 3
90 3 2
90 7 6
90 6 4
90 6 5
90 18 17
90 17 12
90 12 11
90 17 16
90 16 14
90 14 13
90 16 15
90 24 23
90 23 22
90 22 21
90 30 29
91 29 0
91 29 28
91 28 27
91 27 26
91 26 21
91 21 20
91 20 4
91 4 2
91 2 1
91 4 3
91 20 19
91 19 18
91 18 6
91 6 5
91 18 17
91 17 13
91 13 7
91 13 12
91 12 10
91 10 8
91 10 9
91 12 11
91 17 16
91 16 15
91 15 14
91 26 25
91 25 22
91 25 24
91 24 23
92 33 3
92 3 2
92 2 1
92 1 0
92 33 32
92 32 31
92 31 29
92 29 28
92 28 27
92 27 19
92 19 17
92 17 15
92 15 14
92 14 13
92 13 9
92 9 8
92 8 6
92 6 4
92 6 5
92 8 7
92 13 12
92 12 10
92 12 11
92 17 16
92 19 18
92 27 26
92 26 25
92 25 21
92 21 20
92 25 24
92 24 23
92 23 22
92 31 30
93 31 27
93 27 26
93 26 24
93 24 23
93 23 0
93 23 22
93 22 1
93 22 21
93 21 20
93 20 19
93 19 7
93 7 2
93 7 6
93 6 3
93 6 5
93 5 4
93 19 18
93 18 9
93 9 8
93 18 17
93 17 16
93 16 11
93 11 10
93 16 15
93 15 13
93 13 12
93 15 14
93 26 25
93 31 30
93 30 29
93 29 28
94 29 28
94 28 0
94 28 27
94 27 17
94 17 16
94 16 15
94 15 1
94 15 14
94 14 6
94 6 4
94 4 3
94 3 2
94 6 5
94 14 13
94 13 11
94 11 10
94 10 9
94 9 8
94 8 7
94 13 12
94 27 26
94 26 22
94 22 21
94 21 19
94 19 18
94 21 20
94 26 25
94 25 24
94 24 23
95 32 30
95 30 29
95 29 25
95 25 2
95 2 0
95 2 1
95 25 24
95 24 3
95 24 23
95 23 9
95 9 7
95 7 6
95 6 4
95 6 5
95 9 8
95 23 22
95 22 10
95 22 21
95 21 11
95 21 20
95 20 19
95 19 12
95 19 18
95 18 17
95 17 13
95 17 16
95 16 15
95 15 14
95 29 28
95 28 26
95 28 27
95 32 31
96 29 17
96 17 15
96 15 1
96 1 0
96 15 14
96 14 10
96 10 8
96 8 7
96 7 6
96 6 5
96 5 3
96 3 2
96 5 4
96 10 9
96 14 13
96 13 11
96 13 12
96 17 16
96 29 28
96 28 19
96 19 18
96 28 27
96 27 22
96 22 21
96 21 20
96 27 26
96 26 24
96 24 23
96 26 25
97 29 0
97 29 28
97 28 27
97 27 1
97 27 26
97 26 17
97 17 4
97 4 2
97 4 3
97 17 16
97 16 5
97 16 15
97 15 14
97 14 13
97 13 12
97 12 9
97 9 6
97 9 8
97 8 7
97 12 11
97 11 10
97 26 25
97 25 24
97 24 23
97 23 18
97 23 22
97 22 21
97 21 20
97 20 19
98 31 12
98 12 11
98 11 10
98 10 8
98 8 3
98 3 1
98 1 0
98 3 2
98 8 7
98 7 5
98 5 4
98 7 6
98 10 9
98 31 30
98 30 13
98 30 29
98 29 27
98 27 24
98 24 23
98 23 22
98 22 14
98 22 21
98 21 16
98 16 15
98 21 20
98 20 17
98 20 19
98 19 18
98 27 26
98 26 25
98 29 28
99 31 28
99 28 27
99 27 26
99 26 25
99 25 0
99 25 24
99 24 20
99 20 19
99 19 3
99 3 1
99 3 2
99 19 18
99 18 12
99 12 5
99 5 4
99 12 11
99 11 9
99 9 7
99 7 6
99 9 8
99 11 10
99 18 17
99 17 16
99 16 14
99 14 13
99 16 15
99 24 23
99 23 22
99 22 21
99 31 30
99 30 29
100 34 0
100 34 33
100 33 1
100 33 32
100 32 2
100 32 31
100 31 30
100 30 3
100 30 29
100 29 5
100 5 4
100 29 28
100 28 6
100 28 27
100 27 26
100 26 25
100 25 23
100 23 17
100 17 16
100 16 15
100 15 14
100 14 13
100 13 7
100 13 12
100 12 11
100 11 9
100 9 8
100 11 10
100 23 22
100 22 19
100 19 18
100 22 21
100 21 20
100 25 24
101 33 22
101 22 21
101 21 0
101 21 20
101 20 6
101 6 5
101 5 1
101 5 4
101 4 3
101 3 2
101 20 19
101 19 9
101 9 7
101 9 8
101 19 18
101 18 16
101 16 15
101 15 13
101 13 11
101 11 10
101 13 12
101 15 14
101 18 17
101 33 32
101 32 30
101 30 24
101 24 23
101 30 29
101 29 26
101 26 25
101 29 28
101 28 27
101 32 31
