1 33 28
1 28 27
1 27 0
1 27 26
1 26 25
1 25 1
1 25 24
1 24 21
1 21 4
1 4 3
1 3 2
1 21 20
1 20 19
1 19 13
1 13 12
1 12 10
1 10 7
1 7 5
1 7 6
1 10 9
1 9 8
1 12 11
1 19 18
1 18 17
1 17 14
1 17 16
1 16 15
1 24 23
1 23 22
1 33 32
1 32 31
1 31 29
1 31 30
2 33 8
2 8 6
2 6 5
2 5 4
2 4 3
2 3 1
2 1 0
2 3 2
2 8 7
2 33 32
2 32 31
2 31 25
2 25 13
2 13 12
2 12 9
2 12 11
2 11 10
2 25 24
2 24 22
2 22 20
2 20 19
2 19 18
2 18 17
2 17 14
2 17 16
2 16 15
2 22 21
2 24 23
2 31 30
2 30 27
2 27 26
2 30 29
2 29 28
3 30 29
3 29 0
3 29 28
3 28 22
3 22 21
3 21 2
3 2 1
3 21 20
3 20 19
3 19 18
3 18 15
3 15 14
3 14 12
3 12 11
3 11 9
3 9 6
3 6 5
3 5 4
3 4 3
3 9 8
3 8 7
3 11 10
3 14 13
3 18 17
3 17 16
3 28 27
3 27 26
3 26 25
3 25 24
3 24 23
4 33 7
4 7 4
4 4 3
4 3 2
4 2 1
4 1 0
4 7 6
4 6 5
4 33 32
4 32 8
4 32 31
4 31 27
4 27 24
4 24 9
4 24 23
4 23 21
4 21 10
4 21 20
4 20 17
4 17 14
4 14 12
4 12 11
4 14 13
4 17 16
4 16 15
4 20 19
4 19 18
4 23 22
4 27 26
4 26 25
4 31 30
4 30 29
4 29 28
5 30 28
5 28 13
5 13 11
5 11 3
5 3 2
5 2 1
5 1 0
5 11 10
5 10 5
5 5 4
5 10 9
5 9 8
5 8 6
5 8 7
5 13 12
5 28 27
5 27 26
5 26 24
5 24 23
5 23 22
5 22 14
5 22 21
5 21 19
5 19 15
5 19 18
5 18 16
5 18 17
5 21 20
5 26 25
5 30 29
6 32 31
6 31 30
6 30 26
6 26 24
6 24 23
6 23 21
6 21 17
6 17 0
6 17 16
6 16 14
6 14 13
6 13 12
6 12 2
6 2 1
6 12 11
6 11 6
6 6 3
6 6 5
6 5 4
6 11 10
6 10 7
6 10 9
6 9 8
6 16 15
6 21 20
6 20 19
6 19 18
6 23 22
6 26 25
6 30 29
6 29 27
6 29 28
7 30 28
7 28 9
7 9 0
7 9 8
7 8 7
7 7 1
7 7 6
7 6 3
7 3 2
7 6 5
7 5 4
7 28 27
7 27 10
7 27 26
7 26 11
7 26 25
7 25 24
7 24 23
7 23 22
7 22 17
7 17 15
7 15 14
7 14 12
7 14 13
7 17 16
7 22 21
7 21 20
7 20 18
7 20 19
7 30 29
8 29 25
8 25 0
8 25 24
8 24 1
8 24 23
8 23 22
8 22 3
8 3 2
8 22 21
8 21 20
8 20 15
8 15 14
8 14 4
8 14 13
8 13 6
8 6 5
8 13 12
8 12 7
8 12 11
8 11 9
8 9 8
8 11 10
8 20 19
8 19 16
8 19 18
8 18 17
8 29 28
8 28 27
8 27 26
9 29 28
9 28 27
9 27 26
9 26 25
9 25 24
9 24 4
9 4 2
9 2 0
9 2 1
9 4 3
9 24 23
9 23 8
9 8 6
9 6 5
9 8 7
9 23 22
9 22 13
9 13 10
9 10 9
9 13 12
9 12 11
9 22 21
9 21 14
9 21 20
9 20 18
9 18 17
9 17 16
9 16 15
9 20 19
10 31 1
10 1 0
10 31 30
10 30 2
10 30 29
10 29 28
10 28 4
10 4 3
10 28 27
10 27 5
10 27 26
10 26 25
10 25 23
10 23 6
10 23 22
10 22 21
10 21 10
10 10 8
10 8 7
10 10 9
10 21 20
10 20 11
10 20 19
10 19 18
10 18 17
10 17 12
10 17 16
10 16 15
10 15 13
10 15 14
10 25 24
11 31 2
11 2 1
11 1 0
11 31 30
11 30 29
11 29 28
11 28 4
11 4 3
11 28 27
11 27 7
11 7 5
11 7 6
11 27 26
11 26 25
11 25 24
11 24 22
11 22 20
11 20 18
11 18 8
11 18 17
11 17 16
11 16 15
11 15 14
11 14 13
11 13 12
11 12 11
11 11 10
11 10 9
11 20 19
11 22 21
11 24 23
12 33 32
12 32 12
12 12 0
12 12 11
12 11 9
12 9 1
12 9 8
12 8 2
12 8 7
12 7 6
12 6 5
12 5 3
12 5 4
12 11 10
12 32 31
12 31 30
12 30 28
12 28 27
12 27 15
12 15 14
12 14 13
12 27 26
12 26 25
12 25 20
12 20 18
12 18 16
12 18 17
12 20 19
12 25 24
12 24 23
12 23 21
12 23 22
12 30 29
13 29 28
13 28 27
13 27 25
13 25 8
13 8 1
13 1 0
13 8 7
13 7 5
13 5 2
13 5 4
13 4 3
13 7 6
13 25 24
13 24 20
13 20 19
13 19 11
13 11 10
13 10 9
13 19 18
13 18 13
13 13 12
13 18 17
13 17 16
13 16 15
13 15 14
13 24 23
13 23 21
13 23 22
13 27 26
14 33 32
14 32 30
14 30 29
14 29 28
14 28 27
14 27 0
14 27 26
14 26 25
14 25 22
14 22 1
14 22 21
14 21 12
14 12 3
14 3 2
14 12 11
14 11 9
14 9 7
14 7 5
14 5 4
14 7 6
14 9 8
14 11 10
14 21 20
14 20 19
14 19 13
14 19 18
14 18 15
14 15 14
14 18 17
14 17 16
14 25 24
14 24 23
14 32 31
15 29 28
15 28 27
15 27 1
15 1 0
15 27 26
15 26 25
15 25 2
15 25 24
15 24 18
15 18 13
15 13 10
15 10 3
15 10 9
15 9 4
15 9 8
15 8 5
15 8 7
15 7 6
15 13 12
15 12 11
15 18 17
15 17 16
15 16 15
15 15 14
15 24 23
15 23 22
15 22 19
15 22 21
15 21 20
16 31 30
16 30 29
16 29 0
16 29 28
16 28 27
16 27 19
16 19 1
16 19 18
16 18 17
16 17 11
16 11 10
16 10 2
16 10 9
16 9 8
16 8 4
16 4 3
16 8 7
16 7 5
16 7 6
16 17 16
16 16 15
16 15 14
16 14 13
16 13 12
16 27 26
16 26 25
16 25 24
16 24 22
16 22 20
16 22 21
16 24 23
17 32 25
17 25 6
17 6 1
17 1 0
17 6 5
17 5 4
17 4 2
17 4 3
17 25 24
17 24 23
17 23 22
17 22 7
17 22 21
17 21 20
17 20 10
17 10 8
17 10 9
17 20 19
17 19 15
17 15 14
17 14 11
17 14 13
17 13 12
17 19 18
17 18 17
17 17 16
17 32 31
17 31 30
17 30 26
17 30 29
17 29 27
17 29 28
18 30 4
18 4 1
18 1 0
18 4 3
18 3 2
18 30 29
18 29 28
18 28 22
18 22 21
18 21 19
18 19 15
18 15 14
18 14 5
18 14 13
18 13 11
18 11 10
18 10 7
18 7 6
18 10 9
18 9 8
18 13 12
18 19 18
18 18 16
18 18 17
18 21 20
18 28 27
18 27 25
18 25 24
18 24 23
18 27 26
19 33 27
19 27 25
19 25 16
19 16 15
19 15 13
19 13 11
19 11 10
19 10 2
19 2 0
19 2 1
19 10 9
19 9 3
19 9 8
19 8 7
19 7 4
19 7 6
19 6 5
19 13 12
19 15 14
19 25 24
19 24 23
19 23 21
19 21 20
19 20 17
19 20 19
19 19 18
19 23 22
19 27 26
19 33 32
19 32 30
19 30 29
19 29 28
19 32 31
20 30 28
20 28 27
20 27 24
20 24 23
20 23 21
20 21 20
20 20 16
20 16 15
20 15 13
20 13 0
20 13 12
20 12 11
20 11 10
20 10 1
20 10 9
20 9 8
20 8 4
20 4 2
20 4 3
20 8 7
20 7 6
20 6 5
20 15 14
20 20 19
20 19 17
20 19 18
20 23 22
20 27 26
20 26 25
20 30 29
21 30 29
21 29 0
21 29 28
21 28 27
21 27 19
21 19 17
21 17 16
21 16 6
21 6 5
21 5 2
21 2 1
21 5 4
21 4 3
21 16 15
21 15 7
21 15 14
21 14 11
21 11 8
21 11 10
21 10 9
21 14 13
21 13 12
21 19 18
21 27 26
21 26 24
21 24 23
21 23 22
21 22 20
21 22 21
21 26 25
22 32 20
22 20 2
22 2 1
22 1 0
22 20 19
22 19 5
22 5 3
22 5 4
22 19 18
22 18 6
22 18 17
22 17 7
22 17 16
22 16 13
22 13 11
22 11 10
22 10 8
22 10 9
22 13 12
22 16 15
22 15 14
22 32 31
22 31 30
22 30 29
22 29 26
22 26 25
22 25 24
22 24 23
22 23 22
22 22 21
22 29 28
22 28 27
23 33 32
23 32 10
23 10 9
23 9 6
23 6 0
23 6 5
23 5 4
23 4 3
23 3 2
23 2 1
23 9 8
23 8 7
23 32 31
23 31 21
23 21 12
23 12 11
23 21 20
23 20 13
23 20 19
23 19 14
23 19 18
23 18 15
23 18 17
23 17 16
23 31 30
23 30 29
23 29 27
23 27 23
23 23 22
23 27 26
23 26 25
23 25 24
23 29 28
24 30 29
24 29 22
24 22 21
24 21 4
24 4 0
24 4 3
24 3 1
24 3 2
24 21 20
24 20 19
24 19 18
24 18 17
24 17 16
24 16 14
24 14 5
24 14 13
24 13 9
24 9 7
24 7 6
24 9 8
24 13 12
24 12 10
24 12 11
24 16 15
24 29 28
24 28 24
24 24 23
24 28 27
24 27 26
24 26 25
25 29 28
25 28 25
25 25 23
25 23 19
25 19 6
25 6 0
25 6 5
25 5 1
25 5 4
25 4 3
25 3 2
25 19 18
25 18 16
25 16 11
25 11 10
25 10 9
25 9 8
25 8 7
25 16 15
25 15 14
25 14 13
25 13 12
25 18 17
25 23 22
25 22 21
25 21 20
25 25 24
25 28 27
25 27 26
26 29 28
26 28 20
26 20 2
26 2 1
26 1 0
26 20 19
26 19 11
26 11 3
26 11 10
26 10 4
26 10 9
26 9 8
26 8 6
26 6 5
26 8 7
26 19 18
26 18 16
26 16 15
26 15 12
26 15 14
26 14 13
26 18 17
26 28 27
26 27 26
26 26 25
26 25 24
26 24 21
26 24 23
26 23 22
27 29 28
27 28 2
27 2 0
27 2 1
27 28 27
27 27 26
27 26 12
27 12 11
27 11 5
27 5 4
27 4 3
27 11 10
27 10 6
27 10 9
27 9 8
27 8 7
27 26 25
27 25 24
27 24 23
27 23 21
27 21 20
27 20 13
27 20 19
27 19 17
27 17 14
27 17 16
27 16 15
27 19 18
27 23 22
28 30 29
28 29 28
28 28 25
28 25 2
28 2 1
28 1 0
28 25 24
28 24 23
28 23 19
28 19 8
28 8 6
28 6 3
28 6 5
28 5 4
28 8 7
28 19 18
28 18 17
28 17 13
28 13 12
28 12 11
28 11 10
28 10 9
28 17 16
28 16 14
28 16 15
28 23 22
28 22 21
28 21 20
28 28 27
28 27 26
29 31 25
29 25 2
29 2 1
29 1 0
29 25 24
29 24 23
29 23 7
29 7 6
29 6 3
29 6 5
29 5 4
29 23 22
29 22 21
29 21 11
29 11 9
29 9 8
29 11 10
29 21 20
29 20 19
29 19 16
29 16 12
29 16 15
29 15 13
29 15 14
29 19 18
29 18 17
29 31 30
29 30 26
29 30 29
29 29 28
29 28 27
30 31 30
30 30 22
30 22 21
30 21 20
30 20 1
30 1 0
30 20 19
30 19 18
30 18 7
30 7 6
30 6 3
30 3 2
30 6 5
30 5 4
30 18 17
30 17 16
30 16 14
30 14 13
30 13 12
30 12 8
30 12 11
30 11 10
30 10 9
30 16 15
30 30 29
30 29 28
30 28 26
30 26 25
30 25 23
30 25 24
30 28 27
31 29 27
31 27 26
31 26 25
31 25 10
31 10 4
31 4 3
31 3 2
31 2 0
31 2 1
31 10 9
31 9 5
31 9 8
31 8 7
31 7 6
31 25 24
31 24 22
31 22 15
31 15 11
31 15 14
31 14 13
31 13 12
31 22 21
31 21 17
31 17 16
31 21 20
31 20 19
31 19 18
31 24 23
31 29 28
32 32 1
32 1 0
32 32 31
32 31 30
32 30 28
32 28 3
32 3 2
32 28 27
32 27 26
32 26 20
32 20 16
32 16 9
32 9 8
32 8 6
32 6 4
32 6 5
32 8 7
32 16 15
32 15 13
32 13 10
32 13 12
32 12 11
32 15 14
32 20 19
32 19 17
32 19 18
32 26 25
32 25 23
32 23 21
32 23 22
32 25 24
32 30 29
33 33 1
33 1 0
33 33 32
33 32 31
33 31 30
33 30 29
33 29 4
33 4 3
33 3 2
33 29 28
33 28 26
33 26 5
33 26 25
33 25 23
33 23 22
33 22 21
33 21 6
33 21 20
33 20 19
33 19 17
33 17 10
33 10 7
33 10 9
33 9 8
33 17 16
33 16 15
33 15 11
33 15 14
33 14 12
33 14 13
33 19 18
33 25 24
33 28 27
34 34 7
34 7 0
34 7 6
34 6 1
34 6 5
34 5 4
34 4 3
34 3 2
34 34 33
34 33 11
34 11 9
34 9 8
34 11 10
34 33 32
34 32 31
34 31 30
34 30 24
34 24 22
34 22 12
34 22 21
34 21 19
34 19 15
34 15 14
34 14 13
34 19 18
34 18 17
34 17 16
34 21 20
34 24 23
34 30 29
34 29 26
34 26 25
34 29 28
34 28 27
35 33 31
35 31 30
35 30 1
35 1 0
35 30 29
35 29 28
35 28 8
35 8 4
35 4 3
35 3 2
35 8 7
35 7 5
35 7 6
35 28 27
35 27 26
35 26 23
35 23 9
35 23 22
35 22 21
35 21 13
35 13 12
35 12 10
35 12 11
35 21 20
35 20 19
35 19 18
35 18 16
35 16 15
35 15 14
35 18 17
35 26 25
35 25 24
35 33 32
36 32 31
36 31 13
36 13 10
36 10 2
36 2 1
36 1 0
36 10 9
36 9 7
36 7 5
36 5 4
36 4 3
36 7 6
36 9 8
36 13 12
36 12 11
36 31 30
36 30 29
36 29 22
36 22 15
36 15 14
36 22 21
36 21 16
36 21 20
36 20 17
36 20 19
36 19 18
36 29 28
36 28 27
36 27 25
36 25 24
36 24 23
36 27 26
37 34 33
37 33 31
37 31 29
37 29 28
37 28 26
37 26 25
37 25 4
37 4 3
37 3 0
37 3 2
37 2 1
37 25 24
37 24 23
37 23 11
37 11 10
37 10 9
37 9 8
37 8 7
37 7 6
37 6 5
37 23 22
37 22 20
37 20 12
37 20 19
37 19 17
37 17 13
37 17 16
37 16 14
37 16 15
37 19 18
37 22 21
37 28 27
37 31 30
37 33 32
38 33 31
38 31 16
38 16 15
38 15 14
38 14 13
38 13 12
38 12 10
38 10 2
38 2 0
38 2 1
38 10 9
38 9 4
38 4 3
38 9 8
38 8 7
38 7 6
38 6 5
38 12 11
38 31 30
38 30 18
38 18 17
38 30 29
38 29 28
38 28 24
38 24 23
38 23 22
38 22 20
38 20 19
38 22 21
38 28 27
38 27 25
38 27 26
38 33 32
39 32 28
39 28 0
39 28 27
39 27 5
39 5 1
39 5 4
39 4 2
39 4 3
39 27 26
39 26 25
39 25 23
39 23 21
39 21 8
39 8 6
39 8 7
39 21 20
39 20 19
39 19 17
39 17 9
39 17 16
39 16 14
39 14 13
39 13 12
39 12 10
39 12 11
39 16 15
39 19 18
39 23 22
39 25 24
39 32 31
39 31 29
39 31 30
40 32 31
40 31 30
40 30 29
40 29 28
40 28 27
40 27 25
40 25 24
40 24 21
40 21 20
40 20 7
40 7 1
40 1 0
40 7 6
40 6 5
40 5 2
40 5 4
40 4 3
40 20 19
40 19 8
40 19 18
40 18 16
40 16 15
40 15 13
40 13 12
40 12 9
40 12 11
40 11 10
40 15 14
40 18 17
40 24 23
40 23 22
40 27 26
41 30 28
41 28 26
41 26 25
41 25 8
41 8 6
41 6 0
41 6 5
41 5 4
41 4 3
41 3 2
41 2 1
41 8 7
41 25 24
41 24 23
41 23 22
41 22 21
41 21 11
41 11 9
41 11 10
41 21 20
41 20 19
41 19 17
41 17 14
41 14 13
41 13 12
41 17 16
41 16 15
41 19 18
41 28 27
41 30 29
42 32 31
42 31 1
42 1 0
42 31 30
42 30 20
42 20 19
42 19 15
42 15 14
42 14 10
42 10 9
42 9 8
42 8 7
42 7 5
42 5 3
42 3 2
42 5 4
42 7 6
42 14 13
42 13 11
42 13 12
42 19 18
42 18 16
42 18 17
42 30 29
42 29 24
42 24 21
42 24 23
42 23 22
42 29 28
42 28 25
42 28 27
42 27 26
43 31 3
43 3 1
43 1 0
43 3 2
43 31 30
43 30 29
43 29 26
43 26 25
43 25 4
43 25 24
43 24 5
43 24 23
43 23 22
43 22 20
43 20 19
43 19 18
43 18 16
43 16 15
43 15 13
43 13 11
43 11 10
43 10 9
43 9 7
43 7 6
43 9 8
43 13 12
43 15 14
43 18 17
43 22 21
43 29 28
43 28 27
44 30 29
44 29 28
44 28 1
44 1 0
44 28 27
44 27 24
44 24 14
44 14 13
44 13 4
44 4 3
44 3 2
44 13 12
44 12 5
44 12 11
44 11 10
44 10 8
44 8 7
44 7 6
44 10 9
44 24 23
44 23 21
44 21 16
44 16 15
44 21 20
44 20 18
44 18 17
44 20 19
44 23 22
44 27 26
44 26 25
45 30 5
45 5 4
45 4 3
45 3 2
45 2 1
45 1 0
45 30 29
45 29 21
45 21 20
45 20 18
45 18 17
45 17 16
45 16 15
45 15 10
45 10 8
45 8 6
45 8 7
45 10 9
45 15 14
45 14 13
45 13 11
45 13 12
45 20 19
45 29 28
45 28 27
45 27 25
45 25 24
45 24 23
45 23 22
45 27 26
46 30 2
46 2 0
46 2 1
46 30 29
46 29 26
46 26 25
46 25 24
46 24 23
46 23 22
46 22 14
46 14 13
46 13 3
46 13 12
46 12 11
46 11 4
46 11 10
46 10 8
46 8 6
46 6 5
46 8 7
46 10 9
46 22 21
46 21 20
46 20 19
46 19 18
46 18 17
46 17 15
46 17 16
46 29 28
46 28 27
47 33 32
47 32 31
47 31 30
47 30 28
47 28 27
47 27 1
47 1 0
47 27 26
47 26 3
47 3 2
47 26 25
47 25 23
47 23 20
47 20 7
47 7 5
47 5 4
47 7 6
47 20 19
47 19 9
47 9 8
47 19 18
47 18 12
47 12 10
47 12 11
47 18 17
47 17 16
47 16 15
47 15 14
47 14 13
47 23 22
47 22 21
47 25 24
47 30 29
48 34 0
48 34 33
48 33 27
48 27 24
48 24 22
48 22 21
48 21 18
48 18 17
48 17 16
48 16 14
48 14 6
48 6 3
48 3 2
48 2 1
48 6 5
48 5 4
48 14 13
48 13 12
48 12 11
48 11 10
48 10 9
48 9 7
48 9 8
48 16 15
48 21 20
48 20 19
48 24 23
48 27 26
48 26 25
48 33 32
48 32 31
48 31 30
48 30 29
48 29 28
49 29 28
49 28 27
49 27 22
49 22 20
49 20 3
49 3 2
49 2 1
49 1 0
49 20 19
49 19 5
49 5 4
49 19 18
49 18 6
49 18 17
49 17 8
49 8 7
49 17 16
49 16 11
49 11 10
49 10 9
49 16 15
49 15 14
49 14 13
49 13 12
49 22 21
49 27 26
49 26 25
49 25 23
49 25 24
50 32 0
50 32 31
50 31 30
50 30 1
50 30 29
50 29 2
50 29 28
50 28 13
50 13 3
50 13 12
50 12 4
50 12 11
50 11 5
50 11 10
50 10 6
50 10 9
50 9 8
50 8 7
50 28 27
50 27 25
50 25 24
50 24 23
50 23 22
50 22 17
50 17 16
50 16 15
50 15 14
50 22 21
50 21 20
50 20 18
50 20 19
50 27 26
51 30 29
51 29 17
51 17 16
51 16 9
51 9 8
51 8 6
51 6 4
51 4 3
51 3 0
51 3 2
51 2 1
51 6 5
51 8 7
51 16 15
51 15 10
51 15 14
51 14 13
51 13 11
51 13 12
51 29 28
51 28 27
51 27 18
51 27 26
51 26 21
51 21 19
51 21 20
51 26 25
51 25 24
51 24 22
51 24 23
52 33 32
52 32 0
52 32 31
52 31 30
52 30 26
52 26 5
52 5 1
52 5 4
52 4 2
52 4 3
52 26 25
52 25 10
52 10 8
52 8 6
52 8 7
52 10 9
52 25 24
52 24 14
52 14 12
52 12 11
52 14 13
52 24 23
52 23 22
52 22 15
52 22 21
52 21 20
52 20 18
52 18 17
52 17 16
52 20 19
52 30 29
52 29 27
52 29 28
53 33 32
53 32 31
53 31 1
53 1 0
53 31 30
53 30 8
53 8 7
53 7 6
53 6 2
53 6 5
53 5 4
53 4 3
53 30 29
53 29 17
53 17 16
53 16 15
53 15 14
53 14 10
53 10 9
53 14 13
53 13 11
53 13 12
53 29 28
53 28 26
53 26 23
53 23 22
53 22 21
53 21 18
53 21 20
53 20 19
53 26 25
53 25 24
53 28 27
54 31 30
54 30 29
54 29 28
54 28 0
54 28 27
54 27 11
54 11 10
54 10 9
54 9 1
54 9 8
54 8 2
54 8 7
54 7 6
54 6 5
54 5 4
54 4 3
54 27 26
54 26 17
54 17 16
54 16 14
54 14 12
54 14 13
54 16 15
54 26 25
54 25 24
54 24 22
54 22 20
54 20 18
54 20 19
54 22 21
54 24 23
55 31 26
55 26 25
55 25 22
55 22 20
55 20 0
55 20 19
55 19 18
55 18 16
55 16 14
55 14 13
55 13 12
55 12 1
55 12 11
55 11 10
55 10 5
55 5 2
55 5 4
55 4 3
55 10 9
55 9 6
55 9 8
55 8 7
55 16 15
55 18 17
55 22 21
55 25 24
55 24 23
55 31 30
55 30 28
55 28 27
55 30 29
56 29 28
56 28 25
56 25 24
56 24 23
56 23 16
56 16 13
56 13 5
56 5 4
56 4 1
56 1 0
56 4 3
56 3 2
56 13 12
56 12 9
56 9 8
56 8 7
56 7 6
56 12 11
56 11 10
56 16 15
56 15 14
56 23 22
56 22 20
56 20 19
56 19 17
56 19 18
56 22 21
56 28 27
56 27 26
57 34 7
57 7 6
57 6 2
57 2 1
57 1 0
57 6 5
57 5 4
57 4 3
57 34 33
57 33 31
57 31 30
57 30 24
57 24 22
57 22 18
57 18 16
57 16 10
57 10 9
57 9 8
57 16 15
57 15 13
57 13 11
57 13 12
57 15 14
57 18 17
57 22 21
57 21 20
57 20 19
57 24 23
57 30 29
57 29 28
57 28 27
57 27 26
57 26 25
57 33 32
58 34 30
58 30 27
58 27 26
58 26 8
58 8 3
58 3 1
58 1 0
58 3 2
58 8 7
58 7 4
58 7 6
58 6 5
58 26 25
58 25 24
58 24 12
58 12 11
58 11 9
58 11 10
58 24 23
58 23 22
58 22 20
58 20 13
58 20 19
58 19 15
58 15 14
58 19 18
58 18 17
58 17 16
58 22 21
58 30 29
58 29 28
58 34 33
58 33 31
58 33 32
59 33 0
59 33 32
59 32 31
59 31 30
59 30 3
59 3 1
59 3 2
59 30 29
59 29 4
59 29 28
59 28 22
59 22 20
59 20 18
59 18 8
59 8 6
59 6 5
59 8 7
59 18 17
59 17 13
59 13 12
59 12 11
59 11 10
59 10 9
59 17 16
59 16 14
59 16 15
59 20 19
59 22 21
59 28 27
59 27 25
59 25 23
59 25 24
59 27 26
60 32 0
60 32 31
60 31 16
60 16 11
60 11 7
60 7 6
60 6 5
60 5 2
60 2 1
60 5 4
60 4 3
60 11 10
60 10 8
60 10 9
60 16 15
60 15 13
60 13 12
60 15 14
60 31 30
60 30 29
60 29 19
60 19 18
60 18 17
60 29 28
60 28 24
60 24 23
60 23 22
60 22 21
60 21 20
60 28 27
60 27 26
60 26 25
61 33 24
61 24 23
61 23 18
61 18 16
61 16 0
61 16 15
61 15 13
61 13 1
61 13 12
61 12 11
61 11 2
61 11 10
61 10 9
61 9 5
61 5 4
61 4 3
61 9 8
61 8 6
61 8 7
61 15 14
61 18 17
61 23 22
61 22 21
61 21 20
61 20 19
61 33 32
61 32 31
61 31 29
61 29 28
61 28 25
61 28 27
61 27 26
61 31 30
62 29 6
62 6 3
62 3 2
62 2 0
62 2 1
62 6 5
62 5 4
62 29 28
62 28 7
62 28 27
62 27 25
62 25 9
62 9 8
62 25 24
62 24 10
62 24 23
62 23 21
62 21 18
62 18 17
62 17 15
62 15 14
62 14 11
62 14 13
62 13 12
62 17 16
62 21 20
62 20 19
62 23 22
62 27 26
63 32 31
63 31 2
63 2 0
63 2 1
63 31 30
63 30 8
63 8 7
63 7 4
63 4 3
63 7 6
63 6 5
63 30 29
63 29 20
63 20 18
63 18 9
63 18 17
63 17 10
63 17 16
63 16 14
63 14 13
63 13 12
63 12 11
63 16 15
63 20 19
63 29 28
63 28 22
63 22 21
63 28 27
63 27 24
63 24 23
63 27 26
63 26 25
64 31 30
64 30 20
64 20 0
64 20 19
64 19 11
64 11 1
64 11 10
64 10 9
64 9 3
64 3 2
64 9 8
64 8 7
64 7 5
64 5 4
64 7 6
64 19 18
64 18 12
64 18 17
64 17 15
64 15 13
64 15 14
64 17 16
64 30 29
64 29 27
64 27 26
64 26 24
64 24 22
64 22 21
64 24 23
64 26 25
64 29 28
65 32 31
65 31 29
65 29 0
65 29 28
65 28 1
65 28 27
65 27 5
65 5 4
65 4 3
65 3 2
65 27 26
65 26 16
65 16 9
65 9 8
65 8 6
65 8 7
65 16 15
65 15 10
65 15 14
65 14 13
65 13 11
65 13 12
65 26 25
65 25 23
65 23 22
65 22 21
65 21 20
65 20 19
65 19 17
65 19 18
65 25 24
65 31 30
66 31 1
66 1 0
66 31 30
66 30 2
66 30 29
66 29 28
66 28 4
66 4 3
66 28 27
66 27 5
66 27 26
66 26 25
66 25 23
66 23 6
66 23 22
66 22 21
66 21 10
66 10 8
66 8 7
66 10 9
66 21 20
66 20 11
66 20 19
66 19 18
66 18 17
66 17 12
66 17 16
66 16 15
66 15 13
66 15 14
66 25 24
67 29 28
67 28 2
67 2 1
67 1 0
67 28 27
67 27 26
67 26 5
67 5 4
67 4 3
67 26 25
67 25 14
67 14 11
67 11 10
67 10 8
67 8 7
67 7 6
67 10 9
67 14 13
67 13 12
67 25 24
67 24 23
67 23 17
67 17 16
67 16 15
67 23 22
67 22 21
67 21 19
67 19 18
67 21 20
68 32 17
68 17 14
68 14 1
68 1 0
68 14 13
68 13 11
68 11 2
68 11 10
68 10 6
68 6 4
68 4 3
68 6 5
68 10 9
68 9 7
68 9 8
68 13 12
68 17 16
68 16 15
68 32 31
68 31 30
68 30 29
68 29 21
68 21 19
68 19 18
68 21 20
68 29 28
68 28 27
68 27 24
68 24 22
68 24 23
68 27 26
68 26 25
69 33 7
69 7 3
69 3 0
69 3 2
69 2 1
69 7 6
69 6 5
69 5 4
69 33 32
69 32 29
69 29 28
69 28 17
69 17 9
69 9 8
69 17 16
69 16 10
69 16 15
69 15 13
69 13 11
69 13 12
69 15 14
69 28 27
69 27 19
69 19 18
69 27 26
69 26 25
69 25 23
69 23 22
69 22 21
69 21 20
69 25 24
69 32 31
69 31 30
70 33 32
70 32 3
70 3 0
70 3 2
70 2 1
70 32 31
70 31 7
70 7 5
70 5 4
70 7 6
70 31 30
70 30 9
70 9 8
70 30 29
70 29 28
70 28 27
70 27 23
70 23 22
70 22 13
70 13 11
70 11 10
70 13 12
70 22 21
70 21 20
70 20 14
70 20 19
70 19 18
70 18 16
70 16 15
70 18 17
70 27 26
70 26 24
70 26 25
71 33 32
71 32 0
71 32 31
71 31 30
71 30 27
71 27 24
71 24 6
71 6 5
71 5 1
71 5 4
71 4 3
71 3 2
71 24 23
71 23 16
71 16 14
71 14 7
71 14 13
71 13 12
71 12 11
71 11 10
71 10 8
71 10 9
71 16 15
71 23 22
71 22 21
71 21 19
71 19 17
71 19 18
71 21 20
71 27 26
71 26 25
71 30 29
71 29 28
72 33 31
72 31 15
72 15 14
72 14 0
72 14 13
72 13 12
72 12 11
72 11 10
72 10 5
72 5 4
72 4 3
72 3 1
72 3 2
72 10 9
72 9 8
72 8 7
72 7 6
72 31 30
72 30 29
72 29 28
72 28 27
72 27 21
72 21 18
72 18 16
72 18 17
72 21 20
72 20 19
72 27 26
72 26 23
72 23 22
72 26 25
72 25 24
72 33 32
73 30 29
73 29 5
73 5 2
73 2 0
73 2 1
73 5 4
73 4 3
73 29 28
73 28 26
73 26 6
73 26 25
73 25 7
73 25 24
73 24 15
73 15 14
73 14 12
73 12 11
73 11 9
73 9 8
73 11 10
73 14 13
73 24 23
73 23 22
73 22 18
73 18 16
73 18 17
73 22 21
73 21 19
73 21 20
73 28 27
74 29 14
74 14 0
74 14 13
74 13 12
74 12 1
74 12 11
74 11 9
74 9 2
74 9 8
74 8 4
74 4 3
74 8 7
74 7 6
74 6 5
74 11 10
74 29 28
74 28 26
74 26 19
74 19 17
74 17 15
74 17 16
74 19 18
74 26 25
74 25 24
74 24 22
74 22 20
74 22 21
74 24 23
74 28 27
75 29 27
75 27 0
75 27 26
75 26 7
75 7 6
75 6 3
75 3 2
75 2 1
75 6 5
75 5 4
75 26 25
75 25 24
75 24 22
75 22 8
75 22 21
75 21 17
75 17 16
75 16 9
75 16 15
75 15 14
75 14 11
75 11 10
75 14 13
75 13 12
75 21 20
75 20 19
75 19 18
75 24 23
75 29 28
76 31 0
76 31 30
76 30 29
76 29 3
76 3 2
76 2 1
76 29 28
76 28 26
76 26 5
76 5 4
76 26 25
76 25 24
76 24 8
76 8 6
76 8 7
76 24 23
76 23 21
76 21 11
76 11 10
76 10 9
76 21 20
76 20 19
76 19 12
76 19 18
76 18 13
76 18 17
76 17 16
76 16 15
76 15 14
76 23 22
76 28 27
77 29 28
77 28 27
77 27 23
77 23 22
77 22 20
77 20 18
77 18 17
77 17 16
77 16 2
77 2 0
77 2 1
77 16 15
77 15 14
77 14 12
77 12 10
77 10 5
77 5 4
77 4 3
77 10 9
77 9 7
77 7 6
77 9 8
77 12 11
77 14 13
77 20 19
77 22 21
77 27 26
77 26 25
77 25 24
78 33 32
78 32 12
78 12 11
78 11 10
78 10 9
78 9 8
78 8 0
78 8 7
78 7 6
78 6 2
78 2 1
78 6 5
78 5 3
78 5 4
78 32 31
78 31 30
78 30 29
78 29 28
78 28 27
78 27 26
78 26 13
78 26 25
78 25 22
78 22 21
78 21 14
78 21 20
78 20 19
78 19 15
78 19 18
78 18 16
78 18 17
78 25 24
78 24 23
79 30 16
79 16 15
79 15 1
79 1 0
79 15 14
79 14 2
79 14 13
79 13 12
79 12 3
79 12 11
79 11 8
79 8 4
79 8 7
79 7 6
79 6 5
79 11 10
79 10 9
79 30 29
79 29 17
79 29 28
79 28 27
79 27 26
79 26 25
79 25 24
79 24 22
79 22 21
79 21 20
79 20 18
79 20 19
79 24 23
80 34 11
80 11 10
80 10 9
80 9 8
80 8 7
80 7 2
80 2 1
80 1 0
80 7 6
80 6 5
80 5 3
80 5 4
80 34 33
80 33 31
80 31 13
80 13 12
80 31 30
80 30 25
80 25 24
80 24 14
80 24 23
80 23 21
80 21 20
80 20 15
80 20 19
80 19 18
80 18 17
80 17 16
80 23 22
80 30 29
80 29 27
80 27 26
80 29 28
80 33 32
81 32 30
81 30 9
81 9 2
81 2 1
81 1 0
81 9 8
81 8 5
81 5 4
81 4 3
81 8 7
81 7 6
81 30 29
81 29 23
81 23 18
81 18 17
81 17 11
81 11 10
81 17 16
81 16 12
81 16 15
81 15 13
81 15 14
81 23 22
81 22 21
81 21 19
81 21 20
81 29 28
81 28 27
81 27 24
81 27 26
81 26 25
81 32 31
82 33 32
82 32 2
82 2 1
82 1 0
82 32 31
82 31 30
82 30 28
82 28 26
82 26 6
82 6 5
82 5 3
82 5 4
82 26 25
82 25 24
82 24 10
82 10 9
82 9 7
82 9 8
82 24 23
82 23 17
82 17 11
82 17 16
82 16 13
82 13 12
82 16 15
82 15 14
82 23 22
82 22 18
82 22 21
82 21 19
82 21 20
82 28 27
82 30 29
83 34 26
83 26 15
83 15 14
83 14 1
83 1 0
83 14 13
83 13 12
83 12 11
83 11 10
83 10 9
83 9 8
83 8 5
83 5 2
83 5 4
83 4 3
83 8 7
83 7 6
83 26 25
83 25 17
83 17 16
83 25 24
83 24 19
83 19 18
83 24 23
83 23 20
83 23 22
83 22 21
83 34 33
83 33 30
83 30 29
83 29 27
83 29 28
83 33 32
83 32 31
84 29 28
84 28 20
84 20 12
84 12 11
84 11 4
84 4 3
84 3 2
84 2 0
84 2 1
84 11 10
84 10 7
84 7 6
84 6 5
84 10 9
84 9 8
84 20 19
84 19 13
84 19 18
84 18 16
84 16 14
84 16 15
84 18 17
84 28 27
84 27 21
84 27 26
84 26 22
84 26 25
84 25 24
84 24 23
85 33 31
85 31 27
85 27 0
85 27 26
85 26 25
85 25 24
85 24 23
85 23 19
85 19 18
85 18 1
85 18 17
85 17 12
85 12 8
85 8 7
85 7 3
85 3 2
85 7 6
85 6 4
85 6 5
85 12 11
85 11 10
85 10 9
85 17 16
85 16 15
85 15 14
85 14 13
85 23 22
85 22 20
85 22 21
85 31 30
85 30 29
85 29 28
85 33 32
86 34 0
86 34 33
86 33 32
86 32 31
86 31 1
86 31 30
86 30 29
86 29 18
86 18 4
86 4 3
86 3 2
86 18 17
86 17 14
86 14 12
86 12 11
86 11 5
86 11 10
86 10 8
86 8 6
86 8 7
86 10 9
86 14 13
86 17 16
86 16 15
86 29 28
86 28 22
86 22 21
86 21 19
86 21 20
86 28 27
86 27 26
86 26 25
86 25 24
86 24 23
87 30 7
87 7 6
87 6 4
87 4 2
87 2 0
87 2 1
87 4 3
87 6 5
87 30 29
87 29 27
87 27 9
87 9 8
87 27 26
87 26 25
87 25 21
87 21 20
87 20 19
87 19 16
87 16 15
87 15 10
87 15 14
87 14 13
87 13 11
87 13 12
87 19 18
87 18 17
87 25 24
87 24 23
87 23 22
87 29 28
88 34 0
88 34 33
88 33 32
88 32 31
88 31 30
88 30 28
88 28 27
88 27 17
88 17 16
88 16 1
88 16 15
88 15 14
88 14 2
88 14 13
88 13 12
88 12 11
88 11 10
88 10 3
88 10 9
88 9 8
88 8 7
88 7 4
88 7 6
88 6 5
88 27 26
88 26 25
88 25 22
88 22 21
88 21 19
88 19 18
88 21 20
88 25 24
88 24 23
88 30 29
89 33 1
89 1 0
89 33 32
89 32 3
89 3 2
89 32 31
89 31 28
89 28 27
89 27 23
89 23 5
89 5 4
89 23 22
89 22 20
89 20 15
89 15 6
89 15 14
89 14 13
89 13 7
89 13 12
89 12 11
89 11 8
89 11 10
89 10 9
89 20 19
89 19 18
89 18 16
89 18 17
89 22 21
89 27 26
89 26 24
89 26 25
89 31 30
89 30 29
90 30 11
90 11 10
90 10 3
90 3 2
90 2 0
90 2 1
90 10 9
90 9 8
90 8 7
90 7 5
90 5 4
90 7 6
90 30 29
90 29 17
90 17 14
90 14 12
90 14 13
90 17 16
90 16 15
90 29 28
90 28 18
90 28 27
90 27 26
90 26 19
90 26 25
90 25 24
90 24 23
90 23 22
90 22 20
90 22 21
91 32 26
91 26 23
91 23 22
91 22 20
91 20 1
91 1 0
91 20 19
91 19 17
91 17 15
91 15 2
91 15 14
91 14 5
91 5 4
91 4 3
91 14 13
91 13 11
91 11 8
91 8 7
91 7 6
91 11 10
91 10 9
91 13 12
91 17 16
91 19 18
91 22 21
91 26 25
91 25 24
91 32 31
91 31 29
91 29 28
91 28 27
91 31 30
92 32 31
92 31 2
92 2 0
92 2 1
92 31 30
92 30 29
92 29 6
92 6 4
92 4 3
92 6 5
92 29 28
92 28 22
92 22 14
92 14 7
92 14 13
92 13 12
92 12 11
92 11 8
92 11 10
92 10 9
92 22 21
92 21 16
92 16 15
92 21 20
92 20 18
92 18 17
92 20 19
92 28 27
92 27 26
92 26 23
92 26 25
92 25 24
93 31 30
93 30 29
93 29 3
93 3 2
93 2 0
93 2 1
93 29 28
93 28 7
93 7 6
93 6 4
93 6 5
93 28 27
93 27 26
93 26 25
93 25 24
93 24 17
93 17 10
93 10 8
93 10 9
93 17 16
93 16 14
93 14 12
93 12 11
93 14 13
93 16 15
93 24 23
93 23 18
93 23 22
93 22 20
93 20 19
93 22 21
94 30 29
94 29 7
94 7 4
94 4 3
94 3 0
94 3 2
94 2 1
94 7 6
94 6 5
94 29 28
94 28 10
94 10 9
94 9 8
94 28 27
94 27 26
94 26 20
94 20 14
94 14 13
94 13 11
94 13 12
94 20 19
94 19 17
94 17 15
94 17 16
94 19 18
94 26 25
94 25 24
94 24 23
94 23 22
94 22 21
95 30 0
95 30 29
95 29 25
95 25 22
95 22 19
95 19 16
95 16 15
95 15 4
95 4 1
95 4 3
95 3 2
95 15 14
95 14 12
95 12 11
95 11 6
95 6 5
95 11 10
95 10 9
95 9 7
95 9 8
95 14 13
95 19 18
95 18 17
95 22 21
95 21 20
95 25 24
95 24 23
95 29 28
95 28 26
95 28 27
96 30 0
96 30 29
96 29 28
96 28 27
96 27 26
96 26 2
96 2 1
96 26 25
96 25 3
96 25 24
96 24 8
96 8 7
96 7 5
96 5 4
96 7 6
96 24 23
96 23 12
96 12 10
96 10 9
96 12 11
96 23 22
96 22 18
96 18 17
96 17 16
96 16 15
96 15 13
96 15 14
96 22 21
96 21 20
96 20 19
97 34 33
97 33 22
97 22 0
97 22 21
97 21 12
97 12 1
97 12 11
97 11 10
97 10 3
97 3 2
97 10 9
97 9 4
97 9 8
97 8 5
97 8 7
97 7 6
97 21 20
97 20 16
97 16 14
97 14 13
97 16 15
97 20 19
97 19 18
97 18 17
97 33 32
97 32 28
97 28 26
97 26 25
97 25 23
97 25 24
97 28 27
97 32 31
97 31 29
97 31 30
98 32 30
98 30 10
98 10 9
98 9 8
98 8 5
98 5 1
98 1 0
98 5 4
98 4 2
98 4 3
98 8 7
98 7 6
98 30 29
98 29 28
98 28 27
98 27 12
98 12 11
98 27 26
98 26 22
98 22 21
98 21 19
98 19 13
98 19 18
98 18 14
98 18 17
98 17 16
98 16 15
98 21 20
98 26 25
98 25 24
98 24 23
98 32 31
99 31 30
99 30 29
99 29 26
99 26 0
99 26 25
99 25 16
99 16 15
99 15 12
99 12 11
99 11 10
99 10 2
99 2 1
99 10 9
99 9 6
99 6 5
99 5 4
99 4 3
99 9 8
99 8 7
99 15 14
99 14 13
99 25 24
99 24 23
99 23 21
99 21 19
99 19 17
99 19 18
99 21 20
99 23 22
99 29 28
99 28 27
100 29 28
100 28 19
100 19 18
100 18 17
100 17 15
100 15 12
100 12 11
100 11 0
100 11 10
100 10 9
100 9 6
100 6 5
100 5 3
100 3 2
100 2 1
100 5 4
100 9 8
100 8 7
100 15 14
100 14 13
100 17 16
100 28 27
100 27 26
100 26 25
100 25 23
100 23 22
100 22 20
100 22 21
100 25 24
101 34 7
101 7 6
101 6 1
101 1 0
101 6 5
101 5 4
101 4 2
101 4 3
101 34 33
101 33 8
101 33 32
101 32 12
101 12 11
101 11 9
101 11 10
101 32 31
101 31 13
101 31 30
101 30 15
101 15 14
101 30 29
101 29 28
101 28 27
101 27 16
101 27 26
101 26 25
101 25 20
101 20 18
101 18 17
101 20 19
101 25 24
101 24 22
101 22 21
101 24 23
