1 29 15
1 15 12
1 12 9
1 9 0
1 9 8
1 8 6
1 6 5
1 5 4
1 4 1
1 4 3
1 3 2
1 8 7
1 12 11
1 11 10
1 15 14
1 14 13
1 29 28
1 28 27
1 27 24
1 24 23
1 23 19
1 19 18
1 18 17
1 17 16
1 23 22
1 22 21
1 21 20
1 27 26
1 26 25
2 30 3
2 3 2
2 2 1
2 1 0
2 30 29
2 29 4
2 29 28
2 28 8
2 8 5
2 8 7
2 7 6
2 28 27
2 27 25
2 25 9
2 25 24
2 24 23
2 23 22
2 22 21
2 21 20
2 20 10
2 20 19
2 19 11
2 19 18
2 18 14
2 14 13
2 13 12
2 18 17
2 17 16
2 16 15
2 27 26
3 32 29
3 29 3
3 3 0
3 3 2
3 2 1
3 29 28
3 28 26
3 26 7
3 7 6
3 6 5
3 5 4
3 26 25
3 25 22
3 22 10
3 10 8
3 10 9
3 22 21
3 21 14
3 14 11
3 14 13
3 13 12
3 21 20
3 20 18
3 18 16
3 16 15
3 18 17
3 20 19
3 25 24
3 24 23
3 28 27
3 32 31
3 31 30
4 32 31
4 31 0
4 31 30
4 30 27
4 27 15
4 15 14
4 14 4
4 4 3
4 3 1
4 3 2
4 14 13
4 13 11
4 11 5
4 11 10
4 10 9
4 9 6
4 9 8
4 8 7
4 13 12
4 27 26
4 26 24
4 24 20
4 20 19
4 19 16
4 19 18
4 18 17
4 24 23
4 23 21
4 23 22
4 26 25
4 30 29
4 29 28
5 34 27
5 27 24
5 24 23
5 23 0
5 23 22
5 22 21
5 21 1
5 21 20
5 20 18
5 18 16
5 16 11
5 11 9
5 9 5
5 5 4
5 4 2
5 4 3
5 9 8
5 8 6
5 8 7
5 11 10
5 16 15
5 15 13
5 13 12
5 15 14
5 18 17
5 20 19
5 27 26
5 26 25
5 34 33
5 33 28
5 33 32
5 32 31
5 31 29
5 31 30
6 33 27
6 27 4
6 4 0
6 4 3
6 3 1
6 3 2
6 27 26
6 26 23
6 23 11
6 11 10
6 10 8
6 8 5
6 8 7
6 7 6
6 10 9
6 23 22
6 22 12
6 22 21
6 21 20
6 20 14
6 14 13
6 20 19
6 19 18
6 18 16
6 16 15
6 18 17
6 26 25
6 25 24
6 33 32
6 32 31
6 31 30
6 30 29
6 29 28
7 29 28
7 28 14
7 14 13
7 13 3
7 3 1
7 1 0
7 3 2
7 13 12
7 12 11
7 11 10
7 10 4
7 10 9
7 9 8
7 8 6
7 6 5
7 8 7
7 28 27
7 27 21
7 21 20
7 20 19
7 19 18
7 18 15
7 18 17
7 17 16
7 27 26
7 26 25
7 25 24
7 24 23
7 23 22
8 31 30
8 30 29
8 29 28
8 28 27
8 27 13
8 13 12
8 12 11
8 11 2
8 2 1
8 1 0
8 11 10
8 10 9
8 9 5
8 5 3
8 5 4
8 9 8
8 8 7
8 7 6
8 27 26
8 26 25
8 25 14
8 25 24
8 24 21
8 21 15
8 21 20
8 20 16
8 20 19
8 19 18
8 18 17
8 24 23
8 23 22
9 29 28
9 28 26
9 26 17
9 17 16
9 16 12
9 12 0
9 12 11
9 11 10
9 10 9
9 9 6
9 6 1
9 6 5
9 5 2
9 5 4
9 4 3
9 9 8
9 8 7
9 16 15
9 15 13
9 15 14
9 26 25
9 25 18
9 25 24
9 24 23
9 23 21
9 21 20
9 20 19
9 23 22
9 28 27
10 33 32
10 32 26
10 26 9
10 9 0
10 9 8
10 8 2
10 2 1
10 8 7
10 7 6
10 6 5
10 5 3
10 5 4
10 26 25
10 25 19
10 19 18
10 18 17
10 17 16
10 16 11
10 11 10
10 16 15
10 15 13
10 13 12
10 15 14
10 25 24
10 24 22
10 22 21
10 21 20
10 24 23
10 32 31
10 31 29
10 29 28
10 28 27
10 31 30
11 31 29
11 29 28
11 28 27
11 27 26
11 26 25
11 25 24
11 24 1
11 1 0
11 24 23
11 23 22
11 22 20
11 20 2
11 20 19
11 19 3
11 19 18
11 18 16
11 16 14
11 14 13
11 13 4
11 13 12
11 12 7
11 7 5
11 7 6
11 12 11
11 11 10
11 10 9
11 9 8
11 16 15
11 18 17
11 22 21
11 31 30
12 29 28
12 28 25
12 25 2
12 2 0
12 2 1
12 25 24
12 24 23
12 23 22
12 22 19
12 19 17
12 17 16
12 16 11
12 11 4
12 4 3
12 11 10
12 10 6
12 6 5
12 10 9
12 9 8
12 8 7
12 16 15
12 15 13
12 13 12
12 15 14
12 19 18
12 22 21
12 21 20
12 28 27
12 27 26
13 31 30
13 30 1
13 1 0
13 30 29
13 29 28
13 28 27
13 27 2
13 27 26
13 26 3
13 26 25
13 25 24
13 24 23
13 23 22
13 22 21
13 21 18
13 18 13
13 13 8
13 8 5
13 5 4
13 8 7
13 7 6
13 13 12
13 12 9
13 12 11
13 11 10
13 18 17
13 17 16
13 16 15
13 15 14
13 21 20
13 20 19
14 32 4
14 4 3
14 3 1
14 1 0
14 3 2
14 32 31
14 31 29
14 29 28
14 28 5
14 28 27
14 27 7
14 7 6
14 27 26
14 26 25
14 25 10
14 10 8
14 10 9
14 25 24
14 24 11
14 24 23
14 23 15
14 15 14
14 14 12
14 14 13
14 23 22
14 22 21
14 21 16
14 21 20
14 20 19
14 19 18
14 18 17
14 31 30
15 31 0
15 31 30
15 30 6
15 6 4
15 4 1
15 4 3
15 3 2
15 6 5
15 30 29
15 29 28
15 28 19
15 19 18
15 18 11
15 11 8
15 8 7
15 11 10
15 10 9
15 18 17
15 17 12
15 17 16
15 16 13
15 16 15
15 15 14
15 28 27
15 27 20
15 27 26
15 26 25
15 25 24
15 24 23
15 23 22
15 22 21
16 34 33
16 33 32
16 32 2
16 2 0
16 2 1
16 32 31
16 31 4
16 4 3
16 31 30
16 30 29
16 29 28
16 28 27
16 27 26
16 26 5
16 26 25
16 25 24
16 24 20
16 20 10
16 10 9
16 9 6
16 9 8
16 8 7
16 20 19
16 19 18
16 18 12
16 12 11
16 18 17
16 17 16
16 16 13
16 16 15
16 15 14
16 24 23
16 23 22
16 22 21
17 33 27
17 27 1
17 1 0
17 27 26
17 26 25
17 25 24
17 24 23
17 23 22
17 22 12
17 12 11
17 11 4
17 4 3
17 3 2
17 11 10
17 10 9
17 9 8
17 8 6
17 6 5
17 8 7
17 22 21
17 21 20
17 20 13
17 20 19
17 19 17
17 17 16
17 16 15
17 15 14
17 19 18
17 33 32
17 32 29
17 29 28
17 32 31
17 31 30
18 33 32
18 32 28
18 28 1
18 1 0
18 28 27
18 27 26
18 26 3
18 3 2
18 26 25
18 25 17
18 17 5
18 5 4
18 17 16
18 16 8
18 8 7
18 7 6
18 16 15
18 15 14
18 14 9
18 14 13
18 13 10
18 13 12
18 12 11
18 25 24
18 24 23
18 23 22
18 22 21
18 21 20
18 20 18
18 20 19
18 32 31
18 31 30
18 30 29
19 34 33
19 33 32
19 32 11
19 11 9
19 9 8
19 8 0
19 8 7
19 7 5
19 5 3
19 3 2
19 2 1
19 5 4
19 7 6
19 11 10
19 32 31
19 31 13
19 13 12
19 31 30
19 30 14
19 30 29
19 29 28
19 28 26
19 26 20
19 20 19
19 19 17
19 17 15
19 17 16
19 19 18
19 26 25
19 25 21
19 25 24
19 24 23
19 23 22
19 28 27
20 33 31
20 31 0
20 31 30
20 30 29
20 29 14
20 14 13
20 13 4
20 4 1
20 4 3
20 3 2
20 13 12
20 12 10
20 10 9
20 9 7
20 7 5
20 7 6
20 9 8
20 12 11
20 29 28
20 28 26
20 26 25
20 25 17
20 17 15
20 17 16
20 25 24
20 24 20
20 20 19
20 19 18
20 24 23
20 23 22
20 22 21
20 28 27
20 33 32
21 29 28
21 28 2
21 2 1
21 1 0
21 28 27
21 27 20
21 20 5
21 5 3
21 5 4
21 20 19
21 19 17
21 17 16
21 16 6
21 16 15
21 15 10
21 10 9
21 9 7
21 9 8
21 15 14
21 14 13
21 13 11
21 13 12
21 19 18
21 27 26
21 26 25
21 25 24
21 24 23
21 23 22
21 22 21
22 30 29
22 29 25
22 25 0
22 25 24
22 24 23
22 23 4
22 4 2
22 2 1
22 4 3
22 23 22
22 22 21
22 21 20
22 20 6
22 6 5
22 20 19
22 19 17
22 17 15
22 15 14
22 14 13
22 13 7
22 13 12
22 12 10
22 10 9
22 9 8
22 12 11
22 17 16
22 19 18
22 29 28
22 28 26
22 28 27
23 34 32
23 32 27
23 27 26
23 26 11
23 11 4
23 4 3
23 3 1
23 1 0
23 3 2
23 11 10
23 10 9
23 9 7
23 7 6
23 6 5
23 9 8
23 26 25
23 25 13
23 13 12
23 25 24
23 24 15
23 15 14
23 24 23
23 23 22
23 22 18
23 18 16
23 18 17
23 22 21
23 21 20
23 20 19
23 32 31
23 31 28
23 31 30
23 30 29
23 34 33
24 34 17
24 17 16
24 16 14
24 14 13
24 13 0
24 13 12
24 12 3
24 3 2
24 2 1
24 12 11
24 11 9
24 9 8
24 8 7
24 7 6
24 6 5
24 5 4
24 11 10
24 16 15
24 34 33
24 33 18
24 33 32
24 32 19
24 32 31
24 31 29
24 29 27
24 27 20
24 27 26
24 26 25
24 25 23
24 23 21
24 23 22
24 25 24
24 29 28
24 31 30
25 33 32
25 32 1
25 1 0
25 32 31
25 31 10
25 10 8
25 8 7
25 7 6
25 6 3
25 3 2
25 6 5
25 5 4
25 10 9
25 31 30
25 30 29
25 29 12
25 12 11
25 29 28
25 28 13
25 28 27
25 27 17
25 17 15
25 15 14
25 17 16
25 27 26
25 26 18
25 26 25
25 25 24
25 24 19
25 24 23
25 23 21
25 21 20
25 23 22
26 33 7
26 7 6
26 6 2
26 2 0
26 2 1
26 6 5
26 5 4
26 4 3
26 33 32
26 32 31
26 31 30
26 30 28
26 28 10
26 10 8
26 10 9
26 28 27
26 27 26
26 26 22
26 22 18
26 18 17
26 17 16
26 16 14
26 14 13
26 13 12
26 12 11
26 16 15
26 22 21
26 21 19
26 21 20
26 26 25
26 25 23
26 25 24
26 30 29
27 33 20
27 20 17
27 17 16
27 16 15
27 15 14
27 14 13
27 13 0
27 13 12
27 12 10
27 10 7
27 7 5
27 5 4
27 4 3
27 3 2
27 2 1
27 7 6
27 10 9
27 9 8
27 12 11
27 20 19
27 19 18
27 33 32
27 32 23
27 23 21
27 23 22
27 32 31
27 31 30
27 30 29
27 29 25
27 25 24
27 29 28
27 28 27
27 27 26
28 29 26
28 26 17
28 17 16
28 16 15
28 15 14
28 14 12
28 12 3
28 3 1
28 1 0
28 3 2
28 12 11
28 11 10
28 10 5
28 5 4
28 10 9
28 9 8
28 8 7
28 7 6
28 14 13
28 26 25
28 25 24
28 24 19
28 19 18
28 24 23
28 23 20
28 23 22
28 22 21
28 29 28
28 28 27
29 31 30
29 30 15
29 15 14
29 14 12
29 12 3
29 3 0
29 3 2
29 2 1
29 12 11
29 11 10
29 10 9
29 9 7
29 7 4
29 7 6
29 6 5
29 9 8
29 14 13
29 30 29
29 29 28
29 28 27
29 27 25
29 25 17
29 17 16
29 25 24
29 24 23
29 23 19
29 19 18
29 23 22
29 22 21
29 21 20
29 27 26
30 30 29
30 29 28
30 28 27
30 27 26
30 26 3
30 3 2
30 2 1
30 1 0
30 26 25
30 25 12
30 12 11
30 11 8
30 8 7
30 7 5
30 5 4
30 7 6
30 11 10
30 10 9
30 25 24
30 24 22
30 22 21
30 21 20
30 20 19
30 19 17
30 17 14
30 14 13
30 17 16
30 16 15
30 19 18
30 24 23
31 29 28
31 28 26
31 26 22
31 22 21
31 21 0
31 21 20
31 20 19
31 19 1
31 19 18
31 18 17
31 17 16
31 16 15
31 15 14
31 14 2
31 14 13
31 13 10
31 10 9
31 9 7
31 7 3
31 7 6
31 6 4
31 6 5
31 9 8
31 13 12
31 12 11
31 26 25
31 25 23
31 25 24
31 28 27
32 32 1
32 1 0
32 32 31
32 31 30
32 30 29
32 29 5
32 5 4
32 4 3
32 3 2
32 29 28
32 28 24
32 24 8
32 8 6
32 8 7
32 24 23
32 23 21
32 21 20
32 20 10
32 10 9
32 20 19
32 19 11
32 19 18
32 18 12
32 18 17
32 17 16
32 16 13
32 16 15
32 15 14
32 23 22
32 28 27
32 27 26
32 26 25
33 34 33
33 33 23
33 23 20
33 20 8
33 8 2
33 2 0
33 2 1
33 8 7
33 7 3
33 7 6
33 6 4
33 6 5
33 20 19
33 19 10
33 10 9
33 19 18
33 18 15
33 15 14
33 14 12
33 12 11
33 14 13
33 18 17
33 17 16
33 23 22
33 22 21
33 33 32
33 32 30
33 30 25
33 25 24
33 30 29
33 29 28
33 28 26
33 28 27
33 32 31
34 32 31
34 31 29
34 29 0
34 29 28
34 28 1
34 28 27
34 27 25
34 25 24
34 24 19
34 19 17
34 17 16
34 16 15
34 15 2
34 15 14
34 14 6
34 6 5
34 5 4
34 4 3
34 14 13
34 13 11
34 11 9
34 9 8
34 8 7
34 11 10
34 13 12
34 19 18
34 24 23
34 23 22
34 22 21
34 21 20
34 27 26
34 31 30
35 29 6
35 6 5
35 5 1
35 1 0
35 5 4
35 4 2
35 4 3
35 29 28
35 28 8
35 8 7
35 28 27
35 27 24
35 24 14
35 14 13
35 13 12
35 12 10
35 10 9
35 12 11
35 24 23
35 23 15
35 23 22
35 22 21
35 21 16
35 21 20
35 20 19
35 19 18
35 18 17
35 27 26
35 26 25
36 34 33
36 33 14
36 14 0
36 14 13
36 13 12
36 12 11
36 11 7
36 7 2
36 2 1
36 7 6
36 6 5
36 5 3
36 5 4
36 11 10
36 10 8
36 10 9
36 33 32
36 32 31
36 31 30
36 30 29
36 29 15
36 29 28
36 28 23
36 23 16
36 23 22
36 22 21
36 21 18
36 18 17
36 21 20
36 20 19
36 28 27
36 27 25
36 25 24
36 27 26
37 31 30
37 30 29
37 29 0
37 29 28
37 28 27
37 27 25
37 25 23
37 23 21
37 21 2
37 2 1
37 21 20
37 20 16
37 16 15
37 15 14
37 14 3
37 14 13
37 13 11
37 11 6
37 6 4
37 6 5
37 11 10
37 10 9
37 9 7
37 9 8
37 13 12
37 20 19
37 19 17
37 19 18
37 23 22
37 25 24
37 27 26
38 32 2
38 2 0
38 2 1
38 32 31
38 31 30
38 30 3
38 30 29
38 29 24
38 24 4
38 24 23
38 23 22
38 22 5
38 22 21
38 21 20
38 20 18
38 18 16
38 16 14
38 14 13
38 13 11
38 11 9
38 9 8
38 8 7
38 7 6
38 11 10
38 13 12
38 16 15
38 18 17
38 20 19
38 29 28
38 28 25
38 28 27
38 27 26
39 33 0
39 33 32
39 32 8
39 8 7
39 7 2
39 2 1
39 7 6
39 6 5
39 5 4
39 4 3
39 32 31
39 31 11
39 11 10
39 10 9
39 31 30
39 30 29
39 29 28
39 28 25
39 25 12
39 25 24
39 24 15
39 15 14
39 14 13
39 24 23
39 23 22
39 22 16
39 22 21
39 21 17
39 21 20
39 20 18
39 20 19
39 28 27
39 27 26
40 30 27
40 27 26
40 26 24
40 24 22
40 22 17
40 17 16
40 16 15
40 15 13
40 13 2
40 2 1
40 1 0
40 13 12
40 12 5
40 5 3
40 5 4
40 12 11
40 11 10
40 10 7
40 7 6
40 10 9
40 9 8
40 15 14
40 22 21
40 21 18
40 21 20
40 20 19
40 24 23
40 26 25
40 30 29
40 29 28
41 31 18
41 18 16
41 16 14
41 14 1
41 1 0
41 14 13
41 13 11
41 11 3
41 3 2
41 11 10
41 10 5
41 5 4
41 10 9
41 9 6
41 9 8
41 8 7
41 13 12
41 16 15
41 18 17
41 31 30
41 30 29
41 29 28
41 28 22
41 22 19
41 22 21
41 21 20
41 28 27
41 27 25
41 25 23
41 25 24
41 27 26
42 34 14
42 14 13
42 13 0
42 13 12
42 12 11
42 11 1
42 11 10
42 10 4
42 4 3
42 3 2
42 10 9
42 9 8
42 8 6
42 6 5
42 8 7
42 34 33
42 33 32
42 32 31
42 31 30
42 30 24
42 24 23
42 23 16
42 16 15
42 23 22
42 22 21
42 21 20
42 20 17
42 20 19
42 19 18
42 30 29
42 29 28
42 28 25
42 28 27
42 27 26
43 29 26
43 26 1
43 1 0
43 26 25
43 25 5
43 5 4
43 4 2
43 4 3
43 25 24
43 24 23
43 23 22
43 22 17
43 17 7
43 7 6
43 17 16
43 16 10
43 10 9
43 9 8
43 16 15
43 15 14
43 14 13
43 13 11
43 13 12
43 22 21
43 21 18
43 21 20
43 20 19
43 29 28
43 28 27
44 30 29
44 29 1
44 1 0
44 29 28
44 28 22
44 22 15
44 15 2
44 15 14
44 14 3
44 14 13
44 13 12
44 12 11
44 11 8
44 8 7
44 7 5
44 5 4
44 7 6
44 11 10
44 10 9
44 22 21
44 21 20
44 20 18
44 18 17
44 17 16
44 20 19
44 28 27
44 27 25
44 25 24
44 24 23
44 27 26
45 32 30
45 30 29
45 29 28
45 28 27
45 27 1
45 1 0
45 27 26
45 26 2
45 26 25
45 25 24
45 24 23
45 23 21
45 21 20
45 20 3
45 20 19
45 19 16
45 16 4
45 16 15
45 15 7
45 7 6
45 6 5
45 15 14
45 14 11
45 11 10
45 10 8
45 10 9
45 14 13
45 13 12
45 19 18
45 18 17
45 23 22
45 32 31
46 29 28
46 28 27
46 27 0
46 27 26
46 26 25
46 25 24
46 24 23
46 23 21
46 21 20
46 20 16
46 16 12
46 12 1
46 12 11
46 11 3
46 3 2
46 11 10
46 10 6
46 6 4
46 6 5
46 10 9
46 9 8
46 8 7
46 16 15
46 15 13
46 15 14
46 20 19
46 19 17
46 19 18
46 23 22
47 30 1
47 1 0
47 30 29
47 29 28
47 28 27
47 27 26
47 26 25
47 25 24
47 24 23
47 23 22
47 22 21
47 21 4
47 4 2
47 4 3
47 21 20
47 20 5
47 20 19
47 19 14
47 14 10
47 10 8
47 8 7
47 7 6
47 10 9
47 14 13
47 13 12
47 12 11
47 19 18
47 18 15
47 18 17
47 17 16
48 29 3
48 3 2
48 2 0
48 2 1
48 29 28
48 28 4
48 28 27
48 27 25
48 25 6
48 6 5
48 25 24
48 24 23
48 23 7
48 23 22
48 22 20
48 20 18
48 18 17
48 17 10
48 10 9
48 9 8
48 17 16
48 16 15
48 15 14
48 14 13
48 13 11
48 13 12
48 20 19
48 22 21
48 27 26
49 33 26
49 26 23
49 23 0
49 23 22
49 22 19
49 19 18
49 18 16
49 16 14
49 14 13
49 13 12
49 12 8
49 8 2
49 2 1
49 8 7
49 7 6
49 6 3
49 6 5
49 5 4
49 12 11
49 11 9
49 11 10
49 16 15
49 18 17
49 22 21
49 21 20
49 26 25
49 25 24
49 33 32
49 32 31
49 31 29
49 29 28
49 28 27
49 31 30
50 34 6
50 6 5
50 5 1
50 1 0
50 5 4
50 4 2
50 4 3
50 34 33
50 33 23
50 23 21
50 21 19
50 19 11
50 11 7
50 11 10
50 10 8
50 10 9
50 19 18
50 18 17
50 17 16
50 16 14
50 14 13
50 13 12
50 16 15
50 21 20
50 23 22
50 33 32
50 32 30
50 30 29
50 29 28
50 28 27
50 27 26
50 26 25
50 25 24
50 32 31
51 31 30
51 30 11
51 11 8
51 8 7
51 7 2
51 2 0
51 2 1
51 7 6
51 6 3
51 6 5
51 5 4
51 11 10
51 10 9
51 30 29
51 29 28
51 28 27
51 27 12
51 27 26
51 26 23
51 23 21
51 21 18
51 18 17
51 17 15
51 15 13
51 15 14
51 17 16
51 21 20
51 20 19
51 23 22
51 26 25
51 25 24
52 33 15
52 15 3
52 3 2
52 2 1
52 1 0
52 15 14
52 14 12
52 12 10
52 10 9
52 9 7
52 7 5
52 5 4
52 7 6
52 9 8
52 12 11
52 14 13
52 33 32
52 32 16
52 32 31
52 31 30
52 30 24
52 24 23
52 23 22
52 22 17
52 22 21
52 21 18
52 21 20
52 20 19
52 30 29
52 29 28
52 28 25
52 28 27
52 27 26
53 31 27
53 27 0
53 27 26
53 26 25
53 25 7
53 7 3
53 3 2
53 2 1
53 7 6
53 6 5
53 5 4
53 25 24
53 24 11
53 11 10
53 10 9
53 9 8
53 24 23
53 23 21
53 21 18
53 18 16
53 16 15
53 15 14
53 14 13
53 13 12
53 18 17
53 21 20
53 20 19
53 23 22
53 31 30
53 30 28
53 30 29
54 29 3
54 3 0
54 3 2
54 2 1
54 29 28
54 28 15
54 15 14
54 14 6
54 6 5
54 5 4
54 14 13
54 13 12
54 12 7
54 12 11
54 11 9
54 9 8
54 11 10
54 28 27
54 27 16
54 27 26
54 26 25
54 25 24
54 24 17
54 24 23
54 23 21
54 21 19
54 19 18
54 21 20
54 23 22
55 33 32
55 32 26
55 26 11
55 11 9
55 9 8
55 8 7
55 7 6
55 6 4
55 4 3
55 3 0
55 3 2
55 2 1
55 6 5
55 11 10
55 26 25
55 25 15
55 15 12
55 15 14
55 14 13
55 25 24
55 24 17
55 17 16
55 24 23
55 23 21
55 21 18
55 21 20
55 20 19
55 23 22
55 32 31
55 31 27
55 31 30
55 30 29
55 29 28
56 29 28
56 28 27
56 27 20
56 20 19
56 19 1
56 1 0
56 19 18
56 18 2
56 18 17
56 17 5
56 5 4
56 4 3
56 17 16
56 16 6
56 16 15
56 15 14
56 14 13
56 13 12
56 12 8
56 8 7
56 12 11
56 11 9
56 11 10
56 27 26
56 26 21
56 26 25
56 25 24
56 24 22
56 24 23
57 33 32
57 32 14
57 14 13
57 13 3
57 3 2
57 2 1
57 1 0
57 13 12
57 12 11
57 11 10
57 10 8
57 8 4
57 8 7
57 7 6
57 6 5
57 10 9
57 32 31
57 31 30
57 30 29
57 29 26
57 26 25
57 25 17
57 17 15
57 17 16
57 25 24
57 24 23
57 23 22
57 22 21
57 21 20
57 20 19
57 19 18
57 29 28
57 28 27
58 29 0
58 29 28
58 28 24
58 24 22
58 22 19
58 19 1
58 19 18
58 18 17
58 17 15
58 15 2
58 15 14
58 14 13
58 13 9
58 9 3
58 9 8
58 8 6
58 6 4
58 6 5
58 8 7
58 13 12
58 12 11
58 11 10
58 17 16
58 22 21
58 21 20
58 24 23
58 28 27
58 27 26
58 26 25
59 34 0
59 34 33
59 33 2
59 2 1
59 33 32
59 32 30
59 30 20
59 20 17
59 17 5
59 5 3
59 5 4
59 17 16
59 16 15
59 15 14
59 14 13
59 13 12
59 12 10
59 10 9
59 9 7
59 7 6
59 9 8
59 12 11
59 20 19
59 19 18
59 30 29
59 29 25
59 25 24
59 24 22
59 22 21
59 24 23
59 29 28
59 28 26
59 28 27
59 32 31
60 30 29
60 29 25
60 25 24
60 24 0
60 24 23
60 23 22
60 22 20
60 20 19
60 19 4
60 4 1
60 4 3
60 3 2
60 19 18
60 18 14
60 14 12
60 12 5
60 12 11
60 11 10
60 10 9
60 9 8
60 8 6
60 8 7
60 14 13
60 18 17
60 17 15
60 17 16
60 22 21
60 29 28
60 28 26
60 28 27
61 32 31
61 31 19
61 19 0
61 19 18
61 18 7
61 7 5
61 5 3
61 3 1
61 3 2
61 5 4
61 7 6
61 18 17
61 17 15
61 15 12
61 12 8
61 12 11
61 11 10
61 10 9
61 15 14
61 14 13
61 17 16
61 31 30
61 30 29
61 29 24
61 24 22
61 22 20
61 22 21
61 24 23
61 29 28
61 28 26
61 26 25
61 28 27
62 29 16
62 16 0
62 16 15
62 15 14
62 14 13
62 13 1
62 13 12
62 12 10
62 10 9
62 9 8
62 8 3
62 3 2
62 8 7
62 7 6
62 6 5
62 5 4
62 12 11
62 29 28
62 28 17
62 28 27
62 27 26
62 26 22
62 22 21
62 21 19
62 19 18
62 21 20
62 26 25
62 25 23
62 25 24
63 31 24
63 24 4
63 4 3
63 3 1
63 1 0
63 3 2
63 24 23
63 23 22
63 22 21
63 21 19
63 19 6
63 6 5
63 19 18
63 18 7
63 18 17
63 17 11
63 11 8
63 11 10
63 10 9
63 17 16
63 16 15
63 15 14
63 14 13
63 13 12
63 21 20
63 31 30
63 30 28
63 28 27
63 27 25
63 27 26
63 30 29
64 30 0
64 30 29
64 29 19
64 19 18
64 18 17
64 17 16
64 16 7
64 7 6
64 6 2
64 2 1
64 6 5
64 5 4
64 4 3
64 16 15
64 15 9
64 9 8
64 15 14
64 14 13
64 13 11
64 11 10
64 13 12
64 29 28
64 28 26
64 26 24
64 24 21
64 21 20
64 24 23
64 23 22
64 26 25
64 28 27
65 34 33
65 33 31
65 31 29
65 29 28
65 28 27
65 27 21
65 21 20
65 20 19
65 19 15
65 15 13
65 13 12
65 12 3
65 3 2
65 2 1
65 1 0
65 12 11
65 11 10
65 10 8
65 8 5
65 5 4
65 8 7
65 7 6
65 10 9
65 15 14
65 19 18
65 18 17
65 17 16
65 27 26
65 26 25
65 25 24
65 24 23
65 23 22
65 31 30
65 33 32
66 30 29
66 29 28
66 28 2
66 2 1
66 1 0
66 28 27
66 27 26
66 26 12
66 12 4
66 4 3
66 12 11
66 11 6
66 6 5
66 11 10
66 10 8
66 8 7
66 10 9
66 26 25
66 25 17
66 17 16
66 16 15
66 15 13
66 15 14
66 25 24
66 24 18
66 24 23
66 23 19
66 23 22
66 22 20
66 22 21
67 33 31
67 31 27
67 27 26
67 26 24
67 24 23
67 23 22
67 22 18
67 18 9
67 9 0
67 9 8
67 8 2
67 2 1
67 8 7
67 7 6
67 6 4
67 4 3
67 6 5
67 18 17
67 17 12
67 12 11
67 11 10
67 17 16
67 16 13
67 16 15
67 15 14
67 22 21
67 21 20
67 20 19
67 26 25
67 31 30
67 30 28
67 30 29
67 33 32
68 34 33
68 33 16
68 16 3
68 3 0
68 3 2
68 2 1
68 16 15
68 15 4
68 15 14
68 14 9
68 9 8
68 8 6
68 6 5
68 8 7
68 14 13
68 13 10
68 13 12
68 12 11
68 33 32
68 32 26
68 26 17
68 26 25
68 25 19
68 19 18
68 25 24
68 24 20
68 24 23
68 23 22
68 22 21
68 32 31
68 31 29
68 29 27
68 29 28
68 31 30
69 34 33
69 33 32
69 32 3
69 3 2
69 2 0
69 2 1
69 32 31
69 31 15
69 15 13
69 13 12
69 12 11
69 11 4
69 11 10
69 10 5
69 10 9
69 9 6
69 9 8
69 8 7
69 15 14
69 31 30
69 30 29
69 29 28
69 28 17
69 17 16
69 28 27
69 27 26
69 26 25
69 25 18
69 25 24
69 24 23
69 23 21
69 21 19
69 21 20
69 23 22
70 30 29
70 29 0
70 29 28
70 28 26
70 26 25
70 25 24
70 24 23
70 23 2
70 2 1
70 23 22
70 22 3
70 22 21
70 21 20
70 20 19
70 19 4
70 19 18
70 18 12
70 12 10
70 10 8
70 8 6
70 6 5
70 8 7
70 10 9
70 12 11
70 18 17
70 17 16
70 16 13
70 16 15
70 15 14
70 28 27
71 30 25
71 25 3
71 3 2
71 2 0
71 2 1
71 25 24
71 24 21
71 21 20
71 20 16
71 16 4
71 16 15
71 15 5
71 15 14
71 14 12
71 12 10
71 10 9
71 9 6
71 9 8
71 8 7
71 12 11
71 14 13
71 20 19
71 19 18
71 18 17
71 24 23
71 23 22
71 30 29
71 29 26
71 29 28
71 28 27
72 29 2
72 2 1
72 1 0
72 29 28
72 28 25
72 25 20
72 20 13
72 13 12
72 12 11
72 11 9
72 9 8
72 8 6
72 6 5
72 5 3
72 5 4
72 8 7
72 11 10
72 20 19
72 19 14
72 19 18
72 18 17
72 17 15
72 17 16
72 25 24
72 24 23
72 23 21
72 23 22
72 28 27
72 27 26
73 31 28
73 28 1
73 1 0
73 28 27
73 27 26
73 26 2
73 26 25
73 25 3
73 25 24
73 24 15
73 15 14
73 14 13
73 13 12
73 12 4
73 12 11
73 11 10
73 10 8
73 8 7
73 7 5
73 7 6
73 10 9
73 24 23
73 23 22
73 22 21
73 21 18
73 18 17
73 17 16
73 21 20
73 20 19
73 31 30
73 30 29
74 34 0
74 34 33
74 33 14
74 14 3
74 3 2
74 2 1
74 14 13
74 13 5
74 5 4
74 13 12
74 12 10
74 10 8
74 8 7
74 7 6
74 10 9
74 12 11
74 33 32
74 32 27
74 27 19
74 19 17
74 17 15
74 17 16
74 19 18
74 27 26
74 26 20
74 26 25
74 25 24
74 24 23
74 23 22
74 22 21
74 32 31
74 31 30
74 30 28
74 30 29
75 31 30
75 30 11
75 11 10
75 10 6
75 6 2
75 2 1
75 1 0
75 6 5
75 5 3
75 5 4
75 10 9
75 9 8
75 8 7
75 30 29
75 29 28
75 28 27
75 27 26
75 26 25
75 25 24
75 24 15
75 15 12
75 15 14
75 14 13
75 24 23
75 23 16
75 23 22
75 22 21
75 21 20
75 20 19
75 19 17
75 19 18
76 34 0
76 34 33
76 33 1
76 33 32
76 32 2
76 32 31
76 31 4
76 4 3
76 31 30
76 30 18
76 18 10
76 10 9
76 9 7
76 7 5
76 7 6
76 9 8
76 18 17
76 17 16
76 16 14
76 14 12
76 12 11
76 14 13
76 16 15
76 30 29
76 29 20
76 20 19
76 29 28
76 28 26
76 26 25
76 25 23
76 23 22
76 22 21
76 25 24
76 28 27
77 34 29
77 29 27
77 27 26
77 26 25
77 25 23
77 23 4
77 4 2
77 2 1
77 1 0
77 4 3
77 23 22
77 22 21
77 21 20
77 20 14
77 14 12
77 12 8
77 8 7
77 7 5
77 7 6
77 12 11
77 11 10
77 10 9
77 14 13
77 20 19
77 19 18
77 18 15
77 18 17
77 17 16
77 25 24
77 29 28
77 34 33
77 33 32
77 32 31
77 31 30
78 33 4
78 4 0
78 4 3
78 3 2
78 2 1
78 33 32
78 32 6
78 6 5
78 32 31
78 31 10
78 10 9
78 9 7
78 9 8
78 31 30
78 30 13
78 13 11
78 13 12
78 30 29
78 29 28
78 28 26
78 26 25
78 25 14
78 25 24
78 24 23
78 23 20
78 20 18
78 18 15
78 18 17
78 17 16
78 20 19
78 23 22
78 22 21
78 28 27
79 29 0
79 29 28
79 28 25
79 25 24
79 24 9
79 9 2
79 2 1
79 9 8
79 8 7
79 7 6
79 6 4
79 4 3
79 6 5
79 24 23
79 23 21
79 21 15
79 15 14
79 14 13
79 13 11
79 11 10
79 13 12
79 21 20
79 20 16
79 20 19
79 19 17
79 19 18
79 23 22
79 28 27
79 27 26
80 30 0
80 30 29
80 29 2
80 2 1
80 29 28
80 28 6
80 6 5
80 5 3
80 5 4
80 28 27
80 27 16
80 16 8
80 8 7
80 16 15
80 15 13
80 13 12
80 12 11
80 11 9
80 11 10
80 15 14
80 27 26
80 26 20
80 20 17
80 20 19
80 19 18
80 26 25
80 25 23
80 23 22
80 22 21
80 25 24
81 32 16
81 16 0
81 16 15
81 15 2
81 2 1
81 15 14
81 14 5
81 5 4
81 4 3
81 14 13
81 13 12
81 12 10
81 10 7
81 7 6
81 10 9
81 9 8
81 12 11
81 32 31
81 31 30
81 30 22
81 22 20
81 20 17
81 20 19
81 19 18
81 22 21
81 30 29
81 29 28
81 28 26
81 26 23
81 26 25
81 25 24
81 28 27
82 29 28
82 28 25
82 25 2
82 2 1
82 1 0
82 25 24
82 24 12
82 12 11
82 11 10
82 10 6
82 6 3
82 6 5
82 5 4
82 10 9
82 9 8
82 8 7
82 24 23
82 23 22
82 22 20
82 20 17
82 17 16
82 16 15
82 15 13
82 15 14
82 20 19
82 19 18
82 22 21
82 28 27
82 27 26
83 33 4
83 4 3
83 3 0
83 3 2
83 2 1
83 33 32
83 32 24
83 24 5
83 24 23
83 23 6
83 23 22
83 22 21
83 21 20
83 20 17
83 17 8
83 8 7
83 17 16
83 16 12
83 12 11
83 11 10
83 10 9
83 16 15
83 15 13
83 15 14
83 20 19
83 19 18
83 32 31
83 31 30
83 30 29
83 29 27
83 27 26
83 26 25
83 29 28
84 33 25
84 25 24
84 24 23
84 23 19
84 19 18
84 18 12
84 12 11
84 11 9
84 9 8
84 8 7
84 7 1
84 1 0
84 7 6
84 6 4
84 4 3
84 3 2
84 6 5
84 11 10
84 18 17
84 17 16
84 16 13
84 16 15
84 15 14
84 23 22
84 22 21
84 21 20
84 33 32
84 32 26
84 32 31
84 31 27
84 31 30
84 30 28
84 30 29
85 29 27
85 27 20
85 20 19
85 19 16
85 16 15
85 15 11
85 11 4
85 4 2
85 2 1
85 1 0
85 4 3
85 11 10
85 10 7
85 7 5
85 7 6
85 10 9
85 9 8
85 15 14
85 14 13
85 13 12
85 19 18
85 18 17
85 27 26
85 26 23
85 23 21
85 23 22
85 26 25
85 25 24
85 29 28
86 29 26
86 26 25
86 25 0
86 25 24
86 24 23
86 23 2
86 2 1
86 23 22
86 22 21
86 21 19
86 19 18
86 18 17
86 17 16
86 16 15
86 15 10
86 10 9
86 9 7
86 7 6
86 6 5
86 5 3
86 5 4
86 9 8
86 15 14
86 14 11
86 14 13
86 13 12
86 21 20
86 29 28
86 28 27
87 33 0
87 33 32
87 32 31
87 31 8
87 8 6
87 6 3
87 3 1
87 3 2
87 6 5
87 5 4
87 8 7
87 31 30
87 30 12
87 12 10
87 10 9
87 12 11
87 30 29
87 29 27
87 27 24
87 24 18
87 18 16
87 16 14
87 14 13
87 16 15
87 18 17
87 24 23
87 23 19
87 23 22
87 22 20
87 22 21
87 27 26
87 26 25
87 29 28
88 30 27
88 27 16
88 16 7
88 7 3
88 3 2
88 2 0
88 2 1
88 7 6
88 6 5
88 5 4
88 16 15
88 15 8
88 15 14
88 14 13
88 13 9
88 13 12
88 12 11
88 11 10
88 27 26
88 26 19
88 19 17
88 19 18
88 26 25
88 25 24
88 24 22
88 22 20
88 22 21
88 24 23
88 30 29
88 29 28
89 29 2
89 2 1
89 1 0
89 29 28
89 28 3
89 28 27
89 27 26
89 26 21
89 21 10
89 10 6
89 6 4
89 6 5
89 10 9
89 9 7
89 9 8
89 21 20
89 20 19
89 19 11
89 19 18
89 18 13
89 13 12
89 18 17
89 17 15
89 15 14
89 17 16
89 26 25
89 25 24
89 24 22
89 24 23
90 32 27
90 27 25
90 25 14
90 14 0
90 14 13
90 13 1
90 13 12
90 12 11
90 11 10
90 10 2
90 10 9
90 9 4
90 4 3
90 9 8
90 8 7
90 7 6
90 6 5
90 25 24
90 24 23
90 23 16
90 16 15
90 23 22
90 22 20
90 20 19
90 19 17
90 19 18
90 22 21
90 27 26
90 32 31
90 31 30
90 30 28
90 30 29
91 32 31
91 31 29
91 29 4
91 4 3
91 3 2
91 2 0
91 2 1
91 29 28
91 28 11
91 11 10
91 10 9
91 9 5
91 9 8
91 8 7
91 7 6
91 28 27
91 27 15
91 15 12
91 15 14
91 14 13
91 27 26
91 26 24
91 24 23
91 23 19
91 19 16
91 19 18
91 18 17
91 23 22
91 22 20
91 22 21
91 26 25
91 31 30
92 31 30
92 30 29
92 29 27
92 27 19
92 19 18
92 18 10
92 10 0
92 10 9
92 9 6
92 6 5
92 5 3
92 3 2
92 2 1
92 5 4
92 9 8
92 8 7
92 18 17
92 17 12
92 12 11
92 17 16
92 16 15
92 15 13
92 15 14
92 27 26
92 26 22
92 22 21
92 21 20
92 26 25
92 25 24
92 24 23
92 29 28
93 30 0
93 30 29
93 29 6
93 6 5
93 5 4
93 4 2
93 2 1
93 4 3
93 29 28
93 28 7
93 28 27
93 27 25
93 25 24
93 24 23
93 23 21
93 21 8
93 21 20
93 20 19
93 19 18
93 18 17
93 17 9
93 17 16
93 16 12
93 12 10
93 12 11
93 16 15
93 15 14
93 14 13
93 23 22
93 27 26
94 34 33
94 33 3
94 3 2
94 2 1
94 1 0
94 33 32
94 32 5
94 5 4
94 32 31
94 31 30
94 30 29
94 29 6
94 29 28
94 28 15
94 15 13
94 13 11
94 11 10
94 10 9
94 9 7
94 9 8
94 13 12
94 15 14
94 28 27
94 27 25
94 25 24
94 24 18
94 18 16
94 18 17
94 24 23
94 23 21
94 21 20
94 20 19
94 23 22
94 27 26
95 29 28
95 28 9
95 9 2
95 2 1
95 1 0
95 9 8
95 8 6
95 6 5
95 5 4
95 4 3
95 8 7
95 28 27
95 27 13
95 13 12
95 12 10
95 12 11
95 27 26
95 26 25
95 25 23
95 23 15
95 15 14
95 23 22
95 22 21
95 21 20
95 20 16
95 20 19
95 19 17
95 19 18
95 25 24
96 30 29
96 29 26
96 26 7
96 7 6
96 6 5
96 5 2
96 2 1
96 1 0
96 5 4
96 4 3
96 26 25
96 25 24
96 24 22
96 22 8
96 22 21
96 21 9
96 21 20
96 20 12
96 12 10
96 12 11
96 20 19
96 19 16
96 16 15
96 15 14
96 14 13
96 19 18
96 18 17
96 24 23
96 29 28
96 28 27
97 29 0
97 29 28
97 28 17
97 17 1
97 17 16
97 16 15
97 15 14
97 14 12
97 12 11
97 11 2
97 11 10
97 10 3
97 10 9
97 9 4
97 9 8
97 8 7
97 7 5
97 7 6
97 14 13
97 28 27
97 27 26
97 26 22
97 22 20
97 20 18
97 20 19
97 22 21
97 26 25
97 25 23
97 25 24
98 33 32
98 32 12
98 12 11
98 11 0
98 11 10
98 10 5
98 5 4
98 4 1
98 4 3
98 3 2
98 10 9
98 9 6
98 9 8
98 8 7
98 32 31
98 31 17
98 17 15
98 15 14
98 14 13
98 17 16
98 31 30
98 30 29
98 29 28
98 28 19
98 19 18
98 28 27
98 27 26
98 26 24
98 24 23
98 23 20
98 23 22
98 22 21
98 26 25
99 34 14
99 14 12
99 12 0
99 12 11
99 11 10
99 10 1
99 10 9
99 9 5
99 5 4
99 4 3
99 3 2
99 9 8
99 8 7
99 7 6
99 14 13
99 34 33
99 33 15
99 33 32
99 32 31
99 31 30
99 30 26
99 26 16
99 26 25
99 25 22
99 22 21
99 21 19
99 19 17
99 19 18
99 21 20
99 25 24
99 24 23
99 30 29
99 29 28
99 28 27
100 29 8
100 8 7
100 7 0
100 7 6
100 6 5
100 5 4
100 4 1
100 4 3
100 3 2
100 29 28
100 28 21
100 21 9
100 21 20
100 20 18
100 18 16
100 16 10
100 16 15
100 15 11
100 15 14
100 14 13
100 13 12
100 18 17
100 20 19
100 28 27
100 27 26
100 26 25
100 25 24
100 24 23
100 23 22
101 30 0
101 30 29
101 29 20
101 20 15
101 15 1
101 15 14
101 14 2
101 14 13
101 13 11
101 11 3
101 11 10
101 10 4
101 10 9
101 9 8
101 8 6
101 6 5
101 8 7
101 13 12
101 20 19
101 19 18
101 18 16
101 18 17
101 29 28
101 28 21
101 28 27
101 27 25
101 25 22
101 25 24
101 24 23
101 27 26
