1 31 29
1 29 28
1 28 2
1 2 1
1 1 0
1 28 27
1 27 13
1 13 12
1 12 11
1 11 9
1 9 7
1 7 4
1 4 3
1 7 6
1 6 5
1 9 8
1 11 10
1 27 26
1 26 25
1 25 21
1 21 20
1 20 19
1 19 16
1 16 15
1 15 14
1 19 18
1 18 17
1 25 24
1 24 23
1 23 22
1 31 30
2 31 29
2 29 2
2 2 0
2 2 1
2 29 28
2 28 27
2 27 3
2 27 26
2 26 25
2 25 24
2 24 23
2 23 4
2 23 22
2 22 10
2 10 6
2 6 5
2 10 9
2 9 8
2 8 7
2 22 21
2 21 11
2 21 20
2 20 19
2 19 14
2 14 13
2 13 12
2 19 18
2 18 16
2 16 15
2 18 17
2 31 30
3 30 28
3 28 13
3 13 12
3 12 9
3 9 7
3 7 5
3 5 4
3 4 0
3 4 3
3 3 1
3 3 2
3 7 6
3 9 8
3 12 11
3 11 10
3 28 27
3 27 15
3 15 14
3 27 26
3 26 24
3 24 23
3 23 20
3 20 17
3 17 16
3 20 19
3 19 18
3 23 22
3 22 21
3 26 25
3 30 29
4 34 10
4 10 7
4 7 4
4 4 3
4 3 2
4 2 0
4 2 1
4 7 6
4 6 5
4 10 9
4 9 8
4 34 33
4 33 15
4 15 14
4 14 11
4 14 13
4 13 12
4 33 32
4 32 31
4 31 28
4 28 16
4 28 27
4 27 26
4 26 25
4 25 17
4 25 24
4 24 19
4 19 18
4 24 23
4 23 22
4 22 21
4 21 20
4 31 30
4 30 29
5 33 32
5 32 31
5 31 30
5 30 23
5 23 22
5 22 3
5 3 1
5 1 0
5 3 2
5 22 21
5 21 6
5 6 4
5 6 5
5 21 20
5 20 18
5 18 16
5 16 8
5 8 7
5 16 15
5 15 13
5 13 10
5 10 9
5 13 12
5 12 11
5 15 14
5 18 17
5 20 19
5 30 29
5 29 24
5 29 28
5 28 25
5 28 27
5 27 26
6 33 31
6 31 6
6 6 4
6 4 3
6 3 1
6 1 0
6 3 2
6 6 5
6 31 30
6 30 11
6 11 8
6 8 7
6 11 10
6 10 9
6 30 29
6 29 26
6 26 22
6 22 21
6 21 12
6 21 20
6 20 14
6 14 13
6 20 19
6 19 18
6 18 16
6 16 15
6 18 17
6 26 25
6 25 23
6 25 24
6 29 28
6 28 27
6 33 32
7 31 11
7 11 10
7 10 9
7 9 8
7 8 7
7 7 1
7 1 0
7 7 6
7 6 4
7 4 2
7 4 3
7 6 5
7 31 30
7 30 29
7 29 23
7 23 22
7 22 21
7 21 18
7 18 12
7 18 17
7 17 16
7 16 13
7 16 15
7 15 14
7 21 20
7 20 19
7 29 28
7 28 27
7 27 25
7 25 24
7 27 26
8 34 33
8 33 32
8 32 31
8 31 12
8 12 0
8 12 11
8 11 10
8 10 1
8 10 9
8 9 2
8 9 8
8 8 3
8 8 7
8 7 4
8 7 6
8 6 5
8 31 30
8 30 26
8 26 22
8 22 21
8 21 19
8 19 18
8 18 17
8 17 13
8 17 16
8 16 15
8 15 14
8 21 20
8 26 25
8 25 24
8 24 23
8 30 29
8 29 28
8 28 27
9 30 29
9 29 4
9 4 3
9 3 0
9 3 2
9 2 1
9 29 28
9 28 27
9 27 22
9 22 9
9 9 5
9 9 8
9 8 6
9 8 7
9 22 21
9 21 20
9 20 10
9 20 19
9 19 11
9 19 18
9 18 17
9 17 14
9 14 12
9 14 13
9 17 16
9 16 15
9 27 26
9 26 24
9 24 23
9 26 25
10 31 0
10 31 30
10 30 29
10 29 1
10 29 28
10 28 2
10 28 27
10 27 22
10 22 21
10 21 20
10 20 19
10 19 13
10 13 10
10 10 8
10 8 5
10 5 3
10 5 4
10 8 7
10 7 6
10 10 9
10 13 12
10 12 11
10 19 18
10 18 17
10 17 16
10 16 14
10 16 15
10 27 26
10 26 23
10 26 25
10 25 24
11 30 24
11 24 23
11 23 0
11 23 22
11 22 21
11 21 20
11 20 19
11 19 18
11 18 17
11 17 16
11 16 2
11 2 1
11 16 15
11 15 14
11 14 8
11 8 7
11 7 6
11 6 3
11 6 5
11 5 4
11 14 13
11 13 10
11 10 9
11 13 12
11 12 11
11 30 29
11 29 25
11 29 28
11 28 26
11 28 27
12 33 32
12 32 29
12 29 28
12 28 27
12 27 0
12 27 26
12 26 25
12 25 24
12 24 22
12 22 16
12 16 15
12 15 14
12 14 1
12 14 13
12 13 2
12 13 12
12 12 4
12 4 3
12 12 11
12 11 10
12 10 7
12 7 6
12 6 5
12 10 9
12 9 8
12 22 21
12 21 20
12 20 17
12 20 19
12 19 18
12 24 23
12 32 31
12 31 30
13 30 2
13 2 1
13 1 0
13 30 29
13 29 28
13 28 25
13 25 24
13 24 9
13 9 6
13 6 3
13 6 5
13 5 4
13 9 8
13 8 7
13 24 23
13 23 10
13 23 22
13 22 11
13 22 21
13 21 19
13 19 12
13 19 18
13 18 16
13 16 13
13 16 15
13 15 14
13 18 17
13 21 20
13 28 27
13 27 26
14 31 7
14 7 3
14 3 2
14 2 1
14 1 0
14 7 6
14 6 5
14 5 4
14 31 30
14 30 29
14 29 18
14 18 17
14 17 16
14 16 14
14 14 9
14 9 8
14 14 13
14 13 11
14 11 10
14 13 12
14 16 15
14 29 28
14 28 19
14 28 27
14 27 20
14 27 26
14 26 24
14 24 21
14 24 23
14 23 22
14 26 25
15 32 0
15 32 31
15 31 30
15 30 3
15 3 2
15 2 1
15 30 29
15 29 28
15 28 7
15 7 6
15 6 5
15 5 4
15 28 27
15 27 26
15 26 23
15 23 16
15 16 15
15 15 8
15 15 14
15 14 13
15 13 11
15 11 10
15 10 9
15 13 12
15 23 22
15 22 21
15 21 19
15 19 17
15 19 18
15 21 20
15 26 25
15 25 24
16 33 31
16 31 29
16 29 7
16 7 5
16 5 3
16 3 2
16 2 1
16 1 0
16 5 4
16 7 6
16 29 28
16 28 8
16 28 27
16 27 25
16 25 24
16 24 22
16 22 19
16 19 9
16 19 18
16 18 17
16 17 10
16 17 16
16 16 14
16 14 13
16 13 11
16 13 12
16 16 15
16 22 21
16 21 20
16 24 23
16 27 26
16 31 30
16 33 32
17 32 31
17 31 30
17 30 27
17 27 25
17 25 3
17 3 2
17 2 0
17 2 1
17 25 24
17 24 10
17 10 9
17 9 7
17 7 4
17 7 6
17 6 5
17 9 8
17 24 23
17 23 22
17 22 21
17 21 16
17 16 12
17 12 11
17 16 15
17 15 14
17 14 13
17 21 20
17 20 18
17 18 17
17 20 19
17 27 26
17 30 29
17 29 28
18 33 32
18 32 31
18 31 30
18 30 27
18 27 26
18 26 9
18 9 7
18 7 6
18 6 5
18 5 4
18 4 3
18 3 0
18 3 2
18 2 1
18 9 8
18 26 25
18 25 24
18 24 23
18 23 22
18 22 11
18 11 10
18 22 21
18 21 12
18 21 20
18 20 13
18 20 19
18 19 17
18 17 15
18 15 14
18 17 16
18 19 18
18 30 29
18 29 28
19 31 24
19 24 8
19 8 0
19 8 7
19 7 6
19 6 5
19 5 2
19 2 1
19 5 4
19 4 3
19 24 23
19 23 22
19 22 19
19 19 15
19 15 9
19 15 14
19 14 13
19 13 10
19 13 12
19 12 11
19 19 18
19 18 17
19 17 16
19 22 21
19 21 20
19 31 30
19 30 28
19 28 27
19 27 26
19 26 25
19 30 29
20 33 28
20 28 16
20 16 0
20 16 15
20 15 1
20 15 14
20 14 13
20 13 12
20 12 9
20 9 8
20 8 7
20 7 6
20 6 2
20 6 5
20 5 3
20 5 4
20 12 11
20 11 10
20 28 27
20 27 26
20 26 17
20 26 25
20 25 24
20 24 22
20 22 18
20 22 21
20 21 20
20 20 19
20 24 23
20 33 32
20 32 31
20 31 29
20 31 30
21 30 4
21 4 3
21 3 1
21 1 0
21 3 2
21 30 29
21 29 28
21 28 5
21 28 27
21 27 6
21 27 26
21 26 25
21 25 13
21 13 7
21 13 12
21 12 8
21 12 11
21 11 9
21 11 10
21 25 24
21 24 23
21 23 18
21 18 16
21 16 15
21 15 14
21 18 17
21 23 22
21 22 20
21 20 19
21 22 21
22 32 31
22 31 0
22 31 30
22 30 29
22 29 3
22 3 2
22 2 1
22 29 28
22 28 27
22 27 7
22 7 6
22 6 4
22 6 5
22 27 26
22 26 9
22 9 8
22 26 25
22 25 24
22 24 23
22 23 22
22 22 21
22 21 10
22 21 20
22 20 19
22 19 18
22 18 11
22 18 17
22 17 16
22 16 14
22 14 12
22 14 13
22 16 15
23 30 20
23 20 19
23 19 2
23 2 0
23 2 1
23 19 18
23 18 3
23 18 17
23 17 16
23 16 15
23 15 13
23 13 8
23 8 4
23 8 7
23 7 5
23 7 6
23 13 12
23 12 11
23 11 10
23 10 9
23 15 14
23 30 29
23 29 28
23 28 23
23 23 21
23 23 22
23 28 27
23 27 25
23 25 24
23 27 26
24 31 27
24 27 26
24 26 0
24 26 25
24 25 22
24 22 21
24 21 19
24 19 7
24 7 4
24 4 3
24 3 1
24 3 2
24 7 6
24 6 5
24 19 18
24 18 11
24 11 10
24 10 9
24 9 8
24 18 17
24 17 12
24 17 16
24 16 13
24 16 15
24 15 14
24 21 20
24 25 24
24 24 23
24 31 30
24 30 28
24 30 29
25 30 26
25 26 18
25 18 4
25 4 3
25 3 0
25 3 2
25 2 1
25 18 17
25 17 16
25 16 14
25 14 8
25 8 7
25 7 6
25 6 5
25 14 13
25 13 10
25 10 9
25 13 12
25 12 11
25 16 15
25 26 25
25 25 24
25 24 22
25 22 21
25 21 20
25 20 19
25 24 23
25 30 29
25 29 28
25 28 27
26 31 26
26 26 25
26 25 24
26 24 23
26 23 21
26 21 7
26 7 6
26 6 5
26 5 2
26 2 0
26 2 1
26 5 4
26 4 3
26 21 20
26 20 19
26 19 10
26 10 8
26 10 9
26 19 18
26 18 17
26 17 14
26 14 12
26 12 11
26 14 13
26 17 16
26 16 15
26 23 22
26 31 30
26 30 28
26 28 27
26 30 29
27 33 30
27 30 29
27 29 2
27 2 1
27 1 0
27 29 28
27 28 25
27 25 3
27 25 24
27 24 23
27 23 21
27 21 4
27 21 20
27 20 16
27 16 6
27 6 5
27 16 15
27 15 13
27 13 8
27 8 7
27 13 12
27 12 11
27 11 9
27 11 10
27 15 14
27 20 19
27 19 18
27 18 17
27 23 22
27 28 27
27 27 26
27 33 32
27 32 31
28 32 31
28 31 24
28 24 18
28 18 17
28 17 11
28 11 1
28 1 0
28 11 10
28 10 2
28 10 9
28 9 8
28 8 7
28 7 6
28 6 4
28 4 3
28 6 5
28 17 16
28 16 15
28 15 14
28 14 13
28 13 12
28 24 23
28 23 21
28 21 19
28 21 20
28 23 22
28 31 30
28 30 29
28 29 28
28 28 26
28 26 25
28 28 27
29 31 3
29 3 2
29 2 1
29 1 0
29 31 30
29 30 29
29 29 4
29 29 28
29 28 5
29 28 27
29 27 26
29 26 6
29 26 25
29 25 7
29 25 24
29 24 8
29 24 23
29 23 10
29 10 9
29 23 22
29 22 21
29 21 11
29 21 20
29 20 12
29 20 19
29 19 18
29 18 17
29 17 13
29 17 16
29 16 15
29 15 14
30 29 28
30 28 26
30 26 0
30 26 25
30 25 6
30 6 5
30 5 4
30 4 3
30 3 2
30 2 1
30 25 24
30 24 23
30 23 22
30 22 21
30 21 18
30 18 17
30 17 15
30 15 14
30 14 9
30 9 8
30 8 7
30 14 13
30 13 12
30 12 10
30 12 11
30 17 16
30 21 20
30 20 19
30 28 27
31 30 26
31 26 24
31 24 23
31 23 22
31 22 4
31 4 2
31 2 1
31 1 0
31 4 3
31 22 21
31 21 11
31 11 10
31 10 9
31 9 8
31 8 7
31 7 6
31 6 5
31 21 20
31 20 19
31 19 14
31 14 12
31 14 13
31 19 18
31 18 17
31 17 16
31 16 15
31 26 25
31 30 29
31 29 28
31 28 27
32 32 31
32 31 30
32 30 28
32 28 3
32 3 0
32 3 2
32 2 1
32 28 27
32 27 25
32 25 24
32 24 22
32 22 10
32 10 9
32 9 5
32 5 4
32 9 8
32 8 6
32 8 7
32 22 21
32 21 14
32 14 13
32 13 11
32 13 12
32 21 20
32 20 18
32 18 15
32 18 17
32 17 16
32 20 19
32 24 23
32 27 26
32 30 29
33 30 29
33 29 27
33 27 0
33 27 26
33 26 20
33 20 2
33 2 1
33 20 19
33 19 6
33 6 4
33 4 3
33 6 5
33 19 18
33 18 10
33 10 8
33 8 7
33 10 9
33 18 17
33 17 16
33 16 15
33 15 13
33 13 11
33 13 12
33 15 14
33 26 25
33 25 24
33 24 22
33 22 21
33 24 23
33 29 28
34 30 29
34 29 0
34 29 28
34 28 27
34 27 20
34 20 9
34 9 8
34 8 4
34 4 3
34 3 1
34 3 2
34 8 7
34 7 6
34 6 5
34 20 19
34 19 18
34 18 17
34 17 16
34 16 15
34 15 10
34 15 14
34 14 13
34 13 12
34 12 11
34 27 26
34 26 23
34 23 22
34 22 21
34 26 25
34 25 24
35 29 28
35 28 14
35 14 13
35 13 12
35 12 10
35 10 9
35 9 2
35 2 0
35 2 1
35 9 8
35 8 3
35 8 7
35 7 5
35 5 4
35 7 6
35 12 11
35 28 27
35 27 25
35 25 23
35 23 19
35 19 15
35 19 18
35 18 17
35 17 16
35 23 22
35 22 20
35 22 21
35 25 24
35 27 26
36 33 32
36 32 13
36 13 12
36 12 2
36 2 1
36 1 0
36 12 11
36 11 10
36 10 9
36 9 4
36 4 3
36 9 8
36 8 7
36 7 6
36 6 5
36 32 31
36 31 27
36 27 14
36 27 26
36 26 25
36 25 16
36 16 15
36 25 24
36 24 22
36 22 17
36 22 21
36 21 18
36 21 20
36 20 19
36 24 23
36 31 30
36 30 28
36 30 29
37 31 25
37 25 12
37 12 0
37 12 11
37 11 3
37 3 2
37 2 1
37 11 10
37 10 7
37 7 6
37 6 4
37 6 5
37 10 9
37 9 8
37 25 24
37 24 16
37 16 15
37 15 14
37 14 13
37 24 23
37 23 22
37 22 17
37 22 21
37 21 19
37 19 18
37 21 20
37 31 30
37 30 29
37 29 27
37 27 26
37 29 28
38 30 1
38 1 0
38 30 29
38 29 28
38 28 26
38 26 3
38 3 2
38 26 25
38 25 24
38 24 20
38 20 19
38 19 9
38 9 8
38 8 7
38 7 6
38 6 5
38 5 4
38 19 18
38 18 10
38 18 17
38 17 14
38 14 11
38 14 13
38 13 12
38 17 16
38 16 15
38 24 23
38 23 21
38 23 22
38 28 27
39 31 30
39 30 0
39 30 29
39 29 27
39 27 13
39 13 12
39 12 11
39 11 10
39 10 4
39 4 2
39 2 1
39 4 3
39 10 9
39 9 5
39 9 8
39 8 7
39 7 6
39 27 26
39 26 25
39 25 19
39 19 18
39 18 16
39 16 14
39 16 15
39 18 17
39 25 24
39 24 23
39 23 22
39 22 21
39 21 20
39 29 28
40 33 32
40 32 1
40 1 0
40 32 31
40 31 29
40 29 24
40 24 22
40 22 21
40 21 19
40 19 2
40 19 18
40 18 16
40 16 7
40 7 4
40 4 3
40 7 6
40 6 5
40 16 15
40 15 9
40 9 8
40 15 14
40 14 13
40 13 11
40 11 10
40 13 12
40 18 17
40 21 20
40 24 23
40 29 28
40 28 27
40 27 26
40 26 25
40 31 30
41 31 30
41 30 2
41 2 1
41 1 0
41 30 29
41 29 28
41 28 27
41 27 18
41 18 3
41 18 17
41 17 15
41 15 14
41 14 13
41 13 11
41 11 10
41 10 9
41 9 7
41 7 4
41 7 6
41 6 5
41 9 8
41 13 12
41 17 16
41 27 26
41 26 25
41 25 24
41 24 23
41 23 22
41 22 21
41 21 19
41 21 20
42 33 32
42 32 31
42 31 27
42 27 23
42 23 16
42 16 14
42 14 2
42 2 1
42 1 0
42 14 13
42 13 12
42 12 3
42 12 11
42 11 4
42 11 10
42 10 9
42 9 8
42 8 7
42 7 5
42 7 6
42 16 15
42 23 22
42 22 19
42 19 17
42 19 18
42 22 21
42 21 20
42 27 26
42 26 25
42 25 24
42 31 30
42 30 28
42 30 29
43 31 30
43 30 29
43 29 28
43 28 27
43 27 13
43 13 12
43 12 11
43 11 2
43 2 1
43 1 0
43 11 10
43 10 9
43 9 5
43 5 3
43 5 4
43 9 8
43 8 7
43 7 6
43 27 26
43 26 25
43 25 14
43 25 24
43 24 21
43 21 15
43 21 20
43 20 16
43 20 19
43 19 18
43 18 17
43 24 23
43 23 22
44 31 30
44 30 0
44 30 29
44 29 28
44 28 20
44 20 19
44 19 3
44 3 1
44 3 2
44 19 18
44 18 5
44 5 4
44 18 17
44 17 12
44 12 10
44 10 6
44 10 9
44 9 7
44 9 8
44 12 11
44 17 16
44 16 15
44 15 14
44 14 13
44 28 27
44 27 24
44 24 22
44 22 21
44 24 23
44 27 26
44 26 25
45 34 33
45 33 31
45 31 6
45 6 4
45 4 3
45 3 0
45 3 2
45 2 1
45 6 5
45 31 30
45 30 8
45 8 7
45 30 29
45 29 13
45 13 9
45 13 12
45 12 11
45 11 10
45 29 28
45 28 24
45 24 22
45 22 14
45 22 21
45 21 20
45 20 18
45 18 17
45 17 16
45 16 15
45 20 19
45 24 23
45 28 27
45 27 25
45 27 26
45 33 32
46 33 32
46 32 0
46 32 31
46 31 8
46 8 7
46 7 6
46 6 4
46 4 1
46 4 3
46 3 2
46 6 5
46 31 30
46 30 18
46 18 11
46 11 9
46 11 10
46 18 17
46 17 16
46 16 12
46 16 15
46 15 13
46 15 14
46 30 29
46 29 28
46 28 27
46 27 25
46 25 24
46 24 23
46 23 19
46 23 22
46 22 21
46 21 20
46 27 26
47 33 32
47 32 31
47 31 0
47 31 30
47 30 24
47 24 22
47 22 19
47 19 18
47 18 17
47 17 1
47 17 16
47 16 9
47 9 2
47 9 8
47 8 5
47 5 4
47 4 3
47 8 7
47 7 6
47 16 15
47 15 14
47 14 12
47 12 11
47 11 10
47 14 13
47 22 21
47 21 20
47 24 23
47 30 29
47 29 28
47 28 26
47 26 25
47 28 27
48 31 30
48 30 29
48 29 6
48 6 3
48 3 0
48 3 2
48 2 1
48 6 5
48 5 4
48 29 28
48 28 27
48 27 14
48 14 11
48 11 7
48 11 10
48 10 8
48 10 9
48 14 13
48 13 12
48 27 26
48 26 25
48 25 24
48 24 22
48 22 18
48 18 17
48 17 15
48 17 16
48 22 21
48 21 20
48 20 19
48 24 23
49 32 4
49 4 1
49 1 0
49 4 3
49 3 2
49 32 31
49 31 7
49 7 5
49 7 6
49 31 30
49 30 29
49 29 9
49 9 8
49 29 28
49 28 27
49 27 26
49 26 11
49 11 10
49 26 25
49 25 12
49 25 24
49 24 23
49 23 21
49 21 20
49 20 13
49 20 19
49 19 17
49 17 16
49 16 15
49 15 14
49 19 18
49 23 22
50 33 3
50 3 2
50 2 1
50 1 0
50 33 32
50 32 29
50 29 6
50 6 5
50 5 4
50 29 28
50 28 9
50 9 8
50 8 7
50 28 27
50 27 26
50 26 25
50 25 10
50 25 24
50 24 11
50 24 23
50 23 22
50 22 12
50 22 21
50 21 14
50 14 13
50 21 20
50 20 19
50 19 15
50 19 18
50 18 16
50 18 17
50 32 31
50 31 30
51 29 6
51 6 5
51 5 1
51 1 0
51 5 4
51 4 3
51 3 2
51 29 28
51 28 17
51 17 9
51 9 7
51 9 8
51 17 16
51 16 15
51 15 14
51 14 10
51 14 13
51 13 12
51 12 11
51 28 27
51 27 19
51 19 18
51 27 26
51 26 20
51 26 25
51 25 24
51 24 23
51 23 22
51 22 21
52 32 3
52 3 0
52 3 2
52 2 1
52 32 31
52 31 29
52 29 5
52 5 4
52 29 28
52 28 23
52 23 6
52 23 22
52 22 7
52 22 21
52 21 13
52 13 11
52 11 10
52 10 9
52 9 8
52 13 12
52 21 20
52 20 19
52 19 14
52 19 18
52 18 17
52 17 16
52 16 15
52 28 27
52 27 24
52 27 26
52 26 25
52 31 30
53 34 0
53 34 33
53 33 32
53 32 2
53 2 1
53 32 31
53 31 4
53 4 3
53 31 30
53 30 28
53 28 7
53 7 5
53 7 6
53 28 27
53 27 26
53 26 25
53 25 24
53 24 23
53 23 22
53 22 9
53 9 8
53 22 21
53 21 16
53 16 10
53 16 15
53 15 12
53 12 11
53 15 14
53 14 13
53 21 20
53 20 19
53 19 17
53 19 18
53 30 29
54 31 0
54 31 30
54 30 28
54 28 27
54 27 1
54 27 26
54 26 24
54 24 17
54 17 16
54 16 15
54 15 13
54 13 12
54 12 2
54 12 11
54 11 10
54 10 7
54 7 6
54 6 3
54 6 5
54 5 4
54 10 9
54 9 8
54 15 14
54 24 23
54 23 20
54 20 18
54 20 19
54 23 22
54 22 21
54 26 25
54 30 29
55 29 26
55 26 24
55 24 23
55 23 21
55 21 6
55 6 5
55 5 3
55 3 2
55 2 0
55 2 1
55 5 4
55 21 20
55 20 19
55 19 18
55 18 13
55 13 12
55 12 7
55 12 11
55 11 9
55 9 8
55 11 10
55 18 17
55 17 15
55 15 14
55 17 16
55 23 22
55 26 25
55 29 28
55 28 27
56 29 24
56 24 0
56 24 23
56 23 22
56 22 17
56 17 16
56 16 13
56 13 12
56 12 8
56 8 7
56 7 3
56 3 2
56 2 1
56 7 6
56 6 4
56 6 5
56 12 11
56 11 10
56 10 9
56 16 15
56 15 14
56 22 21
56 21 20
56 20 19
56 19 18
56 29 28
56 28 26
56 26 25
56 28 27
57 34 31
57 31 29
57 29 18
57 18 10
57 10 2
57 2 0
57 2 1
57 10 9
57 9 4
57 4 3
57 9 8
57 8 6
57 6 5
57 8 7
57 18 17
57 17 13
57 13 12
57 12 11
57 17 16
57 16 15
57 15 14
57 29 28
57 28 26
57 26 24
57 24 22
57 22 21
57 21 19
57 21 20
57 24 23
57 26 25
57 28 27
57 31 30
57 34 33
57 33 32
58 30 29
58 29 27
58 27 0
58 27 26
58 26 9
58 9 1
58 9 8
58 8 7
58 7 3
58 3 2
58 7 6
58 6 4
58 6 5
58 26 25
58 25 24
58 24 12
58 12 11
58 11 10
58 24 23
58 23 22
58 22 21
58 21 14
58 14 13
58 21 20
58 20 19
58 19 16
58 16 15
58 19 18
58 18 17
58 29 28
59 30 1
59 1 0
59 30 29
59 29 2
59 29 28
59 28 9
59 9 8
59 8 5
59 5 3
59 5 4
59 8 7
59 7 6
59 28 27
59 27 26
59 26 24
59 24 23
59 23 22
59 22 20
59 20 17
59 17 10
59 17 16
59 16 15
59 15 14
59 14 12
59 12 11
59 14 13
59 20 19
59 19 18
59 22 21
59 26 25
60 32 31
60 31 30
60 30 5
60 5 0
60 5 4
60 4 3
60 3 2
60 2 1
60 30 29
60 29 6
60 29 28
60 28 27
60 27 26
60 26 7
60 26 25
60 25 11
60 11 10
60 10 9
60 9 8
60 25 24
60 24 16
60 16 15
60 15 12
60 15 14
60 14 13
60 24 23
60 23 22
60 22 17
60 22 21
60 21 18
60 21 20
60 20 19
61 33 0
61 33 32
61 32 1
61 32 31
61 31 25
61 25 17
61 17 5
61 5 2
61 5 4
61 4 3
61 17 16
61 16 15
61 15 13
61 13 7
61 7 6
61 13 12
61 12 8
61 12 11
61 11 10
61 10 9
61 15 14
61 25 24
61 24 22
61 22 19
61 19 18
61 22 21
61 21 20
61 24 23
61 31 30
61 30 29
61 29 27
61 27 26
61 29 28
62 29 28
62 28 27
62 27 0
62 27 26
62 26 25
62 25 24
62 24 20
62 20 19
62 19 18
62 18 16
62 16 15
62 15 13
62 13 12
62 12 2
62 2 1
62 12 11
62 11 3
62 11 10
62 10 6
62 6 4
62 6 5
62 10 9
62 9 8
62 8 7
62 15 14
62 18 17
62 24 23
62 23 22
62 22 21
63 34 22
63 22 21
63 21 20
63 20 18
63 18 17
63 17 16
63 16 15
63 15 5
63 5 0
63 5 4
63 4 3
63 3 2
63 2 1
63 15 14
63 14 6
63 14 13
63 13 12
63 12 7
63 12 11
63 11 10
63 10 9
63 9 8
63 20 19
63 34 33
63 33 32
63 32 24
63 24 23
63 32 31
63 31 27
63 27 25
63 27 26
63 31 30
63 30 28
63 30 29
64 30 0
64 30 29
64 29 24
64 24 2
64 2 1
64 24 23
64 23 22
64 22 20
64 20 19
64 19 17
64 17 13
64 13 12
64 12 11
64 11 5
64 5 3
64 5 4
64 11 10
64 10 8
64 8 7
64 7 6
64 10 9
64 17 16
64 16 15
64 15 14
64 19 18
64 22 21
64 29 28
64 28 27
64 27 25
64 27 26
65 29 8
65 8 7
65 7 0
65 7 6
65 6 4
65 4 2
65 2 1
65 4 3
65 6 5
65 29 28
65 28 9
65 28 27
65 27 26
65 26 25
65 25 21
65 21 20
65 20 16
65 16 15
65 15 12
65 12 11
65 11 10
65 15 14
65 14 13
65 20 19
65 19 17
65 19 18
65 25 24
65 24 23
65 23 22
66 31 29
66 29 28
66 28 0
66 28 27
66 27 25
66 25 16
66 16 15
66 15 8
66 8 7
66 7 4
66 4 3
66 3 1
66 3 2
66 7 6
66 6 5
66 15 14
66 14 13
66 13 12
66 12 10
66 10 9
66 12 11
66 25 24
66 24 21
66 21 17
66 21 20
66 20 18
66 20 19
66 24 23
66 23 22
66 27 26
66 31 30
67 30 28
67 28 21
67 21 20
67 20 19
67 19 1
67 1 0
67 19 18
67 18 17
67 17 16
67 16 15
67 15 14
67 14 13
67 13 2
67 13 12
67 12 11
67 11 4
67 4 3
67 11 10
67 10 9
67 9 7
67 7 6
67 6 5
67 9 8
67 28 27
67 27 25
67 25 24
67 24 22
67 24 23
67 27 26
67 30 29
68 29 0
68 29 28
68 28 24
68 24 23
68 23 3
68 3 2
68 2 1
68 23 22
68 22 15
68 15 14
68 14 4
68 14 13
68 13 12
68 12 11
68 11 5
68 11 10
68 10 8
68 8 7
68 7 6
68 10 9
68 22 21
68 21 20
68 20 19
68 19 18
68 18 16
68 18 17
68 28 27
68 27 25
68 27 26
69 29 23
69 23 22
69 22 1
69 1 0
69 22 21
69 21 20
69 20 19
69 19 9
69 9 8
69 8 7
69 7 6
69 6 3
69 3 2
69 6 5
69 5 4
69 19 18
69 18 17
69 17 11
69 11 10
69 17 16
69 16 15
69 15 13
69 13 12
69 15 14
69 29 28
69 28 24
69 28 27
69 27 25
69 27 26
70 29 27
70 27 26
70 26 25
70 25 0
70 25 24
70 24 1
70 24 23
70 23 15
70 15 12
70 12 11
70 11 2
70 11 10
70 10 9
70 9 8
70 8 4
70 4 3
70 8 7
70 7 5
70 7 6
70 15 14
70 14 13
70 23 22
70 22 21
70 21 20
70 20 19
70 19 16
70 19 18
70 18 17
70 29 28
71 30 28
71 28 24
71 24 10
71 10 9
71 9 8
71 8 5
71 5 0
71 5 4
71 4 1
71 4 3
71 3 2
71 8 7
71 7 6
71 24 23
71 23 19
71 19 14
71 14 13
71 13 12
71 12 11
71 19 18
71 18 17
71 17 15
71 17 16
71 23 22
71 22 21
71 21 20
71 28 27
71 27 25
71 27 26
71 30 29
72 34 33
72 33 3
72 3 0
72 3 2
72 2 1
72 33 32
72 32 9
72 9 8
72 8 7
72 7 6
72 6 5
72 5 4
72 32 31
72 31 30
72 30 15
72 15 13
72 13 12
72 12 10
72 12 11
72 15 14
72 30 29
72 29 22
72 22 21
72 21 20
72 20 16
72 20 19
72 19 18
72 18 17
72 29 28
72 28 26
72 26 25
72 25 24
72 24 23
72 28 27
73 30 0
73 30 29
73 29 27
73 27 26
73 26 3
73 3 2
73 2 1
73 26 25
73 25 21
73 21 20
73 20 19
73 19 5
73 5 4
73 19 18
73 18 16
73 16 7
73 7 6
73 16 15
73 15 14
73 14 8
73 14 13
73 13 10
73 10 9
73 13 12
73 12 11
73 18 17
73 25 24
73 24 23
73 23 22
73 29 28
74 33 0
74 33 32
74 32 30
74 30 29
74 29 14
74 14 13
74 13 12
74 12 7
74 7 5
74 5 1
74 5 4
74 4 2
74 4 3
74 7 6
74 12 11
74 11 8
74 11 10
74 10 9
74 29 28
74 28 27
74 27 26
74 26 25
74 25 24
74 24 23
74 23 21
74 21 15
74 21 20
74 20 19
74 19 17
74 17 16
74 19 18
74 23 22
74 32 31
75 32 30
75 30 29
75 29 0
75 29 28
75 28 4
75 4 3
75 3 1
75 3 2
75 28 27
75 27 25
75 25 9
75 9 5
75 9 8
75 8 7
75 7 6
75 25 24
75 24 14
75 14 13
75 13 11
75 11 10
75 13 12
75 24 23
75 23 22
75 22 21
75 21 19
75 19 18
75 18 16
75 16 15
75 18 17
75 21 20
75 27 26
75 32 31
76 31 1
76 1 0
76 31 30
76 30 14
76 14 11
76 11 10
76 10 8
76 8 3
76 3 2
76 8 7
76 7 6
76 6 4
76 6 5
76 10 9
76 14 13
76 13 12
76 30 29
76 29 28
76 28 15
76 28 27
76 27 26
76 26 16
76 26 25
76 25 24
76 24 20
76 20 17
76 20 19
76 19 18
76 24 23
76 23 22
76 22 21
77 33 0
77 33 32
77 32 1
77 32 31
77 31 29
77 29 2
77 29 28
77 28 27
77 27 22
77 22 21
77 21 19
77 19 18
77 18 17
77 17 16
77 16 15
77 15 4
77 4 3
77 15 14
77 14 13
77 13 12
77 12 10
77 10 5
77 10 9
77 9 6
77 9 8
77 8 7
77 12 11
77 21 20
77 27 26
77 26 24
77 24 23
77 26 25
77 31 30
78 30 29
78 29 8
78 8 7
78 7 6
78 6 4
78 4 3
78 3 0
78 3 2
78 2 1
78 6 5
78 29 28
78 28 9
78 28 27
78 27 24
78 24 10
78 24 23
78 23 22
78 22 21
78 21 20
78 20 18
78 18 17
78 17 12
78 12 11
78 17 16
78 16 15
78 15 13
78 15 14
78 20 19
78 27 26
78 26 25
79 32 30
79 30 29
79 29 1
79 1 0
79 29 28
79 28 7
79 7 5
79 5 2
79 5 4
79 4 3
79 7 6
79 28 27
79 27 24
79 24 22
79 22 21
79 21 20
79 20 19
79 19 17
79 17 16
79 16 15
79 15 13
79 13 11
79 11 9
79 9 8
79 11 10
79 13 12
79 15 14
79 19 18
79 24 23
79 27 26
79 26 25
79 32 31
80 31 6
80 6 4
80 4 0
80 4 3
80 3 1
80 3 2
80 6 5
80 31 30
80 30 19
80 19 8
80 8 7
80 19 18
80 18 10
80 10 9
80 18 17
80 17 11
80 17 16
80 16 15
80 15 13
80 13 12
80 15 14
80 30 29
80 29 24
80 24 23
80 23 22
80 22 21
80 21 20
80 29 28
80 28 26
80 26 25
80 28 27
81 29 28
81 28 24
81 24 23
81 23 21
81 21 20
81 20 19
81 19 11
81 11 9
81 9 2
81 2 0
81 2 1
81 9 8
81 8 7
81 7 6
81 6 3
81 6 5
81 5 4
81 11 10
81 19 18
81 18 12
81 18 17
81 17 16
81 16 15
81 15 14
81 14 13
81 23 22
81 28 27
81 27 26
81 26 25
82 33 26
82 26 0
82 26 25
82 25 24
82 24 23
82 23 1
82 23 22
82 22 21
82 21 19
82 19 18
82 18 4
82 4 2
82 4 3
82 18 17
82 17 15
82 15 6
82 6 5
82 15 14
82 14 13
82 13 11
82 11 7
82 11 10
82 10 8
82 10 9
82 13 12
82 17 16
82 21 20
82 33 32
82 32 28
82 28 27
82 32 31
82 31 29
82 31 30
83 29 28
83 28 25
83 25 24
83 24 21
83 21 20
83 20 12
83 12 6
83 6 5
83 5 0
83 5 4
83 4 3
83 3 2
83 2 1
83 12 11
83 11 10
83 10 7
83 10 9
83 9 8
83 20 19
83 19 18
83 18 17
83 17 15
83 15 13
83 15 14
83 17 16
83 24 23
83 23 22
83 28 27
83 27 26
84 33 31
84 31 30
84 30 5
84 5 1
84 1 0
84 5 4
84 4 3
84 3 2
84 30 29
84 29 27
84 27 6
84 27 26
84 26 8
84 8 7
84 26 25
84 25 11
84 11 10
84 10 9
84 25 24
84 24 23
84 23 22
84 22 12
84 22 21
84 21 13
84 21 20
84 20 19
84 19 14
84 19 18
84 18 17
84 17 15
84 17 16
84 29 28
84 33 32
85 32 31
85 31 20
85 20 2
85 2 1
85 1 0
85 20 19
85 19 17
85 17 12
85 12 11
85 11 10
85 10 9
85 9 8
85 8 4
85 4 3
85 8 7
85 7 5
85 7 6
85 17 16
85 16 13
85 16 15
85 15 14
85 19 18
85 31 30
85 30 21
85 30 29
85 29 25
85 25 22
85 25 24
85 24 23
85 29 28
85 28 26
85 28 27
86 31 30
86 30 9
86 9 7
86 7 5
86 5 4
86 4 3
86 3 1
86 1 0
86 3 2
86 7 6
86 9 8
86 30 29
86 29 28
86 28 27
86 27 26
86 26 25
86 25 24
86 24 20
86 20 17
86 17 16
86 16 15
86 15 14
86 14 13
86 13 10
86 13 12
86 12 11
86 20 19
86 19 18
86 24 23
86 23 22
86 22 21
87 29 6
87 6 5
87 5 1
87 1 0
87 5 4
87 4 2
87 4 3
87 29 28
87 28 27
87 27 25
87 25 7
87 25 24
87 24 23
87 23 22
87 22 20
87 20 18
87 18 16
87 16 11
87 11 9
87 9 8
87 11 10
87 16 15
87 15 14
87 14 12
87 14 13
87 18 17
87 20 19
87 22 21
87 27 26
88 29 11
88 11 10
88 10 9
88 9 8
88 8 7
88 7 6
88 6 2
88 2 1
88 1 0
88 6 5
88 5 3
88 5 4
88 29 28
88 28 12
88 28 27
88 27 26
88 26 25
88 25 13
88 25 24
88 24 23
88 23 22
88 22 21
88 21 20
88 20 15
88 15 14
88 20 19
88 19 16
88 19 18
88 18 17
89 32 31
89 31 29
89 29 28
89 28 0
89 28 27
89 27 1
89 27 26
89 26 17
89 17 14
89 14 13
89 13 2
89 13 12
89 12 3
89 12 11
89 11 10
89 10 9
89 9 8
89 8 6
89 6 4
89 6 5
89 8 7
89 17 16
89 16 15
89 26 25
89 25 22
89 22 18
89 22 21
89 21 20
89 20 19
89 25 24
89 24 23
89 31 30
90 29 0
90 29 28
90 28 26
90 26 25
90 25 24
90 24 18
90 18 2
90 2 1
90 18 17
90 17 11
90 11 7
90 7 3
90 7 6
90 6 5
90 5 4
90 11 10
90 10 8
90 10 9
90 17 16
90 16 15
90 15 14
90 14 13
90 13 12
90 24 23
90 23 22
90 22 19
90 22 21
90 21 20
90 28 27
91 30 29
91 29 26
91 26 2
91 2 1
91 1 0
91 26 25
91 25 23
91 23 15
91 15 14
91 14 13
91 13 10
91 10 6
91 6 5
91 5 3
91 5 4
91 10 9
91 9 7
91 9 8
91 13 12
91 12 11
91 23 22
91 22 20
91 20 17
91 17 16
91 20 19
91 19 18
91 22 21
91 25 24
91 29 28
91 28 27
92 29 0
92 29 28
92 28 27
92 27 1
92 27 26
92 26 25
92 25 2
92 25 24
92 24 23
92 23 3
92 23 22
92 22 21
92 21 20
92 20 19
92 19 18
92 18 9
92 9 8
92 8 7
92 7 6
92 6 4
92 6 5
92 18 17
92 17 10
92 17 16
92 16 15
92 15 14
92 14 12
92 12 11
92 14 13
93 34 33
93 33 32
93 32 22
93 22 2
93 2 0
93 2 1
93 22 21
93 21 17
93 17 8
93 8 3
93 8 7
93 7 4
93 7 6
93 6 5
93 17 16
93 16 12
93 12 11
93 11 10
93 10 9
93 16 15
93 15 14
93 14 13
93 21 20
93 20 18
93 20 19
93 32 31
93 31 25
93 25 23
93 25 24
93 31 30
93 30 29
93 29 28
93 28 26
93 28 27
94 31 29
94 29 0
94 29 28
94 28 24
94 24 23
94 23 16
94 16 14
94 14 11
94 11 3
94 3 2
94 2 1
94 11 10
94 10 5
94 5 4
94 10 9
94 9 7
94 7 6
94 9 8
94 14 13
94 13 12
94 16 15
94 23 22
94 22 20
94 20 19
94 19 18
94 18 17
94 22 21
94 28 27
94 27 26
94 26 25
94 31 30
95 32 31
95 31 30
95 30 19
95 19 18
95 18 16
95 16 15
95 15 1
95 1 0
95 15 14
95 14 13
95 13 12
95 12 10
95 10 9
95 9 4
95 4 3
95 3 2
95 9 8
95 8 7
95 7 6
95 6 5
95 12 11
95 18 17
95 30 29
95 29 22
95 22 20
95 22 21
95 29 28
95 28 27
95 27 26
95 26 23
95 26 25
95 25 24
96 32 1
96 1 0
96 32 31
96 31 11
96 11 10
96 10 8
96 8 7
96 7 5
96 5 4
96 4 2
96 4 3
96 7 6
96 10 9
96 31 30
96 30 29
96 29 24
96 24 23
96 23 20
96 20 18
96 18 16
96 16 15
96 15 14
96 14 13
96 13 12
96 18 17
96 20 19
96 23 22
96 22 21
96 29 28
96 28 27
96 27 26
96 26 25
97 29 28
97 28 5
97 5 4
97 4 1
97 1 0
97 4 3
97 3 2
97 28 27
97 27 26
97 26 8
97 8 6
97 8 7
97 26 25
97 25 11
97 11 9
97 11 10
97 25 24
97 24 23
97 23 16
97 16 13
97 13 12
97 16 15
97 15 14
97 23 22
97 22 21
97 21 20
97 20 19
97 19 18
97 18 17
98 30 10
98 10 0
98 10 9
98 9 3
98 3 2
98 2 1
98 9 8
98 8 7
98 7 4
98 7 6
98 6 5
98 30 29
98 29 15
98 15 14
98 14 13
98 13 11
98 13 12
98 29 28
98 28 17
98 17 16
98 28 27
98 27 25
98 25 24
98 24 21
98 21 20
98 20 18
98 20 19
98 24 23
98 23 22
98 27 26
99 31 29
99 29 1
99 1 0
99 29 28
99 28 27
99 27 2
99 27 26
99 26 25
99 25 3
99 25 24
99 24 23
99 23 6
99 6 5
99 5 4
99 23 22
99 22 21
99 21 7
99 21 20
99 20 19
99 19 16
99 16 14
99 14 10
99 10 8
99 10 9
99 14 13
99 13 11
99 13 12
99 16 15
99 19 18
99 18 17
99 31 30
100 31 30
100 30 29
100 29 28
100 28 27
100 27 3
100 3 1
100 1 0
100 3 2
100 27 26
100 26 16
100 16 15
100 15 5
100 5 4
100 15 14
100 14 12
100 12 11
100 11 10
100 10 9
100 9 7
100 7 6
100 9 8
100 14 13
100 26 25
100 25 24
100 24 23
100 23 17
100 23 22
100 22 19
100 19 18
100 22 21
100 21 20
101 33 1
101 1 0
101 33 32
101 32 28
101 28 27
101 27 25
101 25 2
101 25 24
101 24 3
101 24 23
101 23 22
101 22 16
101 16 10
101 10 8
101 8 7
101 7 4
101 7 6
101 6 5
101 10 9
101 16 15
101 15 14
101 14 13
101 13 12
101 12 11
101 22 21
101 21 17
101 21 20
101 20 19
101 19 18
101 27 26
101 32 31
101 31 29
101 31 30
