1 33 0
1 33 32
1 32 31
1 31 29
1 29 28
1 28 27
1 27 25
1 25 2
1 2 1
1 25 24
1 24 3
1 24 23
1 23 17
1 17 16
1 16 15
1 15 13
1 13 10
1 10 8
1 8 7
1 7 6
1 6 5
1 5 4
1 10 9
1 13 12
1 12 11
1 15 14
1 23 22
1 22 18
1 22 21
1 21 20
1 20 19
1 27 26
1 31 30
2 32 21
2 21 5
2 5 3
2 3 2
2 2 1
2 1 0
2 5 4
2 21 20
2 20 18
2 18 16
2 16 15
2 15 14
2 14 10
2 10 7
2 7 6
2 10 9
2 9 8
2 14 13
2 13 11
2 13 12
2 18 17
2 20 19
2 32 31
2 31 27
2 27 26
2 26 23
2 23 22
2 26 25
2 25 24
2 31 30
2 30 28
2 30 29
3 32 31
3 31 30
3 30 29
3 29 0
3 29 28
3 28 18
3 18 17
3 17 16
3 16 15
3 15 14
3 14 1
3 14 13
3 13 12
3 12 11
3 11 10
3 10 2
3 10 9
3 9 8
3 8 5
3 5 4
3 4 3
3 8 7
3 7 6
3 28 27
3 27 25
3 25 19
3 25 24
3 24 23
3 23 20
3 23 22
3 22 21
3 27 26
4 32 31
4 31 11
4 11 10
4 10 7
4 7 6
4 6 1
4 1 0
4 6 5
4 5 2
4 5 4
4 4 3
4 10 9
4 9 8
4 31 30
4 30 29
4 29 23
4 23 22
4 22 20
4 20 14
4 14 12
4 14 13
4 20 19
4 19 15
4 19 18
4 18 17
4 17 16
4 22 21
4 29 28
4 28 26
4 26 24
4 26 25
4 28 27
5 33 32
5 32 25
5 25 24
5 24 23
5 23 22
5 22 0
5 22 21
5 21 1
5 21 20
5 20 19
5 19 8
5 8 7
5 7 5
5 5 4
5 4 2
5 4 3
5 7 6
5 19 18
5 18 17
5 17 14
5 14 12
5 12 11
5 11 10
5 10 9
5 14 13
5 17 16
5 16 15
5 32 31
5 31 28
5 28 27
5 27 26
5 31 30
5 30 29
6 29 28
6 28 23
6 23 2
6 2 1
6 1 0
6 23 22
6 22 21
6 21 19
6 19 9
6 9 8
6 8 6
6 6 5
6 5 4
6 4 3
6 8 7
6 19 18
6 18 17
6 17 12
6 12 11
6 11 10
6 17 16
6 16 14
6 14 13
6 16 15
6 21 20
6 28 27
6 27 25
6 25 24
6 27 26
7 31 0
7 31 30
7 30 29
7 29 26
7 26 24
7 24 23
7 23 21
7 21 12
7 12 5
7 5 4
7 4 3
7 3 2
7 2 1
7 12 11
7 11 8
7 8 7
7 7 6
7 11 10
7 10 9
7 21 20
7 20 13
7 20 19
7 19 17
7 17 16
7 16 15
7 15 14
7 19 18
7 23 22
7 26 25
7 29 28
7 28 27
8 33 11
8 11 0
8 11 10
8 10 2
8 2 1
8 10 9
8 9 8
8 8 3
8 8 7
8 7 6
8 6 4
8 6 5
8 33 32
8 32 31
8 31 30
8 30 29
8 29 28
8 28 14
8 14 13
8 13 12
8 28 27
8 27 26
8 26 19
8 19 17
8 17 15
8 17 16
8 19 18
8 26 25
8 25 24
8 24 22
8 22 21
8 21 20
8 24 23
9 29 0
9 29 28
9 28 26
9 26 25
9 25 19
9 19 10
9 10 8
9 8 6
9 6 5
9 5 4
9 4 3
9 3 1
9 3 2
9 8 7
9 10 9
9 19 18
9 18 17
9 17 16
9 16 11
9 16 15
9 15 14
9 14 12
9 14 13
9 25 24
9 24 22
9 22 20
9 22 21
9 24 23
9 28 27
10 29 22
10 22 0
10 22 21
10 21 19
10 19 16
10 16 15
10 15 8
10 8 7
10 7 5
10 5 1
10 5 4
10 4 2
10 4 3
10 7 6
10 15 14
10 14 9
10 14 13
10 13 10
10 13 12
10 12 11
10 19 18
10 18 17
10 21 20
10 29 28
10 28 24
10 24 23
10 28 27
10 27 25
10 27 26
11 32 31
11 31 30
11 30 27
11 27 22
11 22 9
11 9 8
11 8 7
11 7 6
11 6 5
11 5 0
11 5 4
11 4 2
11 2 1
11 4 3
11 22 21
11 21 18
11 18 10
11 18 17
11 17 15
11 15 14
11 14 13
11 13 12
11 12 11
11 17 16
11 21 20
11 20 19
11 27 26
11 26 23
11 26 25
11 25 24
11 30 29
11 29 28
12 34 33
12 33 32
12 32 1
12 1 0
12 32 31
12 31 29
12 29 27
12 27 26
12 26 15
12 15 14
12 14 2
12 14 13
12 13 12
12 12 3
12 12 11
12 11 10
12 10 9
12 9 4
12 9 8
12 8 5
12 8 7
12 7 6
12 26 25
12 25 24
12 24 21
12 21 18
12 18 17
12 17 16
12 21 20
12 20 19
12 24 23
12 23 22
12 29 28
12 31 30
13 29 20
13 20 19
13 19 11
13 11 0
13 11 10
13 10 3
13 3 1
13 3 2
13 10 9
13 9 4
13 9 8
13 8 7
13 7 6
13 6 5
13 19 18
13 18 12
13 18 17
13 17 13
13 17 16
13 16 14
13 16 15
13 29 28
13 28 26
13 26 21
13 26 25
13 25 24
13 24 22
13 24 23
13 28 27
14 34 33
14 33 32
14 32 31
14 31 30
14 30 11
14 11 10
14 10 1
14 1 0
14 10 9
14 9 2
14 9 8
14 8 7
14 7 3
14 7 6
14 6 5
14 5 4
14 30 29
14 29 28
14 28 20
14 20 18
14 18 17
14 17 14
14 14 13
14 13 12
14 17 16
14 16 15
14 20 19
14 28 27
14 27 26
14 26 21
14 26 25
14 25 22
14 25 24
14 24 23
15 33 11
15 11 10
15 10 8
15 8 6
15 6 5
15 5 4
15 4 2
15 2 1
15 1 0
15 4 3
15 8 7
15 10 9
15 33 32
15 32 15
15 15 14
15 14 13
15 13 12
15 32 31
15 31 16
15 31 30
15 30 29
15 29 28
15 28 19
15 19 17
15 19 18
15 28 27
15 27 25
15 25 21
15 21 20
15 25 24
15 24 23
15 23 22
15 27 26
16 29 0
16 29 28
16 28 27
16 27 5
16 5 1
16 5 4
16 4 3
16 3 2
16 27 26
16 26 21
16 21 8
16 8 7
16 7 6
16 21 20
16 20 19
16 19 16
16 16 15
16 15 13
16 13 9
16 13 12
16 12 11
16 11 10
16 15 14
16 19 18
16 18 17
16 26 25
16 25 24
16 24 22
16 24 23
17 32 5
17 5 4
17 4 3
17 3 2
17 2 1
17 1 0
17 32 31
17 31 30
17 30 18
17 18 6
17 18 17
17 17 16
17 16 9
17 9 7
17 9 8
17 16 15
17 15 14
17 14 11
17 11 10
17 14 13
17 13 12
17 30 29
17 29 28
17 28 26
17 26 20
17 20 19
17 26 25
17 25 23
17 23 22
17 22 21
17 25 24
17 28 27
18 29 25
18 25 24
18 24 22
18 22 0
18 22 21
18 21 20
18 20 19
18 19 16
18 16 14
18 14 1
18 14 13
18 13 11
18 11 5
18 5 3
18 3 2
18 5 4
18 11 10
18 10 9
18 9 6
18 9 8
18 8 7
18 13 12
18 16 15
18 19 18
18 18 17
18 24 23
18 29 28
18 28 26
18 28 27
19 30 29
19 29 28
19 28 1
19 1 0
19 28 27
19 27 26
19 26 2
19 26 25
19 25 24
19 24 23
19 23 22
19 22 20
19 20 19
19 19 14
19 14 4
19 4 3
19 14 13
19 13 12
19 12 11
19 11 10
19 10 9
19 9 7
19 7 6
19 6 5
19 9 8
19 19 18
19 18 17
19 17 15
19 17 16
19 22 21
20 33 28
20 28 26
20 26 25
20 25 24
20 24 23
20 23 22
20 22 14
20 14 13
20 13 9
20 9 8
20 8 7
20 7 0
20 7 6
20 6 4
20 4 3
20 3 2
20 2 1
20 6 5
20 13 12
20 12 10
20 12 11
20 22 21
20 21 20
20 20 19
20 19 18
20 18 15
20 18 17
20 17 16
20 28 27
20 33 32
20 32 30
20 30 29
20 32 31
21 33 0
21 33 32
21 32 2
21 2 1
21 32 31
21 31 3
21 31 30
21 30 4
21 30 29
21 29 25
21 25 24
21 24 5
21 24 23
21 23 20
21 20 19
21 19 17
21 17 16
21 16 15
21 15 12
21 12 6
21 12 11
21 11 10
21 10 9
21 9 7
21 9 8
21 15 14
21 14 13
21 19 18
21 23 22
21 22 21
21 29 28
21 28 26
21 28 27
22 33 31
22 31 30
22 30 27
22 27 10
22 10 9
22 9 8
22 8 7
22 7 5
22 5 0
22 5 4
22 4 2
22 2 1
22 4 3
22 7 6
22 27 26
22 26 25
22 25 11
22 25 24
22 24 13
22 13 12
22 24 23
22 23 20
22 20 15
22 15 14
22 20 19
22 19 17
22 17 16
22 19 18
22 23 22
22 22 21
22 30 29
22 29 28
22 33 32
23 33 26
23 26 9
23 9 8
23 8 7
23 7 4
23 4 0
23 4 3
23 3 2
23 2 1
23 7 6
23 6 5
23 26 25
23 25 10
23 25 24
23 24 23
23 23 12
23 12 11
23 23 22
23 22 20
23 20 19
23 19 18
23 18 13
23 18 17
23 17 16
23 16 14
23 16 15
23 22 21
23 33 32
23 32 31
23 31 29
23 29 27
23 29 28
23 31 30
24 29 28
24 28 27
24 27 0
24 27 26
24 26 25
24 25 2
24 2 1
24 25 24
24 24 23
24 23 21
24 21 20
24 20 19
24 19 5
24 5 4
24 4 3
24 19 18
24 18 14
24 14 13
24 13 12
24 12 11
24 11 6
24 11 10
24 10 9
24 9 8
24 8 7
24 18 17
24 17 15
24 17 16
24 23 22
25 30 29
25 29 28
25 28 22
25 22 19
25 19 17
25 17 16
25 16 13
25 13 1
25 1 0
25 13 12
25 12 9
25 9 7
25 7 3
25 3 2
25 7 6
25 6 5
25 5 4
25 9 8
25 12 11
25 11 10
25 16 15
25 15 14
25 19 18
25 22 21
25 21 20
25 28 27
25 27 23
25 27 26
25 26 25
25 25 24
26 32 9
26 9 7
26 7 6
26 6 0
26 6 5
26 5 1
26 5 4
26 4 3
26 3 2
26 9 8
26 32 31
26 31 14
26 14 10
26 14 13
26 13 11
26 13 12
26 31 30
26 30 27
26 27 26
26 26 25
26 25 23
26 23 17
26 17 15
26 17 16
26 23 22
26 22 18
26 22 21
26 21 19
26 21 20
26 25 24
26 30 29
26 29 28
27 33 32
27 32 31
27 31 30
27 30 14
27 14 13
27 13 12
27 12 2
27 2 1
27 1 0
27 12 11
27 11 3
27 11 10
27 10 9
27 9 8
27 8 6
27 6 4
27 6 5
27 8 7
27 30 29
27 29 27
27 27 26
27 26 25
27 25 21
27 21 20
27 20 15
27 20 19
27 19 16
27 19 18
27 18 17
27 25 24
27 24 22
27 24 23
27 29 28
28 32 31
28 31 28
28 28 9
28 9 0
28 9 8
28 8 1
28 8 7
28 7 6
28 6 4
28 4 2
28 4 3
28 6 5
28 28 27
28 27 25
28 25 10
28 25 24
28 24 23
28 23 12
28 12 11
28 23 22
28 22 13
28 22 21
28 21 20
28 20 19
28 19 18
28 18 16
28 16 14
28 16 15
28 18 17
28 27 26
28 31 30
28 30 29
29 32 14
29 14 13
29 13 10
29 10 9
29 9 2
29 2 0
29 2 1
29 9 8
29 8 6
29 6 5
29 5 4
29 4 3
29 8 7
29 13 12
29 12 11
29 32 31
29 31 15
29 31 30
29 30 29
29 29 27
29 27 16
29 27 26
29 26 25
29 25 17
29 25 24
29 24 20
29 20 18
29 20 19
29 24 23
29 23 22
29 22 21
29 29 28
30 29 20
30 20 17
30 17 5
30 5 4
30 4 1
30 1 0
30 4 3
30 3 2
30 17 16
30 16 7
30 7 6
30 16 15
30 15 14
30 14 13
30 13 11
30 11 10
30 10 9
30 9 8
30 13 12
30 20 19
30 19 18
30 29 28
30 28 24
30 24 23
30 23 22
30 22 21
30 28 27
30 27 26
30 26 25
31 29 28
31 28 26
31 26 17
31 17 16
31 16 15
31 15 2
31 2 1
31 1 0
31 15 14
31 14 12
31 12 10
31 10 9
31 9 8
31 8 6
31 6 3
31 6 5
31 5 4
31 8 7
31 12 11
31 14 13
31 26 25
31 25 21
31 21 20
31 20 19
31 19 18
31 25 24
31 24 23
31 23 22
31 28 27
32 33 30
32 30 28
32 28 26
32 26 1
32 1 0
32 26 25
32 25 24
32 24 2
32 24 23
32 23 21
32 21 20
32 20 6
32 6 5
32 5 3
32 5 4
32 20 19
32 19 17
32 17 9
32 9 8
32 8 7
32 17 16
32 16 11
32 11 10
32 16 15
32 15 14
32 14 12
32 14 13
32 19 18
32 23 22
32 28 27
32 30 29
32 33 32
32 32 31
33 34 0
33 34 33
33 33 4
33 4 3
33 3 1
33 3 2
33 33 32
33 32 13
33 13 12
33 12 6
33 6 5
33 12 11
33 11 10
33 10 9
33 9 8
33 8 7
33 32 31
33 31 14
33 31 30
33 30 15
33 30 29
33 29 16
33 29 28
33 28 27
33 27 26
33 26 20
33 20 19
33 19 17
33 19 18
33 26 25
33 25 21
33 25 24
33 24 22
33 24 23
34 33 32
34 32 31
34 31 21
34 21 0
34 21 20
34 20 18
34 18 11
34 11 10
34 10 3
34 3 2
34 2 1
34 10 9
34 9 8
34 8 5
34 5 4
34 8 7
34 7 6
34 18 17
34 17 12
34 17 16
34 16 15
34 15 13
34 15 14
34 20 19
34 31 30
34 30 26
34 26 23
34 23 22
34 26 25
34 25 24
34 30 29
34 29 27
34 29 28
35 29 0
35 29 28
35 28 2
35 2 1
35 28 27
35 27 26
35 26 18
35 18 8
35 8 3
35 8 7
35 7 4
35 7 6
35 6 5
35 18 17
35 17 16
35 16 13
35 13 9
35 13 12
35 12 11
35 11 10
35 16 15
35 15 14
35 26 25
35 25 23
35 23 21
35 21 19
35 21 20
35 23 22
35 25 24
36 32 0
36 32 31
36 31 30
36 30 29
36 29 27
36 27 16
36 16 12
36 12 11
36 11 10
36 10 9
36 9 8
36 8 5
36 5 1
36 5 4
36 4 3
36 3 2
36 8 7
36 7 6
36 16 15
36 15 14
36 14 13
36 27 26
36 26 24
36 24 23
36 23 22
36 22 20
36 20 18
36 18 17
36 20 19
36 22 21
36 26 25
36 29 28
37 29 23
37 23 3
37 3 0
37 3 2
37 2 1
37 23 22
37 22 11
37 11 10
37 10 4
37 10 9
37 9 5
37 9 8
37 8 7
37 7 6
37 22 21
37 21 20
37 20 13
37 13 12
37 20 19
37 19 17
37 17 15
37 15 14
37 17 16
37 19 18
37 29 28
37 28 27
37 27 25
37 25 24
37 27 26
38 32 12
38 12 9
38 9 8
38 8 7
38 7 5
38 5 3
38 3 1
38 1 0
38 3 2
38 5 4
38 7 6
38 12 11
38 11 10
38 32 31
38 31 28
38 28 14
38 14 13
38 28 27
38 27 15
38 27 26
38 26 17
38 17 16
38 26 25
38 25 18
38 25 24
38 24 23
38 23 21
38 21 20
38 20 19
38 23 22
38 31 30
38 30 29
39 34 0
39 34 33
39 33 31
39 31 8
39 8 7
39 7 6
39 6 2
39 2 1
39 6 5
39 5 3
39 5 4
39 31 30
39 30 17
39 17 9
39 17 16
39 16 15
39 15 14
39 14 12
39 12 10
39 12 11
39 14 13
39 30 29
39 29 18
39 29 28
39 28 26
39 26 24
39 24 23
39 23 22
39 22 19
39 22 21
39 21 20
39 26 25
39 28 27
39 33 32
40 30 29
40 29 0
40 29 28
40 28 13
40 13 12
40 12 1
40 12 11
40 11 10
40 10 2
40 10 9
40 9 8
40 8 7
40 7 3
40 7 6
40 6 4
40 6 5
40 28 27
40 27 17
40 17 16
40 16 15
40 15 14
40 27 26
40 26 25
40 25 24
40 24 23
40 23 19
40 19 18
40 23 22
40 22 20
40 22 21
41 30 28
41 28 25
41 25 22
41 22 20
41 20 16
41 16 2
41 2 0
41 2 1
41 16 15
41 15 13
41 13 12
41 12 6
41 6 4
41 4 3
41 6 5
41 12 11
41 11 7
41 11 10
41 10 9
41 9 8
41 15 14
41 20 19
41 19 18
41 18 17
41 22 21
41 25 24
41 24 23
41 28 27
41 27 26
41 30 29
42 33 32
42 32 31
42 31 13
42 13 11
42 11 10
42 10 6
42 6 5
42 5 1
42 1 0
42 5 4
42 4 3
42 3 2
42 10 9
42 9 7
42 9 8
42 13 12
42 31 30
42 30 26
42 26 24
42 24 21
42 21 15
42 15 14
42 21 20
42 20 19
42 19 18
42 18 17
42 17 16
42 24 23
42 23 22
42 26 25
42 30 29
42 29 28
42 28 27
43 29 0
43 29 28
43 28 27
43 27 26
43 26 25
43 25 2
43 2 1
43 25 24
43 24 23
43 23 22
43 22 21
43 21 20
43 20 18
43 18 3
43 18 17
43 17 16
43 16 15
43 15 14
43 14 13
43 13 11
43 11 10
43 10 9
43 9 4
43 9 8
43 8 7
43 7 5
43 7 6
43 13 12
43 20 19
44 33 31
44 31 1
44 1 0
44 31 30
44 30 29
44 29 2
44 29 28
44 28 27
44 27 23
44 23 17
44 17 16
44 16 3
44 16 15
44 15 13
44 13 10
44 10 6
44 6 4
44 6 5
44 10 9
44 9 7
44 9 8
44 13 12
44 12 11
44 15 14
44 23 22
44 22 18
44 22 21
44 21 19
44 21 20
44 27 26
44 26 25
44 25 24
44 33 32
45 33 0
45 33 32
45 32 31
45 31 7
45 7 3
45 3 1
45 3 2
45 7 6
45 6 5
45 5 4
45 31 30
45 30 28
45 28 27
45 27 8
45 27 26
45 26 9
45 26 25
45 25 23
45 23 21
45 21 10
45 21 20
45 20 19
45 19 18
45 18 17
45 17 16
45 16 13
45 13 12
45 12 11
45 16 15
45 15 14
45 23 22
45 25 24
45 30 29
46 29 0
46 29 28
46 28 1
46 28 27
46 27 2
46 27 26
46 26 3
46 26 25
46 25 4
46 25 24
46 24 19
46 19 17
46 17 9
46 9 5
46 9 8
46 8 6
46 8 7
46 17 16
46 16 15
46 15 10
46 15 14
46 14 12
46 12 11
46 14 13
46 19 18
46 24 23
46 23 22
46 22 21
46 21 20
47 33 31
47 31 10
47 10 3
47 3 0
47 3 2
47 2 1
47 10 9
47 9 7
47 7 6
47 6 4
47 6 5
47 9 8
47 31 30
47 30 29
47 29 11
47 29 28
47 28 26
47 26 25
47 25 24
47 24 21
47 21 19
47 19 12
47 19 18
47 18 17
47 17 16
47 16 13
47 16 15
47 15 14
47 21 20
47 24 23
47 23 22
47 28 27
47 33 32
48 31 30
48 30 29
48 29 0
48 29 28
48 28 7
48 7 2
48 2 1
48 7 6
48 6 3
48 6 5
48 5 4
48 28 27
48 27 26
48 26 25
48 25 24
48 24 22
48 22 8
48 22 21
48 21 10
48 10 9
48 21 20
48 20 13
48 13 12
48 12 11
48 20 19
48 19 18
48 18 15
48 15 14
48 18 17
48 17 16
48 24 23
49 32 29
49 29 2
49 2 1
49 1 0
49 29 28
49 28 3
49 28 27
49 27 25
49 25 20
49 20 19
49 19 17
49 17 15
49 15 13
49 13 7
49 7 6
49 6 5
49 5 4
49 13 12
49 12 11
49 11 10
49 10 8
49 10 9
49 15 14
49 17 16
49 19 18
49 25 24
49 24 23
49 23 22
49 22 21
49 27 26
49 32 31
49 31 30
50 32 19
50 19 18
50 18 9
50 9 8
50 8 0
50 8 7
50 7 4
50 4 2
50 2 1
50 4 3
50 7 6
50 6 5
50 18 17
50 17 16
50 16 14
50 14 12
50 12 11
50 11 10
50 14 13
50 16 15
50 32 31
50 31 30
50 30 23
50 23 22
50 22 20
50 22 21
50 30 29
50 29 28
50 28 24
50 28 27
50 27 25
50 27 26
51 30 0
51 30 29
51 29 10
51 10 9
51 9 8
51 8 1
51 8 7
51 7 3
51 3 2
51 7 6
51 6 5
51 5 4
51 29 28
51 28 13
51 13 11
51 13 12
51 28 27
51 27 22
51 22 16
51 16 14
51 16 15
51 22 21
51 21 20
51 20 19
51 19 18
51 18 17
51 27 26
51 26 25
51 25 24
51 24 23
52 34 2
52 2 1
52 1 0
52 34 33
52 33 31
52 31 29
52 29 28
52 28 3
52 28 27
52 27 26
52 26 12
52 12 11
52 11 7
52 7 4
52 7 6
52 6 5
52 11 10
52 10 8
52 10 9
52 26 25
52 25 24
52 24 13
52 24 23
52 23 14
52 23 22
52 22 21
52 21 20
52 20 19
52 19 18
52 18 15
52 18 17
52 17 16
52 31 30
52 33 32
53 32 31
53 31 30
53 30 0
53 30 29
53 29 28
53 28 26
53 26 24
53 24 3
53 3 2
53 2 1
53 24 23
53 23 21
53 21 19
53 19 4
53 19 18
53 18 11
53 11 9
53 9 8
53 8 6
53 6 5
53 8 7
53 11 10
53 18 17
53 17 16
53 16 15
53 15 12
53 15 14
53 14 13
53 21 20
53 23 22
53 26 25
53 28 27
54 34 24
54 24 23
54 23 4
54 4 3
54 3 1
54 1 0
54 3 2
54 23 22
54 22 21
54 21 5
54 21 20
54 20 19
54 19 18
54 18 17
54 17 15
54 15 8
54 8 7
54 7 6
54 15 14
54 14 13
54 13 11
54 11 9
54 11 10
54 13 12
54 17 16
54 34 33
54 33 32
54 32 31
54 31 28
54 28 27
54 27 25
54 27 26
54 31 30
54 30 29
55 32 29
55 29 28
55 28 27
55 27 18
55 18 17
55 17 15
55 15 14
55 14 0
55 14 13
55 13 12
55 12 2
55 2 1
55 12 11
55 11 10
55 10 6
55 6 4
55 4 3
55 6 5
55 10 9
55 9 8
55 8 7
55 17 16
55 27 26
55 26 24
55 24 23
55 23 22
55 22 21
55 21 20
55 20 19
55 26 25
55 32 31
55 31 30
56 32 31
56 31 5
56 5 4
56 4 1
56 1 0
56 4 3
56 3 2
56 31 30
56 30 28
56 28 24
56 24 6
56 24 23
56 23 13
56 13 12
56 12 11
56 11 10
56 10 7
56 10 9
56 9 8
56 23 22
56 22 15
56 15 14
56 22 21
56 21 16
56 21 20
56 20 19
56 19 18
56 18 17
56 28 27
56 27 25
56 27 26
56 30 29
57 30 29
57 29 28
57 28 5
57 5 4
57 4 3
57 3 0
57 3 2
57 2 1
57 28 27
57 27 25
57 25 24
57 24 8
57 8 6
57 8 7
57 24 23
57 23 21
57 21 20
57 20 9
57 20 19
57 19 18
57 18 10
57 18 17
57 17 14
57 14 12
57 12 11
57 14 13
57 17 16
57 16 15
57 23 22
57 27 26
58 32 0
58 32 31
58 31 30
58 30 29
58 29 28
58 28 27
58 27 1
58 27 26
58 26 25
58 25 24
58 24 23
58 23 22
58 22 21
58 21 19
58 19 18
58 18 4
58 4 2
58 4 3
58 18 17
58 17 14
58 14 11
58 11 7
58 7 6
58 6 5
58 11 10
58 10 8
58 10 9
58 14 13
58 13 12
58 17 16
58 16 15
58 21 20
59 29 1
59 1 0
59 29 28
59 28 26
59 26 10
59 10 5
59 5 3
59 3 2
59 5 4
59 10 9
59 9 6
59 9 8
59 8 7
59 26 25
59 25 15
59 15 13
59 13 12
59 12 11
59 15 14
59 25 24
59 24 23
59 23 22
59 22 16
59 22 21
59 21 17
59 21 20
59 20 19
59 19 18
59 28 27
60 32 1
60 1 0
60 32 31
60 31 3
60 3 2
60 31 30
60 30 29
60 29 28
60 28 12
60 12 4
60 12 11
60 11 8
60 8 6
60 6 5
60 8 7
60 11 10
60 10 9
60 28 27
60 27 13
60 27 26
60 26 23
60 23 21
60 21 14
60 21 20
60 20 15
60 20 19
60 19 16
60 19 18
60 18 17
60 23 22
60 26 25
60 25 24
61 31 0
61 31 30
61 30 29
61 29 18
61 18 2
61 2 1
61 18 17
61 17 4
61 4 3
61 17 16
61 16 15
61 15 6
61 6 5
61 15 14
61 14 8
61 8 7
61 14 13
61 13 12
61 12 11
61 11 10
61 10 9
61 29 28
61 28 27
61 27 19
61 27 26
61 26 25
61 25 23
61 23 20
61 23 22
61 22 21
61 25 24
62 30 0
62 30 29
62 29 28
62 28 14
62 14 13
62 13 11
62 11 10
62 10 7
62 7 5
62 5 1
62 5 4
62 4 2
62 4 3
62 7 6
62 10 9
62 9 8
62 13 12
62 28 27
62 27 24
62 24 15
62 24 23
62 23 21
62 21 20
62 20 19
62 19 16
62 19 18
62 18 17
62 23 22
62 27 26
62 26 25
63 29 1
63 1 0
63 29 28
63 28 27
63 27 2
63 27 26
63 26 4
63 4 3
63 26 25
63 25 24
63 24 7
63 7 6
63 6 5
63 24 23
63 23 8
63 23 22
63 22 11
63 11 9
63 11 10
63 22 21
63 21 16
63 16 15
63 15 13
63 13 12
63 15 14
63 21 20
63 20 18
63 18 17
63 20 19
64 32 30
64 30 29
64 29 26
64 26 2
64 2 1
64 1 0
64 26 25
64 25 3
64 25 24
64 24 6
64 6 5
64 5 4
64 24 23
64 23 22
64 22 21
64 21 20
64 20 15
64 15 9
64 9 7
64 9 8
64 15 14
64 14 13
64 13 12
64 12 11
64 11 10
64 20 19
64 19 16
64 19 18
64 18 17
64 29 28
64 28 27
64 32 31
65 32 0
65 32 31
65 31 3
65 3 1
65 3 2
65 31 30
65 30 8
65 8 7
65 7 4
65 7 6
65 6 5
65 30 29
65 29 11
65 11 9
65 11 10
65 29 28
65 28 15
65 15 14
65 14 13
65 13 12
65 28 27
65 27 25
65 25 23
65 23 21
65 21 20
65 20 17
65 17 16
65 20 19
65 19 18
65 23 22
65 25 24
65 27 26
66 32 1
66 1 0
66 32 31
66 31 30
66 30 29
66 29 28
66 28 27
66 27 25
66 25 22
66 22 21
66 21 20
66 20 2
66 20 19
66 19 18
66 18 17
66 17 15
66 15 13
66 13 12
66 12 11
66 11 10
66 10 9
66 9 8
66 8 6
66 6 5
66 5 4
66 4 3
66 8 7
66 15 14
66 17 16
66 25 24
66 24 23
66 27 26
67 32 0
67 32 31
67 31 26
67 26 1
67 26 25
67 25 3
67 3 2
67 25 24
67 24 23
67 23 4
67 23 22
67 22 11
67 11 10
67 10 5
67 10 9
67 9 6
67 9 8
67 8 7
67 22 21
67 21 16
67 16 13
67 13 12
67 16 15
67 15 14
67 21 20
67 20 18
67 18 17
67 20 19
67 31 30
67 30 28
67 28 27
67 30 29
68 30 28
68 28 0
68 28 27
68 27 24
68 24 1
68 24 23
68 23 20
68 20 18
68 18 4
68 4 3
68 3 2
68 18 17
68 17 15
68 15 5
68 15 14
68 14 13
68 13 6
68 13 12
68 12 7
68 12 11
68 11 9
68 9 8
68 11 10
68 17 16
68 20 19
68 23 22
68 22 21
68 27 26
68 26 25
68 30 29
69 32 30
69 30 2
69 2 0
69 2 1
69 30 29
69 29 14
69 14 7
69 7 6
69 6 5
69 5 4
69 4 3
69 14 13
69 13 12
69 12 8
69 12 11
69 11 10
69 10 9
69 29 28
69 28 22
69 22 19
69 19 17
69 17 15
69 17 16
69 19 18
69 22 21
69 21 20
69 28 27
69 27 23
69 27 26
69 26 25
69 25 24
69 32 31
70 31 2
70 2 0
70 2 1
70 31 30
70 30 3
70 30 29
70 29 4
70 29 28
70 28 5
70 28 27
70 27 26
70 26 11
70 11 7
70 7 6
70 11 10
70 10 9
70 9 8
70 26 25
70 25 12
70 25 24
70 24 15
70 15 13
70 15 14
70 24 23
70 23 22
70 22 16
70 22 21
70 21 20
70 20 18
70 18 17
70 20 19
71 34 33
71 33 30
71 30 27
71 27 26
71 26 25
71 25 0
71 25 24
71 24 23
71 23 1
71 23 22
71 22 2
71 22 21
71 21 20
71 20 5
71 5 4
71 4 3
71 20 19
71 19 10
71 10 9
71 9 8
71 8 6
71 8 7
71 19 18
71 18 12
71 12 11
71 18 17
71 17 16
71 16 13
71 16 15
71 15 14
71 30 29
71 29 28
71 33 32
71 32 31
72 29 27
72 27 0
72 27 26
72 26 2
72 2 1
72 26 25
72 25 3
72 25 24
72 24 4
72 24 23
72 23 22
72 22 20
72 20 5
72 20 19
72 19 18
72 18 16
72 16 15
72 15 14
72 14 10
72 10 9
72 9 7
72 7 6
72 9 8
72 14 13
72 13 11
72 13 12
72 18 17
72 22 21
72 29 28
73 34 33
73 33 32
73 32 31
73 31 13
73 13 5
73 5 2
73 2 0
73 2 1
73 5 4
73 4 3
73 13 12
73 12 7
73 7 6
73 12 11
73 11 8
73 11 10
73 10 9
73 31 30
73 30 27
73 27 26
73 26 14
73 26 25
73 25 24
73 24 17
73 17 16
73 16 15
73 24 23
73 23 22
73 22 21
73 21 20
73 20 19
73 19 18
73 30 29
73 29 28
74 29 28
74 28 9
74 9 0
74 9 8
74 8 1
74 8 7
74 7 5
74 5 4
74 4 3
74 3 2
74 7 6
74 28 27
74 27 26
74 26 24
74 24 22
74 22 21
74 21 20
74 20 19
74 19 15
74 15 10
74 15 14
74 14 12
74 12 11
74 14 13
74 19 18
74 18 16
74 18 17
74 24 23
74 26 25
75 31 30
75 30 0
75 30 29
75 29 2
75 2 1
75 29 28
75 28 14
75 14 13
75 13 4
75 4 3
75 13 12
75 12 10
75 10 7
75 7 5
75 7 6
75 10 9
75 9 8
75 12 11
75 28 27
75 27 18
75 18 15
75 18 17
75 17 16
75 27 26
75 26 19
75 26 25
75 25 20
75 25 24
75 24 23
75 23 21
75 23 22
76 30 2
76 2 0
76 2 1
76 30 29
76 29 28
76 28 13
76 13 3
76 13 12
76 12 5
76 5 4
76 12 11
76 11 7
76 7 6
76 11 10
76 10 9
76 9 8
76 28 27
76 27 25
76 25 21
76 21 19
76 19 15
76 15 14
76 19 18
76 18 16
76 18 17
76 21 20
76 25 24
76 24 22
76 24 23
76 27 26
77 34 33
77 33 27
77 27 26
77 26 25
77 25 23
77 23 22
77 22 19
77 19 18
77 18 17
77 17 16
77 16 12
77 12 11
77 11 9
77 9 3
77 3 0
77 3 2
77 2 1
77 9 8
77 8 5
77 5 4
77 8 7
77 7 6
77 11 10
77 16 15
77 15 14
77 14 13
77 22 21
77 21 20
77 25 24
77 33 32
77 32 30
77 30 29
77 29 28
77 32 31
78 30 1
78 1 0
78 30 29
78 29 7
78 7 3
78 3 2
78 7 6
78 6 5
78 5 4
78 29 28
78 28 25
78 25 23
78 23 21
78 21 14
78 14 13
78 13 8
78 13 12
78 12 9
78 12 11
78 11 10
78 21 20
78 20 19
78 19 17
78 17 16
78 16 15
78 19 18
78 23 22
78 25 24
78 28 27
78 27 26
79 30 0
79 30 29
79 29 14
79 14 3
79 3 1
79 3 2
79 14 13
79 13 10
79 10 8
79 8 7
79 7 4
79 7 6
79 6 5
79 10 9
79 13 12
79 12 11
79 29 28
79 28 16
79 16 15
79 28 27
79 27 26
79 26 17
79 26 25
79 25 24
79 24 20
79 20 18
79 20 19
79 24 23
79 23 21
79 23 22
80 29 27
80 27 26
80 26 25
80 25 24
80 24 22
80 22 10
80 10 9
80 9 5
80 5 0
80 5 4
80 4 3
80 3 1
80 3 2
80 9 8
80 8 7
80 7 6
80 22 21
80 21 11
80 21 20
80 20 17
80 17 16
80 16 12
80 16 15
80 15 13
80 15 14
80 20 19
80 19 18
80 24 23
80 29 28
81 29 1
81 1 0
81 29 28
81 28 27
81 27 24
81 24 8
81 8 7
81 7 6
81 6 5
81 5 4
81 4 2
81 4 3
81 24 23
81 23 19
81 19 17
81 17 15
81 15 14
81 14 9
81 14 13
81 13 12
81 12 10
81 12 11
81 17 16
81 19 18
81 23 22
81 22 21
81 21 20
81 27 26
81 26 25
82 29 7
82 7 6
82 6 5
82 5 4
82 4 3
82 3 2
82 2 0
82 2 1
82 29 28
82 28 27
82 27 8
82 27 26
82 26 23
82 23 22
82 22 20
82 20 12
82 12 11
82 11 9
82 11 10
82 20 19
82 19 13
82 19 18
82 18 17
82 17 16
82 16 15
82 15 14
82 22 21
82 26 25
82 25 24
83 30 28
83 28 3
83 3 2
83 2 1
83 1 0
83 28 27
83 27 25
83 25 22
83 22 21
83 21 20
83 20 16
83 16 12
83 12 4
83 12 11
83 11 8
83 8 6
83 6 5
83 8 7
83 11 10
83 10 9
83 16 15
83 15 13
83 15 14
83 20 19
83 19 17
83 19 18
83 25 24
83 24 23
83 27 26
83 30 29
84 32 18
84 18 5
84 5 1
84 1 0
84 5 4
84 4 2
84 4 3
84 18 17
84 17 12
84 12 11
84 11 6
84 11 10
84 10 7
84 10 9
84 9 8
84 17 16
84 16 13
84 16 15
84 15 14
84 32 31
84 31 20
84 20 19
84 31 30
84 30 22
84 22 21
84 30 29
84 29 28
84 28 27
84 27 26
84 26 25
84 25 23
84 25 24
85 31 14
85 14 13
85 13 1
85 1 0
85 13 12
85 12 11
85 11 10
85 10 9
85 9 8
85 8 3
85 3 2
85 8 7
85 7 5
85 5 4
85 7 6
85 31 30
85 30 24
85 24 23
85 23 15
85 23 22
85 22 16
85 22 21
85 21 17
85 21 20
85 20 18
85 20 19
85 30 29
85 29 28
85 28 27
85 27 26
85 26 25
86 29 3
86 3 2
86 2 1
86 1 0
86 29 28
86 28 27
86 27 21
86 21 6
86 6 4
86 6 5
86 21 20
86 20 17
86 17 7
86 17 16
86 16 10
86 10 8
86 10 9
86 16 15
86 15 14
86 14 12
86 12 11
86 14 13
86 20 19
86 19 18
86 27 26
86 26 25
86 25 22
86 25 24
86 24 23
87 29 16
87 16 5
87 5 2
87 2 1
87 1 0
87 5 4
87 4 3
87 16 15
87 15 13
87 13 10
87 10 9
87 9 8
87 8 6
87 8 7
87 13 12
87 12 11
87 15 14
87 29 28
87 28 17
87 28 27
87 27 26
87 26 24
87 24 23
87 23 20
87 20 19
87 19 18
87 23 22
87 22 21
87 26 25
88 30 27
88 27 0
88 27 26
88 26 1
88 26 25
88 25 24
88 24 23
88 23 22
88 22 21
88 21 20
88 20 17
88 17 16
88 16 3
88 3 2
88 16 15
88 15 14
88 14 12
88 12 4
88 12 11
88 11 6
88 6 5
88 11 10
88 10 9
88 9 8
88 8 7
88 14 13
88 20 19
88 19 18
88 30 29
88 29 28
89 29 28
89 28 26
89 26 24
89 24 23
89 23 22
89 22 16
89 16 15
89 15 12
89 12 11
89 11 9
89 9 8
89 8 2
89 2 0
89 2 1
89 8 7
89 7 3
89 7 6
89 6 5
89 5 4
89 11 10
89 15 14
89 14 13
89 22 21
89 21 20
89 20 19
89 19 18
89 18 17
89 26 25
89 28 27
90 31 17
90 17 11
90 11 3
90 3 2
90 2 0
90 2 1
90 11 10
90 10 9
90 9 7
90 7 6
90 6 4
90 6 5
90 9 8
90 17 16
90 16 12
90 16 15
90 15 14
90 14 13
90 31 30
90 30 27
90 27 22
90 22 21
90 21 18
90 21 20
90 20 19
90 27 26
90 26 23
90 26 25
90 25 24
90 30 29
90 29 28
91 34 33
91 33 0
91 33 32
91 32 31
91 31 30
91 30 29
91 29 26
91 26 12
91 12 11
91 11 9
91 9 1
91 9 8
91 8 2
91 8 7
91 7 4
91 4 3
91 7 6
91 6 5
91 11 10
91 26 25
91 25 24
91 24 20
91 20 19
91 19 13
91 19 18
91 18 15
91 15 14
91 18 17
91 17 16
91 24 23
91 23 22
91 22 21
91 29 28
91 28 27
92 29 17
92 17 15
92 15 1
92 1 0
92 15 14
92 14 11
92 11 2
92 11 10
92 10 8
92 8 7
92 7 6
92 6 5
92 5 3
92 5 4
92 10 9
92 14 13
92 13 12
92 17 16
92 29 28
92 28 27
92 27 26
92 26 25
92 25 24
92 24 23
92 23 21
92 21 20
92 20 19
92 19 18
92 23 22
93 34 2
93 2 1
93 1 0
93 34 33
93 33 32
93 32 21
93 21 5
93 5 3
93 5 4
93 21 20
93 20 6
93 20 19
93 19 18
93 18 14
93 14 10
93 10 8
93 8 7
93 10 9
93 14 13
93 13 12
93 12 11
93 18 17
93 17 15
93 17 16
93 32 31
93 31 29
93 29 27
93 27 26
93 26 24
93 24 22
93 24 23
93 26 25
93 29 28
93 31 30
94 33 3
94 3 0
94 3 2
94 2 1
94 33 32
94 32 29
94 29 8
94 8 7
94 7 5
94 5 4
94 7 6
94 29 28
94 28 10
94 10 9
94 28 27
94 27 26
94 26 24
94 24 12
94 12 11
94 24 23
94 23 22
94 22 18
94 18 14
94 14 13
94 18 17
94 17 15
94 17 16
94 22 21
94 21 20
94 20 19
94 26 25
94 32 31
94 31 30
95 31 30
95 30 19
95 19 18
95 18 17
95 17 14
95 14 12
95 12 8
95 8 6
95 6 2
95 2 0
95 2 1
95 6 5
95 5 3
95 5 4
95 8 7
95 12 11
95 11 9
95 11 10
95 14 13
95 17 16
95 16 15
95 30 29
95 29 28
95 28 27
95 27 26
95 26 25
95 25 21
95 21 20
95 25 24
95 24 23
95 23 22
96 32 30
96 30 29
96 29 1
96 1 0
96 29 28
96 28 2
96 28 27
96 27 26
96 26 25
96 25 24
96 24 23
96 23 15
96 15 3
96 15 14
96 14 13
96 13 8
96 8 7
96 7 6
96 6 5
96 5 4
96 13 12
96 12 11
96 11 10
96 10 9
96 23 22
96 22 21
96 21 20
96 20 16
96 20 19
96 19 17
96 19 18
96 32 31
97 29 28
97 28 11
97 11 10
97 10 0
97 10 9
97 9 3
97 3 2
97 2 1
97 9 8
97 8 7
97 7 6
97 6 5
97 5 4
97 28 27
97 27 22
97 22 21
97 21 15
97 15 14
97 14 13
97 13 12
97 21 20
97 20 17
97 17 16
97 20 19
97 19 18
97 27 26
97 26 23
97 26 25
97 25 24
98 29 24
98 24 23
98 23 22
98 22 4
98 4 1
98 1 0
98 4 3
98 3 2
98 22 21
98 21 20
98 20 16
98 16 14
98 14 12
98 12 11
98 11 10
98 10 9
98 9 8
98 8 7
98 7 6
98 6 5
98 14 13
98 16 15
98 20 19
98 19 17
98 19 18
98 29 28
98 28 27
98 27 25
98 27 26
99 33 4
99 4 2
99 2 1
99 1 0
99 4 3
99 33 32
99 32 23
99 23 21
99 21 5
99 21 20
99 20 11
99 11 10
99 10 8
99 8 7
99 7 6
99 10 9
99 20 19
99 19 15
99 15 14
99 14 12
99 14 13
99 19 18
99 18 17
99 17 16
99 23 22
99 32 31
99 31 30
99 30 29
99 29 28
99 28 27
99 27 26
99 26 25
99 25 24
100 32 0
100 32 31
100 31 29
100 29 28
100 28 27
100 27 23
100 23 13
100 13 7
100 7 3
100 3 2
100 2 1
100 7 6
100 6 4
100 6 5
100 13 12
100 12 11
100 11 8
100 11 10
100 10 9
100 23 22
100 22 21
100 21 14
100 21 20
100 20 19
100 19 18
100 18 17
100 17 16
100 16 15
100 27 26
100 26 25
100 25 24
100 31 30
101 33 1
101 1 0
101 33 32
101 32 26
101 26 9
101 9 7
101 7 2
101 7 6
101 6 4
101 4 3
101 6 5
101 9 8
101 26 25
101 25 12
101 12 11
101 11 10
101 25 24
101 24 23
101 23 22
101 22 14
101 14 13
101 22 21
101 21 20
101 20 18
101 18 17
101 17 16
101 16 15
101 20 19
101 32 31
101 31 30
101 30 28
101 28 27
101 30 29
