1 31 30
1 30 29
1 29 28
1 28 1
1 1 0
1 28 27
1 27 11
1 11 2
1 11 10
1 10 9
1 9 4
1 4 3
1 9 8
1 8 6
1 6 5
1 8 7
1 27 26
1 26 25
1 25 24
1 24 23
1 23 22
1 22 20
1 20 19
1 19 12
1 19 18
1 18 16
1 16 13
1 16 15
1 15 14
1 18 17
1 22 21
2 34 27
2 27 0
2 27 26
2 26 1
2 26 25
2 25 19
2 19 18
2 18 15
2 15 6
2 6 2
2 6 5
2 5 3
2 5 4
2 15 14
2 14 13
2 13 9
2 9 8
2 8 7
2 13 12
2 12 11
2 11 10
2 18 17
2 17 16
2 25 24
2 24 22
2 22 20
2 22 21
2 24 23
2 34 33
2 33 30
2 30 29
2 29 28
2 33 32
2 32 31
3 30 29
3 29 2
3 2 1
3 1 0
3 29 28
3 28 20
3 20 8
3 8 6
3 6 3
3 6 5
3 5 4
3 8 7
3 20 19
3 19 18
3 18 10
3 10 9
3 18 17
3 17 12
3 12 11
3 17 16
3 16 15
3 15 14
3 14 13
3 28 27
3 27 26
3 26 25
3 25 24
3 24 22
3 22 21
3 24 23
4 29 3
4 3 2
4 2 1
4 1 0
4 29 28
4 28 6
4 6 5
4 5 4
4 28 27
4 27 8
4 8 7
4 27 26
4 26 25
4 25 24
4 24 23
4 23 19
4 19 11
4 11 9
4 11 10
4 19 18
4 18 17
4 17 16
4 16 15
4 15 13
4 13 12
4 15 14
4 23 22
4 22 20
4 22 21
5 30 2
5 2 0
5 2 1
5 30 29
5 29 13
5 13 7
5 7 5
5 5 3
5 5 4
5 7 6
5 13 12
5 12 11
5 11 10
5 10 9
5 9 8
5 29 28
5 28 27
5 27 14
5 27 26
5 26 25
5 25 17
5 17 16
5 16 15
5 25 24
5 24 19
5 19 18
5 24 23
5 23 21
5 21 20
5 23 22
6 34 0
6 34 33
6 33 32
6 32 1
6 32 31
6 31 30
6 30 4
6 4 3
6 3 2
6 30 29
6 29 6
6 6 5
6 29 28
6 28 7
6 28 27
6 27 26
6 26 14
6 14 11
6 11 9
6 9 8
6 11 10
6 14 13
6 13 12
6 26 25
6 25 24
6 24 15
6 24 23
6 23 19
6 19 17
6 17 16
6 19 18
6 23 22
6 22 21
6 21 20
7 29 27
7 27 26
7 26 1
7 1 0
7 26 25
7 25 24
7 24 23
7 23 22
7 22 7
7 7 5
7 5 3
7 3 2
7 5 4
7 7 6
7 22 21
7 21 20
7 20 13
7 13 9
7 9 8
7 13 12
7 12 10
7 12 11
7 20 19
7 19 14
7 19 18
7 18 17
7 17 15
7 17 16
7 29 28
8 31 26
8 26 24
8 24 6
8 6 5
8 5 0
8 5 4
8 4 2
8 2 1
8 4 3
8 24 23
8 23 8
8 8 7
8 23 22
8 22 9
8 22 21
8 21 12
8 12 10
8 12 11
8 21 20
8 20 14
8 14 13
8 20 19
8 19 16
8 16 15
8 19 18
8 18 17
8 26 25
8 31 30
8 30 29
8 29 28
8 28 27
9 30 29
9 29 0
9 29 28
9 28 1
9 28 27
9 27 3
9 3 2
9 27 26
9 26 17
9 17 12
9 12 6
9 6 5
9 5 4
9 12 11
9 11 8
9 8 7
9 11 10
9 10 9
9 17 16
9 16 13
9 16 15
9 15 14
9 26 25
9 25 20
9 20 19
9 19 18
9 25 24
9 24 22
9 22 21
9 24 23
10 31 30
10 30 23
10 23 22
10 22 20
10 20 19
10 19 17
10 17 16
10 16 15
10 15 14
10 14 8
10 8 6
10 6 5
10 5 4
10 4 0
10 4 3
10 3 1
10 3 2
10 8 7
10 14 13
10 13 11
10 11 9
10 11 10
10 13 12
10 19 18
10 22 21
10 30 29
10 29 26
10 26 24
10 26 25
10 29 28
10 28 27
11 32 11
11 11 10
11 10 9
11 9 3
11 3 1
11 1 0
11 3 2
11 9 8
11 8 4
11 8 7
11 7 6
11 6 5
11 32 31
11 31 30
11 30 29
11 29 14
11 14 13
11 13 12
11 29 28
11 28 27
11 27 21
11 21 18
11 18 17
11 17 16
11 16 15
11 21 20
11 20 19
11 27 26
11 26 25
11 25 23
11 23 22
11 25 24
12 33 32
12 32 31
12 31 27
12 27 26
12 26 25
12 25 0
12 25 24
12 24 23
12 23 22
12 22 1
12 22 21
12 21 18
12 18 16
12 16 8
12 8 2
12 8 7
12 7 3
12 7 6
12 6 5
12 5 4
12 16 15
12 15 9
12 15 14
12 14 13
12 13 11
12 11 10
12 13 12
12 18 17
12 21 20
12 20 19
12 31 30
12 30 28
12 30 29
13 30 28
13 28 2
13 2 0
13 2 1
13 28 27
13 27 9
13 9 8
13 8 7
13 7 6
13 6 4
13 4 3
13 6 5
13 27 26
13 26 10
13 26 25
13 25 17
13 17 11
13 17 16
13 16 14
13 14 12
13 14 13
13 16 15
13 25 24
13 24 23
13 23 22
13 22 20
13 20 19
13 19 18
13 22 21
13 30 29
14 34 0
14 34 33
14 33 32
14 32 8
14 8 4
14 4 3
14 3 2
14 2 1
14 8 7
14 7 5
14 7 6
14 32 31
14 31 15
14 15 12
14 12 9
14 12 11
14 11 10
14 15 14
14 14 13
14 31 30
14 30 29
14 29 27
14 27 21
14 21 20
14 20 16
14 20 19
14 19 17
14 19 18
14 27 26
14 26 25
14 25 24
14 24 22
14 24 23
14 29 28
15 34 2
15 2 1
15 1 0
15 34 33
15 33 31
15 31 30
15 30 28
15 28 27
15 27 19
15 19 18
15 18 16
15 16 15
15 15 13
15 13 10
15 10 3
15 10 9
15 9 8
15 8 6
15 6 5
15 5 4
15 8 7
15 13 12
15 12 11
15 15 14
15 18 17
15 27 26
15 26 22
15 22 20
15 22 21
15 26 25
15 25 23
15 25 24
15 30 29
15 33 32
16 29 3
16 3 2
16 2 1
16 1 0
16 29 28
16 28 7
16 7 6
16 6 5
16 5 4
16 28 27
16 27 25
16 25 23
16 23 21
16 21 19
16 19 17
16 17 14
16 14 13
16 13 12
16 12 11
16 11 10
16 10 8
16 10 9
16 17 16
16 16 15
16 19 18
16 21 20
16 23 22
16 25 24
16 27 26
17 30 10
17 10 9
17 9 0
17 9 8
17 8 3
17 3 1
17 3 2
17 8 7
17 7 4
17 7 6
17 6 5
17 30 29
17 29 13
17 13 12
17 12 11
17 29 28
17 28 17
17 17 15
17 15 14
17 17 16
17 28 27
17 27 19
17 19 18
17 27 26
17 26 24
17 24 22
17 22 20
17 22 21
17 24 23
17 26 25
18 33 14
18 14 9
18 9 8
18 8 7
18 7 5
18 5 4
18 4 0
18 4 3
18 3 2
18 2 1
18 7 6
18 14 13
18 13 12
18 12 10
18 12 11
18 33 32
18 32 15
18 32 31
18 31 30
18 30 27
18 27 18
18 18 16
18 18 17
18 27 26
18 26 21
18 21 20
18 20 19
18 26 25
18 25 22
18 25 24
18 24 23
18 30 29
18 29 28
19 29 28
19 28 11
19 11 10
19 10 5
19 5 0
19 5 4
19 4 3
19 3 2
19 2 1
19 10 9
19 9 7
19 7 6
19 9 8
19 28 27
19 27 25
19 25 24
19 24 12
19 24 23
19 23 13
19 23 22
19 22 14
19 22 21
19 21 17
19 17 15
19 17 16
19 21 20
19 20 18
19 20 19
19 27 26
20 33 32
20 32 31
20 31 30
20 30 27
20 27 23
20 23 22
20 22 0
20 22 21
20 21 20
20 20 17
20 17 16
20 16 15
20 15 14
20 14 3
20 3 1
20 3 2
20 14 13
20 13 11
20 11 10
20 10 8
20 8 7
20 7 6
20 6 4
20 6 5
20 10 9
20 13 12
20 20 19
20 19 18
20 27 26
20 26 24
20 26 25
20 30 29
20 29 28
21 33 31
21 31 27
21 27 0
21 27 26
21 26 24
21 24 2
21 2 1
21 24 23
21 23 22
21 22 21
21 21 12
21 12 10
21 10 8
21 8 6
21 6 5
21 5 4
21 4 3
21 8 7
21 10 9
21 12 11
21 21 20
21 20 14
21 14 13
21 20 19
21 19 17
21 17 16
21 16 15
21 19 18
21 26 25
21 31 30
21 30 29
21 29 28
21 33 32
22 34 8
22 8 0
22 8 7
22 7 6
22 6 5
22 5 4
22 4 2
22 2 1
22 4 3
22 34 33
22 33 31
22 31 13
22 13 11
22 11 9
22 11 10
22 13 12
22 31 30
22 30 26
22 26 24
22 24 15
22 15 14
22 24 23
22 23 21
22 21 20
22 20 17
22 17 16
22 20 19
22 19 18
22 23 22
22 26 25
22 30 29
22 29 28
22 28 27
22 33 32
23 30 24
23 24 23
23 23 22
23 22 20
23 20 13
23 13 12
23 12 0
23 12 11
23 11 7
23 7 2
23 2 1
23 7 6
23 6 5
23 5 3
23 5 4
23 11 10
23 10 8
23 10 9
23 20 19
23 19 18
23 18 17
23 17 14
23 17 16
23 16 15
23 22 21
23 30 29
23 29 28
23 28 26
23 26 25
23 28 27
24 30 7
24 7 1
24 1 0
24 7 6
24 6 5
24 5 4
24 4 3
24 3 2
24 30 29
24 29 9
24 9 8
24 29 28
24 28 27
24 27 24
24 24 23
24 23 10
24 23 22
24 22 11
24 22 21
24 21 12
24 21 20
24 20 19
24 19 18
24 18 13
24 18 17
24 17 16
24 16 14
24 16 15
24 27 26
24 26 25
25 34 30
25 30 29
25 29 0
25 29 28
25 28 26
25 26 1
25 26 25
25 25 9
25 9 7
25 7 6
25 6 4
25 4 3
25 3 2
25 6 5
25 9 8
25 25 24
25 24 23
25 23 21
25 21 12
25 12 10
25 12 11
25 21 20
25 20 19
25 19 16
25 16 15
25 15 13
25 15 14
25 19 18
25 18 17
25 23 22
25 28 27
25 34 33
25 33 32
25 32 31
26 30 29
26 29 1
26 1 0
26 29 28
26 28 2
26 28 27
26 27 26
26 26 23
26 23 22
26 22 21
26 21 12
26 12 11
26 11 9
26 9 3
26 9 8
26 8 7
26 7 6
26 6 5
26 5 4
26 11 10
26 21 20
26 20 18
26 18 17
26 17 15
26 15 14
26 14 13
26 17 16
26 20 19
26 26 25
26 25 24
27 30 0
27 30 29
27 29 18
27 18 14
27 14 13
27 13 1
27 13 12
27 12 10
27 10 9
27 9 8
27 8 6
27 6 5
27 5 2
27 5 4
27 4 3
27 8 7
27 12 11
27 18 17
27 17 16
27 16 15
27 29 28
27 28 24
27 24 23
27 23 22
27 22 21
27 21 19
27 21 20
27 28 27
27 27 26
27 26 25
28 32 31
28 31 2
28 2 0
28 2 1
28 31 30
28 30 29
28 29 24
28 24 6
28 6 5
28 5 4
28 4 3
28 24 23
28 23 18
28 18 7
28 18 17
28 17 15
28 15 11
28 11 8
28 11 10
28 10 9
28 15 14
28 14 12
28 14 13
28 17 16
28 23 22
28 22 20
28 20 19
28 22 21
28 29 28
28 28 25
28 28 27
28 27 26
29 33 30
29 30 0
29 30 29
29 29 28
29 28 27
29 27 26
29 26 24
29 24 23
29 23 22
29 22 1
29 22 21
29 21 19
29 19 4
29 4 3
29 3 2
29 19 18
29 18 10
29 10 7
29 7 5
29 7 6
29 10 9
29 9 8
29 18 17
29 17 16
29 16 14
29 14 12
29 12 11
29 14 13
29 16 15
29 21 20
29 26 25
29 33 32
29 32 31
30 32 31
30 31 30
30 30 29
30 29 28
30 28 27
30 27 26
30 26 13
30 13 11
30 11 10
30 10 9
30 9 8
30 8 2
30 2 1
30 1 0
30 8 7
30 7 4
30 4 3
30 7 6
30 6 5
30 13 12
30 26 25
30 25 14
30 25 24
30 24 23
30 23 16
30 16 15
30 23 22
30 22 18
30 18 17
30 22 21
30 21 19
30 21 20
31 32 31
31 31 28
31 28 26
31 26 25
31 25 0
31 25 24
31 24 21
31 21 2
31 2 1
31 21 20
31 20 6
31 6 3
31 6 5
31 5 4
31 20 19
31 19 10
31 10 8
31 8 7
31 10 9
31 19 18
31 18 11
31 18 17
31 17 14
31 14 13
31 13 12
31 17 16
31 16 15
31 24 23
31 23 22
31 28 27
31 31 30
31 30 29
32 34 26
32 26 1
32 1 0
32 26 25
32 25 24
32 24 21
32 21 7
32 7 2
32 7 6
32 6 4
32 4 3
32 6 5
32 21 20
32 20 19
32 19 9
32 9 8
32 19 18
32 18 10
32 18 17
32 17 16
32 16 13
32 13 11
32 13 12
32 16 15
32 15 14
32 24 23
32 23 22
32 34 33
32 33 31
32 31 27
32 31 30
32 30 28
32 30 29
32 33 32
33 33 5
33 5 4
33 4 3
33 3 2
33 2 1
33 1 0
33 33 32
33 32 27
33 27 26
33 26 25
33 25 24
33 24 23
33 23 22
33 22 17
33 17 16
33 16 11
33 11 10
33 10 8
33 8 7
33 7 6
33 10 9
33 16 15
33 15 14
33 14 13
33 13 12
33 22 21
33 21 20
33 20 19
33 19 18
33 32 31
33 31 29
33 29 28
33 31 30
34 34 33
34 33 20
34 20 17
34 17 13
34 13 7
34 7 6
34 6 5
34 5 4
34 4 0
34 4 3
34 3 2
34 2 1
34 13 12
34 12 8
34 12 11
34 11 9
34 11 10
34 17 16
34 16 14
34 16 15
34 20 19
34 19 18
34 33 32
34 32 31
34 31 25
34 25 24
34 24 23
34 23 21
34 23 22
34 31 30
34 30 26
34 30 29
34 29 28
34 28 27
35 31 28
35 28 3
35 3 2
35 2 0
35 2 1
35 28 27
35 27 18
35 18 12
35 12 10
35 10 7
35 7 4
35 7 6
35 6 5
35 10 9
35 9 8
35 12 11
35 18 17
35 17 16
35 16 13
35 16 15
35 15 14
35 27 26
35 26 25
35 25 19
35 25 24
35 24 23
35 23 21
35 21 20
35 23 22
35 31 30
35 30 29
36 33 32
36 32 27
36 27 25
36 25 24
36 24 23
36 23 5
36 5 4
36 4 3
36 3 2
36 2 0
36 2 1
36 23 22
36 22 15
36 15 14
36 14 13
36 13 12
36 12 8
36 8 7
36 7 6
36 12 11
36 11 10
36 10 9
36 22 21
36 21 20
36 20 19
36 19 18
36 18 16
36 18 17
36 27 26
36 32 31
36 31 30
36 30 28
36 30 29
37 34 1
37 1 0
37 34 33
37 33 30
37 30 26
37 26 25
37 25 22
37 22 21
37 21 20
37 20 19
37 19 2
37 19 18
37 18 17
37 17 16
37 16 15
37 15 14
37 14 3
37 14 13
37 13 12
37 12 8
37 8 4
37 8 7
37 7 5
37 7 6
37 12 11
37 11 9
37 11 10
37 25 24
37 24 23
37 30 29
37 29 27
37 29 28
37 33 32
37 32 31
38 34 7
38 7 6
38 6 1
38 1 0
38 6 5
38 5 4
38 4 2
38 4 3
38 34 33
38 33 8
38 33 32
38 32 12
38 12 11
38 11 9
38 11 10
38 32 31
38 31 13
38 31 30
38 30 15
38 15 14
38 30 29
38 29 28
38 28 27
38 27 16
38 27 26
38 26 25
38 25 20
38 20 18
38 18 17
38 20 19
38 25 24
38 24 22
38 22 21
38 24 23
39 31 30
39 30 0
39 30 29
39 29 15
39 15 13
39 13 12
39 12 1
39 12 11
39 11 9
39 9 8
39 8 4
39 4 2
39 4 3
39 8 7
39 7 5
39 7 6
39 11 10
39 15 14
39 29 28
39 28 18
39 18 17
39 17 16
39 28 27
39 27 25
39 25 23
39 23 22
39 22 19
39 22 21
39 21 20
39 25 24
39 27 26
40 30 0
40 30 29
40 29 27
40 27 26
40 26 2
40 2 1
40 26 25
40 25 24
40 24 8
40 8 6
40 6 3
40 6 5
40 5 4
40 8 7
40 24 23
40 23 22
40 22 17
40 17 9
40 17 16
40 16 15
40 15 10
40 15 14
40 14 13
40 13 11
40 13 12
40 22 21
40 21 19
40 19 18
40 21 20
40 29 28
41 29 28
41 28 25
41 25 0
41 25 24
41 24 6
41 6 5
41 5 3
41 3 1
41 3 2
41 5 4
41 24 23
41 23 22
41 22 21
41 21 11
41 11 7
41 11 10
41 10 9
41 9 8
41 21 20
41 20 19
41 19 17
41 17 15
41 15 14
41 14 12
41 14 13
41 17 16
41 19 18
41 28 27
41 27 26
42 29 28
42 28 27
42 27 21
42 21 19
42 19 17
42 17 16
42 16 14
42 14 13
42 13 12
42 12 6
42 6 5
42 5 3
42 3 2
42 2 0
42 2 1
42 5 4
42 12 11
42 11 10
42 10 8
42 8 7
42 10 9
42 16 15
42 19 18
42 21 20
42 27 26
42 26 24
42 24 23
42 23 22
42 26 25
43 32 31
43 31 30
43 30 2
43 2 1
43 1 0
43 30 29
43 29 26
43 26 24
43 24 23
43 23 9
43 9 8
43 8 6
43 6 3
43 6 5
43 5 4
43 8 7
43 23 22
43 22 21
43 21 20
43 20 19
43 19 14
43 14 10
43 14 13
43 13 12
43 12 11
43 19 18
43 18 17
43 17 16
43 16 15
43 26 25
43 29 28
43 28 27
44 29 1
44 1 0
44 29 28
44 28 21
44 21 2
44 21 20
44 20 19
44 19 10
44 10 3
44 10 9
44 9 8
44 8 4
44 8 7
44 7 5
44 7 6
44 19 18
44 18 16
44 16 15
44 15 13
44 13 12
44 12 11
44 15 14
44 18 17
44 28 27
44 27 26
44 26 25
44 25 24
44 24 23
44 23 22
45 29 0
45 29 28
45 28 27
45 27 13
45 13 12
45 12 10
45 10 8
45 8 6
45 6 5
45 5 3
45 3 2
45 2 1
45 5 4
45 8 7
45 10 9
45 12 11
45 27 26
45 26 22
45 22 17
45 17 16
45 16 14
45 16 15
45 22 21
45 21 19
45 19 18
45 21 20
45 26 25
45 25 24
45 24 23
46 29 28
46 28 27
46 27 26
46 26 21
46 21 20
46 20 10
46 10 8
46 8 3
46 3 1
46 1 0
46 3 2
46 8 7
46 7 6
46 6 5
46 5 4
46 10 9
46 20 19
46 19 18
46 18 17
46 17 15
46 15 13
46 13 11
46 13 12
46 15 14
46 17 16
46 26 25
46 25 23
46 23 22
46 25 24
47 33 32
47 32 0
47 32 31
47 31 29
47 29 28
47 28 15
47 15 1
47 15 14
47 14 8
47 8 6
47 6 2
47 6 5
47 5 4
47 4 3
47 8 7
47 14 13
47 13 11
47 11 9
47 11 10
47 13 12
47 28 27
47 27 25
47 25 16
47 25 24
47 24 23
47 23 22
47 22 18
47 18 17
47 22 21
47 21 19
47 21 20
47 27 26
47 31 30
48 32 2
48 2 1
48 1 0
48 32 31
48 31 3
48 31 30
48 30 4
48 30 29
48 29 28
48 28 26
48 26 5
48 26 25
48 25 14
48 14 12
48 12 9
48 9 6
48 9 8
48 8 7
48 12 11
48 11 10
48 14 13
48 25 24
48 24 23
48 23 21
48 21 20
48 20 19
48 19 17
48 17 16
48 16 15
48 19 18
48 23 22
48 28 27
49 34 11
49 11 2
49 2 0
49 2 1
49 11 10
49 10 3
49 10 9
49 9 8
49 8 4
49 8 7
49 7 5
49 7 6
49 34 33
49 33 12
49 33 32
49 32 30
49 30 29
49 29 14
49 14 13
49 29 28
49 28 18
49 18 17
49 17 15
49 17 16
49 28 27
49 27 26
49 26 24
49 24 23
49 23 19
49 23 22
49 22 20
49 22 21
49 26 25
49 32 31
50 29 28
50 28 27
50 27 0
50 27 26
50 26 9
50 9 8
50 8 7
50 7 6
50 6 1
50 6 5
50 5 4
50 4 3
50 3 2
50 26 25
50 25 23
50 23 15
50 15 10
50 15 14
50 14 12
50 12 11
50 14 13
50 23 22
50 22 16
50 22 21
50 21 19
50 19 18
50 18 17
50 21 20
50 25 24
51 33 0
51 33 32
51 32 28
51 28 27
51 27 5
51 5 4
51 4 3
51 3 2
51 2 1
51 27 26
51 26 20
51 20 10
51 10 9
51 9 8
51 8 7
51 7 6
51 20 19
51 19 18
51 18 15
51 15 13
51 13 11
51 13 12
51 15 14
51 18 17
51 17 16
51 26 25
51 25 24
51 24 21
51 24 23
51 23 22
51 32 31
51 31 29
51 31 30
52 32 0
52 32 31
52 31 30
52 30 28
52 28 26
52 26 25
52 25 17
52 17 13
52 13 12
52 12 9
52 9 1
52 9 8
52 8 7
52 7 2
52 7 6
52 6 4
52 4 3
52 6 5
52 12 11
52 11 10
52 17 16
52 16 15
52 15 14
52 25 24
52 24 23
52 23 22
52 22 20
52 20 18
52 20 19
52 22 21
52 28 27
52 30 29
53 29 25
53 25 17
53 17 0
53 17 16
53 16 14
53 14 1
53 14 13
53 13 2
53 13 12
53 12 9
53 9 8
53 8 6
53 6 4
53 4 3
53 6 5
53 8 7
53 12 11
53 11 10
53 16 15
53 25 24
53 24 18
53 24 23
53 23 22
53 22 19
53 22 21
53 21 20
53 29 28
53 28 27
53 27 26
54 32 6
54 6 2
54 2 1
54 1 0
54 6 5
54 5 4
54 4 3
54 32 31
54 31 30
54 30 7
54 30 29
54 29 28
54 28 24
54 24 8
54 24 23
54 23 22
54 22 17
54 17 16
54 16 11
54 11 9
54 11 10
54 16 15
54 15 14
54 14 12
54 14 13
54 22 21
54 21 20
54 20 18
54 20 19
54 28 27
54 27 25
54 27 26
55 31 30
55 30 29
55 29 22
55 22 17
55 17 0
55 17 16
55 16 2
55 2 1
55 16 15
55 15 3
55 15 14
55 14 13
55 13 7
55 7 4
55 7 6
55 6 5
55 13 12
55 12 11
55 11 10
55 10 9
55 9 8
55 22 21
55 21 20
55 20 19
55 19 18
55 29 28
55 28 23
55 28 27
55 27 26
55 26 24
55 26 25
56 29 27
56 27 2
56 2 1
56 1 0
56 27 26
56 26 24
56 24 23
56 23 18
56 18 17
56 17 16
56 16 9
56 9 8
56 8 7
56 7 5
56 5 3
56 5 4
56 7 6
56 16 15
56 15 14
56 14 13
56 13 10
56 13 12
56 12 11
56 23 22
56 22 20
56 20 19
56 22 21
56 26 25
56 29 28
57 33 31
57 31 30
57 30 0
57 30 29
57 29 1
57 29 28
57 28 25
57 25 2
57 25 24
57 24 3
57 24 23
57 23 5
57 5 4
57 23 22
57 22 7
57 7 6
57 22 21
57 21 14
57 14 13
57 13 12
57 12 11
57 11 8
57 11 10
57 10 9
57 21 20
57 20 19
57 19 15
57 19 18
57 18 17
57 17 16
57 28 27
57 27 26
57 33 32
58 29 18
58 18 15
58 15 14
58 14 6
58 6 1
58 1 0
58 6 5
58 5 4
58 4 2
58 4 3
58 14 13
58 13 12
58 12 10
58 10 7
58 10 9
58 9 8
58 12 11
58 18 17
58 17 16
58 29 28
58 28 27
58 27 19
58 27 26
58 26 25
58 25 21
58 21 20
58 25 24
58 24 22
58 24 23
59 32 31
59 31 8
59 8 0
59 8 7
59 7 1
59 7 6
59 6 3
59 3 2
59 6 5
59 5 4
59 31 30
59 30 28
59 28 23
59 23 9
59 23 22
59 22 21
59 21 18
59 18 17
59 17 16
59 16 12
59 12 11
59 11 10
59 16 15
59 15 13
59 15 14
59 21 20
59 20 19
59 28 27
59 27 26
59 26 25
59 25 24
59 30 29
60 32 31
60 31 2
60 2 0
60 2 1
60 31 30
60 30 5
60 5 4
60 4 3
60 30 29
60 29 10
60 10 9
60 9 7
60 7 6
60 9 8
60 29 28
60 28 11
60 28 27
60 27 14
60 14 13
60 13 12
60 27 26
60 26 25
60 25 23
60 23 22
60 22 18
60 18 15
60 18 17
60 17 16
60 22 21
60 21 19
60 21 20
60 25 24
61 32 31
61 31 30
61 30 29
61 29 12
61 12 10
61 10 9
61 9 0
61 9 8
61 8 5
61 5 3
61 3 2
61 2 1
61 5 4
61 8 7
61 7 6
61 12 11
61 29 28
61 28 15
61 15 13
61 15 14
61 28 27
61 27 26
61 26 20
61 20 16
61 20 19
61 19 18
61 18 17
61 26 25
61 25 24
61 24 23
61 23 22
61 22 21
62 29 27
62 27 23
62 23 0
62 23 22
62 22 8
62 8 2
62 2 1
62 8 7
62 7 3
62 7 6
62 6 5
62 5 4
62 22 21
62 21 13
62 13 9
62 13 12
62 12 10
62 12 11
62 21 20
62 20 19
62 19 18
62 18 17
62 17 14
62 17 16
62 16 15
62 27 26
62 26 24
62 26 25
62 29 28
63 32 2
63 2 1
63 1 0
63 32 31
63 31 28
63 28 27
63 27 3
63 27 26
63 26 8
63 8 7
63 7 6
63 6 5
63 5 4
63 26 25
63 25 24
63 24 9
63 24 23
63 23 22
63 22 18
63 18 17
63 17 14
63 14 10
63 14 13
63 13 11
63 13 12
63 17 16
63 16 15
63 22 21
63 21 19
63 21 20
63 31 30
63 30 29
64 31 30
64 30 1
64 1 0
64 30 29
64 29 7
64 7 6
64 6 5
64 5 3
64 3 2
64 5 4
64 29 28
64 28 11
64 11 8
64 11 10
64 10 9
64 28 27
64 27 26
64 26 12
64 26 25
64 25 23
64 23 21
64 21 20
64 20 19
64 19 13
64 19 18
64 18 16
64 16 15
64 15 14
64 18 17
64 23 22
64 25 24
65 30 6
65 6 3
65 3 0
65 3 2
65 2 1
65 6 5
65 5 4
65 30 29
65 29 10
65 10 8
65 8 7
65 10 9
65 29 28
65 28 26
65 26 25
65 25 13
65 13 11
65 13 12
65 25 24
65 24 22
65 22 21
65 21 14
65 21 20
65 20 19
65 19 15
65 19 18
65 18 17
65 17 16
65 24 23
65 28 27
66 29 24
66 24 22
66 22 20
66 20 4
66 4 3
66 3 0
66 3 2
66 2 1
66 20 19
66 19 6
66 6 5
66 19 18
66 18 10
66 10 8
66 8 7
66 10 9
66 18 17
66 17 12
66 12 11
66 17 16
66 16 13
66 16 15
66 15 14
66 22 21
66 24 23
66 29 28
66 28 26
66 26 25
66 28 27
67 34 33
67 33 32
67 32 31
67 31 30
67 30 25
67 25 9
67 9 0
67 9 8
67 8 3
67 3 2
67 2 1
67 8 7
67 7 6
67 6 4
67 6 5
67 25 24
67 24 10
67 24 23
67 23 21
67 21 20
67 20 11
67 20 19
67 19 18
67 18 17
67 17 13
67 13 12
67 17 16
67 16 14
67 16 15
67 23 22
67 30 29
67 29 26
67 29 28
67 28 27
68 32 26
68 26 25
68 25 24
68 24 23
68 23 9
68 9 0
68 9 8
68 8 7
68 7 1
68 7 6
68 6 2
68 6 5
68 5 3
68 5 4
68 23 22
68 22 13
68 13 10
68 13 12
68 12 11
68 22 21
68 21 19
68 19 18
68 18 17
68 17 16
68 16 14
68 16 15
68 21 20
68 32 31
68 31 30
68 30 29
68 29 28
68 28 27
69 33 1
69 1 0
69 33 32
69 32 9
69 9 7
69 7 4
69 4 3
69 3 2
69 7 6
69 6 5
69 9 8
69 32 31
69 31 12
69 12 11
69 11 10
69 31 30
69 30 14
69 14 13
69 30 29
69 29 28
69 28 26
69 26 19
69 19 15
69 19 18
69 18 16
69 18 17
69 26 25
69 25 23
69 23 21
69 21 20
69 23 22
69 25 24
69 28 27
70 30 5
70 5 0
70 5 4
70 4 3
70 3 2
70 2 1
70 30 29
70 29 28
70 28 27
70 27 26
70 26 25
70 25 6
70 25 24
70 24 7
70 24 23
70 23 21
70 21 16
70 16 15
70 15 9
70 9 8
70 15 14
70 14 10
70 14 13
70 13 12
70 12 11
70 21 20
70 20 19
70 19 17
70 19 18
70 23 22
71 34 31
71 31 18
71 18 14
71 14 2
71 2 1
71 1 0
71 14 13
71 13 12
71 12 11
71 11 5
71 5 3
71 5 4
71 11 10
71 10 8
71 8 7
71 7 6
71 10 9
71 18 17
71 17 15
71 17 16
71 31 30
71 30 27
71 27 19
71 27 26
71 26 25
71 25 24
71 24 23
71 23 22
71 22 21
71 21 20
71 30 29
71 29 28
71 34 33
71 33 32
72 34 29
72 29 27
72 27 1
72 1 0
72 27 26
72 26 9
72 9 4
72 4 3
72 3 2
72 9 8
72 8 6
72 6 5
72 8 7
72 26 25
72 25 24
72 24 11
72 11 10
72 24 23
72 23 22
72 22 12
72 22 21
72 21 18
72 18 13
72 18 17
72 17 16
72 16 15
72 15 14
72 21 20
72 20 19
72 29 28
72 34 33
72 33 32
72 32 30
72 32 31
73 33 1
73 1 0
73 33 32
73 32 26
73 26 25
73 25 22
73 22 17
73 17 6
73 6 5
73 5 4
73 4 2
73 4 3
73 17 16
73 16 15
73 15 7
73 15 14
73 14 13
73 13 11
73 11 8
73 11 10
73 10 9
73 13 12
73 22 21
73 21 19
73 19 18
73 21 20
73 25 24
73 24 23
73 32 31
73 31 27
73 31 30
73 30 29
73 29 28
74 30 21
74 21 20
74 20 4
74 4 3
74 3 1
74 1 0
74 3 2
74 20 19
74 19 7
74 7 6
74 6 5
74 19 18
74 18 8
74 18 17
74 17 16
74 16 9
74 16 15
74 15 13
74 13 11
74 11 10
74 13 12
74 15 14
74 30 29
74 29 28
74 28 27
74 27 25
74 25 24
74 24 23
74 23 22
74 27 26
75 29 25
75 25 5
75 5 0
75 5 4
75 4 2
75 2 1
75 4 3
75 25 24
75 24 6
75 24 23
75 23 22
75 22 11
75 11 8
75 8 7
75 11 10
75 10 9
75 22 21
75 21 19
75 19 12
75 19 18
75 18 17
75 17 16
75 16 14
75 14 13
75 16 15
75 21 20
75 29 28
75 28 26
75 28 27
76 32 31
76 31 12
76 12 11
76 11 10
76 10 9
76 9 5
76 5 1
76 1 0
76 5 4
76 4 2
76 4 3
76 9 8
76 8 7
76 7 6
76 31 30
76 30 28
76 28 13
76 28 27
76 27 23
76 23 22
76 22 14
76 22 21
76 21 20
76 20 19
76 19 18
76 18 17
76 17 15
76 17 16
76 27 26
76 26 24
76 26 25
76 30 29
77 32 25
77 25 24
77 24 23
77 23 22
77 22 20
77 20 18
77 18 17
77 17 16
77 16 15
77 15 14
77 14 12
77 12 11
77 11 10
77 10 9
77 9 7
77 7 5
77 5 4
77 4 3
77 3 1
77 1 0
77 3 2
77 7 6
77 9 8
77 14 13
77 20 19
77 22 21
77 32 31
77 31 26
77 31 30
77 30 29
77 29 27
77 29 28
78 29 3
78 3 2
78 2 0
78 2 1
78 29 28
78 28 17
78 17 16
78 16 7
78 7 5
78 5 4
78 7 6
78 16 15
78 15 9
78 9 8
78 15 14
78 14 10
78 14 13
78 13 11
78 13 12
78 28 27
78 27 26
78 26 21
78 21 20
78 20 19
78 19 18
78 26 25
78 25 22
78 25 24
78 24 23
79 32 21
79 21 20
79 20 4
79 4 2
79 2 1
79 1 0
79 4 3
79 20 19
79 19 6
79 6 5
79 19 18
79 18 17
79 17 16
79 16 7
79 16 15
79 15 8
79 15 14
79 14 11
79 11 10
79 10 9
79 14 13
79 13 12
79 32 31
79 31 23
79 23 22
79 31 30
79 30 26
79 26 24
79 26 25
79 30 29
79 29 28
79 28 27
80 29 22
80 22 0
80 22 21
80 21 19
80 19 7
80 7 6
80 6 4
80 4 3
80 3 1
80 3 2
80 6 5
80 19 18
80 18 17
80 17 13
80 13 12
80 12 11
80 11 9
80 9 8
80 11 10
80 17 16
80 16 14
80 16 15
80 21 20
80 29 28
80 28 26
80 26 25
80 25 23
80 25 24
80 28 27
81 32 0
81 32 31
81 31 6
81 6 5
81 5 3
81 3 1
81 3 2
81 5 4
81 31 30
81 30 26
81 26 25
81 25 24
81 24 23
81 23 22
81 22 7
81 22 21
81 21 20
81 20 19
81 19 18
81 18 17
81 17 16
81 16 15
81 15 14
81 14 8
81 14 13
81 13 9
81 13 12
81 12 11
81 11 10
81 30 29
81 29 27
81 29 28
82 32 0
82 32 31
82 31 30
82 30 3
82 3 2
82 2 1
82 30 29
82 29 16
82 16 9
82 9 6
82 6 4
82 6 5
82 9 8
82 8 7
82 16 15
82 15 14
82 14 12
82 12 11
82 11 10
82 14 13
82 29 28
82 28 27
82 27 22
82 22 17
82 22 21
82 21 20
82 20 18
82 20 19
82 27 26
82 26 24
82 24 23
82 26 25
83 31 1
83 1 0
83 31 30
83 30 13
83 13 11
83 11 10
83 10 9
83 9 5
83 5 2
83 5 4
83 4 3
83 9 8
83 8 6
83 8 7
83 13 12
83 30 29
83 29 28
83 28 27
83 27 25
83 25 14
83 25 24
83 24 23
83 23 22
83 22 21
83 21 20
83 20 16
83 16 15
83 20 19
83 19 18
83 18 17
83 27 26
84 31 30
84 30 8
84 8 6
84 6 3
84 3 0
84 3 2
84 2 1
84 6 5
84 5 4
84 8 7
84 30 29
84 29 9
84 29 28
84 28 10
84 28 27
84 27 11
84 27 26
84 26 25
84 25 24
84 24 21
84 21 13
84 13 12
84 21 20
84 20 19
84 19 14
84 19 18
84 18 16
84 16 15
84 18 17
84 24 23
84 23 22
85 29 28
85 28 7
85 7 3
85 3 2
85 2 0
85 2 1
85 7 6
85 6 4
85 6 5
85 28 27
85 27 26
85 26 8
85 26 25
85 25 24
85 24 23
85 23 22
85 22 21
85 21 19
85 19 18
85 18 17
85 17 9
85 17 16
85 16 13
85 13 10
85 13 12
85 12 11
85 16 15
85 15 14
85 21 20
86 29 28
86 28 26
86 26 25
86 25 23
86 23 2
86 2 1
86 1 0
86 23 22
86 22 21
86 21 19
86 19 14
86 14 13
86 13 12
86 12 10
86 10 4
86 4 3
86 10 9
86 9 7
86 7 5
86 7 6
86 9 8
86 12 11
86 19 18
86 18 17
86 17 15
86 17 16
86 21 20
86 25 24
86 28 27
87 31 30
87 30 29
87 29 28
87 28 27
87 27 10
87 10 8
87 8 3
87 3 1
87 1 0
87 3 2
87 8 7
87 7 6
87 6 4
87 6 5
87 10 9
87 27 26
87 26 25
87 25 11
87 25 24
87 24 12
87 24 23
87 23 22
87 22 19
87 19 13
87 19 18
87 18 15
87 15 14
87 18 17
87 17 16
87 22 21
87 21 20
88 33 16
88 16 14
88 14 11
88 11 1
88 1 0
88 11 10
88 10 7
88 7 6
88 6 5
88 5 2
88 5 4
88 4 3
88 10 9
88 9 8
88 14 13
88 13 12
88 16 15
88 33 32
88 32 31
88 31 18
88 18 17
88 31 30
88 30 28
88 28 19
88 28 27
88 27 26
88 26 20
88 26 25
88 25 21
88 25 24
88 24 22
88 24 23
88 30 29
89 33 0
89 33 32
89 32 30
89 30 29
89 29 28
89 28 27
89 27 26
89 26 24
89 24 1
89 24 23
89 23 19
89 19 13
89 13 4
89 4 3
89 3 2
89 13 12
89 12 10
89 10 9
89 9 5
89 9 8
89 8 7
89 7 6
89 12 11
89 19 18
89 18 14
89 18 17
89 17 15
89 17 16
89 23 22
89 22 20
89 22 21
89 26 25
89 32 31
90 32 31
90 31 30
90 30 1
90 1 0
90 30 29
90 29 2
90 29 28
90 28 5
90 5 3
90 5 4
90 28 27
90 27 6
90 27 26
90 26 7
90 26 25
90 25 18
90 18 17
90 17 16
90 16 11
90 11 10
90 10 8
90 10 9
90 16 15
90 15 13
90 13 12
90 15 14
90 25 24
90 24 22
90 22 19
90 22 21
90 21 20
90 24 23
91 29 28
91 28 15
91 15 2
91 2 1
91 1 0
91 15 14
91 14 13
91 13 12
91 12 8
91 8 7
91 7 6
91 6 3
91 6 5
91 5 4
91 12 11
91 11 9
91 11 10
91 28 27
91 27 26
91 26 16
91 26 25
91 25 24
91 24 23
91 23 22
91 22 20
91 20 19
91 19 17
91 19 18
91 22 21
92 31 23
92 23 21
92 21 20
92 20 19
92 19 18
92 18 17
92 17 1
92 1 0
92 17 16
92 16 15
92 15 14
92 14 13
92 13 2
92 13 12
92 12 10
92 10 8
92 8 7
92 7 6
92 6 4
92 4 3
92 6 5
92 10 9
92 12 11
92 23 22
92 31 30
92 30 29
92 29 27
92 27 26
92 26 24
92 26 25
92 29 28
93 30 29
93 29 8
93 8 6
93 6 4
93 4 1
93 1 0
93 4 3
93 3 2
93 6 5
93 8 7
93 29 28
93 28 24
93 24 22
93 22 19
93 19 18
93 18 13
93 13 11
93 11 9
93 11 10
93 13 12
93 18 17
93 17 16
93 16 14
93 16 15
93 22 21
93 21 20
93 24 23
93 28 27
93 27 26
93 26 25
94 33 31
94 31 30
94 30 29
94 29 27
94 27 0
94 27 26
94 26 25
94 25 23
94 23 2
94 2 1
94 23 22
94 22 21
94 21 20
94 20 18
94 18 16
94 16 8
94 8 4
94 4 3
94 8 7
94 7 5
94 7 6
94 16 15
94 15 14
94 14 13
94 13 12
94 12 10
94 10 9
94 12 11
94 18 17
94 20 19
94 25 24
94 29 28
94 33 32
95 34 12
95 12 11
95 11 3
95 3 2
95 2 1
95 1 0
95 11 10
95 10 4
95 10 9
95 9 7
95 7 6
95 6 5
95 9 8
95 34 33
95 33 32
95 32 30
95 30 25
95 25 24
95 24 22
95 22 20
95 20 18
95 18 14
95 14 13
95 18 17
95 17 16
95 16 15
95 20 19
95 22 21
95 24 23
95 30 29
95 29 27
95 27 26
95 29 28
95 32 31
96 30 29
96 29 14
96 14 1
96 1 0
96 14 13
96 13 11
96 11 6
96 6 3
96 3 2
96 6 5
96 5 4
96 11 10
96 10 9
96 9 8
96 8 7
96 13 12
96 29 28
96 28 15
96 28 27
96 27 26
96 26 16
96 26 25
96 25 22
96 22 21
96 21 20
96 20 19
96 19 17
96 19 18
96 25 24
96 24 23
97 31 29
97 29 0
97 29 28
97 28 27
97 27 26
97 26 16
97 16 1
97 16 15
97 15 3
97 3 2
97 15 14
97 14 12
97 12 11
97 11 4
97 11 10
97 10 8
97 8 7
97 7 5
97 7 6
97 10 9
97 14 13
97 26 25
97 25 24
97 24 19
97 19 17
97 19 18
97 24 23
97 23 21
97 21 20
97 23 22
97 31 30
98 29 28
98 28 27
98 27 26
98 26 0
98 26 25
98 25 24
98 24 3
98 3 1
98 3 2
98 24 23
98 23 18
98 18 17
98 17 16
98 16 15
98 15 12
98 12 6
98 6 4
98 6 5
98 12 11
98 11 9
98 9 7
98 9 8
98 11 10
98 15 14
98 14 13
98 23 22
98 22 21
98 21 19
98 21 20
99 33 32
99 32 31
99 31 29
99 29 2
99 2 1
99 1 0
99 29 28
99 28 26
99 26 16
99 16 3
99 16 15
99 15 12
99 12 10
99 10 4
99 10 9
99 9 8
99 8 6
99 6 5
99 8 7
99 12 11
99 15 14
99 14 13
99 26 25
99 25 23
99 23 19
99 19 17
99 19 18
99 23 22
99 22 20
99 22 21
99 25 24
99 28 27
99 31 30
100 31 23
100 23 0
100 23 22
100 22 1
100 22 21
100 21 11
100 11 9
100 9 2
100 9 8
100 8 3
100 8 7
100 7 4
100 7 6
100 6 5
100 11 10
100 21 20
100 20 12
100 20 19
100 19 18
100 18 16
100 16 15
100 15 13
100 15 14
100 18 17
100 31 30
100 30 29
100 29 28
100 28 26
100 26 24
100 26 25
100 28 27
101 30 29
101 29 0
101 29 28
101 28 27
101 27 21
101 21 19
101 19 14
101 14 1
101 14 13
101 13 10
101 10 2
101 10 9
101 9 8
101 8 3
101 8 7
101 7 5
101 5 4
101 7 6
101 13 12
101 12 11
101 19 18
101 18 15
101 18 17
101 17 16
101 21 20
101 27 26
101 26 25
101 25 23
101 23 22
101 25 24
