1 33 1
1 1 0
1 33 32
1 32 31
1 31 29
1 29 27
1 27 26
1 26 22
1 22 4
1 4 3
1 3 2
1 22 21
1 21 20
1 20 18
1 18 17
1 17 5
1 17 16
1 16 6
1 16 15
1 15 14
1 14 8
1 8 7
1 14 13
1 13 11
1 11 9
1 11 10
1 13 12
1 20 19
1 26 25
1 25 24
1 24 23
1 29 28
1 31 30
2 29 24
2 24 1
2 1 0
2 24 23
2 23 22
2 22 21
2 21 7
2 7 5
2 5 4
2 4 2
2 4 3
2 7 6
2 21 20
2 20 18
2 18 14
2 14 11
2 11 8
2 11 10
2 10 9
2 14 13
2 13 12
2 18 17
2 17 15
2 17 16
2 20 19
2 29 28
2 28 27
2 27 25
2 27 26
3 31 0
3 31 30
3 30 29
3 29 28
3 28 19
3 19 1
3 19 18
3 18 2
3 18 17
3 17 16
3 16 9
3 9 8
3 8 7
3 7 6
3 6 5
3 5 4
3 4 3
3 16 15
3 15 11
3 11 10
3 15 14
3 14 12
3 14 13
3 28 27
3 27 26
3 26 24
3 24 23
3 23 22
3 22 20
3 22 21
3 26 25
4 29 18
4 18 11
4 11 10
4 10 9
4 9 7
4 7 0
4 7 6
4 6 2
4 2 1
4 6 5
4 5 3
4 5 4
4 9 8
4 18 17
4 17 16
4 16 12
4 16 15
4 15 14
4 14 13
4 29 28
4 28 23
4 23 22
4 22 21
4 21 20
4 20 19
4 28 27
4 27 26
4 26 25
4 25 24
5 30 29
5 29 2
5 2 1
5 1 0
5 29 28
5 28 12
5 12 6
5 6 5
5 5 4
5 4 3
5 12 11
5 11 10
5 10 8
5 8 7
5 10 9
5 28 27
5 27 26
5 26 16
5 16 15
5 15 14
5 14 13
5 26 25
5 25 23
5 23 20
5 20 19
5 19 17
5 19 18
5 23 22
5 22 21
5 25 24
6 34 33
6 33 32
6 32 31
6 31 30
6 30 27
6 27 25
6 25 24
6 24 12
6 12 11
6 11 10
6 10 0
6 10 9
6 9 8
6 8 6
6 6 3
6 3 1
6 3 2
6 6 5
6 5 4
6 8 7
6 24 23
6 23 17
6 17 15
6 15 14
6 14 13
6 17 16
6 23 22
6 22 21
6 21 18
6 21 20
6 20 19
6 27 26
6 30 29
6 29 28
7 34 32
7 32 31
7 31 4
7 4 2
7 2 1
7 1 0
7 4 3
7 31 30
7 30 6
7 6 5
7 30 29
7 29 28
7 28 27
7 27 7
7 27 26
7 26 12
7 12 11
7 11 8
7 11 10
7 10 9
7 26 25
7 25 23
7 23 21
7 21 13
7 21 20
7 20 19
7 19 18
7 18 14
7 18 17
7 17 15
7 17 16
7 23 22
7 25 24
7 34 33
8 32 3
8 3 1
8 1 0
8 3 2
8 32 31
8 31 30
8 30 4
8 30 29
8 29 5
8 29 28
8 28 27
8 27 9
8 9 8
8 8 7
8 7 6
8 27 26
8 26 25
8 25 14
8 14 12
8 12 10
8 12 11
8 14 13
8 25 24
8 24 23
8 23 22
8 22 16
8 16 15
8 22 21
8 21 19
8 19 17
8 19 18
8 21 20
9 31 30
9 30 26
9 26 25
9 25 24
9 24 17
9 17 16
9 16 14
9 14 0
9 14 13
9 13 12
9 12 1
9 12 11
9 11 9
9 9 7
9 7 6
9 6 5
9 5 4
9 4 3
9 3 2
9 9 8
9 11 10
9 16 15
9 24 23
9 23 22
9 22 18
9 22 21
9 21 19
9 21 20
9 30 29
9 29 27
9 29 28
10 33 18
10 18 17
10 17 16
10 16 15
10 15 14
10 14 12
10 12 6
10 6 5
10 5 4
10 4 3
10 3 2
10 2 0
10 2 1
10 12 11
10 11 7
10 11 10
10 10 8
10 10 9
10 14 13
10 33 32
10 32 19
10 32 31
10 31 22
10 22 21
10 21 20
10 31 30
10 30 23
10 30 29
10 29 28
10 28 27
10 27 24
10 27 26
10 26 25
11 30 2
11 2 1
11 1 0
11 30 29
11 29 28
11 28 17
11 17 16
11 16 7
11 7 5
11 5 3
11 5 4
11 7 6
11 16 15
11 15 9
11 9 8
11 15 14
11 14 10
11 14 13
11 13 11
11 13 12
11 28 27
11 27 19
11 19 18
11 27 26
11 26 24
11 24 23
11 23 21
11 21 20
11 23 22
11 26 25
12 32 28
12 28 15
12 15 0
12 15 14
12 14 3
12 3 2
12 2 1
12 14 13
12 13 4
12 13 12
12 12 6
12 6 5
12 12 11
12 11 9
12 9 7
12 9 8
12 11 10
12 28 27
12 27 26
12 26 16
12 26 25
12 25 18
12 18 17
12 25 24
12 24 22
12 22 21
12 21 20
12 20 19
12 24 23
12 32 31
12 31 30
12 30 29
13 34 33
13 33 32
13 32 31
13 31 27
13 27 24
13 24 0
13 24 23
13 23 2
13 2 1
13 23 22
13 22 9
13 9 8
13 8 7
13 7 6
13 6 4
13 4 3
13 6 5
13 22 21
13 21 12
13 12 11
13 11 10
13 21 20
13 20 13
13 20 19
13 19 18
13 18 17
13 17 16
13 16 15
13 15 14
13 27 26
13 26 25
13 31 30
13 30 29
13 29 28
14 31 0
14 31 30
14 30 14
14 14 13
14 13 4
14 4 3
14 3 1
14 3 2
14 13 12
14 12 6
14 6 5
14 12 11
14 11 7
14 11 10
14 10 8
14 10 9
14 30 29
14 29 27
14 27 26
14 26 25
14 25 15
14 25 24
14 24 23
14 23 18
14 18 16
14 18 17
14 23 22
14 22 21
14 21 20
14 20 19
14 29 28
15 31 0
15 31 30
15 30 28
15 28 27
15 27 25
15 25 1
15 25 24
15 24 2
15 24 23
15 23 22
15 22 21
15 21 20
15 20 19
15 19 16
15 16 3
15 16 15
15 15 14
15 14 6
15 6 5
15 5 4
15 14 13
15 13 8
15 8 7
15 13 12
15 12 10
15 10 9
15 12 11
15 19 18
15 18 17
15 27 26
15 30 29
16 31 29
16 29 28
16 28 0
16 28 27
16 27 18
16 18 1
16 18 17
16 17 2
16 17 16
16 16 4
16 4 3
16 16 15
16 15 10
16 10 9
16 9 6
16 6 5
16 9 8
16 8 7
16 15 14
16 14 13
16 13 11
16 13 12
16 27 26
16 26 19
16 26 25
16 25 23
16 23 22
16 22 20
16 22 21
16 25 24
16 31 30
17 31 16
17 16 15
17 15 14
17 14 3
17 3 1
17 1 0
17 3 2
17 14 13
17 13 4
17 13 12
17 12 11
17 11 9
17 9 8
17 8 7
17 7 6
17 6 5
17 11 10
17 31 30
17 30 29
17 29 23
17 23 17
17 23 22
17 22 20
17 20 19
17 19 18
17 22 21
17 29 28
17 28 27
17 27 25
17 25 24
17 27 26
18 30 0
18 30 29
18 29 1
18 29 28
18 28 27
18 27 25
18 25 5
18 5 3
18 3 2
18 5 4
18 25 24
18 24 6
18 24 23
18 23 17
18 17 7
18 17 16
18 16 15
18 15 8
18 15 14
18 14 12
18 12 11
18 11 9
18 11 10
18 14 13
18 23 22
18 22 20
18 20 18
18 20 19
18 22 21
18 27 26
19 32 31
19 31 0
19 31 30
19 30 29
19 29 4
19 4 2
19 2 1
19 4 3
19 29 28
19 28 5
19 28 27
19 27 7
19 7 6
19 27 26
19 26 10
19 10 8
19 10 9
19 26 25
19 25 11
19 25 24
19 24 22
19 22 16
19 16 13
19 13 12
19 16 15
19 15 14
19 22 21
19 21 17
19 21 20
19 20 18
19 20 19
19 24 23
20 29 27
20 27 24
20 24 0
20 24 23
20 23 11
20 11 10
20 10 1
20 10 9
20 9 5
20 5 4
20 4 2
20 4 3
20 9 8
20 8 6
20 8 7
20 23 22
20 22 21
20 21 13
20 13 12
20 21 20
20 20 19
20 19 18
20 18 17
20 17 16
20 16 14
20 16 15
20 27 26
20 26 25
20 29 28
21 33 2
21 2 0
21 2 1
21 33 32
21 32 7
21 7 5
21 5 3
21 5 4
21 7 6
21 32 31
21 31 30
21 30 18
21 18 14
21 14 12
21 12 10
21 10 9
21 9 8
21 12 11
21 14 13
21 18 17
21 17 15
21 17 16
21 30 29
21 29 23
21 23 22
21 22 21
21 21 20
21 20 19
21 29 28
21 28 27
21 27 24
21 27 26
21 26 25
22 29 28
22 28 27
22 27 26
22 26 25
22 25 22
22 22 21
22 21 18
22 18 17
22 17 15
22 15 14
22 14 1
22 1 0
22 14 13
22 13 12
22 12 10
22 10 9
22 9 7
22 7 6
22 6 5
22 5 4
22 4 2
22 4 3
22 9 8
22 12 11
22 17 16
22 21 20
22 20 19
22 25 24
22 24 23
23 31 30
23 30 29
23 29 23
23 23 8
23 8 7
23 7 6
23 6 2
23 2 1
23 1 0
23 6 5
23 5 4
23 4 3
23 23 22
23 22 21
23 21 19
23 19 17
23 17 10
23 10 9
23 17 16
23 16 15
23 15 14
23 14 11
23 14 13
23 13 12
23 19 18
23 21 20
23 29 28
23 28 24
23 28 27
23 27 25
23 27 26
24 33 32
24 32 0
24 32 31
24 31 29
24 29 4
24 4 2
24 2 1
24 4 3
24 29 28
24 28 20
24 20 10
24 10 9
24 9 8
24 8 7
24 7 5
24 7 6
24 20 19
24 19 16
24 16 14
24 14 13
24 13 11
24 13 12
24 16 15
24 19 18
24 18 17
24 28 27
24 27 21
24 27 26
24 26 22
24 26 25
24 25 24
24 24 23
24 31 30
25 32 31
25 31 29
25 29 5
25 5 3
25 3 0
25 3 2
25 2 1
25 5 4
25 29 28
25 28 6
25 28 27
25 27 7
25 27 26
25 26 10
25 10 8
25 10 9
25 26 25
25 25 19
25 19 12
25 12 11
25 19 18
25 18 17
25 17 15
25 15 13
25 15 14
25 17 16
25 25 24
25 24 23
25 23 22
25 22 20
25 22 21
25 31 30
26 34 23
26 23 7
26 7 6
26 6 5
26 5 0
26 5 4
26 4 1
26 4 3
26 3 2
26 23 22
26 22 9
26 9 8
26 22 21
26 21 14
26 14 10
26 14 13
26 13 11
26 13 12
26 21 20
26 20 15
26 20 19
26 19 17
26 17 16
26 19 18
26 34 33
26 33 32
26 32 31
26 31 25
26 25 24
26 31 30
26 30 28
26 28 27
26 27 26
26 30 29
27 33 32
27 32 29
27 29 28
27 28 27
27 27 18
27 18 16
27 16 0
27 16 15
27 15 13
27 13 1
27 13 12
27 12 11
27 11 10
27 10 2
27 10 9
27 9 8
27 8 6
27 6 5
27 5 3
27 5 4
27 8 7
27 15 14
27 18 17
27 27 26
27 26 25
27 25 24
27 24 23
27 23 19
27 23 22
27 22 21
27 21 20
27 32 31
27 31 30
28 31 3
28 3 0
28 3 2
28 2 1
28 31 30
28 30 29
28 29 27
28 27 24
28 24 22
28 22 4
28 22 21
28 21 20
28 20 19
28 19 18
28 18 17
28 17 16
28 16 10
28 10 7
28 7 6
28 6 5
28 10 9
28 9 8
28 16 15
28 15 13
28 13 12
28 12 11
28 15 14
28 24 23
28 27 26
28 26 25
28 29 28
29 32 16
29 16 15
29 15 13
29 13 10
29 10 7
29 7 0
29 7 6
29 6 4
29 4 1
29 4 3
29 3 2
29 6 5
29 10 9
29 9 8
29 13 12
29 12 11
29 15 14
29 32 31
29 31 29
29 29 27
29 27 18
29 18 17
29 27 26
29 26 20
29 20 19
29 26 25
29 25 21
29 25 24
29 24 22
29 24 23
29 29 28
29 31 30
30 29 28
30 28 25
30 25 24
30 24 20
30 20 19
30 19 2
30 2 1
30 1 0
30 19 18
30 18 8
30 8 4
30 4 3
30 8 7
30 7 5
30 7 6
30 18 17
30 17 12
30 12 9
30 12 11
30 11 10
30 17 16
30 16 15
30 15 14
30 14 13
30 24 23
30 23 21
30 23 22
30 28 27
30 27 26
31 32 0
31 32 31
31 31 19
31 19 18
31 18 1
31 18 17
31 17 16
31 16 15
31 15 2
31 15 14
31 14 3
31 14 13
31 13 12
31 12 9
31 9 8
31 8 6
31 6 4
31 6 5
31 8 7
31 12 11
31 11 10
31 31 30
31 30 29
31 29 27
31 27 25
31 25 23
31 23 22
31 22 20
31 22 21
31 25 24
31 27 26
31 29 28
32 32 30
32 30 0
32 30 29
32 29 28
32 28 27
32 27 17
32 17 16
32 16 12
32 12 11
32 11 10
32 10 2
32 2 1
32 10 9
32 9 8
32 8 6
32 6 5
32 5 3
32 5 4
32 8 7
32 16 15
32 15 14
32 14 13
32 27 26
32 26 24
32 24 21
32 21 19
32 19 18
32 21 20
32 24 23
32 23 22
32 26 25
32 32 31
33 30 26
33 26 25
33 25 23
33 23 14
33 14 3
33 3 2
33 2 1
33 1 0
33 14 13
33 13 10
33 10 9
33 9 4
33 9 8
33 8 6
33 6 5
33 8 7
33 13 12
33 12 11
33 23 22
33 22 20
33 20 19
33 19 18
33 18 17
33 17 16
33 16 15
33 22 21
33 25 24
33 30 29
33 29 28
33 28 27
34 31 0
34 31 30
34 30 27
34 27 1
34 27 26
34 26 3
34 3 2
34 26 25
34 25 23
34 23 22
34 22 20
34 20 19
34 19 5
34 5 4
34 19 18
34 18 6
34 18 17
34 17 7
34 17 16
34 16 13
34 13 8
34 13 12
34 12 9
34 12 11
34 11 10
34 16 15
34 15 14
34 22 21
34 25 24
34 30 29
34 29 28
35 32 26
35 26 0
35 26 25
35 25 1
35 25 24
35 24 23
35 23 4
35 4 2
35 4 3
35 23 22
35 22 20
35 20 5
35 20 19
35 19 9
35 9 8
35 8 7
35 7 6
35 19 18
35 18 17
35 17 10
35 17 16
35 16 15
35 15 13
35 13 12
35 12 11
35 15 14
35 22 21
35 32 31
35 31 27
35 31 30
35 30 29
35 29 28
36 31 30
36 30 29
36 29 0
36 29 28
36 28 18
36 18 16
36 16 1
36 16 15
36 15 3
36 3 2
36 15 14
36 14 4
36 14 13
36 13 11
36 11 8
36 8 7
36 7 5
36 7 6
36 11 10
36 10 9
36 13 12
36 18 17
36 28 27
36 27 26
36 26 25
36 25 24
36 24 23
36 23 22
36 22 20
36 20 19
36 22 21
37 30 0
37 30 29
37 29 28
37 28 25
37 25 24
37 24 7
37 7 6
37 6 5
37 5 2
37 2 1
37 5 4
37 4 3
37 24 23
37 23 22
37 22 20
37 20 19
37 19 18
37 18 10
37 10 8
37 10 9
37 18 17
37 17 15
37 15 13
37 13 11
37 13 12
37 15 14
37 17 16
37 22 21
37 28 27
37 27 26
38 29 27
38 27 26
38 26 25
38 25 18
38 18 17
38 17 13
38 13 12
38 12 11
38 11 9
38 9 2
38 2 1
38 1 0
38 9 8
38 8 7
38 7 3
38 7 6
38 6 4
38 6 5
38 11 10
38 17 16
38 16 14
38 16 15
38 25 24
38 24 23
38 23 19
38 23 22
38 22 21
38 21 20
38 29 28
39 29 0
39 29 28
39 28 25
39 25 1
39 25 24
39 24 3
39 3 2
39 24 23
39 23 22
39 22 21
39 21 5
39 5 4
39 21 20
39 20 19
39 19 17
39 17 7
39 7 6
39 17 16
39 16 14
39 14 12
39 12 10
39 10 9
39 9 8
39 12 11
39 14 13
39 16 15
39 19 18
39 28 27
39 27 26
40 31 3
40 3 2
40 2 0
40 2 1
40 31 30
40 30 29
40 29 7
40 7 4
40 7 6
40 6 5
40 29 28
40 28 27
40 27 26
40 26 25
40 25 24
40 24 22
40 22 13
40 13 12
40 12 11
40 11 9
40 9 8
40 11 10
40 22 21
40 21 19
40 19 15
40 15 14
40 19 18
40 18 16
40 18 17
40 21 20
40 24 23
41 33 32
41 32 3
41 3 0
41 3 2
41 2 1
41 32 31
41 31 27
41 27 24
41 24 18
41 18 6
41 6 5
41 5 4
41 18 17
41 17 7
41 17 16
41 16 15
41 15 14
41 14 13
41 13 9
41 9 8
41 13 12
41 12 10
41 12 11
41 24 23
41 23 22
41 22 21
41 21 19
41 21 20
41 27 26
41 26 25
41 31 30
41 30 29
41 29 28
42 32 30
42 30 28
42 28 14
42 14 13
42 13 0
42 13 12
42 12 11
42 11 8
42 8 4
42 4 1
42 4 3
42 3 2
42 8 7
42 7 6
42 6 5
42 11 10
42 10 9
42 28 27
42 27 15
42 27 26
42 26 23
42 23 22
42 22 21
42 21 20
42 20 19
42 19 17
42 17 16
42 19 18
42 26 25
42 25 24
42 30 29
42 32 31
43 30 29
43 29 25
43 25 24
43 24 23
43 23 5
43 5 0
43 5 4
43 4 3
43 3 1
43 3 2
43 23 22
43 22 21
43 21 19
43 19 18
43 18 16
43 16 15
43 15 14
43 14 10
43 10 6
43 10 9
43 9 7
43 9 8
43 14 13
43 13 12
43 12 11
43 18 17
43 21 20
43 29 28
43 28 27
43 27 26
44 34 21
44 21 19
44 19 18
44 18 17
44 17 16
44 16 6
44 6 1
44 1 0
44 6 5
44 5 4
44 4 2
44 4 3
44 16 15
44 15 13
44 13 12
44 12 10
44 10 7
44 10 9
44 9 8
44 12 11
44 15 14
44 21 20
44 34 33
44 33 22
44 33 32
44 32 31
44 31 28
44 28 27
44 27 23
44 27 26
44 26 24
44 26 25
44 31 30
44 30 29
45 30 26
45 26 25
45 25 0
45 25 24
45 24 19
45 19 14
45 14 11
45 11 1
45 11 10
45 10 9
45 9 8
45 8 7
45 7 5
45 5 2
45 5 4
45 4 3
45 7 6
45 14 13
45 13 12
45 19 18
45 18 17
45 17 15
45 17 16
45 24 23
45 23 20
45 23 22
45 22 21
45 30 29
45 29 27
45 29 28
46 30 11
46 11 3
46 3 1
46 1 0
46 3 2
46 11 10
46 10 6
46 6 4
46 6 5
46 10 9
46 9 7
46 9 8
46 30 29
46 29 16
46 16 12
46 16 15
46 15 14
46 14 13
46 29 28
46 28 19
46 19 17
46 19 18
46 28 27
46 27 26
46 26 23
46 23 22
46 22 20
46 22 21
46 26 25
46 25 24
47 30 29
47 29 2
47 2 1
47 1 0
47 29 28
47 28 4
47 4 3
47 28 27
47 27 19
47 19 18
47 18 15
47 15 12
47 12 10
47 10 5
47 10 9
47 9 6
47 9 8
47 8 7
47 12 11
47 15 14
47 14 13
47 18 17
47 17 16
47 27 26
47 26 25
47 25 24
47 24 20
47 24 23
47 23 22
47 22 21
48 32 31
48 31 30
48 30 1
48 1 0
48 30 29
48 29 26
48 26 21
48 21 4
48 4 2
48 4 3
48 21 20
48 20 5
48 20 19
48 19 18
48 18 12
48 12 9
48 9 8
48 8 7
48 7 6
48 12 11
48 11 10
48 18 17
48 17 15
48 15 14
48 14 13
48 17 16
48 26 25
48 25 23
48 23 22
48 25 24
48 29 28
48 28 27
49 32 31
49 31 0
49 31 30
49 30 17
49 17 15
49 15 14
49 14 3
49 3 1
49 3 2
49 14 13
49 13 12
49 12 11
49 11 8
49 8 7
49 7 6
49 6 5
49 5 4
49 11 10
49 10 9
49 17 16
49 30 29
49 29 21
49 21 19
49 19 18
49 21 20
49 29 28
49 28 25
49 25 24
49 24 23
49 23 22
49 28 27
49 27 26
50 30 0
50 30 29
50 29 1
50 29 28
50 28 27
50 27 24
50 24 23
50 23 22
50 22 21
50 21 16
50 16 2
50 16 15
50 15 4
50 4 3
50 15 14
50 14 12
50 12 6
50 6 5
50 12 11
50 11 8
50 8 7
50 11 10
50 10 9
50 14 13
50 21 20
50 20 19
50 19 18
50 18 17
50 27 26
50 26 25
51 30 29
51 29 28
51 28 27
51 27 26
51 26 2
51 2 0
51 2 1
51 26 25
51 25 22
51 22 21
51 21 20
51 20 19
51 19 3
51 19 18
51 18 13
51 13 11
51 11 10
51 10 7
51 7 6
51 6 4
51 6 5
51 10 9
51 9 8
51 13 12
51 18 17
51 17 15
51 15 14
51 17 16
51 25 24
51 24 23
52 32 14
52 14 0
52 14 13
52 13 12
52 12 8
52 8 2
52 2 1
52 8 7
52 7 5
52 5 4
52 4 3
52 7 6
52 12 11
52 11 10
52 10 9
52 32 31
52 31 29
52 29 28
52 28 15
52 28 27
52 27 26
52 26 25
52 25 24
52 24 23
52 23 17
52 17 16
52 23 22
52 22 21
52 21 18
52 21 20
52 20 19
52 31 30
53 30 29
53 29 1
53 1 0
53 29 28
53 28 27
53 27 19
53 19 14
53 14 3
53 3 2
53 14 13
53 13 7
53 7 4
53 7 6
53 6 5
53 13 12
53 12 11
53 11 10
53 10 8
53 10 9
53 19 18
53 18 17
53 17 15
53 17 16
53 27 26
53 26 25
53 25 24
53 24 20
53 24 23
53 23 22
53 22 21
54 34 2
54 2 1
54 1 0
54 34 33
54 33 17
54 17 4
54 4 3
54 17 16
54 16 5
54 16 15
54 15 11
54 11 6
54 11 10
54 10 9
54 9 7
54 9 8
54 15 14
54 14 12
54 14 13
54 33 32
54 32 20
54 20 19
54 19 18
54 32 31
54 31 30
54 30 21
54 30 29
54 29 28
54 28 24
54 24 23
54 23 22
54 28 27
54 27 25
54 27 26
55 33 32
55 32 28
55 28 27
55 27 26
55 26 25
55 25 0
55 25 24
55 24 23
55 23 2
55 2 1
55 23 22
55 22 19
55 19 18
55 18 3
55 18 17
55 17 9
55 9 8
55 8 7
55 7 6
55 6 4
55 6 5
55 17 16
55 16 13
55 13 11
55 11 10
55 13 12
55 16 15
55 15 14
55 22 21
55 21 20
55 32 31
55 31 29
55 31 30
56 30 1
56 1 0
56 30 29
56 29 5
56 5 4
56 4 2
56 4 3
56 29 28
56 28 6
56 28 27
56 27 26
56 26 7
56 26 25
56 25 23
56 23 9
56 9 8
56 23 22
56 22 19
56 19 11
56 11 10
56 19 18
56 18 17
56 17 16
56 16 12
56 16 15
56 15 14
56 14 13
56 22 21
56 21 20
56 25 24
57 34 1
57 1 0
57 34 33
57 33 32
57 32 21
57 21 20
57 20 19
57 19 18
57 18 17
57 17 16
57 16 15
57 15 14
57 14 12
57 12 11
57 11 7
57 7 6
57 6 4
57 4 2
57 4 3
57 6 5
57 11 10
57 10 9
57 9 8
57 14 13
57 32 31
57 31 22
57 31 30
57 30 29
57 29 23
57 29 28
57 28 25
57 25 24
57 28 27
57 27 26
58 31 14
58 14 4
58 4 0
58 4 3
58 3 2
58 2 1
58 14 13
58 13 12
58 12 9
58 9 8
58 8 5
58 8 7
58 7 6
58 12 11
58 11 10
58 31 30
58 30 16
58 16 15
58 30 29
58 29 28
58 28 18
58 18 17
58 28 27
58 27 25
58 25 24
58 24 23
58 23 19
58 23 22
58 22 21
58 21 20
58 27 26
59 31 29
59 29 0
59 29 28
59 28 27
59 27 8
59 8 4
59 4 1
59 4 3
59 3 2
59 8 7
59 7 6
59 6 5
59 27 26
59 26 9
59 26 25
59 25 24
59 24 22
59 22 20
59 20 19
59 19 10
59 19 18
59 18 16
59 16 11
59 16 15
59 15 14
59 14 12
59 14 13
59 18 17
59 22 21
59 24 23
59 31 30
60 32 27
60 27 5
60 5 4
60 4 0
60 4 3
60 3 2
60 2 1
60 27 26
60 26 6
60 26 25
60 25 23
60 23 22
60 22 7
60 22 21
60 21 18
60 18 14
60 14 9
60 9 8
60 14 13
60 13 12
60 12 11
60 11 10
60 18 17
60 17 15
60 17 16
60 21 20
60 20 19
60 25 24
60 32 31
60 31 28
60 31 30
60 30 29
61 33 0
61 33 32
61 32 25
61 25 6
61 6 5
61 5 1
61 5 4
61 4 2
61 4 3
61 25 24
61 24 12
61 12 10
61 10 9
61 9 7
61 9 8
61 12 11
61 24 23
61 23 19
61 19 13
61 19 18
61 18 16
61 16 14
61 16 15
61 18 17
61 23 22
61 22 21
61 21 20
61 32 31
61 31 30
61 30 29
61 29 28
61 28 27
61 27 26
62 33 28
62 28 27
62 27 24
62 24 23
62 23 0
62 23 22
62 22 1
62 22 21
62 21 20
62 20 19
62 19 3
62 3 2
62 19 18
62 18 17
62 17 6
62 6 4
62 6 5
62 17 16
62 16 15
62 15 14
62 14 7
62 14 13
62 13 8
62 13 12
62 12 9
62 12 11
62 11 10
62 27 26
62 26 25
62 33 32
62 32 31
62 31 29
62 31 30
63 30 29
63 29 28
63 28 27
63 27 26
63 26 25
63 25 1
63 1 0
63 25 24
63 24 19
63 19 17
63 17 3
63 3 2
63 17 16
63 16 14
63 14 13
63 13 12
63 12 6
63 6 4
63 6 5
63 12 11
63 11 8
63 8 7
63 11 10
63 10 9
63 16 15
63 19 18
63 24 23
63 23 22
63 22 20
63 22 21
64 30 29
64 29 28
64 28 27
64 27 0
64 27 26
64 26 25
64 25 24
64 24 18
64 18 17
64 17 15
64 15 3
64 3 2
64 2 1
64 15 14
64 14 13
64 13 12
64 12 6
64 6 4
64 6 5
64 12 11
64 11 7
64 11 10
64 10 9
64 9 8
64 17 16
64 24 23
64 23 19
64 23 22
64 22 21
64 21 20
65 32 8
65 8 3
65 3 0
65 3 2
65 2 1
65 8 7
65 7 5
65 5 4
65 7 6
65 32 31
65 31 29
65 29 28
65 28 26
65 26 14
65 14 9
65 14 13
65 13 10
65 13 12
65 12 11
65 26 25
65 25 24
65 24 23
65 23 20
65 20 17
65 17 15
65 17 16
65 20 19
65 19 18
65 23 22
65 22 21
65 28 27
65 31 30
66 29 27
66 27 25
66 25 24
66 24 22
66 22 20
66 20 12
66 12 11
66 11 10
66 10 9
66 9 3
66 3 1
66 1 0
66 3 2
66 9 8
66 8 7
66 7 6
66 6 4
66 6 5
66 20 19
66 19 13
66 19 18
66 18 17
66 17 14
66 17 16
66 16 15
66 22 21
66 24 23
66 27 26
66 29 28
67 31 28
67 28 27
67 27 25
67 25 0
67 25 24
67 24 23
67 23 22
67 22 11
67 11 2
67 2 1
67 11 10
67 10 9
67 9 5
67 5 3
67 5 4
67 9 8
67 8 7
67 7 6
67 22 21
67 21 20
67 20 19
67 19 12
67 19 18
67 18 17
67 17 16
67 16 13
67 16 15
67 15 14
67 27 26
67 31 30
67 30 29
68 30 29
68 29 0
68 29 28
68 28 2
68 2 1
68 28 27
68 27 26
68 26 20
68 20 19
68 19 14
68 14 5
68 5 3
68 5 4
68 14 13
68 13 6
68 13 12
68 12 7
68 12 11
68 11 8
68 11 10
68 10 9
68 19 18
68 18 16
68 16 15
68 18 17
68 26 25
68 25 21
68 25 24
68 24 22
68 24 23
69 33 15
69 15 2
69 2 0
69 2 1
69 15 14
69 14 7
69 7 4
69 4 3
69 7 6
69 6 5
69 14 13
69 13 12
69 12 11
69 11 10
69 10 8
69 10 9
69 33 32
69 32 16
69 32 31
69 31 24
69 24 22
69 22 21
69 21 20
69 20 19
69 19 18
69 18 17
69 24 23
69 31 30
69 30 29
69 29 28
69 28 26
69 26 25
69 28 27
70 32 22
70 22 17
70 17 8
70 8 7
70 7 6
70 6 4
70 4 1
70 1 0
70 4 3
70 3 2
70 6 5
70 17 16
70 16 15
70 15 9
70 15 14
70 14 13
70 13 12
70 12 10
70 12 11
70 22 21
70 21 18
70 21 20
70 20 19
70 32 31
70 31 29
70 29 25
70 25 23
70 25 24
70 29 28
70 28 26
70 28 27
70 31 30
71 34 33
71 33 31
71 31 13
71 13 12
71 12 11
71 11 9
71 9 8
71 8 5
71 5 2
71 2 1
71 1 0
71 5 4
71 4 3
71 8 7
71 7 6
71 11 10
71 31 30
71 30 15
71 15 14
71 30 29
71 29 16
71 29 28
71 28 27
71 27 21
71 21 19
71 19 17
71 19 18
71 21 20
71 27 26
71 26 25
71 25 24
71 24 23
71 23 22
71 33 32
72 30 28
72 28 26
72 26 0
72 26 25
72 25 3
72 3 2
72 2 1
72 25 24
72 24 7
72 7 5
72 5 4
72 7 6
72 24 23
72 23 22
72 22 16
72 16 15
72 15 14
72 14 13
72 13 12
72 12 10
72 10 9
72 9 8
72 12 11
72 22 21
72 21 20
72 20 19
72 19 18
72 18 17
72 28 27
72 30 29
73 34 33
73 33 31
73 31 20
73 20 18
73 18 2
73 2 0
73 2 1
73 18 17
73 17 16
73 16 15
73 15 14
73 14 13
73 13 12
73 12 11
73 11 5
73 5 4
73 4 3
73 11 10
73 10 9
73 9 7
73 7 6
73 9 8
73 20 19
73 31 30
73 30 29
73 29 24
73 24 21
73 24 23
73 23 22
73 29 28
73 28 26
73 26 25
73 28 27
73 33 32
74 31 30
74 30 27
74 27 15
74 15 14
74 14 9
74 9 0
74 9 8
74 8 5
74 5 4
74 4 2
74 2 1
74 4 3
74 8 7
74 7 6
74 14 13
74 13 11
74 11 10
74 13 12
74 27 26
74 26 21
74 21 18
74 18 16
74 18 17
74 21 20
74 20 19
74 26 25
74 25 23
74 23 22
74 25 24
74 30 29
74 29 28
75 34 33
75 33 32
75 32 31
75 31 30
75 30 3
75 3 2
75 2 1
75 1 0
75 30 29
75 29 7
75 7 6
75 6 4
75 6 5
75 29 28
75 28 27
75 27 26
75 26 25
75 25 8
75 25 24
75 24 15
75 15 13
75 13 11
75 11 9
75 11 10
75 13 12
75 15 14
75 24 23
75 23 19
75 19 18
75 18 17
75 17 16
75 23 22
75 22 21
75 21 20
76 33 32
76 32 28
76 28 5
76 5 2
76 2 1
76 1 0
76 5 4
76 4 3
76 28 27
76 27 24
76 24 6
76 24 23
76 23 22
76 22 20
76 20 19
76 19 8
76 8 7
76 19 18
76 18 17
76 17 16
76 16 14
76 14 13
76 13 12
76 12 10
76 10 9
76 12 11
76 16 15
76 22 21
76 27 26
76 26 25
76 32 31
76 31 29
76 31 30
77 33 28
77 28 0
77 28 27
77 27 1
77 27 26
77 26 25
77 25 13
77 13 4
77 4 2
77 4 3
77 13 12
77 12 9
77 9 7
77 7 6
77 6 5
77 9 8
77 12 11
77 11 10
77 25 24
77 24 18
77 18 14
77 18 17
77 17 15
77 17 16
77 24 23
77 23 22
77 22 20
77 20 19
77 22 21
77 33 32
77 32 30
77 30 29
77 32 31
78 30 5
78 5 4
78 4 1
78 1 0
78 4 3
78 3 2
78 30 29
78 29 10
78 10 9
78 9 8
78 8 6
78 8 7
78 29 28
78 28 21
78 21 20
78 20 19
78 19 18
78 18 15
78 15 13
78 13 11
78 13 12
78 15 14
78 18 17
78 17 16
78 28 27
78 27 22
78 27 26
78 26 25
78 25 24
78 24 23
79 30 12
79 12 11
79 11 9
79 9 8
79 8 7
79 7 6
79 6 5
79 5 0
79 5 4
79 4 1
79 4 3
79 3 2
79 11 10
79 30 29
79 29 25
79 25 23
79 23 19
79 19 13
79 19 18
79 18 14
79 18 17
79 17 15
79 17 16
79 23 22
79 22 20
79 22 21
79 25 24
79 29 28
79 28 26
79 28 27
80 31 28
80 28 27
80 27 0
80 27 26
80 26 21
80 21 5
80 5 3
80 3 2
80 2 1
80 5 4
80 21 20
80 20 19
80 19 17
80 17 16
80 16 15
80 15 6
80 15 14
80 14 10
80 10 7
80 10 9
80 9 8
80 14 13
80 13 12
80 12 11
80 19 18
80 26 25
80 25 24
80 24 22
80 24 23
80 31 30
80 30 29
81 34 33
81 33 18
81 18 1
81 1 0
81 18 17
81 17 2
81 17 16
81 16 6
81 6 4
81 4 3
81 6 5
81 16 15
81 15 8
81 8 7
81 15 14
81 14 10
81 10 9
81 14 13
81 13 11
81 13 12
81 33 32
81 32 27
81 27 20
81 20 19
81 27 26
81 26 22
81 22 21
81 26 25
81 25 23
81 25 24
81 32 31
81 31 28
81 31 30
81 30 29
82 29 5
82 5 3
82 3 2
82 2 0
82 2 1
82 5 4
82 29 28
82 28 6
82 28 27
82 27 10
82 10 9
82 9 8
82 8 7
82 27 26
82 26 12
82 12 11
82 26 25
82 25 24
82 24 16
82 16 15
82 15 14
82 14 13
82 24 23
82 23 20
82 20 18
82 18 17
82 20 19
82 23 22
82 22 21
83 33 26
83 26 0
83 26 25
83 25 8
83 8 7
83 7 6
83 6 5
83 5 1
83 5 4
83 4 2
83 4 3
83 25 24
83 24 15
83 15 14
83 14 12
83 12 11
83 11 9
83 11 10
83 14 13
83 24 23
83 23 18
83 18 17
83 17 16
83 23 22
83 22 21
83 21 20
83 20 19
83 33 32
83 32 27
83 32 31
83 31 30
83 30 29
83 29 28
84 29 28
84 28 27
84 27 26
84 26 25
84 25 23
84 23 0
84 23 22
84 22 21
84 21 7
84 7 3
84 3 1
84 3 2
84 7 6
84 6 4
84 6 5
84 21 20
84 20 17
84 17 8
84 17 16
84 16 15
84 15 14
84 14 9
84 14 13
84 13 11
84 11 10
84 13 12
84 20 19
84 19 18
84 25 24
85 34 33
85 33 32
85 32 31
85 31 0
85 31 30
85 30 29
85 29 3
85 3 1
85 3 2
85 29 28
85 28 5
85 5 4
85 28 27
85 27 25
85 25 24
85 24 22
85 22 20
85 20 18
85 18 14
85 14 6
85 14 13
85 13 10
85 10 8
85 8 7
85 10 9
85 13 12
85 12 11
85 18 17
85 17 16
85 16 15
85 20 19
85 22 21
85 24 23
85 27 26
86 33 31
86 31 29
86 29 26
86 26 3
86 3 2
86 2 0
86 2 1
86 26 25
86 25 24
86 24 15
86 15 14
86 14 11
86 11 6
86 6 4
86 6 5
86 11 10
86 10 9
86 9 7
86 9 8
86 14 13
86 13 12
86 24 23
86 23 17
86 17 16
86 23 22
86 22 18
86 22 21
86 21 19
86 21 20
86 29 28
86 28 27
86 31 30
86 33 32
87 31 30
87 30 28
87 28 27
87 27 25
87 25 0
87 25 24
87 24 2
87 2 1
87 24 23
87 23 22
87 22 14
87 14 3
87 14 13
87 13 9
87 9 6
87 6 5
87 5 4
87 9 8
87 8 7
87 13 12
87 12 11
87 11 10
87 22 21
87 21 19
87 19 18
87 18 17
87 17 16
87 16 15
87 21 20
87 27 26
87 30 29
88 34 0
88 34 33
88 33 32
88 32 8
88 8 7
88 7 5
88 5 3
88 3 2
88 2 1
88 5 4
88 7 6
88 32 31
88 31 10
88 10 9
88 31 30
88 30 24
88 24 22
88 22 21
88 21 20
88 20 19
88 19 18
88 18 13
88 13 11
88 13 12
88 18 17
88 17 16
88 16 14
88 16 15
88 24 23
88 30 29
88 29 27
88 27 26
88 26 25
88 29 28
89 31 15
89 15 14
89 14 2
89 2 0
89 2 1
89 14 13
89 13 12
89 12 11
89 11 10
89 10 3
89 10 9
89 9 7
89 7 4
89 7 6
89 6 5
89 9 8
89 31 30
89 30 19
89 19 16
89 19 18
89 18 17
89 30 29
89 29 28
89 28 21
89 21 20
89 28 27
89 27 26
89 26 25
89 25 24
89 24 22
89 24 23
90 34 3
90 3 1
90 1 0
90 3 2
90 34 33
90 33 32
90 32 31
90 31 6
90 6 4
90 6 5
90 31 30
90 30 29
90 29 28
90 28 27
90 27 7
90 27 26
90 26 8
90 26 25
90 25 24
90 24 19
90 19 10
90 10 9
90 19 18
90 18 17
90 17 16
90 16 12
90 12 11
90 16 15
90 15 13
90 15 14
90 24 23
90 23 20
90 23 22
90 22 21
91 34 0
91 34 33
91 33 31
91 31 30
91 30 29
91 29 28
91 28 27
91 27 26
91 26 25
91 25 21
91 21 20
91 20 18
91 18 10
91 10 9
91 9 3
91 3 2
91 2 1
91 9 8
91 8 7
91 7 4
91 7 6
91 6 5
91 18 17
91 17 14
91 14 13
91 13 12
91 12 11
91 17 16
91 16 15
91 20 19
91 25 24
91 24 22
91 24 23
91 33 32
92 31 19
92 19 17
92 17 14
92 14 8
92 8 6
92 6 0
92 6 5
92 5 2
92 2 1
92 5 4
92 4 3
92 8 7
92 14 13
92 13 12
92 12 9
92 12 11
92 11 10
92 17 16
92 16 15
92 19 18
92 31 30
92 30 22
92 22 21
92 21 20
92 30 29
92 29 28
92 28 27
92 27 25
92 25 23
92 25 24
92 27 26
93 31 0
93 31 30
93 30 27
93 27 26
93 26 25
93 25 23
93 23 22
93 22 20
93 20 19
93 19 17
93 17 14
93 14 1
93 14 13
93 13 12
93 12 9
93 9 3
93 3 2
93 9 8
93 8 5
93 5 4
93 8 7
93 7 6
93 12 11
93 11 10
93 17 16
93 16 15
93 19 18
93 22 21
93 25 24
93 30 29
93 29 28
94 33 6
94 6 0
94 6 5
94 5 3
94 3 2
94 2 1
94 5 4
94 33 32
94 32 30
94 30 29
94 29 28
94 28 27
94 27 24
94 24 21
94 21 8
94 8 7
94 21 20
94 20 18
94 18 17
94 17 15
94 15 11
94 11 9
94 11 10
94 15 14
94 14 12
94 14 13
94 17 16
94 20 19
94 24 23
94 23 22
94 27 26
94 26 25
94 32 31
95 33 32
95 32 0
95 32 31
95 31 30
95 30 29
95 29 25
95 25 24
95 24 23
95 23 20
95 20 3
95 3 1
95 3 2
95 20 19
95 19 10
95 10 7
95 7 6
95 6 4
95 6 5
95 10 9
95 9 8
95 19 18
95 18 17
95 17 15
95 15 13
95 13 11
95 13 12
95 15 14
95 17 16
95 23 22
95 22 21
95 29 28
95 28 26
95 28 27
96 30 0
96 30 29
96 29 26
96 26 1
96 26 25
96 25 2
96 25 24
96 24 3
96 24 23
96 23 22
96 22 20
96 20 19
96 19 15
96 15 4
96 15 14
96 14 10
96 10 9
96 9 5
96 9 8
96 8 6
96 8 7
96 14 13
96 13 12
96 12 11
96 19 18
96 18 16
96 18 17
96 22 21
96 29 28
96 28 27
97 29 16
97 16 15
97 15 13
97 13 2
97 2 0
97 2 1
97 13 12
97 12 11
97 11 10
97 10 4
97 4 3
97 10 9
97 9 5
97 9 8
97 8 7
97 7 6
97 15 14
97 29 28
97 28 27
97 27 26
97 26 24
97 24 23
97 23 22
97 22 17
97 22 21
97 21 18
97 21 20
97 20 19
97 26 25
98 31 27
98 27 26
98 26 25
98 25 0
98 25 24
98 24 23
98 23 10
98 10 9
98 9 8
98 8 6
98 6 5
98 5 3
98 3 2
98 2 1
98 5 4
98 8 7
98 23 22
98 22 12
98 12 11
98 22 21
98 21 13
98 21 20
98 20 19
98 19 17
98 17 16
98 16 15
98 15 14
98 19 18
98 31 30
98 30 28
98 30 29
99 31 19
99 19 17
99 17 16
99 16 15
99 15 14
99 14 9
99 9 6
99 6 5
99 5 2
99 2 0
99 2 1
99 5 4
99 4 3
99 9 8
99 8 7
99 14 13
99 13 12
99 12 10
99 12 11
99 19 18
99 31 30
99 30 25
99 25 24
99 24 20
99 24 23
99 23 21
99 23 22
99 30 29
99 29 28
99 28 27
99 27 26
100 33 30
100 30 13
100 13 8
100 8 0
100 8 7
100 7 3
100 3 1
100 3 2
100 7 6
100 6 5
100 5 4
100 13 12
100 12 11
100 11 9
100 11 10
100 30 29
100 29 14
100 29 28
100 28 27
100 27 20
100 20 19
100 19 18
100 18 17
100 17 16
100 16 15
100 27 26
100 26 25
100 25 21
100 25 24
100 24 22
100 24 23
100 33 32
100 32 31
101 29 6
101 6 5
101 5 4
101 4 3
101 3 0
101 3 2
101 2 1
101 29 28
101 28 27
101 27 26
101 26 8
101 8 7
101 26 25
101 25 11
101 11 9
101 11 10
101 25 24
101 24 21
101 21 20
101 20 17
101 17 16
101 16 15
101 15 14
101 14 12
101 14 13
101 20 19
101 19 18
101 24 23
101 23 22
