1 32 30
1 30 28
1 28 25
1 25 0
1 25 24
1 24 1
1 24 23
1 23 22
1 22 21
1 21 20
1 20 19
1 19 18
1 18 16
1 16 15
1 15 14
1 14 10
1 10 2
1 10 9
1 9 7
1 7 6
1 6 5
1 5 3
1 5 4
1 9 8
1 14 13
1 13 12
1 12 11
1 18 17
1 28 27
1 27 26
1 30 29
1 32 31
2 34 33
2 33 32
2 32 16
2 16 11
2 11 10
2 10 5
2 5 2
2 2 0
2 2 1
2 5 4
2 4 3
2 10 9
2 9 7
2 7 6
2 9 8
2 16 15
2 15 12
2 15 14
2 14 13
2 32 31
2 31 30
2 30 18
2 18 17
2 30 29
2 29 26
2 26 25
2 25 22
2 22 21
2 21 19
2 21 20
2 25 24
2 24 23
2 29 28
2 28 27
3 34 32
3 32 31
3 31 1
3 1 0
3 31 30
3 30 28
3 28 2
3 28 27
3 27 25
3 25 3
3 25 24
3 24 23
3 23 4
3 23 22
3 22 21
3 21 20
3 20 5
3 20 19
3 19 18
3 18 17
3 17 6
3 17 16
3 16 12
3 12 10
3 10 9
3 9 8
3 8 7
3 12 11
3 16 15
3 15 13
3 15 14
3 27 26
3 30 29
3 34 33
4 29 13
4 13 1
4 1 0
4 13 12
4 12 10
4 10 9
4 9 7
4 7 5
4 5 4
4 4 3
4 3 2
4 7 6
4 9 8
4 12 11
4 29 28
4 28 23
4 23 14
4 23 22
4 22 19
4 19 16
4 16 15
4 19 18
4 18 17
4 22 21
4 21 20
4 28 27
4 27 24
4 27 26
4 26 25
5 33 32
5 32 31
5 31 30
5 30 3
5 3 0
5 3 2
5 2 1
5 30 29
5 29 10
5 10 4
5 10 9
5 9 7
5 7 5
5 7 6
5 9 8
5 29 28
5 28 25
5 25 24
5 24 11
5 24 23
5 23 12
5 23 22
5 22 21
5 21 20
5 20 19
5 19 18
5 18 15
5 15 14
5 14 13
5 18 17
5 17 16
5 28 27
5 27 26
6 32 31
6 31 30
6 30 26
6 26 25
6 25 24
6 24 7
6 7 1
6 1 0
6 7 6
6 6 3
6 3 2
6 6 5
6 5 4
6 24 23
6 23 22
6 22 14
6 14 13
6 13 11
6 11 9
6 9 8
6 11 10
6 13 12
6 22 21
6 21 20
6 20 16
6 16 15
6 20 19
6 19 17
6 19 18
6 30 29
6 29 28
6 28 27
7 34 33
7 33 0
7 33 32
7 32 28
7 28 1
7 28 27
7 27 4
7 4 3
7 3 2
7 27 26
7 26 25
7 25 18
7 18 15
7 15 14
7 14 13
7 13 11
7 11 10
7 10 8
7 8 5
7 8 7
7 7 6
7 10 9
7 13 12
7 18 17
7 17 16
7 25 24
7 24 19
7 24 23
7 23 22
7 22 20
7 22 21
7 32 31
7 31 30
7 30 29
8 31 30
8 30 0
8 30 29
8 29 28
8 28 1
8 28 27
8 27 19
8 19 12
8 12 10
8 10 4
8 4 3
8 3 2
8 10 9
8 9 8
8 8 7
8 7 5
8 7 6
8 12 11
8 19 18
8 18 13
8 18 17
8 17 16
8 16 14
8 16 15
8 27 26
8 26 21
8 21 20
8 26 25
8 25 24
8 24 22
8 24 23
9 30 14
9 14 13
9 13 12
9 12 10
9 10 0
9 10 9
9 9 8
9 8 7
9 7 6
9 6 5
9 5 3
9 3 2
9 2 1
9 5 4
9 12 11
9 30 29
9 29 28
9 28 27
9 27 26
9 26 25
9 25 22
9 22 21
9 21 20
9 20 15
9 20 19
9 19 16
9 19 18
9 18 17
9 25 24
9 24 23
10 31 30
10 30 29
10 29 17
10 17 16
10 16 1
10 1 0
10 16 15
10 15 11
10 11 7
10 7 6
10 6 4
10 4 3
10 3 2
10 6 5
10 11 10
10 10 8
10 10 9
10 15 14
10 14 13
10 13 12
10 29 28
10 28 18
10 28 27
10 27 24
10 24 20
10 20 19
10 24 23
10 23 21
10 23 22
10 27 26
10 26 25
11 29 4
11 4 2
11 2 1
11 1 0
11 4 3
11 29 28
11 28 27
11 27 21
11 21 5
11 21 20
11 20 19
11 19 18
11 18 7
11 7 6
11 18 17
11 17 14
11 14 12
11 12 10
11 10 8
11 10 9
11 12 11
11 14 13
11 17 16
11 16 15
11 27 26
11 26 25
11 25 24
11 24 23
11 23 22
12 29 0
12 29 28
12 28 26
12 26 24
12 24 16
12 16 15
12 15 14
12 14 1
12 14 13
12 13 12
12 12 5
12 5 3
12 3 2
12 5 4
12 12 11
12 11 6
12 11 10
12 10 8
12 8 7
12 10 9
12 24 23
12 23 22
12 22 21
12 21 19
12 19 17
12 19 18
12 21 20
12 26 25
12 28 27
13 34 0
13 34 33
13 33 7
13 7 6
13 6 5
13 5 1
13 5 4
13 4 3
13 3 2
13 33 32
13 32 31
13 31 27
13 27 19
13 19 11
13 11 10
13 10 8
13 10 9
13 19 18
13 18 12
13 18 17
13 17 13
13 17 16
13 16 15
13 15 14
13 27 26
13 26 24
13 24 23
13 23 22
13 22 21
13 21 20
13 26 25
13 31 30
13 30 28
13 30 29
14 30 29
14 29 22
14 22 21
14 21 17
14 17 1
14 1 0
14 17 16
14 16 15
14 15 11
14 11 10
14 10 8
14 8 7
14 7 6
14 6 2
14 6 5
14 5 3
14 5 4
14 10 9
14 15 14
14 14 12
14 14 13
14 21 20
14 20 18
14 20 19
14 29 28
14 28 23
14 28 27
14 27 24
14 27 26
14 26 25
15 34 33
15 33 30
15 30 29
15 29 8
15 8 7
15 7 0
15 7 6
15 6 5
15 5 4
15 4 3
15 3 2
15 2 1
15 29 28
15 28 27
15 27 10
15 10 9
15 27 26
15 26 25
15 25 23
15 23 11
15 23 22
15 22 21
15 21 20
15 20 15
15 15 12
15 15 14
15 14 13
15 20 19
15 19 18
15 18 16
15 18 17
15 25 24
15 33 32
15 32 31
16 34 33
16 33 32
16 32 13
16 13 4
16 4 0
16 4 3
16 3 2
16 2 1
16 13 12
16 12 8
16 8 6
16 6 5
16 8 7
16 12 11
16 11 10
16 10 9
16 32 31
16 31 24
16 24 15
16 15 14
16 24 23
16 23 22
16 22 21
16 21 19
16 19 17
16 17 16
16 19 18
16 21 20
16 31 30
16 30 29
16 29 25
16 29 28
16 28 27
16 27 26
17 31 30
17 30 23
17 23 22
17 22 18
17 18 16
17 16 15
17 15 13
17 13 11
17 11 2
17 2 0
17 2 1
17 11 10
17 10 3
17 10 9
17 9 6
17 6 4
17 6 5
17 9 8
17 8 7
17 13 12
17 15 14
17 18 17
17 22 21
17 21 20
17 20 19
17 30 29
17 29 27
17 27 24
17 27 26
17 26 25
17 29 28
18 29 23
18 23 21
18 21 0
18 21 20
18 20 19
18 19 18
18 18 17
18 17 13
18 13 4
18 4 3
18 3 1
18 3 2
18 13 12
18 12 10
18 10 8
18 8 7
18 7 5
18 7 6
18 10 9
18 12 11
18 17 16
18 16 14
18 16 15
18 23 22
18 29 28
18 28 27
18 27 26
18 26 24
18 26 25
19 32 0
19 32 31
19 31 27
19 27 7
19 7 5
19 5 4
19 4 1
19 4 3
19 3 2
19 7 6
19 27 26
19 26 25
19 25 23
19 23 22
19 22 21
19 21 9
19 9 8
19 21 20
19 20 18
19 18 16
19 16 15
19 15 13
19 13 10
19 13 12
19 12 11
19 15 14
19 18 17
19 20 19
19 25 24
19 31 30
19 30 28
19 30 29
20 29 28
20 28 24
20 24 22
20 22 1
20 1 0
20 22 21
20 21 13
20 13 12
20 12 11
20 11 7
20 7 6
20 6 3
20 3 2
20 6 5
20 5 4
20 11 10
20 10 9
20 9 8
20 21 20
20 20 16
20 16 14
20 16 15
20 20 19
20 19 17
20 19 18
20 24 23
20 28 27
20 27 26
20 26 25
21 32 19
21 19 18
21 18 9
21 9 8
21 8 7
21 7 5
21 5 4
21 4 0
21 4 3
21 3 1
21 3 2
21 7 6
21 18 17
21 17 16
21 16 15
21 15 14
21 14 10
21 14 13
21 13 11
21 13 12
21 32 31
21 31 30
21 30 29
21 29 27
21 27 25
21 25 21
21 21 20
21 25 24
21 24 23
21 23 22
21 27 26
21 29 28
22 31 30
22 30 29
22 29 24
22 24 23
22 23 22
22 22 21
22 21 20
22 20 16
22 16 15
22 15 4
22 4 2
22 2 0
22 2 1
22 4 3
22 15 14
22 14 13
22 13 5
22 13 12
22 12 10
22 10 9
22 9 8
22 8 6
22 8 7
22 12 11
22 20 19
22 19 17
22 19 18
22 29 28
22 28 26
22 26 25
22 28 27
23 34 33
23 33 32
23 32 0
23 32 31
23 31 17
23 17 7
23 7 6
23 6 4
23 4 1
23 4 3
23 3 2
23 6 5
23 17 16
23 16 15
23 15 14
23 14 13
23 13 12
23 12 10
23 10 8
23 10 9
23 12 11
23 31 30
23 30 25
23 25 24
23 24 23
23 23 22
23 22 21
23 21 20
23 20 19
23 19 18
23 30 29
23 29 28
23 28 27
23 27 26
24 29 27
24 27 7
24 7 0
24 7 6
24 6 3
24 3 2
24 2 1
24 6 5
24 5 4
24 27 26
24 26 24
24 24 8
24 24 23
24 23 21
24 21 20
24 20 17
24 17 16
24 16 11
24 11 9
24 11 10
24 16 15
24 15 12
24 15 14
24 14 13
24 20 19
24 19 18
24 23 22
24 26 25
24 29 28
25 31 29
25 29 25
25 25 16
25 16 15
25 15 5
25 5 1
25 1 0
25 5 4
25 4 2
25 4 3
25 15 14
25 14 13
25 13 6
25 13 12
25 12 11
25 11 10
25 10 9
25 9 8
25 8 7
25 25 24
25 24 22
25 22 21
25 21 18
25 18 17
25 21 20
25 20 19
25 24 23
25 29 28
25 28 26
25 28 27
25 31 30
26 33 0
26 33 32
26 32 2
26 2 1
26 32 31
26 31 10
26 10 3
26 10 9
26 9 4
26 9 8
26 8 6
26 6 5
26 8 7
26 31 30
26 30 29
26 29 28
26 28 15
26 15 14
26 14 11
26 14 13
26 13 12
26 28 27
26 27 26
26 26 25
26 25 17
26 17 16
26 25 24
26 24 22
26 22 18
26 22 21
26 21 19
26 21 20
26 24 23
27 34 2
27 2 1
27 1 0
27 34 33
27 33 19
27 19 18
27 18 17
27 17 16
27 16 11
27 11 7
27 7 6
27 6 5
27 5 4
27 4 3
27 11 10
27 10 9
27 9 8
27 16 15
27 15 14
27 14 13
27 13 12
27 33 32
27 32 31
27 31 26
27 26 24
27 24 23
27 23 20
27 23 22
27 22 21
27 26 25
27 31 30
27 30 27
27 30 29
27 29 28
28 34 31
28 31 29
28 29 25
28 25 24
28 24 23
28 23 8
28 8 5
28 5 1
28 1 0
28 5 4
28 4 2
28 4 3
28 8 7
28 7 6
28 23 22
28 22 13
28 13 12
28 12 11
28 11 9
28 11 10
28 22 21
28 21 19
28 19 16
28 16 14
28 16 15
28 19 18
28 18 17
28 21 20
28 29 28
28 28 26
28 28 27
28 31 30
28 34 33
28 33 32
29 33 32
29 32 26
29 26 3
29 3 2
29 2 0
29 2 1
29 26 25
29 25 23
29 23 22
29 22 4
29 22 21
29 21 20
29 20 7
29 7 5
29 7 6
29 20 19
29 19 18
29 18 17
29 17 16
29 16 14
29 14 8
29 14 13
29 13 12
29 12 9
29 12 11
29 11 10
29 16 15
29 25 24
29 32 31
29 31 29
29 29 28
29 28 27
29 31 30
30 29 0
30 29 28
30 28 26
30 26 10
30 10 8
30 8 6
30 6 5
30 5 4
30 4 2
30 2 1
30 4 3
30 8 7
30 10 9
30 26 25
30 25 19
30 19 11
30 19 18
30 18 16
30 16 12
30 16 15
30 15 14
30 14 13
30 18 17
30 25 24
30 24 21
30 21 20
30 24 23
30 23 22
30 28 27
31 32 31
31 31 29
31 29 28
31 28 1
31 1 0
31 28 27
31 27 26
31 26 25
31 25 24
31 24 23
31 23 8
31 8 2
31 8 7
31 7 6
31 6 5
31 5 3
31 5 4
31 23 22
31 22 10
31 10 9
31 22 21
31 21 20
31 20 18
31 18 16
31 16 15
31 15 13
31 13 11
31 13 12
31 15 14
31 18 17
31 20 19
31 31 30
32 31 30
32 30 0
32 30 29
32 29 6
32 6 5
32 5 4
32 4 3
32 3 1
32 3 2
32 29 28
32 28 27
32 27 12
32 12 7
32 12 11
32 11 10
32 10 9
32 9 8
32 27 26
32 26 19
32 19 18
32 18 17
32 17 16
32 16 15
32 15 13
32 15 14
32 26 25
32 25 22
32 22 20
32 22 21
32 25 24
32 24 23
33 30 0
33 30 29
33 29 1
33 29 28
33 28 25
33 25 2
33 25 24
33 24 23
33 23 21
33 21 12
33 12 3
33 12 11
33 11 4
33 11 10
33 10 9
33 9 7
33 7 6
33 6 5
33 9 8
33 21 20
33 20 19
33 19 18
33 18 15
33 15 13
33 15 14
33 18 17
33 17 16
33 23 22
33 28 27
33 27 26
34 33 27
34 27 3
34 3 2
34 2 1
34 1 0
34 27 26
34 26 25
34 25 20
34 20 18
34 18 16
34 16 14
34 14 13
34 13 12
34 12 11
34 11 8
34 8 7
34 7 6
34 6 5
34 5 4
34 11 10
34 10 9
34 16 15
34 18 17
34 20 19
34 25 24
34 24 21
34 24 23
34 23 22
34 33 32
34 32 31
34 31 30
34 30 28
34 30 29
35 30 7
35 7 6
35 6 3
35 3 1
35 1 0
35 3 2
35 6 5
35 5 4
35 30 29
35 29 9
35 9 8
35 29 28
35 28 27
35 27 25
35 25 12
35 12 11
35 11 10
35 25 24
35 24 13
35 24 23
35 23 22
35 22 21
35 21 16
35 16 15
35 15 14
35 21 20
35 20 17
35 20 19
35 19 18
35 27 26
36 29 28
36 28 1
36 1 0
36 28 27
36 27 26
36 26 25
36 25 3
36 3 2
36 25 24
36 24 22
36 22 14
36 14 13
36 13 4
36 13 12
36 12 7
36 7 5
36 7 6
36 12 11
36 11 8
36 11 10
36 10 9
36 22 21
36 21 17
36 17 15
36 17 16
36 21 20
36 20 19
36 19 18
36 24 23
37 32 20
37 20 16
37 16 15
37 15 1
37 1 0
37 15 14
37 14 10
37 10 9
37 9 2
37 9 8
37 8 7
37 7 6
37 6 5
37 5 4
37 4 3
37 14 13
37 13 11
37 13 12
37 20 19
37 19 18
37 18 17
37 32 31
37 31 23
37 23 21
37 23 22
37 31 30
37 30 29
37 29 27
37 27 26
37 26 24
37 26 25
37 29 28
38 30 8
38 8 7
38 7 6
38 6 1
38 1 0
38 6 5
38 5 4
38 4 2
38 4 3
38 30 29
38 29 28
38 28 27
38 27 25
38 25 24
38 24 23
38 23 17
38 17 14
38 14 13
38 13 12
38 12 11
38 11 10
38 10 9
38 17 16
38 16 15
38 23 22
38 22 20
38 20 18
38 20 19
38 22 21
38 27 26
39 31 30
39 30 5
39 5 0
39 5 4
39 4 1
39 4 3
39 3 2
39 30 29
39 29 28
39 28 12
39 12 11
39 11 10
39 10 9
39 9 8
39 8 7
39 7 6
39 28 27
39 27 25
39 25 18
39 18 14
39 14 13
39 18 17
39 17 15
39 17 16
39 25 24
39 24 23
39 23 19
39 23 22
39 22 20
39 22 21
39 27 26
40 32 23
40 23 22
40 22 20
40 20 18
40 18 17
40 17 2
40 2 1
40 1 0
40 17 16
40 16 14
40 14 13
40 13 11
40 11 9
40 9 7
40 7 5
40 5 3
40 5 4
40 7 6
40 9 8
40 11 10
40 13 12
40 16 15
40 20 19
40 22 21
40 32 31
40 31 24
40 31 30
40 30 27
40 27 26
40 26 25
40 30 29
40 29 28
41 33 29
41 29 11
41 11 10
41 10 0
41 10 9
41 9 8
41 8 7
41 7 2
41 2 1
41 7 6
41 6 4
41 4 3
41 6 5
41 29 28
41 28 27
41 27 25
41 25 15
41 15 12
41 15 14
41 14 13
41 25 24
41 24 23
41 23 19
41 19 18
41 18 17
41 17 16
41 23 22
41 22 20
41 22 21
41 27 26
41 33 32
41 32 31
41 31 30
42 32 25
42 25 24
42 24 22
42 22 21
42 21 20
42 20 0
42 20 19
42 19 15
42 15 1
42 15 14
42 14 12
42 12 11
42 11 9
42 9 5
42 5 4
42 4 2
42 4 3
42 9 8
42 8 7
42 7 6
42 11 10
42 14 13
42 19 18
42 18 17
42 17 16
42 24 23
42 32 31
42 31 29
42 29 28
42 28 26
42 28 27
42 31 30
43 30 29
43 29 1
43 1 0
43 29 28
43 28 2
43 28 27
43 27 13
43 13 10
43 10 3
43 10 9
43 9 4
43 9 8
43 8 6
43 6 5
43 8 7
43 13 12
43 12 11
43 27 26
43 26 17
43 17 14
43 17 16
43 16 15
43 26 25
43 25 23
43 23 22
43 22 20
43 20 18
43 20 19
43 22 21
43 25 24
44 33 0
44 33 32
44 32 31
44 31 26
44 26 25
44 25 1
44 25 24
44 24 23
44 23 21
44 21 20
44 20 18
44 18 16
44 16 15
44 15 2
44 15 14
44 14 11
44 11 6
44 6 5
44 5 3
44 5 4
44 11 10
44 10 8
44 8 7
44 10 9
44 14 13
44 13 12
44 18 17
44 20 19
44 23 22
44 31 30
44 30 29
44 29 27
44 29 28
45 33 0
45 33 32
45 32 1
45 32 31
45 31 29
45 29 26
45 26 2
45 26 25
45 25 22
45 22 8
45 8 3
45 8 7
45 7 5
45 5 4
45 7 6
45 22 21
45 21 19
45 19 9
45 19 18
45 18 15
45 15 14
45 14 10
45 14 13
45 13 12
45 12 11
45 18 17
45 17 16
45 21 20
45 25 24
45 24 23
45 29 28
45 28 27
45 31 30
46 34 32
46 32 22
46 22 21
46 21 16
46 16 0
46 16 15
46 15 14
46 14 12
46 12 11
46 11 3
46 3 2
46 2 1
46 11 10
46 10 5
46 5 4
46 10 9
46 9 7
46 7 6
46 9 8
46 14 13
46 21 20
46 20 18
46 18 17
46 20 19
46 32 31
46 31 29
46 29 26
46 26 25
46 25 23
46 25 24
46 29 28
46 28 27
46 31 30
46 34 33
47 34 28
47 28 27
47 27 25
47 25 24
47 24 16
47 16 0
47 16 15
47 15 13
47 13 12
47 12 5
47 5 2
47 2 1
47 5 4
47 4 3
47 12 11
47 11 10
47 10 9
47 9 8
47 8 6
47 8 7
47 15 14
47 24 23
47 23 22
47 22 21
47 21 17
47 21 20
47 20 18
47 20 19
47 27 26
47 34 33
47 33 32
47 32 29
47 32 31
47 31 30
48 34 2
48 2 0
48 2 1
48 34 33
48 33 5
48 5 4
48 4 3
48 33 32
48 32 31
48 31 30
48 30 16
48 16 15
48 15 14
48 14 8
48 8 6
48 8 7
48 14 13
48 13 9
48 13 12
48 12 10
48 12 11
48 30 29
48 29 28
48 28 27
48 27 17
48 27 26
48 26 18
48 26 25
48 25 24
48 24 19
48 24 23
48 23 22
48 22 20
48 22 21
49 31 29
49 29 27
49 27 26
49 26 25
49 25 2
49 2 0
49 2 1
49 25 24
49 24 23
49 23 22
49 22 21
49 21 20
49 20 19
49 19 18
49 18 4
49 4 3
49 18 17
49 17 8
49 8 7
49 7 6
49 6 5
49 17 16
49 16 10
49 10 9
49 16 15
49 15 11
49 15 14
49 14 12
49 14 13
49 29 28
49 31 30
50 31 29
50 29 1
50 1 0
50 29 28
50 28 5
50 5 3
50 3 2
50 5 4
50 28 27
50 27 24
50 24 6
50 24 23
50 23 22
50 22 21
50 21 20
50 20 7
50 20 19
50 19 9
50 9 8
50 19 18
50 18 11
50 11 10
50 18 17
50 17 16
50 16 15
50 15 14
50 14 13
50 13 12
50 27 26
50 26 25
50 31 30
51 30 0
51 30 29
51 29 2
51 2 1
51 29 28
51 28 3
51 28 27
51 27 25
51 25 24
51 24 4
51 24 23
51 23 15
51 15 13
51 13 12
51 12 11
51 11 10
51 10 8
51 8 5
51 8 7
51 7 6
51 10 9
51 15 14
51 23 22
51 22 16
51 22 21
51 21 20
51 20 19
51 19 18
51 18 17
51 27 26
52 29 27
52 27 7
52 7 0
52 7 6
52 6 5
52 5 3
52 3 2
52 2 1
52 5 4
52 27 26
52 26 25
52 25 24
52 24 22
52 22 8
52 22 21
52 21 14
52 14 13
52 13 12
52 12 11
52 11 10
52 10 9
52 21 20
52 20 19
52 19 18
52 18 17
52 17 16
52 16 15
52 24 23
52 29 28
53 31 29
53 29 28
53 28 0
53 28 27
53 27 26
53 26 25
53 25 24
53 24 1
53 24 23
53 23 19
53 19 2
53 19 18
53 18 16
53 16 4
53 4 3
53 16 15
53 15 12
53 12 8
53 8 6
53 6 5
53 8 7
53 12 11
53 11 10
53 10 9
53 15 14
53 14 13
53 18 17
53 23 22
53 22 21
53 21 20
53 31 30
54 29 28
54 28 22
54 22 20
54 20 0
54 20 19
54 19 2
54 2 1
54 19 18
54 18 17
54 17 3
54 17 16
54 16 15
54 15 9
54 9 5
54 5 4
54 9 8
54 8 7
54 7 6
54 15 14
54 14 10
54 14 13
54 13 12
54 12 11
54 22 21
54 28 27
54 27 26
54 26 25
54 25 24
54 24 23
55 34 8
55 8 6
55 6 2
55 2 1
55 1 0
55 6 5
55 5 3
55 5 4
55 8 7
55 34 33
55 33 29
55 29 9
55 29 28
55 28 27
55 27 16
55 16 14
55 14 13
55 13 10
55 13 12
55 12 11
55 16 15
55 27 26
55 26 17
55 26 25
55 25 24
55 24 23
55 23 18
55 23 22
55 22 21
55 21 20
55 20 19
55 33 32
55 32 31
55 31 30
56 31 3
56 3 2
56 2 0
56 2 1
56 31 30
56 30 29
56 29 28
56 28 27
56 27 17
56 17 4
56 17 16
56 16 15
56 15 14
56 14 13
56 13 5
56 13 12
56 12 11
56 11 7
56 7 6
56 11 10
56 10 9
56 9 8
56 27 26
56 26 19
56 19 18
56 26 25
56 25 24
56 24 21
56 21 20
56 24 23
56 23 22
57 31 28
57 28 13
57 13 1
57 1 0
57 13 12
57 12 9
57 9 3
57 3 2
57 9 8
57 8 7
57 7 5
57 5 4
57 7 6
57 12 11
57 11 10
57 28 27
57 27 25
57 25 14
57 25 24
57 24 23
57 23 18
57 18 16
57 16 15
57 18 17
57 23 22
57 22 20
57 20 19
57 22 21
57 27 26
57 31 30
57 30 29
58 31 30
58 30 9
58 9 8
58 8 7
58 7 2
58 2 1
58 1 0
58 7 6
58 6 3
58 6 5
58 5 4
58 30 29
58 29 28
58 28 26
58 26 23
58 23 10
58 23 22
58 22 13
58 13 11
58 13 12
58 22 21
58 21 19
58 19 17
58 17 14
58 17 16
58 16 15
58 19 18
58 21 20
58 26 25
58 25 24
58 28 27
59 31 14
59 14 13
59 13 12
59 12 11
59 11 10
59 10 9
59 9 7
59 7 6
59 6 1
59 1 0
59 6 5
59 5 2
59 5 4
59 4 3
59 9 8
59 31 30
59 30 29
59 29 28
59 28 27
59 27 24
59 24 22
59 22 21
59 21 16
59 16 15
59 21 20
59 20 17
59 20 19
59 19 18
59 24 23
59 27 26
59 26 25
60 31 3
60 3 2
60 2 1
60 1 0
60 31 30
60 30 4
60 30 29
60 29 28
60 28 27
60 27 26
60 26 18
60 18 17
60 17 16
60 16 15
60 15 14
60 14 13
60 13 7
60 7 5
60 7 6
60 13 12
60 12 11
60 11 8
60 11 10
60 10 9
60 26 25
60 25 23
60 23 20
60 20 19
60 23 22
60 22 21
60 25 24
61 31 28
61 28 24
61 24 23
61 23 22
61 22 1
61 1 0
61 22 21
61 21 17
61 17 16
61 16 6
61 6 5
61 5 4
61 4 3
61 3 2
61 16 15
61 15 8
61 8 7
61 15 14
61 14 9
61 14 13
61 13 10
61 13 12
61 12 11
61 21 20
61 20 18
61 20 19
61 28 27
61 27 25
61 27 26
61 31 30
61 30 29
62 30 0
62 30 29
62 29 28
62 28 24
62 24 1
62 24 23
62 23 22
62 22 20
62 20 19
62 19 3
62 3 2
62 19 18
62 18 5
62 5 4
62 18 17
62 17 15
62 15 6
62 15 14
62 14 10
62 10 9
62 9 7
62 9 8
62 14 13
62 13 12
62 12 11
62 17 16
62 22 21
62 28 27
62 27 26
62 26 25
63 30 0
63 30 29
63 29 28
63 28 23
63 23 3
63 3 2
63 2 1
63 23 22
63 22 19
63 19 18
63 18 9
63 9 6
63 6 5
63 5 4
63 9 8
63 8 7
63 18 17
63 17 16
63 16 10
63 16 15
63 15 14
63 14 13
63 13 11
63 13 12
63 22 21
63 21 20
63 28 27
63 27 24
63 27 26
63 26 25
64 29 0
64 29 28
64 28 1
64 28 27
64 27 26
64 26 25
64 25 13
64 13 2
64 13 12
64 12 5
64 5 3
64 5 4
64 12 11
64 11 6
64 11 10
64 10 7
64 10 9
64 9 8
64 25 24
64 24 22
64 22 14
64 22 21
64 21 16
64 16 15
64 21 20
64 20 17
64 20 19
64 19 18
64 24 23
65 30 19
65 19 18
65 18 16
65 16 15
65 15 14
65 14 13
65 13 12
65 12 2
65 2 1
65 1 0
65 12 11
65 11 10
65 10 9
65 9 8
65 8 6
65 6 5
65 5 4
65 4 3
65 8 7
65 18 17
65 30 29
65 29 20
65 29 28
65 28 27
65 27 23
65 23 22
65 22 21
65 27 26
65 26 25
65 25 24
66 30 27
66 27 25
66 25 24
66 24 23
66 23 16
66 16 14
66 14 10
66 10 0
66 10 9
66 9 8
66 8 7
66 7 6
66 6 5
66 5 2
66 2 1
66 5 4
66 4 3
66 14 13
66 13 11
66 13 12
66 16 15
66 23 22
66 22 19
66 19 18
66 18 17
66 22 21
66 21 20
66 27 26
66 30 29
66 29 28
67 32 29
67 29 28
67 28 14
67 14 13
67 13 4
67 4 3
67 3 2
67 2 1
67 1 0
67 13 12
67 12 11
67 11 6
67 6 5
67 11 10
67 10 8
67 8 7
67 10 9
67 28 27
67 27 24
67 24 23
67 23 22
67 22 21
67 21 19
67 19 15
67 19 18
67 18 16
67 18 17
67 21 20
67 27 26
67 26 25
67 32 31
67 31 30
68 33 32
68 32 0
68 32 31
68 31 30
68 30 28
68 28 22
68 22 20
68 20 18
68 18 9
68 9 1
68 9 8
68 8 6
68 6 5
68 5 4
68 4 3
68 3 2
68 8 7
68 18 17
68 17 14
68 14 12
68 12 11
68 11 10
68 14 13
68 17 16
68 16 15
68 20 19
68 22 21
68 28 27
68 27 26
68 26 25
68 25 23
68 25 24
68 30 29
69 30 7
69 7 5
69 5 1
69 1 0
69 5 4
69 4 3
69 3 2
69 7 6
69 30 29
69 29 27
69 27 8
69 27 26
69 26 25
69 25 24
69 24 21
69 21 20
69 20 18
69 18 10
69 10 9
69 18 17
69 17 16
69 16 15
69 15 11
69 15 14
69 14 12
69 14 13
69 20 19
69 24 23
69 23 22
69 29 28
70 31 30
70 30 22
70 22 20
70 20 19
70 19 17
70 17 0
70 17 16
70 16 2
70 2 1
70 16 15
70 15 13
70 13 3
70 13 12
70 12 9
70 9 7
70 7 6
70 6 5
70 5 4
70 9 8
70 12 11
70 11 10
70 15 14
70 19 18
70 22 21
70 30 29
70 29 25
70 25 23
70 25 24
70 29 28
70 28 27
70 27 26
71 34 33
71 33 0
71 33 32
71 32 31
71 31 29
71 29 4
71 4 1
71 4 3
71 3 2
71 29 28
71 28 25
71 25 14
71 14 13
71 13 5
71 13 12
71 12 6
71 12 11
71 11 7
71 11 10
71 10 8
71 10 9
71 25 24
71 24 15
71 24 23
71 23 19
71 19 18
71 18 17
71 17 16
71 23 22
71 22 20
71 22 21
71 28 27
71 27 26
71 31 30
72 34 31
72 31 6
72 6 0
72 6 5
72 5 3
72 3 1
72 3 2
72 5 4
72 31 30
72 30 7
72 30 29
72 29 28
72 28 27
72 27 26
72 26 20
72 20 19
72 19 17
72 17 15
72 15 13
72 13 10
72 10 8
72 10 9
72 13 12
72 12 11
72 15 14
72 17 16
72 19 18
72 26 25
72 25 21
72 25 24
72 24 23
72 23 22
72 34 33
72 33 32
73 30 17
73 17 16
73 16 15
73 15 11
73 11 10
73 10 1
73 1 0
73 10 9
73 9 6
73 6 4
73 4 2
73 4 3
73 6 5
73 9 8
73 8 7
73 15 14
73 14 12
73 14 13
73 30 29
73 29 28
73 28 27
73 27 26
73 26 25
73 25 18
73 25 24
73 24 22
73 22 21
73 21 19
73 21 20
73 24 23
74 32 31
74 31 29
74 29 27
74 27 0
74 27 26
74 26 13
74 13 12
74 12 11
74 11 6
74 6 4
74 4 3
74 3 1
74 3 2
74 6 5
74 11 10
74 10 9
74 9 8
74 8 7
74 26 25
74 25 22
74 22 21
74 21 20
74 20 17
74 17 14
74 17 16
74 16 15
74 20 19
74 19 18
74 25 24
74 24 23
74 29 28
74 31 30
75 33 32
75 32 31
75 31 30
75 30 29
75 29 1
75 1 0
75 29 28
75 28 2
75 28 27
75 27 3
75 27 26
75 26 19
75 19 17
75 17 15
75 15 14
75 14 12
75 12 11
75 11 9
75 9 5
75 5 4
75 9 8
75 8 6
75 8 7
75 11 10
75 14 13
75 17 16
75 19 18
75 26 25
75 25 23
75 23 20
75 23 22
75 22 21
75 25 24
76 31 28
76 28 27
76 27 3
76 3 0
76 3 2
76 2 1
76 27 26
76 26 21
76 21 19
76 19 15
76 15 10
76 10 9
76 9 8
76 8 7
76 7 6
76 6 5
76 5 4
76 15 14
76 14 13
76 13 11
76 13 12
76 19 18
76 18 16
76 18 17
76 21 20
76 26 25
76 25 24
76 24 22
76 24 23
76 31 30
76 30 29
77 29 7
77 7 0
77 7 6
77 6 2
77 2 1
77 6 5
77 5 4
77 4 3
77 29 28
77 28 27
77 27 26
77 26 21
77 21 16
77 16 9
77 9 8
77 16 15
77 15 13
77 13 12
77 12 10
77 12 11
77 15 14
77 21 20
77 20 19
77 19 17
77 19 18
77 26 25
77 25 24
77 24 23
77 23 22
78 33 29
78 29 27
78 27 26
78 26 25
78 25 17
78 17 6
78 6 5
78 5 4
78 4 1
78 1 0
78 4 3
78 3 2
78 17 16
78 16 7
78 16 15
78 15 13
78 13 12
78 12 8
78 12 11
78 11 10
78 10 9
78 15 14
78 25 24
78 24 23
78 23 20
78 20 18
78 20 19
78 23 22
78 22 21
78 29 28
78 33 32
78 32 30
78 32 31
79 32 30
79 30 29
79 29 24
79 24 0
79 24 23
79 23 22
79 22 1
79 22 21
79 21 2
79 21 20
79 20 4
79 4 3
79 20 19
79 19 7
79 7 5
79 7 6
79 19 18
79 18 17
79 17 15
79 15 13
79 13 12
79 12 11
79 11 9
79 9 8
79 11 10
79 15 14
79 17 16
79 29 28
79 28 27
79 27 25
79 27 26
79 32 31
80 31 29
80 29 28
80 28 24
80 24 21
80 21 20
80 20 18
80 18 0
80 18 17
80 17 1
80 17 16
80 16 15
80 15 13
80 13 9
80 9 6
80 6 3
80 3 2
80 6 5
80 5 4
80 9 8
80 8 7
80 13 12
80 12 11
80 11 10
80 15 14
80 20 19
80 24 23
80 23 22
80 28 27
80 27 25
80 27 26
80 31 30
81 29 27
81 27 26
81 26 25
81 25 0
81 25 24
81 24 23
81 23 1
81 23 22
81 22 4
81 4 3
81 3 2
81 22 21
81 21 6
81 6 5
81 21 20
81 20 15
81 15 7
81 15 14
81 14 13
81 13 11
81 11 9
81 9 8
81 11 10
81 13 12
81 20 19
81 19 18
81 18 16
81 18 17
81 29 28
82 31 30
82 30 29
82 29 6
82 6 5
82 5 4
82 4 0
82 4 3
82 3 2
82 2 1
82 29 28
82 28 27
82 27 14
82 14 10
82 10 9
82 9 8
82 8 7
82 14 13
82 13 11
82 13 12
82 27 26
82 26 24
82 24 15
82 24 23
82 23 18
82 18 16
82 18 17
82 23 22
82 22 21
82 21 20
82 20 19
82 26 25
83 34 33
83 33 31
83 31 0
83 31 30
83 30 29
83 29 20
83 20 19
83 19 18
83 18 17
83 17 15
83 15 13
83 13 12
83 12 3
83 3 1
83 3 2
83 12 11
83 11 8
83 8 6
83 6 4
83 6 5
83 8 7
83 11 10
83 10 9
83 15 14
83 17 16
83 29 28
83 28 27
83 27 24
83 24 23
83 23 21
83 23 22
83 27 26
83 26 25
83 33 32
84 31 12
84 12 1
84 1 0
84 12 11
84 11 8
84 8 7
84 7 6
84 6 5
84 5 4
84 4 2
84 4 3
84 11 10
84 10 9
84 31 30
84 30 25
84 25 23
84 23 22
84 22 15
84 15 14
84 14 13
84 22 21
84 21 16
84 21 20
84 20 19
84 19 17
84 19 18
84 25 24
84 30 29
84 29 28
84 28 27
84 27 26
85 32 2
85 2 0
85 2 1
85 32 31
85 31 10
85 10 9
85 9 8
85 8 3
85 8 7
85 7 5
85 5 4
85 7 6
85 31 30
85 30 28
85 28 26
85 26 11
85 26 25
85 25 12
85 25 24
85 24 21
85 21 18
85 18 17
85 17 15
85 15 13
85 15 14
85 17 16
85 21 20
85 20 19
85 24 23
85 23 22
85 28 27
85 30 29
86 30 27
86 27 1
86 1 0
86 27 26
86 26 25
86 25 4
86 4 3
86 3 2
86 25 24
86 24 19
86 19 5
86 19 18
86 18 17
86 17 16
86 16 14
86 14 13
86 13 10
86 10 6
86 10 9
86 9 7
86 9 8
86 13 12
86 12 11
86 16 15
86 24 23
86 23 22
86 22 20
86 22 21
86 30 29
86 29 28
87 33 22
87 22 21
87 21 0
87 21 20
87 20 19
87 19 17
87 17 16
87 16 13
87 13 8
87 8 3
87 3 1
87 3 2
87 8 7
87 7 6
87 6 4
87 6 5
87 13 12
87 12 11
87 11 10
87 10 9
87 16 15
87 15 14
87 19 18
87 33 32
87 32 31
87 31 23
87 31 30
87 30 29
87 29 28
87 28 24
87 28 27
87 27 25
87 27 26
88 30 28
88 28 26
88 26 25
88 25 0
88 25 24
88 24 20
88 20 16
88 16 2
88 2 1
88 16 15
88 15 11
88 11 9
88 9 7
88 7 5
88 5 4
88 4 3
88 7 6
88 9 8
88 11 10
88 15 14
88 14 13
88 13 12
88 20 19
88 19 18
88 18 17
88 24 23
88 23 22
88 22 21
88 28 27
88 30 29
89 30 25
89 25 24
89 24 23
89 23 3
89 3 2
89 2 1
89 1 0
89 23 22
89 22 6
89 6 4
89 6 5
89 22 21
89 21 12
89 12 11
89 11 7
89 11 10
89 10 8
89 10 9
89 21 20
89 20 13
89 20 19
89 19 18
89 18 17
89 17 16
89 16 15
89 15 14
89 30 29
89 29 28
89 28 27
89 27 26
90 32 25
90 25 23
90 23 22
90 22 20
90 20 1
90 1 0
90 20 19
90 19 6
90 6 4
90 4 3
90 3 2
90 6 5
90 19 18
90 18 14
90 14 7
90 14 13
90 13 8
90 13 12
90 12 9
90 12 11
90 11 10
90 18 17
90 17 16
90 16 15
90 22 21
90 25 24
90 32 31
90 31 30
90 30 27
90 27 26
90 30 29
90 29 28
91 30 4
91 4 0
91 4 3
91 3 2
91 2 1
91 30 29
91 29 28
91 28 26
91 26 25
91 25 24
91 24 5
91 24 23
91 23 9
91 9 6
91 9 8
91 8 7
91 23 22
91 22 17
91 17 16
91 16 14
91 14 12
91 12 10
91 12 11
91 14 13
91 16 15
91 22 21
91 21 20
91 20 18
91 20 19
91 28 27
92 34 8
92 8 7
92 7 5
92 5 2
92 2 0
92 2 1
92 5 4
92 4 3
92 7 6
92 34 33
92 33 30
92 30 18
92 18 15
92 15 14
92 14 13
92 13 11
92 11 10
92 10 9
92 13 12
92 18 17
92 17 16
92 30 29
92 29 28
92 28 26
92 26 25
92 25 23
92 23 19
92 23 22
92 22 20
92 22 21
92 25 24
92 28 27
92 33 32
92 32 31
93 34 10
93 10 9
93 9 2
93 2 0
93 2 1
93 9 8
93 8 6
93 6 5
93 5 4
93 4 3
93 8 7
93 34 33
93 33 32
93 32 31
93 31 11
93 31 30
93 30 12
93 30 29
93 29 13
93 29 28
93 28 17
93 17 15
93 15 14
93 17 16
93 28 27
93 27 26
93 26 18
93 26 25
93 25 21
93 21 20
93 20 19
93 25 24
93 24 23
93 23 22
94 30 26
94 26 2
94 2 1
94 1 0
94 26 25
94 25 23
94 23 19
94 19 17
94 17 14
94 14 13
94 13 12
94 12 10
94 10 6
94 6 4
94 4 3
94 6 5
94 10 9
94 9 7
94 9 8
94 12 11
94 17 16
94 16 15
94 19 18
94 23 22
94 22 20
94 22 21
94 25 24
94 30 29
94 29 28
94 28 27
95 30 28
95 28 0
95 28 27
95 27 26
95 26 22
95 22 21
95 21 1
95 21 20
95 20 2
95 20 19
95 19 14
95 14 6
95 6 5
95 5 4
95 4 3
95 14 13
95 13 11
95 11 10
95 10 8
95 8 7
95 10 9
95 13 12
95 19 18
95 18 17
95 17 15
95 17 16
95 26 25
95 25 23
95 25 24
95 30 29
96 31 30
96 30 24
96 24 1
96 1 0
96 24 23
96 23 22
96 22 15
96 15 14
96 14 2
96 14 13
96 13 12
96 12 11
96 11 9
96 9 8
96 8 6
96 6 3
96 6 5
96 5 4
96 8 7
96 11 10
96 22 21
96 21 18
96 18 16
96 18 17
96 21 20
96 20 19
96 30 29
96 29 25
96 29 28
96 28 26
96 28 27
97 34 33
97 33 32
97 32 31
97 31 13
97 13 8
97 8 0
97 8 7
97 7 6
97 6 2
97 2 1
97 6 5
97 5 4
97 4 3
97 13 12
97 12 10
97 10 9
97 12 11
97 31 30
97 30 28
97 28 27
97 27 25
97 25 14
97 25 24
97 24 22
97 22 16
97 16 15
97 22 21
97 21 20
97 20 19
97 19 18
97 18 17
97 24 23
97 27 26
97 30 29
98 34 30
98 30 28
98 28 0
98 28 27
98 27 26
98 26 24
98 24 1
98 24 23
98 23 21
98 21 14
98 14 12
98 12 4
98 4 2
98 4 3
98 12 11
98 11 10
98 10 9
98 9 8
98 8 5
98 8 7
98 7 6
98 14 13
98 21 20
98 20 19
98 19 15
98 19 18
98 18 16
98 18 17
98 23 22
98 26 25
98 30 29
98 34 33
98 33 31
98 33 32
99 31 15
99 15 6
99 6 5
99 5 0
99 5 4
99 4 2
99 2 1
99 4 3
99 15 14
99 14 7
99 14 13
99 13 12
99 12 8
99 12 11
99 11 10
99 10 9
99 31 30
99 30 28
99 28 26
99 26 25
99 25 23
99 23 21
99 21 16
99 21 20
99 20 19
99 19 18
99 18 17
99 23 22
99 25 24
99 28 27
99 30 29
100 34 33
100 33 32
100 32 27
100 27 9
100 9 8
100 8 7
100 7 0
100 7 6
100 6 3
100 3 1
100 3 2
100 6 5
100 5 4
100 27 26
100 26 10
100 26 25
100 25 24
100 24 23
100 23 22
100 22 21
100 21 20
100 20 11
100 20 19
100 19 12
100 19 18
100 18 17
100 17 16
100 16 15
100 15 13
100 15 14
100 32 31
100 31 29
100 29 28
100 31 30
101 34 30
101 30 0
101 30 29
101 29 28
101 28 27
101 27 26
101 26 25
101 25 19
101 19 6
101 6 5
101 5 1
101 5 4
101 4 3
101 3 2
101 19 18
101 18 7
101 18 17
101 17 16
101 16 14
101 14 8
101 14 13
101 13 11
101 11 9
101 11 10
101 13 12
101 16 15
101 25 24
101 24 20
101 24 23
101 23 22
101 22 21
101 34 33
101 33 32
101 32 31
