1 30 0
1 30 29
1 29 1
1 29 28
1 28 27
1 27 6
1 6 2
1 6 5
1 5 3
1 5 4
1 27 26
1 26 24
1 24 7
1 24 23
1 23 22
1 22 15
1 15 9
1 9 8
1 15 14
1 14 12
1 12 10
1 12 11
1 14 13
1 22 21
1 21 20
1 20 18
1 18 17
1 17 16
1 20 19
1 26 25
2 31 30
2 30 28
2 28 20
2 20 18
2 18 17
2 17 16
2 16 15
2 15 12
2 12 2
2 2 1
2 1 0
2 12 11
2 11 10
2 10 9
2 9 8
2 8 7
2 7 4
2 4 3
2 7 6
2 6 5
2 15 14
2 14 13
2 20 19
2 28 27
2 27 25
2 25 24
2 24 22
2 22 21
2 24 23
2 27 26
2 30 29
3 31 30
3 30 0
3 30 29
3 29 27
3 27 1
3 27 26
3 26 25
3 25 3
3 3 2
3 25 24
3 24 7
3 7 4
3 7 6
3 6 5
3 24 23
3 23 15
3 15 14
3 14 13
3 13 12
3 12 8
3 12 11
3 11 9
3 11 10
3 23 22
3 22 19
3 19 18
3 18 17
3 17 16
3 22 21
3 21 20
3 29 28
4 31 25
4 25 16
4 16 14
4 14 0
4 14 13
4 13 1
4 13 12
4 12 10
4 10 9
4 9 6
4 6 2
4 6 5
4 5 4
4 4 3
4 9 8
4 8 7
4 12 11
4 16 15
4 25 24
4 24 22
4 22 19
4 19 17
4 19 18
4 22 21
4 21 20
4 24 23
4 31 30
4 30 29
4 29 28
4 28 27
4 27 26
5 30 29
5 29 28
5 28 27
5 27 1
5 1 0
5 27 26
5 26 2
5 26 25
5 25 24
5 24 20
5 20 15
5 15 3
5 15 14
5 14 11
5 11 10
5 10 5
5 5 4
5 10 9
5 9 8
5 8 6
5 8 7
5 14 13
5 13 12
5 20 19
5 19 18
5 18 17
5 17 16
5 24 23
5 23 21
5 23 22
6 29 18
6 18 8
6 8 7
6 7 3
6 3 0
6 3 2
6 2 1
6 7 6
6 6 4
6 6 5
6 18 17
6 17 16
6 16 9
6 16 15
6 15 14
6 14 13
6 13 11
6 11 10
6 13 12
6 29 28
6 28 21
6 21 20
6 20 19
6 28 27
6 27 24
6 24 23
6 23 22
6 27 26
6 26 25
7 30 0
7 30 29
7 29 12
7 12 11
7 11 4
7 4 3
7 3 2
7 2 1
7 11 10
7 10 5
7 10 9
7 9 8
7 8 7
7 7 6
7 29 28
7 28 27
7 27 26
7 26 25
7 25 23
7 23 21
7 21 13
7 21 20
7 20 16
7 16 15
7 15 14
7 20 19
7 19 17
7 19 18
7 23 22
7 25 24
8 30 29
8 29 26
8 26 24
8 24 9
8 9 8
8 8 6
8 6 5
8 5 0
8 5 4
8 4 3
8 3 2
8 2 1
8 8 7
8 24 23
8 23 18
8 18 12
8 12 10
8 12 11
8 18 17
8 17 16
8 16 15
8 15 14
8 14 13
8 23 22
8 22 19
8 22 21
8 21 20
8 26 25
8 29 28
8 28 27
9 32 31
9 31 0
9 31 30
9 30 7
9 7 4
9 4 1
9 4 3
9 3 2
9 7 6
9 6 5
9 30 29
9 29 28
9 28 27
9 27 25
9 25 23
9 23 18
9 18 8
9 18 17
9 17 16
9 16 9
9 16 15
9 15 12
9 12 11
9 11 10
9 15 14
9 14 13
9 23 22
9 22 20
9 20 19
9 22 21
9 25 24
9 27 26
10 30 25
10 25 1
10 1 0
10 25 24
10 24 23
10 23 4
10 4 3
10 3 2
10 23 22
10 22 15
10 15 13
10 13 12
10 12 9
10 9 5
10 9 8
10 8 7
10 7 6
10 12 11
10 11 10
10 15 14
10 22 21
10 21 19
10 19 18
10 18 16
10 18 17
10 21 20
10 30 29
10 29 28
10 28 27
10 27 26
11 29 27
11 27 25
11 25 22
11 22 1
11 1 0
11 22 21
11 21 2
11 21 20
11 20 11
11 11 3
11 11 10
11 10 9
11 9 8
11 8 7
11 7 5
11 5 4
11 7 6
11 20 19
11 19 12
11 19 18
11 18 15
11 15 13
11 15 14
11 18 17
11 17 16
11 25 24
11 24 23
11 27 26
11 29 28
12 32 31
12 31 30
12 30 6
12 6 0
12 6 5
12 5 1
12 5 4
12 4 2
12 4 3
12 30 29
12 29 25
12 25 21
12 21 12
12 12 11
12 11 9
12 9 7
12 9 8
12 11 10
12 21 20
12 20 18
12 18 17
12 17 16
12 16 13
12 16 15
12 15 14
12 20 19
12 25 24
12 24 23
12 23 22
12 29 28
12 28 27
12 27 26
13 31 28
13 28 8
13 8 5
13 5 2
13 2 0
13 2 1
13 5 4
13 4 3
13 8 7
13 7 6
13 28 27
13 27 26
13 26 24
13 24 23
13 23 22
13 22 18
13 18 17
13 17 11
13 11 10
13 10 9
13 17 16
13 16 12
13 16 15
13 15 13
13 15 14
13 22 21
13 21 19
13 21 20
13 26 25
13 31 30
13 30 29
14 31 27
14 27 5
14 5 4
14 4 2
14 2 0
14 2 1
14 4 3
14 27 26
14 26 23
14 23 22
14 22 21
14 21 8
14 8 6
14 8 7
14 21 20
14 20 17
14 17 15
14 15 9
14 15 14
14 14 13
14 13 11
14 11 10
14 13 12
14 17 16
14 20 19
14 19 18
14 26 25
14 25 24
14 31 30
14 30 28
14 30 29
15 31 30
15 30 0
15 30 29
15 29 1
15 29 28
15 28 27
15 27 26
15 26 15
15 15 14
15 14 3
15 3 2
15 14 13
15 13 4
15 13 12
15 12 11
15 11 10
15 10 7
15 7 6
15 6 5
15 10 9
15 9 8
15 26 25
15 25 17
15 17 16
15 25 24
15 24 18
15 24 23
15 23 22
15 22 21
15 21 20
15 20 19
16 31 29
16 29 0
16 29 28
16 28 27
16 27 23
16 23 22
16 22 12
16 12 11
16 11 6
16 6 2
16 2 1
16 6 5
16 5 4
16 4 3
16 11 10
16 10 7
16 10 9
16 9 8
16 22 21
16 21 13
16 21 20
16 20 18
16 18 14
16 18 17
16 17 15
16 17 16
16 20 19
16 27 26
16 26 25
16 25 24
16 31 30
17 34 32
17 32 1
17 1 0
17 32 31
17 31 2
17 31 30
17 30 29
17 29 15
17 15 10
17 10 4
17 4 3
17 10 9
17 9 5
17 9 8
17 8 6
17 8 7
17 15 14
17 14 13
17 13 12
17 12 11
17 29 28
17 28 23
17 23 18
17 18 16
17 18 17
17 23 22
17 22 20
17 20 19
17 22 21
17 28 27
17 27 26
17 26 25
17 25 24
17 34 33
18 34 33
18 33 12
18 12 11
18 11 3
18 3 2
18 2 0
18 2 1
18 11 10
18 10 4
18 10 9
18 9 6
18 6 5
18 9 8
18 8 7
18 33 32
18 32 13
18 32 31
18 31 16
18 16 15
18 15 14
18 31 30
18 30 29
18 29 28
18 28 24
18 24 23
18 23 17
18 23 22
18 22 18
18 22 21
18 21 19
18 21 20
18 28 27
18 27 26
18 26 25
19 30 10
19 10 9
19 9 8
19 8 7
19 7 0
19 7 6
19 6 1
19 6 5
19 5 2
19 5 4
19 4 3
19 30 29
19 29 26
19 26 12
19 12 11
19 26 25
19 25 14
19 14 13
19 25 24
19 24 15
19 24 23
19 23 22
19 22 20
19 20 18
19 18 16
19 18 17
19 20 19
19 22 21
19 29 28
19 28 27
20 30 29
20 29 28
20 28 0
20 28 27
20 27 5
20 5 3
20 3 1
20 3 2
20 5 4
20 27 26
20 26 25
20 25 24
20 24 6
20 24 23
20 23 18
20 18 17
20 17 11
20 11 7
20 11 10
20 10 8
20 10 9
20 17 16
20 16 12
20 16 15
20 15 14
20 14 13
20 23 22
20 22 20
20 20 19
20 22 21
21 29 27
21 27 24
21 24 23
21 23 22
21 22 20
21 20 0
21 20 19
21 19 9
21 9 8
21 8 3
21 3 2
21 2 1
21 8 7
21 7 6
21 6 4
21 6 5
21 19 18
21 18 15
21 15 12
21 12 11
21 11 10
21 15 14
21 14 13
21 18 17
21 17 16
21 22 21
21 27 26
21 26 25
21 29 28
22 29 21
22 21 20
22 20 19
22 19 14
22 14 13
22 13 12
22 12 11
22 11 7
22 7 0
22 7 6
22 6 2
22 2 1
22 6 5
22 5 3
22 5 4
22 11 10
22 10 8
22 10 9
22 19 18
22 18 17
22 17 15
22 17 16
22 29 28
22 28 22
22 28 27
22 27 23
22 27 26
22 26 24
22 26 25
23 32 31
23 31 30
23 30 28
23 28 5
23 5 4
23 4 2
23 2 0
23 2 1
23 4 3
23 28 27
23 27 13
23 13 9
23 9 7
23 7 6
23 9 8
23 13 12
23 12 10
23 12 11
23 27 26
23 26 25
23 25 14
23 25 24
23 24 23
23 23 19
23 19 18
23 18 16
23 16 15
23 18 17
23 23 22
23 22 20
23 22 21
23 30 29
24 33 12
24 12 6
24 6 0
24 6 5
24 5 4
24 4 3
24 3 2
24 2 1
24 12 11
24 11 10
24 10 9
24 9 8
24 8 7
24 33 32
24 32 31
24 31 29
24 29 25
24 25 24
24 24 23
24 23 22
24 22 20
24 20 15
24 15 14
24 14 13
24 20 19
24 19 16
24 19 18
24 18 17
24 22 21
24 29 28
24 28 26
24 28 27
24 31 30
25 32 7
25 7 6
25 6 2
25 2 0
25 2 1
25 6 5
25 5 4
25 4 3
25 32 31
25 31 30
25 30 28
25 28 27
25 27 24
25 24 23
25 23 21
25 21 20
25 20 19
25 19 16
25 16 8
25 16 15
25 15 11
25 11 9
25 11 10
25 15 14
25 14 13
25 13 12
25 19 18
25 18 17
25 23 22
25 27 26
25 26 25
25 30 29
26 34 1
26 1 0
26 34 33
26 33 32
26 32 30
26 30 29
26 29 28
26 28 26
26 26 22
26 22 3
26 3 2
26 22 21
26 21 4
26 21 20
26 20 19
26 19 6
26 6 5
26 19 18
26 18 14
26 14 13
26 13 12
26 12 11
26 11 9
26 9 7
26 9 8
26 11 10
26 18 17
26 17 16
26 16 15
26 26 25
26 25 24
26 24 23
26 28 27
26 32 31
27 34 27
27 27 25
27 25 23
27 23 3
27 3 1
27 1 0
27 3 2
27 23 22
27 22 5
27 5 4
27 22 21
27 21 20
27 20 14
27 14 8
27 8 7
27 7 6
27 14 13
27 13 12
27 12 11
27 11 10
27 10 9
27 20 19
27 19 15
27 19 18
27 18 17
27 17 16
27 25 24
27 27 26
27 34 33
27 33 30
27 30 29
27 29 28
27 33 32
27 32 31
28 29 0
28 29 28
28 28 1
28 28 27
28 27 3
28 3 2
28 27 26
28 26 14
28 14 13
28 13 5
28 5 4
28 13 12
28 12 7
28 7 6
28 12 11
28 11 10
28 10 8
28 10 9
28 26 25
28 25 20
28 20 19
28 19 16
28 16 15
28 19 18
28 18 17
28 25 24
28 24 23
28 23 22
28 22 21
29 29 17
29 17 15
29 15 0
29 15 14
29 14 12
29 12 1
29 12 11
29 11 9
29 9 7
29 7 6
29 6 4
29 4 2
29 4 3
29 6 5
29 9 8
29 11 10
29 14 13
29 17 16
29 29 28
29 28 27
29 27 25
29 25 24
29 24 23
29 23 22
29 22 19
29 19 18
29 22 21
29 21 20
29 27 26
30 29 27
30 27 25
30 25 24
30 24 23
30 23 11
30 11 7
30 7 0
30 7 6
30 6 1
30 6 5
30 5 3
30 3 2
30 5 4
30 11 10
30 10 8
30 10 9
30 23 22
30 22 21
30 21 20
30 20 12
30 20 19
30 19 15
30 15 13
30 15 14
30 19 18
30 18 17
30 17 16
30 27 26
30 29 28
31 29 28
31 28 27
31 27 26
31 26 25
31 25 14
31 14 13
31 13 11
31 11 10
31 10 8
31 8 6
31 6 3
31 3 2
31 2 0
31 2 1
31 6 5
31 5 4
31 8 7
31 10 9
31 13 12
31 25 24
31 24 20
31 20 18
31 18 17
31 17 15
31 17 16
31 20 19
31 24 23
31 23 21
31 23 22
32 29 10
32 10 9
32 9 5
32 5 4
32 4 3
32 3 1
32 1 0
32 3 2
32 9 8
32 8 7
32 7 6
32 29 28
32 28 27
32 27 20
32 20 18
32 18 17
32 17 12
32 12 11
32 17 16
32 16 15
32 15 14
32 14 13
32 20 19
32 27 26
32 26 21
32 26 25
32 25 24
32 24 23
32 23 22
33 31 1
33 1 0
33 31 30
33 30 18
33 18 9
33 9 2
33 9 8
33 8 5
33 5 3
33 5 4
33 8 7
33 7 6
33 18 17
33 17 15
33 15 14
33 14 13
33 13 11
33 11 10
33 13 12
33 17 16
33 30 29
33 29 28
33 28 19
33 28 27
33 27 22
33 22 21
33 21 20
33 27 26
33 26 24
33 24 23
33 26 25
34 29 2
34 2 1
34 1 0
34 29 28
34 28 3
34 28 27
34 27 4
34 27 26
34 26 9
34 9 8
34 8 6
34 6 5
34 8 7
34 26 25
34 25 16
34 16 10
34 16 15
34 15 12
34 12 11
34 15 14
34 14 13
34 25 24
34 24 23
34 23 22
34 22 20
34 20 18
34 18 17
34 20 19
34 22 21
35 33 29
35 29 5
35 5 3
35 3 1
35 1 0
35 3 2
35 5 4
35 29 28
35 28 27
35 27 25
35 25 24
35 24 23
35 23 22
35 22 19
35 19 17
35 17 7
35 7 6
35 17 16
35 16 11
35 11 9
35 9 8
35 11 10
35 16 15
35 15 12
35 15 14
35 14 13
35 19 18
35 22 21
35 21 20
35 27 26
35 33 32
35 32 30
35 32 31
36 34 33
36 33 29
36 29 28
36 28 26
36 26 2
36 2 1
36 1 0
36 26 25
36 25 23
36 23 4
36 4 3
36 23 22
36 22 5
36 22 21
36 21 11
36 11 10
36 10 8
36 8 6
36 8 7
36 10 9
36 21 20
36 20 12
36 20 19
36 19 18
36 18 17
36 17 16
36 16 15
36 15 14
36 14 13
36 25 24
36 28 27
36 33 32
36 32 30
36 32 31
37 31 16
37 16 12
37 12 10
37 10 3
37 3 0
37 3 2
37 2 1
37 10 9
37 9 8
37 8 5
37 5 4
37 8 7
37 7 6
37 12 11
37 16 15
37 15 13
37 15 14
37 31 30
37 30 27
37 27 17
37 27 26
37 26 25
37 25 18
37 25 24
37 24 23
37 23 21
37 21 20
37 20 19
37 23 22
37 30 29
37 29 28
38 29 0
38 29 28
38 28 27
38 27 18
38 18 17
38 17 16
38 16 1
38 16 15
38 15 6
38 6 5
38 5 3
38 3 2
38 5 4
38 15 14
38 14 13
38 13 12
38 12 11
38 11 10
38 10 9
38 9 7
38 9 8
38 27 26
38 26 25
38 25 24
38 24 23
38 23 22
38 22 20
38 20 19
38 22 21
39 34 33
39 33 31
39 31 30
39 30 9
39 9 7
39 7 1
39 1 0
39 7 6
39 6 5
39 5 4
39 4 2
39 4 3
39 9 8
39 30 29
39 29 28
39 28 26
39 26 22
39 22 12
39 12 11
39 11 10
39 22 21
39 21 17
39 17 15
39 15 13
39 15 14
39 17 16
39 21 20
39 20 19
39 19 18
39 26 25
39 25 23
39 25 24
39 28 27
39 33 32
40 32 31
40 31 30
40 30 4
40 4 0
40 4 3
40 3 1
40 3 2
40 30 29
40 29 21
40 21 10
40 10 9
40 9 7
40 7 6
40 6 5
40 9 8
40 21 20
40 20 19
40 19 15
40 15 14
40 14 12
40 12 11
40 14 13
40 19 18
40 18 17
40 17 16
40 29 28
40 28 27
40 27 26
40 26 25
40 25 24
40 24 23
40 23 22
41 33 20
41 20 14
41 14 13
41 13 7
41 7 6
41 6 4
41 4 3
41 3 2
41 2 0
41 2 1
41 6 5
41 13 12
41 12 11
41 11 8
41 11 10
41 10 9
41 20 19
41 19 18
41 18 17
41 17 15
41 17 16
41 33 32
41 32 31
41 31 24
41 24 22
41 22 21
41 24 23
41 31 30
41 30 25
41 30 29
41 29 27
41 27 26
41 29 28
42 32 0
42 32 31
42 31 23
42 23 3
42 3 1
42 3 2
42 23 22
42 22 20
42 20 4
42 20 19
42 19 18
42 18 17
42 17 15
42 15 13
42 13 12
42 12 6
42 6 5
42 12 11
42 11 10
42 10 9
42 9 7
42 9 8
42 15 14
42 17 16
42 22 21
42 31 30
42 30 26
42 26 25
42 25 24
42 30 29
42 29 27
42 29 28
43 29 25
43 25 24
43 24 12
43 12 11
43 11 1
43 1 0
43 11 10
43 10 3
43 3 2
43 10 9
43 9 4
43 9 8
43 8 5
43 8 7
43 7 6
43 24 23
43 23 21
43 21 15
43 15 13
43 15 14
43 21 20
43 20 17
43 17 16
43 20 19
43 19 18
43 23 22
43 29 28
43 28 27
43 27 26
44 29 28
44 28 0
44 28 27
44 27 3
44 3 2
44 2 1
44 27 26
44 26 9
44 9 4
44 9 8
44 8 7
44 7 5
44 7 6
44 26 25
44 25 11
44 11 10
44 25 24
44 24 12
44 24 23
44 23 13
44 23 22
44 22 21
44 21 16
44 16 14
44 16 15
44 21 20
44 20 18
44 18 17
44 20 19
45 29 28
45 28 0
45 28 27
45 27 25
45 25 2
45 2 1
45 25 24
45 24 20
45 20 3
45 20 19
45 19 18
45 18 17
45 17 16
45 16 15
45 15 13
45 13 12
45 12 11
45 11 7
45 7 5
45 5 4
45 7 6
45 11 10
45 10 9
45 9 8
45 15 14
45 24 23
45 23 22
45 22 21
45 27 26
46 34 5
46 5 0
46 5 4
46 4 3
46 3 1
46 3 2
46 34 33
46 33 31
46 31 10
46 10 9
46 9 8
46 8 6
46 8 7
46 31 30
46 30 29
46 29 12
46 12 11
46 29 28
46 28 27
46 27 26
46 26 25
46 25 24
46 24 14
46 14 13
46 24 23
46 23 22
46 22 15
46 22 21
46 21 20
46 20 16
46 20 19
46 19 18
46 18 17
46 33 32
47 30 24
47 24 23
47 23 18
47 18 16
47 16 15
47 15 13
47 13 0
47 13 12
47 12 11
47 11 4
47 4 1
47 4 3
47 3 2
47 11 10
47 10 7
47 7 5
47 7 6
47 10 9
47 9 8
47 15 14
47 18 17
47 23 22
47 22 21
47 21 19
47 21 20
47 30 29
47 29 28
47 28 25
47 28 27
47 27 26
48 32 22
48 22 0
48 22 21
48 21 1
48 21 20
48 20 19
48 19 2
48 19 18
48 18 4
48 4 3
48 18 17
48 17 16
48 16 15
48 15 14
48 14 13
48 13 12
48 12 11
48 11 5
48 11 10
48 10 8
48 8 7
48 7 6
48 10 9
48 32 31
48 31 29
48 29 27
48 27 24
48 24 23
48 27 26
48 26 25
48 29 28
48 31 30
49 34 33
49 33 32
49 32 0
49 32 31
49 31 28
49 28 1
49 28 27
49 27 25
49 25 24
49 24 23
49 23 2
49 23 22
49 22 19
49 19 18
49 18 3
49 18 17
49 17 9
49 9 8
49 8 6
49 6 5
49 5 4
49 8 7
49 17 16
49 16 10
49 16 15
49 15 14
49 14 13
49 13 12
49 12 11
49 22 21
49 21 20
49 27 26
49 31 30
49 30 29
50 32 2
50 2 0
50 2 1
50 32 31
50 31 30
50 30 29
50 29 3
50 29 28
50 28 27
50 27 6
50 6 4
50 6 5
50 27 26
50 26 13
50 13 7
50 13 12
50 12 11
50 11 9
50 9 8
50 11 10
50 26 25
50 25 24
50 24 22
50 22 21
50 21 20
50 20 18
50 18 17
50 17 14
50 17 16
50 16 15
50 20 19
50 24 23
51 31 0
51 31 30
51 30 29
51 29 28
51 28 26
51 26 4
51 4 3
51 3 2
51 2 1
51 26 25
51 25 24
51 24 23
51 23 22
51 22 5
51 22 21
51 21 9
51 9 8
51 8 6
51 8 7
51 21 20
51 20 19
51 19 16
51 16 11
51 11 10
51 16 15
51 15 14
51 14 13
51 13 12
51 19 18
51 18 17
51 28 27
52 33 28
52 28 27
52 27 24
52 24 22
52 22 1
52 1 0
52 22 21
52 21 17
52 17 3
52 3 2
52 17 16
52 16 14
52 14 10
52 10 4
52 10 9
52 9 8
52 8 5
52 8 7
52 7 6
52 14 13
52 13 12
52 12 11
52 16 15
52 21 20
52 20 19
52 19 18
52 24 23
52 27 26
52 26 25
52 33 32
52 32 31
52 31 30
52 30 29
53 29 27
53 27 26
53 26 25
53 25 19
53 19 18
53 18 16
53 16 14
53 14 0
53 14 13
53 13 11
53 11 10
53 10 8
53 8 2
53 2 1
53 8 7
53 7 6
53 6 5
53 5 4
53 4 3
53 10 9
53 13 12
53 16 15
53 18 17
53 25 24
53 24 23
53 23 22
53 22 21
53 21 20
53 29 28
54 30 16
54 16 13
54 13 0
54 13 12
54 12 8
54 8 4
54 4 1
54 4 3
54 3 2
54 8 7
54 7 6
54 6 5
54 12 11
54 11 9
54 11 10
54 16 15
54 15 14
54 30 29
54 29 18
54 18 17
54 29 28
54 28 21
54 21 19
54 21 20
54 28 27
54 27 26
54 26 23
54 23 22
54 26 25
54 25 24
55 29 27
55 27 24
55 24 23
55 23 21
55 21 19
55 19 17
55 17 10
55 10 9
55 9 8
55 8 0
55 8 7
55 7 6
55 6 4
55 4 3
55 3 2
55 2 1
55 6 5
55 17 16
55 16 14
55 14 13
55 13 11
55 13 12
55 16 15
55 19 18
55 21 20
55 23 22
55 27 26
55 26 25
55 29 28
56 33 1
56 1 0
56 33 32
56 32 3
56 3 2
56 32 31
56 31 21
56 21 4
56 21 20
56 20 5
56 20 19
56 19 18
56 18 12
56 12 11
56 11 10
56 10 6
56 10 9
56 9 8
56 8 7
56 18 17
56 17 15
56 15 14
56 14 13
56 17 16
56 31 30
56 30 29
56 29 28
56 28 25
56 25 24
56 24 23
56 23 22
56 28 27
56 27 26
57 29 0
57 29 28
57 28 1
57 28 27
57 27 6
57 6 5
57 5 2
57 5 4
57 4 3
57 27 26
57 26 7
57 26 25
57 25 22
57 22 11
57 11 8
57 11 10
57 10 9
57 22 21
57 21 20
57 20 19
57 19 12
57 19 18
57 18 16
57 16 15
57 15 13
57 15 14
57 18 17
57 25 24
57 24 23
58 29 20
58 20 19
58 19 4
58 4 2
58 2 0
58 2 1
58 4 3
58 19 18
58 18 14
58 14 12
58 12 6
58 6 5
58 12 11
58 11 10
58 10 9
58 9 8
58 8 7
58 14 13
58 18 17
58 17 15
58 17 16
58 29 28
58 28 26
58 26 24
58 24 23
58 23 22
58 22 21
58 26 25
58 28 27
59 34 32
59 32 29
59 29 0
59 29 28
59 28 2
59 2 1
59 28 27
59 27 26
59 26 24
59 24 20
59 20 19
59 19 18
59 18 3
59 18 17
59 17 16
59 16 15
59 15 13
59 13 11
59 11 6
59 6 5
59 5 4
59 11 10
59 10 9
59 9 8
59 8 7
59 13 12
59 15 14
59 24 23
59 23 21
59 23 22
59 26 25
59 32 31
59 31 30
59 34 33
60 32 30
60 30 5
60 5 4
60 4 3
60 3 0
60 3 2
60 2 1
60 30 29
60 29 28
60 28 27
60 27 6
60 27 26
60 26 25
60 25 23
60 23 22
60 22 21
60 21 20
60 20 19
60 19 18
60 18 15
60 15 14
60 14 7
60 14 13
60 13 12
60 12 10
60 10 9
60 9 8
60 12 11
60 18 17
60 17 16
60 25 24
60 32 31
61 32 31
61 31 30
61 30 29
61 29 23
61 23 22
61 22 21
61 21 20
61 20 2
61 2 0
61 2 1
61 20 19
61 19 14
61 14 13
61 13 3
61 13 12
61 12 11
61 11 4
61 11 10
61 10 7
61 7 5
61 7 6
61 10 9
61 9 8
61 19 18
61 18 16
61 16 15
61 18 17
61 29 28
61 28 27
61 27 26
61 26 25
61 25 24
62 30 28
62 28 27
62 27 26
62 26 24
62 24 2
62 2 1
62 1 0
62 24 23
62 23 14
62 14 6
62 6 5
62 5 3
62 5 4
62 14 13
62 13 12
62 12 11
62 11 9
62 9 7
62 9 8
62 11 10
62 23 22
62 22 16
62 16 15
62 22 21
62 21 20
62 20 17
62 20 19
62 19 18
62 26 25
62 30 29
63 32 6
63 6 5
63 5 4
63 4 3
63 3 1
63 1 0
63 3 2
63 32 31
63 31 8
63 8 7
63 31 30
63 30 29
63 29 27
63 27 9
63 27 26
63 26 25
63 25 10
63 25 24
63 24 18
63 18 11
63 18 17
63 17 15
63 15 14
63 14 13
63 13 12
63 17 16
63 24 23
63 23 22
63 22 21
63 21 19
63 21 20
63 29 28
64 32 30
64 30 29
64 29 0
64 29 28
64 28 2
64 2 1
64 28 27
64 27 26
64 26 23
64 23 3
64 23 22
64 22 14
64 14 11
64 11 10
64 10 4
64 10 9
64 9 6
64 6 5
64 9 8
64 8 7
64 14 13
64 13 12
64 22 21
64 21 20
64 20 17
64 17 16
64 16 15
64 20 19
64 19 18
64 26 25
64 25 24
64 32 31
65 31 30
65 30 28
65 28 4
65 4 3
65 3 2
65 2 1
65 1 0
65 28 27
65 27 5
65 27 26
65 26 25
65 25 7
65 7 6
65 25 24
65 24 23
65 23 21
65 21 20
65 20 10
65 10 8
65 10 9
65 20 19
65 19 16
65 16 15
65 15 13
65 13 12
65 12 11
65 15 14
65 19 18
65 18 17
65 23 22
65 30 29
66 31 28
66 28 25
66 25 0
66 25 24
66 24 7
66 7 3
66 3 1
66 3 2
66 7 6
66 6 5
66 5 4
66 24 23
66 23 22
66 22 13
66 13 11
66 11 9
66 9 8
66 11 10
66 13 12
66 22 21
66 21 19
66 19 18
66 18 17
66 17 14
66 17 16
66 16 15
66 21 20
66 28 27
66 27 26
66 31 30
66 30 29
67 31 26
67 26 25
67 25 22
67 22 1
67 1 0
67 22 21
67 21 20
67 20 19
67 19 7
67 7 6
67 6 4
67 4 2
67 4 3
67 6 5
67 19 18
67 18 17
67 17 8
67 17 16
67 16 11
67 11 9
67 11 10
67 16 15
67 15 14
67 14 13
67 13 12
67 25 24
67 24 23
67 31 30
67 30 29
67 29 28
67 28 27
68 31 29
68 29 15
68 15 13
68 13 8
68 8 1
68 1 0
68 8 7
68 7 6
68 6 3
68 3 2
68 6 5
68 5 4
68 13 12
68 12 11
68 11 9
68 11 10
68 15 14
68 29 28
68 28 16
68 28 27
68 27 26
68 26 17
68 26 25
68 25 24
68 24 23
68 23 19
68 19 18
68 23 22
68 22 20
68 22 21
68 31 30
69 29 5
69 5 0
69 5 4
69 4 3
69 3 1
69 3 2
69 29 28
69 28 17
69 17 6
69 17 16
69 16 7
69 16 15
69 15 14
69 14 12
69 12 9
69 9 8
69 12 11
69 11 10
69 14 13
69 28 27
69 27 22
69 22 18
69 22 21
69 21 19
69 21 20
69 27 26
69 26 25
69 25 23
69 25 24
70 31 0
70 31 30
70 30 29
70 29 28
70 28 27
70 27 24
70 24 23
70 23 19
70 19 10
70 10 9
70 9 7
70 7 6
70 6 1
70 6 5
70 5 3
70 3 2
70 5 4
70 9 8
70 19 18
70 18 11
70 18 17
70 17 16
70 16 15
70 15 14
70 14 12
70 14 13
70 23 22
70 22 20
70 22 21
70 27 26
70 26 25
71 32 1
71 1 0
71 32 31
71 31 22
71 22 21
71 21 20
71 20 18
71 18 3
71 3 2
71 18 17
71 17 5
71 5 4
71 17 16
71 16 12
71 12 11
71 11 10
71 10 9
71 9 8
71 8 7
71 7 6
71 16 15
71 15 13
71 15 14
71 20 19
71 31 30
71 30 29
71 29 27
71 27 26
71 26 25
71 25 24
71 24 23
71 29 28
72 30 29
72 29 27
72 27 22
72 22 21
72 21 13
72 13 0
72 13 12
72 12 6
72 6 1
72 6 5
72 5 4
72 4 2
72 4 3
72 12 11
72 11 10
72 10 8
72 8 7
72 10 9
72 21 20
72 20 16
72 16 14
72 16 15
72 20 19
72 19 17
72 19 18
72 27 26
72 26 25
72 25 24
72 24 23
72 29 28
73 31 2
73 2 1
73 1 0
73 31 30
73 30 3
73 30 29
73 29 5
73 5 4
73 29 28
73 28 27
73 27 24
73 24 11
73 11 6
73 11 10
73 10 9
73 9 7
73 9 8
73 24 23
73 23 20
73 20 19
73 19 18
73 18 17
73 17 15
73 15 14
73 14 12
73 14 13
73 17 16
73 23 22
73 22 21
73 27 26
73 26 25
74 29 28
74 28 27
74 27 24
74 24 23
74 23 5
74 5 4
74 4 1
74 1 0
74 4 3
74 3 2
74 23 22
74 22 8
74 8 6
74 8 7
74 22 21
74 21 20
74 20 18
74 18 11
74 11 10
74 10 9
74 18 17
74 17 16
74 16 12
74 16 15
74 15 13
74 15 14
74 20 19
74 27 26
74 26 25
75 34 13
75 13 2
75 2 0
75 2 1
75 13 12
75 12 11
75 11 10
75 10 9
75 9 7
75 7 6
75 6 3
75 6 5
75 5 4
75 9 8
75 34 33
75 33 28
75 28 27
75 27 26
75 26 25
75 25 24
75 24 22
75 22 21
75 21 17
75 17 14
75 17 16
75 16 15
75 21 20
75 20 18
75 20 19
75 24 23
75 33 32
75 32 31
75 31 29
75 31 30
76 32 31
76 31 30
76 30 29
76 29 0
76 29 28
76 28 27
76 27 22
76 22 21
76 21 1
76 21 20
76 20 19
76 19 18
76 18 17
76 17 4
76 4 3
76 3 2
76 17 16
76 16 9
76 9 8
76 8 5
76 8 7
76 7 6
76 16 15
76 15 10
76 15 14
76 14 13
76 13 11
76 13 12
76 27 26
76 26 23
76 26 25
76 25 24
77 29 1
77 1 0
77 29 28
77 28 2
77 28 27
77 27 22
77 22 21
77 21 3
77 21 20
77 20 19
77 19 13
77 13 9
77 9 8
77 8 6
77 6 5
77 5 4
77 8 7
77 13 12
77 12 10
77 12 11
77 19 18
77 18 14
77 18 17
77 17 15
77 17 16
77 27 26
77 26 23
77 26 25
77 25 24
78 31 1
78 1 0
78 31 30
78 30 6
78 6 5
78 5 4
78 4 2
78 4 3
78 30 29
78 29 7
78 29 28
78 28 15
78 15 13
78 13 12
78 12 8
78 12 11
78 11 10
78 10 9
78 15 14
78 28 27
78 27 20
78 20 16
78 20 19
78 19 17
78 19 18
78 27 26
78 26 25
78 25 23
78 23 22
78 22 21
78 25 24
79 32 29
79 29 0
79 29 28
79 28 27
79 27 26
79 26 11
79 11 8
79 8 5
79 5 3
79 3 1
79 3 2
79 5 4
79 8 7
79 7 6
79 11 10
79 10 9
79 26 25
79 25 13
79 13 12
79 25 24
79 24 23
79 23 22
79 22 15
79 15 14
79 22 21
79 21 19
79 19 18
79 18 16
79 18 17
79 21 20
79 32 31
79 31 30
80 34 33
80 33 31
80 31 7
80 7 5
80 5 4
80 4 0
80 4 3
80 3 2
80 2 1
80 7 6
80 31 30
80 30 29
80 29 8
80 29 28
80 28 27
80 27 23
80 23 22
80 22 21
80 21 19
80 19 17
80 17 9
80 17 16
80 16 14
80 14 11
80 11 10
80 14 13
80 13 12
80 16 15
80 19 18
80 21 20
80 27 26
80 26 25
80 25 24
80 33 32
81 29 28
81 28 27
81 27 0
81 27 26
81 26 25
81 25 13
81 13 12
81 12 1
81 12 11
81 11 10
81 10 2
81 10 9
81 9 3
81 9 8
81 8 7
81 7 6
81 6 5
81 5 4
81 25 24
81 24 14
81 24 23
81 23 22
81 22 15
81 22 21
81 21 17
81 17 16
81 21 20
81 20 18
81 20 19
82 31 30
82 30 29
82 29 28
82 28 27
82 27 26
82 26 1
82 1 0
82 26 25
82 25 23
82 23 20
82 20 4
82 4 2
82 4 3
82 20 19
82 19 17
82 17 15
82 15 11
82 11 5
82 11 10
82 10 9
82 9 8
82 8 6
82 8 7
82 15 14
82 14 12
82 14 13
82 17 16
82 19 18
82 23 22
82 22 21
82 25 24
83 34 32
83 32 0
83 32 31
83 31 1
83 31 30
83 30 28
83 28 27
83 27 10
83 10 7
83 7 6
83 6 4
83 4 3
83 3 2
83 6 5
83 10 9
83 9 8
83 27 26
83 26 25
83 25 15
83 15 14
83 14 12
83 12 11
83 14 13
83 25 24
83 24 16
83 24 23
83 23 22
83 22 17
83 22 21
83 21 19
83 19 18
83 21 20
83 30 29
83 34 33
84 29 3
84 3 2
84 2 0
84 2 1
84 29 28
84 28 26
84 26 25
84 25 23
84 23 4
84 23 22
84 22 21
84 21 9
84 9 8
84 8 7
84 7 5
84 7 6
84 21 20
84 20 10
84 20 19
84 19 13
84 13 11
84 13 12
84 19 18
84 18 14
84 18 17
84 17 16
84 16 15
84 25 24
84 28 27
85 32 30
85 30 17
85 17 15
85 15 9
85 9 7
85 7 6
85 6 4
85 4 2
85 2 1
85 1 0
85 4 3
85 6 5
85 9 8
85 15 14
85 14 13
85 13 12
85 12 11
85 11 10
85 17 16
85 30 29
85 29 25
85 25 24
85 24 23
85 23 22
85 22 21
85 21 20
85 20 18
85 20 19
85 29 28
85 28 27
85 27 26
85 32 31
86 30 28
86 28 27
86 27 26
86 26 17
86 17 15
86 15 0
86 15 14
86 14 13
86 13 11
86 11 1
86 11 10
86 10 9
86 9 3
86 3 2
86 9 8
86 8 7
86 7 4
86 7 6
86 6 5
86 13 12
86 17 16
86 26 25
86 25 21
86 21 19
86 19 18
86 21 20
86 25 24
86 24 23
86 23 22
86 30 29
87 29 20
87 20 8
87 8 5
87 5 4
87 4 3
87 3 0
87 3 2
87 2 1
87 8 7
87 7 6
87 20 19
87 19 18
87 18 17
87 17 9
87 17 16
87 16 15
87 15 14
87 14 10
87 14 13
87 13 11
87 13 12
87 29 28
87 28 23
87 23 22
87 22 21
87 28 27
87 27 24
87 27 26
87 26 25
88 34 33
88 33 8
88 8 0
88 8 7
88 7 2
88 2 1
88 7 6
88 6 5
88 5 4
88 4 3
88 33 32
88 32 14
88 14 12
88 12 10
88 10 9
88 12 11
88 14 13
88 32 31
88 31 29
88 29 24
88 24 15
88 24 23
88 23 22
88 22 21
88 21 19
88 19 18
88 18 16
88 18 17
88 21 20
88 29 28
88 28 26
88 26 25
88 28 27
88 31 30
89 31 30
89 30 24
89 24 1
89 1 0
89 24 23
89 23 2
89 23 22
89 22 21
89 21 20
89 20 18
89 18 17
89 17 16
89 16 3
89 16 15
89 15 14
89 14 13
89 13 12
89 12 4
89 12 11
89 11 10
89 10 9
89 9 6
89 6 5
89 9 8
89 8 7
89 20 19
89 30 29
89 29 26
89 26 25
89 29 28
89 28 27
90 32 30
90 30 28
90 28 27
90 27 26
90 26 1
90 1 0
90 26 25
90 25 3
90 3 2
90 25 24
90 24 18
90 18 17
90 17 15
90 15 14
90 14 13
90 13 12
90 12 11
90 11 4
90 11 10
90 10 5
90 10 9
90 9 8
90 8 7
90 7 6
90 17 16
90 24 23
90 23 21
90 21 19
90 21 20
90 23 22
90 30 29
90 32 31
91 33 11
91 11 10
91 10 3
91 3 2
91 2 1
91 1 0
91 10 9
91 9 6
91 6 5
91 5 4
91 9 8
91 8 7
91 33 32
91 32 31
91 31 29
91 29 28
91 28 12
91 28 27
91 27 26
91 26 18
91 18 17
91 17 13
91 17 16
91 16 15
91 15 14
91 26 25
91 25 23
91 23 19
91 23 22
91 22 20
91 22 21
91 25 24
91 31 30
92 30 29
92 29 27
92 27 3
92 3 1
92 1 0
92 3 2
92 27 26
92 26 12
92 12 4
92 12 11
92 11 6
92 6 5
92 11 10
92 10 9
92 9 7
92 9 8
92 26 25
92 25 23
92 23 22
92 22 20
92 20 15
92 15 13
92 15 14
92 20 19
92 19 18
92 18 17
92 17 16
92 22 21
92 25 24
92 29 28
93 34 33
93 33 20
93 20 19
93 19 10
93 10 9
93 9 8
93 8 7
93 7 0
93 7 6
93 6 1
93 6 5
93 5 2
93 5 4
93 4 3
93 19 18
93 18 13
93 13 11
93 13 12
93 18 17
93 17 16
93 16 15
93 15 14
93 33 32
93 32 31
93 31 24
93 24 23
93 23 22
93 22 21
93 31 30
93 30 29
93 29 28
93 28 27
93 27 25
93 27 26
94 30 5
94 5 2
94 2 1
94 1 0
94 5 4
94 4 3
94 30 29
94 29 28
94 28 26
94 26 24
94 24 23
94 23 22
94 22 21
94 21 20
94 20 19
94 19 18
94 18 16
94 16 7
94 7 6
94 16 15
94 15 13
94 13 8
94 13 12
94 12 10
94 10 9
94 12 11
94 15 14
94 18 17
94 26 25
94 28 27
95 34 17
95 17 0
95 17 16
95 16 15
95 15 3
95 3 2
95 2 1
95 15 14
95 14 4
95 14 13
95 13 6
95 6 5
95 13 12
95 12 10
95 10 7
95 10 9
95 9 8
95 12 11
95 34 33
95 33 27
95 27 25
95 25 24
95 24 18
95 24 23
95 23 19
95 23 22
95 22 21
95 21 20
95 27 26
95 33 32
95 32 30
95 30 29
95 29 28
95 32 31
96 30 3
96 3 0
96 3 2
96 2 1
96 30 29
96 29 27
96 27 24
96 24 15
96 15 4
96 15 14
96 14 11
96 11 6
96 6 5
96 11 10
96 10 9
96 9 8
96 8 7
96 14 13
96 13 12
96 24 23
96 23 22
96 22 17
96 17 16
96 22 21
96 21 20
96 20 19
96 19 18
96 27 26
96 26 25
96 29 28
97 31 17
97 17 16
97 16 1
97 1 0
97 16 15
97 15 14
97 14 5
97 5 3
97 3 2
97 5 4
97 14 13
97 13 12
97 12 9
97 9 8
97 8 6
97 8 7
97 12 11
97 11 10
97 31 30
97 30 29
97 29 23
97 23 18
97 23 22
97 22 19
97 22 21
97 21 20
97 29 28
97 28 27
97 27 26
97 26 25
97 25 24
98 34 33
98 33 16
98 16 14
98 14 13
98 13 12
98 12 3
98 3 1
98 1 0
98 3 2
98 12 11
98 11 10
98 10 9
98 9 8
98 8 4
98 8 7
98 7 6
98 6 5
98 16 15
98 33 32
98 32 30
98 30 17
98 30 29
98 29 27
98 27 25
98 25 20
98 20 19
98 19 18
98 25 24
98 24 21
98 24 23
98 23 22
98 27 26
98 29 28
98 32 31
99 31 0
99 31 30
99 30 28
99 28 26
99 26 25
99 25 23
99 23 7
99 7 1
99 7 6
99 6 5
99 5 2
99 5 4
99 4 3
99 23 22
99 22 20
99 20 13
99 13 8
99 13 12
99 12 9
99 12 11
99 11 10
99 20 19
99 19 15
99 15 14
99 19 18
99 18 16
99 18 17
99 22 21
99 25 24
99 28 27
99 30 29
100 29 25
100 25 14
100 14 12
100 12 2
100 2 0
100 2 1
100 12 11
100 11 9
100 9 8
100 8 7
100 7 6
100 6 3
100 6 5
100 5 4
100 11 10
100 14 13
100 25 24
100 24 15
100 24 23
100 23 22
100 22 21
100 21 20
100 20 16
100 20 19
100 19 17
100 19 18
100 29 28
100 28 26
100 28 27
101 31 30
101 30 29
101 29 27
101 27 26
101 26 24
101 24 23
101 23 22
101 22 10
101 10 9
101 9 1
101 1 0
101 9 8
101 8 6
101 6 5
101 5 4
101 4 3
101 3 2
101 8 7
101 22 21
101 21 20
101 20 19
101 19 12
101 12 11
101 19 18
101 18 16
101 16 13
101 16 15
101 15 14
101 18 17
101 26 25
101 29 28
