1 30 29
1 29 4
1 4 1
1 1 0
1 4 3
1 3 2
1 29 28
1 28 17
1 17 12
1 12 8
1 8 6
1 6 5
1 8 7
1 12 11
1 11 9
1 11 10
1 17 16
1 16 14
1 14 13
1 16 15
1 28 27
1 27 26
1 26 18
1 26 25
1 25 24
1 24 23
1 23 19
1 23 22
1 22 21
1 21 20
2 29 4
2 4 2
2 2 1
2 1 0
2 4 3
2 29 28
2 28 20
2 20 11
2 11 10
2 10 8
2 8 7
2 7 6
2 6 5
2 10 9
2 20 19
2 19 18
2 18 17
2 17 14
2 14 13
2 13 12
2 17 16
2 16 15
2 28 27
2 27 21
2 27 26
2 26 23
2 23 22
2 26 25
2 25 24
3 30 0
3 30 29
3 29 16
3 16 2
3 2 1
3 16 15
3 15 5
3 5 3
3 5 4
3 15 14
3 14 12
3 12 11
3 11 10
3 10 9
3 9 8
3 8 6
3 8 7
3 14 13
3 29 28
3 28 27
3 27 17
3 27 26
3 26 25
3 25 23
3 23 22
3 22 21
3 21 18
3 21 20
3 20 19
3 25 24
4 31 0
4 31 30
4 30 28
4 28 21
4 21 4
4 4 3
4 3 2
4 2 1
4 21 20
4 20 19
4 19 7
4 7 6
4 6 5
4 19 18
4 18 8
4 18 17
4 17 16
4 16 15
4 15 11
4 11 10
4 10 9
4 15 14
4 14 12
4 14 13
4 28 27
4 27 24
4 24 22
4 24 23
4 27 26
4 26 25
4 30 29
5 31 29
5 29 25
5 25 1
5 1 0
5 25 24
5 24 20
5 20 16
5 16 15
5 15 14
5 14 9
5 9 8
5 8 7
5 7 5
5 5 4
5 4 3
5 3 2
5 7 6
5 14 13
5 13 12
5 12 11
5 11 10
5 20 19
5 19 17
5 19 18
5 24 23
5 23 21
5 23 22
5 29 28
5 28 26
5 28 27
5 31 30
6 32 31
6 31 25
6 25 4
6 4 0
6 4 3
6 3 1
6 3 2
6 25 24
6 24 23
6 23 21
6 21 13
6 13 12
6 12 6
6 6 5
6 12 11
6 11 10
6 10 9
6 9 7
6 9 8
6 21 20
6 20 19
6 19 15
6 15 14
6 19 18
6 18 16
6 18 17
6 23 22
6 31 30
6 30 29
6 29 28
6 28 26
6 28 27
7 31 30
7 30 1
7 1 0
7 30 29
7 29 28
7 28 5
7 5 4
7 4 2
7 4 3
7 28 27
7 27 9
7 9 7
7 7 6
7 9 8
7 27 26
7 26 25
7 25 21
7 21 18
7 18 17
7 17 16
7 16 14
7 14 13
7 13 11
7 11 10
7 13 12
7 16 15
7 21 20
7 20 19
7 25 24
7 24 23
7 23 22
8 33 0
8 33 32
8 32 29
8 29 28
8 28 25
8 25 22
8 22 20
8 20 18
8 18 1
8 18 17
8 17 15
8 15 2
8 15 14
8 14 7
8 7 6
8 6 4
8 4 3
8 6 5
8 14 13
8 13 12
8 12 11
8 11 10
8 10 9
8 9 8
8 17 16
8 20 19
8 22 21
8 25 24
8 24 23
8 28 27
8 27 26
8 32 31
8 31 30
9 32 31
9 31 22
9 22 21
9 21 17
9 17 16
9 16 15
9 15 1
9 1 0
9 15 14
9 14 11
9 11 10
9 10 8
9 8 7
9 7 6
9 6 5
9 5 3
9 3 2
9 5 4
9 10 9
9 14 13
9 13 12
9 21 20
9 20 18
9 20 19
9 31 30
9 30 27
9 27 26
9 26 25
9 25 23
9 25 24
9 30 29
9 29 28
10 30 29
10 29 24
10 24 17
10 17 16
10 16 14
10 14 13
10 13 9
10 9 8
10 8 1
10 1 0
10 8 7
10 7 3
10 3 2
10 7 6
10 6 4
10 6 5
10 13 12
10 12 11
10 11 10
10 16 15
10 24 23
10 23 18
10 23 22
10 22 21
10 21 19
10 21 20
10 29 28
10 28 26
10 26 25
10 28 27
11 33 32
11 32 30
11 30 28
11 28 0
11 28 27
11 27 25
11 25 7
11 7 6
11 6 5
11 5 3
11 3 2
11 2 1
11 5 4
11 25 24
11 24 8
11 24 23
11 23 18
11 18 17
11 17 15
11 15 10
11 10 9
11 15 14
11 14 11
11 14 13
11 13 12
11 17 16
11 23 22
11 22 21
11 21 20
11 20 19
11 27 26
11 30 29
11 32 31
12 30 26
12 26 25
12 25 21
12 21 17
12 17 16
12 16 15
12 15 3
12 3 2
12 2 1
12 1 0
12 15 14
12 14 5
12 5 4
12 14 13
12 13 12
12 12 11
12 11 10
12 10 9
12 9 7
12 7 6
12 9 8
12 21 20
12 20 18
12 20 19
12 25 24
12 24 23
12 23 22
12 30 29
12 29 27
12 29 28
13 33 4
13 4 3
13 3 2
13 2 0
13 2 1
13 33 32
13 32 10
13 10 9
13 9 7
13 7 5
13 7 6
13 9 8
13 32 31
13 31 30
13 30 28
13 28 27
13 27 26
13 26 12
13 12 11
13 26 25
13 25 24
13 24 23
13 23 22
13 22 21
13 21 15
13 15 14
13 14 13
13 21 20
13 20 19
13 19 16
13 19 18
13 18 17
13 30 29
14 29 28
14 28 26
14 26 25
14 25 23
14 23 21
14 21 5
14 5 4
14 4 1
14 1 0
14 4 3
14 3 2
14 21 20
14 20 19
14 19 18
14 18 9
14 9 6
14 9 8
14 8 7
14 18 17
14 17 14
14 14 10
14 14 13
14 13 11
14 13 12
14 17 16
14 16 15
14 23 22
14 25 24
14 28 27
15 33 6
15 6 3
15 3 2
15 2 1
15 1 0
15 6 5
15 5 4
15 33 32
15 32 31
15 31 30
15 30 29
15 29 13
15 13 12
15 12 11
15 11 9
15 9 7
15 9 8
15 11 10
15 29 28
15 28 17
15 17 16
15 16 15
15 15 14
15 28 27
15 27 26
15 26 25
15 25 21
15 21 19
15 19 18
15 21 20
15 25 24
15 24 22
15 24 23
16 33 32
16 32 31
16 31 30
16 30 28
16 28 0
16 28 27
16 27 26
16 26 2
16 2 1
16 26 25
16 25 24
16 24 23
16 23 22
16 22 21
16 21 4
16 4 3
16 21 20
16 20 13
16 13 7
16 7 5
16 7 6
16 13 12
16 12 11
16 11 9
16 9 8
16 11 10
16 20 19
16 19 15
16 15 14
16 19 18
16 18 17
16 17 16
16 30 29
17 33 31
17 31 29
17 29 25
17 25 23
17 23 0
17 23 22
17 22 21
17 21 3
17 3 2
17 2 1
17 21 20
17 20 19
17 19 18
17 18 5
17 5 4
17 18 17
17 17 16
17 16 15
17 15 14
17 14 8
17 8 6
17 8 7
17 14 13
17 13 9
17 13 12
17 12 10
17 12 11
17 25 24
17 29 28
17 28 26
17 28 27
17 31 30
17 33 32
18 29 7
18 7 5
18 5 0
18 5 4
18 4 1
18 4 3
18 3 2
18 7 6
18 29 28
18 28 26
18 26 12
18 12 10
18 10 9
18 9 8
18 12 11
18 26 25
18 25 13
18 25 24
18 24 23
18 23 14
18 23 22
18 22 15
18 22 21
18 21 20
18 20 19
18 19 17
18 17 16
18 19 18
18 28 27
19 31 25
19 25 10
19 10 9
19 9 0
19 9 8
19 8 3
19 3 1
19 3 2
19 8 7
19 7 4
19 7 6
19 6 5
19 25 24
19 24 22
19 22 18
19 18 11
19 18 17
19 17 16
19 16 12
19 16 15
19 15 13
19 15 14
19 22 21
19 21 20
19 20 19
19 24 23
19 31 30
19 30 29
19 29 28
19 28 26
19 28 27
20 31 10
20 10 9
20 9 0
20 9 8
20 8 7
20 7 6
20 6 4
20 4 1
20 4 3
20 3 2
20 6 5
20 31 30
20 30 29
20 29 27
20 27 25
20 25 24
20 24 22
20 22 14
20 14 13
20 13 11
20 13 12
20 22 21
20 21 20
20 20 18
20 18 17
20 17 16
20 16 15
20 20 19
20 24 23
20 27 26
20 29 28
21 34 33
21 33 32
21 32 13
21 13 9
21 9 1
21 1 0
21 9 8
21 8 7
21 7 6
21 6 5
21 5 4
21 4 2
21 4 3
21 13 12
21 12 11
21 11 10
21 32 31
21 31 21
21 21 19
21 19 17
21 17 15
21 15 14
21 17 16
21 19 18
21 21 20
21 31 30
21 30 23
21 23 22
21 30 29
21 29 24
21 29 28
21 28 26
21 26 25
21 28 27
22 29 1
22 1 0
22 29 28
22 28 27
22 27 2
22 27 26
22 26 25
22 25 23
22 23 21
22 21 20
22 20 13
22 13 12
22 12 4
22 4 3
22 12 11
22 11 7
22 7 6
22 6 5
22 11 10
22 10 8
22 10 9
22 20 19
22 19 18
22 18 17
22 17 16
22 16 15
22 15 14
22 23 22
22 25 24
23 31 0
23 31 30
23 30 29
23 29 25
23 25 24
23 24 3
23 3 1
23 3 2
23 24 23
23 23 5
23 5 4
23 23 22
23 22 14
23 14 9
23 9 8
23 8 6
23 8 7
23 14 13
23 13 12
23 12 10
23 12 11
23 22 21
23 21 17
23 17 16
23 16 15
23 21 20
23 20 18
23 20 19
23 29 28
23 28 26
23 28 27
24 29 4
24 4 3
24 3 0
24 3 2
24 2 1
24 29 28
24 28 5
24 28 27
24 27 26
24 26 24
24 24 22
24 22 6
24 22 21
24 21 8
24 8 7
24 21 20
24 20 9
24 20 19
24 19 17
24 17 10
24 17 16
24 16 11
24 16 15
24 15 14
24 14 13
24 13 12
24 19 18
24 24 23
24 26 25
25 33 32
25 32 27
25 27 26
25 26 0
25 26 25
25 25 22
25 22 21
25 21 18
25 18 17
25 17 16
25 16 15
25 15 2
25 2 1
25 15 14
25 14 9
25 9 7
25 7 6
25 6 5
25 5 4
25 4 3
25 9 8
25 14 13
25 13 12
25 12 11
25 11 10
25 21 20
25 20 19
25 25 24
25 24 23
25 32 31
25 31 30
25 30 29
25 29 28
26 29 1
26 1 0
26 29 28
26 28 27
26 27 5
26 5 3
26 3 2
26 5 4
26 27 26
26 26 6
26 26 25
26 25 23
26 23 22
26 22 21
26 21 20
26 20 14
26 14 12
26 12 7
26 12 11
26 11 10
26 10 9
26 9 8
26 14 13
26 20 19
26 19 15
26 19 18
26 18 17
26 17 16
26 25 24
27 33 3
27 3 2
27 2 1
27 1 0
27 33 32
27 32 9
27 9 4
27 9 8
27 8 6
27 6 5
27 8 7
27 32 31
27 31 30
27 30 11
27 11 10
27 30 29
27 29 19
27 19 18
27 18 17
27 17 15
27 15 14
27 14 12
27 14 13
27 17 16
27 29 28
27 28 27
27 27 20
27 27 26
27 26 24
27 24 23
27 23 22
27 22 21
27 26 25
28 34 0
28 34 33
28 33 30
28 30 7
28 7 6
28 6 5
28 5 1
28 5 4
28 4 2
28 4 3
28 30 29
28 29 9
28 9 8
28 29 28
28 28 27
28 27 17
28 17 15
28 15 13
28 13 10
28 13 12
28 12 11
28 15 14
28 17 16
28 27 26
28 26 25
28 25 24
28 24 23
28 23 22
28 22 21
28 21 19
28 19 18
28 21 20
28 33 32
28 32 31
29 31 29
29 29 0
29 29 28
29 28 22
29 22 1
29 22 21
29 21 20
29 20 19
29 19 2
29 19 18
29 18 14
29 14 13
29 13 3
29 13 12
29 12 10
29 10 9
29 9 8
29 8 4
29 8 7
29 7 5
29 7 6
29 12 11
29 18 17
29 17 15
29 17 16
29 28 27
29 27 26
29 26 24
29 24 23
29 26 25
29 31 30
30 33 32
30 32 31
30 31 25
30 25 23
30 23 22
30 22 21
30 21 20
30 20 0
30 20 19
30 19 18
30 18 17
30 17 16
30 16 15
30 15 1
30 15 14
30 14 13
30 13 2
30 13 12
30 12 11
30 11 10
30 10 8
30 8 7
30 7 6
30 6 3
30 6 5
30 5 4
30 10 9
30 25 24
30 31 30
30 30 29
30 29 27
30 27 26
30 29 28
31 32 31
31 31 27
31 27 26
31 26 2
31 2 1
31 1 0
31 26 25
31 25 23
31 23 20
31 20 19
31 19 3
31 19 18
31 18 6
31 6 5
31 5 4
31 18 17
31 17 14
31 14 12
31 12 10
31 10 9
31 9 7
31 9 8
31 12 11
31 14 13
31 17 16
31 16 15
31 23 22
31 22 21
31 25 24
31 31 30
31 30 28
31 30 29
32 30 28
32 28 4
32 4 2
32 2 0
32 2 1
32 4 3
32 28 27
32 27 25
32 25 8
32 8 6
32 6 5
32 8 7
32 25 24
32 24 14
32 14 12
32 12 11
32 11 10
32 10 9
32 14 13
32 24 23
32 23 15
32 23 22
32 22 19
32 19 18
32 18 17
32 17 16
32 22 21
32 21 20
32 27 26
32 30 29
33 34 33
33 33 31
33 31 7
33 7 6
33 6 0
33 6 5
33 5 2
33 2 1
33 5 4
33 4 3
33 31 30
33 30 10
33 10 9
33 9 8
33 30 29
33 29 27
33 27 14
33 14 12
33 12 11
33 14 13
33 27 26
33 26 22
33 22 15
33 22 21
33 21 20
33 20 17
33 17 16
33 20 19
33 19 18
33 26 25
33 25 23
33 25 24
33 29 28
33 33 32
34 34 33
34 33 32
34 32 30
34 30 17
34 17 16
34 16 15
34 15 1
34 1 0
34 15 14
34 14 9
34 9 8
34 8 4
34 4 2
34 4 3
34 8 7
34 7 6
34 6 5
34 14 13
34 13 11
34 11 10
34 13 12
34 30 29
34 29 18
34 29 28
34 28 26
34 26 25
34 25 19
34 25 24
34 24 21
34 21 20
34 24 23
34 23 22
34 28 27
34 32 31
35 30 0
35 30 29
35 29 1
35 29 28
35 28 27
35 27 18
35 18 2
35 18 17
35 17 16
35 16 13
35 13 11
35 11 10
35 10 9
35 9 8
35 8 3
35 8 7
35 7 6
35 6 5
35 5 4
35 13 12
35 16 15
35 15 14
35 27 26
35 26 19
35 26 25
35 25 20
35 25 24
35 24 22
35 22 21
35 24 23
36 31 30
36 30 29
36 29 25
36 25 24
36 24 22
36 22 21
36 21 0
36 21 20
36 20 19
36 19 1
36 19 18
36 18 4
36 4 2
36 4 3
36 18 17
36 17 15
36 15 5
36 15 14
36 14 13
36 13 11
36 11 9
36 9 6
36 9 8
36 8 7
36 11 10
36 13 12
36 17 16
36 24 23
36 29 28
36 28 26
36 28 27
37 31 3
37 3 2
37 2 0
37 2 1
37 31 30
37 30 28
37 28 4
37 28 27
37 27 7
37 7 5
37 7 6
37 27 26
37 26 19
37 19 9
37 9 8
37 19 18
37 18 16
37 16 12
37 12 11
37 11 10
37 16 15
37 15 14
37 14 13
37 18 17
37 26 25
37 25 23
37 23 20
37 23 22
37 22 21
37 25 24
37 30 29
38 31 30
38 30 24
38 24 4
38 4 0
38 4 3
38 3 1
38 3 2
38 24 23
38 23 9
38 9 8
38 8 7
38 7 5
38 7 6
38 23 22
38 22 20
38 20 11
38 11 10
38 20 19
38 19 12
38 19 18
38 18 17
38 17 13
38 17 16
38 16 14
38 16 15
38 22 21
38 30 29
38 29 28
38 28 25
38 28 27
38 27 26
39 29 15
39 15 0
39 15 14
39 14 6
39 6 4
39 4 3
39 3 2
39 2 1
39 6 5
39 14 13
39 13 8
39 8 7
39 13 12
39 12 11
39 11 9
39 11 10
39 29 28
39 28 27
39 27 26
39 26 20
39 20 19
39 19 16
39 19 18
39 18 17
39 26 25
39 25 21
39 25 24
39 24 22
39 24 23
40 33 29
40 29 26
40 26 25
40 25 23
40 23 21
40 21 9
40 9 1
40 1 0
40 9 8
40 8 3
40 3 2
40 8 7
40 7 5
40 5 4
40 7 6
40 21 20
40 20 11
40 11 10
40 20 19
40 19 18
40 18 13
40 13 12
40 18 17
40 17 14
40 17 16
40 16 15
40 23 22
40 25 24
40 29 28
40 28 27
40 33 32
40 32 31
40 31 30
41 33 29
41 29 24
41 24 21
41 21 20
41 20 5
41 5 4
41 4 1
41 1 0
41 4 3
41 3 2
41 20 19
41 19 18
41 18 17
41 17 15
41 15 14
41 14 13
41 13 12
41 12 11
41 11 10
41 10 9
41 9 7
41 7 6
41 9 8
41 17 16
41 24 23
41 23 22
41 29 28
41 28 25
41 28 27
41 27 26
41 33 32
41 32 30
41 32 31
42 32 31
42 31 0
42 31 30
42 30 28
42 28 10
42 10 9
42 9 3
42 3 2
42 2 1
42 9 8
42 8 7
42 7 4
42 7 6
42 6 5
42 28 27
42 27 19
42 19 16
42 16 11
42 16 15
42 15 13
42 13 12
42 15 14
42 19 18
42 18 17
42 27 26
42 26 20
42 26 25
42 25 21
42 25 24
42 24 23
42 23 22
42 30 29
43 31 0
43 31 30
43 30 29
43 29 28
43 28 21
43 21 20
43 20 4
43 4 3
43 3 2
43 2 1
43 20 19
43 19 5
43 19 18
43 18 14
43 14 13
43 13 11
43 11 10
43 10 9
43 9 8
43 8 6
43 8 7
43 13 12
43 18 17
43 17 16
43 16 15
43 28 27
43 27 24
43 24 22
43 24 23
43 27 26
43 26 25
44 33 7
44 7 4
44 4 0
44 4 3
44 3 1
44 3 2
44 7 6
44 6 5
44 33 32
44 32 9
44 9 8
44 32 31
44 31 13
44 13 11
44 11 10
44 13 12
44 31 30
44 30 14
44 30 29
44 29 28
44 28 26
44 26 25
44 25 24
44 24 23
44 23 22
44 22 18
44 18 15
44 18 17
44 17 16
44 22 21
44 21 19
44 21 20
44 28 27
45 32 20
45 20 19
45 19 2
45 2 0
45 2 1
45 19 18
45 18 3
45 18 17
45 17 6
45 6 4
45 6 5
45 17 16
45 16 14
45 14 8
45 8 7
45 14 13
45 13 11
45 11 9
45 11 10
45 13 12
45 16 15
45 32 31
45 31 21
45 31 30
45 30 22
45 30 29
45 29 23
45 29 28
45 28 26
45 26 24
45 26 25
45 28 27
46 34 33
46 33 32
46 32 31
46 31 4
46 4 3
46 3 1
46 1 0
46 3 2
46 31 30
46 30 23
46 23 22
46 22 5
46 22 21
46 21 6
46 21 20
46 20 11
46 11 10
46 10 7
46 10 9
46 9 8
46 20 19
46 19 17
46 17 16
46 16 12
46 16 15
46 15 14
46 14 13
46 19 18
46 30 29
46 29 28
46 28 24
46 28 27
46 27 25
46 27 26
47 29 1
47 1 0
47 29 28
47 28 4
47 4 2
47 4 3
47 28 27
47 27 24
47 24 23
47 23 20
47 20 19
47 19 5
47 19 18
47 18 8
47 8 6
47 8 7
47 18 17
47 17 16
47 16 14
47 14 13
47 13 9
47 13 12
47 12 10
47 12 11
47 16 15
47 23 22
47 22 21
47 27 26
47 26 25
48 31 30
48 30 29
48 29 27
48 27 26
48 26 9
48 9 1
48 1 0
48 9 8
48 8 3
48 3 2
48 8 7
48 7 6
48 6 5
48 5 4
48 26 25
48 25 23
48 23 22
48 22 15
48 15 11
48 11 10
48 15 14
48 14 13
48 13 12
48 22 21
48 21 19
48 19 18
48 18 16
48 18 17
48 21 20
48 25 24
48 29 28
49 34 19
49 19 18
49 18 15
49 15 14
49 14 5
49 5 4
49 4 3
49 3 0
49 3 2
49 2 1
49 14 13
49 13 11
49 11 10
49 10 6
49 10 9
49 9 7
49 9 8
49 13 12
49 18 17
49 17 16
49 34 33
49 33 32
49 32 28
49 28 26
49 26 21
49 21 20
49 26 25
49 25 24
49 24 23
49 23 22
49 28 27
49 32 31
49 31 29
49 31 30
50 32 31
50 31 0
50 31 30
50 30 25
50 25 7
50 7 6
50 6 5
50 5 3
50 3 1
50 3 2
50 5 4
50 25 24
50 24 10
50 10 9
50 9 8
50 24 23
50 23 21
50 21 13
50 13 12
50 12 11
50 21 20
50 20 19
50 19 15
50 15 14
50 19 18
50 18 16
50 18 17
50 23 22
50 30 29
50 29 28
50 28 26
50 28 27
51 34 28
51 28 0
51 28 27
51 27 6
51 6 4
51 4 3
51 3 1
51 3 2
51 6 5
51 27 26
51 26 10
51 10 7
51 10 9
51 9 8
51 26 25
51 25 19
51 19 11
51 19 18
51 18 16
51 16 15
51 15 12
51 15 14
51 14 13
51 18 17
51 25 24
51 24 22
51 22 20
51 22 21
51 24 23
51 34 33
51 33 32
51 32 31
51 31 29
51 31 30
52 31 7
52 7 5
52 5 4
52 4 2
52 2 0
52 2 1
52 4 3
52 7 6
52 31 30
52 30 28
52 28 27
52 27 24
52 24 8
52 24 23
52 23 21
52 21 20
52 20 18
52 18 17
52 17 16
52 16 15
52 15 12
52 12 11
52 11 9
52 11 10
52 15 14
52 14 13
52 20 19
52 23 22
52 27 26
52 26 25
52 30 29
53 31 29
53 29 27
53 27 26
53 26 25
53 25 24
53 24 23
53 23 20
53 20 0
53 20 19
53 19 17
53 17 16
53 16 2
53 2 1
53 16 15
53 15 14
53 14 13
53 13 12
53 12 11
53 11 10
53 10 9
53 9 8
53 8 7
53 7 5
53 5 4
53 4 3
53 7 6
53 19 18
53 23 22
53 22 21
53 29 28
53 31 30
54 32 31
54 31 22
54 22 12
54 12 8
54 8 6
54 6 4
54 4 3
54 3 0
54 3 2
54 2 1
54 6 5
54 8 7
54 12 11
54 11 10
54 10 9
54 22 21
54 21 20
54 20 19
54 19 18
54 18 15
54 15 14
54 14 13
54 18 17
54 17 16
54 31 30
54 30 29
54 29 23
54 29 28
54 28 24
54 28 27
54 27 25
54 27 26
55 30 28
55 28 26
55 26 24
55 24 13
55 13 12
55 12 11
55 11 10
55 10 9
55 9 4
55 4 0
55 4 3
55 3 1
55 3 2
55 9 8
55 8 7
55 7 6
55 6 5
55 24 23
55 23 15
55 15 14
55 23 22
55 22 21
55 21 20
55 20 18
55 18 16
55 18 17
55 20 19
55 26 25
55 28 27
55 30 29
56 29 19
56 19 5
56 5 1
56 1 0
56 5 4
56 4 2
56 4 3
56 19 18
56 18 16
56 16 15
56 15 14
56 14 13
56 13 9
56 9 7
56 7 6
56 9 8
56 13 12
56 12 11
56 11 10
56 18 17
56 29 28
56 28 26
56 26 22
56 22 21
56 21 20
56 26 25
56 25 23
56 25 24
56 28 27
57 34 33
57 33 1
57 1 0
57 33 32
57 32 12
57 12 11
57 11 9
57 9 3
57 3 2
57 9 8
57 8 4
57 8 7
57 7 6
57 6 5
57 11 10
57 32 31
57 31 13
57 31 30
57 30 28
57 28 14
57 28 27
57 27 26
57 26 20
57 20 19
57 19 18
57 18 15
57 18 17
57 17 16
57 26 25
57 25 24
57 24 21
57 24 23
57 23 22
57 30 29
58 34 30
58 30 29
58 29 0
58 29 28
58 28 27
58 27 26
58 26 16
58 16 15
58 15 2
58 2 1
58 15 14
58 14 3
58 14 13
58 13 12
58 12 4
58 12 11
58 11 10
58 10 8
58 8 7
58 7 6
58 6 5
58 10 9
58 26 25
58 25 21
58 21 20
58 20 18
58 18 17
58 20 19
58 25 24
58 24 22
58 24 23
58 34 33
58 33 32
58 32 31
59 31 0
59 31 30
59 30 28
59 28 26
59 26 4
59 4 2
59 2 1
59 4 3
59 26 25
59 25 6
59 6 5
59 25 24
59 24 8
59 8 7
59 24 23
59 23 20
59 20 9
59 20 19
59 19 10
59 19 18
59 18 15
59 15 14
59 14 13
59 13 11
59 13 12
59 18 17
59 17 16
59 23 22
59 22 21
59 28 27
59 30 29
60 34 32
60 32 31
60 31 0
60 31 30
60 30 29
60 29 28
60 28 1
60 28 27
60 27 25
60 25 19
60 19 18
60 18 17
60 17 14
60 14 3
60 3 2
60 14 13
60 13 11
60 11 4
60 11 10
60 10 8
60 8 7
60 7 6
60 6 5
60 10 9
60 13 12
60 17 16
60 16 15
60 25 24
60 24 23
60 23 22
60 22 21
60 21 20
60 27 26
60 34 33
61 29 28
61 28 20
61 20 0
61 20 19
61 19 16
61 16 1
61 16 15
61 15 14
61 14 13
61 13 12
61 12 11
61 11 10
61 10 5
61 5 4
61 4 3
61 3 2
61 10 9
61 9 6
61 9 8
61 8 7
61 19 18
61 18 17
61 28 27
61 27 25
61 25 22
61 22 21
61 25 24
61 24 23
61 27 26
62 29 28
62 28 27
62 27 21
62 21 17
62 17 1
62 1 0
62 17 16
62 16 12
62 12 11
62 11 10
62 10 8
62 8 7
62 7 2
62 7 6
62 6 3
62 6 5
62 5 4
62 10 9
62 16 15
62 15 14
62 14 13
62 21 20
62 20 18
62 20 19
62 27 26
62 26 23
62 23 22
62 26 25
62 25 24
63 29 27
63 27 26
63 26 25
63 25 0
63 25 24
63 24 23
63 23 22
63 22 13
63 13 12
63 12 11
63 11 10
63 10 9
63 9 4
63 4 3
63 3 2
63 2 1
63 9 8
63 8 7
63 7 6
63 6 5
63 22 21
63 21 16
63 16 14
63 16 15
63 21 20
63 20 19
63 19 18
63 18 17
63 29 28
64 33 32
64 32 2
64 2 1
64 1 0
64 32 31
64 31 26
64 26 25
64 25 7
64 7 6
64 6 4
64 4 3
64 6 5
64 25 24
64 24 8
64 24 23
64 23 20
64 20 18
64 18 11
64 11 10
64 10 9
64 18 17
64 17 13
64 13 12
64 17 16
64 16 15
64 15 14
64 20 19
64 23 22
64 22 21
64 31 30
64 30 29
64 29 27
64 29 28
65 32 30
65 30 0
65 30 29
65 29 11
65 11 1
65 11 10
65 10 3
65 3 2
65 10 9
65 9 7
65 7 6
65 6 4
65 6 5
65 9 8
65 29 28
65 28 27
65 27 26
65 26 24
65 24 23
65 23 22
65 22 16
65 16 13
65 13 12
65 16 15
65 15 14
65 22 21
65 21 17
65 21 20
65 20 19
65 19 18
65 26 25
65 32 31
66 30 28
66 28 27
66 27 26
66 26 0
66 26 25
66 25 24
66 24 9
66 9 1
66 9 8
66 8 2
66 8 7
66 7 6
66 6 5
66 5 3
66 5 4
66 24 23
66 23 21
66 21 20
66 20 18
66 18 17
66 17 16
66 16 15
66 15 12
66 12 11
66 11 10
66 15 14
66 14 13
66 20 19
66 23 22
66 30 29
67 30 24
67 24 23
67 23 22
67 22 2
67 2 0
67 2 1
67 22 21
67 21 3
67 21 20
67 20 4
67 20 19
67 19 7
67 7 5
67 7 6
67 19 18
67 18 9
67 9 8
67 18 17
67 17 10
67 17 16
67 16 14
67 14 12
67 12 11
67 14 13
67 16 15
67 30 29
67 29 28
67 28 27
67 27 25
67 27 26
68 31 24
68 24 22
68 22 21
68 21 20
68 20 0
68 20 19
68 19 16
68 16 15
68 15 14
68 14 12
68 12 11
68 11 10
68 10 8
68 8 7
68 7 3
68 3 2
68 2 1
68 7 6
68 6 5
68 5 4
68 10 9
68 14 13
68 19 18
68 18 17
68 24 23
68 31 30
68 30 28
68 28 26
68 26 25
68 28 27
68 30 29
69 29 22
69 22 2
69 2 1
69 1 0
69 22 21
69 21 13
69 13 7
69 7 6
69 6 5
69 5 3
69 5 4
69 13 12
69 12 10
69 10 8
69 10 9
69 12 11
69 21 20
69 20 15
69 15 14
69 20 19
69 19 16
69 19 18
69 18 17
69 29 28
69 28 24
69 24 23
69 28 27
69 27 26
69 26 25
70 29 18
70 18 14
70 14 5
70 5 3
70 3 2
70 2 0
70 2 1
70 5 4
70 14 13
70 13 6
70 13 12
70 12 11
70 11 10
70 10 7
70 10 9
70 9 8
70 18 17
70 17 15
70 17 16
70 29 28
70 28 19
70 28 27
70 27 26
70 26 23
70 23 22
70 22 21
70 21 20
70 26 25
70 25 24
71 33 32
71 32 1
71 1 0
71 32 31
71 31 29
71 29 28
71 28 2
71 28 27
71 27 26
71 26 13
71 13 12
71 12 11
71 11 10
71 10 9
71 9 7
71 7 3
71 7 6
71 6 4
71 6 5
71 9 8
71 26 25
71 25 24
71 24 21
71 21 20
71 20 19
71 19 18
71 18 14
71 18 17
71 17 16
71 16 15
71 24 23
71 23 22
71 31 30
72 32 18
72 18 2
72 2 0
72 2 1
72 18 17
72 17 3
72 17 16
72 16 4
72 16 15
72 15 11
72 11 5
72 11 10
72 10 6
72 10 9
72 9 7
72 9 8
72 15 14
72 14 13
72 13 12
72 32 31
72 31 19
72 31 30
72 30 28
72 28 27
72 27 26
72 26 22
72 22 21
72 21 20
72 26 25
72 25 23
72 25 24
72 30 29
73 33 32
73 32 21
73 21 5
73 5 4
73 4 3
73 3 2
73 2 0
73 2 1
73 21 20
73 20 9
73 9 8
73 8 7
73 7 6
73 20 19
73 19 14
73 14 10
73 14 13
73 13 12
73 12 11
73 19 18
73 18 16
73 16 15
73 18 17
73 32 31
73 31 30
73 30 27
73 27 25
73 25 24
73 24 22
73 24 23
73 27 26
73 30 29
73 29 28
74 34 22
74 22 21
74 21 12
74 12 10
74 10 8
74 8 7
74 7 4
74 4 0
74 4 3
74 3 1
74 3 2
74 7 6
74 6 5
74 10 9
74 12 11
74 21 20
74 20 18
74 18 13
74 18 17
74 17 16
74 16 15
74 15 14
74 20 19
74 34 33
74 33 32
74 32 31
74 31 29
74 29 28
74 28 23
74 28 27
74 27 26
74 26 24
74 26 25
74 31 30
75 32 31
75 31 30
75 30 28
75 28 25
75 25 24
75 24 0
75 24 23
75 23 20
75 20 6
75 6 1
75 6 5
75 5 4
75 4 3
75 3 2
75 20 19
75 19 12
75 12 11
75 11 8
75 8 7
75 11 10
75 10 9
75 19 18
75 18 14
75 14 13
75 18 17
75 17 16
75 16 15
75 23 22
75 22 21
75 28 27
75 27 26
75 30 29
76 31 1
76 1 0
76 31 30
76 30 27
76 27 2
76 27 26
76 26 24
76 24 22
76 22 21
76 21 6
76 6 5
76 5 4
76 4 3
76 21 20
76 20 9
76 9 7
76 9 8
76 20 19
76 19 11
76 11 10
76 19 18
76 18 12
76 18 17
76 17 13
76 17 16
76 16 15
76 15 14
76 24 23
76 26 25
76 30 29
76 29 28
77 29 27
77 27 14
77 14 12
77 12 0
77 12 11
77 11 9
77 9 8
77 8 1
77 8 7
77 7 5
77 5 2
77 5 4
77 4 3
77 7 6
77 11 10
77 14 13
77 27 26
77 26 25
77 25 24
77 24 23
77 23 15
77 23 22
77 22 20
77 20 19
77 19 18
77 18 17
77 17 16
77 22 21
77 29 28
78 33 2
78 2 0
78 2 1
78 33 32
78 32 22
78 22 10
78 10 8
78 8 6
78 6 5
78 5 3
78 5 4
78 8 7
78 10 9
78 22 21
78 21 11
78 21 20
78 20 15
78 15 13
78 13 12
78 15 14
78 20 19
78 19 16
78 19 18
78 18 17
78 32 31
78 31 28
78 28 26
78 26 23
78 26 25
78 25 24
78 28 27
78 31 30
78 30 29
79 32 24
79 24 23
79 23 22
79 22 20
79 20 19
79 19 17
79 17 3
79 3 2
79 2 1
79 1 0
79 17 16
79 16 15
79 15 10
79 10 9
79 9 4
79 9 8
79 8 5
79 8 7
79 7 6
79 15 14
79 14 11
79 14 13
79 13 12
79 19 18
79 22 21
79 32 31
79 31 29
79 29 27
79 27 25
79 27 26
79 29 28
79 31 30
80 29 28
80 28 27
80 27 0
80 27 26
80 26 25
80 25 2
80 2 1
80 25 24
80 24 3
80 24 23
80 23 22
80 22 21
80 21 4
80 21 20
80 20 14
80 14 5
80 14 13
80 13 11
80 11 9
80 9 6
80 9 8
80 8 7
80 11 10
80 13 12
80 20 19
80 19 18
80 18 17
80 17 16
80 16 15
81 32 0
81 32 31
81 31 30
81 30 28
81 28 27
81 27 17
81 17 16
81 16 15
81 15 9
81 9 1
81 9 8
81 8 7
81 7 4
81 4 3
81 3 2
81 7 6
81 6 5
81 15 14
81 14 10
81 14 13
81 13 12
81 12 11
81 27 26
81 26 22
81 22 18
81 22 21
81 21 19
81 21 20
81 26 25
81 25 24
81 24 23
81 30 29
82 30 29
82 29 18
82 18 17
82 17 0
82 17 16
82 16 12
82 12 11
82 11 9
82 9 8
82 8 6
82 6 1
82 6 5
82 5 3
82 3 2
82 5 4
82 8 7
82 11 10
82 16 15
82 15 13
82 15 14
82 29 28
82 28 26
82 26 25
82 25 24
82 24 23
82 23 22
82 22 21
82 21 19
82 21 20
82 28 27
83 32 2
83 2 1
83 1 0
83 32 31
83 31 25
83 25 24
83 24 16
83 16 15
83 15 3
83 15 14
83 14 13
83 13 9
83 9 5
83 5 4
83 9 8
83 8 6
83 8 7
83 13 12
83 12 10
83 12 11
83 24 23
83 23 20
83 20 19
83 19 18
83 18 17
83 23 22
83 22 21
83 31 30
83 30 29
83 29 27
83 27 26
83 29 28
84 29 2
84 2 1
84 1 0
84 29 28
84 28 7
84 7 5
84 5 4
84 4 3
84 7 6
84 28 27
84 27 10
84 10 8
84 10 9
84 27 26
84 26 12
84 12 11
84 26 25
84 25 23
84 23 14
84 14 13
84 23 22
84 22 21
84 21 20
84 20 19
84 19 18
84 18 17
84 17 16
84 16 15
84 25 24
85 31 11
85 11 5
85 5 0
85 5 4
85 4 2
85 2 1
85 4 3
85 11 10
85 10 6
85 10 9
85 9 8
85 8 7
85 31 30
85 30 29
85 29 18
85 18 14
85 14 13
85 13 12
85 18 17
85 17 15
85 17 16
85 29 28
85 28 27
85 27 26
85 26 24
85 24 23
85 23 21
85 21 19
85 21 20
85 23 22
85 26 25
86 33 30
86 30 0
86 30 29
86 29 28
86 28 2
86 2 1
86 28 27
86 27 26
86 26 25
86 25 22
86 22 21
86 21 6
86 6 3
86 6 5
86 5 4
86 21 20
86 20 19
86 19 18
86 18 17
86 17 16
86 16 8
86 8 7
86 16 15
86 15 9
86 15 14
86 14 13
86 13 10
86 13 12
86 12 11
86 25 24
86 24 23
86 33 32
86 32 31
87 31 30
87 30 29
87 29 28
87 28 3
87 3 0
87 3 2
87 2 1
87 28 27
87 27 25
87 25 6
87 6 4
87 6 5
87 25 24
87 24 22
87 22 20
87 20 19
87 19 8
87 8 7
87 19 18
87 18 16
87 16 14
87 14 9
87 14 13
87 13 10
87 13 12
87 12 11
87 16 15
87 18 17
87 22 21
87 24 23
87 27 26
88 29 3
88 3 0
88 3 2
88 2 1
88 29 28
88 28 4
88 28 27
88 27 26
88 26 14
88 14 12
88 12 11
88 11 7
88 7 5
88 7 6
88 11 10
88 10 8
88 10 9
88 14 13
88 26 25
88 25 23
88 23 17
88 17 16
88 16 15
88 23 22
88 22 21
88 21 20
88 20 18
88 20 19
88 25 24
89 29 28
89 28 27
89 27 14
89 14 0
89 14 13
89 13 7
89 7 1
89 7 6
89 6 5
89 5 2
89 5 4
89 4 3
89 13 12
89 12 11
89 11 8
89 11 10
89 10 9
89 27 26
89 26 24
89 24 22
89 22 20
89 20 19
89 19 16
89 16 15
89 19 18
89 18 17
89 22 21
89 24 23
89 26 25
90 30 29
90 29 28
90 28 27
90 27 26
90 26 22
90 22 21
90 21 1
90 1 0
90 21 20
90 20 7
90 7 5
90 5 2
90 5 4
90 4 3
90 7 6
90 20 19
90 19 18
90 18 8
90 18 17
90 17 16
90 16 11
90 11 9
90 11 10
90 16 15
90 15 14
90 14 12
90 14 13
90 26 25
90 25 23
90 25 24
91 32 25
91 25 3
91 3 1
91 1 0
91 3 2
91 25 24
91 24 4
91 24 23
91 23 22
91 22 21
91 21 5
91 21 20
91 20 19
91 19 9
91 9 8
91 8 7
91 7 6
91 19 18
91 18 17
91 17 16
91 16 13
91 13 12
91 12 10
91 12 11
91 16 15
91 15 14
91 32 31
91 31 30
91 30 28
91 28 27
91 27 26
91 30 29
92 31 24
92 24 22
92 22 20
92 20 9
92 9 8
92 8 2
92 2 1
92 1 0
92 8 7
92 7 6
92 6 3
92 6 5
92 5 4
92 20 19
92 19 18
92 18 14
92 14 13
92 13 11
92 11 10
92 13 12
92 18 17
92 17 16
92 16 15
92 22 21
92 24 23
92 31 30
92 30 29
92 29 28
92 28 27
92 27 26
92 26 25
93 32 30
93 30 3
93 3 2
93 2 0
93 2 1
93 30 29
93 29 20
93 20 19
93 19 17
93 17 4
93 17 16
93 16 13
93 13 7
93 7 6
93 6 5
93 13 12
93 12 10
93 10 8
93 10 9
93 12 11
93 16 15
93 15 14
93 19 18
93 29 28
93 28 23
93 23 21
93 23 22
93 28 27
93 27 24
93 27 26
93 26 25
93 32 31
94 32 19
94 19 18
94 18 16
94 16 0
94 16 15
94 15 13
94 13 1
94 13 12
94 12 8
94 8 7
94 7 2
94 7 6
94 6 3
94 6 5
94 5 4
94 12 11
94 11 9
94 11 10
94 15 14
94 18 17
94 32 31
94 31 20
94 31 30
94 30 28
94 28 27
94 27 24
94 24 22
94 22 21
94 24 23
94 27 26
94 26 25
94 30 29
95 29 15
95 15 14
95 14 1
95 1 0
95 14 13
95 13 2
95 13 12
95 12 7
95 7 6
95 6 4
95 4 3
95 6 5
95 12 11
95 11 10
95 10 8
95 10 9
95 29 28
95 28 23
95 23 18
95 18 16
95 18 17
95 23 22
95 22 20
95 20 19
95 22 21
95 28 27
95 27 26
95 26 24
95 26 25
96 34 31
96 31 30
96 30 3
96 3 2
96 2 1
96 1 0
96 30 29
96 29 27
96 27 10
96 10 9
96 9 7
96 7 4
96 7 6
96 6 5
96 9 8
96 27 26
96 26 21
96 21 20
96 20 12
96 12 11
96 20 19
96 19 17
96 17 16
96 16 15
96 15 14
96 14 13
96 19 18
96 26 25
96 25 24
96 24 22
96 24 23
96 29 28
96 34 33
96 33 32
97 29 23
97 23 5
97 5 2
97 2 1
97 1 0
97 5 4
97 4 3
97 23 22
97 22 21
97 21 8
97 8 6
97 8 7
97 21 20
97 20 16
97 16 14
97 14 9
97 14 13
97 13 10
97 13 12
97 12 11
97 16 15
97 20 19
97 19 17
97 19 18
97 29 28
97 28 24
97 28 27
97 27 26
97 26 25
98 29 26
98 26 25
98 25 3
98 3 0
98 3 2
98 2 1
98 25 24
98 24 4
98 24 23
98 23 22
98 22 13
98 13 7
98 7 5
98 7 6
98 13 12
98 12 11
98 11 10
98 10 8
98 10 9
98 22 21
98 21 15
98 15 14
98 21 20
98 20 17
98 17 16
98 20 19
98 19 18
98 29 28
98 28 27
99 30 1
99 1 0
99 30 29
99 29 17
99 17 15
99 15 10
99 10 9
99 9 6
99 6 5
99 5 4
99 4 3
99 3 2
99 9 8
99 8 7
99 15 14
99 14 13
99 13 12
99 12 11
99 17 16
99 29 28
99 28 26
99 26 25
99 25 24
99 24 22
99 22 21
99 21 19
99 19 18
99 21 20
99 24 23
99 28 27
100 29 23
100 23 4
100 4 0
100 4 3
100 3 1
100 3 2
100 23 22
100 22 13
100 13 12
100 12 9
100 9 5
100 9 8
100 8 6
100 8 7
100 12 11
100 11 10
100 22 21
100 21 19
100 19 15
100 15 14
100 19 18
100 18 16
100 18 17
100 21 20
100 29 28
100 28 27
100 27 26
100 26 25
100 25 24
101 30 29
101 29 9
101 9 8
101 8 0
101 8 7
101 7 2
101 2 1
101 7 6
101 6 4
101 4 3
101 6 5
101 29 28
101 28 11
101 11 10
101 28 27
101 27 26
101 26 25
101 25 22
101 22 17
101 17 15
101 15 14
101 14 12
101 14 13
101 17 16
101 22 21
101 21 18
101 21 20
101 20 19
101 25 24
101 24 23
