1 33 32
1 32 29
1 29 9
1 9 8
1 8 7
1 7 6
1 6 5
1 5 0
1 5 4
1 4 1
1 4 3
1 3 2
1 29 28
1 28 27
1 27 10
1 27 26
1 26 25
1 25 18
1 18 17
1 17 16
1 16 15
1 15 11
1 15 14
1 14 13
1 13 12
1 25 24
1 24 22
1 22 20
1 20 19
1 22 21
1 24 23
1 32 31
1 31 30
2 29 27
2 27 2
2 2 0
2 2 1
2 27 26
2 26 25
2 25 24
2 24 22
2 22 12
2 12 10
2 10 9
2 9 3
2 9 8
2 8 7
2 7 5
2 5 4
2 7 6
2 12 11
2 22 21
2 21 20
2 20 17
2 17 16
2 16 15
2 15 13
2 15 14
2 20 19
2 19 18
2 24 23
2 29 28
3 34 33
3 33 32
3 32 31
3 31 30
3 30 0
3 30 29
3 29 4
3 4 1
3 4 3
3 3 2
3 29 28
3 28 20
3 20 5
3 20 19
3 19 10
3 10 9
3 9 8
3 8 7
3 7 6
3 19 18
3 18 15
3 15 14
3 14 11
3 14 13
3 13 12
3 18 17
3 17 16
3 28 27
3 27 21
3 27 26
3 26 24
3 24 23
3 23 22
3 26 25
4 34 30
4 30 28
4 28 27
4 27 9
4 9 3
4 3 2
4 2 1
4 1 0
4 9 8
4 8 7
4 7 6
4 6 5
4 5 4
4 27 26
4 26 20
4 20 14
4 14 13
4 13 11
4 11 10
4 13 12
4 20 19
4 19 18
4 18 15
4 18 17
4 17 16
4 26 25
4 25 24
4 24 23
4 23 21
4 23 22
4 30 29
4 34 33
4 33 31
4 33 32
5 32 28
5 28 23
5 23 8
5 8 7
5 7 1
5 1 0
5 7 6
5 6 2
5 6 5
5 5 4
5 4 3
5 23 22
5 22 13
5 13 11
5 11 9
5 11 10
5 13 12
5 22 21
5 21 19
5 19 18
5 18 17
5 17 16
5 16 14
5 16 15
5 21 20
5 28 27
5 27 26
5 26 25
5 25 24
5 32 31
5 31 30
5 30 29
6 32 31
6 31 0
6 31 30
6 30 29
6 29 27
6 27 26
6 26 25
6 25 24
6 24 3
6 3 1
6 3 2
6 24 23
6 23 22
6 22 20
6 20 4
6 20 19
6 19 12
6 12 9
6 9 5
6 9 8
6 8 6
6 8 7
6 12 11
6 11 10
6 19 18
6 18 13
6 18 17
6 17 16
6 16 14
6 16 15
6 22 21
6 29 28
7 29 0
7 29 28
7 28 27
7 27 1
7 27 26
7 26 17
7 17 16
7 16 15
7 15 11
7 11 2
7 11 10
7 10 9
7 9 8
7 8 6
7 6 5
7 5 4
7 4 3
7 8 7
7 15 14
7 14 12
7 14 13
7 26 25
7 25 24
7 24 23
7 23 21
7 21 20
7 20 18
7 20 19
7 23 22
8 34 32
8 32 31
8 31 0
8 31 30
8 30 29
8 29 6
8 6 5
8 5 1
8 5 4
8 4 3
8 3 2
8 29 28
8 28 8
8 8 7
8 28 27
8 27 25
8 25 10
8 10 9
8 25 24
8 24 23
8 23 11
8 23 22
8 22 21
8 21 18
8 18 17
8 17 16
8 16 15
8 15 14
8 14 12
8 14 13
8 21 20
8 20 19
8 27 26
8 34 33
9 34 33
9 33 16
9 16 11
9 11 4
9 4 3
9 3 1
9 1 0
9 3 2
9 11 10
9 10 8
9 8 7
9 7 5
9 7 6
9 10 9
9 16 15
9 15 12
9 15 14
9 14 13
9 33 32
9 32 31
9 31 21
9 21 20
9 20 19
9 19 18
9 18 17
9 31 30
9 30 29
9 29 28
9 28 26
9 26 25
9 25 22
9 25 24
9 24 23
9 28 27
10 32 4
10 4 2
10 2 1
10 1 0
10 4 3
10 32 31
10 31 6
10 6 5
10 31 30
10 30 29
10 29 12
10 12 7
10 12 11
10 11 9
10 9 8
10 11 10
10 29 28
10 28 13
10 28 27
10 27 26
10 26 14
10 26 25
10 25 23
10 23 15
10 23 22
10 22 17
10 17 16
10 22 21
10 21 19
10 19 18
10 21 20
10 25 24
11 32 12
11 12 10
11 10 9
11 9 1
11 1 0
11 9 8
11 8 7
11 7 2
11 7 6
11 6 3
11 6 5
11 5 4
11 12 11
11 32 31
11 31 30
11 30 13
11 30 29
11 29 19
11 19 16
11 16 15
11 15 14
11 19 18
11 18 17
11 29 28
11 28 27
11 27 24
11 24 20
11 24 23
11 23 21
11 23 22
11 27 26
11 26 25
12 34 23
12 23 0
12 23 22
12 22 21
12 21 20
12 20 19
12 19 18
12 18 17
12 17 16
12 16 1
12 16 15
12 15 2
12 15 14
12 14 3
12 14 13
12 13 12
12 12 11
12 11 9
12 9 8
12 8 4
12 8 7
12 7 5
12 7 6
12 11 10
12 34 33
12 33 27
12 27 25
12 25 24
12 27 26
12 33 32
12 32 31
12 31 28
12 31 30
12 30 29
13 29 0
13 29 28
13 28 27
13 27 10
13 10 1
13 10 9
13 9 8
13 8 2
13 8 7
13 7 4
13 4 3
13 7 6
13 6 5
13 27 26
13 26 25
13 25 24
13 24 22
13 22 11
13 22 21
13 21 16
13 16 15
13 15 12
13 15 14
13 14 13
13 21 20
13 20 17
13 20 19
13 19 18
13 24 23
14 32 31
14 31 0
14 31 30
14 30 2
14 2 1
14 30 29
14 29 28
14 28 27
14 27 3
14 27 26
14 26 25
14 25 4
14 25 24
14 24 23
14 23 19
14 19 5
14 19 18
14 18 16
14 16 15
14 15 14
14 14 13
14 13 12
14 12 11
14 11 10
14 10 8
14 8 7
14 7 6
14 10 9
14 18 17
14 23 22
14 22 21
14 21 20
15 30 28
15 28 18
15 18 17
15 17 16
15 16 15
15 15 11
15 11 9
15 9 6
15 6 0
15 6 5
15 5 4
15 4 3
15 3 2
15 2 1
15 9 8
15 8 7
15 11 10
15 15 14
15 14 12
15 14 13
15 28 27
15 27 26
15 26 20
15 20 19
15 26 25
15 25 24
15 24 23
15 23 21
15 23 22
15 30 29
16 33 1
16 1 0
16 33 32
16 32 2
16 32 31
16 31 30
16 30 29
16 29 27
16 27 25
16 25 3
16 25 24
16 24 21
16 21 10
16 10 4
16 10 9
16 9 5
16 9 8
16 8 7
16 7 6
16 21 20
16 20 18
16 18 11
16 18 17
16 17 16
16 16 13
16 13 12
16 16 15
16 15 14
16 20 19
16 24 23
16 23 22
16 27 26
16 29 28
17 29 28
17 28 27
17 27 25
17 25 1
17 1 0
17 25 24
17 24 2
17 24 23
17 23 21
17 21 20
17 20 13
17 13 12
17 12 11
17 11 8
17 8 4
17 4 3
17 8 7
17 7 6
17 6 5
17 11 10
17 10 9
17 20 19
17 19 18
17 18 17
17 17 15
17 15 14
17 17 16
17 23 22
17 27 26
18 31 0
18 31 30
18 30 3
18 3 1
18 3 2
18 30 29
18 29 23
18 23 4
18 23 22
18 22 21
18 21 11
18 11 9
18 9 7
18 7 5
18 7 6
18 9 8
18 11 10
18 21 20
18 20 19
18 19 17
18 17 16
18 16 14
18 14 12
18 14 13
18 16 15
18 19 18
18 29 28
18 28 26
18 26 24
18 26 25
18 28 27
19 33 32
19 32 31
19 31 6
19 6 3
19 3 0
19 3 2
19 2 1
19 6 5
19 5 4
19 31 30
19 30 7
19 30 29
19 29 19
19 19 16
19 16 15
19 15 8
19 15 14
19 14 10
19 10 9
19 14 13
19 13 12
19 12 11
19 19 18
19 18 17
19 29 28
19 28 20
19 28 27
19 27 26
19 26 24
19 24 21
19 24 23
19 23 22
19 26 25
20 29 0
20 29 28
20 28 26
20 26 1
20 26 25
20 25 24
20 24 18
20 18 5
20 5 4
20 4 2
20 4 3
20 18 17
20 17 16
20 16 15
20 15 12
20 12 9
20 9 8
20 8 7
20 7 6
20 12 11
20 11 10
20 15 14
20 14 13
20 24 23
20 23 20
20 20 19
20 23 22
20 22 21
20 28 27
21 31 5
21 5 0
21 5 4
21 4 3
21 3 1
21 3 2
21 31 30
21 30 28
21 28 27
21 27 26
21 26 25
21 25 7
21 7 6
21 25 24
21 24 22
21 22 21
21 21 8
21 21 20
21 20 9
21 20 19
21 19 14
21 14 10
21 14 13
21 13 12
21 12 11
21 19 18
21 18 17
21 17 16
21 16 15
21 24 23
21 30 29
22 30 26
22 26 1
22 1 0
22 26 25
22 25 24
22 24 6
22 6 2
22 6 5
22 5 3
22 5 4
22 24 23
22 23 21
22 21 9
22 9 7
22 9 8
22 21 20
22 20 19
22 19 18
22 18 15
22 15 11
22 11 10
22 15 14
22 14 12
22 14 13
22 18 17
22 17 16
22 23 22
22 30 29
22 29 28
22 28 27
23 31 3
23 3 1
23 1 0
23 3 2
23 31 30
23 30 5
23 5 4
23 30 29
23 29 26
23 26 24
23 24 23
23 23 8
23 8 7
23 7 6
23 23 22
23 22 10
23 10 9
23 22 21
23 21 19
23 19 13
23 13 11
23 13 12
23 19 18
23 18 14
23 18 17
23 17 16
23 16 15
23 21 20
23 26 25
23 29 28
23 28 27
24 32 31
24 31 26
24 26 25
24 25 0
24 25 24
24 24 23
24 23 1
24 23 22
24 22 15
24 15 4
24 4 3
24 3 2
24 15 14
24 14 7
24 7 6
24 6 5
24 14 13
24 13 12
24 12 11
24 11 8
24 11 10
24 10 9
24 22 21
24 21 19
24 19 18
24 18 17
24 17 16
24 21 20
24 31 30
24 30 29
24 29 27
24 29 28
25 29 15
25 15 14
25 14 13
25 13 4
25 4 3
25 3 0
25 3 2
25 2 1
25 13 12
25 12 11
25 11 5
25 11 10
25 10 9
25 9 7
25 7 6
25 9 8
25 29 28
25 28 16
25 28 27
25 27 25
25 25 24
25 24 23
25 23 18
25 18 17
25 23 22
25 22 19
25 22 21
25 21 20
25 27 26
26 32 3
26 3 2
26 2 0
26 2 1
26 32 31
26 31 6
26 6 4
26 6 5
26 31 30
26 30 29
26 29 28
26 28 17
26 17 16
26 16 15
26 15 14
26 14 13
26 13 11
26 11 10
26 10 9
26 9 7
26 9 8
26 13 12
26 28 27
26 27 20
26 20 19
26 19 18
26 27 26
26 26 23
26 23 21
26 23 22
26 26 25
26 25 24
27 33 32
27 32 22
27 22 14
27 14 13
27 13 12
27 12 10
27 10 8
27 8 1
27 1 0
27 8 7
27 7 6
27 6 3
27 3 2
27 6 5
27 5 4
27 10 9
27 12 11
27 22 21
27 21 20
27 20 16
27 16 15
27 20 19
27 19 18
27 18 17
27 32 31
27 31 23
27 31 30
27 30 26
27 26 25
27 25 24
27 30 29
27 29 27
27 29 28
28 29 27
28 27 26
28 26 0
28 26 25
28 25 23
28 23 21
28 21 20
28 20 8
28 8 1
28 8 7
28 7 6
28 6 4
28 4 3
28 3 2
28 6 5
28 20 19
28 19 16
28 16 15
28 15 14
28 14 11
28 11 9
28 11 10
28 14 13
28 13 12
28 19 18
28 18 17
28 23 22
28 25 24
28 29 28
29 29 28
29 28 27
29 27 14
29 14 0
29 14 13
29 13 7
29 7 1
29 7 6
29 6 5
29 5 2
29 5 4
29 4 3
29 13 12
29 12 11
29 11 8
29 11 10
29 10 9
29 27 26
29 26 24
29 24 22
29 22 20
29 20 19
29 19 16
29 16 15
29 19 18
29 18 17
29 22 21
29 24 23
29 26 25
30 30 0
30 30 29
30 29 28
30 28 27
30 27 26
30 26 2
30 2 1
30 26 25
30 25 22
30 22 21
30 21 3
30 21 20
30 20 4
30 20 19
30 19 18
30 18 17
30 17 6
30 6 5
30 17 16
30 16 14
30 14 7
30 14 13
30 13 8
30 13 12
30 12 9
30 12 11
30 11 10
30 16 15
30 25 24
30 24 23
31 32 0
31 32 31
31 31 30
31 30 29
31 29 28
31 28 27
31 27 8
31 8 2
31 2 1
31 8 7
31 7 6
31 6 4
31 4 3
31 6 5
31 27 26
31 26 9
31 26 25
31 25 22
31 22 21
31 21 12
31 12 10
31 12 11
31 21 20
31 20 19
31 19 18
31 18 17
31 17 14
31 14 13
31 17 16
31 16 15
31 25 24
31 24 23
32 29 4
32 4 3
32 3 2
32 2 1
32 1 0
32 29 28
32 28 10
32 10 9
32 9 8
32 8 7
32 7 5
32 7 6
32 28 27
32 27 19
32 19 18
32 18 12
32 12 11
32 18 17
32 17 15
32 15 14
32 14 13
32 17 16
32 27 26
32 26 21
32 21 20
32 26 25
32 25 23
32 23 22
32 25 24
33 30 1
33 1 0
33 30 29
33 29 28
33 28 25
33 25 20
33 20 14
33 14 3
33 3 2
33 14 13
33 13 10
33 10 6
33 6 4
33 6 5
33 10 9
33 9 7
33 9 8
33 13 12
33 12 11
33 20 19
33 19 15
33 19 18
33 18 16
33 18 17
33 25 24
33 24 21
33 24 23
33 23 22
33 28 27
33 27 26
34 29 28
34 28 5
34 5 2
34 2 0
34 2 1
34 5 4
34 4 3
34 28 27
34 27 24
34 24 22
34 22 7
34 7 6
34 22 21
34 21 15
34 15 8
34 15 14
34 14 10
34 10 9
34 14 13
34 13 12
34 12 11
34 21 20
34 20 19
34 19 18
34 18 16
34 18 17
34 24 23
34 27 26
34 26 25
35 32 29
35 29 0
35 29 28
35 28 24
35 24 2
35 2 1
35 24 23
35 23 3
35 23 22
35 22 20
35 20 19
35 19 18
35 18 16
35 16 13
35 13 12
35 12 10
35 10 9
35 9 7
35 7 6
35 6 4
35 6 5
35 9 8
35 12 11
35 16 15
35 15 14
35 18 17
35 22 21
35 28 27
35 27 26
35 26 25
35 32 31
35 31 30
36 30 8
36 8 6
36 6 3
36 3 2
36 2 0
36 2 1
36 6 5
36 5 4
36 8 7
36 30 29
36 29 27
36 27 13
36 13 11
36 11 9
36 11 10
36 13 12
36 27 26
36 26 25
36 25 16
36 16 14
36 16 15
36 25 24
36 24 23
36 23 22
36 22 19
36 19 18
36 18 17
36 22 21
36 21 20
36 29 28
37 32 25
37 25 0
37 25 24
37 24 23
37 23 13
37 13 12
37 12 3
37 3 1
37 3 2
37 12 11
37 11 10
37 10 8
37 8 7
37 7 5
37 5 4
37 7 6
37 10 9
37 23 22
37 22 14
37 22 21
37 21 20
37 20 15
37 20 19
37 19 18
37 18 17
37 17 16
37 32 31
37 31 29
37 29 27
37 27 26
37 29 28
37 31 30
38 34 1
38 1 0
38 34 33
38 33 32
38 32 21
38 21 11
38 11 9
38 9 8
38 8 2
38 8 7
38 7 6
38 6 5
38 5 3
38 5 4
38 11 10
38 21 20
38 20 13
38 13 12
38 20 19
38 19 14
38 19 18
38 18 17
38 17 16
38 16 15
38 32 31
38 31 28
38 28 27
38 27 23
38 23 22
38 27 26
38 26 25
38 25 24
38 31 30
38 30 29
39 34 2
39 2 0
39 2 1
39 34 33
39 33 3
39 33 32
39 32 5
39 5 4
39 32 31
39 31 29
39 29 6
39 29 28
39 28 12
39 12 11
39 11 10
39 10 8
39 8 7
39 10 9
39 28 27
39 27 26
39 26 23
39 23 21
39 21 20
39 20 18
39 18 15
39 15 14
39 14 13
39 18 17
39 17 16
39 20 19
39 23 22
39 26 25
39 25 24
39 31 30
40 31 29
40 29 5
40 5 1
40 1 0
40 5 4
40 4 3
40 3 2
40 29 28
40 28 27
40 27 26
40 26 23
40 23 21
40 21 20
40 20 18
40 18 16
40 16 10
40 10 6
40 10 9
40 9 8
40 8 7
40 16 15
40 15 14
40 14 13
40 13 12
40 12 11
40 18 17
40 20 19
40 23 22
40 26 25
40 25 24
40 31 30
41 34 27
41 27 0
41 27 26
41 26 6
41 6 5
41 5 4
41 4 3
41 3 1
41 3 2
41 26 25
41 25 23
41 23 8
41 8 7
41 23 22
41 22 21
41 21 13
41 13 10
41 10 9
41 13 12
41 12 11
41 21 20
41 20 14
41 20 19
41 19 17
41 17 16
41 16 15
41 19 18
41 25 24
41 34 33
41 33 32
41 32 31
41 31 29
41 29 28
41 31 30
42 33 2
42 2 1
42 1 0
42 33 32
42 32 31
42 31 30
42 30 3
42 30 29
42 29 12
42 12 11
42 11 5
42 5 4
42 11 10
42 10 7
42 7 6
42 10 9
42 9 8
42 29 28
42 28 20
42 20 13
42 20 19
42 19 18
42 18 15
42 15 14
42 18 17
42 17 16
42 28 27
42 27 26
42 26 21
42 26 25
42 25 24
42 24 22
42 24 23
43 31 30
43 30 29
43 29 28
43 28 27
43 27 19
43 19 5
43 5 4
43 4 0
43 4 3
43 3 2
43 2 1
43 19 18
43 18 17
43 17 16
43 16 14
43 14 6
43 14 13
43 13 7
43 13 12
43 12 11
43 11 10
43 10 9
43 9 8
43 16 15
43 27 26
43 26 23
43 23 22
43 22 20
43 22 21
43 26 25
43 25 24
44 34 0
44 34 33
44 33 18
44 18 15
44 15 3
44 3 2
44 2 1
44 15 14
44 14 13
44 13 11
44 11 9
44 9 7
44 7 5
44 5 4
44 7 6
44 9 8
44 11 10
44 13 12
44 18 17
44 17 16
44 33 32
44 32 20
44 20 19
44 32 31
44 31 21
44 31 30
44 30 25
44 25 24
44 24 22
44 24 23
44 30 29
44 29 28
44 28 27
44 27 26
45 34 10
45 10 8
45 8 7
45 7 2
45 2 1
45 1 0
45 7 6
45 6 3
45 6 5
45 5 4
45 10 9
45 34 33
45 33 12
45 12 11
45 33 32
45 32 31
45 31 29
45 29 26
45 26 19
45 19 13
45 19 18
45 18 17
45 17 14
45 17 16
45 16 15
45 26 25
45 25 22
45 22 20
45 22 21
45 25 24
45 24 23
45 29 28
45 28 27
45 31 30
46 33 31
46 31 30
46 30 21
46 21 20
46 20 0
46 20 19
46 19 9
46 9 1
46 9 8
46 8 6
46 6 5
46 5 2
46 5 4
46 4 3
46 8 7
46 19 18
46 18 10
46 18 17
46 17 16
46 16 13
46 13 11
46 13 12
46 16 15
46 15 14
46 30 29
46 29 27
46 27 26
46 26 24
46 24 22
46 24 23
46 26 25
46 29 28
46 33 32
47 34 32
47 32 30
47 30 29
47 29 7
47 7 6
47 6 0
47 6 5
47 5 2
47 2 1
47 5 4
47 4 3
47 29 28
47 28 13
47 13 12
47 12 8
47 12 11
47 11 10
47 10 9
47 28 27
47 27 14
47 27 26
47 26 23
47 23 21
47 21 20
47 20 18
47 18 15
47 18 17
47 17 16
47 20 19
47 23 22
47 26 25
47 25 24
47 32 31
47 34 33
48 33 32
48 32 3
48 3 0
48 3 2
48 2 1
48 32 31
48 31 6
48 6 4
48 6 5
48 31 30
48 30 29
48 29 27
48 27 25
48 25 24
48 24 8
48 8 7
48 24 23
48 23 22
48 22 20
48 20 18
48 18 15
48 15 14
48 14 10
48 10 9
48 14 13
48 13 11
48 13 12
48 18 17
48 17 16
48 20 19
48 22 21
48 27 26
48 29 28
49 32 31
49 31 30
49 30 1
49 1 0
49 30 29
49 29 23
49 23 8
49 8 7
49 7 6
49 6 5
49 5 2
49 5 4
49 4 3
49 23 22
49 22 20
49 20 19
49 19 18
49 18 17
49 17 10
49 10 9
49 17 16
49 16 15
49 15 14
49 14 12
49 12 11
49 14 13
49 22 21
49 29 28
49 28 27
49 27 24
49 27 26
49 26 25
50 31 11
50 11 0
50 11 10
50 10 9
50 9 8
50 8 6
50 6 5
50 5 4
50 4 3
50 3 1
50 3 2
50 8 7
50 31 30
50 30 14
50 14 12
50 14 13
50 30 29
50 29 27
50 27 25
50 25 24
50 24 23
50 23 22
50 22 21
50 21 18
50 18 16
50 16 15
50 18 17
50 21 20
50 20 19
50 27 26
50 29 28
51 32 30
51 30 28
51 28 27
51 27 22
51 22 7
51 7 6
51 6 1
51 1 0
51 6 5
51 5 4
51 4 3
51 3 2
51 22 21
51 21 10
51 10 8
51 10 9
51 21 20
51 20 18
51 18 15
51 15 12
51 12 11
51 15 14
51 14 13
51 18 17
51 17 16
51 20 19
51 27 26
51 26 24
51 24 23
51 26 25
51 30 29
51 32 31
52 32 1
52 1 0
52 32 31
52 31 12
52 12 6
52 6 4
52 4 2
52 4 3
52 6 5
52 12 11
52 11 10
52 10 9
52 9 8
52 8 7
52 31 30
52 30 13
52 30 29
52 29 21
52 21 14
52 21 20
52 20 17
52 17 16
52 16 15
52 20 19
52 19 18
52 29 28
52 28 27
52 27 26
52 26 22
52 26 25
52 25 23
52 25 24
53 29 24
53 24 2
53 2 1
53 1 0
53 24 23
53 23 5
53 5 3
53 5 4
53 23 22
53 22 21
53 21 13
53 13 10
53 10 6
53 10 9
53 9 8
53 8 7
53 13 12
53 12 11
53 21 20
53 20 15
53 15 14
53 20 19
53 19 17
53 17 16
53 19 18
53 29 28
53 28 27
53 27 25
53 27 26
54 30 1
54 1 0
54 30 29
54 29 28
54 28 25
54 25 24
54 24 23
54 23 13
54 13 4
54 4 3
54 3 2
54 13 12
54 12 9
54 9 8
54 8 6
54 6 5
54 8 7
54 12 11
54 11 10
54 23 22
54 22 14
54 22 21
54 21 15
54 21 20
54 20 19
54 19 16
54 19 18
54 18 17
54 28 27
54 27 26
55 30 9
55 9 8
55 8 3
55 3 2
55 2 0
55 2 1
55 8 7
55 7 6
55 6 4
55 6 5
55 30 29
55 29 27
55 27 11
55 11 10
55 27 26
55 26 12
55 26 25
55 25 14
55 14 13
55 25 24
55 24 16
55 16 15
55 24 23
55 23 21
55 21 20
55 20 18
55 18 17
55 20 19
55 23 22
55 29 28
56 34 9
56 9 0
56 9 8
56 8 7
56 7 3
56 3 2
56 2 1
56 7 6
56 6 4
56 6 5
56 34 33
56 33 31
56 31 30
56 30 29
56 29 10
56 29 28
56 28 12
56 12 11
56 28 27
56 27 26
56 26 17
56 17 15
56 15 14
56 14 13
56 17 16
56 26 25
56 25 20
56 20 19
56 19 18
56 25 24
56 24 21
56 24 23
56 23 22
56 33 32
57 33 32
57 32 31
57 31 0
57 31 30
57 30 9
57 9 4
57 4 3
57 3 1
57 3 2
57 9 8
57 8 6
57 6 5
57 8 7
57 30 29
57 29 28
57 28 10
57 28 27
57 27 26
57 26 17
57 17 16
57 16 15
57 15 14
57 14 13
57 13 11
57 13 12
57 26 25
57 25 24
57 24 18
57 24 23
57 23 19
57 23 22
57 22 21
57 21 20
58 29 18
58 18 2
58 2 0
58 2 1
58 18 17
58 17 7
58 7 5
58 5 3
58 5 4
58 7 6
58 17 16
58 16 15
58 15 10
58 10 9
58 9 8
58 15 14
58 14 11
58 14 13
58 13 12
58 29 28
58 28 27
58 27 26
58 26 20
58 20 19
58 26 25
58 25 24
58 24 21
58 24 23
58 23 22
59 31 30
59 30 18
59 18 17
59 17 10
59 10 9
59 9 8
59 8 2
59 2 1
59 1 0
59 8 7
59 7 6
59 6 5
59 5 3
59 5 4
59 17 16
59 16 11
59 16 15
59 15 12
59 15 14
59 14 13
59 30 29
59 29 20
59 20 19
59 29 28
59 28 26
59 26 25
59 25 24
59 24 22
59 22 21
59 24 23
59 28 27
60 30 1
60 1 0
60 30 29
60 29 16
60 16 4
60 4 3
60 3 2
60 16 15
60 15 6
60 6 5
60 15 14
60 14 7
60 14 13
60 13 12
60 12 8
60 12 11
60 11 10
60 10 9
60 29 28
60 28 17
60 28 27
60 27 25
60 25 18
60 25 24
60 24 19
60 24 23
60 23 22
60 22 20
60 22 21
60 27 26
61 33 4
61 4 0
61 4 3
61 3 2
61 2 1
61 33 32
61 32 5
61 32 31
61 31 9
61 9 8
61 8 6
61 8 7
61 31 30
61 30 10
61 30 29
61 29 11
61 29 28
61 28 26
61 26 13
61 13 12
61 26 25
61 25 24
61 24 18
61 18 17
61 17 16
61 16 15
61 15 14
61 24 23
61 23 20
61 20 19
61 23 22
61 22 21
61 28 27
62 29 28
62 28 2
62 2 1
62 1 0
62 28 27
62 27 25
62 25 23
62 23 22
62 22 5
62 5 3
62 5 4
62 22 21
62 21 19
62 19 18
62 18 17
62 17 16
62 16 6
62 16 15
62 15 13
62 13 12
62 12 10
62 10 9
62 9 7
62 9 8
62 12 11
62 15 14
62 21 20
62 25 24
62 27 26
63 34 1
63 1 0
63 34 33
63 33 29
63 29 28
63 28 27
63 27 26
63 26 25
63 25 21
63 21 20
63 20 18
63 18 2
63 18 17
63 17 16
63 16 3
63 16 15
63 15 14
63 14 10
63 10 6
63 6 4
63 6 5
63 10 9
63 9 7
63 9 8
63 14 13
63 13 11
63 13 12
63 20 19
63 25 24
63 24 23
63 23 22
63 33 32
63 32 30
63 32 31
64 32 31
64 31 28
64 28 18
64 18 8
64 8 7
64 7 6
64 6 3
64 3 2
64 2 1
64 1 0
64 6 5
64 5 4
64 18 17
64 17 16
64 16 14
64 14 10
64 10 9
64 14 13
64 13 12
64 12 11
64 16 15
64 28 27
64 27 26
64 26 25
64 25 24
64 24 22
64 22 20
64 20 19
64 22 21
64 24 23
64 31 30
64 30 29
65 34 0
65 34 33
65 33 32
65 32 31
65 31 2
65 2 1
65 31 30
65 30 9
65 9 7
65 7 4
65 4 3
65 7 6
65 6 5
65 9 8
65 30 29
65 29 17
65 17 16
65 16 15
65 15 11
65 11 10
65 15 14
65 14 12
65 14 13
65 29 28
65 28 26
65 26 25
65 25 20
65 20 19
65 19 18
65 25 24
65 24 22
65 22 21
65 24 23
65 28 27
66 33 32
66 32 0
66 32 31
66 31 29
66 29 28
66 28 6
66 6 5
66 5 3
66 3 1
66 3 2
66 5 4
66 28 27
66 27 26
66 26 24
66 24 8
66 8 7
66 24 23
66 23 16
66 16 13
66 13 9
66 13 12
66 12 11
66 11 10
66 16 15
66 15 14
66 23 22
66 22 21
66 21 20
66 20 17
66 20 19
66 19 18
66 26 25
66 31 30
67 30 29
67 29 8
67 8 6
67 6 4
67 4 1
67 1 0
67 4 3
67 3 2
67 6 5
67 8 7
67 29 28
67 28 24
67 24 22
67 22 19
67 19 18
67 18 13
67 13 11
67 11 9
67 11 10
67 13 12
67 18 17
67 17 16
67 16 14
67 16 15
67 22 21
67 21 20
67 24 23
67 28 27
67 27 26
67 26 25
68 31 29
68 29 27
68 27 2
68 2 1
68 1 0
68 27 26
68 26 25
68 25 24
68 24 3
68 24 23
68 23 22
68 22 21
68 21 20
68 20 6
68 6 4
68 6 5
68 20 19
68 19 10
68 10 8
68 8 7
68 10 9
68 19 18
68 18 16
68 16 15
68 15 13
68 13 12
68 12 11
68 15 14
68 18 17
68 29 28
68 31 30
69 30 28
69 28 16
69 16 14
69 14 4
69 4 2
69 2 0
69 2 1
69 4 3
69 14 13
69 13 11
69 11 9
69 9 7
69 7 5
69 7 6
69 9 8
69 11 10
69 13 12
69 16 15
69 28 27
69 27 24
69 24 17
69 24 23
69 23 19
69 19 18
69 23 22
69 22 21
69 21 20
69 27 26
69 26 25
69 30 29
70 30 10
70 10 9
70 9 8
70 8 7
70 7 3
70 3 1
70 1 0
70 3 2
70 7 6
70 6 5
70 5 4
70 30 29
70 29 28
70 28 26
70 26 15
70 15 11
70 15 14
70 14 13
70 13 12
70 26 25
70 25 16
70 25 24
70 24 22
70 22 19
70 19 17
70 19 18
70 22 21
70 21 20
70 24 23
70 28 27
71 30 29
71 29 27
71 27 26
71 26 1
71 1 0
71 26 25
71 25 17
71 17 2
71 17 16
71 16 4
71 4 3
71 16 15
71 15 14
71 14 7
71 7 5
71 7 6
71 14 13
71 13 10
71 10 9
71 9 8
71 13 12
71 12 11
71 25 24
71 24 23
71 23 18
71 23 22
71 22 21
71 21 20
71 20 19
71 29 28
72 34 16
72 16 9
72 9 5
72 5 4
72 4 2
72 2 1
72 1 0
72 4 3
72 9 8
72 8 6
72 8 7
72 16 15
72 15 11
72 11 10
72 15 14
72 14 12
72 14 13
72 34 33
72 33 17
72 33 32
72 32 20
72 20 18
72 20 19
72 32 31
72 31 21
72 31 30
72 30 27
72 27 25
72 25 23
72 23 22
72 25 24
72 27 26
72 30 29
72 29 28
73 30 8
73 8 5
73 5 3
73 3 2
73 2 1
73 1 0
73 5 4
73 8 7
73 7 6
73 30 29
73 29 28
73 28 15
73 15 14
73 14 13
73 13 12
73 12 11
73 11 10
73 10 9
73 28 27
73 27 21
73 21 18
73 18 16
73 18 17
73 21 20
73 20 19
73 27 26
73 26 25
73 25 24
73 24 23
73 23 22
74 30 29
74 29 26
74 26 23
74 23 17
74 17 0
74 17 16
74 16 15
74 15 14
74 14 12
74 12 10
74 10 8
74 8 7
74 7 1
74 7 6
74 6 5
74 5 4
74 4 3
74 3 2
74 10 9
74 12 11
74 14 13
74 23 22
74 22 21
74 21 20
74 20 19
74 19 18
74 26 25
74 25 24
74 29 28
74 28 27
75 30 2
75 2 0
75 2 1
75 30 29
75 29 22
75 22 21
75 21 20
75 20 19
75 19 17
75 17 11
75 11 7
75 7 6
75 6 5
75 5 4
75 4 3
75 11 10
75 10 9
75 9 8
75 17 16
75 16 13
75 13 12
75 16 15
75 15 14
75 19 18
75 29 28
75 28 23
75 28 27
75 27 24
75 27 26
75 26 25
76 32 31
76 31 0
76 31 30
76 30 2
76 2 1
76 30 29
76 29 28
76 28 27
76 27 5
76 5 4
76 4 3
76 27 26
76 26 6
76 26 25
76 25 9
76 9 8
76 8 7
76 25 24
76 24 23
76 23 13
76 13 11
76 11 10
76 13 12
76 23 22
76 22 17
76 17 16
76 16 15
76 15 14
76 22 21
76 21 19
76 19 18
76 21 20
77 31 0
77 31 30
77 30 27
77 27 25
77 25 1
77 25 24
77 24 23
77 23 20
77 20 19
77 19 2
77 19 18
77 18 12
77 12 11
77 11 9
77 9 8
77 8 4
77 4 3
77 8 7
77 7 6
77 6 5
77 11 10
77 18 17
77 17 16
77 16 15
77 15 14
77 14 13
77 23 22
77 22 21
77 27 26
77 30 29
77 29 28
78 34 0
78 34 33
78 33 2
78 2 1
78 33 32
78 32 3
78 32 31
78 31 4
78 31 30
78 30 29
78 29 5
78 29 28
78 28 26
78 26 25
78 25 24
78 24 23
78 23 7
78 7 6
78 23 22
78 22 8
78 22 21
78 21 17
78 17 16
78 16 15
78 15 9
78 15 14
78 14 11
78 11 10
78 14 13
78 13 12
78 21 20
78 20 18
78 20 19
78 28 27
79 30 2
79 2 1
79 1 0
79 30 29
79 29 28
79 28 27
79 27 6
79 6 4
79 4 3
79 6 5
79 27 26
79 26 25
79 25 24
79 24 7
79 24 23
79 23 12
79 12 11
79 11 8
79 11 10
79 10 9
79 23 22
79 22 21
79 21 20
79 20 17
79 17 15
79 15 13
79 15 14
79 17 16
79 20 19
79 19 18
80 32 30
80 30 18
80 18 17
80 17 2
80 2 0
80 2 1
80 17 16
80 16 15
80 15 14
80 14 4
80 4 3
80 14 13
80 13 5
80 13 12
80 12 7
80 7 6
80 12 11
80 11 10
80 10 9
80 9 8
80 30 29
80 29 28
80 28 19
80 28 27
80 27 25
80 25 23
80 23 22
80 22 21
80 21 20
80 25 24
80 27 26
80 32 31
81 33 32
81 32 11
81 11 1
81 1 0
81 11 10
81 10 4
81 4 2
81 4 3
81 10 9
81 9 5
81 9 8
81 8 7
81 7 6
81 32 31
81 31 12
81 31 30
81 30 13
81 30 29
81 29 27
81 27 23
81 23 22
81 22 14
81 22 21
81 21 19
81 19 15
81 19 18
81 18 16
81 18 17
81 21 20
81 27 26
81 26 24
81 26 25
81 29 28
82 33 29
82 29 28
82 28 26
82 26 24
82 24 4
82 4 2
82 2 1
82 1 0
82 4 3
82 24 23
82 23 5
82 23 22
82 22 21
82 21 11
82 11 6
82 11 10
82 10 7
82 10 9
82 9 8
82 21 20
82 20 19
82 19 18
82 18 16
82 16 15
82 15 13
82 13 12
82 15 14
82 18 17
82 26 25
82 28 27
82 33 32
82 32 30
82 32 31
83 29 22
83 22 21
83 21 0
83 21 20
83 20 14
83 14 12
83 12 8
83 8 7
83 7 2
83 2 1
83 7 6
83 6 5
83 5 3
83 5 4
83 12 11
83 11 9
83 11 10
83 14 13
83 20 19
83 19 15
83 19 18
83 18 16
83 18 17
83 29 28
83 28 27
83 27 26
83 26 25
83 25 24
83 24 23
84 32 4
84 4 0
84 4 3
84 3 2
84 2 1
84 32 31
84 31 30
84 30 22
84 22 5
84 22 21
84 21 13
84 13 11
84 11 6
84 11 10
84 10 9
84 9 7
84 9 8
84 13 12
84 21 20
84 20 16
84 16 15
84 15 14
84 20 19
84 19 17
84 19 18
84 30 29
84 29 24
84 24 23
84 29 28
84 28 27
84 27 25
84 27 26
85 31 14
85 14 13
85 13 12
85 12 10
85 10 4
85 4 1
85 1 0
85 4 3
85 3 2
85 10 9
85 9 8
85 8 6
85 6 5
85 8 7
85 12 11
85 31 30
85 30 15
85 30 29
85 29 27
85 27 16
85 27 26
85 26 23
85 23 21
85 21 20
85 20 17
85 20 19
85 19 18
85 23 22
85 26 25
85 25 24
85 29 28
86 34 33
86 33 31
86 31 0
86 31 30
86 30 29
86 29 13
86 13 12
86 12 11
86 11 9
86 9 1
86 9 8
86 8 5
86 5 3
86 3 2
86 5 4
86 8 7
86 7 6
86 11 10
86 29 28
86 28 27
86 27 26
86 26 24
86 24 14
86 24 23
86 23 21
86 21 20
86 20 19
86 19 18
86 18 16
86 16 15
86 18 17
86 23 22
86 26 25
86 33 32
87 32 14
87 14 13
87 13 2
87 2 0
87 2 1
87 13 12
87 12 11
87 11 10
87 10 3
87 10 9
87 9 7
87 7 4
87 7 6
87 6 5
87 9 8
87 32 31
87 31 15
87 31 30
87 30 29
87 29 28
87 28 27
87 27 17
87 17 16
87 27 26
87 26 18
87 26 25
87 25 21
87 21 19
87 21 20
87 25 24
87 24 22
87 24 23
88 30 29
88 29 28
88 28 0
88 28 27
88 27 26
88 26 25
88 25 24
88 24 14
88 14 13
88 13 5
88 5 1
88 5 4
88 4 3
88 3 2
88 13 12
88 12 7
88 7 6
88 12 11
88 11 10
88 10 9
88 9 8
88 24 23
88 23 15
88 23 22
88 22 17
88 17 16
88 22 21
88 21 19
88 19 18
88 21 20
89 29 28
89 28 27
89 27 11
89 11 9
89 9 8
89 8 1
89 1 0
89 8 7
89 7 4
89 4 2
89 4 3
89 7 6
89 6 5
89 11 10
89 27 26
89 26 25
89 25 22
89 22 20
89 20 12
89 20 19
89 19 13
89 19 18
89 18 17
89 17 14
89 17 16
89 16 15
89 22 21
89 25 24
89 24 23
90 33 32
90 32 2
90 2 0
90 2 1
90 32 31
90 31 30
90 30 29
90 29 3
90 29 28
90 28 4
90 28 27
90 27 25
90 25 5
90 25 24
90 24 6
90 24 23
90 23 14
90 14 8
90 8 7
90 14 13
90 13 11
90 11 9
90 11 10
90 13 12
90 23 22
90 22 15
90 22 21
90 21 18
90 18 16
90 18 17
90 21 20
90 20 19
90 27 26
91 29 20
91 20 0
91 20 19
91 19 18
91 18 3
91 3 2
91 2 1
91 18 17
91 17 4
91 17 16
91 16 5
91 16 15
91 15 6
91 15 14
91 14 11
91 11 10
91 10 9
91 9 8
91 8 7
91 14 13
91 13 12
91 29 28
91 28 21
91 28 27
91 27 26
91 26 25
91 25 24
91 24 22
91 24 23
92 33 0
92 33 32
92 32 31
92 31 27
92 27 1
92 27 26
92 26 25
92 25 24
92 24 3
92 3 2
92 24 23
92 23 12
92 12 7
92 7 5
92 5 4
92 7 6
92 12 11
92 11 8
92 11 10
92 10 9
92 23 22
92 22 20
92 20 16
92 16 14
92 14 13
92 16 15
92 20 19
92 19 18
92 18 17
92 22 21
92 31 30
92 30 28
92 30 29
93 29 27
93 27 26
93 26 1
93 1 0
93 26 25
93 25 20
93 20 19
93 19 18
93 18 2
93 18 17
93 17 14
93 14 13
93 13 10
93 10 6
93 6 3
93 6 5
93 5 4
93 10 9
93 9 7
93 9 8
93 13 12
93 12 11
93 17 16
93 16 15
93 25 24
93 24 21
93 24 23
93 23 22
93 29 28
94 34 28
94 28 27
94 27 26
94 26 0
94 26 25
94 25 5
94 5 4
94 4 3
94 3 2
94 2 1
94 25 24
94 24 6
94 24 23
94 23 22
94 22 21
94 21 15
94 15 14
94 14 13
94 13 9
94 9 8
94 8 7
94 13 12
94 12 10
94 12 11
94 21 20
94 20 19
94 19 18
94 18 16
94 18 17
94 34 33
94 33 32
94 32 29
94 32 31
94 31 30
95 31 30
95 30 29
95 29 0
95 29 28
95 28 27
95 27 1
95 27 26
95 26 22
95 22 20
95 20 6
95 6 4
95 4 3
95 3 2
95 6 5
95 20 19
95 19 8
95 8 7
95 19 18
95 18 9
95 18 17
95 17 16
95 16 15
95 15 11
95 11 10
95 15 14
95 14 12
95 14 13
95 22 21
95 26 25
95 25 24
95 24 23
96 29 27
96 27 26
96 26 25
96 25 24
96 24 22
96 22 0
96 22 21
96 21 18
96 18 16
96 16 15
96 15 14
96 14 13
96 13 1
96 13 12
96 12 11
96 11 9
96 9 6
96 6 5
96 5 4
96 4 2
96 4 3
96 9 8
96 8 7
96 11 10
96 18 17
96 21 20
96 20 19
96 24 23
96 29 28
97 31 29
97 29 12
97 12 11
97 11 10
97 10 9
97 9 0
97 9 8
97 8 4
97 4 1
97 4 3
97 3 2
97 8 7
97 7 6
97 6 5
97 29 28
97 28 24
97 24 13
97 24 23
97 23 22
97 22 14
97 22 21
97 21 19
97 19 17
97 17 15
97 17 16
97 19 18
97 21 20
97 28 27
97 27 26
97 26 25
97 31 30
98 30 29
98 29 28
98 28 2
98 2 0
98 2 1
98 28 27
98 27 19
98 19 3
98 19 18
98 18 4
98 18 17
98 17 16
98 16 5
98 16 15
98 15 13
98 13 6
98 13 12
98 12 11
98 11 9
98 9 8
98 8 7
98 11 10
98 15 14
98 27 26
98 26 25
98 25 23
98 23 21
98 21 20
98 23 22
98 25 24
99 30 29
99 29 26
99 26 25
99 25 0
99 25 24
99 24 19
99 19 18
99 18 5
99 5 4
99 4 3
99 3 1
99 3 2
99 18 17
99 17 16
99 16 15
99 15 14
99 14 13
99 13 12
99 12 11
99 11 10
99 10 8
99 8 6
99 8 7
99 10 9
99 24 23
99 23 22
99 22 20
99 22 21
99 29 28
99 28 27
100 32 26
100 26 25
100 25 23
100 23 0
100 23 22
100 22 20
100 20 9
100 9 7
100 7 5
100 5 1
100 5 4
100 4 2
100 4 3
100 7 6
100 9 8
100 20 19
100 19 18
100 18 16
100 16 10
100 16 15
100 15 11
100 15 14
100 14 13
100 13 12
100 18 17
100 22 21
100 25 24
100 32 31
100 31 29
100 29 28
100 28 27
100 31 30
101 29 28
101 28 9
101 9 6
101 6 5
101 5 4
101 4 1
101 1 0
101 4 3
101 3 2
101 9 8
101 8 7
101 28 27
101 27 26
101 26 24
101 24 22
101 22 21
101 21 20
101 20 18
101 18 16
101 16 15
101 15 14
101 14 13
101 13 11
101 11 10
101 13 12
101 18 17
101 20 19
101 24 23
101 26 25
