1 30 18
1 18 6
1 6 4
1 4 3
1 3 2
1 2 1
1 1 0
1 6 5
1 18 17
1 17 12
1 12 9
1 9 8
1 8 7
1 12 11
1 11 10
1 17 16
1 16 14
1 14 13
1 16 15
1 30 29
1 29 19
1 29 28
1 28 26
1 26 20
1 26 25
1 25 23
1 23 22
1 22 21
1 25 24
1 28 27
2 31 15
2 15 14
2 14 13
2 13 3
2 3 1
2 1 0
2 3 2
2 13 12
2 12 11
2 11 10
2 10 4
2 10 9
2 9 5
2 9 8
2 8 6
2 8 7
2 31 30
2 30 27
2 27 26
2 26 17
2 17 16
2 26 25
2 25 22
2 22 18
2 22 21
2 21 19
2 21 20
2 25 24
2 24 23
2 30 29
2 29 28
3 29 0
3 29 28
3 28 25
3 25 24
3 24 22
3 22 21
3 21 20
3 20 18
3 18 16
3 16 5
3 5 4
3 4 3
3 3 2
3 2 1
3 16 15
3 15 13
3 13 7
3 7 6
3 13 12
3 12 11
3 11 10
3 10 8
3 10 9
3 15 14
3 18 17
3 20 19
3 24 23
3 28 27
3 27 26
4 32 27
4 27 26
4 26 24
4 24 23
4 23 2
4 2 0
4 2 1
4 23 22
4 22 12
4 12 11
4 11 10
4 10 5
4 5 4
4 4 3
4 10 9
4 9 8
4 8 7
4 7 6
4 22 21
4 21 13
4 21 20
4 20 14
4 20 19
4 19 15
4 19 18
4 18 17
4 17 16
4 26 25
4 32 31
4 31 30
4 30 29
4 29 28
5 29 28
5 28 26
5 26 24
5 24 23
5 23 8
5 8 2
5 2 0
5 2 1
5 8 7
5 7 6
5 6 4
5 4 3
5 6 5
5 23 22
5 22 20
5 20 18
5 18 17
5 17 9
5 17 16
5 16 15
5 15 10
5 15 14
5 14 13
5 13 11
5 13 12
5 20 19
5 22 21
5 26 25
5 28 27
6 30 18
6 18 6
6 6 4
6 4 3
6 3 2
6 2 1
6 1 0
6 6 5
6 18 17
6 17 12
6 12 9
6 9 8
6 8 7
6 12 11
6 11 10
6 17 16
6 16 14
6 14 13
6 16 15
6 30 29
6 29 19
6 29 28
6 28 26
6 26 20
6 26 25
6 25 23
6 23 22
6 22 21
6 25 24
6 28 27
7 33 4
7 4 3
7 3 2
7 2 0
7 2 1
7 33 32
7 32 31
7 31 30
7 30 29
7 29 28
7 28 26
7 26 25
7 25 24
7 24 23
7 23 22
7 22 21
7 21 6
7 6 5
7 21 20
7 20 11
7 11 7
7 11 10
7 10 8
7 10 9
7 20 19
7 19 12
7 19 18
7 18 17
7 17 13
7 17 16
7 16 15
7 15 14
7 28 27
8 32 31
8 31 22
8 22 16
8 16 14
8 14 13
8 13 12
8 12 10
8 10 9
8 9 0
8 9 8
8 8 5
8 5 2
8 2 1
8 5 4
8 4 3
8 8 7
8 7 6
8 12 11
8 16 15
8 22 21
8 21 17
8 21 20
8 20 18
8 20 19
8 31 30
8 30 25
8 25 24
8 24 23
8 30 29
8 29 26
8 29 28
8 28 27
9 33 7
9 7 0
9 7 6
9 6 5
9 5 4
9 4 3
9 3 2
9 2 1
9 33 32
9 32 30
9 30 10
9 10 9
9 9 8
9 30 29
9 29 28
9 28 12
9 12 11
9 28 27
9 27 26
9 26 25
9 25 13
9 25 24
9 24 23
9 23 22
9 22 17
9 17 15
9 15 14
9 17 16
9 22 21
9 21 19
9 19 18
9 21 20
9 32 31
10 31 21
10 21 20
10 20 1
10 1 0
10 20 19
10 19 2
10 19 18
10 18 13
10 13 5
10 5 4
10 4 3
10 13 12
10 12 11
10 11 10
10 10 9
10 9 8
10 8 7
10 7 6
10 18 17
10 17 15
10 15 14
10 17 16
10 31 30
10 30 29
10 29 28
10 28 27
10 27 22
10 27 26
10 26 23
10 26 25
10 25 24
11 30 29
11 29 26
11 26 25
11 25 24
11 24 23
11 23 10
11 10 4
11 4 3
11 3 2
11 2 1
11 1 0
11 10 9
11 9 7
11 7 6
11 6 5
11 9 8
11 23 22
11 22 12
11 12 11
11 22 21
11 21 17
11 17 16
11 16 13
11 16 15
11 15 14
11 21 20
11 20 19
11 19 18
11 29 28
11 28 27
12 29 28
12 28 26
12 26 0
12 26 25
12 25 1
12 25 24
12 24 23
12 23 21
12 21 20
12 20 11
12 11 10
12 10 9
12 9 7
12 7 2
12 7 6
12 6 5
12 5 3
12 5 4
12 9 8
12 20 19
12 19 18
12 18 17
12 17 13
12 13 12
12 17 16
12 16 14
12 16 15
12 23 22
12 28 27
13 32 20
13 20 19
13 19 17
13 17 10
13 10 7
13 7 5
13 5 4
13 4 0
13 4 3
13 3 1
13 3 2
13 7 6
13 10 9
13 9 8
13 17 16
13 16 15
13 15 14
13 14 11
13 14 13
13 13 12
13 19 18
13 32 31
13 31 30
13 30 29
13 29 28
13 28 27
13 27 25
13 25 23
13 23 22
13 22 21
13 25 24
13 27 26
14 32 7
14 7 0
14 7 6
14 6 4
14 4 2
14 2 1
14 4 3
14 6 5
14 32 31
14 31 29
14 29 21
14 21 19
14 19 8
14 19 18
14 18 16
14 16 9
14 16 15
14 15 14
14 14 12
14 12 11
14 11 10
14 14 13
14 18 17
14 21 20
14 29 28
14 28 27
14 27 23
14 23 22
14 27 26
14 26 24
14 26 25
14 31 30
15 34 31
15 31 0
15 31 30
15 30 29
15 29 28
15 28 15
15 15 11
15 11 10
15 10 2
15 2 1
15 10 9
15 9 4
15 4 3
15 9 8
15 8 6
15 6 5
15 8 7
15 15 14
15 14 12
15 14 13
15 28 27
15 27 16
15 27 26
15 26 23
15 23 20
15 20 18
15 18 17
15 20 19
15 23 22
15 22 21
15 26 25
15 25 24
15 34 33
15 33 32
16 30 1
16 1 0
16 30 29
16 29 2
16 29 28
16 28 27
16 27 22
16 22 21
16 21 5
16 5 4
16 4 3
16 21 20
16 20 12
16 12 7
16 7 6
16 12 11
16 11 10
16 10 8
16 10 9
16 20 19
16 19 18
16 18 17
16 17 14
16 14 13
16 17 16
16 16 15
16 27 26
16 26 25
16 25 23
16 25 24
17 30 28
17 28 13
17 13 10
17 10 6
17 6 5
17 5 4
17 4 0
17 4 3
17 3 1
17 3 2
17 10 9
17 9 7
17 9 8
17 13 12
17 12 11
17 28 27
17 27 25
17 25 16
17 16 15
17 15 14
17 25 24
17 24 23
17 23 17
17 23 22
17 22 21
17 21 18
17 21 20
17 20 19
17 27 26
17 30 29
18 29 8
18 8 7
18 7 6
18 6 2
18 2 1
18 1 0
18 6 5
18 5 4
18 4 3
18 29 28
18 28 27
18 27 26
18 26 19
18 19 18
18 18 9
18 18 17
18 17 16
18 16 13
18 13 11
18 11 10
18 13 12
18 16 15
18 15 14
18 26 25
18 25 21
18 21 20
18 25 24
18 24 22
18 24 23
19 33 32
19 32 31
19 31 30
19 30 28
19 28 1
19 1 0
19 28 27
19 27 26
19 26 21
19 21 20
19 20 19
19 19 18
19 18 2
19 18 17
19 17 16
19 16 4
19 4 3
19 16 15
19 15 5
19 15 14
19 14 13
19 13 12
19 12 7
19 7 6
19 12 11
19 11 8
19 11 10
19 10 9
19 26 25
19 25 22
19 25 24
19 24 23
19 30 29
20 29 0
20 29 28
20 28 12
20 12 10
20 10 9
20 9 7
20 7 6
20 6 1
20 6 5
20 5 4
20 4 2
20 4 3
20 9 8
20 12 11
20 28 27
20 27 25
20 25 24
20 24 20
20 20 15
20 15 13
20 15 14
20 20 19
20 19 18
20 18 16
20 18 17
20 24 23
20 23 22
20 22 21
20 27 26
21 30 0
21 30 29
21 29 28
21 28 1
21 28 27
21 27 3
21 3 2
21 27 26
21 26 24
21 24 6
21 6 4
21 6 5
21 24 23
21 23 11
21 11 10
21 10 7
21 10 9
21 9 8
21 23 22
21 22 12
21 22 21
21 21 20
21 20 19
21 19 13
21 19 18
21 18 17
21 17 14
21 17 16
21 16 15
21 26 25
22 31 29
22 29 27
22 27 25
22 25 0
22 25 24
22 24 19
22 19 1
22 19 18
22 18 17
22 17 15
22 15 9
22 9 2
22 9 8
22 8 6
22 6 5
22 5 4
22 4 3
22 8 7
22 15 14
22 14 10
22 14 13
22 13 12
22 12 11
22 17 16
22 24 23
22 23 22
22 22 21
22 21 20
22 27 26
22 29 28
22 31 30
23 32 31
23 31 29
23 29 28
23 28 1
23 1 0
23 28 27
23 27 26
23 26 2
23 26 25
23 25 24
23 24 22
23 22 20
23 20 19
23 19 18
23 18 13
23 13 12
23 12 6
23 6 4
23 4 3
23 6 5
23 12 11
23 11 10
23 10 7
23 10 9
23 9 8
23 18 17
23 17 16
23 16 14
23 16 15
23 22 21
23 24 23
23 31 30
24 33 0
24 33 32
24 32 25
24 25 20
24 20 18
24 18 2
24 2 1
24 18 17
24 17 13
24 13 7
24 7 3
24 7 6
24 6 5
24 5 4
24 13 12
24 12 11
24 11 10
24 10 8
24 10 9
24 17 16
24 16 15
24 15 14
24 20 19
24 25 24
24 24 22
24 22 21
24 24 23
24 32 31
24 31 27
24 27 26
24 31 30
24 30 29
24 29 28
25 31 28
25 28 26
25 26 25
25 25 23
25 23 0
25 23 22
25 22 21
25 21 11
25 11 8
25 8 7
25 7 5
25 5 3
25 3 2
25 2 1
25 5 4
25 7 6
25 11 10
25 10 9
25 21 20
25 20 19
25 19 12
25 19 18
25 18 17
25 17 15
25 15 14
25 14 13
25 17 16
25 25 24
25 28 27
25 31 30
25 30 29
26 32 31
26 31 20
26 20 19
26 19 6
26 6 5
26 5 3
26 3 0
26 3 2
26 2 1
26 5 4
26 19 18
26 18 16
26 16 7
26 16 15
26 15 12
26 12 11
26 11 9
26 9 8
26 11 10
26 15 14
26 14 13
26 18 17
26 31 30
26 30 21
26 30 29
26 29 26
26 26 22
26 26 25
26 25 23
26 25 24
26 29 28
26 28 27
27 30 29
27 29 9
27 9 6
27 6 1
27 1 0
27 6 5
27 5 3
27 3 2
27 5 4
27 9 8
27 8 7
27 29 28
27 28 27
27 27 16
27 16 15
27 15 10
27 15 14
27 14 12
27 12 11
27 14 13
27 27 26
27 26 18
27 18 17
27 26 25
27 25 23
27 23 20
27 20 19
27 23 22
27 22 21
27 25 24
28 31 30
28 30 0
28 30 29
28 29 27
28 27 11
28 11 1
28 11 10
28 10 9
28 9 3
28 3 2
28 9 8
28 8 6
28 6 5
28 5 4
28 8 7
28 27 26
28 26 23
28 23 21
28 21 16
28 16 12
28 16 15
28 15 14
28 14 13
28 21 20
28 20 17
28 20 19
28 19 18
28 23 22
28 26 25
28 25 24
28 29 28
29 29 8
29 8 7
29 7 0
29 7 6
29 6 5
29 5 1
29 5 4
29 4 3
29 3 2
29 29 28
29 28 27
29 27 13
29 13 12
29 12 9
29 12 11
29 11 10
29 27 26
29 26 25
29 25 24
29 24 14
29 24 23
29 23 22
29 22 16
29 16 15
29 22 21
29 21 20
29 20 18
29 18 17
29 20 19
30 29 24
30 24 23
30 23 22
30 22 21
30 21 7
30 7 0
30 7 6
30 6 3
30 3 2
30 2 1
30 6 5
30 5 4
30 21 20
30 20 19
30 19 10
30 10 9
30 9 8
30 19 18
30 18 15
30 15 11
30 15 14
30 14 12
30 14 13
30 18 17
30 17 16
30 29 28
30 28 27
30 27 25
30 27 26
31 34 18
31 18 17
31 17 16
31 16 15
31 15 14
31 14 12
31 12 11
31 11 9
31 9 8
31 8 7
31 7 1
31 1 0
31 7 6
31 6 5
31 5 4
31 4 2
31 4 3
31 11 10
31 14 13
31 34 33
31 33 31
31 31 30
31 30 24
31 24 21
31 21 19
31 21 20
31 24 23
31 23 22
31 30 29
31 29 28
31 28 26
31 26 25
31 28 27
31 33 32
32 31 29
32 29 27
32 27 0
32 27 26
32 26 25
32 25 24
32 24 5
32 5 4
32 4 1
32 4 3
32 3 2
32 24 23
32 23 22
32 22 21
32 21 18
32 18 6
32 18 17
32 17 16
32 16 15
32 15 13
32 13 10
32 10 9
32 9 7
32 9 8
32 13 12
32 12 11
32 15 14
32 21 20
32 20 19
32 29 28
32 31 30
33 33 31
33 31 29
33 29 28
33 28 26
33 26 25
33 25 24
33 24 22
33 22 12
33 12 10
33 10 9
33 9 5
33 5 4
33 4 3
33 3 1
33 1 0
33 3 2
33 9 8
33 8 6
33 8 7
33 12 11
33 22 21
33 21 20
33 20 19
33 19 17
33 17 15
33 15 14
33 14 13
33 17 16
33 19 18
33 24 23
33 28 27
33 31 30
33 33 32
34 32 19
34 19 2
34 2 0
34 2 1
34 19 18
34 18 17
34 17 10
34 10 4
34 4 3
34 10 9
34 9 7
34 7 5
34 7 6
34 9 8
34 17 16
34 16 14
34 14 11
34 14 13
34 13 12
34 16 15
34 32 31
34 31 22
34 22 21
34 21 20
34 31 30
34 30 23
34 30 29
34 29 28
34 28 24
34 28 27
34 27 26
34 26 25
35 29 28
35 28 11
35 11 9
35 9 4
35 4 3
35 3 2
35 2 1
35 1 0
35 9 8
35 8 5
35 8 7
35 7 6
35 11 10
35 28 27
35 27 13
35 13 12
35 27 26
35 26 21
35 21 14
35 21 20
35 20 19
35 19 18
35 18 15
35 18 17
35 17 16
35 26 25
35 25 24
35 24 22
35 24 23
36 33 25
36 25 0
36 25 24
36 24 23
36 23 1
36 23 22
36 22 3
36 3 2
36 22 21
36 21 20
36 20 18
36 18 17
36 17 16
36 16 4
36 16 15
36 15 5
36 15 14
36 14 13
36 13 11
36 11 10
36 10 9
36 9 7
36 7 6
36 9 8
36 13 12
36 20 19
36 33 32
36 32 27
36 27 26
36 32 31
36 31 29
36 29 28
36 31 30
37 32 5
37 5 2
37 2 0
37 2 1
37 5 4
37 4 3
37 32 31
37 31 7
37 7 6
37 31 30
37 30 29
37 29 21
37 21 8
37 21 20
37 20 12
37 12 9
37 12 11
37 11 10
37 20 19
37 19 18
37 18 17
37 17 16
37 16 15
37 15 14
37 14 13
37 29 28
37 28 27
37 27 25
37 25 24
37 24 22
37 24 23
37 27 26
38 31 0
38 31 30
38 30 29
38 29 2
38 2 1
38 29 28
38 28 13
38 13 12
38 12 11
38 11 10
38 10 9
38 9 8
38 8 6
38 6 5
38 5 3
38 5 4
38 8 7
38 28 27
38 27 16
38 16 15
38 15 14
38 27 26
38 26 20
38 20 18
38 18 17
38 20 19
38 26 25
38 25 24
38 24 23
38 23 22
38 22 21
39 31 15
39 15 4
39 4 3
39 3 2
39 2 1
39 1 0
39 15 14
39 14 7
39 7 5
39 7 6
39 14 13
39 13 9
39 9 8
39 13 12
39 12 11
39 11 10
39 31 30
39 30 17
39 17 16
39 30 29
39 29 24
39 24 22
39 22 21
39 21 18
39 21 20
39 20 19
39 24 23
39 29 28
39 28 27
39 27 25
39 27 26
40 31 29
40 29 28
40 28 0
40 28 27
40 27 25
40 25 1
40 25 24
40 24 17
40 17 16
40 16 6
40 6 5
40 5 2
40 5 4
40 4 3
40 16 15
40 15 12
40 12 11
40 11 7
40 11 10
40 10 8
40 10 9
40 15 14
40 14 13
40 24 23
40 23 21
40 21 20
40 20 18
40 20 19
40 23 22
40 27 26
40 31 30
41 29 0
41 29 28
41 28 26
41 26 25
41 25 22
41 22 8
41 8 3
41 3 1
41 3 2
41 8 7
41 7 5
41 5 4
41 7 6
41 22 21
41 21 18
41 18 17
41 17 13
41 13 12
41 12 11
41 11 10
41 10 9
41 17 16
41 16 15
41 15 14
41 21 20
41 20 19
41 25 24
41 24 23
41 28 27
42 34 7
42 7 5
42 5 4
42 4 2
42 2 0
42 2 1
42 4 3
42 7 6
42 34 33
42 33 31
42 31 30
42 30 29
42 29 26
42 26 8
42 26 25
42 25 9
42 25 24
42 24 12
42 12 11
42 11 10
42 24 23
42 23 13
42 23 22
42 22 14
42 22 21
42 21 20
42 20 19
42 19 18
42 18 17
42 17 15
42 17 16
42 29 28
42 28 27
42 33 32
43 30 0
43 30 29
43 29 28
43 28 1
43 28 27
43 27 19
43 19 18
43 18 17
43 17 9
43 9 4
43 4 3
43 3 2
43 9 8
43 8 7
43 7 5
43 7 6
43 17 16
43 16 11
43 11 10
43 16 15
43 15 13
43 13 12
43 15 14
43 27 26
43 26 24
43 24 23
43 23 22
43 22 21
43 21 20
43 26 25
44 29 3
44 3 2
44 2 0
44 2 1
44 29 28
44 28 26
44 26 25
44 25 7
44 7 5
44 5 4
44 7 6
44 25 24
44 24 10
44 10 8
44 10 9
44 24 23
44 23 21
44 21 19
44 19 11
44 19 18
44 18 13
44 13 12
44 18 17
44 17 16
44 16 14
44 16 15
44 21 20
44 23 22
44 28 27
45 31 0
45 31 30
45 30 29
45 29 21
45 21 19
45 19 17
45 17 1
45 17 16
45 16 15
45 15 3
45 3 2
45 15 14
45 14 9
45 9 7
45 7 5
45 5 4
45 7 6
45 9 8
45 14 13
45 13 12
45 12 10
45 12 11
45 19 18
45 21 20
45 29 28
45 28 24
45 24 23
45 23 22
45 28 27
45 27 26
45 26 25
46 33 32
46 32 1
46 1 0
46 32 31
46 31 30
46 30 2
46 30 29
46 29 28
46 28 26
46 26 25
46 25 3
46 25 24
46 24 7
46 7 5
46 5 4
46 7 6
46 24 23
46 23 22
46 22 12
46 12 9
46 9 8
46 12 11
46 11 10
46 22 21
46 21 17
46 17 16
46 16 14
46 14 13
46 16 15
46 21 20
46 20 18
46 20 19
46 28 27
47 29 28
47 28 9
47 9 1
47 1 0
47 9 8
47 8 7
47 7 6
47 6 3
47 3 2
47 6 5
47 5 4
47 28 27
47 27 24
47 24 22
47 22 19
47 19 10
47 19 18
47 18 11
47 18 17
47 17 15
47 15 13
47 13 12
47 15 14
47 17 16
47 22 21
47 21 20
47 24 23
47 27 26
47 26 25
48 34 0
48 34 33
48 33 4
48 4 3
48 3 1
48 3 2
48 33 32
48 32 5
48 32 31
48 31 15
48 15 14
48 14 6
48 14 13
48 13 12
48 12 11
48 11 8
48 8 7
48 11 10
48 10 9
48 31 30
48 30 28
48 28 18
48 18 17
48 17 16
48 28 27
48 27 26
48 26 25
48 25 22
48 22 21
48 21 20
48 20 19
48 25 24
48 24 23
48 30 29
49 33 32
49 32 31
49 31 30
49 30 28
49 28 0
49 28 27
49 27 26
49 26 20
49 20 18
49 18 16
49 16 10
49 10 7
49 7 2
49 2 1
49 7 6
49 6 5
49 5 3
49 5 4
49 10 9
49 9 8
49 16 15
49 15 13
49 13 12
49 12 11
49 15 14
49 18 17
49 20 19
49 26 25
49 25 24
49 24 21
49 24 23
49 23 22
49 30 29
50 30 23
50 23 18
50 18 14
50 14 1
50 1 0
50 14 13
50 13 11
50 11 3
50 3 2
50 11 10
50 10 8
50 8 7
50 7 6
50 6 5
50 5 4
50 10 9
50 13 12
50 18 17
50 17 16
50 16 15
50 23 22
50 22 21
50 21 19
50 21 20
50 30 29
50 29 28
50 28 27
50 27 24
50 27 26
50 26 25
51 32 31
51 31 28
51 28 18
51 18 9
51 9 1
51 1 0
51 9 8
51 8 4
51 4 2
51 4 3
51 8 7
51 7 5
51 7 6
51 18 17
51 17 16
51 16 10
51 16 15
51 15 12
51 12 11
51 15 14
51 14 13
51 28 27
51 27 26
51 26 21
51 21 19
51 21 20
51 26 25
51 25 24
51 24 23
51 23 22
51 31 30
51 30 29
52 29 27
52 27 25
52 25 23
52 23 22
52 22 20
52 20 19
52 19 17
52 17 16
52 16 15
52 15 13
52 13 8
52 8 4
52 4 3
52 3 2
52 2 1
52 1 0
52 8 7
52 7 5
52 7 6
52 13 12
52 12 11
52 11 10
52 10 9
52 15 14
52 19 18
52 22 21
52 25 24
52 27 26
52 29 28
53 30 7
53 7 5
53 5 2
53 2 1
53 1 0
53 5 4
53 4 3
53 7 6
53 30 29
53 29 28
53 28 8
53 28 27
53 27 26
53 26 17
53 17 16
53 16 11
53 11 10
53 10 9
53 16 15
53 15 12
53 15 14
53 14 13
53 26 25
53 25 18
53 25 24
53 24 22
53 22 21
53 21 20
53 20 19
53 24 23
54 34 33
54 33 21
54 21 0
54 21 20
54 20 19
54 19 18
54 18 17
54 17 13
54 13 5
54 5 3
54 3 1
54 3 2
54 5 4
54 13 12
54 12 10
54 10 9
54 9 8
54 8 7
54 7 6
54 12 11
54 17 16
54 16 15
54 15 14
54 33 32
54 32 31
54 31 26
54 26 22
54 26 25
54 25 24
54 24 23
54 31 30
54 30 29
54 29 27
54 29 28
55 29 24
55 24 23
55 23 0
55 23 22
55 22 2
55 2 1
55 22 21
55 21 3
55 21 20
55 20 11
55 11 6
55 6 5
55 5 4
55 11 10
55 10 9
55 9 8
55 8 7
55 20 19
55 19 12
55 19 18
55 18 17
55 17 13
55 17 16
55 16 15
55 15 14
55 29 28
55 28 27
55 27 25
55 27 26
56 34 33
56 33 9
56 9 8
56 8 7
56 7 6
56 6 3
56 3 2
56 2 1
56 1 0
56 6 5
56 5 4
56 33 32
56 32 10
56 32 31
56 31 29
56 29 11
56 29 28
56 28 12
56 28 27
56 27 25
56 25 15
56 15 14
56 14 13
56 25 24
56 24 23
56 23 21
56 21 20
56 20 18
56 18 17
56 17 16
56 20 19
56 23 22
56 27 26
56 31 30
57 31 29
57 29 11
57 11 9
57 9 8
57 8 6
57 6 4
57 4 3
57 3 2
57 2 0
57 2 1
57 6 5
57 8 7
57 11 10
57 29 28
57 28 27
57 27 26
57 26 20
57 20 12
57 20 19
57 19 18
57 18 13
57 18 17
57 17 14
57 17 16
57 16 15
57 26 25
57 25 21
57 25 24
57 24 22
57 24 23
57 31 30
58 34 0
58 34 33
58 33 1
58 33 32
58 32 12
58 12 11
58 11 10
58 10 5
58 5 4
58 4 2
58 4 3
58 10 9
58 9 7
58 7 6
58 9 8
58 32 31
58 31 28
58 28 19
58 19 18
58 18 17
58 17 15
58 15 14
58 14 13
58 17 16
58 28 27
58 27 22
58 22 21
58 21 20
58 27 26
58 26 24
58 24 23
58 26 25
58 31 30
58 30 29
59 34 32
59 32 30
59 30 29
59 29 22
59 22 21
59 21 0
59 21 20
59 20 1
59 20 19
59 19 6
59 6 5
59 5 3
59 3 2
59 5 4
59 19 18
59 18 17
59 17 11
59 11 7
59 11 10
59 10 9
59 9 8
59 17 16
59 16 15
59 15 12
59 15 14
59 14 13
59 29 28
59 28 26
59 26 24
59 24 23
59 26 25
59 28 27
59 32 31
59 34 33
60 32 4
60 4 3
60 3 1
60 1 0
60 3 2
60 32 31
60 31 30
60 30 28
60 28 24
60 24 6
60 6 5
60 24 23
60 23 22
60 22 19
60 19 7
60 19 18
60 18 16
60 16 15
60 15 14
60 14 12
60 12 11
60 11 10
60 10 9
60 9 8
60 14 13
60 18 17
60 22 21
60 21 20
60 28 27
60 27 25
60 27 26
60 30 29
61 31 0
61 31 30
61 30 29
61 29 26
61 26 24
61 24 23
61 23 21
61 21 12
61 12 5
61 5 4
61 4 3
61 3 2
61 2 1
61 12 11
61 11 8
61 8 7
61 7 6
61 11 10
61 10 9
61 21 20
61 20 13
61 20 19
61 19 17
61 17 16
61 16 15
61 15 14
61 19 18
61 23 22
61 26 25
61 29 28
61 28 27
62 32 25
62 25 24
62 24 6
62 6 5
62 5 3
62 3 1
62 1 0
62 3 2
62 5 4
62 24 23
62 23 22
62 22 19
62 19 18
62 18 17
62 17 9
62 9 8
62 8 7
62 17 16
62 16 15
62 15 12
62 12 10
62 12 11
62 15 14
62 14 13
62 22 21
62 21 20
62 32 31
62 31 30
62 30 29
62 29 27
62 27 26
62 29 28
63 31 30
63 30 10
63 10 9
63 9 6
63 6 5
63 5 4
63 4 3
63 3 2
63 2 1
63 1 0
63 9 8
63 8 7
63 30 29
63 29 28
63 28 11
63 28 27
63 27 23
63 23 15
63 15 14
63 14 12
63 14 13
63 23 22
63 22 21
63 21 16
63 21 20
63 20 19
63 19 18
63 18 17
63 27 26
63 26 24
63 26 25
64 31 0
64 31 30
64 30 29
64 29 1
64 29 28
64 28 27
64 27 26
64 26 3
64 3 2
64 26 25
64 25 8
64 8 4
64 8 7
64 7 5
64 7 6
64 25 24
64 24 23
64 23 9
64 23 22
64 22 20
64 20 19
64 19 10
64 19 18
64 18 13
64 13 11
64 13 12
64 18 17
64 17 16
64 16 14
64 16 15
64 22 21
65 32 23
65 23 2
65 2 1
65 1 0
65 23 22
65 22 20
65 20 19
65 19 8
65 8 6
65 6 4
65 4 3
65 6 5
65 8 7
65 19 18
65 18 16
65 16 14
65 14 13
65 13 12
65 12 9
65 12 11
65 11 10
65 16 15
65 18 17
65 22 21
65 32 31
65 31 28
65 28 27
65 27 25
65 25 24
65 27 26
65 31 30
65 30 29
66 29 0
66 29 28
66 28 2
66 2 1
66 28 27
66 27 26
66 26 25
66 25 4
66 4 3
66 25 24
66 24 18
66 18 16
66 16 15
66 15 13
66 13 12
66 12 11
66 11 6
66 6 5
66 11 10
66 10 9
66 9 7
66 9 8
66 15 14
66 18 17
66 24 23
66 23 22
66 22 20
66 20 19
66 22 21
67 29 25
67 25 4
67 4 1
67 1 0
67 4 3
67 3 2
67 25 24
67 24 5
67 24 23
67 23 8
67 8 7
67 7 6
67 23 22
67 22 21
67 21 19
67 19 18
67 18 10
67 10 9
67 18 17
67 17 16
67 16 15
67 15 14
67 14 13
67 13 11
67 13 12
67 21 20
67 29 28
67 28 27
67 27 26
68 30 29
68 29 0
68 29 28
68 28 2
68 2 1
68 28 27
68 27 25
68 25 24
68 24 22
68 22 7
68 7 3
68 7 6
68 6 4
68 6 5
68 22 21
68 21 17
68 17 16
68 16 15
68 15 13
68 13 12
68 12 11
68 11 10
68 10 9
68 9 8
68 15 14
68 21 20
68 20 18
68 20 19
68 24 23
68 27 26
69 31 10
69 10 0
69 10 9
69 9 4
69 4 3
69 3 2
69 2 1
69 9 8
69 8 7
69 7 6
69 6 5
69 31 30
69 30 28
69 28 12
69 12 11
69 28 27
69 27 26
69 26 21
69 21 20
69 20 15
69 15 14
69 14 13
69 20 19
69 19 16
69 19 18
69 18 17
69 26 25
69 25 24
69 24 22
69 24 23
69 30 29
70 32 31
70 31 22
70 22 14
70 14 13
70 13 12
70 12 1
70 1 0
70 12 11
70 11 8
70 8 7
70 7 6
70 6 2
70 6 5
70 5 4
70 4 3
70 11 10
70 10 9
70 22 21
70 21 17
70 17 16
70 16 15
70 21 20
70 20 18
70 20 19
70 31 30
70 30 29
70 29 23
70 29 28
70 28 27
70 27 26
70 26 24
70 26 25
71 32 0
71 32 31
71 31 1
71 31 30
71 30 12
71 12 11
71 11 9
71 9 2
71 9 8
71 8 3
71 8 7
71 7 5
71 5 4
71 7 6
71 11 10
71 30 29
71 29 27
71 27 15
71 15 13
71 15 14
71 27 26
71 26 25
71 25 16
71 25 24
71 24 22
71 22 21
71 21 20
71 20 17
71 20 19
71 19 18
71 24 23
71 29 28
72 30 29
72 29 28
72 28 26
72 26 25
72 25 22
72 22 13
72 13 6
72 6 5
72 5 0
72 5 4
72 4 2
72 2 1
72 4 3
72 13 12
72 12 10
72 10 9
72 9 8
72 8 7
72 12 11
72 22 21
72 21 20
72 20 14
72 20 19
72 19 16
72 16 15
72 19 18
72 18 17
72 25 24
72 24 23
72 28 27
73 32 0
73 32 31
73 31 30
73 30 29
73 29 28
73 28 9
73 9 2
73 2 1
73 9 8
73 8 3
73 8 7
73 7 6
73 6 4
73 6 5
73 28 27
73 27 10
73 27 26
73 26 21
73 21 11
73 21 20
73 20 18
73 18 13
73 13 12
73 18 17
73 17 16
73 16 14
73 16 15
73 20 19
73 26 25
73 25 22
73 25 24
73 24 23
74 31 0
74 31 30
74 30 29
74 29 25
74 25 4
74 4 3
74 3 2
74 2 1
74 25 24
74 24 22
74 22 5
74 22 21
74 21 11
74 11 10
74 10 6
74 10 9
74 9 8
74 8 7
74 21 20
74 20 19
74 19 18
74 18 17
74 17 15
74 15 14
74 14 13
74 13 12
74 17 16
74 24 23
74 29 28
74 28 26
74 28 27
75 30 28
75 28 0
75 28 27
75 27 26
75 26 24
75 24 1
75 24 23
75 23 22
75 22 3
75 3 2
75 22 21
75 21 20
75 20 18
75 18 4
75 18 17
75 17 13
75 13 10
75 10 9
75 9 5
75 9 8
75 8 6
75 8 7
75 13 12
75 12 11
75 17 16
75 16 15
75 15 14
75 20 19
75 26 25
75 30 29
76 31 29
76 29 28
76 28 6
76 6 2
76 2 1
76 1 0
76 6 5
76 5 4
76 4 3
76 28 27
76 27 23
76 23 22
76 22 21
76 21 14
76 14 13
76 13 12
76 12 10
76 10 9
76 9 8
76 8 7
76 12 11
76 21 20
76 20 19
76 19 18
76 18 15
76 18 17
76 17 16
76 27 26
76 26 24
76 26 25
76 31 30
77 33 32
77 32 29
77 29 28
77 28 27
77 27 0
77 27 26
77 26 25
77 25 24
77 24 22
77 22 16
77 16 15
77 15 14
77 14 1
77 14 13
77 13 2
77 13 12
77 12 4
77 4 3
77 12 11
77 11 10
77 10 7
77 7 6
77 6 5
77 10 9
77 9 8
77 22 21
77 21 20
77 20 17
77 20 19
77 19 18
77 24 23
77 32 31
77 31 30
78 32 31
78 31 2
78 2 0
78 2 1
78 31 30
78 30 3
78 30 29
78 29 4
78 29 28
78 28 27
78 27 7
78 7 6
78 6 5
78 27 26
78 26 24
78 24 22
78 22 21
78 21 20
78 20 11
78 11 8
78 11 10
78 10 9
78 20 19
78 19 16
78 16 14
78 14 13
78 13 12
78 16 15
78 19 18
78 18 17
78 24 23
78 26 25
79 32 14
79 14 12
79 12 11
79 11 10
79 10 5
79 5 0
79 5 4
79 4 3
79 3 1
79 3 2
79 10 9
79 9 6
79 9 8
79 8 7
79 14 13
79 32 31
79 31 30
79 30 15
79 30 29
79 29 25
79 25 24
79 24 18
79 18 17
79 17 16
79 24 23
79 23 22
79 22 19
79 22 21
79 21 20
79 29 28
79 28 27
79 27 26
80 29 0
80 29 28
80 28 24
80 24 1
80 24 23
80 23 22
80 22 18
80 18 2
80 18 17
80 17 16
80 16 11
80 11 10
80 10 3
80 10 9
80 9 7
80 7 4
80 7 6
80 6 5
80 9 8
80 16 15
80 15 12
80 15 14
80 14 13
80 22 21
80 21 19
80 21 20
80 28 27
80 27 26
80 26 25
81 32 1
81 1 0
81 32 31
81 31 6
81 6 5
81 5 3
81 3 2
81 5 4
81 31 30
81 30 16
81 16 10
81 10 8
81 8 7
81 10 9
81 16 15
81 15 11
81 15 14
81 14 12
81 14 13
81 30 29
81 29 28
81 28 25
81 25 21
81 21 20
81 20 17
81 20 19
81 19 18
81 25 24
81 24 23
81 23 22
81 28 27
81 27 26
82 31 18
82 18 5
82 5 4
82 4 3
82 3 0
82 3 2
82 2 1
82 18 17
82 17 16
82 16 6
82 16 15
82 15 12
82 12 8
82 8 7
82 12 11
82 11 9
82 11 10
82 15 14
82 14 13
82 31 30
82 30 23
82 23 22
82 22 21
82 21 20
82 20 19
82 30 29
82 29 28
82 28 27
82 27 25
82 25 24
82 27 26
83 30 25
83 25 24
83 24 23
83 23 0
83 23 22
83 22 21
83 21 20
83 20 8
83 8 6
83 6 5
83 5 4
83 4 1
83 4 3
83 3 2
83 8 7
83 20 19
83 19 9
83 19 18
83 18 16
83 16 10
83 16 15
83 15 14
83 14 13
83 13 12
83 12 11
83 18 17
83 30 29
83 29 28
83 28 26
83 28 27
84 31 0
84 31 30
84 30 29
84 29 1
84 29 28
84 28 27
84 27 4
84 4 2
84 4 3
84 27 26
84 26 8
84 8 6
84 6 5
84 8 7
84 26 25
84 25 11
84 11 9
84 11 10
84 25 24
84 24 12
84 24 23
84 23 17
84 17 15
84 15 14
84 14 13
84 17 16
84 23 22
84 22 19
84 19 18
84 22 21
84 21 20
85 29 27
85 27 26
85 26 3
85 3 1
85 1 0
85 3 2
85 26 25
85 25 4
85 25 24
85 24 23
85 23 18
85 18 9
85 9 8
85 8 5
85 8 7
85 7 6
85 18 17
85 17 16
85 16 15
85 15 10
85 15 14
85 14 11
85 14 13
85 13 12
85 23 22
85 22 20
85 20 19
85 22 21
85 29 28
86 34 33
86 33 32
86 32 0
86 32 31
86 31 5
86 5 3
86 3 1
86 3 2
86 5 4
86 31 30
86 30 29
86 29 12
86 12 11
86 11 9
86 9 8
86 8 7
86 7 6
86 11 10
86 29 28
86 28 27
86 27 26
86 26 24
86 24 23
86 23 22
86 22 13
86 22 21
86 21 19
86 19 14
86 19 18
86 18 15
86 18 17
86 17 16
86 21 20
86 26 25
87 31 27
87 27 25
87 25 8
87 8 4
87 4 3
87 3 2
87 2 1
87 1 0
87 8 7
87 7 5
87 7 6
87 25 24
87 24 9
87 24 23
87 23 14
87 14 10
87 14 13
87 13 12
87 12 11
87 23 22
87 22 18
87 18 15
87 18 17
87 17 16
87 22 21
87 21 20
87 20 19
87 27 26
87 31 30
87 30 29
87 29 28
88 32 1
88 1 0
88 32 31
88 31 16
88 16 11
88 11 10
88 10 9
88 9 7
88 7 6
88 6 5
88 5 4
88 4 2
88 4 3
88 9 8
88 16 15
88 15 14
88 14 12
88 14 13
88 31 30
88 30 29
88 29 26
88 26 25
88 25 22
88 22 20
88 20 17
88 20 19
88 19 18
88 22 21
88 25 24
88 24 23
88 29 28
88 28 27
89 30 0
89 30 29
89 29 28
89 28 26
89 26 21
89 21 20
89 20 19
89 19 18
89 18 17
89 17 13
89 13 8
89 8 3
89 3 1
89 3 2
89 8 7
89 7 5
89 5 4
89 7 6
89 13 12
89 12 9
89 12 11
89 11 10
89 17 16
89 16 15
89 15 14
89 26 25
89 25 23
89 23 22
89 25 24
89 28 27
90 31 30
90 30 28
90 28 13
90 13 3
90 3 2
90 2 0
90 2 1
90 13 12
90 12 5
90 5 4
90 12 11
90 11 6
90 11 10
90 10 9
90 9 8
90 8 7
90 28 27
90 27 18
90 18 17
90 17 16
90 16 15
90 15 14
90 27 26
90 26 24
90 24 21
90 21 19
90 21 20
90 24 23
90 23 22
90 26 25
90 30 29
91 31 30
91 30 0
91 30 29
91 29 13
91 13 12
91 12 11
91 11 4
91 4 3
91 3 1
91 3 2
91 11 10
91 10 8
91 8 5
91 8 7
91 7 6
91 10 9
91 29 28
91 28 14
91 28 27
91 27 26
91 26 15
91 26 25
91 25 23
91 23 19
91 19 18
91 18 17
91 17 16
91 23 22
91 22 20
91 22 21
91 25 24
92 33 0
92 33 32
92 32 4
92 4 2
92 2 1
92 4 3
92 32 31
92 31 30
92 30 29
92 29 5
92 29 28
92 28 27
92 27 6
92 27 26
92 26 25
92 25 16
92 16 15
92 15 14
92 14 13
92 13 11
92 11 10
92 10 9
92 9 8
92 8 7
92 13 12
92 25 24
92 24 17
92 24 23
92 23 22
92 22 20
92 20 19
92 19 18
92 22 21
93 32 31
93 31 30
93 30 0
93 30 29
93 29 28
93 28 27
93 27 26
93 26 25
93 25 11
93 11 10
93 10 5
93 5 4
93 4 3
93 3 2
93 2 1
93 10 9
93 9 8
93 8 6
93 8 7
93 25 24
93 24 23
93 23 20
93 20 19
93 19 16
93 16 15
93 15 14
93 14 13
93 13 12
93 19 18
93 18 17
93 23 22
93 22 21
94 31 27
94 27 1
94 1 0
94 27 26
94 26 6
94 6 4
94 4 2
94 4 3
94 6 5
94 26 25
94 25 10
94 10 9
94 9 7
94 9 8
94 25 24
94 24 16
94 16 13
94 13 12
94 12 11
94 16 15
94 15 14
94 24 23
94 23 22
94 22 17
94 22 21
94 21 18
94 21 20
94 20 19
94 31 30
94 30 28
94 30 29
95 30 25
95 25 24
95 24 22
95 22 20
95 20 19
95 19 17
95 17 15
95 15 14
95 14 13
95 13 12
95 12 2
95 2 1
95 1 0
95 12 11
95 11 7
95 7 5
95 5 3
95 5 4
95 7 6
95 11 10
95 10 8
95 10 9
95 17 16
95 19 18
95 22 21
95 24 23
95 30 29
95 29 28
95 28 26
95 28 27
96 33 31
96 31 6
96 6 5
96 5 4
96 4 0
96 4 3
96 3 2
96 2 1
96 31 30
96 30 27
96 27 7
96 27 26
96 26 14
96 14 13
96 13 12
96 12 11
96 11 10
96 10 9
96 9 8
96 26 25
96 25 24
96 24 23
96 23 22
96 22 21
96 21 17
96 17 16
96 16 15
96 21 20
96 20 18
96 20 19
96 30 29
96 29 28
96 33 32
97 31 30
97 30 29
97 29 23
97 23 22
97 22 20
97 20 19
97 19 6
97 6 5
97 5 4
97 4 0
97 4 3
97 3 2
97 2 1
97 19 18
97 18 17
97 17 16
97 16 15
97 15 14
97 14 10
97 10 9
97 9 8
97 8 7
97 14 13
97 13 11
97 13 12
97 22 21
97 29 28
97 28 27
97 27 26
97 26 25
97 25 24
98 34 20
98 20 18
98 18 17
98 17 16
98 16 0
98 16 15
98 15 13
98 13 4
98 4 3
98 3 2
98 2 1
98 13 12
98 12 10
98 10 5
98 10 9
98 9 8
98 8 7
98 7 6
98 12 11
98 15 14
98 20 19
98 34 33
98 33 32
98 32 31
98 31 30
98 30 26
98 26 24
98 24 23
98 23 21
98 23 22
98 26 25
98 30 29
98 29 27
98 29 28
99 29 28
99 28 22
99 22 5
99 5 3
99 3 1
99 1 0
99 3 2
99 5 4
99 22 21
99 21 19
99 19 10
99 10 6
99 10 9
99 9 7
99 9 8
99 19 18
99 18 11
99 18 17
99 17 12
99 17 16
99 16 13
99 16 15
99 15 14
99 21 20
99 28 27
99 27 26
99 26 25
99 25 24
99 24 23
100 32 29
100 29 23
100 23 21
100 21 20
100 20 3
100 3 2
100 2 1
100 1 0
100 20 19
100 19 5
100 5 4
100 19 18
100 18 6
100 18 17
100 17 16
100 16 15
100 15 11
100 11 9
100 9 7
100 9 8
100 11 10
100 15 14
100 14 12
100 14 13
100 23 22
100 29 28
100 28 27
100 27 26
100 26 25
100 25 24
100 32 31
100 31 30
101 31 30
101 30 26
101 26 0
101 26 25
101 25 20
101 20 19
101 19 1
101 19 18
101 18 17
101 17 16
101 16 15
101 15 11
101 11 5
101 5 3
101 3 2
101 5 4
101 11 10
101 10 9
101 9 8
101 8 6
101 8 7
101 15 14
101 14 13
101 13 12
101 25 24
101 24 21
101 24 23
101 23 22
101 30 29
101 29 28
101 28 27
