1 29 27
1 27 23
1 23 22
1 22 18
1 18 2
1 2 0
1 2 1
1 18 17
1 17 16
1 16 15
1 15 3
1 15 14
1 14 4
1 14 13
1 13 12
1 12 11
1 11 7
1 7 5
1 7 6
1 11 10
1 10 8
1 10 9
1 22 21
1 21 19
1 21 20
1 27 26
1 26 24
1 26 25
1 29 28
2 29 0
2 29 28
2 28 27
2 27 20
2 20 4
2 4 3
2 3 2
2 2 1
2 20 19
2 19 17
2 17 16
2 16 10
2 10 5
2 10 9
2 9 8
2 8 7
2 7 6
2 16 15
2 15 14
2 14 13
2 13 12
2 12 11
2 19 18
2 27 26
2 26 21
2 26 25
2 25 24
2 24 22
2 24 23
3 34 31
3 31 18
3 18 2
3 2 1
3 1 0
3 18 17
3 17 15
3 15 14
3 14 13
3 13 8
3 8 6
3 6 4
3 4 3
3 6 5
3 8 7
3 13 12
3 12 10
3 10 9
3 12 11
3 17 16
3 31 30
3 30 28
3 28 24
3 24 19
3 24 23
3 23 22
3 22 21
3 21 20
3 28 27
3 27 26
3 26 25
3 30 29
3 34 33
3 33 32
4 31 30
4 30 19
4 19 17
4 17 15
4 15 0
4 15 14
4 14 12
4 12 11
4 11 10
4 10 9
4 9 1
4 9 8
4 8 2
4 8 7
4 7 6
4 6 5
4 5 4
4 4 3
4 14 13
4 17 16
4 19 18
4 30 29
4 29 28
4 28 26
4 26 22
4 22 20
4 22 21
4 26 25
4 25 24
4 24 23
4 28 27
5 32 27
5 27 25
5 25 23
5 23 21
5 21 0
5 21 20
5 20 19
5 19 13
5 13 11
5 11 9
5 9 3
5 3 1
5 3 2
5 9 8
5 8 7
5 7 6
5 6 5
5 5 4
5 11 10
5 13 12
5 19 18
5 18 17
5 17 14
5 17 16
5 16 15
5 23 22
5 25 24
5 27 26
5 32 31
5 31 30
5 30 28
5 30 29
6 32 31
6 31 2
6 2 0
6 2 1
6 31 30
6 30 29
6 29 28
6 28 3
6 28 27
6 27 16
6 16 5
6 5 4
6 16 15
6 15 14
6 14 12
6 12 11
6 11 9
6 9 8
6 8 7
6 7 6
6 11 10
6 14 13
6 27 26
6 26 24
6 24 22
6 22 21
6 21 19
6 19 17
6 19 18
6 21 20
6 24 23
6 26 25
7 29 28
7 28 0
7 28 27
7 27 22
7 22 17
7 17 3
7 3 2
7 2 1
7 17 16
7 16 14
7 14 8
7 8 6
7 6 4
7 6 5
7 8 7
7 14 13
7 13 12
7 12 11
7 11 10
7 10 9
7 16 15
7 22 21
7 21 18
7 21 20
7 20 19
7 27 26
7 26 25
7 25 24
7 24 23
8 30 25
8 25 23
8 23 21
8 21 20
8 20 19
8 19 0
8 19 18
8 18 6
8 6 3
8 3 1
8 3 2
8 6 5
8 5 4
8 18 17
8 17 16
8 16 15
8 15 14
8 14 12
8 12 11
8 11 7
8 11 10
8 10 9
8 9 8
8 14 13
8 23 22
8 25 24
8 30 29
8 29 26
8 29 28
8 28 27
9 29 22
9 22 19
9 19 0
9 19 18
9 18 16
9 16 2
9 2 1
9 16 15
9 15 11
9 11 4
9 4 3
9 11 10
9 10 9
9 9 5
9 9 8
9 8 6
9 8 7
9 15 14
9 14 12
9 14 13
9 18 17
9 22 21
9 21 20
9 29 28
9 28 27
9 27 26
9 26 23
9 26 25
9 25 24
10 29 23
10 23 22
10 22 19
10 19 18
10 18 14
10 14 4
10 4 3
10 3 1
10 1 0
10 3 2
10 14 13
10 13 11
10 11 10
10 10 5
10 10 9
10 9 6
10 9 8
10 8 7
10 13 12
10 18 17
10 17 16
10 16 15
10 22 21
10 21 20
10 29 28
10 28 24
10 28 27
10 27 26
10 26 25
11 32 31
11 31 30
11 30 28
11 28 0
11 28 27
11 27 24
11 24 23
11 23 21
11 21 20
11 20 6
11 6 4
11 4 2
11 2 1
11 4 3
11 6 5
11 20 19
11 19 14
11 14 13
11 13 12
11 12 11
11 11 8
11 8 7
11 11 10
11 10 9
11 19 18
11 18 15
11 18 17
11 17 16
11 23 22
11 27 26
11 26 25
11 30 29
12 34 0
12 34 33
12 33 3
12 3 2
12 2 1
12 33 32
12 32 18
12 18 4
12 18 17
12 17 16
12 16 14
12 14 9
12 9 8
12 8 7
12 7 6
12 6 5
12 14 13
12 13 11
12 11 10
12 13 12
12 16 15
12 32 31
12 31 30
12 30 23
12 23 20
12 20 19
12 23 22
12 22 21
12 30 29
12 29 27
12 27 25
12 25 24
12 27 26
12 29 28
13 31 30
13 30 1
13 1 0
13 30 29
13 29 27
13 27 26
13 26 2
13 26 25
13 25 24
13 24 21
13 21 20
13 20 19
13 19 16
13 16 15
13 15 12
13 12 4
13 4 3
13 12 11
13 11 8
13 8 6
13 6 5
13 8 7
13 11 10
13 10 9
13 15 14
13 14 13
13 19 18
13 18 17
13 24 23
13 23 22
13 29 28
14 29 27
14 27 25
14 25 6
14 6 0
14 6 5
14 5 4
14 4 3
14 3 1
14 3 2
14 25 24
14 24 8
14 8 7
14 24 23
14 23 22
14 22 20
14 20 9
14 20 19
14 19 10
14 19 18
14 18 11
14 18 17
14 17 16
14 16 13
14 13 12
14 16 15
14 15 14
14 22 21
14 27 26
14 29 28
15 30 29
15 29 7
15 7 6
15 6 5
15 5 4
15 4 0
15 4 3
15 3 2
15 2 1
15 29 28
15 28 17
15 17 8
15 17 16
15 16 15
15 15 12
15 12 11
15 11 9
15 11 10
15 15 14
15 14 13
15 28 27
15 27 23
15 23 22
15 22 20
15 20 19
15 19 18
15 22 21
15 27 26
15 26 24
15 26 25
16 29 0
16 29 28
16 28 2
16 2 1
16 28 27
16 27 26
16 26 3
16 26 25
16 25 24
16 24 23
16 23 7
16 7 6
16 6 4
16 6 5
16 23 22
16 22 21
16 21 20
16 20 18
16 18 8
16 18 17
16 17 16
16 16 15
16 15 14
16 14 10
16 10 9
16 14 13
16 13 12
16 12 11
16 20 19
17 31 28
17 28 27
17 27 26
17 26 4
17 4 3
17 3 2
17 2 1
17 1 0
17 26 25
17 25 24
17 24 22
17 22 21
17 21 5
17 21 20
17 20 7
17 7 6
17 20 19
17 19 14
17 14 13
17 13 8
17 13 12
17 12 11
17 11 9
17 11 10
17 19 18
17 18 16
17 16 15
17 18 17
17 24 23
17 31 30
17 30 29
18 33 32
18 32 12
18 12 11
18 11 0
18 11 10
18 10 5
18 5 4
18 4 1
18 4 3
18 3 2
18 10 9
18 9 6
18 9 8
18 8 7
18 32 31
18 31 17
18 17 15
18 15 14
18 14 13
18 17 16
18 31 30
18 30 29
18 29 28
18 28 19
18 19 18
18 28 27
18 27 26
18 26 24
18 24 23
18 23 20
18 23 22
18 22 21
18 26 25
19 29 14
19 14 9
19 9 6
19 6 4
19 4 3
19 3 0
19 3 2
19 2 1
19 6 5
19 9 8
19 8 7
19 14 13
19 13 12
19 12 10
19 12 11
19 29 28
19 28 27
19 27 25
19 25 23
19 23 20
19 20 15
19 20 19
19 19 18
19 18 16
19 18 17
19 23 22
19 22 21
19 25 24
19 27 26
20 30 2
20 2 1
20 1 0
20 30 29
20 29 28
20 28 27
20 27 12
20 12 11
20 11 9
20 9 8
20 8 5
20 5 3
20 5 4
20 8 7
20 7 6
20 11 10
20 27 26
20 26 25
20 25 24
20 24 23
20 23 16
20 16 14
20 14 13
20 16 15
20 23 22
20 22 21
20 21 20
20 20 19
20 19 18
20 18 17
21 29 27
21 27 26
21 26 2
21 2 0
21 2 1
21 26 25
21 25 24
21 24 23
21 23 3
21 23 22
21 22 7
21 7 5
21 5 4
21 7 6
21 22 21
21 21 19
21 19 18
21 18 16
21 16 15
21 15 8
21 15 14
21 14 9
21 14 13
21 13 10
21 13 12
21 12 11
21 18 17
21 21 20
21 29 28
22 32 3
22 3 1
22 1 0
22 3 2
22 32 31
22 31 30
22 30 29
22 29 8
22 8 5
22 5 4
22 8 7
22 7 6
22 29 28
22 28 9
22 28 27
22 27 25
22 25 24
22 24 23
22 23 22
22 22 20
22 20 18
22 18 12
22 12 10
22 12 11
22 18 17
22 17 15
22 15 13
22 15 14
22 17 16
22 20 19
22 22 21
22 27 26
23 34 33
23 33 31
23 31 29
23 29 28
23 28 26
23 26 25
23 25 10
23 10 9
23 9 4
23 4 3
23 3 2
23 2 0
23 2 1
23 9 8
23 8 5
23 8 7
23 7 6
23 25 24
23 24 23
23 23 11
23 23 22
23 22 20
23 20 12
23 20 19
23 19 14
23 14 13
23 19 18
23 18 15
23 18 17
23 17 16
23 22 21
23 28 27
23 31 30
23 33 32
24 30 28
24 28 26
24 26 24
24 24 5
24 5 3
24 3 0
24 3 2
24 2 1
24 5 4
24 24 23
24 23 22
24 22 21
24 21 18
24 18 16
24 16 15
24 15 9
24 9 8
24 8 6
24 8 7
24 15 14
24 14 12
24 12 11
24 11 10
24 14 13
24 18 17
24 21 20
24 20 19
24 26 25
24 28 27
24 30 29
25 34 18
25 18 16
25 16 15
25 15 14
25 14 1
25 1 0
25 14 13
25 13 7
25 7 6
25 6 4
25 4 3
25 3 2
25 6 5
25 13 12
25 12 8
25 12 11
25 11 10
25 10 9
25 18 17
25 34 33
25 33 19
25 33 32
25 32 30
25 30 29
25 29 28
25 28 20
25 28 27
25 27 26
25 26 21
25 26 25
25 25 24
25 24 23
25 23 22
25 32 31
26 30 29
26 29 27
26 27 0
26 27 26
26 26 25
26 25 24
26 24 22
26 22 21
26 21 14
26 14 10
26 10 9
26 9 1
26 9 8
26 8 3
26 3 2
26 8 7
26 7 6
26 6 4
26 6 5
26 14 13
26 13 11
26 13 12
26 21 20
26 20 18
26 18 16
26 16 15
26 18 17
26 20 19
26 24 23
26 29 28
27 30 29
27 29 1
27 1 0
27 29 28
27 28 22
27 22 14
27 14 9
27 9 8
27 8 5
27 5 3
27 3 2
27 5 4
27 8 7
27 7 6
27 14 13
27 13 11
27 11 10
27 13 12
27 22 21
27 21 20
27 20 19
27 19 16
27 16 15
27 19 18
27 18 17
27 28 27
27 27 23
27 27 26
27 26 24
27 26 25
28 31 30
28 30 7
28 7 2
28 2 0
28 2 1
28 7 6
28 6 5
28 5 4
28 4 3
28 30 29
28 29 28
28 28 27
28 27 19
28 19 11
28 11 9
28 9 8
28 11 10
28 19 18
28 18 12
28 18 17
28 17 16
28 16 13
28 16 15
28 15 14
28 27 26
28 26 24
28 24 23
28 23 20
28 23 22
28 22 21
28 26 25
29 34 33
29 33 32
29 32 31
29 31 13
29 13 0
29 13 12
29 12 5
29 5 4
29 4 1
29 4 3
29 3 2
29 12 11
29 11 6
29 11 10
29 10 9
29 9 7
29 9 8
29 31 30
29 30 29
29 29 28
29 28 26
29 26 25
29 25 24
29 24 16
29 16 14
29 16 15
29 24 23
29 23 18
29 18 17
29 23 22
29 22 21
29 21 19
29 21 20
29 28 27
30 29 27
30 27 26
30 26 25
30 25 22
30 22 21
30 21 14
30 14 12
30 12 1
30 1 0
30 12 11
30 11 10
30 10 9
30 9 3
30 3 2
30 9 8
30 8 4
30 8 7
30 7 6
30 6 5
30 14 13
30 21 20
30 20 17
30 17 16
30 16 15
30 20 19
30 19 18
30 25 24
30 24 23
30 29 28
31 33 2
31 2 1
31 1 0
31 33 32
31 32 26
31 26 5
31 5 3
31 5 4
31 26 25
31 25 23
31 23 18
31 18 17
31 17 7
31 7 6
31 17 16
31 16 15
31 15 13
31 13 11
31 11 8
31 11 10
31 10 9
31 13 12
31 15 14
31 23 22
31 22 20
31 20 19
31 22 21
31 25 24
31 32 31
31 31 27
31 31 30
31 30 28
31 30 29
32 29 28
32 28 27
32 27 25
32 25 24
32 24 22
32 22 21
32 21 0
32 21 20
32 20 2
32 2 1
32 20 19
32 19 3
32 19 18
32 18 17
32 17 14
32 14 13
32 13 12
32 12 10
32 10 7
32 7 5
32 5 4
32 7 6
32 10 9
32 9 8
32 12 11
32 17 16
32 16 15
32 24 23
32 27 26
33 30 29
33 29 27
33 27 26
33 26 7
33 7 5
33 5 3
33 3 2
33 2 0
33 2 1
33 5 4
33 7 6
33 26 25
33 25 8
33 25 24
33 24 23
33 23 21
33 21 14
33 14 13
33 13 12
33 12 10
33 10 9
33 12 11
33 21 20
33 20 19
33 19 18
33 18 17
33 17 15
33 17 16
33 23 22
33 29 28
34 30 5
34 5 2
34 2 0
34 2 1
34 5 4
34 4 3
34 30 29
34 29 28
34 28 27
34 27 26
34 26 25
34 25 8
34 8 7
34 7 6
34 25 24
34 24 11
34 11 9
34 11 10
34 24 23
34 23 12
34 23 22
34 22 16
34 16 14
34 14 13
34 16 15
34 22 21
34 21 19
34 19 17
34 19 18
34 21 20
35 32 31
35 31 3
35 3 1
35 1 0
35 3 2
35 31 30
35 30 27
35 27 25
35 25 24
35 24 22
35 22 16
35 16 4
35 16 15
35 15 14
35 14 7
35 7 6
35 6 5
35 14 13
35 13 8
35 13 12
35 12 11
35 11 9
35 11 10
35 22 21
35 21 19
35 19 18
35 18 17
35 21 20
35 24 23
35 27 26
35 30 29
35 29 28
36 33 2
36 2 0
36 2 1
36 33 32
36 32 31
36 31 30
36 30 29
36 29 4
36 4 3
36 29 28
36 28 27
36 27 9
36 9 8
36 8 5
36 8 7
36 7 6
36 27 26
36 26 17
36 17 16
36 16 11
36 11 10
36 16 15
36 15 12
36 15 14
36 14 13
36 26 25
36 25 24
36 24 23
36 23 22
36 22 20
36 20 18
36 20 19
36 22 21
37 33 0
37 33 32
37 32 1
37 32 31
37 31 29
37 29 28
37 28 27
37 27 23
37 23 21
37 21 2
37 21 20
37 20 3
37 20 19
37 19 18
37 18 17
37 17 15
37 15 8
37 8 6
37 6 5
37 5 4
37 8 7
37 15 14
37 14 13
37 13 11
37 11 10
37 10 9
37 13 12
37 17 16
37 23 22
37 27 26
37 26 25
37 25 24
37 31 30
38 33 30
38 30 28
38 28 27
38 27 26
38 26 25
38 25 24
38 24 0
38 24 23
38 23 21
38 21 20
38 20 18
38 18 17
38 17 16
38 16 1
38 16 15
38 15 2
38 15 14
38 14 11
38 11 10
38 10 9
38 9 7
38 7 5
38 5 3
38 5 4
38 7 6
38 9 8
38 14 13
38 13 12
38 20 19
38 23 22
38 30 29
38 33 32
38 32 31
39 30 27
39 27 26
39 26 15
39 15 14
39 14 0
39 14 13
39 13 12
39 12 11
39 11 10
39 10 3
39 3 2
39 2 1
39 10 9
39 9 8
39 8 4
39 8 7
39 7 5
39 7 6
39 26 25
39 25 16
39 25 24
39 24 18
39 18 17
39 24 23
39 23 21
39 21 20
39 20 19
39 23 22
39 30 29
39 29 28
40 33 31
40 31 27
40 27 23
40 23 19
40 19 18
40 18 16
40 16 15
40 15 0
40 15 14
40 14 4
40 4 2
40 2 1
40 4 3
40 14 13
40 13 12
40 12 7
40 7 5
40 7 6
40 12 11
40 11 9
40 9 8
40 11 10
40 18 17
40 23 22
40 22 20
40 22 21
40 27 26
40 26 25
40 25 24
40 31 30
40 30 28
40 30 29
40 33 32
41 30 20
41 20 19
41 19 2
41 2 0
41 2 1
41 19 18
41 18 3
41 18 17
41 17 16
41 16 15
41 15 13
41 13 8
41 8 4
41 8 7
41 7 5
41 7 6
41 13 12
41 12 11
41 11 10
41 10 9
41 15 14
41 30 29
41 29 28
41 28 23
41 23 21
41 23 22
41 28 27
41 27 25
41 25 24
41 27 26
42 30 1
42 1 0
42 30 29
42 29 2
42 29 28
42 28 27
42 27 22
42 22 21
42 21 19
42 19 15
42 15 12
42 12 11
42 11 8
42 8 7
42 7 5
42 5 4
42 4 3
42 7 6
42 11 10
42 10 9
42 15 14
42 14 13
42 19 18
42 18 17
42 17 16
42 21 20
42 27 26
42 26 23
42 26 25
42 25 24
43 30 29
43 29 20
43 20 19
43 19 1
43 1 0
43 19 18
43 18 17
43 17 2
43 17 16
43 16 12
43 12 11
43 11 10
43 10 3
43 10 9
43 9 8
43 8 4
43 8 7
43 7 5
43 7 6
43 16 15
43 15 14
43 14 13
43 29 28
43 28 24
43 24 22
43 22 21
43 24 23
43 28 27
43 27 26
43 26 25
44 31 27
44 27 23
44 23 17
44 17 7
44 7 0
44 7 6
44 6 5
44 5 3
44 3 1
44 3 2
44 5 4
44 17 16
44 16 14
44 14 13
44 13 8
44 13 12
44 12 9
44 12 11
44 11 10
44 16 15
44 23 22
44 22 20
44 20 18
44 20 19
44 22 21
44 27 26
44 26 25
44 25 24
44 31 30
44 30 29
44 29 28
45 31 30
45 30 28
45 28 27
45 27 0
45 27 26
45 26 3
45 3 1
45 3 2
45 26 25
45 25 23
45 23 22
45 22 20
45 20 19
45 19 18
45 18 16
45 16 15
45 15 14
45 14 13
45 13 4
45 13 12
45 12 9
45 9 8
45 8 6
45 6 5
45 8 7
45 12 11
45 11 10
45 18 17
45 22 21
45 25 24
45 30 29
46 30 5
46 5 4
46 4 3
46 3 2
46 2 0
46 2 1
46 30 29
46 29 13
46 13 6
46 13 12
46 12 10
46 10 9
46 9 8
46 8 7
46 12 11
46 29 28
46 28 27
46 27 26
46 26 14
46 26 25
46 25 24
46 24 21
46 21 20
46 20 19
46 19 17
46 17 15
46 17 16
46 19 18
46 24 23
46 23 22
47 29 0
47 29 28
47 28 2
47 2 1
47 28 27
47 27 26
47 26 18
47 18 17
47 17 16
47 16 15
47 15 14
47 14 4
47 4 3
47 14 13
47 13 12
47 12 11
47 11 10
47 10 8
47 8 7
47 7 5
47 7 6
47 10 9
47 26 25
47 25 19
47 25 24
47 24 20
47 24 23
47 23 22
47 22 21
48 30 21
48 21 20
48 20 15
48 15 14
48 14 5
48 5 4
48 4 3
48 3 2
48 2 1
48 1 0
48 14 13
48 13 12
48 12 9
48 9 6
48 9 8
48 8 7
48 12 11
48 11 10
48 20 19
48 19 18
48 18 16
48 18 17
48 30 29
48 29 27
48 27 26
48 26 25
48 25 22
48 25 24
48 24 23
48 29 28
49 34 33
49 33 12
49 12 11
49 11 9
49 9 0
49 9 8
49 8 7
49 7 5
49 5 3
49 3 1
49 3 2
49 5 4
49 7 6
49 11 10
49 33 32
49 32 28
49 28 27
49 27 22
49 22 21
49 21 20
49 20 18
49 18 17
49 17 16
49 16 15
49 15 14
49 14 13
49 20 19
49 27 26
49 26 25
49 25 24
49 24 23
49 32 31
49 31 29
49 31 30
50 33 1
50 1 0
50 33 32
50 32 30
50 30 29
50 29 2
50 29 28
50 28 6
50 6 3
50 6 5
50 5 4
50 28 27
50 27 9
50 9 8
50 8 7
50 27 26
50 26 25
50 25 24
50 24 23
50 23 22
50 22 21
50 21 20
50 20 19
50 19 17
50 17 16
50 16 11
50 11 10
50 16 15
50 15 13
50 13 12
50 15 14
50 19 18
50 32 31
51 32 14
51 14 10
51 10 0
51 10 9
51 9 6
51 6 4
51 4 3
51 3 1
51 3 2
51 6 5
51 9 8
51 8 7
51 14 13
51 13 11
51 13 12
51 32 31
51 31 27
51 27 24
51 24 21
51 21 20
51 20 19
51 19 16
51 16 15
51 19 18
51 18 17
51 24 23
51 23 22
51 27 26
51 26 25
51 31 30
51 30 29
51 29 28
52 31 30
52 30 21
52 21 17
52 17 0
52 17 16
52 16 15
52 15 11
52 11 1
52 11 10
52 10 9
52 9 8
52 8 5
52 5 4
52 4 3
52 3 2
52 8 7
52 7 6
52 15 14
52 14 12
52 14 13
52 21 20
52 20 19
52 19 18
52 30 29
52 29 25
52 25 24
52 24 23
52 23 22
52 29 28
52 28 27
52 27 26
53 32 21
53 21 3
53 3 2
53 2 1
53 1 0
53 21 20
53 20 19
53 19 8
53 8 4
53 8 7
53 7 6
53 6 5
53 19 18
53 18 16
53 16 15
53 15 10
53 10 9
53 15 14
53 14 13
53 13 11
53 13 12
53 18 17
53 32 31
53 31 29
53 29 27
53 27 22
53 27 26
53 26 25
53 25 23
53 25 24
53 29 28
53 31 30
54 34 1
54 1 0
54 34 33
54 33 32
54 32 6
54 6 4
54 4 2
54 4 3
54 6 5
54 32 31
54 31 7
54 31 30
54 30 18
54 18 17
54 17 9
54 9 8
54 17 16
54 16 15
54 15 13
54 13 11
54 11 10
54 13 12
54 15 14
54 30 29
54 29 23
54 23 22
54 22 20
54 20 19
54 22 21
54 29 28
54 28 27
54 27 25
54 25 24
54 27 26
55 29 0
55 29 28
55 28 4
55 4 1
55 4 3
55 3 2
55 28 27
55 27 5
55 27 26
55 26 25
55 25 23
55 23 12
55 12 11
55 11 9
55 9 6
55 9 8
55 8 7
55 11 10
55 23 22
55 22 20
55 20 19
55 19 17
55 17 13
55 17 16
55 16 15
55 15 14
55 19 18
55 22 21
55 25 24
56 31 29
56 29 12
56 12 11
56 11 0
56 11 10
56 10 1
56 10 9
56 9 2
56 9 8
56 8 3
56 8 7
56 7 6
56 6 5
56 5 4
56 29 28
56 28 13
56 28 27
56 27 14
56 27 26
56 26 25
56 25 17
56 17 15
56 17 16
56 25 24
56 24 23
56 23 22
56 22 20
56 20 18
56 20 19
56 22 21
56 31 30
57 30 1
57 1 0
57 30 29
57 29 26
57 26 2
57 26 25
57 25 23
57 23 10
57 10 3
57 10 9
57 9 8
57 8 6
57 6 4
57 6 5
57 8 7
57 23 22
57 22 16
57 16 11
57 16 15
57 15 13
57 13 12
57 15 14
57 22 21
57 21 18
57 18 17
57 21 20
57 20 19
57 25 24
57 29 28
57 28 27
58 31 22
58 22 1
58 1 0
58 22 21
58 21 19
58 19 2
58 19 18
58 18 17
58 17 3
58 17 16
58 16 10
58 10 9
58 9 6
58 6 4
58 6 5
58 9 8
58 8 7
58 16 15
58 15 14
58 14 13
58 13 12
58 12 11
58 21 20
58 31 30
58 30 29
58 29 28
58 28 27
58 27 26
58 26 23
58 26 25
58 25 24
59 31 0
59 31 30
59 30 29
59 29 28
59 28 1
59 28 27
59 27 25
59 25 24
59 24 23
59 23 2
59 23 22
59 22 3
59 22 21
59 21 19
59 19 9
59 9 7
59 7 4
59 7 6
59 6 5
59 9 8
59 19 18
59 18 11
59 11 10
59 18 17
59 17 15
59 15 12
59 15 14
59 14 13
59 17 16
59 21 20
59 27 26
60 31 5
60 5 4
60 4 3
60 3 2
60 2 1
60 1 0
60 31 30
60 30 7
60 7 6
60 30 29
60 29 14
60 14 13
60 13 12
60 12 11
60 11 10
60 10 9
60 9 8
60 29 28
60 28 16
60 16 15
60 28 27
60 27 26
60 26 25
60 25 18
60 18 17
60 25 24
60 24 22
60 22 19
60 22 21
60 21 20
60 24 23
61 31 17
61 17 6
61 6 2
61 2 0
61 2 1
61 6 5
61 5 3
61 5 4
61 17 16
61 16 7
61 16 15
61 15 13
61 13 12
61 12 10
61 10 8
61 10 9
61 12 11
61 15 14
61 31 30
61 30 28
61 28 27
61 27 26
61 26 25
61 25 24
61 24 23
61 23 22
61 22 19
61 19 18
61 22 21
61 21 20
61 30 29
62 31 7
62 7 6
62 6 0
62 6 5
62 5 2
62 2 1
62 5 4
62 4 3
62 31 30
62 30 29
62 29 15
62 15 14
62 14 13
62 13 9
62 9 8
62 13 12
62 12 11
62 11 10
62 29 28
62 28 16
62 28 27
62 27 26
62 26 20
62 20 19
62 19 17
62 19 18
62 26 25
62 25 22
62 22 21
62 25 24
62 24 23
63 29 8
63 8 7
63 7 0
63 7 6
63 6 5
63 5 1
63 5 4
63 4 3
63 3 2
63 29 28
63 28 27
63 27 26
63 26 18
63 18 9
63 18 17
63 17 16
63 16 15
63 15 14
63 14 10
63 14 13
63 13 12
63 12 11
63 26 25
63 25 21
63 21 20
63 20 19
63 25 24
63 24 23
63 23 22
64 34 33
64 33 31
64 31 6
64 6 5
64 5 3
64 3 1
64 1 0
64 3 2
64 5 4
64 31 30
64 30 7
64 30 29
64 29 19
64 19 8
64 19 18
64 18 17
64 17 11
64 11 10
64 10 9
64 17 16
64 16 14
64 14 13
64 13 12
64 16 15
64 29 28
64 28 22
64 22 21
64 21 20
64 28 27
64 27 23
64 27 26
64 26 25
64 25 24
64 33 32
65 29 23
65 23 3
65 3 1
65 1 0
65 3 2
65 23 22
65 22 21
65 21 19
65 19 18
65 18 14
65 14 13
65 13 9
65 9 4
65 9 8
65 8 5
65 8 7
65 7 6
65 13 12
65 12 10
65 12 11
65 18 17
65 17 15
65 17 16
65 21 20
65 29 28
65 28 26
65 26 25
65 25 24
65 28 27
66 31 0
66 31 30
66 30 1
66 30 29
66 29 28
66 28 6
66 6 5
66 5 2
66 5 4
66 4 3
66 28 27
66 27 26
66 26 25
66 25 21
66 21 8
66 8 7
66 21 20
66 20 19
66 19 9
66 19 18
66 18 15
66 15 14
66 14 13
66 13 12
66 12 11
66 11 10
66 18 17
66 17 16
66 25 24
66 24 23
66 23 22
67 32 31
67 31 2
67 2 0
67 2 1
67 31 30
67 30 29
67 29 28
67 28 4
67 4 3
67 28 27
67 27 24
67 24 15
67 15 6
67 6 5
67 15 14
67 14 13
67 13 9
67 9 8
67 8 7
67 13 12
67 12 11
67 11 10
67 24 23
67 23 20
67 20 18
67 18 17
67 17 16
67 20 19
67 23 22
67 22 21
67 27 26
67 26 25
68 31 30
68 30 0
68 30 29
68 29 1
68 29 28
68 28 2
68 28 27
68 27 26
68 26 25
68 25 24
68 24 6
68 6 3
68 6 5
68 5 4
68 24 23
68 23 22
68 22 11
68 11 10
68 10 9
68 9 8
68 8 7
68 22 21
68 21 19
68 19 17
68 17 16
68 16 15
68 15 14
68 14 12
68 14 13
68 19 18
68 21 20
69 32 31
69 31 30
69 30 27
69 27 22
69 22 21
69 21 20
69 20 1
69 1 0
69 20 19
69 19 18
69 18 3
69 3 2
69 18 17
69 17 4
69 17 16
69 16 15
69 15 13
69 13 11
69 11 7
69 7 5
69 7 6
69 11 10
69 10 8
69 10 9
69 13 12
69 15 14
69 27 26
69 26 25
69 25 23
69 25 24
69 30 29
69 29 28
70 29 28
70 28 25
70 25 24
70 24 5
70 5 4
70 4 3
70 3 1
70 1 0
70 3 2
70 24 23
70 23 10
70 10 8
70 8 7
70 7 6
70 10 9
70 23 22
70 22 20
70 20 19
70 19 17
70 17 16
70 16 15
70 15 12
70 12 11
70 15 14
70 14 13
70 19 18
70 22 21
70 28 27
70 27 26
71 31 28
71 28 18
71 18 16
71 16 15
71 15 14
71 14 2
71 2 1
71 1 0
71 14 13
71 13 12
71 12 11
71 11 7
71 7 6
71 6 4
71 4 3
71 6 5
71 11 10
71 10 9
71 9 8
71 18 17
71 28 27
71 27 26
71 26 25
71 25 24
71 24 21
71 21 20
71 20 19
71 24 23
71 23 22
71 31 30
71 30 29
72 34 1
72 1 0
72 34 33
72 33 32
72 32 12
72 12 4
72 4 2
72 4 3
72 12 11
72 11 5
72 11 10
72 10 6
72 10 9
72 9 7
72 9 8
72 32 31
72 31 30
72 30 14
72 14 13
72 30 29
72 29 28
72 28 18
72 18 16
72 16 15
72 18 17
72 28 27
72 27 25
72 25 24
72 24 23
72 23 22
72 22 21
72 21 19
72 21 20
72 27 26
73 30 7
73 7 0
73 7 6
73 6 3
73 3 2
73 2 1
73 6 5
73 5 4
73 30 29
73 29 28
73 28 26
73 26 15
73 15 14
73 14 12
73 12 11
73 11 10
73 10 9
73 9 8
73 14 13
73 26 25
73 25 24
73 24 22
73 22 20
73 20 19
73 19 18
73 18 16
73 18 17
73 22 21
73 24 23
73 28 27
74 33 24
74 24 0
74 24 23
74 23 22
74 22 21
74 21 1
74 21 20
74 20 18
74 18 17
74 17 13
74 13 2
74 13 12
74 12 11
74 11 8
74 8 3
74 8 7
74 7 5
74 5 4
74 7 6
74 11 10
74 10 9
74 17 16
74 16 15
74 15 14
74 20 19
74 33 32
74 32 27
74 27 25
74 27 26
74 32 31
74 31 30
74 30 28
74 30 29
75 32 30
75 30 7
75 7 6
75 6 0
75 6 5
75 5 4
75 4 2
75 2 1
75 4 3
75 30 29
75 29 28
75 28 8
75 28 27
75 27 16
75 16 15
75 15 12
75 12 9
75 12 11
75 11 10
75 15 14
75 14 13
75 27 26
75 26 23
75 23 22
75 22 20
75 20 17
75 20 19
75 19 18
75 22 21
75 26 25
75 25 24
75 32 31
76 29 1
76 1 0
76 29 28
76 28 2
76 28 27
76 27 26
76 26 25
76 25 24
76 24 21
76 21 8
76 8 7
76 7 6
76 6 5
76 5 4
76 4 3
76 21 20
76 20 19
76 19 12
76 12 9
76 12 11
76 11 10
76 19 18
76 18 13
76 18 17
76 17 16
76 16 14
76 16 15
76 24 23
76 23 22
77 32 12
77 12 10
77 10 1
77 1 0
77 10 9
77 9 3
77 3 2
77 9 8
77 8 6
77 6 4
77 6 5
77 8 7
77 12 11
77 32 31
77 31 13
77 31 30
77 30 29
77 29 16
77 16 14
77 16 15
77 29 28
77 28 20
77 20 18
77 18 17
77 20 19
77 28 27
77 27 26
77 26 22
77 22 21
77 26 25
77 25 23
77 25 24
78 31 30
78 30 9
78 9 8
78 8 7
78 7 6
78 6 2
78 2 1
78 1 0
78 6 5
78 5 3
78 5 4
78 30 29
78 29 28
78 28 10
78 28 27
78 27 26
78 26 25
78 25 11
78 25 24
78 24 23
78 23 15
78 15 12
78 15 14
78 14 13
78 23 22
78 22 21
78 21 16
78 21 20
78 20 18
78 18 17
78 20 19
79 34 31
79 31 5
79 5 3
79 3 2
79 2 1
79 1 0
79 5 4
79 31 30
79 30 29
79 29 7
79 7 6
79 29 28
79 28 26
79 26 20
79 20 14
79 14 12
79 12 11
79 11 10
79 10 9
79 9 8
79 14 13
79 20 19
79 19 15
79 19 18
79 18 16
79 18 17
79 26 25
79 25 22
79 22 21
79 25 24
79 24 23
79 28 27
79 34 33
79 33 32
80 33 32
80 32 31
80 31 28
80 28 24
80 24 23
80 23 0
80 23 22
80 22 20
80 20 10
80 10 1
80 10 9
80 9 2
80 9 8
80 8 7
80 7 6
80 6 5
80 5 4
80 4 3
80 20 19
80 19 17
80 17 12
80 12 11
80 17 16
80 16 15
80 15 13
80 15 14
80 19 18
80 22 21
80 28 27
80 27 25
80 27 26
80 31 30
80 30 29
81 33 0
81 33 32
81 32 31
81 31 19
81 19 18
81 18 17
81 17 16
81 16 15
81 15 13
81 13 3
81 3 2
81 2 1
81 13 12
81 12 11
81 11 8
81 8 4
81 8 7
81 7 6
81 6 5
81 11 10
81 10 9
81 15 14
81 31 30
81 30 26
81 26 23
81 23 21
81 21 20
81 23 22
81 26 25
81 25 24
81 30 29
81 29 28
81 28 27
82 34 0
82 34 33
82 33 31
82 31 3
82 3 1
82 3 2
82 31 30
82 30 29
82 29 23
82 23 18
82 18 7
82 7 6
82 6 5
82 5 4
82 18 17
82 17 16
82 16 15
82 15 14
82 14 10
82 10 9
82 9 8
82 14 13
82 13 11
82 13 12
82 23 22
82 22 21
82 21 20
82 20 19
82 29 28
82 28 27
82 27 25
82 25 24
82 27 26
82 33 32
83 33 21
83 21 12
83 12 0
83 12 11
83 11 10
83 10 1
83 10 9
83 9 8
83 8 4
83 4 3
83 3 2
83 8 7
83 7 5
83 7 6
83 21 20
83 20 19
83 19 13
83 19 18
83 18 17
83 17 14
83 17 16
83 16 15
83 33 32
83 32 23
83 23 22
83 32 31
83 31 28
83 28 26
83 26 25
83 25 24
83 28 27
83 31 30
83 30 29
84 32 31
84 31 18
84 18 13
84 13 12
84 12 11
84 11 10
84 10 0
84 10 9
84 9 1
84 9 8
84 8 2
84 8 7
84 7 5
84 5 3
84 5 4
84 7 6
84 18 17
84 17 14
84 17 16
84 16 15
84 31 30
84 30 29
84 29 19
84 29 28
84 28 20
84 28 27
84 27 25
84 25 24
84 24 23
84 23 21
84 23 22
84 27 26
85 32 7
85 7 5
85 5 4
85 4 3
85 3 0
85 3 2
85 2 1
85 7 6
85 32 31
85 31 30
85 30 8
85 30 29
85 29 9
85 29 28
85 28 15
85 15 13
85 13 11
85 11 10
85 13 12
85 15 14
85 28 27
85 27 22
85 22 20
85 20 19
85 19 18
85 18 16
85 18 17
85 22 21
85 27 26
85 26 25
85 25 23
85 25 24
86 33 30
86 30 27
86 27 25
86 25 24
86 24 23
86 23 22
86 22 21
86 21 0
86 21 20
86 20 19
86 19 18
86 18 17
86 17 2
86 2 1
86 17 16
86 16 13
86 13 12
86 12 3
86 12 11
86 11 4
86 11 10
86 10 9
86 9 8
86 8 6
86 6 5
86 8 7
86 16 15
86 15 14
86 27 26
86 30 29
86 29 28
86 33 32
86 32 31
87 33 0
87 33 32
87 32 19
87 19 15
87 15 12
87 12 10
87 10 5
87 5 4
87 4 1
87 4 3
87 3 2
87 10 9
87 9 8
87 8 6
87 8 7
87 12 11
87 15 14
87 14 13
87 19 18
87 18 16
87 18 17
87 32 31
87 31 25
87 25 24
87 24 21
87 21 20
87 24 23
87 23 22
87 31 30
87 30 26
87 30 29
87 29 28
87 28 27
88 32 31
88 31 28
88 28 27
88 27 25
88 25 15
88 15 14
88 14 13
88 13 12
88 12 4
88 4 3
88 3 1
88 1 0
88 3 2
88 12 11
88 11 5
88 11 10
88 10 9
88 9 8
88 8 7
88 7 6
88 25 24
88 24 23
88 23 22
88 22 20
88 20 16
88 20 19
88 19 17
88 19 18
88 22 21
88 27 26
88 31 30
88 30 29
89 31 29
89 29 28
89 28 17
89 17 16
89 16 14
89 14 12
89 12 11
89 11 10
89 10 9
89 9 8
89 8 7
89 7 0
89 7 6
89 6 5
89 5 4
89 4 1
89 4 3
89 3 2
89 14 13
89 16 15
89 28 27
89 27 26
89 26 18
89 26 25
89 25 21
89 21 19
89 21 20
89 25 24
89 24 22
89 24 23
89 31 30
90 32 7
90 7 6
90 6 0
90 6 5
90 5 1
90 5 4
90 4 3
90 3 2
90 32 31
90 31 30
90 30 29
90 29 10
90 10 9
90 9 8
90 29 28
90 28 26
90 26 25
90 25 16
90 16 14
90 14 13
90 13 11
90 13 12
90 16 15
90 25 24
90 24 20
90 20 17
90 20 19
90 19 18
90 24 23
90 23 22
90 22 21
90 28 27
91 33 21
91 21 19
91 19 18
91 18 16
91 16 15
91 15 14
91 14 12
91 12 10
91 10 8
91 8 0
91 8 7
91 7 2
91 2 1
91 7 6
91 6 4
91 4 3
91 6 5
91 10 9
91 12 11
91 14 13
91 18 17
91 21 20
91 33 32
91 32 28
91 28 27
91 27 26
91 26 25
91 25 24
91 24 23
91 23 22
91 32 31
91 31 30
91 30 29
92 30 29
92 29 28
92 28 24
92 24 3
92 3 2
92 2 0
92 2 1
92 24 23
92 23 4
92 23 22
92 22 21
92 21 7
92 7 6
92 6 5
92 21 20
92 20 10
92 10 8
92 10 9
92 20 19
92 19 18
92 18 17
92 17 16
92 16 13
92 13 11
92 13 12
92 16 15
92 15 14
92 28 27
92 27 26
92 26 25
93 31 28
93 28 19
93 19 18
93 18 2
93 2 0
93 2 1
93 18 17
93 17 15
93 15 14
93 14 13
93 13 12
93 12 10
93 10 9
93 9 8
93 8 4
93 4 3
93 8 7
93 7 6
93 6 5
93 12 11
93 17 16
93 28 27
93 27 22
93 22 20
93 22 21
93 27 26
93 26 23
93 26 25
93 25 24
93 31 30
93 30 29
94 34 2
94 2 0
94 2 1
94 34 33
94 33 31
94 31 17
94 17 16
94 16 3
94 16 15
94 15 10
94 10 9
94 9 8
94 8 4
94 8 7
94 7 6
94 6 5
94 15 14
94 14 13
94 13 11
94 13 12
94 31 30
94 30 18
94 30 29
94 29 24
94 24 23
94 23 21
94 21 20
94 20 19
94 23 22
94 29 28
94 28 27
94 27 26
94 26 25
94 33 32
95 30 10
95 10 0
95 10 9
95 9 8
95 8 7
95 7 6
95 6 4
95 4 2
95 2 1
95 4 3
95 6 5
95 30 29
95 29 28
95 28 11
95 28 27
95 27 26
95 26 25
95 25 24
95 24 20
95 20 14
95 14 13
95 13 12
95 20 19
95 19 15
95 19 18
95 18 17
95 17 16
95 24 23
95 23 21
95 23 22
96 29 27
96 27 26
96 26 25
96 25 24
96 24 21
96 21 20
96 20 19
96 19 18
96 18 2
96 2 0
96 2 1
96 18 17
96 17 16
96 16 9
96 9 7
96 7 6
96 6 3
96 6 5
96 5 4
96 9 8
96 16 15
96 15 10
96 15 14
96 14 11
96 14 13
96 13 12
96 24 23
96 23 22
96 29 28
97 33 15
97 15 1
97 1 0
97 15 14
97 14 13
97 13 2
97 13 12
97 12 11
97 11 9
97 9 8
97 8 6
97 6 4
97 4 3
97 6 5
97 8 7
97 11 10
97 33 32
97 32 31
97 31 16
97 31 30
97 30 28
97 28 27
97 27 26
97 26 25
97 25 20
97 20 19
97 19 18
97 18 17
97 25 24
97 24 23
97 23 22
97 22 21
97 30 29
98 34 33
98 33 31
98 31 0
98 31 30
98 30 1
98 30 29
98 29 28
98 28 26
98 26 22
98 22 14
98 14 12
98 12 11
98 11 10
98 10 9
98 9 4
98 4 2
98 4 3
98 9 8
98 8 5
98 8 7
98 7 6
98 14 13
98 22 21
98 21 19
98 19 16
98 16 15
98 19 18
98 18 17
98 21 20
98 26 25
98 25 23
98 25 24
98 28 27
98 33 32
99 32 31
99 31 0
99 31 30
99 30 14
99 14 1
99 14 13
99 13 12
99 12 4
99 4 3
99 3 2
99 12 11
99 11 10
99 10 9
99 9 5
99 9 8
99 8 6
99 8 7
99 30 29
99 29 28
99 28 26
99 26 15
99 26 25
99 25 20
99 20 19
99 19 18
99 18 17
99 17 16
99 25 24
99 24 23
99 23 22
99 22 21
99 28 27
100 32 4
100 4 1
100 1 0
100 4 3
100 3 2
100 32 31
100 31 29
100 29 28
100 28 5
100 28 27
100 27 6
100 27 26
100 26 8
100 8 7
100 26 25
100 25 24
100 24 21
100 21 20
100 20 9
100 20 19
100 19 10
100 19 18
100 18 17
100 17 16
100 16 15
100 15 14
100 14 13
100 13 11
100 13 12
100 24 23
100 23 22
100 31 30
101 29 10
101 10 8
101 8 0
101 8 7
101 7 5
101 5 4
101 4 1
101 4 3
101 3 2
101 7 6
101 10 9
101 29 28
101 28 11
101 28 27
101 27 26
101 26 14
101 14 13
101 13 12
101 26 25
101 25 15
101 25 24
101 24 16
101 24 23
101 23 21
101 21 20
101 20 19
101 19 18
101 18 17
101 23 22
