1 30 1
1 1 0
1 30 29
1 29 28
1 28 27
1 27 15
1 15 2
1 15 14
1 14 13
1 13 3
1 13 12
1 12 11
1 11 4
1 11 10
1 10 5
1 10 9
1 9 8
1 8 6
1 8 7
1 27 26
1 26 16
1 26 25
1 25 18
1 18 17
1 25 24
1 24 23
1 23 19
1 23 22
1 22 21
1 21 20
2 33 31
2 31 28
2 28 14
2 14 12
2 12 11
2 11 9
2 9 8
2 8 4
2 4 0
2 4 3
2 3 1
2 3 2
2 8 7
2 7 5
2 7 6
2 11 10
2 14 13
2 28 27
2 27 26
2 26 15
2 26 25
2 25 24
2 24 23
2 23 21
2 21 18
2 18 17
2 17 16
2 21 20
2 20 19
2 23 22
2 31 30
2 30 29
2 33 32
3 29 0
3 29 28
3 28 27
3 27 24
3 24 23
3 23 22
3 22 3
3 3 2
3 2 1
3 22 21
3 21 20
3 20 4
3 20 19
3 19 11
3 11 10
3 10 6
3 6 5
3 10 9
3 9 7
3 9 8
3 19 18
3 18 14
3 14 13
3 13 12
3 18 17
3 17 15
3 17 16
3 27 26
3 26 25
4 33 32
4 32 31
4 31 30
4 30 29
4 29 5
4 5 4
4 4 1
4 1 0
4 4 3
4 3 2
4 29 28
4 28 13
4 13 11
4 11 6
4 11 10
4 10 8
4 8 7
4 10 9
4 13 12
4 28 27
4 27 15
4 15 14
4 27 26
4 26 24
4 24 22
4 22 16
4 22 21
4 21 17
4 21 20
4 20 18
4 20 19
4 24 23
4 26 25
5 32 24
5 24 2
5 2 1
5 1 0
5 24 23
5 23 22
5 22 19
5 19 14
5 14 13
5 13 8
5 8 7
5 7 5
5 5 3
5 5 4
5 7 6
5 13 12
5 12 11
5 11 10
5 10 9
5 19 18
5 18 15
5 18 17
5 17 16
5 22 21
5 21 20
5 32 31
5 31 29
5 29 28
5 28 27
5 27 26
5 26 25
5 31 30
6 33 0
6 33 32
6 32 31
6 31 29
6 29 23
6 23 17
6 17 16
6 16 15
6 15 14
6 14 2
6 2 1
6 14 13
6 13 12
6 12 3
6 12 11
6 11 4
6 11 10
6 10 7
6 7 5
6 7 6
6 10 9
6 9 8
6 23 22
6 22 21
6 21 20
6 20 19
6 19 18
6 29 28
6 28 25
6 25 24
6 28 27
6 27 26
6 31 30
7 29 27
7 27 4
7 4 3
7 3 2
7 2 0
7 2 1
7 27 26
7 26 24
7 24 22
7 22 20
7 20 17
7 17 16
7 16 5
7 16 15
7 15 12
7 12 8
7 8 7
7 7 6
7 12 11
7 11 9
7 11 10
7 15 14
7 14 13
7 20 19
7 19 18
7 22 21
7 24 23
7 26 25
7 29 28
8 33 32
8 32 30
8 30 28
8 28 0
8 28 27
8 27 26
8 26 23
8 23 1
8 23 22
8 22 20
8 20 19
8 19 18
8 18 15
8 15 11
8 11 3
8 3 2
8 11 10
8 10 9
8 9 6
8 6 4
8 6 5
8 9 8
8 8 7
8 15 14
8 14 13
8 13 12
8 18 17
8 17 16
8 22 21
8 26 25
8 25 24
8 30 29
8 32 31
9 30 0
9 30 29
9 29 20
9 20 19
9 19 18
9 18 8
9 8 7
9 7 3
9 3 1
9 3 2
9 7 6
9 6 4
9 6 5
9 18 17
9 17 16
9 16 15
9 15 14
9 14 13
9 13 11
9 11 9
9 11 10
9 13 12
9 29 28
9 28 21
9 28 27
9 27 22
9 27 26
9 26 23
9 26 25
9 25 24
10 33 29
10 29 28
10 28 15
10 15 5
10 5 4
10 4 0
10 4 3
10 3 2
10 2 1
10 15 14
10 14 13
10 13 12
10 12 11
10 11 9
10 9 8
10 8 7
10 7 6
10 11 10
10 28 27
10 27 23
10 23 16
10 23 22
10 22 21
10 21 20
10 20 19
10 19 17
10 19 18
10 27 26
10 26 25
10 25 24
10 33 32
10 32 31
10 31 30
11 32 30
11 30 27
11 27 26
11 26 25
11 25 24
11 24 15
11 15 14
11 14 13
11 13 10
11 10 9
11 9 5
11 5 4
11 4 0
11 4 3
11 3 2
11 2 1
11 9 8
11 8 7
11 7 6
11 13 12
11 12 11
11 24 23
11 23 16
11 23 22
11 22 21
11 21 19
11 19 18
11 18 17
11 21 20
11 30 29
11 29 28
11 32 31
12 34 4
12 4 1
12 1 0
12 4 3
12 3 2
12 34 33
12 33 32
12 32 6
12 6 5
12 32 31
12 31 30
12 30 26
12 26 25
12 25 23
12 23 21
12 21 14
12 14 7
12 14 13
12 13 8
12 13 12
12 12 11
12 11 9
12 11 10
12 21 20
12 20 17
12 17 16
12 16 15
12 20 19
12 19 18
12 23 22
12 25 24
12 30 29
12 29 27
12 29 28
13 29 16
13 16 10
13 10 4
13 4 3
13 3 2
13 2 1
13 1 0
13 10 9
13 9 5
13 9 8
13 8 6
13 8 7
13 16 15
13 15 14
13 14 11
13 14 13
13 13 12
13 29 28
13 28 24
13 24 23
13 23 22
13 22 21
13 21 20
13 20 19
13 19 18
13 18 17
13 28 27
13 27 26
13 26 25
14 30 29
14 29 28
14 28 1
14 1 0
14 28 27
14 27 25
14 25 24
14 24 7
14 7 2
14 7 6
14 6 5
14 5 3
14 5 4
14 24 23
14 23 21
14 21 8
14 21 20
14 20 19
14 19 18
14 18 17
14 17 16
14 16 11
14 11 10
14 10 9
14 16 15
14 15 14
14 14 13
14 13 12
14 23 22
14 27 26
15 31 24
15 24 20
15 20 19
15 19 6
15 6 1
15 1 0
15 6 5
15 5 3
15 3 2
15 5 4
15 19 18
15 18 16
15 16 15
15 15 13
15 13 7
15 13 12
15 12 11
15 11 8
15 11 10
15 10 9
15 15 14
15 18 17
15 24 23
15 23 21
15 23 22
15 31 30
15 30 25
15 30 29
15 29 28
15 28 27
15 27 26
16 31 9
16 9 1
16 1 0
16 9 8
16 8 5
16 5 2
16 5 4
16 4 3
16 8 7
16 7 6
16 31 30
16 30 28
16 28 24
16 24 10
16 24 23
16 23 13
16 13 11
16 13 12
16 23 22
16 22 21
16 21 20
16 20 14
16 20 19
16 19 15
16 19 18
16 18 17
16 17 16
16 28 27
16 27 25
16 27 26
16 30 29
17 31 1
17 1 0
17 31 30
17 30 11
17 11 10
17 10 4
17 4 3
17 3 2
17 10 9
17 9 8
17 8 6
17 6 5
17 8 7
17 30 29
17 29 14
17 14 13
17 13 12
17 29 28
17 28 25
17 25 15
17 25 24
17 24 22
17 22 21
17 21 19
17 19 18
17 18 16
17 18 17
17 21 20
17 24 23
17 28 27
17 27 26
18 34 33
18 33 7
18 7 6
18 6 2
18 2 0
18 2 1
18 6 5
18 5 4
18 4 3
18 33 32
18 32 31
18 31 30
18 30 8
18 30 29
18 29 24
18 24 9
18 24 23
18 23 10
18 23 22
18 22 17
18 17 13
18 13 12
18 12 11
18 17 16
18 16 15
18 15 14
18 22 21
18 21 18
18 21 20
18 20 19
18 29 28
18 28 26
18 26 25
18 28 27
19 30 28
19 28 26
19 26 25
19 25 24
19 24 23
19 23 1
19 1 0
19 23 22
19 22 2
19 22 21
19 21 12
19 12 11
19 11 10
19 10 7
19 7 4
19 4 3
19 7 6
19 6 5
19 10 9
19 9 8
19 21 20
19 20 17
19 17 16
19 16 15
19 15 14
19 14 13
19 20 19
19 19 18
19 28 27
19 30 29
20 33 7
20 7 1
20 1 0
20 7 6
20 6 5
20 5 4
20 4 2
20 4 3
20 33 32
20 32 30
20 30 28
20 28 13
20 13 12
20 12 8
20 12 11
20 11 10
20 10 9
20 28 27
20 27 26
20 26 24
20 24 14
20 24 23
20 23 22
20 22 21
20 21 19
20 19 17
20 17 15
20 17 16
20 19 18
20 21 20
20 26 25
20 30 29
20 32 31
21 31 30
21 30 0
21 30 29
21 29 1
21 29 28
21 28 27
21 27 26
21 26 4
21 4 2
21 4 3
21 26 25
21 25 6
21 6 5
21 25 24
21 24 21
21 21 10
21 10 9
21 9 7
21 9 8
21 21 20
21 20 18
21 18 17
21 17 16
21 16 15
21 15 11
21 15 14
21 14 12
21 14 13
21 20 19
21 24 23
21 23 22
22 32 31
22 31 0
22 31 30
22 30 2
22 2 1
22 30 29
22 29 3
22 29 28
22 28 27
22 27 5
22 5 4
22 27 26
22 26 6
22 26 25
22 25 23
22 23 22
22 22 20
22 20 7
22 20 19
22 19 9
22 9 8
22 19 18
22 18 14
22 14 10
22 14 13
22 13 11
22 13 12
22 18 17
22 17 16
22 16 15
22 22 21
22 25 24
23 30 24
23 24 22
23 22 20
23 20 15
23 15 2
23 2 0
23 2 1
23 15 14
23 14 3
23 14 13
23 13 12
23 12 4
23 12 11
23 11 5
23 11 10
23 10 8
23 8 7
23 7 6
23 10 9
23 20 19
23 19 17
23 17 16
23 19 18
23 22 21
23 24 23
23 30 29
23 29 28
23 28 27
23 27 25
23 27 26
24 32 0
24 32 31
24 31 27
24 27 2
24 2 1
24 27 26
24 26 25
24 25 3
24 25 24
24 24 23
24 23 22
24 22 12
24 12 10
24 10 8
24 8 7
24 7 6
24 6 4
24 6 5
24 10 9
24 12 11
24 22 21
24 21 13
24 21 20
24 20 19
24 19 14
24 19 18
24 18 17
24 17 15
24 17 16
24 31 30
24 30 29
24 29 28
25 31 0
25 31 30
25 30 5
25 5 3
25 3 2
25 2 1
25 5 4
25 30 29
25 29 7
25 7 6
25 29 28
25 28 25
25 25 8
25 25 24
25 24 15
25 15 12
25 12 11
25 11 9
25 11 10
25 15 14
25 14 13
25 24 23
25 23 22
25 22 21
25 21 20
25 20 19
25 19 18
25 18 17
25 17 16
25 28 27
25 27 26
26 31 12
26 12 11
26 11 10
26 10 6
26 6 0
26 6 5
26 5 3
26 3 1
26 3 2
26 5 4
26 10 9
26 9 8
26 8 7
26 31 30
26 30 29
26 29 28
26 28 13
26 28 27
26 27 26
26 26 25
26 25 14
26 25 24
26 24 23
26 23 17
26 17 16
26 16 15
26 23 22
26 22 21
26 21 20
26 20 19
26 19 18
27 34 31
27 31 0
27 31 30
27 30 4
27 4 2
27 2 1
27 4 3
27 30 29
27 29 7
27 7 6
27 6 5
27 29 28
27 28 25
27 25 24
27 24 23
27 23 21
27 21 19
27 19 13
27 13 12
27 12 11
27 11 10
27 10 8
27 10 9
27 19 18
27 18 14
27 18 17
27 17 15
27 17 16
27 21 20
27 23 22
27 28 27
27 27 26
27 34 33
27 33 32
28 30 28
28 28 26
28 26 24
28 24 23
28 23 0
28 23 22
28 22 2
28 2 1
28 22 21
28 21 17
28 17 16
28 16 15
28 15 5
28 5 4
28 4 3
28 15 14
28 14 13
28 13 12
28 12 11
28 11 9
28 9 6
28 9 8
28 8 7
28 11 10
28 21 20
28 20 19
28 19 18
28 26 25
28 28 27
28 30 29
29 34 29
29 29 2
29 2 1
29 1 0
29 29 28
29 28 9
29 9 7
29 7 6
29 6 3
29 6 5
29 5 4
29 9 8
29 28 27
29 27 12
29 12 10
29 12 11
29 27 26
29 26 25
29 25 24
29 24 13
29 24 23
29 23 22
29 22 15
29 15 14
29 22 21
29 21 20
29 20 16
29 20 19
29 19 17
29 19 18
29 34 33
29 33 32
29 32 30
29 32 31
30 33 28
30 28 26
30 26 25
30 25 24
30 24 21
30 21 19
30 19 11
30 11 9
30 9 1
30 1 0
30 9 8
30 8 6
30 6 3
30 3 2
30 6 5
30 5 4
30 8 7
30 11 10
30 19 18
30 18 17
30 17 16
30 16 15
30 15 14
30 14 12
30 14 13
30 21 20
30 24 23
30 23 22
30 28 27
30 33 32
30 32 29
30 32 31
30 31 30
31 30 29
31 29 8
31 8 7
31 7 6
31 6 2
31 2 1
31 1 0
31 6 5
31 5 3
31 5 4
31 29 28
31 28 26
31 26 23
31 23 11
31 11 10
31 10 9
31 23 22
31 22 20
31 20 19
31 19 12
31 19 18
31 18 16
31 16 13
31 16 15
31 15 14
31 18 17
31 22 21
31 26 25
31 25 24
31 28 27
32 34 7
32 7 5
32 5 2
32 2 1
32 1 0
32 5 4
32 4 3
32 7 6
32 34 33
32 33 31
32 31 8
32 31 30
32 30 9
32 30 29
32 29 28
32 28 26
32 26 24
32 24 23
32 23 10
32 23 22
32 22 20
32 20 11
32 20 19
32 19 14
32 14 13
32 13 12
32 19 18
32 18 17
32 17 15
32 17 16
32 22 21
32 26 25
32 28 27
32 33 32
33 32 31
33 31 30
33 30 28
33 28 26
33 26 25
33 25 24
33 24 15
33 15 5
33 5 0
33 5 4
33 4 3
33 3 1
33 3 2
33 15 14
33 14 12
33 12 6
33 12 11
33 11 7
33 11 10
33 10 8
33 10 9
33 14 13
33 24 23
33 23 22
33 22 16
33 22 21
33 21 18
33 18 17
33 21 20
33 20 19
33 28 27
33 30 29
34 34 33
34 33 3
34 3 1
34 1 0
34 3 2
34 33 32
34 32 31
34 31 25
34 25 4
34 25 24
34 24 22
34 22 20
34 20 16
34 16 15
34 15 7
34 7 6
34 6 5
34 15 14
34 14 13
34 13 12
34 12 10
34 10 8
34 10 9
34 12 11
34 20 19
34 19 17
34 19 18
34 22 21
34 24 23
34 31 30
34 30 29
34 29 27
34 27 26
34 29 28
35 34 33
35 33 31
35 31 29
35 29 16
35 16 8
35 8 4
35 4 2
35 2 0
35 2 1
35 4 3
35 8 7
35 7 5
35 7 6
35 16 15
35 15 12
35 12 11
35 11 9
35 11 10
35 15 14
35 14 13
35 29 28
35 28 27
35 27 26
35 26 25
35 25 21
35 21 20
35 20 19
35 19 17
35 19 18
35 25 24
35 24 23
35 23 22
35 31 30
35 33 32
36 32 31
36 31 30
36 30 29
36 29 28
36 28 25
36 25 0
36 25 24
36 24 1
36 24 23
36 23 22
36 22 20
36 20 3
36 3 2
36 20 19
36 19 10
36 10 9
36 9 4
36 9 8
36 8 7
36 7 5
36 7 6
36 19 18
36 18 12
36 12 11
36 18 17
36 17 13
36 17 16
36 16 15
36 15 14
36 22 21
36 28 27
36 27 26
37 32 13
37 13 12
37 12 9
37 9 8
37 8 7
37 7 3
37 3 1
37 1 0
37 3 2
37 7 6
37 6 4
37 6 5
37 12 11
37 11 10
37 32 31
37 31 30
37 30 29
37 29 28
37 28 27
37 27 20
37 20 18
37 18 16
37 16 14
37 16 15
37 18 17
37 20 19
37 27 26
37 26 21
37 26 25
37 25 24
37 24 23
37 23 22
38 31 28
38 28 1
38 1 0
38 28 27
38 27 2
38 27 26
38 26 25
38 25 22
38 22 4
38 4 3
38 22 21
38 21 19
38 19 18
38 18 17
38 17 5
38 17 16
38 16 15
38 15 12
38 12 9
38 9 8
38 8 7
38 7 6
38 12 11
38 11 10
38 15 14
38 14 13
38 21 20
38 25 24
38 24 23
38 31 30
38 30 29
39 30 29
39 29 27
39 27 11
39 11 2
39 2 1
39 1 0
39 11 10
39 10 3
39 10 9
39 9 5
39 5 4
39 9 8
39 8 7
39 7 6
39 27 26
39 26 18
39 18 15
39 15 14
39 14 13
39 13 12
39 18 17
39 17 16
39 26 25
39 25 23
39 23 21
39 21 20
39 20 19
39 23 22
39 25 24
39 29 28
40 34 32
40 32 14
40 14 13
40 13 2
40 2 1
40 1 0
40 13 12
40 12 10
40 10 3
40 10 9
40 9 6
40 6 5
40 5 4
40 9 8
40 8 7
40 12 11
40 32 31
40 31 15
40 31 30
40 30 29
40 29 27
40 27 22
40 22 21
40 21 20
40 20 16
40 20 19
40 19 18
40 18 17
40 27 26
40 26 25
40 25 24
40 24 23
40 29 28
40 34 33
41 30 28
41 28 17
41 17 4
41 4 3
41 3 1
41 1 0
41 3 2
41 17 16
41 16 5
41 16 15
41 15 14
41 14 12
41 12 9
41 9 8
41 8 7
41 7 6
41 12 11
41 11 10
41 14 13
41 28 27
41 27 25
41 25 24
41 24 23
41 23 21
41 21 19
41 19 18
41 21 20
41 23 22
41 27 26
41 30 29
42 34 33
42 33 1
42 1 0
42 33 32
42 32 31
42 31 30
42 30 27
42 27 11
42 11 10
42 10 8
42 8 5
42 5 4
42 4 3
42 3 2
42 8 7
42 7 6
42 10 9
42 27 26
42 26 15
42 15 14
42 14 13
42 13 12
42 26 25
42 25 24
42 24 23
42 23 21
42 21 20
42 20 16
42 20 19
42 19 18
42 18 17
42 23 22
42 30 29
42 29 28
43 30 29
43 29 28
43 28 6
43 6 1
43 1 0
43 6 5
43 5 4
43 4 2
43 4 3
43 28 27
43 27 7
43 27 26
43 26 25
43 25 14
43 14 11
43 11 8
43 11 10
43 10 9
43 14 13
43 13 12
43 25 24
43 24 20
43 20 15
43 20 19
43 19 16
43 19 18
43 18 17
43 24 23
43 23 22
43 22 21
44 29 22
44 22 1
44 1 0
44 22 21
44 21 5
44 5 4
44 4 2
44 4 3
44 21 20
44 20 6
44 20 19
44 19 18
44 18 17
44 17 14
44 14 12
44 12 7
44 12 11
44 11 9
44 9 8
44 11 10
44 14 13
44 17 16
44 16 15
44 29 28
44 28 27
44 27 26
44 26 24
44 24 23
44 26 25
45 30 4
45 4 0
45 4 3
45 3 2
45 2 1
45 30 29
45 29 19
45 19 17
45 17 5
45 17 16
45 16 10
45 10 9
45 9 7
45 7 6
45 9 8
45 16 15
45 15 14
45 14 12
45 12 11
45 14 13
45 19 18
45 29 28
45 28 22
45 22 21
45 21 20
45 28 27
45 27 26
45 26 25
45 25 24
45 24 23
46 33 26
46 26 25
46 25 1
46 1 0
46 25 24
46 24 5
46 5 4
46 4 3
46 3 2
46 24 23
46 23 21
46 21 20
46 20 6
46 20 19
46 19 7
46 19 18
46 18 15
46 15 14
46 14 13
46 13 9
46 9 8
46 13 12
46 12 10
46 12 11
46 18 17
46 17 16
46 23 22
46 33 32
46 32 29
46 29 27
46 29 28
46 32 31
46 31 30
47 30 29
47 29 28
47 28 26
47 26 13
47 13 6
47 6 5
47 5 4
47 4 3
47 3 2
47 2 1
47 1 0
47 13 12
47 12 9
47 9 7
47 9 8
47 12 11
47 11 10
47 26 25
47 25 15
47 15 14
47 25 24
47 24 23
47 23 22
47 22 16
47 22 21
47 21 19
47 19 18
47 18 17
47 21 20
47 28 27
48 34 33
48 33 31
48 31 1
48 1 0
48 31 30
48 30 2
48 30 29
48 29 28
48 28 14
48 14 8
48 8 5
48 5 4
48 4 3
48 8 7
48 7 6
48 14 13
48 13 12
48 12 11
48 11 10
48 10 9
48 28 27
48 27 15
48 27 26
48 26 22
48 22 21
48 21 20
48 20 19
48 19 18
48 18 16
48 18 17
48 26 25
48 25 24
48 24 23
48 33 32
49 33 0
49 33 32
49 32 23
49 23 19
49 19 11
49 11 4
49 4 3
49 3 1
49 3 2
49 11 10
49 10 6
49 6 5
49 10 9
49 9 7
49 9 8
49 19 18
49 18 16
49 16 12
49 16 15
49 15 14
49 14 13
49 18 17
49 23 22
49 22 21
49 21 20
49 32 31
49 31 25
49 25 24
49 31 30
49 30 29
49 29 26
49 29 28
49 28 27
50 32 31
50 31 30
50 30 11
50 11 10
50 10 9
50 9 6
50 6 5
50 5 4
50 4 3
50 3 2
50 2 1
50 1 0
50 9 8
50 8 7
50 30 29
50 29 17
50 17 12
50 17 16
50 16 14
50 14 13
50 16 15
50 29 28
50 28 26
50 26 25
50 25 18
50 25 24
50 24 23
50 23 22
50 22 21
50 21 19
50 21 20
50 28 27
51 30 18
51 18 16
51 16 9
51 9 8
51 8 6
51 6 4
51 4 3
51 3 2
51 2 0
51 2 1
51 6 5
51 8 7
51 16 15
51 15 10
51 15 14
51 14 13
51 13 12
51 12 11
51 18 17
51 30 29
51 29 28
51 28 26
51 26 19
51 26 25
51 25 24
51 24 23
51 23 22
51 22 20
51 22 21
51 28 27
52 29 28
52 28 26
52 26 24
52 24 4
52 4 3
52 3 2
52 2 0
52 2 1
52 24 23
52 23 21
52 21 20
52 20 5
52 20 19
52 19 15
52 15 6
52 15 14
52 14 11
52 11 7
52 11 10
52 10 8
52 10 9
52 14 13
52 13 12
52 19 18
52 18 17
52 17 16
52 23 22
52 26 25
52 28 27
53 30 13
53 13 12
53 12 8
53 8 7
53 7 6
53 6 5
53 5 1
53 1 0
53 5 4
53 4 2
53 4 3
53 12 11
53 11 9
53 11 10
53 30 29
53 29 19
53 19 17
53 17 16
53 16 15
53 15 14
53 19 18
53 29 28
53 28 27
53 27 26
53 26 25
53 25 24
53 24 23
53 23 22
53 22 21
53 21 20
54 33 31
54 31 30
54 30 12
54 12 11
54 11 8
54 8 0
54 8 7
54 7 1
54 7 6
54 6 2
54 6 5
54 5 4
54 4 3
54 11 10
54 10 9
54 30 29
54 29 14
54 14 13
54 29 28
54 28 20
54 20 19
54 19 18
54 18 16
54 16 15
54 18 17
54 28 27
54 27 26
54 26 25
54 25 24
54 24 22
54 22 21
54 24 23
54 33 32
55 33 32
55 32 2
55 2 0
55 2 1
55 32 31
55 31 23
55 23 16
55 16 15
55 15 4
55 4 3
55 15 14
55 14 13
55 13 12
55 12 6
55 6 5
55 12 11
55 11 10
55 10 9
55 9 7
55 9 8
55 23 22
55 22 21
55 21 20
55 20 19
55 19 17
55 19 18
55 31 30
55 30 28
55 28 24
55 28 27
55 27 26
55 26 25
55 30 29
56 32 31
56 31 30
56 30 29
56 29 27
56 27 23
56 23 1
56 1 0
56 23 22
56 22 7
56 7 5
56 5 3
56 3 2
56 5 4
56 7 6
56 22 21
56 21 8
56 21 20
56 20 19
56 19 13
56 13 10
56 10 9
56 13 12
56 12 11
56 19 18
56 18 17
56 17 16
56 16 15
56 15 14
56 27 26
56 26 25
56 25 24
56 29 28
57 30 29
57 29 23
57 23 17
57 17 2
57 2 1
57 1 0
57 17 16
57 16 15
57 15 6
57 6 5
57 5 4
57 4 3
57 15 14
57 14 13
57 13 11
57 11 9
57 9 7
57 9 8
57 11 10
57 13 12
57 23 22
57 22 21
57 21 19
57 19 18
57 21 20
57 29 28
57 28 27
57 27 26
57 26 25
57 25 24
58 34 33
58 33 25
58 25 2
58 2 1
58 1 0
58 25 24
58 24 4
58 4 3
58 24 23
58 23 22
58 22 21
58 21 20
58 20 5
58 20 19
58 19 18
58 18 17
58 17 6
58 17 16
58 16 14
58 14 13
58 13 12
58 12 9
58 9 7
58 9 8
58 12 11
58 11 10
58 16 15
58 33 32
58 32 30
58 30 29
58 29 26
58 29 28
58 28 27
58 32 31
59 34 21
59 21 10
59 10 8
59 8 7
59 7 6
59 6 3
59 3 0
59 3 2
59 2 1
59 6 5
59 5 4
59 10 9
59 21 20
59 20 15
59 15 13
59 13 12
59 12 11
59 15 14
59 20 19
59 19 17
59 17 16
59 19 18
59 34 33
59 33 32
59 32 24
59 24 23
59 23 22
59 32 31
59 31 29
59 29 26
59 26 25
59 29 28
59 28 27
59 31 30
60 29 0
60 29 28
60 28 2
60 2 1
60 28 27
60 27 26
60 26 25
60 25 24
60 24 23
60 23 7
60 7 6
60 6 3
60 6 5
60 5 4
60 23 22
60 22 8
60 22 21
60 21 20
60 20 13
60 13 11
60 11 9
60 11 10
60 13 12
60 20 19
60 19 14
60 19 18
60 18 17
60 17 15
60 17 16
61 31 9
61 9 1
61 1 0
61 9 8
61 8 7
61 7 6
61 6 5
61 5 3
61 3 2
61 5 4
61 31 30
61 30 29
61 29 10
61 29 28
61 28 23
61 23 22
61 22 21
61 21 20
61 20 12
61 12 11
61 20 19
61 19 18
61 18 17
61 17 16
61 16 15
61 15 14
61 14 13
61 28 27
61 27 25
61 25 24
61 27 26
62 30 28
62 28 26
62 26 16
62 16 9
62 9 7
62 7 0
62 7 6
62 6 5
62 5 1
62 5 4
62 4 3
62 3 2
62 9 8
62 16 15
62 15 10
62 15 14
62 14 12
62 12 11
62 14 13
62 26 25
62 25 23
62 23 18
62 18 17
62 23 22
62 22 19
62 22 21
62 21 20
62 25 24
62 28 27
62 30 29
63 32 0
63 32 31
63 31 30
63 30 28
63 28 27
63 27 7
63 7 5
63 5 3
63 3 2
63 2 1
63 5 4
63 7 6
63 27 26
63 26 11
63 11 10
63 10 8
63 10 9
63 26 25
63 25 13
63 13 12
63 25 24
63 24 16
63 16 14
63 16 15
63 24 23
63 23 22
63 22 21
63 21 18
63 18 17
63 21 20
63 20 19
63 30 29
64 30 29
64 29 28
64 28 27
64 27 6
64 6 5
64 5 4
64 4 2
64 2 0
64 2 1
64 4 3
64 27 26
64 26 25
64 25 24
64 24 23
64 23 22
64 22 18
64 18 17
64 17 15
64 15 14
64 14 7
64 14 13
64 13 11
64 11 9
64 9 8
64 11 10
64 13 12
64 17 16
64 22 21
64 21 19
64 21 20
65 29 28
65 28 0
65 28 27
65 27 20
65 20 18
65 18 17
65 17 11
65 11 10
65 10 9
65 9 7
65 7 1
65 7 6
65 6 2
65 6 5
65 5 4
65 4 3
65 9 8
65 17 16
65 16 14
65 14 13
65 13 12
65 16 15
65 20 19
65 27 26
65 26 25
65 25 21
65 25 24
65 24 22
65 24 23
66 30 29
66 29 1
66 1 0
66 29 28
66 28 27
66 27 23
66 23 22
66 22 21
66 21 20
66 20 19
66 19 2
66 19 18
66 18 6
66 6 3
66 6 5
66 5 4
66 18 17
66 17 12
66 12 9
66 9 7
66 9 8
66 12 11
66 11 10
66 17 16
66 16 14
66 14 13
66 16 15
66 27 26
66 26 25
66 25 24
67 32 30
67 30 0
67 30 29
67 29 28
67 28 27
67 27 4
67 4 2
67 2 1
67 4 3
67 27 26
67 26 25
67 25 5
67 25 24
67 24 21
67 21 20
67 20 6
67 20 19
67 19 17
67 17 16
67 16 14
67 14 9
67 9 8
67 8 7
67 14 13
67 13 12
67 12 11
67 11 10
67 16 15
67 19 18
67 24 23
67 23 22
67 32 31
68 30 23
68 23 21
68 21 7
68 7 6
68 6 3
68 3 0
68 3 2
68 2 1
68 6 5
68 5 4
68 21 20
68 20 8
68 20 19
68 19 18
68 18 13
68 13 11
68 11 9
68 11 10
68 13 12
68 18 17
68 17 16
68 16 14
68 16 15
68 23 22
68 30 29
68 29 27
68 27 26
68 26 25
68 25 24
68 29 28
69 29 0
69 29 28
69 28 27
69 27 26
69 26 23
69 23 18
69 18 4
69 4 3
69 3 1
69 3 2
69 18 17
69 17 15
69 15 14
69 14 6
69 6 5
69 14 13
69 13 12
69 12 11
69 11 9
69 9 7
69 9 8
69 11 10
69 17 16
69 23 22
69 22 19
69 22 21
69 21 20
69 26 25
69 25 24
70 33 31
70 31 0
70 31 30
70 30 29
70 29 28
70 28 13
70 13 11
70 11 10
70 10 4
70 4 2
70 2 1
70 4 3
70 10 9
70 9 5
70 9 8
70 8 6
70 8 7
70 13 12
70 28 27
70 27 26
70 26 17
70 17 16
70 16 15
70 15 14
70 26 25
70 25 22
70 22 21
70 21 19
70 19 18
70 21 20
70 25 24
70 24 23
70 33 32
71 33 31
71 31 30
71 30 0
71 30 29
71 29 25
71 25 21
71 21 20
71 20 1
71 20 19
71 19 18
71 18 7
71 7 6
71 6 5
71 5 2
71 5 4
71 4 3
71 18 17
71 17 8
71 17 16
71 16 15
71 15 9
71 15 14
71 14 13
71 13 11
71 11 10
71 13 12
71 25 24
71 24 23
71 23 22
71 29 28
71 28 26
71 28 27
71 33 32
72 30 1
72 1 0
72 30 29
72 29 8
72 8 7
72 7 6
72 6 3
72 3 2
72 6 5
72 5 4
72 29 28
72 28 27
72 27 25
72 25 10
72 10 9
72 25 24
72 24 19
72 19 16
72 16 15
72 15 14
72 14 11
72 14 13
72 13 12
72 19 18
72 18 17
72 24 23
72 23 22
72 22 21
72 21 20
72 27 26
73 31 0
73 31 30
73 30 29
73 29 1
73 29 28
73 28 2
73 28 27
73 27 8
73 8 7
73 7 6
73 6 3
73 6 5
73 5 4
73 27 26
73 26 25
73 25 24
73 24 15
73 15 13
73 13 12
73 12 10
73 10 9
73 12 11
73 15 14
73 24 23
73 23 21
73 21 19
73 19 18
73 18 16
73 18 17
73 21 20
73 23 22
74 30 0
74 30 29
74 29 3
74 3 2
74 2 1
74 29 28
74 28 27
74 27 8
74 8 7
74 7 6
74 6 4
74 6 5
74 27 26
74 26 25
74 25 24
74 24 10
74 10 9
74 24 23
74 23 12
74 12 11
74 23 22
74 22 13
74 22 21
74 21 19
74 19 18
74 18 16
74 16 14
74 16 15
74 18 17
74 21 20
75 33 1
75 1 0
75 33 32
75 32 10
75 10 8
75 8 7
75 7 2
75 7 6
75 6 5
75 5 4
75 4 3
75 10 9
75 32 31
75 31 29
75 29 27
75 27 26
75 26 25
75 25 24
75 24 23
75 23 11
75 23 22
75 22 20
75 20 19
75 19 18
75 18 17
75 17 12
75 17 16
75 16 14
75 14 13
75 16 15
75 22 21
75 29 28
75 31 30
76 33 0
76 33 32
76 32 31
76 31 4
76 4 3
76 3 2
76 2 1
76 31 30
76 30 6
76 6 5
76 30 29
76 29 28
76 28 13
76 13 9
76 9 8
76 8 7
76 13 12
76 12 11
76 11 10
76 28 27
76 27 14
76 27 26
76 26 25
76 25 20
76 20 16
76 16 15
76 20 19
76 19 17
76 19 18
76 25 24
76 24 23
76 23 21
76 23 22
77 29 1
77 1 0
77 29 28
77 28 27
77 27 26
77 26 20
77 20 19
77 19 16
77 16 13
77 13 12
77 12 2
77 12 11
77 11 8
77 8 7
77 7 6
77 6 3
77 6 5
77 5 4
77 11 10
77 10 9
77 16 15
77 15 14
77 19 18
77 18 17
77 26 25
77 25 23
77 23 22
77 22 21
77 25 24
78 34 31
78 31 2
78 2 0
78 2 1
78 31 30
78 30 29
78 29 27
78 27 25
78 25 10
78 10 9
78 9 3
78 9 8
78 8 4
78 8 7
78 7 5
78 7 6
78 25 24
78 24 23
78 23 14
78 14 13
78 13 12
78 12 11
78 23 22
78 22 18
78 18 17
78 17 15
78 17 16
78 22 21
78 21 19
78 21 20
78 27 26
78 29 28
78 34 33
78 33 32
79 29 28
79 28 27
79 27 24
79 24 22
79 22 20
79 20 19
79 19 7
79 7 6
79 6 0
79 6 5
79 5 4
79 4 3
79 3 2
79 2 1
79 19 18
79 18 17
79 17 12
79 12 10
79 10 9
79 9 8
79 12 11
79 17 16
79 16 14
79 14 13
79 16 15
79 22 21
79 24 23
79 27 26
79 26 25
80 34 10
80 10 9
80 9 8
80 8 4
80 4 2
80 2 1
80 1 0
80 4 3
80 8 7
80 7 6
80 6 5
80 34 33
80 33 32
80 32 31
80 31 27
80 27 11
80 27 26
80 26 21
80 21 20
80 20 19
80 19 13
80 13 12
80 19 18
80 18 16
80 16 15
80 15 14
80 18 17
80 26 25
80 25 24
80 24 23
80 23 22
80 31 30
80 30 29
80 29 28
81 34 33
81 33 0
81 33 32
81 32 3
81 3 2
81 2 1
81 32 31
81 31 5
81 5 4
81 31 30
81 30 24
81 24 22
81 22 11
81 11 10
81 10 9
81 9 8
81 8 6
81 8 7
81 22 21
81 21 18
81 18 13
81 13 12
81 18 17
81 17 16
81 16 14
81 16 15
81 21 20
81 20 19
81 24 23
81 30 29
81 29 25
81 29 28
81 28 26
81 28 27
82 29 28
82 28 27
82 27 12
82 12 0
82 12 11
82 11 10
82 10 3
82 3 1
82 3 2
82 10 9
82 9 8
82 8 5
82 5 4
82 8 7
82 7 6
82 27 26
82 26 25
82 25 24
82 24 23
82 23 21
82 21 15
82 15 13
82 15 14
82 21 20
82 20 16
82 20 19
82 19 18
82 18 17
82 23 22
83 29 27
83 27 26
83 26 3
83 3 1
83 1 0
83 3 2
83 26 25
83 25 23
83 23 22
83 22 20
83 20 7
83 7 4
83 7 6
83 6 5
83 20 19
83 19 8
83 19 18
83 18 9
83 18 17
83 17 16
83 16 14
83 14 13
83 13 12
83 12 11
83 11 10
83 16 15
83 22 21
83 25 24
83 29 28
84 30 25
84 25 23
84 23 22
84 22 13
84 13 10
84 10 9
84 9 7
84 7 2
84 2 0
84 2 1
84 7 6
84 6 5
84 5 4
84 4 3
84 9 8
84 13 12
84 12 11
84 22 21
84 21 20
84 20 14
84 20 19
84 19 18
84 18 15
84 18 17
84 17 16
84 25 24
84 30 29
84 29 27
84 27 26
84 29 28
85 31 0
85 31 30
85 30 29
85 29 1
85 29 28
85 28 23
85 23 13
85 13 12
85 12 2
85 12 11
85 11 10
85 10 3
85 10 9
85 9 6
85 6 5
85 5 4
85 9 8
85 8 7
85 23 22
85 22 18
85 18 15
85 15 14
85 18 17
85 17 16
85 22 21
85 21 20
85 20 19
85 28 27
85 27 25
85 25 24
85 27 26
86 32 0
86 32 31
86 31 5
86 5 4
86 4 1
86 4 3
86 3 2
86 31 30
86 30 29
86 29 14
86 14 7
86 7 6
86 14 13
86 13 8
86 13 12
86 12 11
86 11 9
86 11 10
86 29 28
86 28 18
86 18 17
86 17 16
86 16 15
86 28 27
86 27 25
86 25 22
86 22 19
86 22 21
86 21 20
86 25 24
86 24 23
86 27 26
87 29 28
87 28 2
87 2 0
87 2 1
87 28 27
87 27 26
87 26 24
87 24 23
87 23 22
87 22 3
87 22 21
87 21 19
87 19 18
87 18 16
87 16 14
87 14 12
87 12 8
87 8 7
87 7 6
87 6 5
87 5 4
87 12 11
87 11 9
87 11 10
87 14 13
87 16 15
87 18 17
87 21 20
87 26 25
88 29 15
88 15 9
88 9 4
88 4 3
88 3 2
88 2 0
88 2 1
88 9 8
88 8 6
88 6 5
88 8 7
88 15 14
88 14 12
88 12 11
88 11 10
88 14 13
88 29 28
88 28 24
88 24 23
88 23 16
88 23 22
88 22 21
88 21 19
88 19 17
88 19 18
88 21 20
88 28 27
88 27 25
88 27 26
89 32 21
89 21 20
89 20 0
89 20 19
89 19 18
89 18 15
89 15 14
89 14 12
89 12 10
89 10 9
89 9 2
89 2 1
89 9 8
89 8 6
89 6 4
89 4 3
89 6 5
89 8 7
89 12 11
89 14 13
89 18 17
89 17 16
89 32 31
89 31 30
89 30 23
89 23 22
89 30 29
89 29 25
89 25 24
89 29 28
89 28 26
89 28 27
90 30 8
90 8 7
90 7 0
90 7 6
90 6 5
90 5 4
90 4 3
90 3 2
90 2 1
90 30 29
90 29 11
90 11 9
90 11 10
90 29 28
90 28 12
90 28 27
90 27 15
90 15 14
90 14 13
90 27 26
90 26 16
90 26 25
90 25 17
90 25 24
90 24 23
90 23 19
90 19 18
90 23 22
90 22 20
90 22 21
91 32 31
91 31 0
91 31 30
91 30 12
91 12 1
91 12 11
91 11 10
91 10 2
91 10 9
91 9 7
91 7 6
91 6 5
91 5 3
91 5 4
91 9 8
91 30 29
91 29 27
91 27 15
91 15 13
91 15 14
91 27 26
91 26 25
91 25 16
91 25 24
91 24 23
91 23 22
91 22 20
91 20 18
91 18 17
91 20 19
91 22 21
91 29 28
92 29 26
92 26 25
92 25 23
92 23 0
92 23 22
92 22 2
92 2 1
92 22 21
92 21 12
92 12 5
92 5 3
92 5 4
92 12 11
92 11 6
92 11 10
92 10 7
92 10 9
92 9 8
92 21 20
92 20 14
92 14 13
92 20 19
92 19 18
92 18 15
92 18 17
92 17 16
92 25 24
92 29 28
92 28 27
93 32 3
93 3 0
93 3 2
93 2 1
93 32 31
93 31 30
93 30 4
93 30 29
93 29 15
93 15 11
93 11 9
93 9 8
93 8 7
93 7 5
93 7 6
93 11 10
93 15 14
93 14 12
93 14 13
93 29 28
93 28 27
93 27 24
93 24 18
93 18 16
93 18 17
93 24 23
93 23 22
93 22 21
93 21 20
93 20 19
93 27 26
93 26 25
94 30 0
94 30 29
94 29 18
94 18 17
94 17 15
94 15 14
94 14 13
94 13 12
94 12 1
94 12 11
94 11 5
94 5 3
94 3 2
94 5 4
94 11 10
94 10 8
94 8 7
94 7 6
94 10 9
94 17 16
94 29 28
94 28 24
94 24 23
94 23 21
94 21 19
94 21 20
94 23 22
94 28 27
94 27 26
94 26 25
95 30 0
95 30 29
95 29 4
95 4 2
95 2 1
95 4 3
95 29 28
95 28 5
95 28 27
95 27 26
95 26 25
95 25 24
95 24 22
95 22 21
95 21 18
95 18 17
95 17 8
95 8 6
95 8 7
95 17 16
95 16 9
95 16 15
95 15 11
95 11 10
95 15 14
95 14 12
95 14 13
95 21 20
95 20 19
95 24 23
96 29 27
96 27 25
96 25 24
96 24 23
96 23 14
96 14 13
96 13 12
96 12 11
96 11 10
96 10 9
96 9 7
96 7 6
96 6 5
96 5 4
96 4 0
96 4 3
96 3 2
96 2 1
96 9 8
96 23 22
96 22 15
96 22 21
96 21 19
96 19 18
96 18 17
96 17 16
96 21 20
96 27 26
96 29 28
97 30 1
97 1 0
97 30 29
97 29 28
97 28 2
97 28 27
97 27 26
97 26 25
97 25 23
97 23 6
97 6 4
97 4 3
97 6 5
97 23 22
97 22 20
97 20 8
97 8 7
97 20 19
97 19 10
97 10 9
97 19 18
97 18 11
97 18 17
97 17 13
97 13 12
97 17 16
97 16 15
97 15 14
97 22 21
97 25 24
98 29 28
98 28 27
98 27 26
98 26 22
98 22 17
98 17 16
98 16 15
98 15 14
98 14 0
98 14 13
98 13 7
98 7 1
98 7 6
98 6 5
98 5 2
98 5 4
98 4 3
98 13 12
98 12 8
98 12 11
98 11 9
98 11 10
98 22 21
98 21 19
98 19 18
98 21 20
98 26 25
98 25 23
98 25 24
99 33 32
99 32 11
99 11 10
99 10 9
99 9 8
99 8 6
99 6 4
99 4 1
99 1 0
99 4 3
99 3 2
99 6 5
99 8 7
99 32 31
99 31 24
99 24 23
99 23 15
99 15 13
99 13 12
99 15 14
99 23 22
99 22 21
99 21 19
99 19 18
99 18 17
99 17 16
99 21 20
99 31 30
99 30 26
99 26 25
99 30 29
99 29 27
99 29 28
100 33 32
100 32 30
100 30 16
100 16 9
100 9 8
100 8 7
100 7 6
100 6 0
100 6 5
100 5 3
100 3 2
100 2 1
100 5 4
100 16 15
100 15 14
100 14 10
100 14 13
100 13 11
100 13 12
100 30 29
100 29 28
100 28 26
100 26 19
100 19 18
100 18 17
100 26 25
100 25 22
100 22 21
100 21 20
100 25 24
100 24 23
100 28 27
100 32 31
101 30 2
101 2 0
101 2 1
101 30 29
101 29 28
101 28 25
101 25 24
101 24 7
101 7 6
101 6 5
101 5 4
101 4 3
101 24 23
101 23 19
101 19 8
101 19 18
101 18 17
101 17 16
101 16 9
101 16 15
101 15 14
101 14 13
101 13 10
101 13 12
101 12 11
101 23 22
101 22 21
101 21 20
101 28 27
101 27 26
