1 34 19
1 19 18
1 18 17
1 17 14
1 14 13
1 13 9
1 9 8
1 8 7
1 7 3
1 3 0
1 3 2
1 2 1
1 7 6
1 6 5
1 5 4
1 13 12
1 12 10
1 12 11
1 17 16
1 16 15
1 34 33
1 33 31
1 31 30
1 30 27
1 27 20
1 27 26
1 26 25
1 25 23
1 23 21
1 23 22
1 25 24
1 30 29
1 29 28
1 33 32
2 31 30
2 30 26
2 26 25
2 25 1
2 1 0
2 25 24
2 24 23
2 23 22
2 22 21
2 21 6
2 6 2
2 6 5
2 5 4
2 4 3
2 21 20
2 20 7
2 20 19
2 19 18
2 18 17
2 17 16
2 16 13
2 13 10
2 10 8
2 10 9
2 13 12
2 12 11
2 16 15
2 15 14
2 30 29
2 29 28
2 28 27
3 31 29
3 29 28
3 28 18
3 18 3
3 3 1
3 1 0
3 3 2
3 18 17
3 17 5
3 5 4
3 17 16
3 16 15
3 15 6
3 15 14
3 14 13
3 13 8
3 8 7
3 13 12
3 12 9
3 12 11
3 11 10
3 28 27
3 27 26
3 26 24
3 24 20
3 20 19
3 24 23
3 23 21
3 23 22
3 26 25
3 31 30
4 31 30
4 30 13
4 13 2
4 2 1
4 1 0
4 13 12
4 12 9
4 9 8
4 8 6
4 6 5
4 5 3
4 5 4
4 8 7
4 12 11
4 11 10
4 30 29
4 29 28
4 28 25
4 25 23
4 23 22
4 22 20
4 20 19
4 19 18
4 18 14
4 18 17
4 17 15
4 17 16
4 22 21
4 25 24
4 28 27
4 27 26
5 32 30
5 30 29
5 29 28
5 28 0
5 28 27
5 27 25
5 25 1
5 25 24
5 24 22
5 22 20
5 20 19
5 19 18
5 18 2
5 18 17
5 17 4
5 4 3
5 17 16
5 16 10
5 10 9
5 9 5
5 9 8
5 8 6
5 8 7
5 16 15
5 15 11
5 15 14
5 14 13
5 13 12
5 22 21
5 24 23
5 27 26
5 32 31
6 34 33
6 33 32
6 32 0
6 32 31
6 31 30
6 30 29
6 29 27
6 27 2
6 2 1
6 27 26
6 26 22
6 22 21
6 21 20
6 20 19
6 19 17
6 17 16
6 16 14
6 14 13
6 13 12
6 12 3
6 12 11
6 11 10
6 10 4
6 10 9
6 9 6
6 6 5
6 9 8
6 8 7
6 16 15
6 19 18
6 26 25
6 25 24
6 24 23
6 29 28
7 29 28
7 28 7
7 7 6
7 6 5
7 5 3
7 3 2
7 2 1
7 1 0
7 5 4
7 28 27
7 27 25
7 25 13
7 13 12
7 12 11
7 11 9
7 9 8
7 11 10
7 25 24
7 24 21
7 21 20
7 20 14
7 20 19
7 19 18
7 18 15
7 18 17
7 17 16
7 24 23
7 23 22
7 27 26
8 32 31
8 31 15
8 15 14
8 14 13
8 13 5
8 5 0
8 5 4
8 4 3
8 3 2
8 2 1
8 13 12
8 12 9
8 9 8
8 8 7
8 7 6
8 12 11
8 11 10
8 31 30
8 30 27
8 27 21
8 21 18
8 18 16
8 18 17
8 21 20
8 20 19
8 27 26
8 26 24
8 24 22
8 24 23
8 26 25
8 30 29
8 29 28
9 31 5
9 5 4
9 4 2
9 2 1
9 1 0
9 4 3
9 31 30
9 30 29
9 29 10
9 10 9
9 9 6
9 9 8
9 8 7
9 29 28
9 28 27
9 27 24
9 24 23
9 23 22
9 22 21
9 21 17
9 17 12
9 12 11
9 17 16
9 16 14
9 14 13
9 16 15
9 21 20
9 20 18
9 20 19
9 27 26
9 26 25
10 34 32
10 32 0
10 32 31
10 31 30
10 30 29
10 29 27
10 27 6
10 6 4
10 4 1
10 4 3
10 3 2
10 6 5
10 27 26
10 26 25
10 25 7
10 25 24
10 24 21
10 21 20
10 20 17
10 17 16
10 16 8
10 16 15
10 15 13
10 13 11
10 11 9
10 11 10
10 13 12
10 15 14
10 20 19
10 19 18
10 24 23
10 23 22
10 29 28
10 34 33
11 29 28
11 28 27
11 27 26
11 26 19
11 19 18
11 18 16
11 16 7
11 7 6
11 6 2
11 2 0
11 2 1
11 6 5
11 5 4
11 4 3
11 16 15
11 15 8
11 15 14
11 14 13
11 13 9
11 13 12
11 12 10
11 12 11
11 18 17
11 26 25
11 25 20
11 25 24
11 24 23
11 23 22
11 22 21
12 32 27
12 27 22
12 22 21
12 21 0
12 21 20
12 20 17
12 17 15
12 15 11
12 11 10
12 10 1
12 10 9
12 9 3
12 3 2
12 9 8
12 8 6
12 6 5
12 5 4
12 8 7
12 15 14
12 14 13
12 13 12
12 17 16
12 20 19
12 19 18
12 27 26
12 26 23
12 26 25
12 25 24
12 32 31
12 31 29
12 29 28
12 31 30
13 34 29
13 29 25
13 25 24
13 24 0
13 24 23
13 23 18
13 18 5
13 5 3
13 3 1
13 3 2
13 5 4
13 18 17
13 17 16
13 16 14
13 14 13
13 13 11
13 11 10
13 10 8
13 8 7
13 7 6
13 10 9
13 13 12
13 16 15
13 23 22
13 22 21
13 21 20
13 20 19
13 29 28
13 28 27
13 27 26
13 34 33
13 33 31
13 31 30
13 33 32
14 29 0
14 29 28
14 28 1
14 28 27
14 27 25
14 25 21
14 21 19
14 19 18
14 18 3
14 3 2
14 18 17
14 17 13
14 13 11
14 11 10
14 10 9
14 9 4
14 9 8
14 8 6
14 6 5
14 8 7
14 13 12
14 17 16
14 16 15
14 15 14
14 21 20
14 25 24
14 24 22
14 24 23
14 27 26
15 29 28
15 28 2
15 2 0
15 2 1
15 28 27
15 27 26
15 26 5
15 5 4
15 4 3
15 26 25
15 25 24
15 24 23
15 23 21
15 21 19
15 19 17
15 17 10
15 10 8
15 8 7
15 7 6
15 10 9
15 17 16
15 16 12
15 12 11
15 16 15
15 15 14
15 14 13
15 19 18
15 21 20
15 23 22
16 30 28
16 28 27
16 27 25
16 25 0
16 25 24
16 24 23
16 23 19
16 19 1
16 19 18
16 18 6
16 6 2
16 6 5
16 5 3
16 5 4
16 18 17
16 17 7
16 17 16
16 16 9
16 9 8
16 16 15
16 15 14
16 14 13
16 13 12
16 12 11
16 11 10
16 23 22
16 22 21
16 21 20
16 27 26
16 30 29
17 31 0
17 31 30
17 30 29
17 29 28
17 28 3
17 3 1
17 3 2
17 28 27
17 27 24
17 24 6
17 6 5
17 5 4
17 24 23
17 23 21
17 21 20
17 20 19
17 19 18
17 18 17
17 17 13
17 13 11
17 11 9
17 9 7
17 9 8
17 11 10
17 13 12
17 17 16
17 16 14
17 16 15
17 23 22
17 27 26
17 26 25
18 34 33
18 33 2
18 2 1
18 1 0
18 33 32
18 32 26
18 26 25
18 25 3
18 25 24
18 24 23
18 23 5
18 5 4
18 23 22
18 22 21
18 21 19
18 19 18
18 18 6
18 18 17
18 17 16
18 16 11
18 11 8
18 8 7
18 11 10
18 10 9
18 16 15
18 15 14
18 14 12
18 14 13
18 21 20
18 32 31
18 31 30
18 30 29
18 29 27
18 29 28
19 29 28
19 28 19
19 19 18
19 18 13
19 13 11
19 11 10
19 10 8
19 8 0
19 8 7
19 7 5
19 5 1
19 5 4
19 4 3
19 3 2
19 7 6
19 10 9
19 13 12
19 18 17
19 17 16
19 16 15
19 15 14
19 28 27
19 27 23
19 23 22
19 22 20
19 22 21
19 27 26
19 26 24
19 26 25
20 34 16
20 16 14
20 14 12
20 12 7
20 7 6
20 6 5
20 5 4
20 4 2
20 2 1
20 1 0
20 4 3
20 12 11
20 11 9
20 9 8
20 11 10
20 14 13
20 16 15
20 34 33
20 33 32
20 32 25
20 25 24
20 24 23
20 23 17
20 23 22
20 22 21
20 21 19
20 19 18
20 21 20
20 32 31
20 31 28
20 28 26
20 28 27
20 31 30
20 30 29
21 29 28
21 28 11
21 11 10
21 10 1
21 1 0
21 10 9
21 9 2
21 9 8
21 8 6
21 6 4
21 4 3
21 6 5
21 8 7
21 28 27
21 27 25
21 25 24
21 24 15
21 15 14
21 14 13
21 13 12
21 24 23
21 23 21
21 21 20
21 20 18
21 18 17
21 17 16
21 20 19
21 23 22
21 27 26
22 29 14
22 14 11
22 11 10
22 10 7
22 7 5
22 5 1
22 1 0
22 5 4
22 4 3
22 3 2
22 7 6
22 10 9
22 9 8
22 14 13
22 13 12
22 29 28
22 28 17
22 17 15
22 17 16
22 28 27
22 27 25
22 25 24
22 24 23
22 23 22
22 22 21
22 21 20
22 20 19
22 19 18
22 27 26
23 33 0
23 33 32
23 32 27
23 27 21
23 21 20
23 20 19
23 19 18
23 18 15
23 15 6
23 6 2
23 2 1
23 6 5
23 5 4
23 4 3
23 15 14
23 14 10
23 10 9
23 9 7
23 9 8
23 14 13
23 13 12
23 12 11
23 18 17
23 17 16
23 27 26
23 26 24
23 24 22
23 24 23
23 26 25
23 32 31
23 31 30
23 30 29
23 29 28
24 29 1
24 1 0
24 29 28
24 28 12
24 12 4
24 4 2
24 4 3
24 12 11
24 11 8
24 8 7
24 7 5
24 7 6
24 11 10
24 10 9
24 28 27
24 27 23
24 23 22
24 22 17
24 17 16
24 16 14
24 14 13
24 16 15
24 22 21
24 21 19
24 19 18
24 21 20
24 27 26
24 26 24
24 26 25
25 33 28
25 28 27
25 27 26
25 26 25
25 25 0
25 25 24
25 24 2
25 2 1
25 24 23
25 23 13
25 13 11
25 11 6
25 6 5
25 5 4
25 4 3
25 11 10
25 10 9
25 9 8
25 8 7
25 13 12
25 23 22
25 22 21
25 21 14
25 21 20
25 20 19
25 19 16
25 16 15
25 19 18
25 18 17
25 33 32
25 32 31
25 31 30
25 30 29
26 33 31
26 31 30
26 30 4
26 4 2
26 2 0
26 2 1
26 4 3
26 30 29
26 29 7
26 7 5
26 7 6
26 29 28
26 28 19
26 19 8
26 19 18
26 18 17
26 17 13
26 13 12
26 12 9
26 12 11
26 11 10
26 17 16
26 16 14
26 16 15
26 28 27
26 27 26
26 26 25
26 25 24
26 24 23
26 23 20
26 23 22
26 22 21
26 33 32
27 32 30
27 30 3
27 3 0
27 3 2
27 2 1
27 30 29
27 29 28
27 28 25
27 25 5
27 5 4
27 25 24
27 24 6
27 24 23
27 23 22
27 22 7
27 22 21
27 21 19
27 19 9
27 9 8
27 19 18
27 18 12
27 12 10
27 12 11
27 18 17
27 17 14
27 14 13
27 17 16
27 16 15
27 21 20
27 28 27
27 27 26
27 32 31
28 34 0
28 34 33
28 33 28
28 28 21
28 21 1
28 21 20
28 20 19
28 19 2
28 19 18
28 18 6
28 6 5
28 5 3
28 5 4
28 18 17
28 17 16
28 16 14
28 14 13
28 13 12
28 12 10
28 10 9
28 9 7
28 9 8
28 12 11
28 16 15
28 28 27
28 27 25
28 25 24
28 24 23
28 23 22
28 27 26
28 33 32
28 32 31
28 31 30
28 30 29
29 31 12
29 12 10
29 10 5
29 5 3
29 3 1
29 1 0
29 3 2
29 5 4
29 10 9
29 9 8
29 8 7
29 7 6
29 12 11
29 31 30
29 30 13
29 30 29
29 29 28
29 28 27
29 27 24
29 24 14
29 24 23
29 23 17
29 17 16
29 16 15
29 23 22
29 22 18
29 22 21
29 21 20
29 20 19
29 27 26
29 26 25
30 32 26
30 26 25
30 25 24
30 24 21
30 21 20
30 20 19
30 19 17
30 17 6
30 6 0
30 6 5
30 5 4
30 4 3
30 3 2
30 2 1
30 17 16
30 16 15
30 15 14
30 14 13
30 13 12
30 12 11
30 11 10
30 10 9
30 9 7
30 9 8
30 19 18
30 24 23
30 23 22
30 32 31
30 31 27
30 31 30
30 30 29
30 29 28
31 33 32
31 32 30
31 30 29
31 29 24
31 24 22
31 22 19
31 19 18
31 18 17
31 17 14
31 14 11
31 11 6
31 6 5
31 5 0
31 5 4
31 4 2
31 2 1
31 4 3
31 11 10
31 10 9
31 9 7
31 9 8
31 14 13
31 13 12
31 17 16
31 16 15
31 22 21
31 21 20
31 24 23
31 29 28
31 28 25
31 28 27
31 27 26
31 32 31
32 34 32
32 32 28
32 28 25
32 25 24
32 24 23
32 23 15
32 15 4
32 4 0
32 4 3
32 3 2
32 2 1
32 15 14
32 14 6
32 6 5
32 14 13
32 13 7
32 13 12
32 12 11
32 11 10
32 10 8
32 10 9
32 23 22
32 22 20
32 20 19
32 19 18
32 18 17
32 17 16
32 22 21
32 28 27
32 27 26
32 32 31
32 31 29
32 31 30
32 34 33
33 31 27
33 27 26
33 26 25
33 25 6
33 6 5
33 5 1
33 1 0
33 5 4
33 4 2
33 4 3
33 25 24
33 24 7
33 24 23
33 23 12
33 12 9
33 9 8
33 12 11
33 11 10
33 23 22
33 22 21
33 21 16
33 16 15
33 15 14
33 14 13
33 21 20
33 20 19
33 19 18
33 18 17
33 31 30
33 30 28
33 30 29
34 31 2
34 2 1
34 1 0
34 31 30
34 30 26
34 26 17
34 17 16
34 16 8
34 8 7
34 7 6
34 6 3
34 6 5
34 5 4
34 16 15
34 15 12
34 12 11
34 11 9
34 11 10
34 15 14
34 14 13
34 26 25
34 25 24
34 24 20
34 20 19
34 19 18
34 24 23
34 23 21
34 23 22
34 30 29
34 29 27
34 29 28
35 31 30
35 30 0
35 30 29
35 29 26
35 26 24
35 24 1
35 24 23
35 23 6
35 6 2
35 6 5
35 5 4
35 4 3
35 23 22
35 22 21
35 21 19
35 19 8
35 8 7
35 19 18
35 18 17
35 17 16
35 16 14
35 14 13
35 13 9
35 13 12
35 12 11
35 11 10
35 16 15
35 21 20
35 26 25
35 29 28
35 28 27
36 29 16
36 16 15
36 15 14
36 14 3
36 3 2
36 2 0
36 2 1
36 14 13
36 13 10
36 10 5
36 5 4
36 10 9
36 9 8
36 8 7
36 7 6
36 13 12
36 12 11
36 29 28
36 28 27
36 27 26
36 26 25
36 25 24
36 24 20
36 20 19
36 19 18
36 18 17
36 24 23
36 23 22
36 22 21
37 34 33
37 33 9
37 9 8
37 8 7
37 7 0
37 7 6
37 6 1
37 6 5
37 5 2
37 5 4
37 4 3
37 33 32
37 32 31
37 31 12
37 12 11
37 11 10
37 31 30
37 30 29
37 29 26
37 26 13
37 26 25
37 25 15
37 15 14
37 25 24
37 24 22
37 22 19
37 19 18
37 18 16
37 18 17
37 22 21
37 21 20
37 24 23
37 29 28
37 28 27
38 33 32
38 32 2
38 2 0
38 2 1
38 32 31
38 31 30
38 30 29
38 29 15
38 15 10
38 10 7
38 7 3
38 7 6
38 6 5
38 5 4
38 10 9
38 9 8
38 15 14
38 14 13
38 13 12
38 12 11
38 29 28
38 28 16
38 28 27
38 27 19
38 19 18
38 18 17
38 27 26
38 26 25
38 25 24
38 24 23
38 23 21
38 21 20
38 23 22
39 30 29
39 29 0
39 29 28
39 28 25
39 25 24
39 24 1
39 24 23
39 23 22
39 22 2
39 22 21
39 21 3
39 21 20
39 20 19
39 19 5
39 5 4
39 19 18
39 18 17
39 17 16
39 16 14
39 14 13
39 13 12
39 12 6
39 12 11
39 11 8
39 8 7
39 11 10
39 10 9
39 16 15
39 28 27
39 27 26
40 31 3
40 3 1
40 1 0
40 3 2
40 31 30
40 30 4
40 30 29
40 29 5
40 29 28
40 28 25
40 25 19
40 19 7
40 7 6
40 19 18
40 18 17
40 17 9
40 9 8
40 17 16
40 16 11
40 11 10
40 16 15
40 15 12
40 15 14
40 14 13
40 25 24
40 24 22
40 22 20
40 22 21
40 24 23
40 28 27
40 27 26
41 32 31
41 31 0
41 31 30
41 30 8
41 8 3
41 3 1
41 3 2
41 8 7
41 7 4
41 7 6
41 6 5
41 30 29
41 29 21
41 21 20
41 20 19
41 19 9
41 19 18
41 18 16
41 16 14
41 14 12
41 12 11
41 11 10
41 14 13
41 16 15
41 18 17
41 29 28
41 28 25
41 25 22
41 25 24
41 24 23
41 28 27
41 27 26
42 33 32
42 32 31
42 31 30
42 30 5
42 5 4
42 4 1
42 1 0
42 4 3
42 3 2
42 30 29
42 29 28
42 28 7
42 7 6
42 28 27
42 27 12
42 12 10
42 10 8
42 10 9
42 12 11
42 27 26
42 26 22
42 22 21
42 21 19
42 19 16
42 16 13
42 16 15
42 15 14
42 19 18
42 18 17
42 21 20
42 26 25
42 25 23
42 25 24
43 33 32
43 32 30
43 30 6
43 6 5
43 5 4
43 4 3
43 3 0
43 3 2
43 2 1
43 30 29
43 29 22
43 22 21
43 21 19
43 19 9
43 9 7
43 9 8
43 19 18
43 18 17
43 17 16
43 16 15
43 15 13
43 13 12
43 12 11
43 11 10
43 15 14
43 21 20
43 29 28
43 28 27
43 27 26
43 26 23
43 26 25
43 25 24
43 32 31
44 32 7
44 7 6
44 6 1
44 1 0
44 6 5
44 5 4
44 4 2
44 4 3
44 32 31
44 31 30
44 30 10
44 10 8
44 10 9
44 30 29
44 29 12
44 12 11
44 29 28
44 28 14
44 14 13
44 28 27
44 27 26
44 26 25
44 25 24
44 24 23
44 23 22
44 22 18
44 18 17
44 17 15
44 17 16
44 22 21
44 21 20
44 20 19
45 34 0
45 34 33
45 33 31
45 31 15
45 15 2
45 2 1
45 15 14
45 14 12
45 12 10
45 10 9
45 9 3
45 9 8
45 8 4
45 8 7
45 7 6
45 6 5
45 12 11
45 14 13
45 31 30
45 30 16
45 30 29
45 29 27
45 27 25
45 25 22
45 22 17
45 22 21
45 21 20
45 20 19
45 19 18
45 25 24
45 24 23
45 27 26
45 29 28
45 33 32
46 34 32
46 32 11
46 11 0
46 11 10
46 10 8
46 8 7
46 7 3
46 3 1
46 3 2
46 7 6
46 6 4
46 6 5
46 10 9
46 32 31
46 31 25
46 25 22
46 22 20
46 20 18
46 18 13
46 13 12
46 18 17
46 17 16
46 16 15
46 15 14
46 20 19
46 22 21
46 25 24
46 24 23
46 31 30
46 30 26
46 30 29
46 29 28
46 28 27
46 34 33
47 31 30
47 30 29
47 29 28
47 28 26
47 26 19
47 19 18
47 18 17
47 17 16
47 16 15
47 15 13
47 13 0
47 13 12
47 12 7
47 7 1
47 7 6
47 6 2
47 6 5
47 5 3
47 5 4
47 12 11
47 11 9
47 9 8
47 11 10
47 15 14
47 26 25
47 25 20
47 25 24
47 24 21
47 24 23
47 23 22
47 28 27
48 31 30
48 30 28
48 28 27
48 27 26
48 26 22
48 22 6
48 6 0
48 6 5
48 5 4
48 4 1
48 4 3
48 3 2
48 22 21
48 21 19
48 19 17
48 17 13
48 13 12
48 12 9
48 9 8
48 8 7
48 12 11
48 11 10
48 17 16
48 16 14
48 16 15
48 19 18
48 21 20
48 26 25
48 25 23
48 25 24
48 30 29
49 32 8
49 8 3
49 3 2
49 2 1
49 1 0
49 8 7
49 7 4
49 7 6
49 6 5
49 32 31
49 31 9
49 31 30
49 30 29
49 29 13
49 13 12
49 12 11
49 11 10
49 29 28
49 28 14
49 28 27
49 27 24
49 24 21
49 21 20
49 20 19
49 19 18
49 18 15
49 18 17
49 17 16
49 24 23
49 23 22
49 27 26
49 26 25
50 30 29
50 29 24
50 24 23
50 23 11
50 11 6
50 6 1
50 1 0
50 6 5
50 5 4
50 4 3
50 3 2
50 11 10
50 10 8
50 8 7
50 10 9
50 23 22
50 22 19
50 19 15
50 15 12
50 15 14
50 14 13
50 19 18
50 18 16
50 18 17
50 22 21
50 21 20
50 29 28
50 28 26
50 26 25
50 28 27
51 34 33
51 33 7
51 7 0
51 7 6
51 6 2
51 2 1
51 6 5
51 5 3
51 5 4
51 33 32
51 32 25
51 25 24
51 24 22
51 22 21
51 21 12
51 12 8
51 12 11
51 11 10
51 10 9
51 21 20
51 20 15
51 15 13
51 15 14
51 20 19
51 19 18
51 18 16
51 18 17
51 24 23
51 32 31
51 31 30
51 30 28
51 28 27
51 27 26
51 30 29
52 30 29
52 29 28
52 28 27
52 27 26
52 26 0
52 26 25
52 25 24
52 24 20
52 20 18
52 18 17
52 17 13
52 13 11
52 11 9
52 9 8
52 8 5
52 5 4
52 4 1
52 4 3
52 3 2
52 8 7
52 7 6
52 11 10
52 13 12
52 17 16
52 16 14
52 16 15
52 20 19
52 24 23
52 23 21
52 23 22
53 34 33
53 33 26
53 26 4
53 4 1
53 1 0
53 4 3
53 3 2
53 26 25
53 25 11
53 11 5
53 11 10
53 10 9
53 9 8
53 8 6
53 8 7
53 25 24
53 24 15
53 15 12
53 15 14
53 14 13
53 24 23
53 23 19
53 19 17
53 17 16
53 19 18
53 23 22
53 22 21
53 21 20
53 33 32
53 32 31
53 31 30
53 30 27
53 30 29
53 29 28
54 31 0
54 31 30
54 30 29
54 29 28
54 28 25
54 25 24
54 24 21
54 21 10
54 10 9
54 9 6
54 6 5
54 5 4
54 4 2
54 2 1
54 4 3
54 9 8
54 8 7
54 21 20
54 20 19
54 19 17
54 17 15
54 15 14
54 14 13
54 13 12
54 12 11
54 17 16
54 19 18
54 24 23
54 23 22
54 28 27
54 27 26
55 30 29
55 29 4
55 4 2
55 2 0
55 2 1
55 4 3
55 29 28
55 28 5
55 28 27
55 27 6
55 27 26
55 26 25
55 25 24
55 24 7
55 24 23
55 23 21
55 21 20
55 20 19
55 19 18
55 18 10
55 10 8
55 10 9
55 18 17
55 17 16
55 16 14
55 14 13
55 13 12
55 12 11
55 16 15
55 23 22
56 29 8
56 8 6
56 6 2
56 2 0
56 2 1
56 6 5
56 5 3
56 5 4
56 8 7
56 29 28
56 28 27
56 27 26
56 26 25
56 25 24
56 24 20
56 20 16
56 16 9
56 16 15
56 15 14
56 14 12
56 12 10
56 12 11
56 14 13
56 20 19
56 19 18
56 18 17
56 24 23
56 23 21
56 23 22
57 30 0
57 30 29
57 29 23
57 23 3
57 3 1
57 3 2
57 23 22
57 22 5
57 5 4
57 22 21
57 21 20
57 20 12
57 12 11
57 11 6
57 11 10
57 10 8
57 8 7
57 10 9
57 20 19
57 19 16
57 16 13
57 16 15
57 15 14
57 19 18
57 18 17
57 29 28
57 28 27
57 27 26
57 26 25
57 25 24
58 32 31
58 31 29
58 29 25
58 25 24
58 24 0
58 24 23
58 23 22
58 22 21
58 21 20
58 20 9
58 9 8
58 8 5
58 5 3
58 3 2
58 2 1
58 5 4
58 8 7
58 7 6
58 20 19
58 19 18
58 18 15
58 15 14
58 14 13
58 13 10
58 13 12
58 12 11
58 18 17
58 17 16
58 29 28
58 28 27
58 27 26
58 31 30
59 31 9
59 9 6
59 6 0
59 6 5
59 5 2
59 2 1
59 5 4
59 4 3
59 9 8
59 8 7
59 31 30
59 30 29
59 29 28
59 28 10
59 28 27
59 27 26
59 26 21
59 21 19
59 19 18
59 18 17
59 17 15
59 15 11
59 15 14
59 14 12
59 14 13
59 17 16
59 21 20
59 26 25
59 25 24
59 24 23
59 23 22
60 34 33
60 33 5
60 5 3
60 3 2
60 2 0
60 2 1
60 5 4
60 33 32
60 32 31
60 31 8
60 8 6
60 8 7
60 31 30
60 30 15
60 15 14
60 14 13
60 13 11
60 11 10
60 10 9
60 13 12
60 30 29
60 29 28
60 28 26
60 26 25
60 25 22
60 22 21
60 21 16
60 21 20
60 20 17
60 20 19
60 19 18
60 25 24
60 24 23
60 28 27
61 34 27
61 27 0
61 27 26
61 26 16
61 16 14
61 14 13
61 13 12
61 12 11
61 11 6
61 6 4
61 4 3
61 3 2
61 2 1
61 6 5
61 11 10
61 10 9
61 9 8
61 8 7
61 16 15
61 26 25
61 25 24
61 24 22
61 22 21
61 21 19
61 19 17
61 19 18
61 21 20
61 24 23
61 34 33
61 33 28
61 33 32
61 32 29
61 32 31
61 31 30
62 29 9
62 9 1
62 1 0
62 9 8
62 8 3
62 3 2
62 8 7
62 7 6
62 6 4
62 6 5
62 29 28
62 28 27
62 27 26
62 26 24
62 24 23
62 23 10
62 23 22
62 22 21
62 21 12
62 12 11
62 21 20
62 20 19
62 19 13
62 19 18
62 18 16
62 16 14
62 16 15
62 18 17
62 26 25
63 34 1
63 1 0
63 34 33
63 33 32
63 32 24
63 24 2
63 24 23
63 23 19
63 19 18
63 18 17
63 17 4
63 4 3
63 17 16
63 16 14
63 14 8
63 8 6
63 6 5
63 8 7
63 14 13
63 13 12
63 12 10
63 10 9
63 12 11
63 16 15
63 23 22
63 22 20
63 22 21
63 32 31
63 31 26
63 26 25
63 31 30
63 30 28
63 28 27
63 30 29
64 30 0
64 30 29
64 29 28
64 28 26
64 26 25
64 25 24
64 24 13
64 13 11
64 11 10
64 10 9
64 9 1
64 9 8
64 8 2
64 8 7
64 7 4
64 4 3
64 7 6
64 6 5
64 13 12
64 24 23
64 23 14
64 23 22
64 22 15
64 22 21
64 21 17
64 17 16
64 21 20
64 20 18
64 20 19
64 28 27
65 31 30
65 30 5
65 5 4
65 4 3
65 3 2
65 2 1
65 1 0
65 30 29
65 29 23
65 23 22
65 22 21
65 21 6
65 21 20
65 20 11
65 11 9
65 9 7
65 9 8
65 11 10
65 20 19
65 19 16
65 16 13
65 13 12
65 16 15
65 15 14
65 19 18
65 18 17
65 29 28
65 28 25
65 25 24
65 28 27
65 27 26
66 29 28
66 28 0
66 28 27
66 27 1
66 27 26
66 26 25
66 25 15
66 15 14
66 14 2
66 14 13
66 13 11
66 11 10
66 10 9
66 9 5
66 5 4
66 4 3
66 9 8
66 8 6
66 8 7
66 13 12
66 25 24
66 24 16
66 24 23
66 23 19
66 19 18
66 18 17
66 23 22
66 22 20
66 22 21
67 34 0
67 34 33
67 33 19
67 19 17
67 17 16
67 16 15
67 15 7
67 7 1
67 7 6
67 6 2
67 6 5
67 5 3
67 5 4
67 15 14
67 14 11
67 11 8
67 11 10
67 10 9
67 14 13
67 13 12
67 19 18
67 33 32
67 32 31
67 31 30
67 30 29
67 29 20
67 29 28
67 28 21
67 28 27
67 27 26
67 26 25
67 25 24
67 24 23
67 23 22
68 29 1
68 1 0
68 29 28
68 28 27
68 27 26
68 26 20
68 20 6
68 6 5
68 5 3
68 3 2
68 5 4
68 20 19
68 19 16
68 16 14
68 14 7
68 14 13
68 13 12
68 12 8
68 12 11
68 11 9
68 11 10
68 16 15
68 19 18
68 18 17
68 26 25
68 25 21
68 25 24
68 24 23
68 23 22
69 32 22
69 22 8
69 8 6
69 6 2
69 2 1
69 1 0
69 6 5
69 5 4
69 4 3
69 8 7
69 22 21
69 21 9
69 21 20
69 20 16
69 16 10
69 16 15
69 15 13
69 13 11
69 13 12
69 15 14
69 20 19
69 19 18
69 18 17
69 32 31
69 31 30
69 30 29
69 29 28
69 28 26
69 26 25
69 25 24
69 24 23
69 28 27
70 32 15
70 15 14
70 14 13
70 13 11
70 11 0
70 11 10
70 10 8
70 8 4
70 4 2
70 2 1
70 4 3
70 8 7
70 7 5
70 7 6
70 10 9
70 13 12
70 32 31
70 31 30
70 30 29
70 29 16
70 29 28
70 28 27
70 27 21
70 21 19
70 19 18
70 18 17
70 21 20
70 27 26
70 26 22
70 26 25
70 25 24
70 24 23
71 33 30
71 30 17
71 17 16
71 16 14
71 14 13
71 13 11
71 11 9
71 9 8
71 8 7
71 7 6
71 6 5
71 5 4
71 4 0
71 4 3
71 3 1
71 3 2
71 11 10
71 13 12
71 16 15
71 30 29
71 29 28
71 28 19
71 19 18
71 28 27
71 27 26
71 26 24
71 24 22
71 22 20
71 22 21
71 24 23
71 26 25
71 33 32
71 32 31
72 34 0
72 34 33
72 33 32
72 32 1
72 32 31
72 31 30
72 30 27
72 27 3
72 3 2
72 27 26
72 26 24
72 24 7
72 7 5
72 5 4
72 7 6
72 24 23
72 23 11
72 11 9
72 9 8
72 11 10
72 23 22
72 22 21
72 21 12
72 21 20
72 20 18
72 18 17
72 17 16
72 16 15
72 15 13
72 15 14
72 20 19
72 26 25
72 30 29
72 29 28
73 29 28
73 28 16
73 16 15
73 15 14
73 14 6
73 6 5
73 5 3
73 3 2
73 2 0
73 2 1
73 5 4
73 14 13
73 13 12
73 12 7
73 12 11
73 11 10
73 10 9
73 9 8
73 28 27
73 27 25
73 25 17
73 25 24
73 24 23
73 23 18
73 23 22
73 22 21
73 21 19
73 21 20
73 27 26
74 30 29
74 29 12
74 12 8
74 8 0
74 8 7
74 7 6
74 6 4
74 4 3
74 3 2
74 2 1
74 6 5
74 12 11
74 11 9
74 11 10
74 29 28
74 28 13
74 28 27
74 27 22
74 22 21
74 21 14
74 21 20
74 20 18
74 18 15
74 18 17
74 17 16
74 20 19
74 27 26
74 26 25
74 25 24
74 24 23
75 29 0
75 29 28
75 28 27
75 27 26
75 26 25
75 25 19
75 19 4
75 4 3
75 3 1
75 3 2
75 19 18
75 18 5
75 18 17
75 17 16
75 16 14
75 14 13
75 13 11
75 11 10
75 10 9
75 9 8
75 8 7
75 7 6
75 13 12
75 16 15
75 25 24
75 24 23
75 23 20
75 23 22
75 22 21
76 34 32
76 32 0
76 32 31
76 31 30
76 30 29
76 29 9
76 9 1
76 9 8
76 8 7
76 7 3
76 3 2
76 7 6
76 6 5
76 5 4
76 29 28
76 28 26
76 26 21
76 21 10
76 21 20
76 20 18
76 18 17
76 17 16
76 16 11
76 16 15
76 15 14
76 14 13
76 13 12
76 20 19
76 26 25
76 25 24
76 24 22
76 24 23
76 28 27
76 34 33
77 31 30
77 30 3
77 3 2
77 2 0
77 2 1
77 30 29
77 29 20
77 20 19
77 19 4
77 19 18
77 18 17
77 17 16
77 16 7
77 7 6
77 6 5
77 16 15
77 15 13
77 13 9
77 9 8
77 13 12
77 12 10
77 12 11
77 15 14
77 29 28
77 28 27
77 27 25
77 25 24
77 24 23
77 23 22
77 22 21
77 27 26
78 30 0
78 30 29
78 29 28
78 28 26
78 26 18
78 18 13
78 13 1
78 13 12
78 12 2
78 12 11
78 11 8
78 8 7
78 7 6
78 6 3
78 6 5
78 5 4
78 11 10
78 10 9
78 18 17
78 17 16
78 16 15
78 15 14
78 26 25
78 25 24
78 24 23
78 23 21
78 21 20
78 20 19
78 23 22
78 28 27
79 32 12
79 12 0
79 12 11
79 11 6
79 6 1
79 6 5
79 5 4
79 4 3
79 3 2
79 11 10
79 10 7
79 10 9
79 9 8
79 32 31
79 31 29
79 29 27
79 27 19
79 19 18
79 18 17
79 17 15
79 15 14
79 14 13
79 17 16
79 27 26
79 26 24
79 24 21
79 21 20
79 24 23
79 23 22
79 26 25
79 29 28
79 31 30
80 32 17
80 17 15
80 15 14
80 14 11
80 11 10
80 10 0
80 10 9
80 9 8
80 8 7
80 7 2
80 2 1
80 7 6
80 6 4
80 4 3
80 6 5
80 14 13
80 13 12
80 17 16
80 32 31
80 31 30
80 30 29
80 29 19
80 19 18
80 29 28
80 28 26
80 26 20
80 26 25
80 25 24
80 24 23
80 23 22
80 22 21
80 28 27
81 33 0
81 33 32
81 32 30
81 30 26
81 26 23
81 23 21
81 21 3
81 3 1
81 3 2
81 21 20
81 20 19
81 19 18
81 18 17
81 17 16
81 16 7
81 7 5
81 5 4
81 7 6
81 16 15
81 15 12
81 12 11
81 11 10
81 10 9
81 9 8
81 15 14
81 14 13
81 23 22
81 26 25
81 25 24
81 30 29
81 29 28
81 28 27
81 32 31
82 31 5
82 5 3
82 3 2
82 2 0
82 2 1
82 5 4
82 31 30
82 30 9
82 9 7
82 7 6
82 9 8
82 30 29
82 29 18
82 18 14
82 14 13
82 13 12
82 12 10
82 12 11
82 18 17
82 17 15
82 17 16
82 29 28
82 28 19
82 28 27
82 27 21
82 21 20
82 27 26
82 26 25
82 25 23
82 23 22
82 25 24
83 32 30
83 30 22
83 22 18
83 18 17
83 17 8
83 8 2
83 2 1
83 1 0
83 8 7
83 7 4
83 4 3
83 7 6
83 6 5
83 17 16
83 16 9
83 16 15
83 15 14
83 14 10
83 14 13
83 13 11
83 13 12
83 22 21
83 21 20
83 20 19
83 30 29
83 29 23
83 29 28
83 28 27
83 27 24
83 27 26
83 26 25
83 32 31
84 33 25
84 25 19
84 19 17
84 17 16
84 16 0
84 16 15
84 15 13
84 13 6
84 6 1
84 6 5
84 5 2
84 5 4
84 4 3
84 13 12
84 12 11
84 11 9
84 9 7
84 9 8
84 11 10
84 15 14
84 19 18
84 25 24
84 24 23
84 23 20
84 23 22
84 22 21
84 33 32
84 32 31
84 31 29
84 29 28
84 28 26
84 28 27
84 31 30
85 29 28
85 28 26
85 26 24
85 24 23
85 23 22
85 22 21
85 21 0
85 21 20
85 20 1
85 20 19
85 19 6
85 6 2
85 6 5
85 5 4
85 4 3
85 19 18
85 18 17
85 17 7
85 17 16
85 16 15
85 15 14
85 14 8
85 14 13
85 13 9
85 13 12
85 12 11
85 11 10
85 26 25
85 28 27
86 30 29
86 29 23
86 23 20
86 20 19
86 19 18
86 18 17
86 17 16
86 16 15
86 15 13
86 13 11
86 11 9
86 9 8
86 8 6
86 6 5
86 5 1
86 1 0
86 5 4
86 4 3
86 3 2
86 8 7
86 11 10
86 13 12
86 15 14
86 23 22
86 22 21
86 29 28
86 28 27
86 27 26
86 26 25
86 25 24
87 33 32
87 32 4
87 4 1
87 1 0
87 4 3
87 3 2
87 32 31
87 31 18
87 18 15
87 15 10
87 10 8
87 8 7
87 7 6
87 6 5
87 10 9
87 15 14
87 14 11
87 14 13
87 13 12
87 18 17
87 17 16
87 31 30
87 30 29
87 29 19
87 29 28
87 28 27
87 27 20
87 27 26
87 26 25
87 25 23
87 23 21
87 23 22
87 25 24
88 29 2
88 2 0
88 2 1
88 29 28
88 28 9
88 9 3
88 9 8
88 8 4
88 8 7
88 7 6
88 6 5
88 28 27
88 27 26
88 26 23
88 23 22
88 22 20
88 20 11
88 11 10
88 20 19
88 19 18
88 18 17
88 17 14
88 14 12
88 14 13
88 17 16
88 16 15
88 22 21
88 26 25
88 25 24
89 29 6
89 6 3
89 3 2
89 2 0
89 2 1
89 6 5
89 5 4
89 29 28
89 28 17
89 17 16
89 16 8
89 8 7
89 16 15
89 15 9
89 15 14
89 14 10
89 14 13
89 13 12
89 12 11
89 28 27
89 27 18
89 27 26
89 26 19
89 26 25
89 25 23
89 23 21
89 21 20
89 23 22
89 25 24
90 34 33
90 33 19
90 19 18
90 18 16
90 16 15
90 15 11
90 11 9
90 9 8
90 8 1
90 1 0
90 8 7
90 7 3
90 3 2
90 7 6
90 6 4
90 6 5
90 11 10
90 15 14
90 14 12
90 14 13
90 18 17
90 33 32
90 32 31
90 31 21
90 21 20
90 31 30
90 30 29
90 29 23
90 23 22
90 29 28
90 28 26
90 26 24
90 26 25
90 28 27
91 31 30
91 30 8
91 8 7
91 7 5
91 5 2
91 2 1
91 1 0
91 5 4
91 4 3
91 7 6
91 30 29
91 29 15
91 15 14
91 14 9
91 14 13
91 13 10
91 13 12
91 12 11
91 29 28
91 28 26
91 26 17
91 17 16
91 26 25
91 25 18
91 25 24
91 24 22
91 22 19
91 22 21
91 21 20
91 24 23
91 28 27
92 31 24
92 24 22
92 22 21
92 21 20
92 20 8
92 8 1
92 1 0
92 8 7
92 7 3
92 3 2
92 7 6
92 6 4
92 6 5
92 20 19
92 19 11
92 11 9
92 11 10
92 19 18
92 18 17
92 17 16
92 16 15
92 15 13
92 13 12
92 15 14
92 24 23
92 31 30
92 30 25
92 30 29
92 29 27
92 27 26
92 29 28
93 34 33
93 33 31
93 31 30
93 30 29
93 29 28
93 28 18
93 18 17
93 17 0
93 17 16
93 16 15
93 15 13
93 13 12
93 12 11
93 11 10
93 10 8
93 8 1
93 8 7
93 7 5
93 5 2
93 5 4
93 4 3
93 7 6
93 10 9
93 15 14
93 28 27
93 27 19
93 27 26
93 26 25
93 25 20
93 25 24
93 24 21
93 24 23
93 23 22
93 33 32
94 33 4
94 4 0
94 4 3
94 3 1
94 3 2
94 33 32
94 32 31
94 31 29
94 29 28
94 28 22
94 22 21
94 21 20
94 20 19
94 19 15
94 15 12
94 12 5
94 12 11
94 11 6
94 11 10
94 10 7
94 10 9
94 9 8
94 15 14
94 14 13
94 19 18
94 18 16
94 18 17
94 28 27
94 27 25
94 25 24
94 24 23
94 27 26
94 31 30
95 33 32
95 32 31
95 31 0
95 31 30
95 30 27
95 27 1
95 27 26
95 26 21
95 21 20
95 20 19
95 19 15
95 15 14
95 14 13
95 13 12
95 12 11
95 11 9
95 9 5
95 5 2
95 5 4
95 4 3
95 9 8
95 8 6
95 8 7
95 11 10
95 19 18
95 18 16
95 18 17
95 26 25
95 25 24
95 24 22
95 24 23
95 30 29
95 29 28
96 29 28
96 28 27
96 27 26
96 26 2
96 2 0
96 2 1
96 26 25
96 25 24
96 24 23
96 23 20
96 20 14
96 14 12
96 12 3
96 12 11
96 11 9
96 9 8
96 8 7
96 7 5
96 5 4
96 7 6
96 11 10
96 14 13
96 20 19
96 19 18
96 18 17
96 17 15
96 17 16
96 23 22
96 22 21
97 29 28
97 28 2
97 2 1
97 1 0
97 28 27
97 27 26
97 26 16
97 16 13
97 13 12
97 12 11
97 11 5
97 5 4
97 4 3
97 11 10
97 10 9
97 9 8
97 8 7
97 7 6
97 16 15
97 15 14
97 26 25
97 25 22
97 22 21
97 21 19
97 19 18
97 18 17
97 21 20
97 25 24
97 24 23
98 34 0
98 34 33
98 33 32
98 32 8
98 8 2
98 2 1
98 8 7
98 7 6
98 6 3
98 6 5
98 5 4
98 32 31
98 31 9
98 31 30
98 30 11
98 11 10
98 30 29
98 29 28
98 28 27
98 27 25
98 25 13
98 13 12
98 25 24
98 24 22
98 22 20
98 20 18
98 18 16
98 16 15
98 15 14
98 18 17
98 20 19
98 22 21
98 24 23
98 27 26
99 31 10
99 10 9
99 9 3
99 3 2
99 2 0
99 2 1
99 9 8
99 8 7
99 7 4
99 7 6
99 6 5
99 31 30
99 30 12
99 12 11
99 30 29
99 29 17
99 17 13
99 17 16
99 16 15
99 15 14
99 29 28
99 28 27
99 27 26
99 26 22
99 22 20
99 20 18
99 20 19
99 22 21
99 26 25
99 25 24
99 24 23
100 33 9
100 9 8
100 8 0
100 8 7
100 7 6
100 6 5
100 5 4
100 4 1
100 4 3
100 3 2
100 33 32
100 32 31
100 31 10
100 31 30
100 30 19
100 19 12
100 12 11
100 19 18
100 18 17
100 17 15
100 15 13
100 15 14
100 17 16
100 30 29
100 29 28
100 28 23
100 23 22
100 22 21
100 21 20
100 28 27
100 27 26
100 26 25
100 25 24
101 34 22
101 22 19
101 19 12
101 12 11
101 11 9
101 9 8
101 8 7
101 7 6
101 6 5
101 5 1
101 1 0
101 5 4
101 4 3
101 3 2
101 11 10
101 19 18
101 18 13
101 18 17
101 17 14
101 17 16
101 16 15
101 22 21
101 21 20
101 34 33
101 33 23
101 33 32
101 32 24
101 32 31
101 31 29
101 29 28
101 28 27
101 27 26
101 26 25
101 31 30
