1 34 3
1 3 1
1 1 0
1 3 2
1 34 33
1 33 4
1 33 32
1 32 10
1 10 7
1 7 5
1 7 6
1 10 9
1 9 8
1 32 31
1 31 30
1 30 29
1 29 13
1 13 11
1 13 12
1 29 28
1 28 15
1 15 14
1 28 27
1 27 16
1 27 26
1 26 22
1 22 21
1 21 18
1 18 17
1 21 20
1 20 19
1 26 25
1 25 23
1 25 24
2 32 30
2 30 29
2 29 1
2 1 0
2 29 28
2 28 5
2 5 4
2 4 2
2 4 3
2 28 27
2 27 26
2 26 24
2 24 23
2 23 6
2 23 22
2 22 20
2 20 10
2 10 8
2 8 7
2 10 9
2 20 19
2 19 17
2 17 11
2 17 16
2 16 12
2 16 15
2 15 13
2 15 14
2 19 18
2 22 21
2 26 25
2 32 31
3 33 31
3 31 29
3 29 5
3 5 0
3 5 4
3 4 3
3 3 2
3 2 1
3 29 28
3 28 27
3 27 19
3 19 13
3 13 12
3 12 10
3 10 9
3 9 6
3 9 8
3 8 7
3 12 11
3 19 18
3 18 16
3 16 15
3 15 14
3 18 17
3 27 26
3 26 22
3 22 21
3 21 20
3 26 25
3 25 24
3 24 23
3 31 30
3 33 32
4 30 27
4 27 6
4 6 5
4 5 4
4 4 0
4 4 3
4 3 2
4 2 1
4 27 26
4 26 7
4 26 25
4 25 21
4 21 20
4 20 19
4 19 13
4 13 9
4 9 8
4 13 12
4 12 10
4 12 11
4 19 18
4 18 17
4 17 16
4 16 14
4 16 15
4 25 24
4 24 23
4 23 22
4 30 29
4 29 28
5 34 13
5 13 12
5 12 10
5 10 3
5 3 2
5 2 1
5 1 0
5 10 9
5 9 4
5 9 8
5 8 5
5 8 7
5 7 6
5 12 11
5 34 33
5 33 31
5 31 30
5 30 23
5 23 21
5 21 14
5 21 20
5 20 16
5 16 15
5 20 19
5 19 17
5 19 18
5 23 22
5 30 29
5 29 26
5 26 24
5 26 25
5 29 28
5 28 27
5 33 32
6 34 0
6 34 33
6 33 12
6 12 11
6 11 4
6 4 2
6 2 1
6 4 3
6 11 10
6 10 9
6 9 5
6 9 8
6 8 7
6 7 6
6 33 32
6 32 13
6 32 31
6 31 14
6 31 30
6 30 29
6 29 16
6 16 15
6 29 28
6 28 19
6 19 17
6 19 18
6 28 27
6 27 26
6 26 25
6 25 20
6 25 24
6 24 21
6 24 23
6 23 22
7 33 0
7 33 32
7 32 23
7 23 19
7 19 11
7 11 4
7 4 3
7 3 1
7 3 2
7 11 10
7 10 6
7 6 5
7 10 9
7 9 7
7 9 8
7 19 18
7 18 16
7 16 12
7 16 15
7 15 14
7 14 13
7 18 17
7 23 22
7 22 21
7 21 20
7 32 31
7 31 25
7 25 24
7 31 30
7 30 29
7 29 26
7 29 28
7 28 27
8 33 24
8 24 21
8 21 18
8 18 16
8 16 11
8 11 9
8 9 8
8 8 3
8 3 2
8 2 1
8 1 0
8 8 7
8 7 6
8 6 4
8 6 5
8 11 10
8 16 15
8 15 13
8 13 12
8 15 14
8 18 17
8 21 20
8 20 19
8 24 23
8 23 22
8 33 32
8 32 31
8 31 27
8 27 25
8 27 26
8 31 30
8 30 28
8 30 29
9 34 33
9 33 26
9 26 24
9 24 0
9 24 23
9 23 19
9 19 1
9 19 18
9 18 8
9 8 7
9 7 3
9 3 2
9 7 6
9 6 4
9 6 5
9 18 17
9 17 15
9 15 11
9 11 9
9 11 10
9 15 14
9 14 13
9 13 12
9 17 16
9 23 22
9 22 21
9 21 20
9 26 25
9 33 32
9 32 31
9 31 30
9 30 27
9 30 29
9 29 28
10 31 15
10 15 0
10 15 14
10 14 13
10 13 12
10 12 3
10 3 1
10 3 2
10 12 11
10 11 10
10 10 9
10 9 8
10 8 7
10 7 4
10 7 6
10 6 5
10 31 30
10 30 26
10 26 25
10 25 24
10 24 23
10 23 21
10 21 19
10 19 16
10 19 18
10 18 17
10 21 20
10 23 22
10 30 29
10 29 28
10 28 27
11 32 30
11 30 16
11 16 11
11 11 1
11 1 0
11 11 10
11 10 9
11 9 3
11 3 2
11 9 8
11 8 7
11 7 5
11 5 4
11 7 6
11 16 15
11 15 12
11 15 14
11 14 13
11 30 29
11 29 28
11 28 22
11 22 18
11 18 17
11 22 21
11 21 20
11 20 19
11 28 27
11 27 26
11 26 25
11 25 23
11 25 24
11 32 31
12 34 18
12 18 5
12 5 4
12 4 1
12 1 0
12 4 3
12 3 2
12 18 17
12 17 16
12 16 6
12 16 15
12 15 9
12 9 7
12 9 8
12 15 14
12 14 10
12 14 13
12 13 11
12 13 12
12 34 33
12 33 32
12 32 31
12 31 29
12 29 28
12 28 27
12 27 26
12 26 25
12 25 24
12 24 23
12 23 19
12 23 22
12 22 20
12 22 21
12 31 30
13 32 0
13 32 31
13 31 27
13 27 26
13 26 25
13 25 1
13 25 24
13 24 3
13 3 2
13 24 23
13 23 21
13 21 19
13 19 18
13 18 17
13 17 6
13 6 5
13 5 4
13 17 16
13 16 15
13 15 7
13 15 14
13 14 10
13 10 9
13 9 8
13 14 13
13 13 12
13 12 11
13 21 20
13 23 22
13 31 30
13 30 28
13 30 29
14 34 32
14 32 31
14 31 1
14 1 0
14 31 30
14 30 28
14 28 2
14 28 27
14 27 25
14 25 3
14 25 24
14 24 23
14 23 4
14 23 22
14 22 21
14 21 20
14 20 5
14 20 19
14 19 18
14 18 17
14 17 6
14 17 16
14 16 12
14 12 10
14 10 9
14 9 8
14 8 7
14 12 11
14 16 15
14 15 13
14 15 14
14 27 26
14 30 29
14 34 33
15 30 27
15 27 8
15 8 7
15 7 5
15 5 4
15 4 3
15 3 0
15 3 2
15 2 1
15 7 6
15 27 26
15 26 20
15 20 9
15 20 19
15 19 13
15 13 12
15 12 11
15 11 10
15 19 18
15 18 14
15 18 17
15 17 16
15 16 15
15 26 25
15 25 24
15 24 21
15 24 23
15 23 22
15 30 29
15 29 28
16 34 31
16 31 3
16 3 2
16 2 1
16 1 0
16 31 30
16 30 28
16 28 16
16 16 15
16 15 14
16 14 13
16 13 5
16 5 4
16 13 12
16 12 8
16 8 6
16 8 7
16 12 11
16 11 9
16 11 10
16 28 27
16 27 21
16 21 20
16 20 18
16 18 17
16 20 19
16 27 26
16 26 24
16 24 23
16 23 22
16 26 25
16 30 29
16 34 33
16 33 32
17 31 7
17 7 2
17 2 1
17 1 0
17 7 6
17 6 3
17 6 5
17 5 4
17 31 30
17 30 29
17 29 28
17 28 20
17 20 11
17 11 8
17 11 10
17 10 9
17 20 19
17 19 18
17 18 17
17 17 16
17 16 14
17 14 12
17 14 13
17 16 15
17 28 27
17 27 26
17 26 24
17 24 22
17 22 21
17 24 23
17 26 25
18 33 31
18 31 30
18 30 6
18 6 4
18 4 0
18 4 3
18 3 1
18 3 2
18 6 5
18 30 29
18 29 7
18 29 28
18 28 25
18 25 24
18 24 22
18 22 8
18 22 21
18 21 9
18 21 20
18 20 14
18 14 13
18 13 12
18 12 10
18 12 11
18 20 19
18 19 18
18 18 17
18 17 16
18 16 15
18 24 23
18 28 27
18 27 26
18 33 32
19 34 33
19 33 30
19 30 29
19 29 27
19 27 5
19 5 4
19 4 2
19 2 1
19 1 0
19 4 3
19 27 26
19 26 25
19 25 11
19 11 10
19 10 9
19 9 8
19 8 6
19 8 7
19 25 24
19 24 14
19 14 13
19 13 12
19 24 23
19 23 22
19 22 21
19 21 20
19 20 19
19 19 18
19 18 16
19 16 15
19 18 17
19 29 28
19 33 32
19 32 31
20 33 29
20 29 7
20 7 6
20 6 5
20 5 0
20 5 4
20 4 1
20 4 3
20 3 2
20 29 28
20 28 27
20 27 26
20 26 16
20 16 8
20 16 15
20 15 9
20 15 14
20 14 13
20 13 11
20 11 10
20 13 12
20 26 25
20 25 24
20 24 23
20 23 17
20 23 22
20 22 21
20 21 19
20 19 18
20 21 20
20 33 32
20 32 31
20 31 30
21 32 31
21 31 0
21 31 30
21 30 28
21 28 21
21 21 2
21 2 1
21 21 20
21 20 3
21 20 19
21 19 4
21 19 18
21 18 16
21 16 12
21 12 8
21 8 5
21 8 7
21 7 6
21 12 11
21 11 9
21 11 10
21 16 15
21 15 14
21 14 13
21 18 17
21 28 27
21 27 26
21 26 25
21 25 23
21 23 22
21 25 24
21 30 29
22 32 1
22 1 0
22 32 31
22 31 30
22 30 2
22 30 29
22 29 3
22 29 28
22 28 4
22 28 27
22 27 26
22 26 24
22 24 22
22 22 12
22 12 11
22 11 10
22 10 9
22 9 7
22 7 5
22 7 6
22 9 8
22 22 21
22 21 13
22 21 20
22 20 14
22 20 19
22 19 15
22 19 18
22 18 17
22 17 16
22 24 23
22 26 25
23 32 5
23 5 4
23 4 3
23 3 2
23 2 0
23 2 1
23 32 31
23 31 18
23 18 10
23 10 8
23 8 6
23 8 7
23 10 9
23 18 17
23 17 13
23 13 12
23 12 11
23 17 16
23 16 15
23 15 14
23 31 30
23 30 28
23 28 27
23 27 20
23 20 19
23 27 26
23 26 22
23 22 21
23 26 25
23 25 24
23 24 23
23 30 29
24 33 32
24 32 31
24 31 30
24 30 2
24 2 0
24 2 1
24 30 29
24 29 28
24 28 9
24 9 8
24 8 7
24 7 6
24 6 5
24 5 4
24 4 3
24 28 27
24 27 12
24 12 10
24 12 11
24 27 26
24 26 24
24 24 18
24 18 17
24 17 15
24 15 14
24 14 13
24 17 16
24 24 23
24 23 21
24 21 20
24 20 19
24 23 22
24 26 25
25 32 25
25 25 2
25 2 0
25 2 1
25 25 24
25 24 23
25 23 21
25 21 19
25 19 18
25 18 17
25 17 14
25 14 13
25 13 10
25 10 5
25 5 3
25 5 4
25 10 9
25 9 7
25 7 6
25 9 8
25 13 12
25 12 11
25 17 16
25 16 15
25 21 20
25 23 22
25 32 31
25 31 29
25 29 26
25 29 28
25 28 27
25 31 30
26 34 0
26 34 33
26 33 31
26 31 30
26 30 29
26 29 4
26 4 3
26 3 1
26 3 2
26 29 28
26 28 7
26 7 6
26 6 5
26 28 27
26 27 26
26 26 9
26 9 8
26 26 25
26 25 12
26 12 10
26 12 11
26 25 24
26 24 23
26 23 22
26 22 21
26 21 13
26 21 20
26 20 19
26 19 15
26 15 14
26 19 18
26 18 16
26 18 17
26 33 32
27 29 28
27 28 27
27 27 24
27 24 7
27 7 1
27 1 0
27 7 6
27 6 4
27 4 2
27 4 3
27 6 5
27 24 23
27 23 22
27 22 21
27 21 20
27 20 19
27 19 18
27 18 8
27 18 17
27 17 16
27 16 15
27 15 10
27 10 9
27 15 14
27 14 11
27 14 13
27 13 12
27 27 26
27 26 25
28 31 0
28 31 30
28 30 5
28 5 4
28 4 3
28 3 2
28 2 1
28 30 29
28 29 27
28 27 25
28 25 22
28 22 21
28 21 20
28 20 10
28 10 6
28 10 9
28 9 8
28 8 7
28 20 19
28 19 11
28 19 18
28 18 15
28 15 12
28 15 14
28 14 13
28 18 17
28 17 16
28 25 24
28 24 23
28 27 26
28 29 28
29 32 30
29 30 0
29 30 29
29 29 14
29 14 4
29 4 3
29 3 1
29 3 2
29 14 13
29 13 12
29 12 11
29 11 9
29 9 8
29 8 7
29 7 5
29 7 6
29 11 10
29 29 28
29 28 18
29 18 17
29 17 16
29 16 15
29 28 27
29 27 26
29 26 24
29 24 21
29 21 20
29 20 19
29 24 23
29 23 22
29 26 25
29 32 31
30 33 2
30 2 0
30 2 1
30 33 32
30 32 3
30 32 31
30 31 28
30 28 25
30 25 20
30 20 17
30 17 14
30 14 12
30 12 5
30 5 4
30 12 11
30 11 10
30 10 9
30 9 8
30 8 6
30 8 7
30 14 13
30 17 16
30 16 15
30 20 19
30 19 18
30 25 24
30 24 21
30 24 23
30 23 22
30 28 27
30 27 26
30 31 30
30 30 29
31 32 31
31 31 0
31 31 30
31 30 2
31 2 1
31 30 29
31 29 6
31 6 5
31 5 3
31 5 4
31 29 28
31 28 26
31 26 24
31 24 22
31 22 21
31 21 20
31 20 12
31 12 9
31 9 8
31 8 7
31 12 11
31 11 10
31 20 19
31 19 17
31 17 15
31 15 13
31 15 14
31 17 16
31 19 18
31 24 23
31 26 25
31 28 27
32 30 6
32 6 5
32 5 4
32 4 2
32 2 0
32 2 1
32 4 3
32 30 29
32 29 28
32 28 27
32 27 8
32 8 7
32 27 26
32 26 24
32 24 9
32 24 23
32 23 14
32 14 11
32 11 10
32 14 13
32 13 12
32 23 22
32 22 21
32 21 15
32 21 20
32 20 19
32 19 18
32 18 16
32 18 17
32 26 25
33 34 1
33 1 0
33 34 33
33 33 5
33 5 4
33 4 2
33 4 3
33 33 32
33 32 12
33 12 7
33 7 6
33 12 11
33 11 10
33 10 8
33 10 9
33 32 31
33 31 24
33 24 20
33 20 19
33 19 13
33 19 18
33 18 16
33 16 15
33 15 14
33 18 17
33 24 23
33 23 22
33 22 21
33 31 30
33 30 28
33 28 26
33 26 25
33 28 27
33 30 29
34 33 31
34 31 0
34 31 30
34 30 3
34 3 1
34 3 2
34 30 29
34 29 28
34 28 5
34 5 4
34 28 27
34 27 19
34 19 18
34 18 6
34 18 17
34 17 16
34 16 14
34 14 12
34 12 9
34 9 7
34 9 8
34 12 11
34 11 10
34 14 13
34 16 15
34 27 26
34 26 25
34 25 22
34 22 20
34 22 21
34 25 24
34 24 23
34 33 32
35 33 3
35 3 2
35 2 0
35 2 1
35 33 32
35 32 14
35 14 4
35 14 13
35 13 9
35 9 8
35 8 7
35 7 6
35 6 5
35 13 12
35 12 11
35 11 10
35 32 31
35 31 30
35 30 29
35 29 26
35 26 25
35 25 24
35 24 23
35 23 22
35 22 15
35 22 21
35 21 20
35 20 17
35 17 16
35 20 19
35 19 18
35 29 28
35 28 27
36 33 31
36 31 13
36 13 9
36 9 8
36 8 5
36 5 0
36 5 4
36 4 2
36 2 1
36 4 3
36 8 7
36 7 6
36 13 12
36 12 11
36 11 10
36 31 30
36 30 15
36 15 14
36 30 29
36 29 28
36 28 19
36 19 17
36 17 16
36 19 18
36 28 27
36 27 26
36 26 23
36 23 22
36 22 21
36 21 20
36 26 25
36 25 24
36 33 32
37 30 29
37 29 13
37 13 2
37 2 0
37 2 1
37 13 12
37 12 8
37 8 6
37 6 5
37 5 4
37 4 3
37 8 7
37 12 11
37 11 9
37 11 10
37 29 28
37 28 25
37 25 22
37 22 19
37 19 18
37 18 17
37 17 16
37 16 14
37 16 15
37 22 21
37 21 20
37 25 24
37 24 23
37 28 27
37 27 26
38 34 4
38 4 2
38 2 0
38 2 1
38 4 3
38 34 33
38 33 13
38 13 12
38 12 10
38 10 9
38 9 5
38 9 8
38 8 7
38 7 6
38 12 11
38 33 32
38 32 15
38 15 14
38 32 31
38 31 24
38 24 23
38 23 20
38 20 19
38 19 17
38 17 16
38 19 18
38 23 22
38 22 21
38 31 30
38 30 29
38 29 27
38 27 26
38 26 25
38 29 28
39 33 32
39 32 31
39 31 30
39 30 29
39 29 25
39 25 22
39 22 21
39 21 20
39 20 19
39 19 18
39 18 17
39 17 4
39 4 2
39 2 0
39 2 1
39 4 3
39 17 16
39 16 15
39 15 13
39 13 12
39 12 8
39 8 6
39 6 5
39 8 7
39 12 11
39 11 9
39 11 10
39 15 14
39 25 24
39 24 23
39 29 28
39 28 26
39 28 27
40 32 31
40 31 14
40 14 11
40 11 10
40 10 9
40 9 3
40 3 2
40 2 1
40 1 0
40 9 8
40 8 7
40 7 5
40 5 4
40 7 6
40 14 13
40 13 12
40 31 30
40 30 29
40 29 27
40 27 15
40 27 26
40 26 25
40 25 17
40 17 16
40 25 24
40 24 23
40 23 22
40 22 21
40 21 20
40 20 18
40 20 19
40 29 28
41 32 31
41 31 29
41 29 26
41 26 25
41 25 23
41 23 22
41 22 0
41 22 21
41 21 17
41 17 16
41 16 3
41 3 1
41 3 2
41 16 15
41 15 13
41 13 8
41 8 7
41 7 6
41 6 4
41 6 5
41 13 12
41 12 9
41 12 11
41 11 10
41 15 14
41 21 20
41 20 18
41 20 19
41 25 24
41 29 28
41 28 27
41 31 30
42 33 32
42 32 30
42 30 29
42 29 28
42 28 0
42 28 27
42 27 21
42 21 16
42 16 1
42 16 15
42 15 13
42 13 7
42 7 5
42 5 2
42 5 4
42 4 3
42 7 6
42 13 12
42 12 11
42 11 10
42 10 8
42 10 9
42 15 14
42 21 20
42 20 19
42 19 17
42 19 18
42 27 26
42 26 23
42 23 22
42 26 25
42 25 24
42 32 31
43 33 32
43 32 31
43 31 27
43 27 1
43 1 0
43 27 26
43 26 25
43 25 24
43 24 23
43 23 20
43 20 14
43 14 10
43 10 6
43 6 5
43 5 4
43 4 3
43 3 2
43 10 9
43 9 7
43 9 8
43 14 13
43 13 11
43 13 12
43 20 19
43 19 18
43 18 16
43 16 15
43 18 17
43 23 22
43 22 21
43 31 30
43 30 29
43 29 28
44 29 16
44 16 15
44 15 2
44 2 1
44 1 0
44 15 14
44 14 13
44 13 11
44 11 9
44 9 7
44 7 5
44 5 3
44 5 4
44 7 6
44 9 8
44 11 10
44 13 12
44 29 28
44 28 19
44 19 17
44 19 18
44 28 27
44 27 20
44 27 26
44 26 24
44 24 23
44 23 21
44 23 22
44 26 25
45 29 2
45 2 1
45 1 0
45 29 28
45 28 23
45 23 20
45 20 3
45 20 19
45 19 5
45 5 4
45 19 18
45 18 14
45 14 11
45 11 9
45 9 7
45 7 6
45 9 8
45 11 10
45 14 13
45 13 12
45 18 17
45 17 16
45 16 15
45 23 22
45 22 21
45 28 27
45 27 25
45 25 24
45 27 26
46 31 28
46 28 27
46 27 9
46 9 1
46 1 0
46 9 8
46 8 4
46 4 3
46 3 2
46 8 7
46 7 6
46 6 5
46 27 26
46 26 24
46 24 21
46 21 19
46 19 18
46 18 17
46 17 15
46 15 14
46 14 11
46 11 10
46 14 13
46 13 12
46 17 16
46 21 20
46 24 23
46 23 22
46 26 25
46 31 30
46 30 29
47 33 32
47 32 31
47 31 0
47 31 30
47 30 1
47 30 29
47 29 3
47 3 2
47 29 28
47 28 19
47 19 18
47 18 7
47 7 6
47 6 4
47 6 5
47 18 17
47 17 15
47 15 14
47 14 10
47 10 9
47 9 8
47 14 13
47 13 11
47 13 12
47 17 16
47 28 27
47 27 22
47 22 20
47 22 21
47 27 26
47 26 24
47 24 23
47 26 25
48 30 17
48 17 11
48 11 0
48 11 10
48 10 9
48 9 7
48 7 5
48 5 4
48 4 3
48 3 1
48 3 2
48 7 6
48 9 8
48 17 16
48 16 15
48 15 13
48 13 12
48 15 14
48 30 29
48 29 28
48 28 18
48 28 27
48 27 20
48 20 19
48 27 26
48 26 25
48 25 23
48 23 21
48 23 22
48 25 24
49 32 29
49 29 27
49 27 20
49 20 0
49 20 19
49 19 14
49 14 13
49 13 12
49 12 1
49 12 11
49 11 8
49 8 6
49 6 2
49 6 5
49 5 3
49 5 4
49 8 7
49 11 10
49 10 9
49 19 18
49 18 17
49 17 16
49 16 15
49 27 26
49 26 24
49 24 22
49 22 21
49 24 23
49 26 25
49 29 28
49 32 31
49 31 30
50 32 31
50 31 30
50 30 29
50 29 8
50 8 4
50 4 3
50 3 2
50 2 0
50 2 1
50 8 7
50 7 5
50 7 6
50 29 28
50 28 18
50 18 9
50 18 17
50 17 16
50 16 14
50 14 10
50 14 13
50 13 12
50 12 11
50 16 15
50 28 27
50 27 26
50 26 24
50 24 21
50 21 20
50 20 19
50 24 23
50 23 22
50 26 25
51 30 29
51 29 28
51 28 26
51 26 13
51 13 6
51 6 5
51 5 4
51 4 3
51 3 2
51 2 1
51 1 0
51 13 12
51 12 9
51 9 7
51 9 8
51 12 11
51 11 10
51 26 25
51 25 15
51 15 14
51 25 24
51 24 23
51 23 22
51 22 16
51 22 21
51 21 19
51 19 18
51 18 17
51 21 20
51 28 27
52 29 27
52 27 3
52 3 2
52 2 1
52 1 0
52 27 26
52 26 25
52 25 22
52 22 21
52 21 20
52 20 13
52 13 12
52 12 11
52 11 10
52 10 4
52 10 9
52 9 7
52 7 5
52 7 6
52 9 8
52 20 19
52 19 18
52 18 17
52 17 16
52 16 15
52 15 14
52 25 24
52 24 23
52 29 28
53 30 16
53 16 15
53 15 14
53 14 9
53 9 5
53 5 4
53 4 0
53 4 3
53 3 2
53 2 1
53 9 8
53 8 6
53 8 7
53 14 13
53 13 10
53 13 12
53 12 11
53 30 29
53 29 23
53 23 19
53 19 18
53 18 17
53 23 22
53 22 21
53 21 20
53 29 28
53 28 24
53 28 27
53 27 26
53 26 25
54 29 2
54 2 0
54 2 1
54 29 28
54 28 6
54 6 5
54 5 4
54 4 3
54 28 27
54 27 26
54 26 24
54 24 7
54 24 23
54 23 15
54 15 11
54 11 9
54 9 8
54 11 10
54 15 14
54 14 13
54 13 12
54 23 22
54 22 20
54 20 16
54 20 19
54 19 17
54 19 18
54 22 21
54 26 25
55 30 28
55 28 27
55 27 2
55 2 1
55 1 0
55 27 26
55 26 7
55 7 5
55 5 4
55 4 3
55 7 6
55 26 25
55 25 23
55 23 10
55 10 8
55 10 9
55 23 22
55 22 11
55 22 21
55 21 12
55 21 20
55 20 19
55 19 18
55 18 16
55 16 15
55 15 14
55 14 13
55 18 17
55 25 24
55 30 29
56 29 27
56 27 1
56 1 0
56 27 26
56 26 16
56 16 10
56 10 9
56 9 4
56 4 2
56 4 3
56 9 8
56 8 7
56 7 5
56 7 6
56 16 15
56 15 11
56 15 14
56 14 12
56 14 13
56 26 25
56 25 22
56 22 20
56 20 17
56 20 19
56 19 18
56 22 21
56 25 24
56 24 23
56 29 28
57 30 3
57 3 1
57 1 0
57 3 2
57 30 29
57 29 6
57 6 4
57 6 5
57 29 28
57 28 27
57 27 26
57 26 7
57 26 25
57 25 21
57 21 18
57 18 8
57 18 17
57 17 16
57 16 9
57 16 15
57 15 14
57 14 11
57 11 10
57 14 13
57 13 12
57 21 20
57 20 19
57 25 24
57 24 23
57 23 22
58 29 0
58 29 28
58 28 3
58 3 1
58 3 2
58 28 27
58 27 26
58 26 23
58 23 11
58 11 10
58 10 8
58 8 6
58 6 4
58 6 5
58 8 7
58 10 9
58 23 22
58 22 14
58 14 13
58 13 12
58 22 21
58 21 20
58 20 19
58 19 15
58 19 18
58 18 17
58 17 16
58 26 25
58 25 24
59 33 32
59 32 14
59 14 13
59 13 11
59 11 0
59 11 10
59 10 8
59 8 1
59 8 7
59 7 4
59 4 3
59 3 2
59 7 6
59 6 5
59 10 9
59 13 12
59 32 31
59 31 30
59 30 23
59 23 21
59 21 17
59 17 15
59 17 16
59 21 20
59 20 19
59 19 18
59 23 22
59 30 29
59 29 27
59 27 26
59 26 25
59 25 24
59 29 28
60 31 29
60 29 0
60 29 28
60 28 3
60 3 2
60 2 1
60 28 27
60 27 20
60 20 19
60 19 7
60 7 4
60 7 6
60 6 5
60 19 18
60 18 14
60 14 10
60 10 8
60 10 9
60 14 13
60 13 11
60 13 12
60 18 17
60 17 15
60 17 16
60 27 26
60 26 24
60 24 23
60 23 22
60 22 21
60 26 25
60 31 30
61 32 30
61 30 29
61 29 28
61 28 27
61 27 26
61 26 25
61 25 5
61 5 3
61 3 2
61 2 0
61 2 1
61 5 4
61 25 24
61 24 20
61 20 15
61 15 6
61 15 14
61 14 12
61 12 7
61 12 11
61 11 10
61 10 8
61 10 9
61 14 13
61 20 19
61 19 18
61 18 16
61 18 17
61 24 23
61 23 22
61 22 21
61 32 31
62 31 30
62 30 23
62 23 22
62 22 21
62 21 19
62 19 18
62 18 16
62 16 14
62 14 12
62 12 0
62 12 11
62 11 6
62 6 5
62 5 3
62 3 2
62 2 1
62 5 4
62 11 10
62 10 9
62 9 7
62 9 8
62 14 13
62 16 15
62 18 17
62 21 20
62 30 29
62 29 28
62 28 24
62 28 27
62 27 25
62 27 26
63 32 31
63 31 4
63 4 2
63 2 1
63 1 0
63 4 3
63 31 30
63 30 6
63 6 5
63 30 29
63 29 28
63 28 27
63 27 17
63 17 15
63 15 8
63 8 7
63 15 14
63 14 13
63 13 12
63 12 9
63 12 11
63 11 10
63 17 16
63 27 26
63 26 25
63 25 24
63 24 23
63 23 18
63 23 22
63 22 19
63 22 21
63 21 20
64 30 29
64 29 8
64 8 0
64 8 7
64 7 4
64 4 3
64 3 2
64 2 1
64 7 6
64 6 5
64 29 28
64 28 25
64 25 15
64 15 9
64 15 14
64 14 12
64 12 11
64 11 10
64 14 13
64 25 24
64 24 21
64 21 20
64 20 19
64 19 18
64 18 17
64 17 16
64 24 23
64 23 22
64 28 27
64 27 26
65 29 27
65 27 25
65 25 24
65 24 8
65 8 6
65 6 5
65 5 3
65 3 2
65 2 1
65 1 0
65 5 4
65 8 7
65 24 23
65 23 22
65 22 9
65 22 21
65 21 14
65 14 10
65 14 13
65 13 11
65 13 12
65 21 20
65 20 16
65 16 15
65 20 19
65 19 18
65 18 17
65 27 26
65 29 28
66 30 28
66 28 21
66 21 20
66 20 19
66 19 0
66 19 18
66 18 1
66 18 17
66 17 16
66 16 14
66 14 6
66 6 4
66 4 2
66 4 3
66 6 5
66 14 13
66 13 7
66 13 12
66 12 11
66 11 10
66 10 9
66 9 8
66 16 15
66 28 27
66 27 22
66 27 26
66 26 24
66 24 23
66 26 25
66 30 29
67 33 32
67 32 3
67 3 2
67 2 1
67 1 0
67 32 31
67 31 7
67 7 6
67 6 5
67 5 4
67 31 30
67 30 27
67 27 26
67 26 25
67 25 15
67 15 10
67 10 9
67 9 8
67 15 14
67 14 12
67 12 11
67 14 13
67 25 24
67 24 16
67 24 23
67 23 21
67 21 20
67 20 18
67 18 17
67 20 19
67 23 22
67 30 29
67 29 28
68 34 31
68 31 30
68 30 29
68 29 11
68 11 8
68 8 6
68 6 3
68 3 2
68 2 0
68 2 1
68 6 5
68 5 4
68 8 7
68 11 10
68 10 9
68 29 28
68 28 26
68 26 25
68 25 14
68 14 12
68 14 13
68 25 24
68 24 16
68 16 15
68 24 23
68 23 19
68 19 17
68 19 18
68 23 22
68 22 20
68 22 21
68 28 27
68 34 33
68 33 32
69 33 16
69 16 12
69 12 8
69 8 7
69 7 5
69 5 3
69 3 2
69 2 0
69 2 1
69 5 4
69 7 6
69 12 11
69 11 9
69 11 10
69 16 15
69 15 14
69 14 13
69 33 32
69 32 28
69 28 27
69 27 24
69 24 17
69 24 23
69 23 22
69 22 21
69 21 20
69 20 19
69 19 18
69 27 26
69 26 25
69 32 31
69 31 29
69 31 30
70 34 0
70 34 33
70 33 9
70 9 1
70 9 8
70 8 7
70 7 6
70 6 3
70 3 2
70 6 5
70 5 4
70 33 32
70 32 31
70 31 29
70 29 13
70 13 10
70 13 12
70 12 11
70 29 28
70 28 14
70 28 27
70 27 26
70 26 23
70 23 22
70 22 21
70 21 20
70 20 18
70 18 15
70 18 17
70 17 16
70 20 19
70 26 25
70 25 24
70 31 30
71 34 31
71 31 21
71 21 20
71 20 18
71 18 12
71 12 10
71 10 9
71 9 8
71 8 0
71 8 7
71 7 1
71 7 6
71 6 2
71 6 5
71 5 4
71 4 3
71 12 11
71 18 17
71 17 13
71 17 16
71 16 15
71 15 14
71 20 19
71 31 30
71 30 29
71 29 27
71 27 26
71 26 23
71 23 22
71 26 25
71 25 24
71 29 28
71 34 33
71 33 32
72 29 28
72 28 27
72 27 25
72 25 1
72 1 0
72 25 24
72 24 2
72 24 23
72 23 19
72 19 16
72 16 14
72 14 13
72 13 12
72 12 4
72 4 3
72 12 11
72 11 8
72 8 7
72 7 6
72 6 5
72 11 10
72 10 9
72 16 15
72 19 18
72 18 17
72 23 22
72 22 20
72 22 21
72 27 26
73 31 20
73 20 0
73 20 19
73 19 18
73 18 17
73 17 3
73 3 1
73 3 2
73 17 16
73 16 15
73 15 12
73 12 7
73 7 5
73 5 4
73 7 6
73 12 11
73 11 8
73 11 10
73 10 9
73 15 14
73 14 13
73 31 30
73 30 29
73 29 28
73 28 27
73 27 24
73 24 23
73 23 21
73 23 22
73 27 26
73 26 25
74 33 32
74 32 31
74 31 30
74 30 25
74 25 23
74 23 0
74 23 22
74 22 13
74 13 1
74 13 12
74 12 10
74 10 7
74 7 2
74 7 6
74 6 5
74 5 4
74 4 3
74 10 9
74 9 8
74 12 11
74 22 21
74 21 20
74 20 15
74 15 14
74 20 19
74 19 18
74 18 16
74 18 17
74 25 24
74 30 29
74 29 26
74 29 28
74 28 27
75 33 32
75 32 30
75 30 29
75 29 26
75 26 25
75 25 23
75 23 21
75 21 19
75 19 18
75 18 14
75 14 12
75 12 2
75 2 0
75 2 1
75 12 11
75 11 10
75 10 5
75 5 4
75 4 3
75 10 9
75 9 7
75 7 6
75 9 8
75 14 13
75 18 17
75 17 16
75 16 15
75 21 20
75 23 22
75 25 24
75 29 28
75 28 27
75 32 31
76 31 30
76 30 28
76 28 27
76 27 6
76 6 5
76 5 3
76 3 2
76 2 1
76 1 0
76 5 4
76 27 26
76 26 15
76 15 10
76 10 9
76 9 7
76 9 8
76 15 14
76 14 13
76 13 12
76 12 11
76 26 25
76 25 24
76 24 22
76 22 21
76 21 17
76 17 16
76 21 20
76 20 18
76 20 19
76 24 23
76 30 29
77 30 29
77 29 28
77 28 27
77 27 26
77 26 24
77 24 23
77 23 2
77 2 1
77 1 0
77 23 22
77 22 21
77 21 5
77 5 4
77 4 3
77 21 20
77 20 19
77 19 15
77 15 14
77 14 8
77 8 6
77 8 7
77 14 13
77 13 10
77 10 9
77 13 12
77 12 11
77 19 18
77 18 17
77 17 16
77 26 25
78 33 0
78 33 32
78 32 30
78 30 29
78 29 28
78 28 1
78 28 27
78 27 7
78 7 6
78 6 5
78 5 3
78 3 2
78 5 4
78 27 26
78 26 24
78 24 20
78 20 19
78 19 18
78 18 17
78 17 13
78 13 9
78 9 8
78 13 12
78 12 10
78 12 11
78 17 16
78 16 15
78 15 14
78 24 23
78 23 22
78 22 21
78 26 25
78 32 31
79 31 4
79 4 3
79 3 1
79 1 0
79 3 2
79 31 30
79 30 29
79 29 8
79 8 5
79 8 7
79 7 6
79 29 28
79 28 27
79 27 9
79 27 26
79 26 25
79 25 24
79 24 12
79 12 11
79 11 10
79 24 23
79 23 18
79 18 17
79 17 15
79 15 13
79 15 14
79 17 16
79 23 22
79 22 21
79 21 19
79 21 20
80 31 18
80 18 15
80 15 14
80 14 12
80 12 10
80 10 1
80 1 0
80 10 9
80 9 6
80 6 2
80 6 5
80 5 4
80 4 3
80 9 8
80 8 7
80 12 11
80 14 13
80 18 17
80 17 16
80 31 30
80 30 29
80 29 19
80 29 28
80 28 27
80 27 25
80 25 23
80 23 21
80 21 20
80 23 22
80 25 24
80 27 26
81 30 25
81 25 0
81 25 24
81 24 4
81 4 1
81 4 3
81 3 2
81 24 23
81 23 21
81 21 20
81 20 16
81 16 5
81 16 15
81 15 14
81 14 12
81 12 10
81 10 9
81 9 6
81 9 8
81 8 7
81 12 11
81 14 13
81 20 19
81 19 17
81 19 18
81 23 22
81 30 29
81 29 28
81 28 26
81 28 27
82 34 3
82 3 2
82 2 0
82 2 1
82 34 33
82 33 31
82 31 13
82 13 12
82 12 9
82 9 8
82 8 7
82 7 4
82 7 6
82 6 5
82 12 11
82 11 10
82 31 30
82 30 14
82 30 29
82 29 28
82 28 19
82 19 17
82 17 15
82 17 16
82 19 18
82 28 27
82 27 26
82 26 24
82 24 22
82 22 20
82 22 21
82 24 23
82 26 25
82 33 32
83 33 26
83 26 2
83 2 0
83 2 1
83 26 25
83 25 4
83 4 3
83 25 24
83 24 23
83 23 22
83 22 21
83 21 13
83 13 12
83 12 11
83 11 10
83 10 7
83 7 5
83 7 6
83 10 9
83 9 8
83 21 20
83 20 18
83 18 17
83 17 16
83 16 15
83 15 14
83 20 19
83 33 32
83 32 27
83 32 31
83 31 30
83 30 28
83 30 29
84 32 0
84 32 31
84 31 30
84 30 16
84 16 12
84 12 11
84 11 7
84 7 6
84 6 4
84 4 3
84 3 1
84 3 2
84 6 5
84 11 10
84 10 8
84 10 9
84 16 15
84 15 13
84 15 14
84 30 29
84 29 27
84 27 23
84 23 22
84 22 18
84 18 17
84 22 21
84 21 19
84 21 20
84 27 26
84 26 24
84 26 25
84 29 28
85 33 4
85 4 0
85 4 3
85 3 1
85 3 2
85 33 32
85 32 30
85 30 28
85 28 7
85 7 5
85 7 6
85 28 27
85 27 23
85 23 22
85 22 21
85 21 20
85 20 18
85 18 16
85 16 14
85 14 13
85 13 11
85 11 8
85 11 10
85 10 9
85 13 12
85 16 15
85 18 17
85 20 19
85 27 26
85 26 24
85 26 25
85 30 29
85 32 31
86 32 0
86 32 31
86 31 1
86 31 30
86 30 29
86 29 4
86 4 3
86 3 2
86 29 28
86 28 23
86 23 22
86 22 10
86 10 9
86 9 5
86 9 8
86 8 7
86 7 6
86 22 21
86 21 11
86 21 20
86 20 19
86 19 12
86 19 18
86 18 17
86 17 13
86 17 16
86 16 15
86 15 14
86 28 27
86 27 26
86 26 25
86 25 24
87 29 8
87 8 6
87 6 5
87 5 4
87 4 0
87 4 3
87 3 1
87 3 2
87 8 7
87 29 28
87 28 27
87 27 26
87 26 24
87 24 23
87 23 22
87 22 21
87 21 20
87 20 12
87 12 11
87 11 9
87 11 10
87 20 19
87 19 17
87 17 13
87 17 16
87 16 15
87 15 14
87 19 18
87 26 25
88 33 5
88 5 3
88 3 0
88 3 2
88 2 1
88 5 4
88 33 32
88 32 19
88 19 13
88 13 7
88 7 6
88 13 12
88 12 11
88 11 10
88 10 8
88 10 9
88 19 18
88 18 16
88 16 14
88 16 15
88 18 17
88 32 31
88 31 22
88 22 21
88 21 20
88 31 30
88 30 27
88 27 23
88 27 26
88 26 24
88 26 25
88 30 29
88 29 28
89 29 28
89 28 27
89 27 24
89 24 20
89 20 7
89 7 5
89 5 4
89 4 3
89 3 2
89 2 1
89 1 0
89 7 6
89 20 19
89 19 18
89 18 9
89 9 8
89 18 17
89 17 16
89 16 15
89 15 14
89 14 13
89 13 11
89 11 10
89 13 12
89 24 23
89 23 22
89 22 21
89 27 26
89 26 25
90 34 7
90 7 0
90 7 6
90 6 3
90 3 2
90 2 1
90 6 5
90 5 4
90 34 33
90 33 31
90 31 15
90 15 8
90 15 14
90 14 13
90 13 10
90 10 9
90 13 12
90 12 11
90 31 30
90 30 18
90 18 17
90 17 16
90 30 29
90 29 19
90 29 28
90 28 21
90 21 20
90 28 27
90 27 26
90 26 22
90 26 25
90 25 24
90 24 23
90 33 32
91 34 1
91 1 0
91 34 33
91 33 2
91 33 32
91 32 28
91 28 27
91 27 26
91 26 3
91 26 25
91 25 24
91 24 23
91 23 22
91 22 21
91 21 7
91 7 6
91 6 5
91 5 4
91 21 20
91 20 19
91 19 18
91 18 14
91 14 13
91 13 8
91 13 12
91 12 9
91 12 11
91 11 10
91 18 17
91 17 16
91 16 15
91 32 31
91 31 30
91 30 29
92 33 5
92 5 4
92 4 2
92 2 1
92 1 0
92 4 3
92 33 32
92 32 31
92 31 9
92 9 6
92 9 8
92 8 7
92 31 30
92 30 29
92 29 14
92 14 13
92 13 12
92 12 10
92 12 11
92 29 28
92 28 27
92 27 26
92 26 21
92 21 20
92 20 17
92 17 15
92 17 16
92 20 19
92 19 18
92 26 25
92 25 22
92 25 24
92 24 23
93 34 33
93 33 26
93 26 7
93 7 3
93 3 2
93 2 1
93 1 0
93 7 6
93 6 4
93 6 5
93 26 25
93 25 8
93 25 24
93 24 23
93 23 22
93 22 21
93 21 20
93 20 9
93 20 19
93 19 18
93 18 10
93 18 17
93 17 16
93 16 15
93 15 12
93 12 11
93 15 14
93 14 13
93 33 32
93 32 31
93 31 30
93 30 29
93 29 27
93 29 28
94 29 0
94 29 28
94 28 3
94 3 2
94 2 1
94 28 27
94 27 26
94 26 7
94 7 5
94 5 4
94 7 6
94 26 25
94 25 24
94 24 17
94 17 13
94 13 9
94 9 8
94 13 12
94 12 10
94 12 11
94 17 16
94 16 15
94 15 14
94 24 23
94 23 22
94 22 21
94 21 18
94 21 20
94 20 19
95 30 29
95 29 28
95 28 24
95 24 3
95 3 2
95 2 1
95 1 0
95 24 23
95 23 16
95 16 6
95 6 4
95 6 5
95 16 15
95 15 14
95 14 12
95 12 7
95 12 11
95 11 9
95 9 8
95 11 10
95 14 13
95 23 22
95 22 21
95 21 18
95 18 17
95 21 20
95 20 19
95 28 27
95 27 25
95 27 26
96 30 18
96 18 1
96 1 0
96 18 17
96 17 15
96 15 2
96 15 14
96 14 12
96 12 11
96 11 9
96 9 4
96 4 3
96 9 8
96 8 7
96 7 5
96 7 6
96 11 10
96 14 13
96 17 16
96 30 29
96 29 28
96 28 27
96 27 24
96 24 20
96 20 19
96 24 23
96 23 21
96 23 22
96 27 26
96 26 25
97 30 29
97 29 28
97 28 25
97 25 24
97 24 0
97 24 23
97 23 20
97 20 5
97 5 4
97 4 1
97 4 3
97 3 2
97 20 19
97 19 10
97 10 9
97 9 6
97 9 8
97 8 7
97 19 18
97 18 17
97 17 16
97 16 12
97 12 11
97 16 15
97 15 14
97 14 13
97 23 22
97 22 21
97 28 27
97 27 26
98 33 31
98 31 29
98 29 28
98 28 11
98 11 3
98 3 2
98 2 0
98 2 1
98 11 10
98 10 9
98 9 4
98 9 8
98 8 5
98 8 7
98 7 6
98 28 27
98 27 23
98 23 22
98 22 12
98 22 21
98 21 13
98 21 20
98 20 19
98 19 17
98 17 14
98 17 16
98 16 15
98 19 18
98 27 26
98 26 25
98 25 24
98 31 30
98 33 32
99 33 32
99 32 30
99 30 29
99 29 4
99 4 3
99 3 1
99 1 0
99 3 2
99 29 28
99 28 5
99 28 27
99 27 6
99 27 26
99 26 23
99 23 22
99 22 21
99 21 18
99 18 16
99 16 9
99 9 7
99 9 8
99 16 15
99 15 10
99 15 14
99 14 13
99 13 11
99 13 12
99 18 17
99 21 20
99 20 19
99 26 25
99 25 24
99 32 31
100 34 26
100 26 25
100 25 24
100 24 21
100 21 1
100 1 0
100 21 20
100 20 19
100 19 18
100 18 4
100 4 2
100 4 3
100 18 17
100 17 10
100 10 5
100 10 9
100 9 7
100 7 6
100 9 8
100 17 16
100 16 15
100 15 14
100 14 13
100 13 11
100 13 12
100 24 23
100 23 22
100 34 33
100 33 31
100 31 28
100 28 27
100 31 30
100 30 29
100 33 32
101 30 0
101 30 29
101 29 3
101 3 2
101 2 1
101 29 28
101 28 27
101 27 6
101 6 4
101 6 5
101 27 26
101 26 25
101 25 9
101 9 8
101 8 7
101 25 24
101 24 20
101 20 11
101 11 10
101 20 19
101 19 17
101 17 14
101 14 13
101 13 12
101 17 16
101 16 15
101 19 18
101 24 23
101 23 22
101 22 21
