1 34 0
1 34 33
1 33 31
1 31 23
1 23 22
1 22 20
1 20 1
1 20 19
1 19 8
1 8 7
1 7 4
1 4 2
1 4 3
1 7 6
1 6 5
1 19 18
1 18 14
1 14 11
1 11 9
1 11 10
1 14 13
1 13 12
1 18 17
1 17 15
1 17 16
1 22 21
1 31 30
1 30 27
1 27 25
1 25 24
1 27 26
1 30 29
1 29 28
1 33 32
2 32 27
2 27 25
2 25 4
2 4 3
2 3 2
2 2 0
2 2 1
2 25 24
2 24 14
2 14 13
2 13 11
2 11 10
2 10 9
2 9 5
2 9 8
2 8 7
2 7 6
2 13 12
2 24 23
2 23 18
2 18 17
2 17 15
2 17 16
2 23 22
2 22 21
2 21 19
2 21 20
2 27 26
2 32 31
2 31 29
2 29 28
2 31 30
3 31 1
3 1 0
3 31 30
3 30 24
3 24 23
3 23 22
3 22 3
3 3 2
3 22 21
3 21 4
3 21 20
3 20 17
3 17 16
3 16 15
3 15 14
3 14 8
3 8 5
3 8 7
3 7 6
3 14 13
3 13 9
3 13 12
3 12 11
3 11 10
3 20 19
3 19 18
3 30 29
3 29 27
3 27 25
3 27 26
3 29 28
4 30 29
4 29 28
4 28 27
4 27 0
4 27 26
4 26 25
4 25 18
4 18 15
4 15 14
4 14 13
4 13 10
4 10 9
4 9 8
4 8 3
4 3 1
4 3 2
4 8 7
4 7 6
4 6 5
4 5 4
4 13 12
4 12 11
4 18 17
4 17 16
4 25 24
4 24 21
4 21 20
4 20 19
4 24 23
4 23 22
5 30 29
5 29 28
5 28 27
5 27 7
5 7 4
5 4 2
5 2 1
5 1 0
5 4 3
5 7 6
5 6 5
5 27 26
5 26 25
5 25 21
5 21 14
5 14 10
5 10 8
5 10 9
5 14 13
5 13 12
5 12 11
5 21 20
5 20 18
5 18 17
5 17 16
5 16 15
5 20 19
5 25 24
5 24 23
5 23 22
6 34 33
6 33 32
6 32 19
6 19 18
6 18 17
6 17 0
6 17 16
6 16 15
6 15 14
6 14 13
6 13 11
6 11 8
6 8 7
6 7 4
6 4 3
6 3 2
6 2 1
6 7 6
6 6 5
6 11 10
6 10 9
6 13 12
6 32 31
6 31 29
6 29 28
6 28 20
6 28 27
6 27 25
6 25 24
6 24 23
6 23 22
6 22 21
6 27 26
6 31 30
7 33 31
7 31 0
7 31 30
7 30 27
7 27 3
7 3 1
7 3 2
7 27 26
7 26 25
7 25 22
7 22 7
7 7 5
7 5 4
7 7 6
7 22 21
7 21 18
7 18 17
7 17 16
7 16 15
7 15 8
7 15 14
7 14 13
7 13 9
7 13 12
7 12 10
7 12 11
7 21 20
7 20 19
7 25 24
7 24 23
7 30 29
7 29 28
7 33 32
8 34 1
8 1 0
8 34 33
8 33 7
8 7 4
8 4 2
8 4 3
8 7 6
8 6 5
8 33 32
8 32 31
8 31 30
8 30 29
8 29 28
8 28 22
8 22 15
8 15 14
8 14 13
8 13 9
8 9 8
8 13 12
8 12 11
8 11 10
8 22 21
8 21 16
8 21 20
8 20 19
8 19 17
8 19 18
8 28 27
8 27 26
8 26 23
8 26 25
8 25 24
9 33 32
9 32 31
9 31 28
9 28 7
9 7 6
9 6 5
9 5 1
9 1 0
9 5 4
9 4 2
9 4 3
9 28 27
9 27 8
9 27 26
9 26 25
9 25 23
9 23 21
9 21 14
9 14 10
9 10 9
9 14 13
9 13 11
9 13 12
9 21 20
9 20 19
9 19 15
9 19 18
9 18 17
9 17 16
9 23 22
9 25 24
9 31 30
9 30 29
10 33 0
10 33 32
10 32 1
10 32 31
10 31 5
10 5 2
10 5 4
10 4 3
10 31 30
10 30 29
10 29 25
10 25 22
10 22 7
10 7 6
10 22 21
10 21 20
10 20 19
10 19 10
10 10 8
10 10 9
10 19 18
10 18 17
10 17 16
10 16 11
10 16 15
10 15 14
10 14 12
10 14 13
10 25 24
10 24 23
10 29 28
10 28 26
10 28 27
11 31 0
11 31 30
11 30 29
11 29 28
11 28 1
11 28 27
11 27 25
11 25 6
11 6 5
11 5 3
11 3 2
11 5 4
11 25 24
11 24 23
11 23 22
11 22 8
11 8 7
11 22 21
11 21 20
11 20 12
11 12 9
11 12 11
11 11 10
11 20 19
11 19 18
11 18 13
11 18 17
11 17 16
11 16 15
11 15 14
11 27 26
12 33 21
12 21 0
12 21 20
12 20 19
12 19 18
12 18 14
12 14 10
12 10 8
12 8 7
12 7 5
12 5 4
12 4 2
12 2 1
12 4 3
12 7 6
12 10 9
12 14 13
12 13 12
12 12 11
12 18 17
12 17 15
12 17 16
12 33 32
12 32 31
12 31 30
12 30 29
12 29 28
12 28 27
12 27 22
12 27 26
12 26 23
12 26 25
12 25 24
13 29 28
13 28 27
13 27 3
13 3 2
13 2 1
13 1 0
13 27 26
13 26 23
13 23 21
13 21 4
13 21 20
13 20 7
13 7 5
13 7 6
13 20 19
13 19 18
13 18 8
13 18 17
13 17 16
13 16 14
13 14 13
13 13 11
13 11 10
13 10 9
13 13 12
13 16 15
13 23 22
13 26 25
13 25 24
14 32 4
14 4 0
14 4 3
14 3 1
14 3 2
14 32 31
14 31 25
14 25 14
14 14 13
14 13 6
14 6 5
14 13 12
14 12 10
14 10 8
14 8 7
14 10 9
14 12 11
14 25 24
14 24 23
14 23 22
14 22 19
14 19 15
14 19 18
14 18 16
14 18 17
14 22 21
14 21 20
14 31 30
14 30 26
14 30 29
14 29 28
14 28 27
15 32 31
15 31 0
15 31 30
15 30 1
15 30 29
15 29 26
15 26 11
15 11 10
15 10 9
15 9 8
15 8 7
15 7 5
15 5 3
15 3 2
15 5 4
15 7 6
15 26 25
15 25 24
15 24 12
15 24 23
15 23 16
15 16 14
15 14 13
15 16 15
15 23 22
15 22 21
15 21 20
15 20 17
15 20 19
15 19 18
15 29 28
15 28 27
16 32 29
16 29 0
16 29 28
16 28 1
16 28 27
16 27 26
16 26 25
16 25 2
16 25 24
16 24 11
16 11 4
16 4 3
16 11 10
16 10 9
16 9 8
16 8 5
16 8 7
16 7 6
16 24 23
16 23 12
16 23 22
16 22 21
16 21 20
16 20 17
16 17 16
16 16 15
16 15 13
16 15 14
16 20 19
16 19 18
16 32 31
16 31 30
17 29 27
17 27 26
17 26 25
17 25 7
17 7 6
17 6 5
17 5 0
17 5 4
17 4 3
17 3 1
17 3 2
17 25 24
17 24 12
17 12 8
17 12 11
17 11 9
17 11 10
17 24 23
17 23 21
17 21 19
17 19 17
17 17 13
17 17 16
17 16 14
17 16 15
17 19 18
17 21 20
17 23 22
17 29 28
18 32 0
18 32 31
18 31 30
18 30 28
18 28 26
18 26 22
18 22 1
18 22 21
18 21 19
18 19 11
18 11 10
18 10 8
18 8 2
18 8 7
18 7 5
18 5 3
18 5 4
18 7 6
18 10 9
18 19 18
18 18 12
18 18 17
18 17 16
18 16 15
18 15 14
18 14 13
18 21 20
18 26 25
18 25 24
18 24 23
18 28 27
18 30 29
19 30 0
19 30 29
19 29 28
19 28 10
19 10 5
19 5 4
19 4 3
19 3 1
19 3 2
19 10 9
19 9 8
19 8 6
19 8 7
19 28 27
19 27 26
19 26 11
19 26 25
19 25 24
19 24 12
19 24 23
19 23 15
19 15 13
19 15 14
19 23 22
19 22 21
19 21 19
19 19 18
19 18 17
19 17 16
19 21 20
20 32 21
20 21 19
20 19 2
20 2 1
20 1 0
20 19 18
20 18 3
20 18 17
20 17 9
20 9 6
20 6 4
20 6 5
20 9 8
20 8 7
20 17 16
20 16 13
20 13 11
20 11 10
20 13 12
20 16 15
20 15 14
20 21 20
20 32 31
20 31 30
20 30 28
20 28 27
20 27 23
20 23 22
20 27 26
20 26 25
20 25 24
20 30 29
21 30 1
21 1 0
21 30 29
21 29 16
21 16 3
21 3 2
21 16 15
21 15 14
21 14 5
21 5 4
21 14 13
21 13 12
21 12 11
21 11 6
21 11 10
21 10 9
21 9 7
21 9 8
21 29 28
21 28 21
21 21 20
21 20 19
21 19 17
21 19 18
21 28 27
21 27 22
21 27 26
21 26 25
21 25 24
21 24 23
22 32 30
22 30 0
22 30 29
22 29 28
22 28 9
22 9 7
22 7 4
22 4 3
22 3 2
22 2 1
22 7 6
22 6 5
22 9 8
22 28 27
22 27 26
22 26 10
22 26 25
22 25 24
22 24 20
22 20 19
22 19 18
22 18 11
22 18 17
22 17 16
22 16 15
22 15 14
22 14 12
22 14 13
22 24 23
22 23 22
22 22 21
22 32 31
23 30 29
23 29 27
23 27 26
23 26 21
23 21 0
23 21 20
23 20 16
23 16 11
23 11 10
23 10 6
23 6 4
23 4 3
23 3 2
23 2 1
23 6 5
23 10 9
23 9 7
23 9 8
23 16 15
23 15 14
23 14 12
23 14 13
23 20 19
23 19 17
23 19 18
23 26 25
23 25 22
23 25 24
23 24 23
23 29 28
24 33 31
24 31 2
24 2 1
24 1 0
24 31 30
24 30 29
24 29 27
24 27 23
24 23 9
24 9 8
24 8 7
24 7 3
24 7 6
24 6 4
24 6 5
24 23 22
24 22 21
24 21 11
24 11 10
24 21 20
24 20 19
24 19 16
24 16 15
24 15 14
24 14 12
24 14 13
24 19 18
24 18 17
24 27 26
24 26 25
24 25 24
24 29 28
24 33 32
25 34 31
25 31 30
25 30 28
25 28 27
25 27 5
25 5 4
25 4 3
25 3 1
25 1 0
25 3 2
25 27 26
25 26 24
25 24 22
25 22 20
25 20 19
25 19 12
25 12 7
25 7 6
25 12 11
25 11 8
25 11 10
25 10 9
25 19 18
25 18 17
25 17 16
25 16 15
25 15 13
25 15 14
25 22 21
25 24 23
25 26 25
25 30 29
25 34 33
25 33 32
26 29 26
26 26 25
26 25 24
26 24 18
26 18 17
26 17 15
26 15 0
26 15 14
26 14 4
26 4 3
26 3 2
26 2 1
26 14 13
26 13 10
26 10 6
26 6 5
26 10 9
26 9 7
26 9 8
26 13 12
26 12 11
26 17 16
26 24 23
26 23 21
26 21 20
26 20 19
26 23 22
26 29 28
26 28 27
27 33 0
27 33 32
27 32 11
27 11 5
27 5 4
27 4 3
27 3 1
27 3 2
27 11 10
27 10 6
27 10 9
27 9 8
27 8 7
27 32 31
27 31 25
27 25 24
27 24 17
27 17 14
27 14 12
27 14 13
27 17 16
27 16 15
27 24 23
27 23 22
27 22 18
27 22 21
27 21 20
27 20 19
27 31 30
27 30 28
27 28 26
27 28 27
27 30 29
28 33 2
28 2 0
28 2 1
28 33 32
28 32 30
28 30 29
28 29 27
28 27 8
28 8 5
28 5 4
28 4 3
28 8 7
28 7 6
28 27 26
28 26 21
28 21 9
28 21 20
28 20 19
28 19 17
28 17 16
28 16 15
28 15 10
28 15 14
28 14 13
28 13 11
28 13 12
28 19 18
28 26 25
28 25 24
28 24 22
28 24 23
28 29 28
28 32 31
29 34 33
29 33 31
29 31 29
29 29 15
29 15 6
29 6 5
29 5 3
29 3 0
29 3 2
29 2 1
29 5 4
29 15 14
29 14 13
29 13 12
29 12 7
29 12 11
29 11 10
29 10 9
29 9 8
29 29 28
29 28 16
29 28 27
29 27 21
29 21 20
29 20 17
29 20 19
29 19 18
29 27 26
29 26 22
29 26 25
29 25 24
29 24 23
29 31 30
29 33 32
30 30 0
30 30 29
30 29 27
30 27 11
30 11 8
30 8 1
30 8 7
30 7 4
30 4 3
30 3 2
30 7 6
30 6 5
30 11 10
30 10 9
30 27 26
30 26 13
30 13 12
30 26 25
30 25 22
30 22 21
30 21 19
30 19 16
30 16 14
30 16 15
30 19 18
30 18 17
30 21 20
30 25 24
30 24 23
30 29 28
31 34 1
31 1 0
31 34 33
31 33 32
31 32 30
31 30 28
31 28 2
31 28 27
31 27 15
31 15 7
31 7 4
31 4 3
31 7 6
31 6 5
31 15 14
31 14 8
31 14 13
31 13 10
31 10 9
31 13 12
31 12 11
31 27 26
31 26 16
31 26 25
31 25 17
31 25 24
31 24 21
31 21 20
31 20 18
31 20 19
31 24 23
31 23 22
31 30 29
31 32 31
32 32 25
32 25 24
32 24 20
32 20 18
32 18 2
32 2 1
32 1 0
32 18 17
32 17 3
32 17 16
32 16 12
32 12 11
32 11 10
32 10 9
32 9 8
32 8 7
32 7 4
32 7 6
32 6 5
32 16 15
32 15 13
32 15 14
32 20 19
32 24 23
32 23 21
32 23 22
32 32 31
32 31 27
32 27 26
32 31 30
32 30 29
32 29 28
33 29 27
33 27 10
33 10 9
33 9 8
33 8 0
33 8 7
33 7 6
33 6 5
33 5 1
33 5 4
33 4 3
33 3 2
33 27 26
33 26 11
33 26 25
33 25 24
33 24 22
33 22 19
33 19 12
33 19 18
33 18 14
33 14 13
33 18 17
33 17 16
33 16 15
33 22 21
33 21 20
33 24 23
33 29 28
34 29 0
34 29 28
34 28 27
34 27 26
34 26 1
34 26 25
34 25 23
34 23 22
34 22 21
34 21 20
34 20 9
34 9 8
34 8 3
34 3 2
34 8 7
34 7 4
34 7 6
34 6 5
34 20 19
34 19 10
34 19 18
34 18 17
34 17 15
34 15 14
34 14 11
34 14 13
34 13 12
34 17 16
34 25 24
35 29 25
35 25 13
35 13 7
35 7 0
35 7 6
35 6 5
35 5 4
35 4 2
35 2 1
35 4 3
35 13 12
35 12 11
35 11 9
35 9 8
35 11 10
35 25 24
35 24 14
35 24 23
35 23 22
35 22 15
35 22 21
35 21 19
35 19 18
35 18 17
35 17 16
35 21 20
35 29 28
35 28 26
35 28 27
36 31 12
36 12 11
36 11 5
36 5 4
36 4 3
36 3 1
36 1 0
36 3 2
36 11 10
36 10 9
36 9 7
36 7 6
36 9 8
36 31 30
36 30 13
36 30 29
36 29 21
36 21 20
36 20 17
36 17 16
36 16 15
36 15 14
36 20 19
36 19 18
36 29 28
36 28 26
36 26 22
36 26 25
36 25 23
36 25 24
36 28 27
37 30 29
37 29 27
37 27 26
37 26 22
37 22 20
37 20 19
37 19 18
37 18 6
37 6 5
37 5 3
37 3 2
37 2 1
37 1 0
37 5 4
37 18 17
37 17 16
37 16 15
37 15 7
37 15 14
37 14 13
37 13 12
37 12 11
37 11 9
37 9 8
37 11 10
37 22 21
37 26 25
37 25 24
37 24 23
37 29 28
38 30 15
38 15 9
38 9 0
38 9 8
38 8 7
38 7 6
38 6 3
38 3 1
38 3 2
38 6 5
38 5 4
38 15 14
38 14 13
38 13 10
38 13 12
38 12 11
38 30 29
38 29 28
38 28 16
38 28 27
38 27 26
38 26 25
38 25 24
38 24 22
38 22 21
38 21 19
38 19 18
38 18 17
38 21 20
38 24 23
39 31 5
39 5 2
39 2 1
39 1 0
39 5 4
39 4 3
39 31 30
39 30 29
39 29 7
39 7 6
39 29 28
39 28 21
39 21 14
39 14 10
39 10 9
39 9 8
39 14 13
39 13 12
39 12 11
39 21 20
39 20 17
39 17 15
39 17 16
39 20 19
39 19 18
39 28 27
39 27 22
39 27 26
39 26 25
39 25 24
39 24 23
40 33 32
40 32 24
40 24 23
40 23 22
40 22 0
40 22 21
40 21 19
40 19 16
40 16 15
40 15 14
40 14 3
40 3 2
40 2 1
40 14 13
40 13 11
40 11 8
40 8 6
40 6 5
40 5 4
40 8 7
40 11 10
40 10 9
40 13 12
40 19 18
40 18 17
40 21 20
40 32 31
40 31 29
40 29 25
40 29 28
40 28 27
40 27 26
40 31 30
41 34 14
41 14 13
41 13 1
41 1 0
41 13 12
41 12 11
41 11 9
41 9 2
41 9 8
41 8 7
41 7 6
41 6 5
41 5 4
41 4 3
41 11 10
41 34 33
41 33 30
41 30 29
41 29 16
41 16 15
41 29 28
41 28 25
41 25 21
41 21 20
41 20 19
41 19 17
41 19 18
41 25 24
41 24 23
41 23 22
41 28 27
41 27 26
41 33 32
41 32 31
42 29 8
42 8 4
42 4 0
42 4 3
42 3 2
42 2 1
42 8 7
42 7 5
42 7 6
42 29 28
42 28 23
42 23 9
42 23 22
42 22 10
42 22 21
42 21 19
42 19 18
42 18 11
42 18 17
42 17 12
42 17 16
42 16 14
42 14 13
42 16 15
42 21 20
42 28 27
42 27 26
42 26 24
42 26 25
43 29 0
43 29 28
43 28 15
43 15 14
43 14 2
43 2 1
43 14 13
43 13 12
43 12 10
43 10 9
43 9 5
43 5 4
43 4 3
43 9 8
43 8 7
43 7 6
43 12 11
43 28 27
43 27 26
43 26 24
43 24 23
43 23 21
43 21 18
43 18 16
43 18 17
43 21 20
43 20 19
43 23 22
43 26 25
44 29 23
44 23 22
44 22 10
44 10 7
44 7 0
44 7 6
44 6 5
44 5 2
44 2 1
44 5 4
44 4 3
44 10 9
44 9 8
44 22 21
44 21 11
44 21 20
44 20 12
44 20 19
44 19 15
44 15 13
44 15 14
44 19 18
44 18 16
44 18 17
44 29 28
44 28 27
44 27 26
44 26 24
44 26 25
45 32 8
45 8 0
45 8 7
45 7 6
45 6 5
45 5 4
45 4 3
45 3 1
45 3 2
45 32 31
45 31 30
45 30 28
45 28 25
45 25 24
45 24 12
45 12 11
45 11 10
45 10 9
45 24 23
45 23 14
45 14 13
45 23 22
45 22 18
45 18 16
45 16 15
45 18 17
45 22 21
45 21 20
45 20 19
45 28 27
45 27 26
45 30 29
46 34 30
46 30 21
46 21 0
46 21 20
46 20 19
46 19 17
46 17 16
46 16 15
46 15 9
46 9 1
46 9 8
46 8 2
46 8 7
46 7 3
46 7 6
46 6 4
46 6 5
46 15 14
46 14 13
46 13 10
46 13 12
46 12 11
46 19 18
46 30 29
46 29 28
46 28 26
46 26 25
46 25 23
46 23 22
46 25 24
46 28 27
46 34 33
46 33 31
46 33 32
47 31 0
47 31 30
47 30 1
47 30 29
47 29 14
47 14 13
47 13 12
47 12 11
47 11 3
47 3 2
47 11 10
47 10 9
47 9 8
47 8 7
47 7 5
47 5 4
47 7 6
47 29 28
47 28 22
47 22 20
47 20 19
47 19 17
47 17 15
47 17 16
47 19 18
47 22 21
47 28 27
47 27 23
47 27 26
47 26 25
47 25 24
48 31 30
48 30 29
48 29 28
48 28 26
48 26 25
48 25 0
48 25 24
48 24 20
48 20 19
48 19 18
48 18 10
48 10 9
48 9 4
48 4 1
48 4 3
48 3 2
48 9 8
48 8 7
48 7 5
48 7 6
48 18 17
48 17 11
48 17 16
48 16 12
48 16 15
48 15 14
48 14 13
48 24 23
48 23 21
48 23 22
48 28 27
49 31 13
49 13 11
49 11 7
49 7 6
49 6 0
49 6 5
49 5 4
49 4 1
49 4 3
49 3 2
49 11 10
49 10 8
49 10 9
49 13 12
49 31 30
49 30 29
49 29 16
49 16 14
49 16 15
49 29 28
49 28 27
49 27 25
49 25 17
49 25 24
49 24 21
49 21 18
49 21 20
49 20 19
49 24 23
49 23 22
49 27 26
50 31 28
50 28 20
50 20 18
50 18 9
50 9 7
50 7 5
50 5 2
50 2 0
50 2 1
50 5 4
50 4 3
50 7 6
50 9 8
50 18 17
50 17 13
50 13 12
50 12 11
50 11 10
50 17 16
50 16 15
50 15 14
50 20 19
50 28 27
50 27 26
50 26 22
50 22 21
50 26 25
50 25 23
50 25 24
50 31 30
50 30 29
51 29 6
51 6 3
51 3 2
51 2 1
51 1 0
51 6 5
51 5 4
51 29 28
51 28 27
51 27 15
51 15 12
51 12 11
51 11 9
51 9 8
51 8 7
51 11 10
51 15 14
51 14 13
51 27 26
51 26 25
51 25 24
51 24 22
51 22 21
51 21 19
51 19 16
51 19 18
51 18 17
51 21 20
51 24 23
52 33 32
52 32 31
52 31 24
52 24 15
52 15 14
52 14 13
52 13 3
52 3 2
52 2 1
52 1 0
52 13 12
52 12 10
52 10 9
52 9 7
52 7 4
52 7 6
52 6 5
52 9 8
52 12 11
52 24 23
52 23 22
52 22 21
52 21 16
52 21 20
52 20 17
52 20 19
52 19 18
52 31 30
52 30 29
52 29 27
52 27 25
52 27 26
52 29 28
53 29 1
53 1 0
53 29 28
53 28 22
53 22 21
53 21 19
53 19 18
53 18 16
53 16 14
53 14 8
53 8 2
53 8 7
53 7 6
53 6 5
53 5 4
53 4 3
53 14 13
53 13 12
53 12 11
53 11 9
53 11 10
53 16 15
53 18 17
53 21 20
53 28 27
53 27 24
53 24 23
53 27 26
53 26 25
54 30 28
54 28 13
54 13 8
54 8 2
54 2 0
54 2 1
54 8 7
54 7 4
54 4 3
54 7 6
54 6 5
54 13 12
54 12 10
54 10 9
54 12 11
54 28 27
54 27 14
54 27 26
54 26 25
54 25 15
54 25 24
54 24 22
54 22 20
54 20 17
54 17 16
54 20 19
54 19 18
54 22 21
54 24 23
54 30 29
55 29 27
55 27 12
55 12 11
55 11 3
55 3 0
55 3 2
55 2 1
55 11 10
55 10 5
55 5 4
55 10 9
55 9 7
55 7 6
55 9 8
55 27 26
55 26 25
55 25 24
55 24 23
55 23 22
55 22 17
55 17 15
55 15 13
55 15 14
55 17 16
55 22 21
55 21 19
55 19 18
55 21 20
55 29 28
56 32 0
56 32 31
56 31 30
56 30 4
56 4 1
56 4 3
56 3 2
56 30 29
56 29 22
56 22 5
56 22 21
56 21 20
56 20 16
56 16 6
56 16 15
56 15 14
56 14 13
56 13 7
56 13 12
56 12 11
56 11 10
56 10 9
56 9 8
56 20 19
56 19 18
56 18 17
56 29 28
56 28 27
56 27 25
56 25 23
56 25 24
56 27 26
57 31 26
57 26 0
57 26 25
57 25 15
57 15 13
57 13 11
57 11 4
57 4 3
57 3 1
57 3 2
57 11 10
57 10 6
57 6 5
57 10 9
57 9 8
57 8 7
57 13 12
57 15 14
57 25 24
57 24 23
57 23 16
57 23 22
57 22 20
57 20 19
57 19 18
57 18 17
57 22 21
57 31 30
57 30 28
57 28 27
57 30 29
58 34 29
58 29 28
58 28 8
58 8 4
58 4 3
58 3 2
58 2 1
58 1 0
58 8 7
58 7 5
58 7 6
58 28 27
58 27 26
58 26 18
58 18 13
58 13 12
58 12 10
58 10 9
58 12 11
58 18 17
58 17 15
58 15 14
58 17 16
58 26 25
58 25 23
58 23 19
58 23 22
58 22 20
58 22 21
58 25 24
58 34 33
58 33 32
58 32 31
58 31 30
59 29 8
59 8 7
59 7 0
59 7 6
59 6 5
59 5 1
59 5 4
59 4 2
59 4 3
59 29 28
59 28 26
59 26 25
59 25 24
59 24 21
59 21 12
59 12 9
59 12 11
59 11 10
59 21 20
59 20 13
59 20 19
59 19 17
59 17 16
59 16 14
59 16 15
59 19 18
59 24 23
59 23 22
59 28 27
60 30 0
60 30 29
60 29 1
60 29 28
60 28 27
60 27 26
60 26 25
60 25 16
60 16 11
60 11 10
60 10 9
60 9 8
60 8 7
60 7 3
60 3 2
60 7 6
60 6 5
60 5 4
60 16 15
60 15 14
60 14 12
60 14 13
60 25 24
60 24 17
60 24 23
60 23 22
60 22 21
60 21 20
60 20 19
60 19 18
61 33 32
61 32 0
61 32 31
61 31 30
61 30 29
61 29 25
61 25 3
61 3 2
61 2 1
61 25 24
61 24 23
61 23 16
61 16 7
61 7 6
61 6 5
61 5 4
61 16 15
61 15 13
61 13 8
61 13 12
61 12 10
61 10 9
61 12 11
61 15 14
61 23 22
61 22 20
61 20 19
61 19 18
61 18 17
61 22 21
61 29 28
61 28 27
61 27 26
62 33 31
62 31 4
62 4 2
62 2 1
62 1 0
62 4 3
62 31 30
62 30 28
62 28 27
62 27 5
62 27 26
62 26 24
62 24 6
62 24 23
62 23 7
62 23 22
62 22 21
62 21 18
62 18 17
62 17 15
62 15 12
62 12 10
62 10 9
62 9 8
62 12 11
62 15 14
62 14 13
62 17 16
62 21 20
62 20 19
62 26 25
62 30 29
62 33 32
63 33 26
63 26 2
63 2 0
63 2 1
63 26 25
63 25 3
63 25 24
63 24 4
63 24 23
63 23 22
63 22 18
63 18 15
63 15 14
63 14 12
63 12 5
63 12 11
63 11 10
63 10 9
63 9 8
63 8 7
63 7 6
63 14 13
63 18 17
63 17 16
63 22 21
63 21 20
63 20 19
63 33 32
63 32 30
63 30 27
63 30 29
63 29 28
63 32 31
64 32 27
64 27 21
64 21 20
64 20 16
64 16 15
64 15 10
64 10 9
64 9 1
64 1 0
64 9 8
64 8 2
64 8 7
64 7 3
64 7 6
64 6 5
64 5 4
64 15 14
64 14 12
64 12 11
64 14 13
64 20 19
64 19 17
64 19 18
64 27 26
64 26 25
64 25 24
64 24 23
64 23 22
64 32 31
64 31 28
64 31 30
64 30 29
65 34 32
65 32 4
65 4 2
65 2 1
65 1 0
65 4 3
65 32 31
65 31 28
65 28 5
65 28 27
65 27 6
65 27 26
65 26 25
65 25 7
65 25 24
65 24 8
65 24 23
65 23 22
65 22 9
65 22 21
65 21 20
65 20 17
65 17 10
65 17 16
65 16 15
65 15 14
65 14 13
65 13 11
65 13 12
65 20 19
65 19 18
65 31 30
65 30 29
65 34 33
66 33 2
66 2 0
66 2 1
66 33 32
66 32 28
66 28 7
66 7 5
66 5 4
66 4 3
66 7 6
66 28 27
66 27 15
66 15 14
66 14 13
66 13 12
66 12 9
66 9 8
66 12 11
66 11 10
66 27 26
66 26 25
66 25 24
66 24 23
66 23 22
66 22 20
66 20 16
66 20 19
66 19 17
66 19 18
66 22 21
66 32 31
66 31 29
66 31 30
67 34 33
67 33 0
67 33 32
67 32 31
67 31 30
67 30 28
67 28 24
67 24 23
67 23 22
67 22 18
67 18 8
67 8 2
67 2 1
67 8 7
67 7 5
67 5 3
67 5 4
67 7 6
67 18 17
67 17 15
67 15 14
67 14 13
67 13 12
67 12 10
67 10 9
67 12 11
67 17 16
67 22 21
67 21 20
67 20 19
67 28 27
67 27 26
67 26 25
67 30 29
68 29 2
68 2 0
68 2 1
68 29 28
68 28 7
68 7 4
68 4 3
68 7 6
68 6 5
68 28 27
68 27 22
68 22 9
68 9 8
68 22 21
68 21 20
68 20 17
68 17 16
68 16 15
68 15 14
68 14 12
68 12 11
68 11 10
68 14 13
68 20 19
68 19 18
68 27 26
68 26 25
68 25 24
68 24 23
69 32 0
69 32 31
69 31 30
69 30 29
69 29 3
69 3 2
69 2 1
69 29 28
69 28 26
69 26 8
69 8 5
69 5 4
69 8 7
69 7 6
69 26 25
69 25 22
69 22 21
69 21 16
69 16 9
69 16 15
69 15 14
69 14 13
69 13 12
69 12 10
69 12 11
69 21 20
69 20 19
69 19 18
69 18 17
69 25 24
69 24 23
69 28 27
70 30 5
70 5 0
70 5 4
70 4 3
70 3 2
70 2 1
70 30 29
70 29 6
70 29 28
70 28 15
70 15 7
70 15 14
70 14 13
70 13 11
70 11 10
70 10 9
70 9 8
70 13 12
70 28 27
70 27 24
70 24 22
70 22 18
70 18 16
70 18 17
70 22 21
70 21 20
70 20 19
70 24 23
70 27 26
70 26 25
71 32 31
71 31 30
71 30 27
71 27 23
71 23 17
71 17 14
71 14 13
71 13 2
71 2 0
71 2 1
71 13 12
71 12 10
71 10 9
71 9 8
71 8 3
71 8 7
71 7 6
71 6 5
71 5 4
71 12 11
71 17 16
71 16 15
71 23 22
71 22 21
71 21 20
71 20 18
71 20 19
71 27 26
71 26 25
71 25 24
71 30 29
71 29 28
72 33 26
72 26 9
72 9 7
72 7 6
72 6 4
72 4 0
72 4 3
72 3 2
72 2 1
72 6 5
72 9 8
72 26 25
72 25 10
72 25 24
72 24 20
72 20 18
72 18 11
72 18 17
72 17 16
72 16 15
72 15 14
72 14 13
72 13 12
72 20 19
72 24 23
72 23 22
72 22 21
72 33 32
72 32 27
72 32 31
72 31 29
72 29 28
72 31 30
73 34 14
73 14 9
73 9 2
73 2 1
73 1 0
73 9 8
73 8 7
73 7 6
73 6 3
73 6 5
73 5 4
73 14 13
73 13 11
73 11 10
73 13 12
73 34 33
73 33 32
73 32 31
73 31 30
73 30 29
73 29 21
73 21 18
73 18 16
73 16 15
73 18 17
73 21 20
73 20 19
73 29 28
73 28 27
73 27 22
73 27 26
73 26 24
73 24 23
73 26 25
74 32 31
74 31 30
74 30 24
74 24 23
74 23 14
74 14 12
74 12 11
74 11 7
74 7 2
74 2 0
74 2 1
74 7 6
74 6 5
74 5 4
74 4 3
74 11 10
74 10 8
74 10 9
74 14 13
74 23 22
74 22 19
74 19 18
74 18 17
74 17 15
74 17 16
74 22 21
74 21 20
74 30 29
74 29 27
74 27 26
74 26 25
74 29 28
75 32 15
75 15 1
75 1 0
75 15 14
75 14 12
75 12 3
75 3 2
75 12 11
75 11 10
75 10 4
75 10 9
75 9 5
75 9 8
75 8 7
75 7 6
75 14 13
75 32 31
75 31 26
75 26 24
75 24 21
75 21 20
75 20 18
75 18 16
75 18 17
75 20 19
75 24 23
75 23 22
75 26 25
75 31 30
75 30 29
75 29 27
75 29 28
76 32 0
76 32 31
76 31 30
76 30 2
76 2 1
76 30 29
76 29 28
76 28 23
76 23 22
76 22 20
76 20 19
76 19 16
76 16 15
76 15 10
76 10 9
76 9 8
76 8 3
76 8 7
76 7 5
76 5 4
76 7 6
76 15 14
76 14 11
76 14 13
76 13 12
76 19 18
76 18 17
76 22 21
76 28 27
76 27 25
76 25 24
76 27 26
77 30 3
77 3 1
77 1 0
77 3 2
77 30 29
77 29 19
77 19 17
77 17 4
77 17 16
77 16 13
77 13 9
77 9 6
77 6 5
77 9 8
77 8 7
77 13 12
77 12 10
77 12 11
77 16 15
77 15 14
77 19 18
77 29 28
77 28 20
77 28 27
77 27 26
77 26 22
77 22 21
77 26 25
77 25 24
77 24 23
78 29 26
78 26 1
78 1 0
78 26 25
78 25 24
78 24 23
78 23 22
78 22 21
78 21 2
78 21 20
78 20 19
78 19 12
78 12 11
78 11 3
78 11 10
78 10 6
78 6 5
78 5 4
78 10 9
78 9 7
78 9 8
78 19 18
78 18 14
78 14 13
78 18 17
78 17 15
78 17 16
78 29 28
78 28 27
79 31 30
79 30 29
79 29 27
79 27 26
79 26 25
79 25 24
79 24 3
79 3 2
79 2 0
79 2 1
79 24 23
79 23 4
79 23 22
79 22 21
79 21 18
79 18 5
79 18 17
79 17 16
79 16 15
79 15 7
79 7 6
79 15 14
79 14 13
79 13 12
79 12 9
79 9 8
79 12 11
79 11 10
79 21 20
79 20 19
79 29 28
80 29 28
80 28 27
80 27 2
80 2 1
80 1 0
80 27 26
80 26 4
80 4 3
80 26 25
80 25 18
80 18 17
80 17 5
80 17 16
80 16 15
80 15 13
80 13 12
80 12 7
80 7 6
80 12 11
80 11 10
80 10 9
80 9 8
80 15 14
80 25 24
80 24 20
80 20 19
80 24 23
80 23 22
80 22 21
81 29 25
81 25 0
81 25 24
81 24 1
81 24 23
81 23 2
81 23 22
81 22 21
81 21 3
81 21 20
81 20 5
81 5 4
81 20 19
81 19 15
81 15 13
81 13 11
81 11 6
81 11 10
81 10 9
81 9 7
81 9 8
81 13 12
81 15 14
81 19 18
81 18 17
81 17 16
81 29 28
81 28 27
81 27 26
82 29 28
82 28 27
82 27 26
82 26 10
82 10 8
82 8 6
82 6 3
82 3 2
82 2 0
82 2 1
82 6 5
82 5 4
82 8 7
82 10 9
82 26 25
82 25 11
82 25 24
82 24 14
82 14 13
82 13 12
82 24 23
82 23 19
82 19 18
82 18 16
82 16 15
82 18 17
82 23 22
82 22 21
82 21 20
83 33 32
83 32 1
83 1 0
83 32 31
83 31 23
83 23 21
83 21 20
83 20 7
83 7 5
83 5 2
83 5 4
83 4 3
83 7 6
83 20 19
83 19 18
83 18 11
83 11 10
83 10 9
83 9 8
83 18 17
83 17 12
83 17 16
83 16 14
83 14 13
83 16 15
83 23 22
83 31 30
83 30 29
83 29 27
83 27 26
83 26 24
83 26 25
83 29 28
84 31 30
84 30 29
84 29 26
84 26 5
84 5 4
84 4 0
84 4 3
84 3 2
84 2 1
84 26 25
84 25 24
84 24 21
84 21 20
84 20 19
84 19 7
84 7 6
84 19 18
84 18 16
84 16 15
84 15 13
84 13 11
84 11 8
84 11 10
84 10 9
84 13 12
84 15 14
84 18 17
84 24 23
84 23 22
84 29 28
84 28 27
85 29 12
85 12 0
85 12 11
85 11 7
85 7 6
85 6 3
85 3 2
85 2 1
85 6 5
85 5 4
85 11 10
85 10 8
85 10 9
85 29 28
85 28 27
85 27 26
85 26 24
85 24 20
85 20 13
85 20 19
85 19 14
85 19 18
85 18 15
85 18 17
85 17 16
85 24 23
85 23 21
85 23 22
85 26 25
86 32 29
86 29 28
86 28 18
86 18 8
86 8 7
86 7 6
86 6 5
86 5 2
86 2 0
86 2 1
86 5 4
86 4 3
86 18 17
86 17 9
86 17 16
86 16 14
86 14 12
86 12 10
86 12 11
86 14 13
86 16 15
86 28 27
86 27 19
86 27 26
86 26 25
86 25 21
86 21 20
86 25 24
86 24 23
86 23 22
86 32 31
86 31 30
87 34 0
87 34 33
87 33 30
87 30 2
87 2 1
87 30 29
87 29 28
87 28 26
87 26 24
87 24 12
87 12 10
87 10 3
87 10 9
87 9 8
87 8 7
87 7 4
87 7 6
87 6 5
87 12 11
87 24 23
87 23 21
87 21 20
87 20 17
87 17 16
87 16 13
87 16 15
87 15 14
87 20 19
87 19 18
87 23 22
87 26 25
87 28 27
87 33 32
87 32 31
88 29 0
88 29 28
88 28 17
88 17 1
88 17 16
88 16 13
88 13 12
88 12 2
88 12 11
88 11 10
88 10 9
88 9 8
88 8 3
88 8 7
88 7 6
88 6 4
88 6 5
88 16 15
88 15 14
88 28 27
88 27 25
88 25 20
88 20 19
88 19 18
88 25 24
88 24 22
88 22 21
88 24 23
88 27 26
89 29 28
89 28 24
89 24 2
89 2 1
89 1 0
89 24 23
89 23 19
89 19 17
89 17 15
89 15 9
89 9 7
89 7 5
89 5 3
89 5 4
89 7 6
89 9 8
89 15 14
89 14 13
89 13 10
89 13 12
89 12 11
89 17 16
89 19 18
89 23 22
89 22 20
89 22 21
89 28 27
89 27 25
89 27 26
90 30 1
90 1 0
90 30 29
90 29 7
90 7 6
90 6 4
90 4 3
90 3 2
90 6 5
90 29 28
90 28 26
90 26 25
90 25 16
90 16 15
90 15 10
90 10 9
90 9 8
90 15 14
90 14 12
90 12 11
90 14 13
90 25 24
90 24 23
90 23 21
90 21 19
90 19 17
90 19 18
90 21 20
90 23 22
90 28 27
91 30 27
91 27 26
91 26 25
91 25 24
91 24 23
91 23 12
91 12 11
91 11 1
91 1 0
91 11 10
91 10 7
91 7 6
91 6 5
91 5 4
91 4 3
91 3 2
91 10 9
91 9 8
91 23 22
91 22 21
91 21 19
91 19 16
91 16 15
91 15 13
91 15 14
91 19 18
91 18 17
91 21 20
91 30 29
91 29 28
92 33 1
92 1 0
92 33 32
92 32 30
92 30 29
92 29 28
92 28 27
92 27 7
92 7 2
92 7 6
92 6 5
92 5 4
92 4 3
92 27 26
92 26 24
92 24 17
92 17 16
92 16 15
92 15 13
92 13 8
92 13 12
92 12 11
92 11 10
92 10 9
92 15 14
92 24 23
92 23 21
92 21 20
92 20 18
92 20 19
92 23 22
92 26 25
92 32 31
93 29 28
93 28 26
93 26 17
93 17 16
93 16 15
93 15 2
93 2 0
93 2 1
93 15 14
93 14 13
93 13 11
93 11 9
93 9 3
93 9 8
93 8 7
93 7 4
93 7 6
93 6 5
93 11 10
93 13 12
93 26 25
93 25 22
93 22 18
93 22 21
93 21 19
93 21 20
93 25 24
93 24 23
93 28 27
94 30 18
94 18 17
94 17 14
94 14 0
94 14 13
94 13 10
94 10 8
94 8 7
94 7 5
94 5 1
94 5 4
94 4 3
94 3 2
94 7 6
94 10 9
94 13 12
94 12 11
94 17 16
94 16 15
94 30 29
94 29 20
94 20 19
94 29 28
94 28 26
94 26 23
94 23 22
94 22 21
94 26 25
94 25 24
94 28 27
95 29 22
95 22 2
95 2 0
95 2 1
95 22 21
95 21 20
95 20 19
95 19 18
95 18 17
95 17 16
95 16 15
95 15 7
95 7 3
95 7 6
95 6 5
95 5 4
95 15 14
95 14 12
95 12 11
95 11 8
95 11 10
95 10 9
95 14 13
95 29 28
95 28 27
95 27 23
95 27 26
95 26 25
95 25 24
96 29 28
96 28 24
96 24 23
96 23 12
96 12 0
96 12 11
96 11 10
96 10 9
96 9 8
96 8 3
96 3 2
96 2 1
96 8 7
96 7 4
96 7 6
96 6 5
96 23 22
96 22 21
96 21 13
96 21 20
96 20 14
96 20 19
96 19 16
96 16 15
96 19 18
96 18 17
96 28 27
96 27 25
96 27 26
97 32 31
97 31 1
97 1 0
97 31 30
97 30 28
97 28 27
97 27 23
97 23 20
97 20 10
97 10 2
97 10 9
97 9 8
97 8 7
97 7 6
97 6 5
97 5 4
97 4 3
97 20 19
97 19 18
97 18 17
97 17 11
97 17 16
97 16 12
97 16 15
97 15 13
97 15 14
97 23 22
97 22 21
97 27 26
97 26 24
97 26 25
97 30 29
98 33 20
98 20 19
98 19 7
98 7 0
98 7 6
98 6 1
98 6 5
98 5 4
98 4 3
98 3 2
98 19 18
98 18 17
98 17 10
98 10 9
98 9 8
98 17 16
98 16 14
98 14 12
98 12 11
98 14 13
98 16 15
98 33 32
98 32 21
98 32 31
98 31 30
98 30 26
98 26 25
98 25 22
98 25 24
98 24 23
98 30 29
98 29 28
98 28 27
99 29 28
99 28 20
99 20 4
99 4 3
99 3 1
99 1 0
99 3 2
99 20 19
99 19 5
99 19 18
99 18 17
99 17 15
99 15 7
99 7 6
99 15 14
99 14 13
99 13 12
99 12 11
99 11 8
99 11 10
99 10 9
99 17 16
99 28 27
99 27 25
99 25 21
99 25 24
99 24 23
99 23 22
99 27 26
100 33 30
100 30 0
100 30 29
100 29 28
100 28 26
100 26 2
100 2 1
100 26 25
100 25 24
100 24 19
100 19 18
100 18 16
100 16 15
100 15 11
100 11 4
100 4 3
100 11 10
100 10 9
100 9 6
100 6 5
100 9 8
100 8 7
100 15 14
100 14 13
100 13 12
100 18 17
100 24 23
100 23 22
100 22 21
100 21 20
100 28 27
100 33 32
100 32 31
101 29 22
101 22 17
101 17 5
101 5 4
101 4 0
101 4 3
101 3 2
101 2 1
101 17 16
101 16 14
101 14 6
101 14 13
101 13 12
101 12 7
101 12 11
101 11 8
101 11 10
101 10 9
101 16 15
101 22 21
101 21 20
101 20 18
101 20 19
101 29 28
101 28 26
101 26 24
101 24 23
101 26 25
101 28 27
