1 31 0
1 31 30
1 30 22
1 22 3
1 3 1
1 3 2
1 22 21
1 21 19
1 19 8
1 8 5
1 5 4
1 8 7
1 7 6
1 19 18
1 18 17
1 17 16
1 16 12
1 12 11
1 11 9
1 11 10
1 16 15
1 15 13
1 15 14
1 21 20
1 30 29
1 29 28
1 28 26
1 26 25
1 25 24
1 24 23
1 28 27
2 30 7
2 7 6
2 6 5
2 5 4
2 4 3
2 3 1
2 1 0
2 3 2
2 30 29
2 29 28
2 28 8
2 28 27
2 27 26
2 26 25
2 25 24
2 24 23
2 23 19
2 19 18
2 18 17
2 17 15
2 15 14
2 14 11
2 11 9
2 11 10
2 14 13
2 13 12
2 17 16
2 23 22
2 22 21
2 21 20
3 34 33
3 33 31
3 31 30
3 30 9
3 9 0
3 9 8
3 8 1
3 8 7
3 7 4
3 4 2
3 4 3
3 7 6
3 6 5
3 30 29
3 29 28
3 28 15
3 15 14
3 14 10
3 14 13
3 13 12
3 12 11
3 28 27
3 27 24
3 24 21
3 21 19
3 19 18
3 18 17
3 17 16
3 21 20
3 24 23
3 23 22
3 27 26
3 26 25
3 33 32
4 31 0
4 31 30
4 30 1
4 30 29
4 29 24
4 24 2
4 24 23
4 23 22
4 22 20
4 20 4
4 4 3
4 20 19
4 19 10
4 10 5
4 10 9
4 9 6
4 9 8
4 8 7
4 19 18
4 18 16
4 16 11
4 16 15
4 15 12
4 15 14
4 14 13
4 18 17
4 22 21
4 29 28
4 28 26
4 26 25
4 28 27
5 32 31
5 31 30
5 30 29
5 29 28
5 28 25
5 25 23
5 23 0
5 23 22
5 22 21
5 21 7
5 7 3
5 3 1
5 3 2
5 7 6
5 6 5
5 5 4
5 21 20
5 20 15
5 15 9
5 9 8
5 15 14
5 14 13
5 13 11
5 11 10
5 13 12
5 20 19
5 19 18
5 18 16
5 18 17
5 25 24
5 28 27
5 27 26
6 34 32
6 32 30
6 30 5
6 5 3
6 3 2
6 2 0
6 2 1
6 5 4
6 30 29
6 29 28
6 28 26
6 26 25
6 25 24
6 24 17
6 17 16
6 16 12
6 12 11
6 11 9
6 9 8
6 8 6
6 8 7
6 11 10
6 16 15
6 15 13
6 15 14
6 24 23
6 23 22
6 22 18
6 22 21
6 21 20
6 20 19
6 28 27
6 32 31
6 34 33
7 30 13
7 13 7
7 7 6
7 6 4
7 4 3
7 3 0
7 3 2
7 2 1
7 6 5
7 13 12
7 12 11
7 11 10
7 10 9
7 9 8
7 30 29
7 29 28
7 28 26
7 26 23
7 23 14
7 23 22
7 22 21
7 21 19
7 19 17
7 17 15
7 17 16
7 19 18
7 21 20
7 26 25
7 25 24
7 28 27
8 30 29
8 29 27
8 27 26
8 26 24
8 24 1
8 1 0
8 24 23
8 23 2
8 23 22
8 22 21
8 21 16
8 16 15
8 15 6
8 6 3
8 6 5
8 5 4
8 15 14
8 14 12
8 12 11
8 11 7
8 11 10
8 10 9
8 9 8
8 14 13
8 21 20
8 20 18
8 18 17
8 20 19
8 26 25
8 29 28
9 33 15
9 15 0
9 15 14
9 14 12
9 12 10
9 10 3
9 3 1
9 3 2
9 10 9
9 9 8
9 8 6
9 6 5
9 5 4
9 8 7
9 12 11
9 14 13
9 33 32
9 32 31
9 31 27
9 27 21
9 21 20
9 20 19
9 19 17
9 17 16
9 19 18
9 27 26
9 26 23
9 23 22
9 26 25
9 25 24
9 31 30
9 30 28
9 30 29
10 34 32
10 32 22
10 22 1
10 1 0
10 22 21
10 21 6
10 6 2
10 6 5
10 5 3
10 5 4
10 21 20
10 20 16
10 16 9
10 9 7
10 9 8
10 16 15
10 15 10
10 15 14
10 14 13
10 13 12
10 12 11
10 20 19
10 19 18
10 18 17
10 32 31
10 31 24
10 24 23
10 31 30
10 30 29
10 29 28
10 28 25
10 28 27
10 27 26
10 34 33
11 32 7
11 7 4
11 4 1
11 1 0
11 4 3
11 3 2
11 7 6
11 6 5
11 32 31
11 31 17
11 17 16
11 16 15
11 15 14
11 14 13
11 13 12
11 12 11
11 11 10
11 10 9
11 9 8
11 31 30
11 30 23
11 23 21
11 21 20
11 20 19
11 19 18
11 23 22
11 30 29
11 29 25
11 25 24
11 29 28
11 28 26
11 28 27
12 32 31
12 31 28
12 28 27
12 27 25
12 25 4
12 4 3
12 3 1
12 1 0
12 3 2
12 25 24
12 24 23
12 23 22
12 22 6
12 6 5
12 22 21
12 21 7
12 21 20
12 20 19
12 19 18
12 18 17
12 17 16
12 16 15
12 15 14
12 14 9
12 9 8
12 14 13
12 13 12
12 12 11
12 11 10
12 27 26
12 31 30
12 30 29
13 29 22
13 22 9
13 9 5
13 5 0
13 5 4
13 4 3
13 3 2
13 2 1
13 9 8
13 8 6
13 8 7
13 22 21
13 21 12
13 12 11
13 11 10
13 21 20
13 20 14
13 14 13
13 20 19
13 19 17
13 17 15
13 17 16
13 19 18
13 29 28
13 28 23
13 28 27
13 27 26
13 26 24
13 26 25
14 33 32
14 32 2
14 2 1
14 1 0
14 32 31
14 31 30
14 30 29
14 29 22
14 22 20
14 20 5
14 5 3
14 5 4
14 20 19
14 19 18
14 18 8
14 8 7
14 7 6
14 18 17
14 17 16
14 16 14
14 14 13
14 13 11
14 11 10
14 10 9
14 13 12
14 16 15
14 22 21
14 29 28
14 28 27
14 27 23
14 27 26
14 26 25
14 25 24
15 29 0
15 29 28
15 28 27
15 27 4
15 4 3
15 3 1
15 3 2
15 27 26
15 26 25
15 25 24
15 24 22
15 22 8
15 8 7
15 7 6
15 6 5
15 22 21
15 21 19
15 19 18
15 18 16
15 16 15
15 15 14
15 14 13
15 13 12
15 12 10
15 10 9
15 12 11
15 18 17
15 21 20
15 24 23
16 29 10
16 10 8
16 8 7
16 7 5
16 5 4
16 4 2
16 2 1
16 1 0
16 4 3
16 7 6
16 10 9
16 29 28
16 28 26
16 26 24
16 24 18
16 18 17
16 17 16
16 16 14
16 14 13
16 13 12
16 12 11
16 16 15
16 24 23
16 23 20
16 20 19
16 23 22
16 22 21
16 26 25
16 28 27
17 29 25
17 25 24
17 24 23
17 23 21
17 21 0
17 21 20
17 20 1
17 20 19
17 19 3
17 3 2
17 19 18
17 18 17
17 17 9
17 9 8
17 8 7
17 7 4
17 7 6
17 6 5
17 17 16
17 16 15
17 15 14
17 14 11
17 11 10
17 14 13
17 13 12
17 23 22
17 29 28
17 28 27
17 27 26
18 29 0
18 29 28
18 28 27
18 27 25
18 25 22
18 22 21
18 21 20
18 20 13
18 13 1
18 13 12
18 12 11
18 11 10
18 10 3
18 3 2
18 10 9
18 9 4
18 9 8
18 8 6
18 6 5
18 8 7
18 20 19
18 19 17
18 17 15
18 15 14
18 17 16
18 19 18
18 25 24
18 24 23
18 27 26
19 33 29
19 29 28
19 28 24
19 24 2
19 2 0
19 2 1
19 24 23
19 23 3
19 23 22
19 22 20
19 20 17
19 17 5
19 5 4
19 17 16
19 16 15
19 15 13
19 13 11
19 11 10
19 10 9
19 9 8
19 8 6
19 8 7
19 13 12
19 15 14
19 20 19
19 19 18
19 22 21
19 28 27
19 27 25
19 27 26
19 33 32
19 32 31
19 31 30
20 31 19
20 19 18
20 18 7
20 7 2
20 2 1
20 1 0
20 7 6
20 6 5
20 5 3
20 5 4
20 18 17
20 17 16
20 16 15
20 15 11
20 11 9
20 9 8
20 11 10
20 15 14
20 14 12
20 14 13
20 31 30
20 30 25
20 25 24
20 24 20
20 24 23
20 23 22
20 22 21
20 30 29
20 29 27
20 27 26
20 29 28
21 29 13
21 13 6
21 6 5
21 5 4
21 4 2
21 2 1
21 1 0
21 4 3
21 13 12
21 12 10
21 10 8
21 8 7
21 10 9
21 12 11
21 29 28
21 28 26
21 26 19
21 19 18
21 18 17
21 17 14
21 17 16
21 16 15
21 26 25
21 25 21
21 21 20
21 25 24
21 24 23
21 23 22
21 28 27
22 34 32
22 32 0
22 32 31
22 31 30
22 30 10
22 10 9
22 9 1
22 9 8
22 8 7
22 7 3
22 3 2
22 7 6
22 6 4
22 6 5
22 30 29
22 29 19
22 19 18
22 18 17
22 17 14
22 14 13
22 13 11
22 13 12
22 17 16
22 16 15
22 29 28
22 28 27
22 27 26
22 26 24
22 24 23
22 23 22
22 22 20
22 22 21
22 26 25
22 34 33
23 34 30
23 30 16
23 16 5
23 5 4
23 4 0
23 4 3
23 3 2
23 2 1
23 16 15
23 15 14
23 14 6
23 14 13
23 13 10
23 10 9
23 9 7
23 9 8
23 13 12
23 12 11
23 30 29
23 29 28
23 28 26
23 26 17
23 26 25
23 25 22
23 22 21
23 21 20
23 20 18
23 20 19
23 25 24
23 24 23
23 28 27
23 34 33
23 33 31
23 33 32
24 33 0
24 33 32
24 32 1
24 32 31
24 31 13
24 13 2
24 13 12
24 12 11
24 11 4
24 4 3
24 11 10
24 10 7
24 7 5
24 7 6
24 10 9
24 9 8
24 31 30
24 30 16
24 16 15
24 15 14
24 30 29
24 29 28
24 28 26
24 26 22
24 22 21
24 21 18
24 18 17
24 21 20
24 20 19
24 26 25
24 25 23
24 25 24
24 28 27
25 29 19
25 19 4
25 4 3
25 3 2
25 2 0
25 2 1
25 19 18
25 18 5
25 18 17
25 17 6
25 17 16
25 16 7
25 16 15
25 15 8
25 15 14
25 14 13
25 13 12
25 12 9
25 12 11
25 11 10
25 29 28
25 28 27
25 27 26
25 26 22
25 22 21
25 21 20
25 26 25
25 25 23
25 25 24
26 33 13
26 13 12
26 12 0
26 12 11
26 11 9
26 9 8
26 8 7
26 7 1
26 7 6
26 6 2
26 6 5
26 5 4
26 4 3
26 11 10
26 33 32
26 32 20
26 20 18
26 18 14
26 18 17
26 17 16
26 16 15
26 20 19
26 32 31
26 31 29
26 29 24
26 24 23
26 23 22
26 22 21
26 29 28
26 28 27
26 27 25
26 27 26
26 31 30
27 34 32
27 32 26
27 26 0
27 26 25
27 25 22
27 22 21
27 21 20
27 20 3
27 3 2
27 2 1
27 20 19
27 19 5
27 5 4
27 19 18
27 18 16
27 16 6
27 16 15
27 15 8
27 8 7
27 15 14
27 14 9
27 14 13
27 13 11
27 11 10
27 13 12
27 18 17
27 25 24
27 24 23
27 32 31
27 31 28
27 28 27
27 31 30
27 30 29
27 34 33
28 30 5
28 5 2
28 2 0
28 2 1
28 5 4
28 4 3
28 30 29
28 29 28
28 28 27
28 27 26
28 26 25
28 25 9
28 9 8
28 8 7
28 7 6
28 25 24
28 24 13
28 13 11
28 11 10
28 13 12
28 24 23
28 23 14
28 23 22
28 22 20
28 20 18
28 18 17
28 17 15
28 17 16
28 20 19
28 22 21
29 34 0
29 34 33
29 33 32
29 32 1
29 32 31
29 31 3
29 3 2
29 31 30
29 30 6
29 6 4
29 6 5
29 30 29
29 29 10
29 10 9
29 9 7
29 9 8
29 29 28
29 28 11
29 28 27
29 27 25
29 25 12
29 25 24
29 24 23
29 23 15
29 15 13
29 15 14
29 23 22
29 22 21
29 21 19
29 19 18
29 18 16
29 18 17
29 21 20
29 27 26
30 33 1
30 1 0
30 33 32
30 32 31
30 31 26
30 26 25
30 25 5
30 5 3
30 3 2
30 5 4
30 25 24
30 24 23
30 23 14
30 14 13
30 13 11
30 11 6
30 11 10
30 10 8
30 8 7
30 10 9
30 13 12
30 23 22
30 22 21
30 21 20
30 20 19
30 19 18
30 18 16
30 16 15
30 18 17
30 31 30
30 30 27
30 30 29
30 29 28
31 33 31
31 31 3
31 3 1
31 1 0
31 3 2
31 31 30
31 30 29
31 29 13
31 13 10
31 10 9
31 9 6
31 6 4
31 6 5
31 9 8
31 8 7
31 13 12
31 12 11
31 29 28
31 28 26
31 26 24
31 24 15
31 15 14
31 24 23
31 23 17
31 17 16
31 23 22
31 22 21
31 21 20
31 20 19
31 19 18
31 26 25
31 28 27
31 33 32
32 31 30
32 30 26
32 26 22
32 22 21
32 21 20
32 20 19
32 19 18
32 18 4
32 4 0
32 4 3
32 3 2
32 2 1
32 18 17
32 17 16
32 16 10
32 10 9
32 9 7
32 7 6
32 6 5
32 9 8
32 16 15
32 15 14
32 14 11
32 14 13
32 13 12
32 26 25
32 25 23
32 25 24
32 30 29
32 29 28
32 28 27
33 30 0
33 30 29
33 29 27
33 27 26
33 26 24
33 24 17
33 17 16
33 16 1
33 16 15
33 15 2
33 15 14
33 14 10
33 10 9
33 9 8
33 8 7
33 7 5
33 5 3
33 5 4
33 7 6
33 14 13
33 13 12
33 12 11
33 24 23
33 23 21
33 21 20
33 20 19
33 19 18
33 23 22
33 26 25
33 29 28
34 29 28
34 28 27
34 27 23
34 23 1
34 1 0
34 23 22
34 22 2
34 22 21
34 21 20
34 20 13
34 13 6
34 6 5
34 5 4
34 4 3
34 13 12
34 12 7
34 12 11
34 11 8
34 11 10
34 10 9
34 20 19
34 19 17
34 17 15
34 15 14
34 17 16
34 19 18
34 27 26
34 26 24
34 26 25
35 33 32
35 32 1
35 1 0
35 32 31
35 31 30
35 30 10
35 10 2
35 10 9
35 9 3
35 9 8
35 8 4
35 8 7
35 7 5
35 7 6
35 30 29
35 29 27
35 27 16
35 16 14
35 14 13
35 13 11
35 13 12
35 16 15
35 27 26
35 26 18
35 18 17
35 26 25
35 25 24
35 24 19
35 24 23
35 23 21
35 21 20
35 23 22
35 29 28
36 29 0
36 29 28
36 28 27
36 27 26
36 26 21
36 21 20
36 20 17
36 17 7
36 7 5
36 5 2
36 2 1
36 5 4
36 4 3
36 7 6
36 17 16
36 16 11
36 11 10
36 10 9
36 9 8
36 16 15
36 15 13
36 13 12
36 15 14
36 20 19
36 19 18
36 26 25
36 25 23
36 23 22
36 25 24
37 33 24
37 24 1
37 1 0
37 24 23
37 23 22
37 22 15
37 15 8
37 8 6
37 6 5
37 5 4
37 4 3
37 3 2
37 8 7
37 15 14
37 14 12
37 12 9
37 12 11
37 11 10
37 14 13
37 22 21
37 21 18
37 18 16
37 18 17
37 21 20
37 20 19
37 33 32
37 32 31
37 31 30
37 30 26
37 26 25
37 30 29
37 29 28
37 28 27
38 31 30
38 30 0
38 30 29
38 29 20
38 20 19
38 19 17
38 17 3
38 3 2
38 2 1
38 17 16
38 16 6
38 6 5
38 5 4
38 16 15
38 15 14
38 14 13
38 13 12
38 12 11
38 11 9
38 9 7
38 9 8
38 11 10
38 19 18
38 29 28
38 28 23
38 23 21
38 23 22
38 28 27
38 27 24
38 27 26
38 26 25
39 32 31
39 31 18
39 18 15
39 15 14
39 14 12
39 12 11
39 11 5
39 5 0
39 5 4
39 4 1
39 4 3
39 3 2
39 11 10
39 10 7
39 7 6
39 10 9
39 9 8
39 14 13
39 18 17
39 17 16
39 31 30
39 30 26
39 26 24
39 24 19
39 24 23
39 23 22
39 22 20
39 22 21
39 26 25
39 30 29
39 29 28
39 28 27
40 29 0
40 29 28
40 28 27
40 27 25
40 25 24
40 24 23
40 23 21
40 21 2
40 2 1
40 21 20
40 20 3
40 20 19
40 19 18
40 18 9
40 9 7
40 7 6
40 6 5
40 5 4
40 9 8
40 18 17
40 17 16
40 16 12
40 12 10
40 12 11
40 16 15
40 15 13
40 15 14
40 23 22
40 27 26
41 31 30
41 30 29
41 29 28
41 28 27
41 27 26
41 26 25
41 25 24
41 24 23
41 23 20
41 20 19
41 19 2
41 2 1
41 1 0
41 19 18
41 18 4
41 4 3
41 18 17
41 17 5
41 17 16
41 16 14
41 14 13
41 13 10
41 10 9
41 9 7
41 7 6
41 9 8
41 13 12
41 12 11
41 16 15
41 23 22
41 22 21
42 34 32
42 32 20
42 20 19
42 19 12
42 12 9
42 9 7
42 7 6
42 6 4
42 4 3
42 3 0
42 3 2
42 2 1
42 6 5
42 9 8
42 12 11
42 11 10
42 19 18
42 18 14
42 14 13
42 18 17
42 17 15
42 17 16
42 32 31
42 31 22
42 22 21
42 31 30
42 30 29
42 29 23
42 29 28
42 28 24
42 28 27
42 27 25
42 27 26
42 34 33
43 33 21
43 21 12
43 12 11
43 11 10
43 10 9
43 9 0
43 9 8
43 8 7
43 7 2
43 2 1
43 7 6
43 6 5
43 5 4
43 4 3
43 21 20
43 20 19
43 19 17
43 17 16
43 16 15
43 15 14
43 14 13
43 19 18
43 33 32
43 32 31
43 31 22
43 31 30
43 30 28
43 28 27
43 27 26
43 26 25
43 25 24
43 24 23
43 30 29
44 32 31
44 31 30
44 30 0
44 30 29
44 29 28
44 28 27
44 27 25
44 25 1
44 25 24
44 24 5
44 5 4
44 4 2
44 4 3
44 24 23
44 23 6
44 23 22
44 22 19
44 19 17
44 17 10
44 10 8
44 8 7
44 10 9
44 17 16
44 16 12
44 12 11
44 16 15
44 15 13
44 15 14
44 19 18
44 22 21
44 21 20
44 27 26
45 30 28
45 28 3
45 3 0
45 3 2
45 2 1
45 28 27
45 27 25
45 25 22
45 22 9
45 9 8
45 8 6
45 6 4
45 6 5
45 8 7
45 22 21
45 21 19
45 19 17
45 17 10
45 17 16
45 16 14
45 14 12
45 12 11
45 14 13
45 16 15
45 19 18
45 21 20
45 25 24
45 24 23
45 27 26
45 30 29
46 33 16
46 16 14
46 14 13
46 13 12
46 12 11
46 11 10
46 10 1
46 1 0
46 10 9
46 9 7
46 7 3
46 3 2
46 7 6
46 6 5
46 5 4
46 9 8
46 16 15
46 33 32
46 32 31
46 31 30
46 30 17
46 30 29
46 29 28
46 28 21
46 21 19
46 19 18
46 21 20
46 28 27
46 27 22
46 27 26
46 26 24
46 24 23
46 26 25
47 29 28
47 28 26
47 26 0
47 26 25
47 25 6
47 6 5
47 5 4
47 4 3
47 3 2
47 2 1
47 25 24
47 24 7
47 24 23
47 23 14
47 14 13
47 13 12
47 12 9
47 9 8
47 12 11
47 11 10
47 23 22
47 22 15
47 22 21
47 21 19
47 19 16
47 19 18
47 18 17
47 21 20
47 28 27
48 33 31
48 31 30
48 30 28
48 28 25
48 25 2
48 2 0
48 2 1
48 25 24
48 24 12
48 12 6
48 6 5
48 5 3
48 5 4
48 12 11
48 11 7
48 11 10
48 10 9
48 9 8
48 24 23
48 23 15
48 15 14
48 14 13
48 23 22
48 22 19
48 19 17
48 17 16
48 19 18
48 22 21
48 21 20
48 28 27
48 27 26
48 30 29
48 33 32
49 29 28
49 28 26
49 26 25
49 25 24
49 24 12
49 12 11
49 11 10
49 10 0
49 10 9
49 9 7
49 7 6
49 6 2
49 2 1
49 6 5
49 5 4
49 4 3
49 9 8
49 24 23
49 23 22
49 22 13
49 22 21
49 21 19
49 19 14
49 19 18
49 18 15
49 18 17
49 17 16
49 21 20
49 28 27
50 33 0
50 33 32
50 32 31
50 31 6
50 6 5
50 5 4
50 4 2
50 2 1
50 4 3
50 31 30
50 30 8
50 8 7
50 30 29
50 29 28
50 28 27
50 27 25
50 25 17
50 17 15
50 15 10
50 10 9
50 15 14
50 14 13
50 13 11
50 13 12
50 17 16
50 25 24
50 24 22
50 22 19
50 19 18
50 22 21
50 21 20
50 24 23
50 27 26
51 32 28
51 28 12
51 12 10
51 10 1
51 1 0
51 10 9
51 9 7
51 7 6
51 6 5
51 5 2
51 5 4
51 4 3
51 9 8
51 12 11
51 28 27
51 27 25
51 25 21
51 21 13
51 21 20
51 20 15
51 15 14
51 20 19
51 19 18
51 18 16
51 18 17
51 25 24
51 24 23
51 23 22
51 27 26
51 32 31
51 31 30
51 30 29
52 32 31
52 31 30
52 30 22
52 22 20
52 20 19
52 19 8
52 8 6
52 6 0
52 6 5
52 5 4
52 4 3
52 3 2
52 2 1
52 8 7
52 19 18
52 18 14
52 14 12
52 12 11
52 11 10
52 10 9
52 14 13
52 18 17
52 17 15
52 17 16
52 22 21
52 30 29
52 29 26
52 26 25
52 25 23
52 25 24
52 29 28
52 28 27
53 30 28
53 28 27
53 27 3
53 3 2
53 2 1
53 1 0
53 27 26
53 26 5
53 5 4
53 26 25
53 25 24
53 24 23
53 23 22
53 22 11
53 11 8
53 8 6
53 8 7
53 11 10
53 10 9
53 22 21
53 21 17
53 17 15
53 15 14
53 14 13
53 13 12
53 17 16
53 21 20
53 20 19
53 19 18
53 30 29
54 31 29
54 29 22
54 22 18
54 18 14
54 14 13
54 13 11
54 11 10
54 10 1
54 1 0
54 10 9
54 9 6
54 6 3
54 3 2
54 6 5
54 5 4
54 9 8
54 8 7
54 13 12
54 18 17
54 17 16
54 16 15
54 22 21
54 21 20
54 20 19
54 29 28
54 28 27
54 27 24
54 24 23
54 27 26
54 26 25
54 31 30
55 29 9
55 9 1
55 1 0
55 9 8
55 8 2
55 8 7
55 7 6
55 6 5
55 5 3
55 5 4
55 29 28
55 28 27
55 27 26
55 26 25
55 25 24
55 24 18
55 18 10
55 18 17
55 17 14
55 14 13
55 13 11
55 13 12
55 17 16
55 16 15
55 24 23
55 23 21
55 21 20
55 20 19
55 23 22
56 34 33
56 33 2
56 2 0
56 2 1
56 33 32
56 32 3
56 32 31
56 31 9
56 9 5
56 5 4
56 9 8
56 8 7
56 7 6
56 31 30
56 30 19
56 19 18
56 18 14
56 14 13
56 13 12
56 12 10
56 12 11
56 18 17
56 17 16
56 16 15
56 30 29
56 29 27
56 27 26
56 26 25
56 25 24
56 24 23
56 23 22
56 22 20
56 22 21
56 29 28
57 34 31
57 31 0
57 31 30
57 30 29
57 29 1
57 29 28
57 28 2
57 28 27
57 27 26
57 26 4
57 4 3
57 26 25
57 25 9
57 9 5
57 9 8
57 8 6
57 8 7
57 25 24
57 24 23
57 23 22
57 22 19
57 19 17
57 17 16
57 16 15
57 15 12
57 12 11
57 11 10
57 15 14
57 14 13
57 19 18
57 22 21
57 21 20
57 34 33
57 33 32
58 33 1
58 1 0
58 33 32
58 32 27
58 27 24
58 24 23
58 23 7
58 7 4
58 4 2
58 4 3
58 7 6
58 6 5
58 23 22
58 22 21
58 21 20
58 20 8
58 20 19
58 19 10
58 10 9
58 19 18
58 18 17
58 17 13
58 13 12
58 12 11
58 17 16
58 16 15
58 15 14
58 27 26
58 26 25
58 32 31
58 31 28
58 31 30
58 30 29
59 31 2
59 2 0
59 2 1
59 31 30
59 30 17
59 17 15
59 15 14
59 14 12
59 12 6
59 6 3
59 6 5
59 5 4
59 12 11
59 11 10
59 10 8
59 8 7
59 10 9
59 14 13
59 17 16
59 30 29
59 29 25
59 25 22
59 22 21
59 21 20
59 20 19
59 19 18
59 25 24
59 24 23
59 29 28
59 28 27
59 27 26
60 31 21
60 21 20
60 20 19
60 19 10
60 10 0
60 10 9
60 9 7
60 7 3
60 3 1
60 3 2
60 7 6
60 6 5
60 5 4
60 9 8
60 19 18
60 18 16
60 16 14
60 14 13
60 13 12
60 12 11
60 16 15
60 18 17
60 31 30
60 30 29
60 29 24
60 24 23
60 23 22
60 29 28
60 28 27
60 27 25
60 27 26
61 33 31
61 31 0
61 31 30
61 30 7
61 7 6
61 6 2
61 2 1
61 6 5
61 5 3
61 5 4
61 30 29
61 29 12
61 12 10
61 10 8
61 10 9
61 12 11
61 29 28
61 28 27
61 27 26
61 26 25
61 25 15
61 15 14
61 14 13
61 25 24
61 24 23
61 23 22
61 22 21
61 21 16
61 21 20
61 20 18
61 18 17
61 20 19
61 33 32
62 31 30
62 30 0
62 30 29
62 29 1
62 29 28
62 28 27
62 27 2
62 27 26
62 26 25
62 25 24
62 24 3
62 24 23
62 23 22
62 22 21
62 21 20
62 20 5
62 5 4
62 20 19
62 19 12
62 12 6
62 12 11
62 11 9
62 9 8
62 8 7
62 11 10
62 19 18
62 18 16
62 16 15
62 15 13
62 15 14
62 18 17
63 33 32
63 32 31
63 31 30
63 30 3
63 3 2
63 2 1
63 1 0
63 30 29
63 29 5
63 5 4
63 29 28
63 28 27
63 27 24
63 24 23
63 23 9
63 9 7
63 7 6
63 9 8
63 23 22
63 22 15
63 15 14
63 14 11
63 11 10
63 14 13
63 13 12
63 22 21
63 21 20
63 20 19
63 19 18
63 18 17
63 17 16
63 27 26
63 26 25
64 33 20
64 20 3
64 3 0
64 3 2
64 2 1
64 20 19
64 19 8
64 8 6
64 6 5
64 5 4
64 8 7
64 19 18
64 18 10
64 10 9
64 18 17
64 17 14
64 14 11
64 14 13
64 13 12
64 17 16
64 16 15
64 33 32
64 32 27
64 27 26
64 26 22
64 22 21
64 26 25
64 25 23
64 25 24
64 32 31
64 31 30
64 30 28
64 30 29
65 32 30
65 30 29
65 29 0
65 29 28
65 28 27
65 27 26
65 26 25
65 25 18
65 18 6
65 6 5
65 5 4
65 4 2
65 2 1
65 4 3
65 18 17
65 17 10
65 10 9
65 9 7
65 9 8
65 17 16
65 16 15
65 15 14
65 14 13
65 13 11
65 13 12
65 25 24
65 24 19
65 24 23
65 23 21
65 21 20
65 23 22
65 32 31
66 30 29
66 29 12
66 12 0
66 12 11
66 11 1
66 11 10
66 10 9
66 9 2
66 9 8
66 8 7
66 7 5
66 5 4
66 4 3
66 7 6
66 29 28
66 28 27
66 27 23
66 23 22
66 22 14
66 14 13
66 22 21
66 21 19
66 19 18
66 18 16
66 16 15
66 18 17
66 21 20
66 27 26
66 26 25
66 25 24
67 34 33
67 33 5
67 5 4
67 4 2
67 2 0
67 2 1
67 4 3
67 33 32
67 32 31
67 31 7
67 7 6
67 31 30
67 30 29
67 29 8
67 29 28
67 28 9
67 28 27
67 27 12
67 12 11
67 11 10
67 27 26
67 26 25
67 25 24
67 24 14
67 14 13
67 24 23
67 23 15
67 23 22
67 22 20
67 20 18
67 18 16
67 18 17
67 20 19
67 22 21
68 31 29
68 29 0
68 29 28
68 28 27
68 27 26
68 26 22
68 22 12
68 12 2
68 2 1
68 12 11
68 11 10
68 10 4
68 4 3
68 10 9
68 9 5
68 9 8
68 8 6
68 8 7
68 22 21
68 21 20
68 20 17
68 17 14
68 14 13
68 17 16
68 16 15
68 20 19
68 19 18
68 26 25
68 25 24
68 24 23
68 31 30
69 32 30
69 30 17
69 17 15
69 15 9
69 9 7
69 7 6
69 6 4
69 4 2
69 2 1
69 1 0
69 4 3
69 6 5
69 9 8
69 15 14
69 14 13
69 13 12
69 12 11
69 11 10
69 17 16
69 30 29
69 29 25
69 25 24
69 24 23
69 23 22
69 22 21
69 21 20
69 20 18
69 20 19
69 29 28
69 28 27
69 27 26
69 32 31
70 30 27
70 27 25
70 25 23
70 23 22
70 22 6
70 6 4
70 4 0
70 4 3
70 3 2
70 2 1
70 6 5
70 22 21
70 21 12
70 12 11
70 11 10
70 10 9
70 9 8
70 8 7
70 21 20
70 20 15
70 15 14
70 14 13
70 20 19
70 19 16
70 19 18
70 18 17
70 25 24
70 27 26
70 30 29
70 29 28
71 30 28
71 28 26
71 26 25
71 25 10
71 10 2
71 2 1
71 1 0
71 10 9
71 9 8
71 8 7
71 7 4
71 4 3
71 7 6
71 6 5
71 25 24
71 24 21
71 21 13
71 13 11
71 13 12
71 21 20
71 20 17
71 17 16
71 16 15
71 15 14
71 20 19
71 19 18
71 24 23
71 23 22
71 28 27
71 30 29
72 31 29
72 29 27
72 27 26
72 26 25
72 25 24
72 24 22
72 22 0
72 22 21
72 21 20
72 20 1
72 20 19
72 19 18
72 18 3
72 3 2
72 18 17
72 17 4
72 17 16
72 16 7
72 7 6
72 6 5
72 16 15
72 15 11
72 11 9
72 9 8
72 11 10
72 15 14
72 14 12
72 14 13
72 24 23
72 29 28
72 31 30
73 29 28
73 28 23
73 23 22
73 22 0
73 22 21
73 21 20
73 20 19
73 19 12
73 12 9
73 9 1
73 9 8
73 8 7
73 7 2
73 7 6
73 6 3
73 6 5
73 5 4
73 12 11
73 11 10
73 19 18
73 18 16
73 16 15
73 15 13
73 15 14
73 18 17
73 28 27
73 27 25
73 25 24
73 27 26
74 32 14
74 14 6
74 6 5
74 5 3
74 3 1
74 1 0
74 3 2
74 5 4
74 14 13
74 13 12
74 12 7
74 12 11
74 11 10
74 10 9
74 9 8
74 32 31
74 31 29
74 29 20
74 20 19
74 19 18
74 18 15
74 18 17
74 17 16
74 29 28
74 28 25
74 25 22
74 22 21
74 25 24
74 24 23
74 28 27
74 27 26
74 31 30
75 33 18
75 18 0
75 18 17
75 17 11
75 11 6
75 6 4
75 4 3
75 3 1
75 3 2
75 6 5
75 11 10
75 10 9
75 9 8
75 8 7
75 17 16
75 16 15
75 15 12
75 15 14
75 14 13
75 33 32
75 32 31
75 31 30
75 30 29
75 29 27
75 27 19
75 27 26
75 26 20
75 26 25
75 25 23
75 23 21
75 23 22
75 25 24
75 29 28
76 30 23
76 23 22
76 22 21
76 21 1
76 1 0
76 21 20
76 20 18
76 18 17
76 17 16
76 16 14
76 14 13
76 13 2
76 13 12
76 12 10
76 10 8
76 8 7
76 7 3
76 7 6
76 6 4
76 6 5
76 10 9
76 12 11
76 16 15
76 20 19
76 30 29
76 29 24
76 29 28
76 28 27
76 27 25
76 27 26
77 29 0
77 29 28
77 28 1
77 28 27
77 27 26
77 26 25
77 25 2
77 25 24
77 24 23
77 23 18
77 18 17
77 17 16
77 16 15
77 15 10
77 10 3
77 10 9
77 9 4
77 9 8
77 8 7
77 7 6
77 6 5
77 15 14
77 14 13
77 13 12
77 12 11
77 23 22
77 22 21
77 21 20
77 20 19
78 33 32
78 32 9
78 9 8
78 8 1
78 1 0
78 8 7
78 7 2
78 7 6
78 6 5
78 5 4
78 4 3
78 32 31
78 31 30
78 30 13
78 13 12
78 12 10
78 12 11
78 30 29
78 29 28
78 28 14
78 28 27
78 27 26
78 26 25
78 25 16
78 16 15
78 25 24
78 24 21
78 21 19
78 19 17
78 19 18
78 21 20
78 24 23
78 23 22
79 33 0
79 33 32
79 32 18
79 18 15
79 15 14
79 14 1
79 14 13
79 13 6
79 6 5
79 5 2
79 5 4
79 4 3
79 13 12
79 12 11
79 11 10
79 10 8
79 8 7
79 10 9
79 18 17
79 17 16
79 32 31
79 31 19
79 31 30
79 30 29
79 29 20
79 29 28
79 28 21
79 28 27
79 27 25
79 25 24
79 24 23
79 23 22
79 27 26
80 34 33
80 33 3
80 3 2
80 2 0
80 2 1
80 33 32
80 32 30
80 30 28
80 28 27
80 27 4
80 27 26
80 26 25
80 25 24
80 24 10
80 10 9
80 9 8
80 8 6
80 6 5
80 8 7
80 24 23
80 23 22
80 22 21
80 21 13
80 13 12
80 12 11
80 21 20
80 20 15
80 15 14
80 20 19
80 19 18
80 18 16
80 18 17
80 30 29
80 32 31
81 30 1
81 1 0
81 30 29
81 29 2
81 29 28
81 28 27
81 27 25
81 25 24
81 24 22
81 22 11
81 11 3
81 11 10
81 10 6
81 6 5
81 5 4
81 10 9
81 9 8
81 8 7
81 22 21
81 21 15
81 15 12
81 15 14
81 14 13
81 21 20
81 20 19
81 19 18
81 18 16
81 18 17
81 24 23
81 27 26
82 31 0
82 31 30
82 30 29
82 29 28
82 28 27
82 27 19
82 19 18
82 18 17
82 17 1
82 17 16
82 16 15
82 15 4
82 4 3
82 3 2
82 15 14
82 14 13
82 13 11
82 11 9
82 9 5
82 9 8
82 8 6
82 8 7
82 11 10
82 13 12
82 27 26
82 26 25
82 25 24
82 24 20
82 24 23
82 23 22
82 22 21
83 33 32
83 32 31
83 31 0
83 31 30
83 30 23
83 23 19
83 19 1
83 19 18
83 18 17
83 17 7
83 7 6
83 6 2
83 6 5
83 5 3
83 5 4
83 17 16
83 16 13
83 13 9
83 9 8
83 13 12
83 12 11
83 11 10
83 16 15
83 15 14
83 23 22
83 22 21
83 21 20
83 30 29
83 29 28
83 28 26
83 26 24
83 26 25
83 28 27
84 30 29
84 29 7
84 7 6
84 6 5
84 5 3
84 3 1
84 1 0
84 3 2
84 5 4
84 29 28
84 28 27
84 27 26
84 26 25
84 25 19
84 19 17
84 17 16
84 16 11
84 11 9
84 9 8
84 11 10
84 16 15
84 15 12
84 15 14
84 14 13
84 19 18
84 25 24
84 24 23
84 23 22
84 22 20
84 22 21
85 29 28
85 28 0
85 28 27
85 27 1
85 27 26
85 26 7
85 7 6
85 6 3
85 3 2
85 6 5
85 5 4
85 26 25
85 25 21
85 21 18
85 18 13
85 13 8
85 13 12
85 12 11
85 11 10
85 10 9
85 18 17
85 17 16
85 16 15
85 15 14
85 21 20
85 20 19
85 25 24
85 24 23
85 23 22
86 30 29
86 29 28
86 28 26
86 26 18
86 18 1
86 1 0
86 18 17
86 17 6
86 6 3
86 3 2
86 6 5
86 5 4
86 17 16
86 16 15
86 15 14
86 14 12
86 12 8
86 8 7
86 12 11
86 11 9
86 11 10
86 14 13
86 26 25
86 25 19
86 25 24
86 24 21
86 21 20
86 24 23
86 23 22
86 28 27
87 30 0
87 30 29
87 29 28
87 28 4
87 4 3
87 3 1
87 3 2
87 28 27
87 27 6
87 6 5
87 27 26
87 26 25
87 25 24
87 24 11
87 11 10
87 10 9
87 9 8
87 8 7
87 24 23
87 23 20
87 20 12
87 20 19
87 19 18
87 18 17
87 17 14
87 14 13
87 17 16
87 16 15
87 23 22
87 22 21
88 33 20
88 20 15
88 15 7
88 7 4
88 4 0
88 4 3
88 3 1
88 3 2
88 7 6
88 6 5
88 15 14
88 14 10
88 10 8
88 10 9
88 14 13
88 13 11
88 13 12
88 20 19
88 19 18
88 18 17
88 17 16
88 33 32
88 32 31
88 31 23
88 23 22
88 22 21
88 31 30
88 30 28
88 28 24
88 28 27
88 27 26
88 26 25
88 30 29
89 32 31
89 31 3
89 3 2
89 2 0
89 2 1
89 31 30
89 30 29
89 29 28
89 28 27
89 27 8
89 8 6
89 6 4
89 6 5
89 8 7
89 27 26
89 26 25
89 25 11
89 11 10
89 10 9
89 25 24
89 24 23
89 23 13
89 13 12
89 23 22
89 22 21
89 21 20
89 20 16
89 16 15
89 15 14
89 20 19
89 19 17
89 19 18
90 29 28
90 28 0
90 28 27
90 27 26
90 26 25
90 25 23
90 23 21
90 21 20
90 20 5
90 5 1
90 5 4
90 4 3
90 3 2
90 20 19
90 19 9
90 9 7
90 7 6
90 9 8
90 19 18
90 18 10
90 18 17
90 17 14
90 14 13
90 13 12
90 12 11
90 17 16
90 16 15
90 23 22
90 25 24
91 33 32
91 32 30
91 30 7
91 7 6
91 6 1
91 1 0
91 6 5
91 5 4
91 4 3
91 3 2
91 30 29
91 29 17
91 17 15
91 15 10
91 10 9
91 9 8
91 15 14
91 14 12
91 12 11
91 14 13
91 17 16
91 29 28
91 28 20
91 20 18
91 20 19
91 28 27
91 27 24
91 24 22
91 22 21
91 24 23
91 27 26
91 26 25
91 32 31
92 31 21
92 21 20
92 20 0
92 20 19
92 19 18
92 18 15
92 15 14
92 14 13
92 13 2
92 2 1
92 13 12
92 12 11
92 11 3
92 11 10
92 10 9
92 9 7
92 7 6
92 6 5
92 5 4
92 9 8
92 18 17
92 17 16
92 31 30
92 30 22
92 30 29
92 29 27
92 27 23
92 27 26
92 26 25
92 25 24
92 29 28
93 32 31
93 31 30
93 30 18
93 18 1
93 1 0
93 18 17
93 17 16
93 16 15
93 15 13
93 13 11
93 11 5
93 5 3
93 3 2
93 5 4
93 11 10
93 10 6
93 10 9
93 9 8
93 8 7
93 13 12
93 15 14
93 30 29
93 29 28
93 28 26
93 26 25
93 25 23
93 23 22
93 22 19
93 22 21
93 21 20
93 25 24
93 28 27
94 34 33
94 33 32
94 32 30
94 30 0
94 30 29
94 29 3
94 3 2
94 2 1
94 29 28
94 28 27
94 27 26
94 26 25
94 25 13
94 13 5
94 5 4
94 13 12
94 12 11
94 11 9
94 9 8
94 8 6
94 8 7
94 11 10
94 25 24
94 24 23
94 23 21
94 21 14
94 21 20
94 20 18
94 18 16
94 16 15
94 18 17
94 20 19
94 23 22
94 32 31
95 34 31
95 31 28
95 28 26
95 26 25
95 25 24
95 24 20
95 20 16
95 16 0
95 16 15
95 15 5
95 5 4
95 4 3
95 3 1
95 3 2
95 15 14
95 14 13
95 13 12
95 12 10
95 10 8
95 8 7
95 7 6
95 10 9
95 12 11
95 20 19
95 19 18
95 18 17
95 24 23
95 23 21
95 23 22
95 28 27
95 31 30
95 30 29
95 34 33
95 33 32
96 33 31
96 31 29
96 29 28
96 28 27
96 27 0
96 27 26
96 26 6
96 6 5
96 5 3
96 3 2
96 2 1
96 5 4
96 26 25
96 25 24
96 24 23
96 23 22
96 22 21
96 21 20
96 20 19
96 19 18
96 18 15
96 15 14
96 14 8
96 8 7
96 14 13
96 13 10
96 10 9
96 13 12
96 12 11
96 18 17
96 17 16
96 31 30
96 33 32
97 31 29
97 29 28
97 28 27
97 27 26
97 26 11
97 11 9
97 9 0
97 9 8
97 8 3
97 3 2
97 2 1
97 8 7
97 7 6
97 6 4
97 6 5
97 11 10
97 26 25
97 25 15
97 15 12
97 15 14
97 14 13
97 25 24
97 24 22
97 22 18
97 18 17
97 17 16
97 22 21
97 21 19
97 21 20
97 24 23
97 31 30
98 30 9
98 9 2
98 2 1
98 1 0
98 9 8
98 8 3
98 8 7
98 7 4
98 7 6
98 6 5
98 30 29
98 29 28
98 28 10
98 28 27
98 27 18
98 18 17
98 17 11
98 17 16
98 16 15
98 15 13
98 13 12
98 15 14
98 27 26
98 26 21
98 21 19
98 21 20
98 26 25
98 25 23
98 23 22
98 25 24
99 34 33
99 33 32
99 32 30
99 30 27
99 27 7
99 7 6
99 6 1
99 1 0
99 6 5
99 5 4
99 4 2
99 4 3
99 27 26
99 26 25
99 25 24
99 24 8
99 24 23
99 23 11
99 11 9
99 11 10
99 23 22
99 22 20
99 20 18
99 18 13
99 13 12
99 18 17
99 17 14
99 17 16
99 16 15
99 20 19
99 22 21
99 30 29
99 29 28
99 32 31
100 34 31
100 31 0
100 31 30
100 30 9
100 9 2
100 2 1
100 9 8
100 8 6
100 6 5
100 5 3
100 5 4
100 8 7
100 30 29
100 29 28
100 28 10
100 28 27
100 27 23
100 23 13
100 13 12
100 12 11
100 23 22
100 22 16
100 16 15
100 15 14
100 22 21
100 21 19
100 19 17
100 19 18
100 21 20
100 27 26
100 26 24
100 26 25
100 34 33
100 33 32
101 29 28
101 28 1
101 1 0
101 28 27
101 27 26
101 26 25
101 25 2
101 25 24
101 24 23
101 23 4
101 4 3
101 23 22
101 22 21
101 21 20
101 20 5
101 20 19
101 19 18
101 18 8
101 8 7
101 7 6
101 18 17
101 17 9
101 17 16
101 16 10
101 16 15
101 15 11
101 15 14
101 14 12
101 14 13
