1 29 28
1 28 11
1 11 4
1 4 3
1 3 1
1 1 0
1 3 2
1 11 10
1 10 8
1 8 6
1 6 5
1 8 7
1 10 9
1 28 27
1 27 25
1 25 24
1 24 23
1 23 22
1 22 14
1 14 13
1 13 12
1 22 21
1 21 20
1 20 15
1 20 19
1 19 18
1 18 16
1 18 17
1 27 26
2 33 32
2 32 30
2 30 17
2 17 15
2 15 14
2 14 13
2 13 11
2 11 9
2 9 2
2 2 1
2 1 0
2 9 8
2 8 3
2 8 7
2 7 6
2 6 5
2 5 4
2 11 10
2 13 12
2 17 16
2 30 29
2 29 28
2 28 24
2 24 20
2 20 19
2 19 18
2 24 23
2 23 22
2 22 21
2 28 27
2 27 26
2 26 25
2 32 31
3 32 31
3 31 29
3 29 27
3 27 6
3 6 5
3 5 3
3 3 0
3 3 2
3 2 1
3 5 4
3 27 26
3 26 9
3 9 7
3 9 8
3 26 25
3 25 16
3 16 12
3 12 10
3 12 11
3 16 15
3 15 14
3 14 13
3 25 24
3 24 23
3 23 21
3 21 20
3 20 19
3 19 18
3 18 17
3 23 22
3 29 28
3 31 30
4 31 20
4 20 8
4 8 7
4 7 6
4 6 5
4 5 4
4 4 0
4 4 3
4 3 1
4 3 2
4 20 19
4 19 11
4 11 10
4 10 9
4 19 18
4 18 13
4 13 12
4 18 17
4 17 15
4 15 14
4 17 16
4 31 30
4 30 29
4 29 25
4 25 21
4 25 24
4 24 23
4 23 22
4 29 28
4 28 27
4 27 26
5 31 28
5 28 27
5 27 0
5 27 26
5 26 1
5 26 25
5 25 2
5 25 24
5 24 20
5 20 18
5 18 15
5 15 14
5 14 13
5 13 11
5 11 4
5 4 3
5 11 10
5 10 9
5 9 5
5 9 8
5 8 7
5 7 6
5 13 12
5 18 17
5 17 16
5 20 19
5 24 23
5 23 22
5 22 21
5 31 30
5 30 29
6 33 32
6 32 31
6 31 1
6 1 0
6 31 30
6 30 21
6 21 2
6 21 20
6 20 19
6 19 18
6 18 17
6 17 5
6 5 4
6 4 3
6 17 16
6 16 15
6 15 7
6 7 6
6 15 14
6 14 13
6 13 8
6 13 12
6 12 11
6 11 9
6 11 10
6 30 29
6 29 24
6 24 23
6 23 22
6 29 28
6 28 27
6 27 26
6 26 25
7 32 2
7 2 1
7 1 0
7 32 31
7 31 30
7 30 3
7 30 29
7 29 23
7 23 20
7 20 4
7 20 19
7 19 18
7 18 17
7 17 16
7 16 14
7 14 12
7 12 11
7 11 8
7 8 7
7 7 6
7 6 5
7 11 10
7 10 9
7 14 13
7 16 15
7 23 22
7 22 21
7 29 28
7 28 25
7 25 24
7 28 27
7 27 26
8 30 29
8 29 28
8 28 26
8 26 5
8 5 0
8 5 4
8 4 2
8 2 1
8 4 3
8 26 25
8 25 18
8 18 17
8 17 12
8 12 8
8 8 6
8 8 7
8 12 11
8 11 10
8 10 9
8 17 16
8 16 14
8 14 13
8 16 15
8 25 24
8 24 23
8 23 20
8 20 19
8 23 22
8 22 21
8 28 27
9 31 14
9 14 11
9 11 0
9 11 10
9 10 8
9 8 7
9 7 1
9 7 6
9 6 4
9 4 3
9 3 2
9 6 5
9 10 9
9 14 13
9 13 12
9 31 30
9 30 26
9 26 15
9 26 25
9 25 16
9 25 24
9 24 23
9 23 18
9 18 17
9 23 22
9 22 19
9 22 21
9 21 20
9 30 29
9 29 27
9 29 28
10 34 33
10 33 32
10 32 31
10 31 30
10 30 29
10 29 27
10 27 0
10 27 26
10 26 25
10 25 24
10 24 8
10 8 7
10 7 6
10 6 1
10 6 5
10 5 4
10 4 3
10 3 2
10 24 23
10 23 22
10 22 9
10 22 21
10 21 20
10 20 19
10 19 10
10 19 18
10 18 17
10 17 16
10 16 11
10 16 15
10 15 12
10 15 14
10 14 13
10 29 28
11 31 30
11 30 28
11 28 26
11 26 3
11 3 2
11 2 0
11 2 1
11 26 25
11 25 21
11 21 5
11 5 4
11 21 20
11 20 19
11 19 15
11 15 14
11 14 12
11 12 11
11 11 6
11 11 10
11 10 9
11 9 7
11 9 8
11 14 13
11 19 18
11 18 17
11 17 16
11 25 24
11 24 23
11 23 22
11 28 27
11 30 29
12 29 5
12 5 2
12 2 1
12 1 0
12 5 4
12 4 3
12 29 28
12 28 27
12 27 9
12 9 8
12 8 6
12 8 7
12 27 26
12 26 25
12 25 17
12 17 16
12 16 15
12 15 14
12 14 10
12 14 13
12 13 11
12 13 12
12 25 24
12 24 23
12 23 21
12 21 19
12 19 18
12 21 20
12 23 22
13 29 20
13 20 4
13 4 1
13 1 0
13 4 3
13 3 2
13 20 19
13 19 16
13 16 13
13 13 5
13 13 12
13 12 10
13 10 6
13 10 9
13 9 8
13 8 7
13 12 11
13 16 15
13 15 14
13 19 18
13 18 17
13 29 28
13 28 21
13 28 27
13 27 22
13 27 26
13 26 24
13 24 23
13 26 25
14 33 30
14 30 6
14 6 0
14 6 5
14 5 1
14 5 4
14 4 3
14 3 2
14 30 29
14 29 28
14 28 27
14 27 7
14 27 26
14 26 24
14 24 23
14 23 11
14 11 9
14 9 8
14 11 10
14 23 22
14 22 21
14 21 18
14 18 12
14 18 17
14 17 16
14 16 14
14 14 13
14 16 15
14 21 20
14 20 19
14 26 25
14 33 32
14 32 31
15 29 28
15 28 25
15 25 14
15 14 13
15 13 4
15 4 2
15 2 1
15 1 0
15 4 3
15 13 12
15 12 9
15 9 7
15 7 6
15 6 5
15 9 8
15 12 11
15 11 10
15 25 24
15 24 19
15 19 18
15 18 17
15 17 16
15 16 15
15 24 23
15 23 22
15 22 20
15 22 21
15 28 27
15 27 26
16 31 30
16 30 29
16 29 22
16 22 15
16 15 13
16 13 0
16 13 12
16 12 11
16 11 9
16 9 8
16 8 1
16 8 7
16 7 6
16 6 5
16 5 2
16 5 4
16 4 3
16 11 10
16 15 14
16 22 21
16 21 16
16 21 20
16 20 17
16 20 19
16 19 18
16 29 28
16 28 24
16 24 23
16 28 27
16 27 26
16 26 25
17 31 30
17 30 26
17 26 21
17 21 15
17 15 14
17 14 12
17 12 10
17 10 9
17 9 6
17 6 0
17 6 5
17 5 2
17 2 1
17 5 4
17 4 3
17 9 8
17 8 7
17 12 11
17 14 13
17 21 20
17 20 17
17 17 16
17 20 19
17 19 18
17 26 25
17 25 23
17 23 22
17 25 24
17 30 29
17 29 28
17 28 27
18 33 32
18 32 31
18 31 29
18 29 21
18 21 9
18 9 1
18 1 0
18 9 8
18 8 7
18 7 6
18 6 5
18 5 4
18 4 3
18 3 2
18 21 20
18 20 19
18 19 10
18 19 18
18 18 17
18 17 12
18 12 11
18 17 16
18 16 14
18 14 13
18 16 15
18 29 28
18 28 25
18 25 23
18 23 22
18 25 24
18 28 27
18 27 26
18 31 30
19 30 28
19 28 26
19 26 0
19 26 25
19 25 24
19 24 7
19 7 6
19 6 4
19 4 2
19 2 1
19 4 3
19 6 5
19 24 23
19 23 10
19 10 8
19 10 9
19 23 22
19 22 21
19 21 11
19 21 20
19 20 14
19 14 13
19 13 12
19 20 19
19 19 16
19 16 15
19 19 18
19 18 17
19 28 27
19 30 29
20 32 31
20 31 25
20 25 24
20 24 1
20 1 0
20 24 23
20 23 21
20 21 2
20 21 20
20 20 16
20 16 6
20 6 3
20 6 5
20 5 4
20 16 15
20 15 13
20 13 10
20 10 9
20 9 7
20 9 8
20 13 12
20 12 11
20 15 14
20 20 19
20 19 17
20 19 18
20 23 22
20 31 30
20 30 29
20 29 28
20 28 27
20 27 26
21 32 28
21 28 0
21 28 27
21 27 3
21 3 1
21 3 2
21 27 26
21 26 12
21 12 6
21 6 5
21 5 4
21 12 11
21 11 10
21 10 8
21 8 7
21 10 9
21 26 25
21 25 23
21 23 14
21 14 13
21 23 22
21 22 16
21 16 15
21 22 21
21 21 19
21 19 17
21 19 18
21 21 20
21 25 24
21 32 31
21 31 30
21 30 29
22 30 28
22 28 26
22 26 12
22 12 9
22 9 7
22 7 0
22 7 6
22 6 1
22 6 5
22 5 4
22 4 3
22 3 2
22 9 8
22 12 11
22 11 10
22 26 25
22 25 13
22 25 24
22 24 23
22 23 21
22 21 19
22 19 18
22 18 17
22 17 16
22 16 14
22 16 15
22 21 20
22 23 22
22 28 27
22 30 29
23 31 0
23 31 30
23 30 1
23 30 29
23 29 24
23 24 2
23 24 23
23 23 22
23 22 21
23 21 20
23 20 3
23 20 19
23 19 18
23 18 17
23 17 12
23 12 11
23 11 9
23 9 7
23 7 5
23 5 4
23 7 6
23 9 8
23 11 10
23 17 16
23 16 14
23 14 13
23 16 15
23 29 28
23 28 25
23 28 27
23 27 26
24 32 6
24 6 5
24 5 4
24 4 3
24 3 1
24 1 0
24 3 2
24 32 31
24 31 30
24 30 11
24 11 7
24 11 10
24 10 8
24 10 9
24 30 29
24 29 12
24 29 28
24 28 15
24 15 13
24 15 14
24 28 27
24 27 21
24 21 19
24 19 18
24 18 17
24 17 16
24 21 20
24 27 26
24 26 25
24 25 22
24 25 24
24 24 23
25 33 5
25 5 3
25 3 2
25 2 0
25 2 1
25 5 4
25 33 32
25 32 14
25 14 12
25 12 11
25 11 10
25 10 7
25 7 6
25 10 9
25 9 8
25 14 13
25 32 31
25 31 30
25 30 16
25 16 15
25 30 29
25 29 17
25 29 28
25 28 18
25 28 27
25 27 26
25 26 25
25 25 24
25 24 23
25 23 22
25 22 20
25 20 19
25 22 21
26 34 0
26 34 33
26 33 32
26 32 31
26 31 1
26 31 30
26 30 29
26 29 27
26 27 2
26 27 26
26 26 25
26 25 20
26 20 19
26 19 13
26 13 12
26 12 11
26 11 6
26 6 4
26 4 3
26 6 5
26 11 10
26 10 7
26 10 9
26 9 8
26 19 18
26 18 16
26 16 14
26 16 15
26 18 17
26 25 24
26 24 21
26 24 23
26 23 22
26 29 28
27 29 27
27 27 26
27 26 2
27 2 1
27 1 0
27 26 25
27 25 21
27 21 20
27 20 17
27 17 3
27 17 16
27 16 15
27 15 4
27 15 14
27 14 5
27 14 13
27 13 11
27 11 10
27 10 8
27 8 6
27 8 7
27 10 9
27 13 12
27 20 19
27 19 18
27 25 24
27 24 23
27 23 22
27 29 28
28 30 1
28 1 0
28 30 29
28 29 25
28 25 23
28 23 21
28 21 20
28 20 19
28 19 2
28 19 18
28 18 14
28 14 3
28 14 13
28 13 5
28 5 4
28 13 12
28 12 11
28 11 6
28 11 10
28 10 9
28 9 7
28 9 8
28 18 17
28 17 16
28 16 15
28 23 22
28 25 24
28 29 28
28 28 26
28 28 27
29 32 0
29 32 31
29 31 1
29 31 30
29 30 29
29 29 2
29 29 28
29 28 23
29 23 22
29 22 20
29 20 3
29 20 19
29 19 4
29 19 18
29 18 17
29 17 7
29 7 6
29 6 5
29 17 16
29 16 14
29 14 13
29 13 8
29 13 12
29 12 9
29 12 11
29 11 10
29 16 15
29 22 21
29 28 27
29 27 26
29 26 25
29 25 24
30 29 27
30 27 3
30 3 1
30 1 0
30 3 2
30 27 26
30 26 21
30 21 15
30 15 14
30 14 13
30 13 12
30 12 11
30 11 5
30 5 4
30 11 10
30 10 8
30 8 6
30 8 7
30 10 9
30 21 20
30 20 17
30 17 16
30 20 19
30 19 18
30 26 25
30 25 24
30 24 22
30 24 23
30 29 28
31 33 32
31 32 12
31 12 6
31 6 5
31 5 3
31 3 2
31 2 1
31 1 0
31 5 4
31 12 11
31 11 7
31 11 10
31 10 8
31 10 9
31 32 31
31 31 13
31 31 30
31 30 29
31 29 14
31 29 28
31 28 27
31 27 17
31 17 16
31 16 15
31 27 26
31 26 24
31 24 23
31 23 22
31 22 18
31 22 21
31 21 20
31 20 19
31 26 25
32 33 0
32 33 32
32 32 1
32 32 31
32 31 27
32 27 14
32 14 10
32 10 6
32 6 3
32 3 2
32 6 5
32 5 4
32 10 9
32 9 8
32 8 7
32 14 13
32 13 12
32 12 11
32 27 26
32 26 23
32 23 22
32 22 21
32 21 20
32 20 18
32 18 17
32 17 15
32 17 16
32 20 19
32 26 25
32 25 24
32 31 30
32 30 29
32 29 28
33 29 21
33 21 19
33 19 18
33 18 4
33 4 1
33 1 0
33 4 3
33 3 2
33 18 17
33 17 7
33 7 6
33 6 5
33 17 16
33 16 15
33 15 12
33 12 11
33 11 9
33 9 8
33 11 10
33 15 14
33 14 13
33 21 20
33 29 28
33 28 22
33 28 27
33 27 23
33 27 26
33 26 25
33 25 24
34 29 1
34 1 0
34 29 28
34 28 25
34 25 24
34 24 23
34 23 22
34 22 21
34 21 7
34 7 5
34 5 3
34 3 2
34 5 4
34 7 6
34 21 20
34 20 18
34 18 11
34 11 10
34 10 8
34 10 9
34 18 17
34 17 16
34 16 15
34 15 12
34 15 14
34 14 13
34 20 19
34 28 27
34 27 26
35 34 33
35 33 32
35 32 30
35 30 29
35 29 28
35 28 27
35 27 0
35 27 26
35 26 25
35 25 4
35 4 1
35 4 3
35 3 2
35 25 24
35 24 5
35 24 23
35 23 11
35 11 7
35 7 6
35 11 10
35 10 8
35 10 9
35 23 22
35 22 21
35 21 13
35 13 12
35 21 20
35 20 14
35 20 19
35 19 15
35 19 18
35 18 16
35 18 17
35 32 31
36 32 31
36 31 30
36 30 29
36 29 2
36 2 1
36 1 0
36 29 28
36 28 27
36 27 26
36 26 10
36 10 9
36 9 3
36 9 8
36 8 4
36 8 7
36 7 6
36 6 5
36 26 25
36 25 23
36 23 22
36 22 21
36 21 14
36 14 13
36 13 11
36 13 12
36 21 20
36 20 17
36 17 16
36 16 15
36 20 19
36 19 18
36 25 24
37 31 30
37 30 29
37 29 11
37 11 10
37 10 0
37 10 9
37 9 7
37 7 2
37 2 1
37 7 6
37 6 5
37 5 3
37 5 4
37 9 8
37 29 28
37 28 27
37 27 26
37 26 12
37 26 25
37 25 13
37 25 24
37 24 23
37 23 17
37 17 16
37 16 14
37 16 15
37 23 22
37 22 19
37 19 18
37 22 21
37 21 20
38 30 29
38 29 28
38 28 27
38 27 21
38 21 0
38 21 20
38 20 19
38 19 17
38 17 1
38 17 16
38 16 15
38 15 13
38 13 12
38 12 11
38 11 5
38 5 4
38 4 2
38 4 3
38 11 10
38 10 8
38 8 6
38 8 7
38 10 9
38 15 14
38 19 18
38 27 26
38 26 22
38 26 25
38 25 24
38 24 23
39 34 33
39 33 32
39 32 31
39 31 30
39 30 5
39 5 1
39 1 0
39 5 4
39 4 2
39 4 3
39 30 29
39 29 6
39 29 28
39 28 27
39 27 26
39 26 8
39 8 7
39 26 25
39 25 20
39 20 19
39 19 9
39 19 18
39 18 17
39 17 15
39 15 10
39 15 14
39 14 12
39 12 11
39 14 13
39 17 16
39 25 24
39 24 23
39 23 21
39 23 22
40 29 25
40 25 24
40 24 22
40 22 19
40 19 18
40 18 5
40 5 1
40 1 0
40 5 4
40 4 3
40 3 2
40 18 17
40 17 7
40 7 6
40 17 16
40 16 12
40 12 8
40 12 11
40 11 9
40 11 10
40 16 15
40 15 13
40 15 14
40 22 21
40 21 20
40 24 23
40 29 28
40 28 26
40 28 27
41 33 32
41 32 0
41 32 31
41 31 30
41 30 29
41 29 1
41 29 28
41 28 27
41 27 26
41 26 25
41 25 2
41 25 24
41 24 23
41 23 22
41 22 21
41 21 16
41 16 3
41 16 15
41 15 4
41 15 14
41 14 7
41 7 5
41 7 6
41 14 13
41 13 9
41 9 8
41 13 12
41 12 11
41 11 10
41 21 20
41 20 18
41 18 17
41 20 19
42 31 30
42 30 28
42 28 27
42 27 25
42 25 0
42 25 24
42 24 1
42 24 23
42 23 22
42 22 2
42 22 21
42 21 20
42 20 18
42 18 16
42 16 8
42 8 3
42 8 7
42 7 6
42 6 4
42 6 5
42 16 15
42 15 14
42 14 9
42 14 13
42 13 12
42 12 10
42 12 11
42 18 17
42 20 19
42 27 26
42 30 29
43 30 0
43 30 29
43 29 3
43 3 2
43 2 1
43 29 28
43 28 4
43 28 27
43 27 25
43 25 9
43 9 6
43 6 5
43 9 8
43 8 7
43 25 24
43 24 19
43 19 10
43 19 18
43 18 15
43 15 14
43 14 13
43 13 11
43 13 12
43 18 17
43 17 16
43 24 23
43 23 22
43 22 21
43 21 20
43 27 26
44 30 29
44 29 28
44 28 27
44 27 26
44 26 23
44 23 21
44 21 20
44 20 4
44 4 3
44 3 2
44 2 0
44 2 1
44 20 19
44 19 13
44 13 12
44 12 5
44 12 11
44 11 9
44 9 7
44 7 6
44 9 8
44 11 10
44 19 18
44 18 17
44 17 15
44 15 14
44 17 16
44 23 22
44 26 25
44 25 24
45 30 1
45 1 0
45 30 29
45 29 24
45 24 16
45 16 15
45 15 2
45 15 14
45 14 4
45 4 3
45 14 13
45 13 5
45 13 12
45 12 6
45 12 11
45 11 10
45 10 9
45 9 8
45 8 7
45 24 23
45 23 19
45 19 17
45 19 18
45 23 22
45 22 20
45 22 21
45 29 28
45 28 27
45 27 26
45 26 25
46 30 29
46 29 0
46 29 28
46 28 27
46 27 7
46 7 6
46 6 5
46 5 4
46 4 3
46 3 1
46 3 2
46 27 26
46 26 24
46 24 21
46 21 20
46 20 19
46 19 18
46 18 17
46 17 16
46 16 14
46 14 12
46 12 11
46 11 10
46 10 8
46 10 9
46 14 13
46 16 15
46 24 23
46 23 22
46 26 25
47 32 30
47 30 28
47 28 27
47 27 26
47 26 1
47 1 0
47 26 25
47 25 3
47 3 2
47 25 24
47 24 18
47 18 17
47 17 15
47 15 14
47 14 13
47 13 12
47 12 11
47 11 4
47 11 10
47 10 5
47 10 9
47 9 8
47 8 7
47 7 6
47 17 16
47 24 23
47 23 21
47 21 19
47 21 20
47 23 22
47 30 29
47 32 31
48 29 27
48 27 4
48 4 2
48 2 1
48 1 0
48 4 3
48 27 26
48 26 5
48 26 25
48 25 24
48 24 11
48 11 10
48 10 8
48 8 6
48 8 7
48 10 9
48 24 23
48 23 21
48 21 20
48 20 15
48 15 14
48 14 13
48 13 12
48 20 19
48 19 18
48 18 17
48 17 16
48 23 22
48 29 28
49 33 28
49 28 1
49 1 0
49 28 27
49 27 26
49 26 23
49 23 18
49 18 17
49 17 16
49 16 15
49 15 5
49 5 2
49 5 4
49 4 3
49 15 14
49 14 7
49 7 6
49 14 13
49 13 11
49 11 10
49 10 8
49 10 9
49 13 12
49 23 22
49 22 21
49 21 19
49 21 20
49 26 25
49 25 24
49 33 32
49 32 31
49 31 29
49 31 30
50 30 7
50 7 0
50 7 6
50 6 5
50 5 3
50 3 2
50 2 1
50 5 4
50 30 29
50 29 28
50 28 26
50 26 25
50 25 8
50 25 24
50 24 23
50 23 12
50 12 11
50 11 10
50 10 9
50 23 22
50 22 21
50 21 20
50 20 19
50 19 17
50 17 13
50 17 16
50 16 14
50 16 15
50 19 18
50 28 27
51 31 13
51 13 11
51 11 2
51 2 0
51 2 1
51 11 10
51 10 9
51 9 3
51 9 8
51 8 6
51 6 5
51 5 4
51 8 7
51 13 12
51 31 30
51 30 29
51 29 15
51 15 14
51 29 28
51 28 20
51 20 19
51 19 16
51 19 18
51 18 17
51 28 27
51 27 21
51 27 26
51 26 22
51 26 25
51 25 23
51 25 24
52 30 0
52 30 29
52 29 8
52 8 1
52 8 7
52 7 6
52 6 3
52 3 2
52 6 5
52 5 4
52 29 28
52 28 27
52 27 23
52 23 11
52 11 10
52 10 9
52 23 22
52 22 12
52 22 21
52 21 20
52 20 19
52 19 18
52 18 13
52 18 17
52 17 16
52 16 14
52 16 15
52 27 26
52 26 24
52 26 25
53 33 32
53 32 31
53 31 3
53 3 1
53 1 0
53 3 2
53 31 30
53 30 29
53 29 28
53 28 11
53 11 7
53 7 6
53 6 5
53 5 4
53 11 10
53 10 9
53 9 8
53 28 27
53 27 26
53 26 25
53 25 24
53 24 23
53 23 16
53 16 12
53 16 15
53 15 13
53 15 14
53 23 22
53 22 21
53 21 20
53 20 18
53 18 17
53 20 19
54 30 29
54 29 24
54 24 17
54 17 16
54 16 14
54 14 13
54 13 9
54 9 8
54 8 1
54 1 0
54 8 7
54 7 3
54 3 2
54 7 6
54 6 4
54 6 5
54 13 12
54 12 11
54 11 10
54 16 15
54 24 23
54 23 18
54 23 22
54 22 21
54 21 19
54 21 20
54 29 28
54 28 26
54 26 25
54 28 27
55 32 31
55 31 30
55 30 29
55 29 23
55 23 22
55 22 21
55 21 0
55 21 20
55 20 6
55 6 2
55 2 1
55 6 5
55 5 4
55 4 3
55 20 19
55 19 7
55 19 18
55 18 9
55 9 8
55 18 17
55 17 16
55 16 15
55 15 13
55 13 11
55 11 10
55 13 12
55 15 14
55 29 28
55 28 26
55 26 24
55 26 25
55 28 27
56 29 25
56 25 22
56 22 0
56 22 21
56 21 19
56 19 12
56 12 11
56 11 10
56 10 1
56 10 9
56 9 8
56 8 7
56 7 2
56 7 6
56 6 5
56 5 4
56 4 3
56 19 18
56 18 16
56 16 13
56 16 15
56 15 14
56 18 17
56 21 20
56 25 24
56 24 23
56 29 28
56 28 27
56 27 26
57 34 28
57 28 27
57 27 25
57 25 2
57 2 1
57 1 0
57 25 24
57 24 23
57 23 3
57 23 22
57 22 20
57 20 19
57 19 18
57 18 4
57 18 17
57 17 5
57 17 16
57 16 15
57 15 7
57 7 6
57 15 14
57 14 13
57 13 10
57 10 8
57 10 9
57 13 12
57 12 11
57 22 21
57 27 26
57 34 33
57 33 29
57 33 32
57 32 30
57 32 31
58 30 0
58 30 29
58 29 4
58 4 2
58 2 1
58 4 3
58 29 28
58 28 7
58 7 5
58 7 6
58 28 27
58 27 8
58 27 26
58 26 10
58 10 9
58 26 25
58 25 13
58 13 12
58 12 11
58 25 24
58 24 14
58 24 23
58 23 22
58 22 21
58 21 19
58 19 15
58 19 18
58 18 17
58 17 16
58 21 20
59 33 32
59 32 31
59 31 27
59 27 8
59 8 0
59 8 7
59 7 3
59 3 1
59 3 2
59 7 6
59 6 5
59 5 4
59 27 26
59 26 14
59 14 11
59 11 10
59 10 9
59 14 13
59 13 12
59 26 25
59 25 20
59 20 18
59 18 17
59 17 15
59 17 16
59 20 19
59 25 24
59 24 21
59 24 23
59 23 22
59 31 30
59 30 29
59 29 28
60 33 32
60 32 31
60 31 29
60 29 27
60 27 26
60 26 25
60 25 22
60 22 19
60 19 17
60 17 0
60 17 16
60 16 2
60 2 1
60 16 15
60 15 10
60 10 9
60 9 4
60 4 3
60 9 8
60 8 7
60 7 6
60 6 5
60 15 14
60 14 12
60 12 11
60 14 13
60 19 18
60 22 21
60 21 20
60 25 24
60 24 23
60 29 28
60 31 30
61 32 31
61 31 28
61 28 1
61 1 0
61 28 27
61 27 10
61 10 5
61 5 4
61 4 3
61 3 2
61 10 9
61 9 7
61 7 6
61 9 8
61 27 26
61 26 21
61 21 16
61 16 11
61 16 15
61 15 13
61 13 12
61 15 14
61 21 20
61 20 17
61 20 19
61 19 18
61 26 25
61 25 24
61 24 22
61 24 23
61 31 30
61 30 29
62 29 7
62 7 4
62 4 3
62 3 2
62 2 1
62 1 0
62 7 6
62 6 5
62 29 28
62 28 27
62 27 26
62 26 25
62 25 21
62 21 19
62 19 15
62 15 8
62 15 14
62 14 13
62 13 9
62 13 12
62 12 10
62 12 11
62 19 18
62 18 17
62 17 16
62 21 20
62 25 24
62 24 23
62 23 22
63 31 5
63 5 4
63 4 3
63 3 1
63 1 0
63 3 2
63 31 30
63 30 10
63 10 9
63 9 8
63 8 6
63 8 7
63 30 29
63 29 28
63 28 13
63 13 12
63 12 11
63 28 27
63 27 26
63 26 14
63 26 25
63 25 24
63 24 23
63 23 21
63 21 19
63 19 16
63 16 15
63 19 18
63 18 17
63 21 20
63 23 22
64 29 3
64 3 2
64 2 0
64 2 1
64 29 28
64 28 26
64 26 10
64 10 8
64 8 4
64 8 7
64 7 6
64 6 5
64 10 9
64 26 25
64 25 19
64 19 14
64 14 11
64 14 13
64 13 12
64 19 18
64 18 16
64 16 15
64 18 17
64 25 24
64 24 23
64 23 22
64 22 20
64 22 21
64 28 27
65 33 29
65 29 28
65 28 27
65 27 25
65 25 24
65 24 14
65 14 13
65 13 6
65 6 4
65 4 3
65 3 1
65 1 0
65 3 2
65 6 5
65 13 12
65 12 7
65 12 11
65 11 10
65 10 9
65 9 8
65 24 23
65 23 17
65 17 15
65 17 16
65 23 22
65 22 18
65 22 21
65 21 20
65 20 19
65 27 26
65 33 32
65 32 30
65 32 31
66 29 25
66 25 4
66 4 2
66 2 1
66 1 0
66 4 3
66 25 24
66 24 22
66 22 5
66 22 21
66 21 20
66 20 18
66 18 17
66 17 6
66 17 16
66 16 12
66 12 7
66 12 11
66 11 8
66 11 10
66 10 9
66 16 15
66 15 13
66 15 14
66 20 19
66 24 23
66 29 28
66 28 27
66 27 26
67 34 27
67 27 25
67 25 5
67 5 3
67 3 2
67 2 1
67 1 0
67 5 4
67 25 24
67 24 18
67 18 17
67 17 16
67 16 15
67 15 6
67 15 14
67 14 13
67 13 12
67 12 11
67 11 10
67 10 9
67 9 7
67 9 8
67 24 23
67 23 19
67 23 22
67 22 21
67 21 20
67 27 26
67 34 33
67 33 29
67 29 28
67 33 32
67 32 31
67 31 30
68 30 14
68 14 12
68 12 11
68 11 9
68 9 7
68 7 1
68 1 0
68 7 6
68 6 4
68 4 2
68 4 3
68 6 5
68 9 8
68 11 10
68 14 13
68 30 29
68 29 26
68 26 23
68 23 21
68 21 20
68 20 19
68 19 18
68 18 15
68 18 17
68 17 16
68 23 22
68 26 25
68 25 24
68 29 28
68 28 27
69 29 3
69 3 1
69 1 0
69 3 2
69 29 28
69 28 27
69 27 26
69 26 24
69 24 22
69 22 12
69 12 5
69 5 4
69 12 11
69 11 6
69 11 10
69 10 9
69 9 7
69 9 8
69 22 21
69 21 20
69 20 19
69 19 13
69 19 18
69 18 14
69 18 17
69 17 15
69 17 16
69 24 23
69 26 25
70 34 29
70 29 1
70 1 0
70 29 28
70 28 27
70 27 23
70 23 22
70 22 21
70 21 20
70 20 19
70 19 18
70 18 13
70 13 12
70 12 11
70 11 10
70 10 9
70 9 8
70 8 6
70 6 4
70 4 3
70 3 2
70 6 5
70 8 7
70 18 17
70 17 14
70 17 16
70 16 15
70 27 26
70 26 24
70 26 25
70 34 33
70 33 32
70 32 31
70 31 30
71 33 32
71 32 19
71 19 14
71 14 0
71 14 13
71 13 10
71 10 8
71 8 7
71 7 1
71 7 6
71 6 5
71 5 2
71 5 4
71 4 3
71 10 9
71 13 12
71 12 11
71 19 18
71 18 16
71 16 15
71 18 17
71 32 31
71 31 25
71 25 24
71 24 20
71 24 23
71 23 21
71 23 22
71 31 30
71 30 27
71 27 26
71 30 29
71 29 28
72 30 16
72 16 13
72 13 0
72 13 12
72 12 8
72 8 4
72 4 1
72 4 3
72 3 2
72 8 7
72 7 6
72 6 5
72 12 11
72 11 9
72 11 10
72 16 15
72 15 14
72 30 29
72 29 18
72 18 17
72 29 28
72 28 21
72 21 19
72 21 20
72 28 27
72 27 26
72 26 23
72 23 22
72 26 25
72 25 24
73 32 31
73 31 12
73 12 8
73 8 2
73 2 0
73 2 1
73 8 7
73 7 3
73 7 6
73 6 5
73 5 4
73 12 11
73 11 10
73 10 9
73 31 30
73 30 28
73 28 27
73 27 26
73 26 23
73 23 21
73 21 13
73 21 20
73 20 17
73 17 16
73 16 15
73 15 14
73 20 19
73 19 18
73 23 22
73 26 25
73 25 24
73 30 29
74 30 29
74 29 28
74 28 27
74 27 26
74 26 15
74 15 14
74 14 2
74 2 0
74 2 1
74 14 13
74 13 10
74 10 8
74 8 7
74 7 4
74 4 3
74 7 6
74 6 5
74 10 9
74 13 12
74 12 11
74 26 25
74 25 24
74 24 23
74 23 22
74 22 21
74 21 20
74 20 19
74 19 17
74 17 16
74 19 18
75 29 0
75 29 28
75 28 26
75 26 25
75 25 4
75 4 2
75 2 1
75 4 3
75 25 24
75 24 23
75 23 22
75 22 20
75 20 19
75 19 18
75 18 16
75 16 5
75 16 15
75 15 14
75 14 13
75 13 11
75 11 8
75 8 6
75 8 7
75 11 10
75 10 9
75 13 12
75 18 17
75 22 21
75 28 27
76 31 0
76 31 30
76 30 13
76 13 6
76 6 5
76 5 3
76 3 2
76 2 1
76 5 4
76 13 12
76 12 11
76 11 8
76 8 7
76 11 10
76 10 9
76 30 29
76 29 28
76 28 27
76 27 20
76 20 19
76 19 18
76 18 17
76 17 14
76 17 16
76 16 15
76 27 26
76 26 24
76 24 23
76 23 22
76 22 21
76 26 25
77 32 30
77 30 29
77 29 18
77 18 2
77 2 0
77 2 1
77 18 17
77 17 16
77 16 13
77 13 3
77 13 12
77 12 11
77 11 6
77 6 5
77 5 4
77 11 10
77 10 9
77 9 8
77 8 7
77 16 15
77 15 14
77 29 28
77 28 27
77 27 19
77 27 26
77 26 21
77 21 20
77 26 25
77 25 24
77 24 22
77 24 23
77 32 31
78 33 9
78 9 1
78 1 0
78 9 8
78 8 7
78 7 6
78 6 5
78 5 3
78 3 2
78 5 4
78 33 32
78 32 31
78 31 29
78 29 28
78 28 22
78 22 21
78 21 19
78 19 18
78 18 10
78 18 17
78 17 16
78 16 15
78 15 14
78 14 12
78 12 11
78 14 13
78 21 20
78 28 27
78 27 25
78 25 24
78 24 23
78 27 26
78 31 30
79 34 28
79 28 0
79 28 27
79 27 18
79 18 17
79 17 2
79 2 1
79 17 16
79 16 5
79 5 4
79 4 3
79 16 15
79 15 11
79 11 10
79 10 7
79 7 6
79 10 9
79 9 8
79 15 14
79 14 12
79 14 13
79 27 26
79 26 22
79 22 21
79 21 20
79 20 19
79 26 25
79 25 23
79 25 24
79 34 33
79 33 30
79 30 29
79 33 32
79 32 31
80 29 24
80 24 5
80 5 4
80 4 3
80 3 1
80 1 0
80 3 2
80 24 23
80 23 20
80 20 8
80 8 6
80 8 7
80 20 19
80 19 16
80 16 15
80 15 14
80 14 13
80 13 11
80 11 9
80 11 10
80 13 12
80 19 18
80 18 17
80 23 22
80 22 21
80 29 28
80 28 27
80 27 25
80 27 26
81 34 33
81 33 32
81 32 1
81 1 0
81 32 31
81 31 30
81 30 24
81 24 3
81 3 2
81 24 23
81 23 22
81 22 17
81 17 5
81 5 4
81 17 16
81 16 15
81 15 6
81 15 14
81 14 7
81 14 13
81 13 12
81 12 10
81 10 8
81 10 9
81 12 11
81 22 21
81 21 20
81 20 19
81 19 18
81 30 29
81 29 28
81 28 26
81 26 25
81 28 27
82 31 0
82 31 30
82 30 28
82 28 1
82 28 27
82 27 26
82 26 2
82 26 25
82 25 5
82 5 4
82 4 3
82 25 24
82 24 7
82 7 6
82 24 23
82 23 21
82 21 8
82 21 20
82 20 17
82 17 16
82 16 9
82 16 15
82 15 10
82 15 14
82 14 12
82 12 11
82 14 13
82 20 19
82 19 18
82 23 22
82 30 29
83 34 33
83 33 32
83 32 31
83 31 17
83 17 16
83 16 6
83 6 5
83 5 4
83 4 1
83 1 0
83 4 3
83 3 2
83 16 15
83 15 14
83 14 10
83 10 8
83 8 7
83 10 9
83 14 13
83 13 11
83 13 12
83 31 30
83 30 29
83 29 28
83 28 24
83 24 20
83 20 18
83 20 19
83 24 23
83 23 22
83 22 21
83 28 27
83 27 25
83 27 26
84 32 31
84 31 28
84 28 4
84 4 3
84 3 2
84 2 1
84 1 0
84 28 27
84 27 25
84 25 5
84 25 24
84 24 23
84 23 14
84 14 13
84 13 6
84 13 12
84 12 11
84 11 10
84 10 8
84 8 7
84 10 9
84 23 22
84 22 15
84 22 21
84 21 19
84 19 17
84 17 16
84 19 18
84 21 20
84 27 26
84 31 30
84 30 29
85 34 30
85 30 0
85 30 29
85 29 25
85 25 2
85 2 1
85 25 24
85 24 23
85 23 22
85 22 21
85 21 20
85 20 11
85 11 5
85 5 4
85 4 3
85 11 10
85 10 8
85 8 6
85 8 7
85 10 9
85 20 19
85 19 14
85 14 12
85 14 13
85 19 18
85 18 15
85 18 17
85 17 16
85 29 28
85 28 26
85 28 27
85 34 33
85 33 31
85 33 32
86 34 31
86 31 27
86 27 26
86 26 25
86 25 13
86 13 12
86 12 11
86 11 10
86 10 6
86 6 5
86 5 1
86 1 0
86 5 4
86 4 3
86 3 2
86 10 9
86 9 7
86 9 8
86 25 24
86 24 14
86 24 23
86 23 18
86 18 17
86 17 16
86 16 15
86 23 22
86 22 21
86 21 20
86 20 19
86 31 30
86 30 28
86 30 29
86 34 33
86 33 32
87 30 1
87 1 0
87 30 29
87 29 18
87 18 17
87 17 4
87 4 2
87 4 3
87 17 16
87 16 5
87 16 15
87 15 9
87 9 8
87 8 7
87 7 6
87 15 14
87 14 13
87 13 10
87 13 12
87 12 11
87 29 28
87 28 27
87 27 25
87 25 21
87 21 20
87 20 19
87 25 24
87 24 22
87 24 23
87 27 26
88 34 33
88 33 32
88 32 30
88 30 28
88 28 8
88 8 6
88 6 4
88 4 0
88 4 3
88 3 1
88 3 2
88 6 5
88 8 7
88 28 27
88 27 11
88 11 9
88 11 10
88 27 26
88 26 16
88 16 12
88 16 15
88 15 14
88 14 13
88 26 25
88 25 22
88 22 17
88 22 21
88 21 20
88 20 18
88 20 19
88 25 24
88 24 23
88 30 29
88 32 31
89 29 28
89 28 27
89 27 26
89 26 25
89 25 24
89 24 23
89 23 22
89 22 1
89 1 0
89 22 21
89 21 17
89 17 15
89 15 14
89 14 10
89 10 8
89 8 6
89 6 5
89 5 4
89 4 3
89 3 2
89 8 7
89 10 9
89 14 13
89 13 12
89 12 11
89 17 16
89 21 20
89 20 18
89 20 19
90 33 32
90 32 31
90 31 30
90 30 28
90 28 5
90 5 4
90 4 3
90 3 1
90 1 0
90 3 2
90 28 27
90 27 26
90 26 25
90 25 23
90 23 22
90 22 10
90 10 6
90 10 9
90 9 7
90 9 8
90 22 21
90 21 13
90 13 12
90 12 11
90 21 20
90 20 18
90 18 17
90 17 14
90 17 16
90 16 15
90 20 19
90 25 24
90 30 29
91 31 30
91 30 14
91 14 12
91 12 0
91 12 11
91 11 9
91 9 2
91 2 1
91 9 8
91 8 7
91 7 6
91 6 4
91 4 3
91 6 5
91 11 10
91 14 13
91 30 29
91 29 17
91 17 15
91 17 16
91 29 28
91 28 27
91 27 26
91 26 25
91 25 21
91 21 18
91 21 20
91 20 19
91 25 24
91 24 23
91 23 22
92 34 20
92 20 19
92 19 15
92 15 11
92 11 8
92 8 1
92 1 0
92 8 7
92 7 5
92 5 3
92 3 2
92 5 4
92 7 6
92 11 10
92 10 9
92 15 14
92 14 12
92 14 13
92 19 18
92 18 16
92 18 17
92 34 33
92 33 32
92 32 30
92 30 21
92 30 29
92 29 27
92 27 23
92 23 22
92 27 26
92 26 25
92 25 24
92 29 28
92 32 31
93 30 18
93 18 15
93 15 13
93 13 12
93 12 10
93 10 9
93 9 0
93 9 8
93 8 7
93 7 1
93 7 6
93 6 3
93 3 2
93 6 5
93 5 4
93 12 11
93 15 14
93 18 17
93 17 16
93 30 29
93 29 25
93 25 24
93 24 19
93 24 23
93 23 20
93 23 22
93 22 21
93 29 28
93 28 27
93 27 26
94 31 30
94 30 28
94 28 7
94 7 6
94 6 1
94 1 0
94 6 5
94 5 4
94 4 3
94 3 2
94 28 27
94 27 8
94 27 26
94 26 12
94 12 11
94 11 9
94 11 10
94 26 25
94 25 22
94 22 21
94 21 20
94 20 19
94 19 17
94 17 16
94 16 15
94 15 13
94 15 14
94 19 18
94 25 24
94 24 23
94 30 29
95 30 0
95 30 29
95 29 25
95 25 13
95 13 12
95 12 10
95 10 4
95 4 3
95 3 2
95 2 1
95 10 9
95 9 8
95 8 5
95 8 7
95 7 6
95 12 11
95 25 24
95 24 16
95 16 14
95 16 15
95 24 23
95 23 22
95 22 17
95 22 21
95 21 20
95 20 19
95 19 18
95 29 28
95 28 27
95 27 26
96 34 5
96 5 4
96 4 3
96 3 1
96 1 0
96 3 2
96 34 33
96 33 32
96 32 30
96 30 9
96 9 8
96 8 7
96 7 6
96 30 29
96 29 28
96 28 27
96 27 11
96 11 10
96 27 26
96 26 24
96 24 23
96 23 13
96 13 12
96 23 22
96 22 21
96 21 20
96 20 19
96 19 18
96 18 14
96 18 17
96 17 15
96 17 16
96 26 25
96 32 31
97 33 32
97 32 26
97 26 25
97 25 22
97 22 17
97 17 1
97 1 0
97 17 16
97 16 13
97 13 8
97 8 5
97 5 4
97 4 3
97 3 2
97 8 7
97 7 6
97 13 12
97 12 11
97 11 10
97 10 9
97 16 15
97 15 14
97 22 21
97 21 20
97 20 18
97 20 19
97 25 24
97 24 23
97 32 31
97 31 29
97 29 27
97 29 28
97 31 30
98 32 31
98 31 1
98 1 0
98 31 30
98 30 29
98 29 2
98 29 28
98 28 15
98 15 12
98 12 10
98 10 5
98 5 3
98 5 4
98 10 9
98 9 7
98 7 6
98 9 8
98 12 11
98 15 14
98 14 13
98 28 27
98 27 26
98 26 20
98 20 19
98 19 17
98 17 16
98 19 18
98 26 25
98 25 23
98 23 21
98 23 22
98 25 24
99 32 31
99 31 30
99 30 28
99 28 1
99 1 0
99 28 27
99 27 22
99 22 14
99 14 13
99 13 5
99 5 3
99 3 2
99 5 4
99 13 12
99 12 7
99 7 6
99 12 11
99 11 8
99 11 10
99 10 9
99 22 21
99 21 19
99 19 18
99 18 16
99 16 15
99 18 17
99 21 20
99 27 26
99 26 23
99 26 25
99 25 24
99 30 29
100 31 30
100 30 22
100 22 21
100 21 9
100 9 8
100 8 2
100 2 1
100 1 0
100 8 7
100 7 4
100 4 3
100 7 6
100 6 5
100 21 20
100 20 19
100 19 13
100 13 12
100 12 10
100 12 11
100 19 18
100 18 14
100 18 17
100 17 15
100 17 16
100 30 29
100 29 28
100 28 27
100 27 23
100 27 26
100 26 24
100 26 25
101 33 0
101 33 32
101 32 29
101 29 27
101 27 25
101 25 23
101 23 21
101 21 13
101 13 11
101 11 10
101 10 5
101 5 3
101 3 1
101 3 2
101 5 4
101 10 9
101 9 7
101 7 6
101 9 8
101 13 12
101 21 20
101 20 18
101 18 16
101 16 15
101 15 14
101 18 17
101 20 19
101 23 22
101 25 24
101 27 26
101 29 28
101 32 31
101 31 30
