1 34 33
1 33 32
1 32 31
1 31 29
1 29 18
1 18 0
1 18 17
1 17 16
1 16 14
1 14 13
1 13 12
1 12 10
1 10 5
1 5 4
1 4 2
1 2 1
1 4 3
1 10 9
1 9 8
1 8 7
1 7 6
1 12 11
1 16 15
1 29 28
1 28 26
1 26 24
1 24 23
1 23 19
1 23 22
1 22 20
1 22 21
1 26 25
1 28 27
1 31 30
2 32 28
2 28 27
2 27 26
2 26 1
2 1 0
2 26 25
2 25 24
2 24 23
2 23 21
2 21 2
2 21 20
2 20 19
2 19 18
2 18 16
2 16 5
2 5 4
2 4 3
2 16 15
2 15 13
2 13 8
2 8 6
2 8 7
2 13 12
2 12 11
2 11 9
2 11 10
2 15 14
2 18 17
2 23 22
2 32 31
2 31 29
2 31 30
3 30 22
3 22 20
3 20 18
3 18 16
3 16 15
3 15 14
3 14 13
3 13 0
3 13 12
3 12 7
3 7 4
3 4 2
3 2 1
3 4 3
3 7 6
3 6 5
3 12 11
3 11 10
3 10 9
3 9 8
3 18 17
3 20 19
3 22 21
3 30 29
3 29 27
3 27 25
3 25 24
3 24 23
3 27 26
3 29 28
4 34 29
4 29 21
4 21 20
4 20 0
4 20 19
4 19 13
4 13 12
4 12 10
4 10 1
4 10 9
4 9 8
4 8 2
4 8 7
4 7 3
4 7 6
4 6 5
4 5 4
4 12 11
4 19 18
4 18 14
4 18 17
4 17 15
4 17 16
4 29 28
4 28 22
4 28 27
4 27 26
4 26 24
4 24 23
4 26 25
4 34 33
4 33 31
4 31 30
4 33 32
5 31 30
5 30 29
5 29 28
5 28 27
5 27 0
5 27 26
5 26 18
5 18 17
5 17 16
5 16 15
5 15 14
5 14 13
5 13 1
5 13 12
5 12 7
5 7 6
5 6 5
5 5 4
5 4 2
5 4 3
5 12 11
5 11 10
5 10 8
5 10 9
5 26 25
5 25 19
5 25 24
5 24 21
5 21 20
5 24 23
5 23 22
6 30 29
6 29 25
6 25 24
6 24 3
6 3 0
6 3 2
6 2 1
6 24 23
6 23 8
6 8 6
6 6 5
6 5 4
6 8 7
6 23 22
6 22 9
6 22 21
6 21 20
6 20 19
6 19 15
6 15 11
6 11 10
6 15 14
6 14 12
6 14 13
6 19 18
6 18 16
6 18 17
6 29 28
6 28 27
6 27 26
7 30 15
7 15 14
7 14 13
7 13 12
7 12 11
7 11 9
7 9 8
7 8 5
7 5 4
7 4 0
7 4 3
7 3 1
7 3 2
7 8 7
7 7 6
7 11 10
7 30 29
7 29 16
7 29 28
7 28 27
7 27 23
7 23 18
7 18 17
7 23 22
7 22 20
7 20 19
7 22 21
7 27 26
7 26 25
7 25 24
8 31 24
8 24 23
8 23 20
8 20 19
8 19 17
8 17 0
8 17 16
8 16 9
8 9 3
8 3 2
8 2 1
8 9 8
8 8 4
8 8 7
8 7 5
8 7 6
8 16 15
8 15 14
8 14 10
8 14 13
8 13 12
8 12 11
8 19 18
8 23 22
8 22 21
8 31 30
8 30 28
8 28 25
8 28 27
8 27 26
8 30 29
9 29 28
9 28 14
9 14 13
9 13 12
9 12 0
9 12 11
9 11 10
9 10 4
9 4 2
9 2 1
9 4 3
9 10 9
9 9 7
9 7 6
9 6 5
9 9 8
9 28 27
9 27 16
9 16 15
9 27 26
9 26 25
9 25 23
9 23 21
9 21 20
9 20 19
9 19 17
9 19 18
9 23 22
9 25 24
10 32 31
10 31 30
10 30 26
10 26 20
10 20 16
10 16 14
10 14 5
10 5 4
10 4 2
10 2 1
10 1 0
10 4 3
10 14 13
10 13 11
10 11 9
10 9 8
10 8 7
10 7 6
10 11 10
10 13 12
10 16 15
10 20 19
10 19 17
10 19 18
10 26 25
10 25 23
10 23 21
10 23 22
10 25 24
10 30 29
10 29 27
10 29 28
11 31 0
11 31 30
11 30 18
11 18 5
11 5 4
11 4 3
11 3 1
11 3 2
11 18 17
11 17 6
11 17 16
11 16 12
11 12 11
11 11 10
11 10 8
11 8 7
11 10 9
11 16 15
11 15 13
11 15 14
11 30 29
11 29 28
11 28 27
11 27 26
11 26 23
11 23 22
11 22 21
11 21 19
11 21 20
11 26 25
11 25 24
12 34 32
12 32 31
12 31 30
12 30 27
12 27 26
12 26 0
12 26 25
12 25 24
12 24 5
12 5 1
12 5 4
12 4 2
12 4 3
12 24 23
12 23 22
12 22 21
12 21 20
12 20 19
12 19 16
12 16 15
12 15 14
12 14 10
12 10 9
12 9 8
12 8 6
12 8 7
12 14 13
12 13 12
12 12 11
12 19 18
12 18 17
12 30 29
12 29 28
12 34 33
13 32 0
13 32 31
13 31 16
13 16 1
13 16 15
13 15 14
13 14 13
13 13 8
13 8 7
13 7 6
13 6 4
13 4 3
13 3 2
13 6 5
13 13 12
13 12 11
13 11 9
13 11 10
13 31 30
13 30 23
13 23 20
13 20 18
13 18 17
13 20 19
13 23 22
13 22 21
13 30 29
13 29 24
13 29 28
13 28 25
13 28 27
13 27 26
14 34 33
14 33 31
14 31 7
14 7 3
14 3 1
14 1 0
14 3 2
14 7 6
14 6 5
14 5 4
14 31 30
14 30 29
14 29 27
14 27 23
14 23 22
14 22 20
14 20 8
14 20 19
14 19 18
14 18 17
14 17 16
14 16 10
14 10 9
14 16 15
14 15 14
14 14 12
14 12 11
14 14 13
14 22 21
14 27 26
14 26 25
14 25 24
14 29 28
14 33 32
15 30 29
15 29 0
15 29 28
15 28 26
15 26 24
15 24 10
15 10 4
15 4 3
15 3 2
15 2 1
15 10 9
15 9 8
15 8 7
15 7 6
15 6 5
15 24 23
15 23 17
15 17 15
15 15 14
15 14 12
15 12 11
15 14 13
15 17 16
15 23 22
15 22 18
15 22 21
15 21 19
15 21 20
15 26 25
15 28 27
16 32 25
16 25 14
16 14 0
16 14 13
16 13 12
16 12 8
16 8 6
16 6 4
16 4 3
16 3 2
16 2 1
16 6 5
16 8 7
16 12 11
16 11 9
16 11 10
16 25 24
16 24 22
16 22 19
16 19 18
16 18 17
16 17 16
16 16 15
16 22 21
16 21 20
16 24 23
16 32 31
16 31 28
16 28 27
16 27 26
16 31 30
16 30 29
17 31 0
17 31 30
17 30 28
17 28 27
17 27 24
17 24 21
17 21 16
17 16 3
17 3 2
17 2 1
17 16 15
17 15 13
17 13 12
17 12 10
17 10 4
17 10 9
17 9 8
17 8 5
17 8 7
17 7 6
17 12 11
17 15 14
17 21 20
17 20 18
17 18 17
17 20 19
17 24 23
17 23 22
17 27 26
17 26 25
17 30 29
18 33 32
18 32 31
18 31 20
18 20 0
18 20 19
18 19 18
18 18 17
18 17 4
18 4 3
18 3 2
18 2 1
18 17 16
18 16 14
18 14 13
18 13 11
18 11 6
18 6 5
18 11 10
18 10 9
18 9 7
18 9 8
18 13 12
18 16 15
18 31 30
18 30 21
18 30 29
18 29 28
18 28 27
18 27 22
18 27 26
18 26 23
18 26 25
18 25 24
19 29 28
19 28 1
19 1 0
19 28 27
19 27 18
19 18 3
19 3 2
19 18 17
19 17 16
19 16 10
19 10 4
19 10 9
19 9 7
19 7 5
19 7 6
19 9 8
19 16 15
19 15 11
19 15 14
19 14 12
19 14 13
19 27 26
19 26 25
19 25 23
19 23 21
19 21 20
19 20 19
19 23 22
19 25 24
20 31 9
20 9 7
20 7 0
20 7 6
20 6 2
20 2 1
20 6 5
20 5 4
20 4 3
20 9 8
20 31 30
20 30 10
20 30 29
20 29 27
20 27 26
20 26 16
20 16 13
20 13 12
20 12 11
20 16 15
20 15 14
20 26 25
20 25 17
20 25 24
20 24 18
20 24 23
20 23 19
20 23 22
20 22 21
20 21 20
20 29 28
21 33 0
21 33 32
21 32 30
21 30 27
21 27 22
21 22 1
21 22 21
21 21 20
21 20 18
21 18 5
21 5 4
21 4 3
21 3 2
21 18 17
21 17 16
21 16 14
21 14 12
21 12 11
21 11 8
21 8 6
21 8 7
21 11 10
21 10 9
21 14 13
21 16 15
21 20 19
21 27 26
21 26 25
21 25 23
21 25 24
21 30 29
21 29 28
21 32 31
22 32 1
22 1 0
22 32 31
22 31 27
22 27 26
22 26 9
22 9 8
22 8 2
22 8 7
22 7 6
22 6 3
22 6 5
22 5 4
22 26 25
22 25 24
22 24 23
22 23 18
22 18 12
22 12 10
22 12 11
22 18 17
22 17 16
22 16 15
22 15 14
22 14 13
22 23 22
22 22 21
22 21 19
22 21 20
22 31 30
22 30 29
22 29 28
23 34 6
23 6 5
23 5 4
23 4 3
23 3 2
23 2 0
23 2 1
23 34 33
23 33 32
23 32 20
23 20 19
23 19 13
23 13 7
23 13 12
23 12 10
23 10 9
23 9 8
23 12 11
23 19 18
23 18 17
23 17 16
23 16 14
23 16 15
23 32 31
23 31 21
23 31 30
23 30 23
23 23 22
23 30 29
23 29 28
23 28 27
23 27 24
23 27 26
23 26 25
24 31 2
24 2 0
24 2 1
24 31 30
24 30 29
24 29 28
24 28 22
24 22 12
24 12 7
24 7 5
24 5 4
24 4 3
24 7 6
24 12 11
24 11 10
24 10 8
24 10 9
24 22 21
24 21 16
24 16 15
24 15 14
24 14 13
24 21 20
24 20 17
24 20 19
24 19 18
24 28 27
24 27 26
24 26 24
24 24 23
24 26 25
25 31 18
25 18 17
25 17 16
25 16 0
25 16 15
25 15 14
25 14 11
25 11 4
25 4 2
25 2 1
25 4 3
25 11 10
25 10 5
25 10 9
25 9 8
25 8 7
25 7 6
25 14 13
25 13 12
25 31 30
25 30 29
25 29 19
25 29 28
25 28 26
25 26 24
25 24 23
25 23 21
25 21 20
25 23 22
25 26 25
25 28 27
26 33 32
26 32 26
26 26 10
26 10 1
26 1 0
26 10 9
26 9 8
26 8 7
26 7 4
26 4 3
26 3 2
26 7 6
26 6 5
26 26 25
26 25 24
26 24 23
26 23 11
26 23 22
26 22 16
26 16 15
26 15 12
26 15 14
26 14 13
26 22 21
26 21 17
26 21 20
26 20 19
26 19 18
26 32 31
26 31 27
26 31 30
26 30 28
26 30 29
27 31 13
27 13 7
27 7 1
27 1 0
27 7 6
27 6 4
27 4 2
27 4 3
27 6 5
27 13 12
27 12 8
27 12 11
27 11 9
27 11 10
27 31 30
27 30 16
27 16 14
27 16 15
27 30 29
27 29 28
27 28 27
27 27 25
27 25 24
27 24 22
27 22 18
27 18 17
27 22 21
27 21 19
27 21 20
27 24 23
27 27 26
28 33 30
28 30 29
28 29 12
28 12 4
28 4 2
28 2 0
28 2 1
28 4 3
28 12 11
28 11 10
28 10 5
28 10 9
28 9 8
28 8 6
28 8 7
28 29 28
28 28 27
28 27 26
28 26 21
28 21 20
28 20 19
28 19 18
28 18 13
28 18 17
28 17 16
28 16 15
28 15 14
28 26 25
28 25 22
28 25 24
28 24 23
28 33 32
28 32 31
29 31 0
29 31 30
29 30 21
29 21 20
29 20 5
29 5 1
29 5 4
29 4 2
29 4 3
29 20 19
29 19 12
29 12 10
29 10 7
29 7 6
29 10 9
29 9 8
29 12 11
29 19 18
29 18 17
29 17 14
29 14 13
29 17 16
29 16 15
29 30 29
29 29 28
29 28 27
29 27 26
29 26 25
29 25 24
29 24 22
29 24 23
30 32 2
30 2 0
30 2 1
30 32 31
30 31 26
30 26 3
30 26 25
30 25 24
30 24 22
30 22 4
30 22 21
30 21 9
30 9 8
30 8 7
30 7 5
30 7 6
30 21 20
30 20 19
30 19 15
30 15 14
30 14 11
30 11 10
30 14 13
30 13 12
30 19 18
30 18 16
30 18 17
30 24 23
30 31 30
30 30 29
30 29 27
30 29 28
31 34 0
31 34 33
31 33 19
31 19 3
31 3 1
31 3 2
31 19 18
31 18 16
31 16 15
31 15 11
31 11 4
31 11 10
31 10 9
31 9 6
31 6 5
31 9 8
31 8 7
31 15 14
31 14 12
31 14 13
31 18 17
31 33 32
31 32 20
31 32 31
31 31 28
31 28 26
31 26 23
31 23 21
31 23 22
31 26 25
31 25 24
31 28 27
31 31 30
31 30 29
32 30 28
32 28 27
32 27 23
32 23 1
32 1 0
32 23 22
32 22 21
32 21 19
32 19 18
32 18 11
32 11 2
32 11 10
32 10 9
32 9 5
32 5 3
32 5 4
32 9 8
32 8 6
32 8 7
32 18 17
32 17 13
32 13 12
32 17 16
32 16 14
32 16 15
32 21 20
32 27 26
32 26 24
32 26 25
32 30 29
33 31 30
33 30 27
33 27 2
33 2 1
33 1 0
33 27 26
33 26 24
33 24 8
33 8 6
33 6 5
33 5 4
33 4 3
33 8 7
33 24 23
33 23 20
33 20 18
33 18 11
33 11 9
33 11 10
33 18 17
33 17 15
33 15 14
33 14 13
33 13 12
33 17 16
33 20 19
33 23 22
33 22 21
33 26 25
33 30 29
33 29 28
34 33 32
34 32 1
34 1 0
34 32 31
34 31 5
34 5 4
34 4 3
34 3 2
34 31 30
34 30 6
34 30 29
34 29 27
34 27 21
34 21 19
34 19 18
34 18 17
34 17 16
34 16 9
34 9 8
34 8 7
34 16 15
34 15 13
34 13 12
34 12 11
34 11 10
34 15 14
34 21 20
34 27 26
34 26 25
34 25 23
34 23 22
34 25 24
34 29 28
35 34 33
35 33 14
35 14 13
35 13 11
35 11 9
35 9 0
35 9 8
35 8 7
35 7 6
35 6 5
35 5 1
35 5 4
35 4 3
35 3 2
35 11 10
35 13 12
35 33 32
35 32 19
35 19 17
35 17 15
35 17 16
35 19 18
35 32 31
35 31 21
35 21 20
35 31 30
35 30 29
35 29 25
35 25 22
35 25 24
35 24 23
35 29 28
35 28 27
35 27 26
36 34 33
36 33 5
36 5 0
36 5 4
36 4 1
36 4 3
36 3 2
36 33 32
36 32 6
36 32 31
36 31 30
36 30 29
36 29 22
36 22 20
36 20 19
36 19 7
36 19 18
36 18 17
36 17 8
36 17 16
36 16 15
36 15 14
36 14 13
36 13 11
36 11 9
36 11 10
36 13 12
36 22 21
36 29 28
36 28 27
36 27 26
36 26 23
36 26 25
36 25 24
37 33 31
37 31 29
37 29 26
37 26 24
37 24 23
37 23 6
37 6 5
37 5 0
37 5 4
37 4 2
37 2 1
37 4 3
37 23 22
37 22 20
37 20 17
37 17 16
37 16 7
37 16 15
37 15 9
37 9 8
37 15 14
37 14 13
37 13 12
37 12 10
37 12 11
37 20 19
37 19 18
37 22 21
37 26 25
37 29 28
37 28 27
37 31 30
37 33 32
38 33 18
38 18 12
38 12 0
38 12 11
38 11 10
38 10 3
38 3 1
38 3 2
38 10 9
38 9 8
38 8 7
38 7 5
38 5 4
38 7 6
38 18 17
38 17 13
38 17 16
38 16 15
38 15 14
38 33 32
38 32 30
38 30 25
38 25 19
38 25 24
38 24 23
38 23 21
38 21 20
38 23 22
38 30 29
38 29 28
38 28 26
38 28 27
38 32 31
39 29 28
39 28 26
39 26 25
39 25 23
39 23 22
39 22 2
39 2 0
39 2 1
39 22 21
39 21 13
39 13 6
39 6 5
39 5 3
39 5 4
39 13 12
39 12 7
39 12 11
39 11 10
39 10 8
39 10 9
39 21 20
39 20 18
39 18 16
39 16 14
39 16 15
39 18 17
39 20 19
39 25 24
39 28 27
40 32 31
40 31 0
40 31 30
40 30 25
40 25 7
40 7 6
40 6 5
40 5 3
40 3 1
40 3 2
40 5 4
40 25 24
40 24 10
40 10 9
40 9 8
40 24 23
40 23 21
40 21 13
40 13 12
40 12 11
40 21 20
40 20 19
40 19 15
40 15 14
40 19 18
40 18 16
40 18 17
40 23 22
40 30 29
40 29 28
40 28 26
40 28 27
41 34 32
41 32 30
41 30 2
41 2 0
41 2 1
41 30 29
41 29 28
41 28 27
41 27 25
41 25 4
41 4 3
41 25 24
41 24 8
41 8 7
41 7 5
41 7 6
41 24 23
41 23 9
41 23 22
41 22 21
41 21 13
41 13 10
41 13 12
41 12 11
41 21 20
41 20 18
41 18 15
41 15 14
41 18 17
41 17 16
41 20 19
41 27 26
41 32 31
41 34 33
42 30 0
42 30 29
42 29 8
42 8 1
42 8 7
42 7 5
42 5 4
42 4 3
42 3 2
42 7 6
42 29 28
42 28 25
42 25 14
42 14 9
42 14 13
42 13 11
42 11 10
42 13 12
42 25 24
42 24 23
42 23 21
42 21 15
42 21 20
42 20 19
42 19 16
42 19 18
42 18 17
42 23 22
42 28 27
42 27 26
43 32 29
43 29 6
43 6 3
43 3 1
43 1 0
43 3 2
43 6 5
43 5 4
43 29 28
43 28 8
43 8 7
43 28 27
43 27 25
43 25 24
43 24 9
43 24 23
43 23 10
43 23 22
43 22 11
43 22 21
43 21 20
43 20 18
43 18 17
43 17 16
43 16 13
43 13 12
43 16 15
43 15 14
43 20 19
43 27 26
43 32 31
43 31 30
44 31 30
44 30 5
44 5 4
44 4 3
44 3 2
44 2 0
44 2 1
44 30 29
44 29 18
44 18 8
44 8 6
44 8 7
44 18 17
44 17 16
44 16 15
44 15 11
44 11 10
44 10 9
44 15 14
44 14 12
44 14 13
44 29 28
44 28 22
44 22 21
44 21 19
44 21 20
44 28 27
44 27 23
44 27 26
44 26 25
44 25 24
45 34 33
45 33 32
45 32 0
45 32 31
45 31 29
45 29 28
45 28 27
45 27 8
45 8 7
45 7 6
45 6 5
45 5 4
45 4 2
45 2 1
45 4 3
45 27 26
45 26 11
45 11 9
45 11 10
45 26 25
45 25 24
45 24 12
45 24 23
45 23 18
45 18 17
45 17 16
45 16 15
45 15 13
45 15 14
45 23 22
45 22 19
45 22 21
45 21 20
45 31 30
46 31 22
46 22 0
46 22 21
46 21 4
46 4 3
46 3 1
46 3 2
46 21 20
46 20 18
46 18 17
46 17 16
46 16 5
46 16 15
46 15 6
46 15 14
46 14 10
46 10 7
46 10 9
46 9 8
46 14 13
46 13 11
46 13 12
46 20 19
46 31 30
46 30 23
46 30 29
46 29 28
46 28 27
46 27 24
46 27 26
46 26 25
47 32 0
47 32 31
47 31 30
47 30 26
47 26 24
47 24 18
47 18 11
47 11 10
47 10 7
47 7 1
47 7 6
47 6 4
47 4 3
47 3 2
47 6 5
47 10 9
47 9 8
47 18 17
47 17 12
47 17 16
47 16 14
47 14 13
47 16 15
47 24 23
47 23 20
47 20 19
47 23 22
47 22 21
47 26 25
47 30 29
47 29 27
47 29 28
48 33 32
48 32 30
48 30 17
48 17 1
48 1 0
48 17 16
48 16 15
48 15 12
48 12 3
48 3 2
48 12 11
48 11 4
48 11 10
48 10 9
48 9 7
48 7 5
48 7 6
48 9 8
48 15 14
48 14 13
48 30 29
48 29 23
48 23 22
48 22 18
48 22 21
48 21 20
48 20 19
48 29 28
48 28 25
48 25 24
48 28 27
48 27 26
48 32 31
49 33 24
49 24 22
49 22 0
49 22 21
49 21 20
49 20 1
49 20 19
49 19 16
49 16 5
49 5 4
49 4 3
49 3 2
49 16 15
49 15 8
49 8 6
49 8 7
49 15 14
49 14 12
49 12 9
49 12 11
49 11 10
49 14 13
49 19 18
49 18 17
49 24 23
49 33 32
49 32 31
49 31 30
49 30 26
49 26 25
49 30 29
49 29 27
49 29 28
50 30 23
50 23 0
50 23 22
50 22 21
50 21 20
50 20 18
50 18 17
50 17 13
50 13 11
50 11 10
50 10 2
50 2 1
50 10 9
50 9 3
50 9 8
50 8 5
50 5 4
50 8 7
50 7 6
50 13 12
50 17 16
50 16 15
50 15 14
50 20 19
50 30 29
50 29 27
50 27 26
50 26 24
50 26 25
50 29 28
51 31 30
51 30 5
51 5 4
51 4 3
51 3 1
51 1 0
51 3 2
51 30 29
51 29 16
51 16 7
51 7 6
51 16 15
51 15 13
51 13 12
51 12 10
51 10 8
51 10 9
51 12 11
51 15 14
51 29 28
51 28 22
51 22 21
51 21 20
51 20 19
51 19 17
51 19 18
51 28 27
51 27 25
51 25 23
51 25 24
51 27 26
52 31 0
52 31 30
52 30 29
52 29 19
52 19 2
52 2 1
52 19 18
52 18 3
52 18 17
52 17 16
52 16 9
52 9 6
52 6 5
52 5 4
52 9 8
52 8 7
52 16 15
52 15 12
52 12 11
52 11 10
52 15 14
52 14 13
52 29 28
52 28 22
52 22 21
52 21 20
52 28 27
52 27 26
52 26 25
52 25 23
52 25 24
53 33 11
53 11 8
53 8 3
53 3 2
53 2 1
53 1 0
53 8 7
53 7 6
53 6 5
53 5 4
53 11 10
53 10 9
53 33 32
53 32 30
53 30 29
53 29 28
53 28 12
53 28 27
53 27 25
53 25 24
53 24 23
53 23 17
53 17 16
53 16 15
53 15 13
53 15 14
53 23 22
53 22 21
53 21 18
53 21 20
53 20 19
53 27 26
53 32 31
54 33 32
54 32 30
54 30 28
54 28 27
54 27 22
54 22 1
54 1 0
54 22 21
54 21 10
54 10 2
54 10 9
54 9 3
54 9 8
54 8 5
54 5 4
54 8 7
54 7 6
54 21 20
54 20 17
54 17 16
54 16 15
54 15 13
54 13 12
54 12 11
54 15 14
54 20 19
54 19 18
54 27 26
54 26 23
54 26 25
54 25 24
54 30 29
54 32 31
55 34 33
55 33 31
55 31 30
55 30 29
55 29 10
55 10 5
55 5 4
55 4 0
55 4 3
55 3 1
55 3 2
55 10 9
55 9 8
55 8 7
55 7 6
55 29 28
55 28 22
55 22 21
55 21 20
55 20 17
55 17 11
55 17 16
55 16 12
55 16 15
55 15 13
55 15 14
55 20 19
55 19 18
55 28 27
55 27 23
55 27 26
55 26 25
55 25 24
55 33 32
56 29 0
56 29 28
56 28 5
56 5 4
56 4 1
56 4 3
56 3 2
56 28 27
56 27 8
56 8 6
56 8 7
56 27 26
56 26 19
56 19 16
56 16 13
56 13 11
56 11 10
56 10 9
56 13 12
56 16 15
56 15 14
56 19 18
56 18 17
56 26 25
56 25 23
56 23 20
56 23 22
56 22 21
56 25 24
57 32 3
57 3 1
57 1 0
57 3 2
57 32 31
57 31 9
57 9 8
57 8 4
57 8 7
57 7 6
57 6 5
57 31 30
57 30 19
57 19 18
57 18 17
57 17 10
57 17 16
57 16 15
57 15 11
57 15 14
57 14 13
57 13 12
57 30 29
57 29 28
57 28 20
57 28 27
57 27 26
57 26 25
57 25 24
57 24 21
57 24 23
57 23 22
58 30 29
58 29 2
58 2 0
58 2 1
58 29 28
58 28 4
58 4 3
58 28 27
58 27 26
58 26 23
58 23 7
58 7 5
58 7 6
58 23 22
58 22 8
58 22 21
58 21 18
58 18 17
58 17 16
58 16 12
58 12 11
58 11 10
58 10 9
58 16 15
58 15 14
58 14 13
58 21 20
58 20 19
58 26 25
58 25 24
59 31 1
59 1 0
59 31 30
59 30 29
59 29 28
59 28 27
59 27 24
59 24 23
59 23 2
59 23 22
59 22 21
59 21 20
59 20 4
59 4 3
59 20 19
59 19 5
59 19 18
59 18 11
59 11 10
59 10 9
59 9 8
59 8 6
59 8 7
59 18 17
59 17 16
59 16 15
59 15 12
59 15 14
59 14 13
59 27 26
59 26 25
60 30 0
60 30 29
60 29 9
60 9 1
60 9 8
60 8 2
60 8 7
60 7 3
60 7 6
60 6 5
60 5 4
60 29 28
60 28 25
60 25 21
60 21 19
60 19 13
60 13 10
60 13 12
60 12 11
60 19 18
60 18 17
60 17 16
60 16 14
60 16 15
60 21 20
60 25 24
60 24 22
60 24 23
60 28 27
60 27 26
61 34 32
61 32 31
61 31 29
61 29 28
61 28 8
61 8 7
61 7 2
61 2 0
61 2 1
61 7 6
61 6 3
61 6 5
61 5 4
61 28 27
61 27 15
61 15 9
61 15 14
61 14 13
61 13 12
61 12 11
61 11 10
61 27 26
61 26 25
61 25 18
61 18 16
61 18 17
61 25 24
61 24 22
61 22 19
61 22 21
61 21 20
61 24 23
61 31 30
61 34 33
62 29 3
62 3 1
62 1 0
62 3 2
62 29 28
62 28 5
62 5 4
62 28 27
62 27 20
62 20 18
62 18 17
62 17 13
62 13 10
62 10 9
62 9 8
62 8 7
62 7 6
62 13 12
62 12 11
62 17 16
62 16 14
62 16 15
62 20 19
62 27 26
62 26 24
62 24 22
62 22 21
62 24 23
62 26 25
63 33 6
63 6 5
63 5 4
63 4 1
63 1 0
63 4 3
63 3 2
63 33 32
63 32 31
63 31 29
63 29 9
63 9 8
63 8 7
63 29 28
63 28 27
63 27 24
63 24 21
63 21 20
63 20 18
63 18 15
63 15 14
63 14 10
63 14 13
63 13 11
63 13 12
63 18 17
63 17 16
63 20 19
63 24 23
63 23 22
63 27 26
63 26 25
63 31 30
64 31 30
64 30 29
64 29 27
64 27 7
64 7 4
64 4 3
64 3 2
64 2 0
64 2 1
64 7 6
64 6 5
64 27 26
64 26 24
64 24 23
64 23 22
64 22 15
64 15 14
64 14 12
64 12 10
64 10 9
64 9 8
64 12 11
64 14 13
64 22 21
64 21 18
64 18 17
64 17 16
64 21 20
64 20 19
64 26 25
64 29 28
65 30 28
65 28 27
65 27 3
65 3 2
65 2 1
65 1 0
65 27 26
65 26 25
65 25 24
65 24 4
65 24 23
65 23 21
65 21 20
65 20 16
65 16 15
65 15 14
65 14 12
65 12 11
65 11 6
65 6 5
65 11 10
65 10 9
65 9 7
65 9 8
65 14 13
65 20 19
65 19 18
65 18 17
65 23 22
65 30 29
66 29 28
66 28 27
66 27 17
66 17 15
66 15 5
66 5 1
66 1 0
66 5 4
66 4 2
66 4 3
66 15 14
66 14 7
66 7 6
66 14 13
66 13 12
66 12 8
66 12 11
66 11 10
66 10 9
66 17 16
66 27 26
66 26 22
66 22 21
66 21 20
66 20 19
66 19 18
66 26 25
66 25 23
66 25 24
67 33 29
67 29 0
67 29 28
67 28 27
67 27 20
67 20 17
67 17 16
67 16 15
67 15 3
67 3 1
67 3 2
67 15 14
67 14 12
67 12 10
67 10 9
67 9 5
67 5 4
67 9 8
67 8 6
67 8 7
67 12 11
67 14 13
67 20 19
67 19 18
67 27 26
67 26 24
67 24 21
67 24 23
67 23 22
67 26 25
67 33 32
67 32 31
67 31 30
68 30 29
68 29 20
68 20 0
68 20 19
68 19 3
68 3 2
68 2 1
68 19 18
68 18 15
68 15 12
68 12 9
68 9 8
68 8 7
68 7 4
68 7 6
68 6 5
68 12 11
68 11 10
68 15 14
68 14 13
68 18 17
68 17 16
68 29 28
68 28 27
68 27 26
68 26 23
68 23 22
68 22 21
68 26 25
68 25 24
69 33 7
69 7 5
69 5 3
69 3 0
69 3 2
69 2 1
69 5 4
69 7 6
69 33 32
69 32 31
69 31 30
69 30 29
69 29 9
69 9 8
69 29 28
69 28 27
69 27 24
69 24 12
69 12 10
69 12 11
69 24 23
69 23 22
69 22 17
69 17 13
69 17 16
69 16 14
69 16 15
69 22 21
69 21 18
69 21 20
69 20 19
69 27 26
69 26 25
70 31 30
70 30 20
70 20 0
70 20 19
70 19 14
70 14 4
70 4 2
70 2 1
70 4 3
70 14 13
70 13 12
70 12 11
70 11 10
70 10 9
70 9 8
70 8 7
70 7 6
70 6 5
70 19 18
70 18 17
70 17 15
70 17 16
70 30 29
70 29 23
70 23 22
70 22 21
70 29 28
70 28 27
70 27 26
70 26 25
70 25 24
71 32 0
71 32 31
71 31 15
71 15 14
71 14 11
71 11 10
71 10 9
71 9 4
71 4 3
71 3 1
71 3 2
71 9 8
71 8 5
71 8 7
71 7 6
71 14 13
71 13 12
71 31 30
71 30 29
71 29 27
71 27 23
71 23 21
71 21 20
71 20 19
71 19 18
71 18 17
71 17 16
71 23 22
71 27 26
71 26 24
71 26 25
71 29 28
72 31 28
72 28 0
72 28 27
72 27 26
72 26 25
72 25 17
72 17 1
72 17 16
72 16 12
72 12 3
72 3 2
72 12 11
72 11 4
72 11 10
72 10 6
72 6 5
72 10 9
72 9 8
72 8 7
72 16 15
72 15 13
72 15 14
72 25 24
72 24 22
72 22 18
72 22 21
72 21 19
72 21 20
72 24 23
72 31 30
72 30 29
73 32 0
73 32 31
73 31 7
73 7 6
73 6 5
73 5 3
73 3 1
73 3 2
73 5 4
73 31 30
73 30 23
73 23 8
73 23 22
73 22 21
73 21 13
73 13 11
73 11 10
73 10 9
73 13 12
73 21 20
73 20 14
73 20 19
73 19 15
73 19 18
73 18 16
73 18 17
73 30 29
73 29 26
73 26 25
73 25 24
73 29 28
73 28 27
74 31 30
74 30 14
74 14 3
74 3 2
74 2 1
74 1 0
74 14 13
74 13 6
74 6 5
74 5 4
74 13 12
74 12 7
74 12 11
74 11 10
74 10 9
74 9 8
74 30 29
74 29 28
74 28 15
74 28 27
74 27 24
74 24 22
74 22 16
74 22 21
74 21 18
74 18 17
74 21 20
74 20 19
74 24 23
74 27 26
74 26 25
75 31 13
75 13 12
75 12 8
75 8 7
75 7 6
75 6 0
75 6 5
75 5 4
75 4 2
75 2 1
75 4 3
75 12 11
75 11 10
75 10 9
75 31 30
75 30 28
75 28 16
75 16 14
75 16 15
75 28 27
75 27 17
75 27 26
75 26 25
75 25 19
75 19 18
75 25 24
75 24 21
75 21 20
75 24 23
75 23 22
75 30 29
76 29 28
76 28 4
76 4 3
76 3 2
76 2 0
76 2 1
76 28 27
76 27 5
76 27 26
76 26 14
76 14 12
76 12 11
76 11 10
76 10 9
76 9 8
76 8 7
76 7 6
76 14 13
76 26 25
76 25 20
76 20 19
76 19 16
76 16 15
76 19 18
76 18 17
76 25 24
76 24 21
76 24 23
76 23 22
77 29 26
77 26 13
77 13 11
77 11 8
77 8 6
77 6 0
77 6 5
77 5 2
77 2 1
77 5 4
77 4 3
77 8 7
77 11 10
77 10 9
77 13 12
77 26 25
77 25 14
77 25 24
77 24 23
77 23 22
77 22 20
77 20 18
77 18 17
77 17 15
77 17 16
77 20 19
77 22 21
77 29 28
77 28 27
78 29 27
78 27 4
78 4 3
78 3 2
78 2 1
78 1 0
78 27 26
78 26 24
78 24 22
78 22 5
78 22 21
78 21 16
78 16 15
78 15 13
78 13 6
78 13 12
78 12 9
78 9 7
78 9 8
78 12 11
78 11 10
78 15 14
78 21 20
78 20 19
78 19 18
78 18 17
78 24 23
78 26 25
78 29 28
79 33 31
79 31 2
79 2 0
79 2 1
79 31 30
79 30 13
79 13 3
79 13 12
79 12 9
79 9 4
79 9 8
79 8 6
79 6 5
79 8 7
79 12 11
79 11 10
79 30 29
79 29 16
79 16 15
79 15 14
79 29 28
79 28 17
79 28 27
79 27 21
79 21 20
79 20 18
79 20 19
79 27 26
79 26 25
79 25 22
79 25 24
79 24 23
79 33 32
80 33 32
80 32 31
80 31 0
80 31 30
80 30 29
80 29 23
80 23 20
80 20 19
80 19 17
80 17 16
80 16 1
80 16 15
80 15 14
80 14 2
80 14 13
80 13 12
80 12 11
80 11 10
80 10 8
80 8 6
80 6 5
80 5 3
80 5 4
80 8 7
80 10 9
80 19 18
80 23 22
80 22 21
80 29 28
80 28 27
80 27 25
80 25 24
80 27 26
81 32 31
81 31 30
81 30 1
81 1 0
81 30 29
81 29 28
81 28 3
81 3 2
81 28 27
81 27 25
81 25 24
81 24 22
81 22 20
81 20 9
81 9 6
81 6 5
81 5 4
81 9 8
81 8 7
81 20 19
81 19 10
81 19 18
81 18 16
81 16 12
81 12 11
81 16 15
81 15 14
81 14 13
81 18 17
81 22 21
81 24 23
81 27 26
82 29 25
82 25 24
82 24 7
82 7 0
82 7 6
82 6 5
82 5 1
82 5 4
82 4 3
82 3 2
82 24 23
82 23 22
82 22 21
82 21 20
82 20 18
82 18 17
82 17 15
82 15 9
82 9 8
82 15 14
82 14 10
82 14 13
82 13 12
82 12 11
82 17 16
82 20 19
82 29 28
82 28 27
82 27 26
83 32 1
83 1 0
83 32 31
83 31 2
83 31 30
83 30 28
83 28 26
83 26 3
83 26 25
83 25 24
83 24 23
83 23 6
83 6 5
83 5 4
83 23 22
83 22 16
83 16 15
83 15 14
83 14 7
83 14 13
83 13 12
83 12 11
83 11 9
83 9 8
83 11 10
83 22 21
83 21 20
83 20 18
83 18 17
83 20 19
83 28 27
83 30 29
84 32 31
84 31 30
84 30 21
84 21 19
84 19 4
84 4 2
84 2 1
84 1 0
84 4 3
84 19 18
84 18 10
84 10 9
84 9 5
84 9 8
84 8 6
84 8 7
84 18 17
84 17 15
84 15 12
84 12 11
84 15 14
84 14 13
84 17 16
84 21 20
84 30 29
84 29 28
84 28 26
84 26 24
84 24 22
84 24 23
84 26 25
84 28 27
85 33 26
85 26 23
85 23 9
85 9 8
85 8 1
85 1 0
85 8 7
85 7 2
85 7 6
85 6 5
85 5 4
85 4 3
85 23 22
85 22 20
85 20 19
85 19 12
85 12 11
85 11 10
85 19 18
85 18 15
85 15 14
85 14 13
85 18 17
85 17 16
85 22 21
85 26 25
85 25 24
85 33 32
85 32 31
85 31 27
85 31 30
85 30 29
85 29 28
86 31 21
86 21 0
86 21 20
86 20 12
86 12 10
86 10 2
86 2 1
86 10 9
86 9 3
86 9 8
86 8 7
86 7 4
86 7 6
86 6 5
86 12 11
86 20 19
86 19 13
86 19 18
86 18 15
86 15 14
86 18 17
86 17 16
86 31 30
86 30 27
86 27 23
86 23 22
86 27 26
86 26 24
86 26 25
86 30 29
86 29 28
87 34 31
87 31 5
87 5 1
87 1 0
87 5 4
87 4 3
87 3 2
87 31 30
87 30 6
87 30 29
87 29 8
87 8 7
87 29 28
87 28 14
87 14 11
87 11 9
87 11 10
87 14 13
87 13 12
87 28 27
87 27 15
87 27 26
87 26 23
87 23 22
87 22 21
87 21 18
87 18 16
87 18 17
87 21 20
87 20 19
87 26 25
87 25 24
87 34 33
87 33 32
88 30 26
88 26 0
88 26 25
88 25 10
88 10 8
88 8 7
88 7 5
88 5 3
88 3 2
88 2 1
88 5 4
88 7 6
88 10 9
88 25 24
88 24 22
88 22 21
88 21 20
88 20 14
88 14 13
88 13 12
88 12 11
88 20 19
88 19 17
88 17 16
88 16 15
88 19 18
88 24 23
88 30 29
88 29 28
88 28 27
89 29 27
89 27 26
89 26 2
89 2 0
89 2 1
89 26 25
89 25 22
89 22 3
89 22 21
89 21 15
89 15 13
89 13 12
89 12 4
89 12 11
89 11 5
89 11 10
89 10 9
89 9 8
89 8 7
89 7 6
89 15 14
89 21 20
89 20 18
89 18 17
89 17 16
89 20 19
89 25 24
89 24 23
89 29 28
90 32 28
90 28 27
90 27 17
90 17 16
90 16 0
90 16 15
90 15 5
90 5 4
90 4 3
90 3 2
90 2 1
90 15 14
90 14 6
90 14 13
90 13 8
90 8 7
90 13 12
90 12 10
90 10 9
90 12 11
90 27 26
90 26 25
90 25 23
90 23 19
90 19 18
90 23 22
90 22 21
90 21 20
90 25 24
90 32 31
90 31 29
90 31 30
91 30 29
91 29 21
91 21 1
91 1 0
91 21 20
91 20 19
91 19 18
91 18 2
91 18 17
91 17 14
91 14 6
91 6 5
91 5 3
91 5 4
91 14 13
91 13 12
91 12 7
91 12 11
91 11 10
91 10 9
91 9 8
91 17 16
91 16 15
91 29 28
91 28 25
91 25 23
91 23 22
91 25 24
91 28 27
91 27 26
92 30 28
92 28 27
92 27 1
92 1 0
92 27 26
92 26 7
92 7 6
92 6 5
92 5 4
92 4 3
92 3 2
92 26 25
92 25 19
92 19 8
92 19 18
92 18 17
92 17 16
92 16 14
92 14 12
92 12 9
92 12 11
92 11 10
92 14 13
92 16 15
92 25 24
92 24 21
92 21 20
92 24 23
92 23 22
92 30 29
93 34 32
93 32 31
93 31 28
93 28 24
93 24 4
93 4 3
93 3 2
93 2 0
93 2 1
93 24 23
93 23 5
93 23 22
93 22 20
93 20 19
93 19 11
93 11 6
93 11 10
93 10 9
93 9 7
93 9 8
93 19 18
93 18 16
93 16 15
93 15 12
93 15 14
93 14 13
93 18 17
93 22 21
93 28 27
93 27 25
93 27 26
93 31 30
93 30 29
93 34 33
94 29 28
94 28 10
94 10 8
94 8 6
94 6 2
94 2 0
94 2 1
94 6 5
94 5 4
94 4 3
94 8 7
94 10 9
94 28 27
94 27 26
94 26 11
94 26 25
94 25 12
94 25 24
94 24 23
94 23 22
94 22 20
94 20 19
94 19 14
94 14 13
94 19 18
94 18 17
94 17 15
94 17 16
94 22 21
95 31 11
95 11 8
95 8 6
95 6 5
95 5 4
95 4 2
95 2 1
95 1 0
95 4 3
95 8 7
95 11 10
95 10 9
95 31 30
95 30 14
95 14 13
95 13 12
95 30 29
95 29 18
95 18 17
95 17 16
95 16 15
95 29 28
95 28 19
95 28 27
95 27 26
95 26 25
95 25 22
95 22 21
95 21 20
95 25 24
95 24 23
96 30 28
96 28 26
96 26 25
96 25 24
96 24 7
96 7 6
96 6 5
96 5 0
96 5 4
96 4 1
96 4 3
96 3 2
96 24 23
96 23 18
96 18 8
96 18 17
96 17 9
96 17 16
96 16 10
96 16 15
96 15 14
96 14 13
96 13 12
96 12 11
96 23 22
96 22 20
96 20 19
96 22 21
96 28 27
96 30 29
97 31 0
97 31 30
97 30 21
97 21 20
97 20 19
97 19 17
97 17 16
97 16 1
97 16 15
97 15 10
97 10 9
97 9 8
97 8 7
97 7 2
97 7 6
97 6 5
97 5 4
97 4 3
97 15 14
97 14 13
97 13 11
97 13 12
97 19 18
97 30 29
97 29 28
97 28 25
97 25 23
97 23 22
97 25 24
97 28 27
97 27 26
98 29 0
98 29 28
98 28 20
98 20 19
98 19 17
98 17 16
98 16 1
98 16 15
98 15 14
98 14 8
98 8 6
98 6 5
98 5 2
98 5 4
98 4 3
98 8 7
98 14 13
98 13 9
98 13 12
98 12 11
98 11 10
98 19 18
98 28 27
98 27 25
98 25 23
98 23 21
98 23 22
98 25 24
98 27 26
99 32 31
99 31 30
99 30 9
99 9 8
99 8 7
99 7 5
99 5 4
99 4 0
99 4 3
99 3 2
99 2 1
99 7 6
99 30 29
99 29 28
99 28 11
99 11 10
99 28 27
99 27 20
99 20 18
99 18 15
99 15 13
99 13 12
99 15 14
99 18 17
99 17 16
99 20 19
99 27 26
99 26 24
99 24 21
99 24 23
99 23 22
99 26 25
100 33 4
100 4 1
100 1 0
100 4 3
100 3 2
100 33 32
100 32 5
100 32 31
100 31 15
100 15 13
100 13 11
100 11 10
100 10 9
100 9 8
100 8 7
100 7 6
100 13 12
100 15 14
100 31 30
100 30 29
100 29 28
100 28 27
100 27 16
100 27 26
100 26 23
100 23 22
100 22 18
100 18 17
100 22 21
100 21 19
100 21 20
100 26 25
100 25 24
101 30 24
101 24 23
101 23 0
101 23 22
101 22 21
101 21 20
101 20 14
101 14 11
101 11 10
101 10 1
101 10 9
101 9 4
101 4 3
101 3 2
101 9 8
101 8 7
101 7 5
101 7 6
101 14 13
101 13 12
101 20 19
101 19 15
101 19 18
101 18 17
101 17 16
101 30 29
101 29 28
101 28 27
101 27 25
101 27 26
