1 29 25
1 25 24
1 24 23
1 23 22
1 22 21
1 21 19
1 19 2
1 2 1
1 1 0
1 19 18
1 18 17
1 17 12
1 12 11
1 11 10
1 10 9
1 9 6
1 6 4
1 4 3
1 6 5
1 9 8
1 8 7
1 17 16
1 16 13
1 16 15
1 15 14
1 21 20
1 29 28
1 28 26
1 28 27
2 30 8
2 8 6
2 6 5
2 5 0
2 5 4
2 4 1
2 4 3
2 3 2
2 8 7
2 30 29
2 29 28
2 28 25
2 25 11
2 11 9
2 11 10
2 25 24
2 24 14
2 14 12
2 14 13
2 24 23
2 23 15
2 23 22
2 22 19
2 19 16
2 19 18
2 18 17
2 22 21
2 21 20
2 28 27
2 27 26
3 29 28
3 28 0
3 28 27
3 27 6
3 6 5
3 5 4
3 4 3
3 3 1
3 3 2
3 27 26
3 26 25
3 25 24
3 24 7
3 24 23
3 23 21
3 21 10
3 10 8
3 10 9
3 21 20
3 20 11
3 20 19
3 19 17
3 17 15
3 15 14
3 14 12
3 14 13
3 17 16
3 19 18
3 23 22
4 31 30
4 30 23
4 23 13
4 13 10
4 10 4
4 4 3
4 3 2
4 2 0
4 2 1
4 10 9
4 9 8
4 8 6
4 6 5
4 8 7
4 13 12
4 12 11
4 23 22
4 22 14
4 22 21
4 21 20
4 20 19
4 19 16
4 16 15
4 19 18
4 18 17
4 30 29
4 29 25
4 25 24
4 29 28
4 28 27
4 27 26
5 29 28
5 28 2
5 2 0
5 2 1
5 28 27
5 27 25
5 25 24
5 24 23
5 23 22
5 22 3
5 22 21
5 21 14
5 14 12
5 12 4
5 12 11
5 11 9
5 9 5
5 9 8
5 8 7
5 7 6
5 11 10
5 14 13
5 21 20
5 20 17
5 17 16
5 16 15
5 20 19
5 19 18
5 27 26
6 30 26
6 26 25
6 25 23
6 23 6
6 6 3
6 3 0
6 3 2
6 2 1
6 6 5
6 5 4
6 23 22
6 22 21
6 21 19
6 19 18
6 18 7
6 18 17
6 17 11
6 11 8
6 11 10
6 10 9
6 17 16
6 16 15
6 15 14
6 14 12
6 14 13
6 21 20
6 25 24
6 30 29
6 29 27
6 29 28
7 29 18
7 18 16
7 16 15
7 15 8
7 8 4
7 4 3
7 3 2
7 2 0
7 2 1
7 8 7
7 7 6
7 6 5
7 15 14
7 14 9
7 14 13
7 13 11
7 11 10
7 13 12
7 18 17
7 29 28
7 28 26
7 26 20
7 20 19
7 26 25
7 25 21
7 25 24
7 24 22
7 24 23
7 28 27
8 29 1
8 1 0
8 29 28
8 28 20
8 20 12
8 12 9
8 9 3
8 3 2
8 9 8
8 8 6
8 6 4
8 6 5
8 8 7
8 12 11
8 11 10
8 20 19
8 19 18
8 18 15
8 15 13
8 15 14
8 18 17
8 17 16
8 28 27
8 27 22
8 22 21
8 27 26
8 26 24
8 24 23
8 26 25
9 31 30
9 30 0
9 30 29
9 29 4
9 4 2
9 2 1
9 4 3
9 29 28
9 28 9
9 9 5
9 9 8
9 8 7
9 7 6
9 28 27
9 27 26
9 26 25
9 25 24
9 24 15
9 15 12
9 12 11
9 11 10
9 15 14
9 14 13
9 24 23
9 23 16
9 23 22
9 22 20
9 20 17
9 20 19
9 19 18
9 22 21
10 33 31
10 31 30
10 30 20
10 20 19
10 19 18
10 18 16
10 16 12
10 12 6
10 6 1
10 1 0
10 6 5
10 5 3
10 3 2
10 5 4
10 12 11
10 11 7
10 11 10
10 10 8
10 10 9
10 16 15
10 15 14
10 14 13
10 18 17
10 30 29
10 29 28
10 28 23
10 23 21
10 23 22
10 28 27
10 27 24
10 27 26
10 26 25
10 33 32
11 31 30
11 30 29
11 29 22
11 22 21
11 21 2
11 2 0
11 2 1
11 21 20
11 20 19
11 19 18
11 18 3
11 18 17
11 17 16
11 16 15
11 15 12
11 12 4
11 12 11
11 11 10
11 10 9
11 9 7
11 7 6
11 6 5
11 9 8
11 15 14
11 14 13
11 29 28
11 28 23
11 28 27
11 27 26
11 26 25
11 25 24
12 30 29
12 29 0
12 29 28
12 28 24
12 24 23
12 23 1
12 23 22
12 22 2
12 22 21
12 21 17
12 17 15
12 15 13
12 13 6
12 6 3
12 6 5
12 5 4
12 13 12
12 12 8
12 8 7
12 12 11
12 11 9
12 11 10
12 15 14
12 17 16
12 21 20
12 20 18
12 20 19
12 28 27
12 27 25
12 27 26
13 32 31
13 31 30
13 30 28
13 28 19
13 19 18
13 18 16
13 16 4
13 4 0
13 4 3
13 3 2
13 2 1
13 16 15
13 15 14
13 14 12
13 12 5
13 12 11
13 11 10
13 10 6
13 10 9
13 9 7
13 9 8
13 14 13
13 18 17
13 28 27
13 27 24
13 24 20
13 24 23
13 23 21
13 23 22
13 27 26
13 26 25
13 30 29
14 31 29
14 29 4
14 4 3
14 3 2
14 2 0
14 2 1
14 29 28
14 28 27
14 27 26
14 26 9
14 9 8
14 8 7
14 7 6
14 6 5
14 26 25
14 25 10
14 25 24
14 24 23
14 23 11
14 23 22
14 22 21
14 21 16
14 16 15
14 15 14
14 14 13
14 13 12
14 21 20
14 20 19
14 19 17
14 19 18
14 31 30
15 31 0
15 31 30
15 30 28
15 28 20
15 20 4
15 4 1
15 4 3
15 3 2
15 20 19
15 19 18
15 18 17
15 17 7
15 7 6
15 6 5
15 17 16
15 16 15
15 15 10
15 10 9
15 9 8
15 15 14
15 14 13
15 13 12
15 12 11
15 28 27
15 27 25
15 25 24
15 24 22
15 22 21
15 24 23
15 27 26
15 30 29
16 33 1
16 1 0
16 33 32
16 32 2
16 32 31
16 31 28
16 28 3
16 28 27
16 27 17
16 17 16
16 16 10
16 10 5
16 5 4
16 10 9
16 9 8
16 8 7
16 7 6
16 16 15
16 15 14
16 14 13
16 13 12
16 12 11
16 27 26
16 26 18
16 26 25
16 25 21
16 21 19
16 21 20
16 25 24
16 24 22
16 24 23
16 31 30
16 30 29
17 31 2
17 2 1
17 1 0
17 31 30
17 30 29
17 29 3
17 29 28
17 28 27
17 27 26
17 26 25
17 25 24
17 24 23
17 23 9
17 9 4
17 9 8
17 8 7
17 7 6
17 6 5
17 23 22
17 22 12
17 12 10
17 12 11
17 22 21
17 21 19
17 19 16
17 16 15
17 15 14
17 14 13
17 19 18
17 18 17
17 21 20
18 33 32
18 32 30
18 30 0
18 30 29
18 29 2
18 2 1
18 29 28
18 28 24
18 24 23
18 23 4
18 4 3
18 23 22
18 22 21
18 21 14
18 14 13
18 13 11
18 11 8
18 8 6
18 6 5
18 8 7
18 11 10
18 10 9
18 13 12
18 21 20
18 20 15
18 20 19
18 19 16
18 19 18
18 18 17
18 28 27
18 27 26
18 26 25
18 32 31
19 32 0
19 32 31
19 31 30
19 30 1
19 30 29
19 29 28
19 28 2
19 28 27
19 27 7
19 7 6
19 6 3
19 6 5
19 5 4
19 27 26
19 26 25
19 25 21
19 21 8
19 21 20
19 20 16
19 16 12
19 12 11
19 11 10
19 10 9
19 16 15
19 15 14
19 14 13
19 20 19
19 19 17
19 19 18
19 25 24
19 24 22
19 24 23
20 32 28
20 28 0
20 28 27
20 27 26
20 26 24
20 24 23
20 23 6
20 6 5
20 5 4
20 4 1
20 4 3
20 3 2
20 23 22
20 22 7
20 22 21
20 21 13
20 13 12
20 12 9
20 9 8
20 12 11
20 11 10
20 21 20
20 20 19
20 19 14
20 19 18
20 18 15
20 18 17
20 17 16
20 26 25
20 32 31
20 31 30
20 30 29
21 29 28
21 28 26
21 26 0
21 26 25
21 25 23
21 23 1
21 23 22
21 22 21
21 21 18
21 18 14
21 14 13
21 13 3
21 3 2
21 13 12
21 12 4
21 12 11
21 11 6
21 6 5
21 11 10
21 10 9
21 9 7
21 9 8
21 18 17
21 17 16
21 16 15
21 21 20
21 20 19
21 25 24
21 28 27
22 33 1
22 1 0
22 33 32
22 32 31
22 31 29
22 29 28
22 28 26
22 26 16
22 16 15
22 15 4
22 4 2
22 4 3
22 15 14
22 14 12
22 12 10
22 10 9
22 9 8
22 8 7
22 7 5
22 7 6
22 12 11
22 14 13
22 26 25
22 25 17
22 25 24
22 24 22
22 22 20
22 20 18
22 20 19
22 22 21
22 24 23
22 28 27
22 31 30
23 31 30
23 30 3
23 3 2
23 2 1
23 1 0
23 30 29
23 29 28
23 28 6
23 6 4
23 6 5
23 28 27
23 27 20
23 20 7
23 20 19
23 19 18
23 18 17
23 17 16
23 16 11
23 11 8
23 11 10
23 10 9
23 16 15
23 15 12
23 15 14
23 14 13
23 27 26
23 26 21
23 26 25
23 25 24
23 24 22
23 24 23
24 29 0
24 29 28
24 28 1
24 28 27
24 27 12
24 12 11
24 11 3
24 3 2
24 11 10
24 10 9
24 9 4
24 9 8
24 8 6
24 6 5
24 8 7
24 27 26
24 26 25
24 25 24
24 24 20
24 20 19
24 19 17
24 17 16
24 16 15
24 15 13
24 15 14
24 19 18
24 24 23
24 23 21
24 23 22
25 30 28
25 28 24
25 24 21
25 21 0
25 21 20
25 20 19
25 19 18
25 18 5
25 5 3
25 3 2
25 2 1
25 5 4
25 18 17
25 17 15
25 15 14
25 14 10
25 10 9
25 9 8
25 8 6
25 8 7
25 14 13
25 13 12
25 12 11
25 17 16
25 24 23
25 23 22
25 28 27
25 27 26
25 26 25
25 30 29
26 29 25
26 25 24
26 24 22
26 22 0
26 22 21
26 21 11
26 11 3
26 3 2
26 2 1
26 11 10
26 10 9
26 9 6
26 6 5
26 5 4
26 9 8
26 8 7
26 21 20
26 20 18
26 18 16
26 16 15
26 15 14
26 14 13
26 13 12
26 18 17
26 20 19
26 24 23
26 29 28
26 28 26
26 28 27
27 30 2
27 2 1
27 1 0
27 30 29
27 29 3
27 29 28
27 28 26
27 26 25
27 25 4
27 25 24
27 24 21
27 21 7
27 7 6
27 6 5
27 21 20
27 20 8
27 20 19
27 19 13
27 13 9
27 13 12
27 12 10
27 12 11
27 19 18
27 18 14
27 18 17
27 17 16
27 16 15
27 24 23
27 23 22
27 28 27
28 32 4
28 4 1
28 1 0
28 4 3
28 3 2
28 32 31
28 31 30
28 30 16
28 16 6
28 6 5
28 16 15
28 15 8
28 8 7
28 15 14
28 14 13
28 13 12
28 12 11
28 11 9
28 11 10
28 30 29
28 29 25
28 25 22
28 22 17
28 22 21
28 21 19
28 19 18
28 21 20
28 25 24
28 24 23
28 29 28
28 28 26
28 28 27
29 33 32
29 32 4
29 4 3
29 3 1
29 1 0
29 3 2
29 32 31
29 31 29
29 29 11
29 11 9
29 9 6
29 6 5
29 9 8
29 8 7
29 11 10
29 29 28
29 28 18
29 18 12
29 18 17
29 17 16
29 16 13
29 16 15
29 15 14
29 28 27
29 27 26
29 26 25
29 25 24
29 24 22
29 22 19
29 22 21
29 21 20
29 24 23
29 31 30
30 31 30
30 30 3
30 3 2
30 2 1
30 1 0
30 30 29
30 29 20
30 20 19
30 19 18
30 18 17
30 17 16
30 16 4
30 16 15
30 15 14
30 14 12
30 12 5
30 12 11
30 11 9
30 9 7
30 7 6
30 9 8
30 11 10
30 14 13
30 29 28
30 28 26
30 26 23
30 23 21
30 23 22
30 26 25
30 25 24
30 28 27
31 34 10
31 10 0
31 10 9
31 9 7
31 7 6
31 6 1
31 6 5
31 5 3
31 3 2
31 5 4
31 9 8
31 34 33
31 33 22
31 22 13
31 13 11
31 13 12
31 22 21
31 21 20
31 20 19
31 19 16
31 16 14
31 16 15
31 19 18
31 18 17
31 33 32
31 32 29
31 29 25
31 25 23
31 25 24
31 29 28
31 28 26
31 28 27
31 32 31
31 31 30
32 32 17
32 17 10
32 10 8
32 8 1
32 1 0
32 8 7
32 7 3
32 3 2
32 7 6
32 6 4
32 6 5
32 10 9
32 17 16
32 16 13
32 13 12
32 12 11
32 16 15
32 15 14
32 32 31
32 31 27
32 27 26
32 26 24
32 24 22
32 22 21
32 21 20
32 20 18
32 20 19
32 24 23
32 26 25
32 31 30
32 30 28
32 30 29
33 31 30
33 30 29
33 29 22
33 22 0
33 22 21
33 21 19
33 19 1
33 19 18
33 18 17
33 17 16
33 16 5
33 5 4
33 4 3
33 3 2
33 16 15
33 15 14
33 14 13
33 13 12
33 12 6
33 12 11
33 11 7
33 11 10
33 10 9
33 9 8
33 21 20
33 29 28
33 28 23
33 28 27
33 27 24
33 27 26
33 26 25
34 29 1
34 1 0
34 29 28
34 28 2
34 28 27
34 27 5
34 5 3
34 5 4
34 27 26
34 26 25
34 25 24
34 24 23
34 23 16
34 16 15
34 15 14
34 14 10
34 10 6
34 10 9
34 9 7
34 9 8
34 14 13
34 13 11
34 13 12
34 23 22
34 22 18
34 18 17
34 22 21
34 21 19
34 21 20
35 30 22
35 22 8
35 8 0
35 8 7
35 7 1
35 7 6
35 6 3
35 3 2
35 6 5
35 5 4
35 22 21
35 21 17
35 17 15
35 15 12
35 12 10
35 10 9
35 12 11
35 15 14
35 14 13
35 17 16
35 21 20
35 20 18
35 20 19
35 30 29
35 29 26
35 26 23
35 26 25
35 25 24
35 29 28
35 28 27
36 34 33
36 33 31
36 31 30
36 30 29
36 29 28
36 28 27
36 27 16
36 16 9
36 9 6
36 6 4
36 4 3
36 3 2
36 2 1
36 1 0
36 6 5
36 9 8
36 8 7
36 16 15
36 15 14
36 14 13
36 13 10
36 13 12
36 12 11
36 27 26
36 26 24
36 24 23
36 23 17
36 23 22
36 22 21
36 21 18
36 21 20
36 20 19
36 26 25
36 33 32
37 30 10
37 10 5
37 5 1
37 1 0
37 5 4
37 4 3
37 3 2
37 10 9
37 9 8
37 8 6
37 8 7
37 30 29
37 29 14
37 14 13
37 13 11
37 13 12
37 29 28
37 28 25
37 25 17
37 17 15
37 17 16
37 25 24
37 24 18
37 24 23
37 23 22
37 22 21
37 21 20
37 20 19
37 28 27
37 27 26
38 29 28
38 28 4
38 4 0
38 4 3
38 3 1
38 3 2
38 28 27
38 27 5
38 27 26
38 26 25
38 25 13
38 13 9
38 9 8
38 8 7
38 7 6
38 13 12
38 12 10
38 12 11
38 25 24
38 24 17
38 17 16
38 16 15
38 15 14
38 24 23
38 23 22
38 22 20
38 20 18
38 20 19
38 22 21
39 34 33
39 33 13
39 13 10
39 10 6
39 6 0
39 6 5
39 5 4
39 4 3
39 3 2
39 2 1
39 10 9
39 9 7
39 9 8
39 13 12
39 12 11
39 33 32
39 32 19
39 19 15
39 15 14
39 19 18
39 18 16
39 18 17
39 32 31
39 31 27
39 27 20
39 27 26
39 26 25
39 25 24
39 24 23
39 23 21
39 23 22
39 31 30
39 30 28
39 30 29
40 33 32
40 32 0
40 32 31
40 31 1
40 31 30
40 30 29
40 29 28
40 28 2
40 28 27
40 27 23
40 23 22
40 22 19
40 19 14
40 14 10
40 10 9
40 9 8
40 8 3
40 8 7
40 7 4
40 7 6
40 6 5
40 14 13
40 13 12
40 12 11
40 19 18
40 18 17
40 17 16
40 16 15
40 22 21
40 21 20
40 27 26
40 26 25
40 25 24
41 32 29
41 29 28
41 28 26
41 26 25
41 25 24
41 24 18
41 18 0
41 18 17
41 17 15
41 15 1
41 15 14
41 14 13
41 13 11
41 11 6
41 6 5
41 5 2
41 5 4
41 4 3
41 11 10
41 10 8
41 8 7
41 10 9
41 13 12
41 17 16
41 24 23
41 23 22
41 22 20
41 20 19
41 22 21
41 28 27
41 32 31
41 31 30
42 32 29
42 29 28
42 28 26
42 26 1
42 1 0
42 26 25
42 25 21
42 21 15
42 15 3
42 3 2
42 15 14
42 14 10
42 10 9
42 9 8
42 8 7
42 7 6
42 6 4
42 6 5
42 14 13
42 13 12
42 12 11
42 21 20
42 20 19
42 19 16
42 19 18
42 18 17
42 25 24
42 24 22
42 24 23
42 28 27
42 32 31
42 31 30
43 34 30
43 30 29
43 29 28
43 28 0
43 28 27
43 27 1
43 27 26
43 26 2
43 26 25
43 25 24
43 24 13
43 13 12
43 12 10
43 10 3
43 10 9
43 9 6
43 6 4
43 6 5
43 9 8
43 8 7
43 12 11
43 24 23
43 23 18
43 18 17
43 17 14
43 17 16
43 16 15
43 23 22
43 22 21
43 21 20
43 20 19
43 34 33
43 33 31
43 33 32
44 34 32
44 32 0
44 32 31
44 31 10
44 10 9
44 9 7
44 7 6
44 6 5
44 5 3
44 3 2
44 2 1
44 5 4
44 9 8
44 31 30
44 30 14
44 14 13
44 13 11
44 13 12
44 30 29
44 29 26
44 26 25
44 25 19
44 19 18
44 18 17
44 17 15
44 17 16
44 25 24
44 24 22
44 22 20
44 22 21
44 24 23
44 29 28
44 28 27
44 34 33
45 29 20
45 20 17
45 17 5
45 5 4
45 4 1
45 1 0
45 4 3
45 3 2
45 17 16
45 16 7
45 7 6
45 16 15
45 15 14
45 14 13
45 13 11
45 11 10
45 10 9
45 9 8
45 13 12
45 20 19
45 19 18
45 29 28
45 28 24
45 24 23
45 23 22
45 22 21
45 28 27
45 27 26
45 26 25
46 34 33
46 33 32
46 32 25
46 25 1
46 1 0
46 25 24
46 24 23
46 23 6
46 6 5
46 5 4
46 4 3
46 3 2
46 23 22
46 22 7
46 22 21
46 21 18
46 18 16
46 16 10
46 10 8
46 10 9
46 16 15
46 15 14
46 14 13
46 13 11
46 13 12
46 18 17
46 21 20
46 20 19
46 32 31
46 31 30
46 30 27
46 27 26
46 30 29
46 29 28
47 32 26
47 26 25
47 25 24
47 24 17
47 17 16
47 16 15
47 15 14
47 14 13
47 13 12
47 12 2
47 2 1
47 1 0
47 12 11
47 11 10
47 10 8
47 8 7
47 7 6
47 6 5
47 5 3
47 5 4
47 10 9
47 24 23
47 23 22
47 22 18
47 22 21
47 21 19
47 21 20
47 32 31
47 31 30
47 30 27
47 30 29
47 29 28
48 29 23
48 23 22
48 22 21
48 21 15
48 15 11
48 11 10
48 10 1
48 1 0
48 10 9
48 9 6
48 6 3
48 3 2
48 6 5
48 5 4
48 9 8
48 8 7
48 15 14
48 14 13
48 13 12
48 21 20
48 20 17
48 17 16
48 20 19
48 19 18
48 29 28
48 28 24
48 28 27
48 27 26
48 26 25
49 34 4
49 4 3
49 3 2
49 2 0
49 2 1
49 34 33
49 33 31
49 31 29
49 29 27
49 27 25
49 25 10
49 10 8
49 8 7
49 7 5
49 7 6
49 10 9
49 25 24
49 24 21
49 21 20
49 20 19
49 19 18
49 18 11
49 18 17
49 17 14
49 14 12
49 14 13
49 17 16
49 16 15
49 24 23
49 23 22
49 27 26
49 29 28
49 31 30
49 33 32
50 34 1
50 1 0
50 34 33
50 33 2
50 33 32
50 32 29
50 29 3
50 29 28
50 28 4
50 28 27
50 27 21
50 21 19
50 19 15
50 15 14
50 14 10
50 10 9
50 9 7
50 7 6
50 6 5
50 9 8
50 14 13
50 13 11
50 13 12
50 19 18
50 18 17
50 17 16
50 21 20
50 27 26
50 26 25
50 25 23
50 23 22
50 25 24
50 32 31
50 31 30
51 29 23
51 23 22
51 22 21
51 21 1
51 1 0
51 21 20
51 20 3
51 3 2
51 20 19
51 19 18
51 18 4
51 18 17
51 17 16
51 16 6
51 6 5
51 16 15
51 15 14
51 14 11
51 11 10
51 10 8
51 8 7
51 10 9
51 14 13
51 13 12
51 29 28
51 28 24
51 28 27
51 27 25
51 27 26
52 34 33
52 33 29
52 29 27
52 27 2
52 2 1
52 1 0
52 27 26
52 26 25
52 25 24
52 24 23
52 23 8
52 8 5
52 5 3
52 5 4
52 8 7
52 7 6
52 23 22
52 22 21
52 21 20
52 20 19
52 19 18
52 18 14
52 14 9
52 14 13
52 13 11
52 11 10
52 13 12
52 18 17
52 17 15
52 17 16
52 29 28
52 33 32
52 32 30
52 32 31
53 30 0
53 30 29
53 29 28
53 28 1
53 28 27
53 27 4
53 4 2
53 4 3
53 27 26
53 26 8
53 8 6
53 6 5
53 8 7
53 26 25
53 25 24
53 24 21
53 21 11
53 11 9
53 11 10
53 21 20
53 20 19
53 19 18
53 18 17
53 17 16
53 16 12
53 16 15
53 15 14
53 14 13
53 24 23
53 23 22
54 32 0
54 32 31
54 31 11
54 11 4
54 4 3
54 3 1
54 3 2
54 11 10
54 10 9
54 9 5
54 9 8
54 8 6
54 8 7
54 31 30
54 30 29
54 29 28
54 28 24
54 24 23
54 23 12
54 23 22
54 22 15
54 15 14
54 14 13
54 22 21
54 21 19
54 19 18
54 18 16
54 18 17
54 21 20
54 28 27
54 27 25
54 27 26
55 31 30
55 30 7
55 7 5
55 5 0
55 5 4
55 4 3
55 3 1
55 3 2
55 7 6
55 30 29
55 29 13
55 13 8
55 13 12
55 12 9
55 12 11
55 11 10
55 29 28
55 28 25
55 25 15
55 15 14
55 25 24
55 24 16
55 24 23
55 23 20
55 20 19
55 19 18
55 18 17
55 23 22
55 22 21
55 28 27
55 27 26
56 29 28
56 28 27
56 27 2
56 2 0
56 2 1
56 27 26
56 26 24
56 24 21
56 21 19
56 19 10
56 10 8
56 8 6
56 6 3
56 6 5
56 5 4
56 8 7
56 10 9
56 19 18
56 18 16
56 16 13
56 13 12
56 12 11
56 16 15
56 15 14
56 18 17
56 21 20
56 24 23
56 23 22
56 26 25
57 33 32
57 32 31
57 31 30
57 30 24
57 24 18
57 18 7
57 7 0
57 7 6
57 6 4
57 4 2
57 2 1
57 4 3
57 6 5
57 18 17
57 17 15
57 15 14
57 14 8
57 14 13
57 13 12
57 12 9
57 12 11
57 11 10
57 17 16
57 24 23
57 23 20
57 20 19
57 23 22
57 22 21
57 30 29
57 29 28
57 28 27
57 27 26
57 26 25
58 32 26
58 26 24
58 24 1
58 1 0
58 24 23
58 23 20
58 20 19
58 19 5
58 5 2
58 5 4
58 4 3
58 19 18
58 18 17
58 17 16
58 16 12
58 12 9
58 9 6
58 9 8
58 8 7
58 12 11
58 11 10
58 16 15
58 15 14
58 14 13
58 23 22
58 22 21
58 26 25
58 32 31
58 31 28
58 28 27
58 31 30
58 30 29
59 32 31
59 31 6
59 6 5
59 5 0
59 5 4
59 4 2
59 2 1
59 4 3
59 31 30
59 30 22
59 22 7
59 22 21
59 21 8
59 21 20
59 20 9
59 20 19
59 19 17
59 17 16
59 16 10
59 16 15
59 15 13
59 13 11
59 13 12
59 15 14
59 19 18
59 30 29
59 29 28
59 28 23
59 28 27
59 27 26
59 26 25
59 25 24
60 33 21
60 21 19
60 19 18
60 18 13
60 13 12
60 12 11
60 11 4
60 4 1
60 1 0
60 4 3
60 3 2
60 11 10
60 10 6
60 6 5
60 10 9
60 9 8
60 8 7
60 18 17
60 17 14
60 17 16
60 16 15
60 21 20
60 33 32
60 32 22
60 32 31
60 31 24
60 24 23
60 31 30
60 30 29
60 29 28
60 28 26
60 26 25
60 28 27
61 32 29
61 29 0
61 29 28
61 28 26
61 26 12
61 12 11
61 11 10
61 10 9
61 9 1
61 9 8
61 8 5
61 5 4
61 4 3
61 3 2
61 8 7
61 7 6
61 26 25
61 25 23
61 23 13
61 23 22
61 22 21
61 21 20
61 20 16
61 16 14
61 16 15
61 20 19
61 19 17
61 19 18
61 25 24
61 28 27
61 32 31
61 31 30
62 31 12
62 12 11
62 11 8
62 8 4
62 4 0
62 4 3
62 3 2
62 2 1
62 8 7
62 7 6
62 6 5
62 11 10
62 10 9
62 31 30
62 30 29
62 29 28
62 28 13
62 28 27
62 27 26
62 26 21
62 21 15
62 15 14
62 21 20
62 20 19
62 19 18
62 18 17
62 17 16
62 26 25
62 25 24
62 24 22
62 24 23
63 34 33
63 33 26
63 26 25
63 25 0
63 25 24
63 24 5
63 5 4
63 4 1
63 4 3
63 3 2
63 24 23
63 23 6
63 23 22
63 22 20
63 20 10
63 10 7
63 10 9
63 9 8
63 20 19
63 19 18
63 18 12
63 12 11
63 18 17
63 17 13
63 17 16
63 16 14
63 16 15
63 22 21
63 33 32
63 32 30
63 30 27
63 30 29
63 29 28
63 32 31
64 34 32
64 32 31
64 31 29
64 29 8
64 8 0
64 8 7
64 7 2
64 2 1
64 7 6
64 6 4
64 4 3
64 6 5
64 29 28
64 28 27
64 27 26
64 26 25
64 25 23
64 23 13
64 13 11
64 11 9
64 11 10
64 13 12
64 23 22
64 22 20
64 20 19
64 19 14
64 19 18
64 18 15
64 18 17
64 17 16
64 22 21
64 25 24
64 31 30
64 34 33
65 34 11
65 11 8
65 8 2
65 2 1
65 1 0
65 8 7
65 7 3
65 7 6
65 6 5
65 5 4
65 11 10
65 10 9
65 34 33
65 33 12
65 33 32
65 32 19
65 19 14
65 14 13
65 19 18
65 18 17
65 17 16
65 16 15
65 32 31
65 31 20
65 31 30
65 30 29
65 29 23
65 23 21
65 23 22
65 29 28
65 28 27
65 27 25
65 25 24
65 27 26
66 33 30
66 30 29
66 29 17
66 17 3
66 3 0
66 3 2
66 2 1
66 17 16
66 16 15
66 15 14
66 14 8
66 8 5
66 5 4
66 8 7
66 7 6
66 14 13
66 13 12
66 12 11
66 11 10
66 10 9
66 29 28
66 28 23
66 23 22
66 22 20
66 20 18
66 20 19
66 22 21
66 28 27
66 27 24
66 27 26
66 26 25
66 33 32
66 32 31
67 34 33
67 33 30
67 30 29
67 29 26
67 26 25
67 25 24
67 24 2
67 2 1
67 1 0
67 24 23
67 23 3
67 23 22
67 22 20
67 20 5
67 5 4
67 20 19
67 19 18
67 18 17
67 17 16
67 16 15
67 15 8
67 8 7
67 7 6
67 15 14
67 14 13
67 13 9
67 13 12
67 12 11
67 11 10
67 22 21
67 29 28
67 28 27
67 33 32
67 32 31
68 34 28
68 28 26
68 26 25
68 25 24
68 24 15
68 15 13
68 13 0
68 13 12
68 12 11
68 11 10
68 10 8
68 8 2
68 2 1
68 8 7
68 7 6
68 6 4
68 4 3
68 6 5
68 10 9
68 15 14
68 24 23
68 23 22
68 22 21
68 21 17
68 17 16
68 21 20
68 20 18
68 20 19
68 28 27
68 34 33
68 33 32
68 32 30
68 30 29
68 32 31
69 34 30
69 30 0
69 30 29
69 29 20
69 20 16
69 16 3
69 3 1
69 3 2
69 16 15
69 15 14
69 14 13
69 13 9
69 9 4
69 9 8
69 8 7
69 7 6
69 6 5
69 13 12
69 12 11
69 11 10
69 20 19
69 19 18
69 18 17
69 29 28
69 28 24
69 24 21
69 24 23
69 23 22
69 28 27
69 27 25
69 27 26
69 34 33
69 33 31
69 33 32
70 29 4
70 4 0
70 4 3
70 3 1
70 3 2
70 29 28
70 28 11
70 11 9
70 9 7
70 7 6
70 6 5
70 9 8
70 11 10
70 28 27
70 27 25
70 25 24
70 24 23
70 23 22
70 22 20
70 20 16
70 16 15
70 15 13
70 13 12
70 15 14
70 20 19
70 19 17
70 19 18
70 22 21
70 27 26
71 34 0
71 34 33
71 33 6
71 6 4
71 4 3
71 3 1
71 3 2
71 6 5
71 33 32
71 32 31
71 31 10
71 10 8
71 8 7
71 10 9
71 31 30
71 30 23
71 23 22
71 22 12
71 12 11
71 22 21
71 21 19
71 19 13
71 19 18
71 18 15
71 15 14
71 18 17
71 17 16
71 21 20
71 30 29
71 29 26
71 26 25
71 25 24
71 29 28
71 28 27
72 34 33
72 33 0
72 33 32
72 32 31
72 31 29
72 29 20
72 20 19
72 19 18
72 18 17
72 17 11
72 11 1
72 11 10
72 10 9
72 9 8
72 8 6
72 6 5
72 5 4
72 4 3
72 3 2
72 8 7
72 17 16
72 16 12
72 16 15
72 15 14
72 14 13
72 29 28
72 28 27
72 27 21
72 27 26
72 26 25
72 25 22
72 25 24
72 24 23
72 31 30
73 32 30
73 30 29
73 29 10
73 10 0
73 10 9
73 9 7
73 7 5
73 5 4
73 4 3
73 3 1
73 3 2
73 7 6
73 9 8
73 29 28
73 28 15
73 15 14
73 14 11
73 14 13
73 13 12
73 28 27
73 27 16
73 27 26
73 26 25
73 25 18
73 18 17
73 25 24
73 24 23
73 23 21
73 21 19
73 21 20
73 23 22
73 32 31
74 34 22
74 22 21
74 21 20
74 20 2
74 2 1
74 1 0
74 20 19
74 19 17
74 17 16
74 16 14
74 14 3
74 14 13
74 13 4
74 13 12
74 12 8
74 8 7
74 7 6
74 6 5
74 12 11
74 11 10
74 10 9
74 16 15
74 19 18
74 34 33
74 33 29
74 29 28
74 28 27
74 27 26
74 26 23
74 26 25
74 25 24
74 33 32
74 32 30
74 32 31
75 34 32
75 32 5
75 5 2
75 2 0
75 2 1
75 5 4
75 4 3
75 32 31
75 31 30
75 30 29
75 29 28
75 28 27
75 27 26
75 26 19
75 19 18
75 18 17
75 17 7
75 7 6
75 17 16
75 16 14
75 14 11
75 11 10
75 10 9
75 9 8
75 14 13
75 13 12
75 16 15
75 26 25
75 25 24
75 24 23
75 23 21
75 21 20
75 23 22
75 34 33
76 32 29
76 29 28
76 28 27
76 27 1
76 1 0
76 27 26
76 26 2
76 26 25
76 25 24
76 24 18
76 18 17
76 17 4
76 4 3
76 17 16
76 16 15
76 15 14
76 14 12
76 12 11
76 11 7
76 7 5
76 7 6
76 11 10
76 10 9
76 9 8
76 14 13
76 24 23
76 23 22
76 22 20
76 20 19
76 22 21
76 32 31
76 31 30
77 32 31
77 31 0
77 31 30
77 30 29
77 29 12
77 12 11
77 11 1
77 11 10
77 10 8
77 8 6
77 6 2
77 6 5
77 5 3
77 5 4
77 8 7
77 10 9
77 29 28
77 28 27
77 27 25
77 25 22
77 22 18
77 18 17
77 17 13
77 17 16
77 16 14
77 16 15
77 22 21
77 21 20
77 20 19
77 25 24
77 24 23
77 27 26
78 31 0
78 31 30
78 30 29
78 29 27
78 27 24
78 24 23
78 23 22
78 22 15
78 15 9
78 9 8
78 8 7
78 7 6
78 6 1
78 6 5
78 5 4
78 4 2
78 4 3
78 15 14
78 14 13
78 13 10
78 13 12
78 12 11
78 22 21
78 21 20
78 20 17
78 17 16
78 20 19
78 19 18
78 27 26
78 26 25
78 29 28
79 34 33
79 33 32
79 32 30
79 30 25
79 25 23
79 23 21
79 21 20
79 20 19
79 19 0
79 19 18
79 18 17
79 17 15
79 15 14
79 14 13
79 13 12
79 12 11
79 11 9
79 9 8
79 8 7
79 7 5
79 5 1
79 5 4
79 4 3
79 3 2
79 7 6
79 11 10
79 17 16
79 23 22
79 25 24
79 30 29
79 29 27
79 27 26
79 29 28
79 32 31
80 31 4
80 4 3
80 3 2
80 2 1
80 1 0
80 31 30
80 30 27
80 27 6
80 6 5
80 27 26
80 26 25
80 25 16
80 16 15
80 15 12
80 12 9
80 9 8
80 8 7
80 12 11
80 11 10
80 15 14
80 14 13
80 25 24
80 24 23
80 23 21
80 21 20
80 20 18
80 18 17
80 20 19
80 23 22
80 30 29
80 29 28
81 33 32
81 32 31
81 31 8
81 8 5
81 5 4
81 4 3
81 3 2
81 2 1
81 1 0
81 8 7
81 7 6
81 31 30
81 30 29
81 29 10
81 10 9
81 29 28
81 28 11
81 28 27
81 27 16
81 16 14
81 14 12
81 14 13
81 16 15
81 27 26
81 26 19
81 19 17
81 19 18
81 26 25
81 25 24
81 24 23
81 23 21
81 21 20
81 23 22
82 33 20
82 20 13
82 13 1
82 1 0
82 13 12
82 12 11
82 11 10
82 10 9
82 9 8
82 8 2
82 8 7
82 7 6
82 6 3
82 6 5
82 5 4
82 20 19
82 19 18
82 18 17
82 17 16
82 16 15
82 15 14
82 33 32
82 32 31
82 31 29
82 29 28
82 28 25
82 25 24
82 24 22
82 22 21
82 24 23
82 28 27
82 27 26
82 31 30
83 30 22
83 22 2
83 2 0
83 2 1
83 22 21
83 21 20
83 20 16
83 16 14
83 14 6
83 6 4
83 4 3
83 6 5
83 14 13
83 13 12
83 12 10
83 10 9
83 9 8
83 8 7
83 12 11
83 16 15
83 20 19
83 19 18
83 18 17
83 30 29
83 29 28
83 28 23
83 28 27
83 27 24
83 27 26
83 26 25
84 30 28
84 28 17
84 17 16
84 16 15
84 15 6
84 6 5
84 5 4
84 4 3
84 3 1
84 1 0
84 3 2
84 15 14
84 14 9
84 9 7
84 9 8
84 14 13
84 13 10
84 13 12
84 12 11
84 28 27
84 27 26
84 26 25
84 25 21
84 21 18
84 21 20
84 20 19
84 25 24
84 24 22
84 24 23
84 30 29
85 29 27
85 27 22
85 22 21
85 21 20
85 20 0
85 20 19
85 19 4
85 4 3
85 3 2
85 2 1
85 19 18
85 18 16
85 16 15
85 15 5
85 15 14
85 14 10
85 10 6
85 10 9
85 9 7
85 9 8
85 14 13
85 13 11
85 13 12
85 18 17
85 27 26
85 26 25
85 25 23
85 25 24
85 29 28
86 29 0
86 29 28
86 28 26
86 26 25
86 25 24
86 24 23
86 23 22
86 22 8
86 8 7
86 7 6
86 6 4
86 4 3
86 3 2
86 2 1
86 6 5
86 22 21
86 21 20
86 20 19
86 19 18
86 18 17
86 17 12
86 12 11
86 11 9
86 11 10
86 17 16
86 16 13
86 16 15
86 15 14
86 28 27
87 30 2
87 2 1
87 1 0
87 30 29
87 29 28
87 28 16
87 16 15
87 15 3
87 15 14
87 14 9
87 9 8
87 8 7
87 7 6
87 6 4
87 6 5
87 14 13
87 13 12
87 12 10
87 12 11
87 28 27
87 27 25
87 25 17
87 25 24
87 24 21
87 21 18
87 21 20
87 20 19
87 24 23
87 23 22
87 27 26
88 30 0
88 30 29
88 29 27
88 27 26
88 26 24
88 24 2
88 2 1
88 24 23
88 23 22
88 22 20
88 20 4
88 4 3
88 20 19
88 19 18
88 18 17
88 17 6
88 6 5
88 17 16
88 16 9
88 9 7
88 9 8
88 16 15
88 15 14
88 14 13
88 13 12
88 12 10
88 12 11
88 22 21
88 26 25
88 29 28
89 34 30
89 30 0
89 30 29
89 29 15
89 15 2
89 2 1
89 15 14
89 14 13
89 13 12
89 12 3
89 12 11
89 11 10
89 10 7
89 7 6
89 6 4
89 6 5
89 10 9
89 9 8
89 29 28
89 28 16
89 28 27
89 27 23
89 23 22
89 22 17
89 22 21
89 21 18
89 21 20
89 20 19
89 27 26
89 26 24
89 26 25
89 34 33
89 33 31
89 33 32
90 30 29
90 29 28
90 28 25
90 25 24
90 24 1
90 1 0
90 24 23
90 23 22
90 22 21
90 21 6
90 6 4
90 4 2
90 4 3
90 6 5
90 21 20
90 20 19
90 19 18
90 18 16
90 16 14
90 14 13
90 13 7
90 13 12
90 12 9
90 9 8
90 12 11
90 11 10
90 16 15
90 18 17
90 28 27
90 27 26
91 33 32
91 32 31
91 31 28
91 28 12
91 12 11
91 11 10
91 10 9
91 9 2
91 2 1
91 1 0
91 9 8
91 8 5
91 5 4
91 4 3
91 8 7
91 7 6
91 28 27
91 27 13
91 27 26
91 26 25
91 25 24
91 24 14
91 24 23
91 23 18
91 18 16
91 16 15
91 18 17
91 23 22
91 22 19
91 22 21
91 21 20
91 31 30
91 30 29
92 32 17
92 17 16
92 16 13
92 13 7
92 7 0
92 7 6
92 6 4
92 4 3
92 3 1
92 3 2
92 6 5
92 13 12
92 12 11
92 11 9
92 9 8
92 11 10
92 16 15
92 15 14
92 32 31
92 31 30
92 30 28
92 28 25
92 25 18
92 25 24
92 24 23
92 23 22
92 22 21
92 21 20
92 20 19
92 28 27
92 27 26
92 30 29
93 33 32
93 32 31
93 31 30
93 30 1
93 1 0
93 30 29
93 29 19
93 19 2
93 19 18
93 18 17
93 17 15
93 15 3
93 15 14
93 14 13
93 13 4
93 13 12
93 12 10
93 10 8
93 8 5
93 8 7
93 7 6
93 10 9
93 12 11
93 17 16
93 29 28
93 28 21
93 21 20
93 28 27
93 27 26
93 26 25
93 25 24
93 24 23
93 23 22
94 29 23
94 23 21
94 21 2
94 2 1
94 1 0
94 21 20
94 20 18
94 18 17
94 17 8
94 8 3
94 8 7
94 7 5
94 5 4
94 7 6
94 17 16
94 16 13
94 13 12
94 12 11
94 11 9
94 11 10
94 16 15
94 15 14
94 20 19
94 23 22
94 29 28
94 28 27
94 27 24
94 27 26
94 26 25
95 33 32
95 32 30
95 30 9
95 9 5
95 5 4
95 4 0
95 4 3
95 3 2
95 2 1
95 9 8
95 8 7
95 7 6
95 30 29
95 29 10
95 29 28
95 28 11
95 28 27
95 27 25
95 25 15
95 15 13
95 13 12
95 15 14
95 25 24
95 24 22
95 22 16
95 22 21
95 21 20
95 20 17
95 20 19
95 19 18
95 24 23
95 27 26
95 32 31
96 33 32
96 32 0
96 32 31
96 31 17
96 17 16
96 16 15
96 15 2
96 2 1
96 15 14
96 14 12
96 12 8
96 8 7
96 7 6
96 6 4
96 4 3
96 6 5
96 12 11
96 11 10
96 10 9
96 14 13
96 31 30
96 30 28
96 28 22
96 22 21
96 21 20
96 20 19
96 19 18
96 28 27
96 27 26
96 26 25
96 25 23
96 25 24
96 30 29
97 31 13
97 13 10
97 10 8
97 8 5
97 5 4
97 4 3
97 3 1
97 1 0
97 3 2
97 8 7
97 7 6
97 10 9
97 13 12
97 12 11
97 31 30
97 30 26
97 26 14
97 26 25
97 25 15
97 25 24
97 24 23
97 23 21
97 21 19
97 19 16
97 19 18
97 18 17
97 21 20
97 23 22
97 30 29
97 29 27
97 29 28
98 34 33
98 33 21
98 21 20
98 20 18
98 18 14
98 14 9
98 9 6
98 6 5
98 5 4
98 4 0
98 4 3
98 3 1
98 3 2
98 9 8
98 8 7
98 14 13
98 13 12
98 12 11
98 11 10
98 18 17
98 17 15
98 17 16
98 20 19
98 33 32
98 32 28
98 28 26
98 26 24
98 24 22
98 24 23
98 26 25
98 28 27
98 32 31
98 31 29
98 31 30
99 31 30
99 30 19
99 19 0
99 19 18
99 18 3
99 3 1
99 3 2
99 18 17
99 17 15
99 15 4
99 15 14
99 14 7
99 7 6
99 6 5
99 14 13
99 13 11
99 11 10
99 10 8
99 10 9
99 13 12
99 17 16
99 30 29
99 29 28
99 28 21
99 21 20
99 28 27
99 27 25
99 25 24
99 24 23
99 23 22
99 27 26
100 32 31
100 31 4
100 4 2
100 2 0
100 2 1
100 4 3
100 31 30
100 30 29
100 29 20
100 20 15
100 15 5
100 15 14
100 14 13
100 13 12
100 12 11
100 11 6
100 11 10
100 10 9
100 9 8
100 8 7
100 20 19
100 19 18
100 18 16
100 18 17
100 29 28
100 28 25
100 25 24
100 24 22
100 22 21
100 24 23
100 28 27
100 27 26
101 34 33
101 33 25
101 25 24
101 24 8
101 8 7
101 7 6
101 6 5
101 5 0
101 5 4
101 4 2
101 2 1
101 4 3
101 24 23
101 23 10
101 10 9
101 23 22
101 22 20
101 20 18
101 18 16
101 16 15
101 15 13
101 13 11
101 13 12
101 15 14
101 18 17
101 20 19
101 22 21
101 33 32
101 32 26
101 32 31
101 31 30
101 30 29
101 29 27
101 29 28
