1 34 33
1 33 1
1 1 0
1 33 32
1 32 29
1 29 28
1 28 25
1 25 5
1 5 4
1 4 2
1 4 3
1 25 24
1 24 6
1 24 23
1 23 22
1 22 20
1 20 19
1 19 18
1 18 16
1 16 13
1 13 12
1 12 10
1 10 9
1 9 8
1 8 7
1 12 11
1 16 15
1 15 14
1 18 17
1 22 21
1 28 27
1 27 26
1 32 31
1 31 30
2 31 29
2 29 7
2 7 5
2 5 2
2 2 0
2 2 1
2 5 4
2 4 3
2 7 6
2 29 28
2 28 13
2 13 12
2 12 11
2 11 8
2 11 10
2 10 9
2 28 27
2 27 23
2 23 21
2 21 20
2 20 16
2 16 15
2 15 14
2 20 19
2 19 18
2 18 17
2 23 22
2 27 26
2 26 24
2 26 25
2 31 30
3 30 28
3 28 7
3 7 2
3 2 1
3 1 0
3 7 6
3 6 3
3 6 5
3 5 4
3 28 27
3 27 12
3 12 11
3 11 9
3 9 8
3 11 10
3 27 26
3 26 25
3 25 23
3 23 22
3 22 15
3 15 14
3 14 13
3 22 21
3 21 18
3 18 17
3 17 16
3 21 20
3 20 19
3 25 24
3 30 29
4 33 23
4 23 21
4 21 20
4 20 19
4 19 2
4 2 0
4 2 1
4 19 18
4 18 14
4 14 13
4 13 5
4 5 4
4 4 3
4 13 12
4 12 6
4 12 11
4 11 10
4 10 9
4 9 8
4 8 7
4 18 17
4 17 15
4 17 16
4 23 22
4 33 32
4 32 25
4 25 24
4 32 31
4 31 30
4 30 29
4 29 28
4 28 27
4 27 26
5 31 30
5 30 0
5 30 29
5 29 28
5 28 18
5 18 14
5 14 2
5 2 1
5 14 13
5 13 12
5 12 11
5 11 4
5 4 3
5 11 10
5 10 6
5 6 5
5 10 9
5 9 8
5 8 7
5 18 17
5 17 15
5 17 16
5 28 27
5 27 26
5 26 25
5 25 23
5 23 19
5 23 22
5 22 20
5 22 21
5 25 24
6 30 29
6 29 1
6 1 0
6 29 28
6 28 27
6 27 26
6 26 25
6 25 2
6 25 24
6 24 13
6 13 5
6 5 3
6 5 4
6 13 12
6 12 11
6 11 6
6 11 10
6 10 8
6 8 7
6 10 9
6 24 23
6 23 19
6 19 18
6 18 14
6 18 17
6 17 15
6 17 16
6 23 22
6 22 20
6 22 21
7 32 2
7 2 1
7 1 0
7 32 31
7 31 29
7 29 3
7 29 28
7 28 5
7 5 4
7 28 27
7 27 7
7 7 6
7 27 26
7 26 23
7 23 20
7 20 8
7 20 19
7 19 9
7 19 18
7 18 10
7 18 17
7 17 11
7 17 16
7 16 15
7 15 14
7 14 13
7 13 12
7 23 22
7 22 21
7 26 25
7 25 24
7 31 30
8 31 30
8 30 28
8 28 26
8 26 22
8 22 8
8 8 5
8 5 4
8 4 3
8 3 2
8 2 0
8 2 1
8 8 7
8 7 6
8 22 21
8 21 16
8 16 9
8 16 15
8 15 11
8 11 10
8 15 14
8 14 13
8 13 12
8 21 20
8 20 18
8 18 17
8 20 19
8 26 25
8 25 24
8 24 23
8 28 27
8 30 29
9 31 30
9 30 26
9 26 8
9 8 7
9 7 5
9 5 4
9 4 1
9 1 0
9 4 3
9 3 2
9 7 6
9 26 25
9 25 23
9 23 22
9 22 14
9 14 13
9 13 12
9 12 11
9 11 10
9 10 9
9 22 21
9 21 18
9 18 15
9 18 17
9 17 16
9 21 20
9 20 19
9 25 24
9 30 29
9 29 27
9 29 28
10 31 0
10 31 30
10 30 26
10 26 20
10 20 1
10 20 19
10 19 17
10 17 6
10 6 4
10 4 3
10 3 2
10 6 5
10 17 16
10 16 15
10 15 14
10 14 13
10 13 7
10 13 12
10 12 10
10 10 8
10 10 9
10 12 11
10 19 18
10 26 25
10 25 24
10 24 22
10 22 21
10 24 23
10 30 29
10 29 27
10 29 28
11 31 30
11 30 29
11 29 28
11 28 1
11 1 0
11 28 27
11 27 15
11 15 14
11 14 9
11 9 5
11 5 2
11 5 4
11 4 3
11 9 8
11 8 7
11 7 6
11 14 13
11 13 11
11 11 10
11 13 12
11 27 26
11 26 25
11 25 17
11 17 16
11 25 24
11 24 23
11 23 22
11 22 21
11 21 20
11 20 19
11 19 18
12 29 27
12 27 3
12 3 2
12 2 0
12 2 1
12 27 26
12 26 4
12 26 25
12 25 24
12 24 23
12 23 21
12 21 19
12 19 18
12 18 17
12 17 15
12 15 14
12 14 12
12 12 11
12 11 10
12 10 5
12 10 9
12 9 6
12 9 8
12 8 7
12 14 13
12 17 16
12 21 20
12 23 22
12 29 28
13 29 26
13 26 25
13 25 0
13 25 24
13 24 23
13 23 22
13 22 21
13 21 20
13 20 19
13 19 3
13 3 1
13 3 2
13 19 18
13 18 16
13 16 15
13 15 14
13 14 4
13 14 13
13 13 11
13 11 10
13 10 9
13 9 5
13 9 8
13 8 6
13 8 7
13 13 12
13 18 17
13 29 28
13 28 27
14 33 32
14 32 30
14 30 8
14 8 0
14 8 7
14 7 6
14 6 1
14 6 5
14 5 4
14 4 3
14 3 2
14 30 29
14 29 10
14 10 9
14 29 28
14 28 26
14 26 23
14 23 19
14 19 15
14 15 14
14 14 11
14 14 13
14 13 12
14 19 18
14 18 17
14 17 16
14 23 22
14 22 21
14 21 20
14 26 25
14 25 24
14 28 27
14 32 31
15 31 27
15 27 24
15 24 23
15 23 21
15 21 19
15 19 18
15 18 0
15 18 17
15 17 3
15 3 2
15 2 1
15 17 16
15 16 5
15 5 4
15 16 15
15 15 12
15 12 6
15 12 11
15 11 10
15 10 8
15 8 7
15 10 9
15 15 14
15 14 13
15 21 20
15 23 22
15 27 26
15 26 25
15 31 30
15 30 29
15 29 28
16 32 7
16 7 6
16 6 1
16 1 0
16 6 5
16 5 4
16 4 3
16 3 2
16 32 31
16 31 29
16 29 24
16 24 23
16 23 8
16 23 22
16 22 9
16 22 21
16 21 13
16 13 12
16 12 10
16 12 11
16 21 20
16 20 19
16 19 18
16 18 15
16 15 14
16 18 17
16 17 16
16 29 28
16 28 27
16 27 26
16 26 25
16 31 30
17 29 28
17 28 13
17 13 2
17 2 1
17 1 0
17 13 12
17 12 11
17 11 10
17 10 8
17 8 7
17 7 6
17 6 3
17 6 5
17 5 4
17 10 9
17 28 27
17 27 26
17 26 25
17 25 23
17 23 21
17 21 19
17 19 17
17 17 15
17 15 14
17 17 16
17 19 18
17 21 20
17 23 22
17 25 24
18 31 0
18 31 30
18 30 1
18 30 29
18 29 2
18 29 28
18 28 27
18 27 9
18 9 8
18 8 7
18 7 5
18 5 3
18 5 4
18 7 6
18 27 26
18 26 10
18 26 25
18 25 24
18 24 21
18 21 20
18 20 19
18 19 17
18 17 16
18 16 11
18 16 15
18 15 12
18 15 14
18 14 13
18 19 18
18 24 23
18 23 22
19 32 31
19 31 30
19 30 25
19 25 14
19 14 7
19 7 6
19 6 4
19 4 3
19 3 1
19 1 0
19 3 2
19 6 5
19 14 13
19 13 12
19 12 9
19 9 8
19 12 11
19 11 10
19 25 24
19 24 23
19 23 19
19 19 17
19 17 15
19 17 16
19 19 18
19 23 22
19 22 20
19 22 21
19 30 29
19 29 28
19 28 27
19 27 26
20 31 2
20 2 0
20 2 1
20 31 30
20 30 29
20 29 20
20 20 19
20 19 18
20 18 7
20 7 6
20 6 4
20 4 3
20 6 5
20 18 17
20 17 8
20 17 16
20 16 12
20 12 10
20 10 9
20 12 11
20 16 15
20 15 14
20 14 13
20 29 28
20 28 22
20 22 21
20 28 27
20 27 23
20 27 26
20 26 25
20 25 24
21 29 28
21 28 23
21 23 22
21 22 21
21 21 19
21 19 0
21 19 18
21 18 2
21 2 1
21 18 17
21 17 14
21 14 12
21 12 3
21 12 11
21 11 7
21 7 6
21 6 5
21 5 4
21 11 10
21 10 8
21 10 9
21 14 13
21 17 16
21 16 15
21 21 20
21 28 27
21 27 25
21 25 24
21 27 26
22 30 29
22 29 2
22 2 0
22 2 1
22 29 28
22 28 11
22 11 9
22 9 3
22 9 8
22 8 7
22 7 6
22 6 4
22 6 5
22 11 10
22 28 27
22 27 12
22 27 26
22 26 25
22 25 24
22 24 15
22 15 13
22 15 14
22 24 23
22 23 18
22 18 17
22 17 16
22 23 22
22 22 21
22 21 19
22 21 20
23 34 0
23 34 33
23 33 1
23 33 32
23 32 31
23 31 30
23 30 2
23 30 29
23 29 7
23 7 6
23 6 5
23 5 4
23 4 3
23 29 28
23 28 27
23 27 8
23 27 26
23 26 25
23 25 9
23 25 24
23 24 10
23 24 23
23 23 22
23 22 19
23 19 18
23 18 17
23 17 15
23 15 14
23 14 13
23 13 11
23 13 12
23 17 16
23 22 21
23 21 20
24 33 14
24 14 13
24 13 0
24 13 12
24 12 11
24 11 4
24 4 2
24 2 1
24 4 3
24 11 10
24 10 5
24 10 9
24 9 8
24 8 6
24 8 7
24 33 32
24 32 18
24 18 16
24 16 15
24 18 17
24 32 31
24 31 25
24 25 23
24 23 22
24 22 21
24 21 19
24 21 20
24 25 24
24 31 30
24 30 29
24 29 27
24 27 26
24 29 28
25 31 9
25 9 4
25 4 2
25 2 0
25 2 1
25 4 3
25 9 8
25 8 6
25 6 5
25 8 7
25 31 30
25 30 28
25 28 27
25 27 26
25 26 24
25 24 12
25 12 11
25 11 10
25 24 23
25 23 21
25 21 16
25 16 15
25 15 14
25 14 13
25 21 20
25 20 19
25 19 17
25 19 18
25 23 22
25 26 25
25 30 29
26 29 27
26 27 2
26 2 0
26 2 1
26 27 26
26 26 13
26 13 12
26 12 11
26 11 10
26 10 6
26 6 3
26 6 5
26 5 4
26 10 9
26 9 8
26 8 7
26 26 25
26 25 14
26 25 24
26 24 22
26 22 20
26 20 19
26 19 18
26 18 15
26 18 17
26 17 16
26 22 21
26 24 23
26 29 28
27 34 28
27 28 19
27 19 15
27 15 0
27 15 14
27 14 12
27 12 11
27 11 9
27 9 8
27 8 7
27 7 2
27 2 1
27 7 6
27 6 3
27 6 5
27 5 4
27 11 10
27 14 13
27 19 18
27 18 17
27 17 16
27 28 27
27 27 23
27 23 22
27 22 20
27 22 21
27 27 26
27 26 25
27 25 24
27 34 33
27 33 29
27 33 32
27 32 31
27 31 30
28 29 27
28 27 26
28 26 2
28 2 0
28 2 1
28 26 25
28 25 23
28 23 5
28 5 4
28 4 3
28 23 22
28 22 14
28 14 11
28 11 10
28 10 8
28 8 7
28 7 6
28 10 9
28 14 13
28 13 12
28 22 21
28 21 20
28 20 19
28 19 18
28 18 15
28 18 17
28 17 16
28 25 24
28 29 28
29 32 31
29 31 30
29 30 0
29 30 29
29 29 24
29 24 23
29 23 3
29 3 2
29 2 1
29 23 22
29 22 20
29 20 18
29 18 5
29 5 4
29 18 17
29 17 6
29 17 16
29 16 7
29 16 15
29 15 8
29 15 14
29 14 12
29 12 9
29 12 11
29 11 10
29 14 13
29 20 19
29 22 21
29 29 28
29 28 27
29 27 25
29 27 26
30 30 7
30 7 6
30 6 4
30 4 2
30 2 0
30 2 1
30 4 3
30 6 5
30 30 29
30 29 28
30 28 8
30 28 27
30 27 20
30 20 18
30 18 16
30 16 11
30 11 10
30 10 9
30 16 15
30 15 14
30 14 12
30 14 13
30 18 17
30 20 19
30 27 26
30 26 25
30 25 24
30 24 23
30 23 21
30 23 22
31 32 1
31 1 0
31 32 31
31 31 30
31 30 21
31 21 20
31 20 18
31 18 17
31 17 13
31 13 12
31 12 2
31 12 11
31 11 9
31 9 3
31 9 8
31 8 4
31 8 7
31 7 5
31 7 6
31 11 10
31 17 16
31 16 15
31 15 14
31 20 19
31 30 29
31 29 28
31 28 27
31 27 26
31 26 24
31 24 22
31 24 23
31 26 25
32 30 9
32 9 7
32 7 0
32 7 6
32 6 4
32 4 3
32 3 2
32 2 1
32 6 5
32 9 8
32 30 29
32 29 27
32 27 26
32 26 24
32 24 23
32 23 12
32 12 10
32 12 11
32 23 22
32 22 20
32 20 18
32 18 17
32 17 13
32 17 16
32 16 14
32 16 15
32 20 19
32 22 21
32 26 25
32 29 28
33 34 15
33 15 14
33 14 12
33 12 10
33 10 6
33 6 1
33 1 0
33 6 5
33 5 4
33 4 3
33 3 2
33 10 9
33 9 8
33 8 7
33 12 11
33 14 13
33 34 33
33 33 16
33 33 32
33 32 17
33 32 31
33 31 30
33 30 18
33 30 29
33 29 26
33 26 25
33 25 19
33 25 24
33 24 23
33 23 20
33 23 22
33 22 21
33 29 28
33 28 27
34 32 23
34 23 22
34 22 21
34 21 18
34 18 10
34 10 8
34 8 7
34 7 0
34 7 6
34 6 4
34 4 3
34 3 2
34 2 1
34 6 5
34 10 9
34 18 17
34 17 16
34 16 15
34 15 11
34 15 14
34 14 12
34 14 13
34 21 20
34 20 19
34 32 31
34 31 29
34 29 24
34 29 28
34 28 26
34 26 25
34 28 27
34 31 30
35 30 29
35 29 0
35 29 28
35 28 9
35 9 2
35 2 1
35 9 8
35 8 6
35 6 5
35 5 3
35 5 4
35 8 7
35 28 27
35 27 23
35 23 21
35 21 10
35 21 20
35 20 17
35 17 16
35 16 14
35 14 12
35 12 11
35 14 13
35 16 15
35 20 19
35 19 18
35 23 22
35 27 26
35 26 24
35 26 25
36 29 0
36 29 28
36 28 2
36 2 1
36 28 27
36 27 3
36 27 26
36 26 4
36 26 25
36 25 19
36 19 17
36 17 16
36 16 7
36 7 5
36 7 6
36 16 15
36 15 14
36 14 9
36 9 8
36 14 13
36 13 11
36 11 10
36 13 12
36 19 18
36 25 24
36 24 23
36 23 22
36 22 20
36 22 21
37 31 30
37 30 0
37 30 29
37 29 28
37 28 2
37 2 1
37 28 27
37 27 26
37 26 19
37 19 17
37 17 16
37 16 15
37 15 4
37 4 3
37 15 14
37 14 6
37 6 5
37 14 13
37 13 7
37 13 12
37 12 11
37 11 9
37 9 8
37 11 10
37 19 18
37 26 25
37 25 20
37 25 24
37 24 22
37 22 21
37 24 23
38 30 28
38 28 27
38 27 26
38 26 5
38 5 4
38 4 3
38 3 0
38 3 2
38 2 1
38 26 25
38 25 6
38 25 24
38 24 21
38 21 19
38 19 18
38 18 14
38 14 13
38 13 7
38 13 12
38 12 10
38 10 8
38 10 9
38 12 11
38 18 17
38 17 16
38 16 15
38 21 20
38 24 23
38 23 22
38 30 29
39 29 5
39 5 4
39 4 3
39 3 2
39 2 1
39 1 0
39 29 28
39 28 25
39 25 21
39 21 6
39 21 20
39 20 18
39 18 17
39 17 16
39 16 14
39 14 11
39 11 10
39 10 9
39 9 8
39 8 7
39 14 13
39 13 12
39 16 15
39 20 19
39 25 24
39 24 23
39 23 22
39 28 27
39 27 26
40 33 7
40 7 5
40 5 1
40 1 0
40 5 4
40 4 3
40 3 2
40 7 6
40 33 32
40 32 31
40 31 8
40 31 30
40 30 17
40 17 9
40 17 16
40 16 15
40 15 10
40 15 14
40 14 12
40 12 11
40 14 13
40 30 29
40 29 18
40 29 28
40 28 19
40 28 27
40 27 25
40 25 20
40 25 24
40 24 21
40 24 23
40 23 22
40 27 26
41 31 30
41 30 8
41 8 5
41 5 4
41 4 0
41 4 3
41 3 2
41 2 1
41 8 7
41 7 6
41 30 29
41 29 28
41 28 13
41 13 11
41 11 10
41 10 9
41 13 12
41 28 27
41 27 22
41 22 18
41 18 17
41 17 14
41 17 16
41 16 15
41 22 21
41 21 20
41 20 19
41 27 26
41 26 24
41 24 23
41 26 25
42 33 32
42 32 31
42 31 4
42 4 3
42 3 2
42 2 1
42 1 0
42 31 30
42 30 8
42 8 5
42 8 7
42 7 6
42 30 29
42 29 25
42 25 12
42 12 11
42 11 9
42 11 10
42 25 24
42 24 23
42 23 22
42 22 13
42 22 21
42 21 20
42 20 14
42 20 19
42 19 15
42 19 18
42 18 17
42 17 16
42 29 28
42 28 27
42 27 26
43 29 28
43 28 8
43 8 7
43 7 4
43 4 0
43 4 3
43 3 1
43 3 2
43 7 6
43 6 5
43 28 27
43 27 24
43 24 9
43 24 23
43 23 21
43 21 20
43 20 19
43 19 16
43 16 15
43 15 14
43 14 13
43 13 10
43 13 12
43 12 11
43 19 18
43 18 17
43 23 22
43 27 26
43 26 25
44 30 0
44 30 29
44 29 28
44 28 27
44 27 22
44 22 3
44 3 2
44 2 1
44 22 21
44 21 17
44 17 16
44 16 15
44 15 9
44 9 8
44 8 6
44 6 4
44 6 5
44 8 7
44 15 14
44 14 13
44 13 11
44 11 10
44 13 12
44 21 20
44 20 19
44 19 18
44 27 26
44 26 23
44 26 25
44 25 24
45 29 28
45 28 27
45 27 26
45 26 25
45 25 24
45 24 21
45 21 19
45 19 18
45 18 17
45 17 0
45 17 16
45 16 7
45 7 6
45 6 5
45 5 4
45 4 3
45 3 2
45 2 1
45 16 15
45 15 13
45 13 9
45 9 8
45 13 12
45 12 11
45 11 10
45 15 14
45 21 20
45 24 23
45 23 22
46 29 27
46 27 26
46 26 24
46 24 23
46 23 22
46 22 16
46 16 15
46 15 14
46 14 1
46 1 0
46 14 13
46 13 2
46 13 12
46 12 10
46 10 8
46 8 5
46 5 4
46 4 3
46 8 7
46 7 6
46 10 9
46 12 11
46 22 21
46 21 20
46 20 18
46 18 17
46 20 19
46 26 25
46 29 28
47 31 30
47 30 29
47 29 28
47 28 26
47 26 24
47 24 21
47 21 20
47 20 1
47 1 0
47 20 19
47 19 18
47 18 4
47 4 3
47 3 2
47 18 17
47 17 5
47 17 16
47 16 12
47 12 7
47 7 6
47 12 11
47 11 8
47 11 10
47 10 9
47 16 15
47 15 14
47 14 13
47 24 23
47 23 22
47 26 25
47 28 27
48 34 33
48 33 1
48 1 0
48 33 32
48 32 2
48 32 31
48 31 30
48 30 3
48 30 29
48 29 26
48 26 25
48 25 24
48 24 4
48 24 23
48 23 6
48 6 5
48 23 22
48 22 19
48 19 13
48 13 10
48 10 7
48 10 9
48 9 8
48 13 12
48 12 11
48 19 18
48 18 14
48 18 17
48 17 15
48 17 16
48 22 21
48 21 20
48 29 28
48 28 27
49 34 23
49 23 0
49 23 22
49 22 21
49 21 20
49 20 19
49 19 18
49 18 17
49 17 16
49 16 1
49 16 15
49 15 2
49 15 14
49 14 3
49 14 13
49 13 12
49 12 11
49 11 9
49 9 8
49 8 4
49 8 7
49 7 5
49 7 6
49 11 10
49 34 33
49 33 27
49 27 25
49 25 24
49 27 26
49 33 32
49 32 31
49 31 28
49 31 30
49 30 29
50 30 14
50 14 13
50 13 2
50 2 0
50 2 1
50 13 12
50 12 3
50 12 11
50 11 9
50 9 4
50 9 8
50 8 6
50 6 5
50 8 7
50 11 10
50 30 29
50 29 28
50 28 24
50 24 23
50 23 19
50 19 18
50 18 17
50 17 15
50 17 16
50 23 22
50 22 20
50 22 21
50 28 27
50 27 26
50 26 25
51 31 2
51 2 0
51 2 1
51 31 30
51 30 6
51 6 4
51 4 3
51 6 5
51 30 29
51 29 27
51 27 26
51 26 25
51 25 24
51 24 9
51 9 8
51 8 7
51 24 23
51 23 13
51 13 12
51 12 10
51 12 11
51 23 22
51 22 19
51 19 18
51 18 17
51 17 14
51 17 16
51 16 15
51 22 21
51 21 20
51 29 28
52 32 4
52 4 3
52 3 0
52 3 2
52 2 1
52 32 31
52 31 30
52 30 29
52 29 12
52 12 10
52 10 8
52 8 7
52 7 5
52 7 6
52 10 9
52 12 11
52 29 28
52 28 25
52 25 24
52 24 22
52 22 19
52 19 18
52 18 13
52 18 17
52 17 16
52 16 14
52 16 15
52 22 21
52 21 20
52 24 23
52 28 27
52 27 26
53 33 32
53 32 31
53 31 3
53 3 2
53 2 1
53 1 0
53 31 30
53 30 29
53 29 11
53 11 8
53 8 6
53 6 4
53 6 5
53 8 7
53 11 10
53 10 9
53 29 28
53 28 17
53 17 14
53 14 12
53 14 13
53 17 16
53 16 15
53 28 27
53 27 18
53 27 26
53 26 24
53 24 19
53 24 23
53 23 22
53 22 20
53 22 21
53 26 25
54 30 29
54 29 28
54 28 27
54 27 26
54 26 23
54 23 12
54 12 11
54 11 10
54 10 9
54 9 6
54 6 5
54 5 0
54 5 4
54 4 1
54 4 3
54 3 2
54 9 8
54 8 7
54 23 22
54 22 13
54 22 21
54 21 20
54 20 19
54 19 14
54 19 18
54 18 17
54 17 16
54 16 15
54 26 25
54 25 24
55 33 32
55 32 31
55 31 29
55 29 0
55 29 28
55 28 19
55 19 18
55 18 1
55 18 17
55 17 14
55 14 13
55 13 12
55 12 10
55 10 8
55 8 2
55 8 7
55 7 3
55 7 6
55 6 4
55 6 5
55 10 9
55 12 11
55 17 16
55 16 15
55 28 27
55 27 26
55 26 22
55 22 20
55 22 21
55 26 25
55 25 23
55 25 24
55 31 30
56 34 0
56 34 33
56 33 22
56 22 21
56 21 20
56 20 18
56 18 14
56 14 13
56 13 11
56 11 3
56 3 1
56 3 2
56 11 10
56 10 9
56 9 8
56 8 7
56 7 6
56 6 5
56 5 4
56 13 12
56 18 17
56 17 16
56 16 15
56 20 19
56 33 32
56 32 23
56 32 31
56 31 30
56 30 29
56 29 25
56 25 24
56 29 28
56 28 27
56 27 26
57 31 28
57 28 24
57 24 0
57 24 23
57 23 22
57 22 4
57 4 3
57 3 1
57 3 2
57 22 21
57 21 6
57 6 5
57 21 20
57 20 12
57 12 11
57 11 7
57 11 10
57 10 8
57 10 9
57 20 19
57 19 18
57 18 16
57 16 15
57 15 13
57 15 14
57 18 17
57 28 27
57 27 26
57 26 25
57 31 30
57 30 29
58 33 21
58 21 20
58 20 1
58 1 0
58 20 19
58 19 17
58 17 16
58 16 15
58 15 2
58 15 14
58 14 13
58 13 8
58 8 4
58 4 3
58 8 7
58 7 5
58 7 6
58 13 12
58 12 11
58 11 9
58 11 10
58 19 18
58 33 32
58 32 31
58 31 30
58 30 29
58 29 28
58 28 27
58 27 25
58 25 24
58 24 22
58 24 23
58 27 26
59 34 2
59 2 0
59 2 1
59 34 33
59 33 32
59 32 11
59 11 5
59 5 3
59 5 4
59 11 10
59 10 9
59 9 8
59 8 7
59 7 6
59 32 31
59 31 14
59 14 12
59 14 13
59 31 30
59 30 29
59 29 28
59 28 27
59 27 25
59 25 18
59 18 15
59 18 17
59 17 16
59 25 24
59 24 23
59 23 22
59 22 21
59 21 19
59 21 20
59 27 26
60 30 25
60 25 24
60 24 23
60 23 20
60 20 19
60 19 18
60 18 0
60 18 17
60 17 16
60 16 12
60 12 11
60 11 8
60 8 7
60 7 6
60 6 1
60 6 5
60 5 4
60 4 2
60 4 3
60 11 10
60 10 9
60 16 15
60 15 14
60 14 13
60 23 22
60 22 21
60 30 29
60 29 28
60 28 27
60 27 26
61 30 29
61 29 28
61 28 27
61 27 2
61 2 0
61 2 1
61 27 26
61 26 25
61 25 24
61 24 23
61 23 22
61 22 9
61 9 3
61 9 8
61 8 7
61 7 6
61 6 4
61 6 5
61 22 21
61 21 20
61 20 19
61 19 17
61 17 16
61 16 14
61 14 12
61 12 10
61 12 11
61 14 13
61 16 15
61 19 18
62 33 30
62 30 0
62 30 29
62 29 28
62 28 27
62 27 26
62 26 4
62 4 3
62 3 2
62 2 1
62 26 25
62 25 23
62 23 22
62 22 21
62 21 12
62 12 11
62 11 9
62 9 6
62 6 5
62 9 8
62 8 7
62 11 10
62 21 20
62 20 17
62 17 16
62 16 13
62 16 15
62 15 14
62 20 19
62 19 18
62 25 24
62 33 32
62 32 31
63 34 33
63 33 32
63 32 30
63 30 25
63 25 24
63 24 22
63 22 21
63 21 4
63 4 0
63 4 3
63 3 1
63 3 2
63 21 20
63 20 19
63 19 6
63 6 5
63 19 18
63 18 17
63 17 16
63 16 15
63 15 7
63 15 14
63 14 8
63 14 13
63 13 12
63 12 11
63 11 10
63 10 9
63 24 23
63 30 29
63 29 27
63 27 26
63 29 28
63 32 31
64 33 32
64 32 31
64 31 27
64 27 3
64 3 2
64 2 1
64 1 0
64 27 26
64 26 9
64 9 5
64 5 4
64 9 8
64 8 6
64 8 7
64 26 25
64 25 23
64 23 22
64 22 15
64 15 11
64 11 10
64 15 14
64 14 13
64 13 12
64 22 21
64 21 19
64 19 18
64 18 16
64 18 17
64 21 20
64 25 24
64 31 30
64 30 28
64 30 29
65 29 1
65 1 0
65 29 28
65 28 27
65 27 3
65 3 2
65 27 26
65 26 14
65 14 8
65 8 7
65 7 6
65 6 4
65 6 5
65 14 13
65 13 12
65 12 11
65 11 10
65 10 9
65 26 25
65 25 24
65 24 23
65 23 16
65 16 15
65 23 22
65 22 17
65 22 21
65 21 18
65 21 20
65 20 19
66 31 30
66 30 29
66 29 4
66 4 2
66 2 0
66 2 1
66 4 3
66 29 28
66 28 26
66 26 5
66 26 25
66 25 23
66 23 22
66 22 20
66 20 13
66 13 11
66 11 10
66 10 9
66 9 6
66 9 8
66 8 7
66 13 12
66 20 19
66 19 15
66 15 14
66 19 18
66 18 16
66 18 17
66 22 21
66 25 24
66 28 27
67 29 28
67 28 27
67 27 12
67 12 0
67 12 11
67 11 10
67 10 9
67 9 1
67 9 8
67 8 7
67 7 2
67 7 6
67 6 5
67 5 3
67 5 4
67 27 26
67 26 16
67 16 15
67 15 13
67 15 14
67 26 25
67 25 17
67 25 24
67 24 22
67 22 20
67 20 19
67 19 18
67 22 21
67 24 23
68 31 30
68 30 29
68 29 17
68 17 0
68 17 16
68 16 14
68 14 13
68 13 1
68 13 12
68 12 11
68 11 2
68 11 10
68 10 9
68 9 8
68 8 6
68 6 4
68 4 3
68 6 5
68 8 7
68 16 15
68 29 28
68 28 26
68 26 23
68 23 18
68 23 22
68 22 21
68 21 20
68 20 19
68 26 25
68 25 24
68 28 27
69 33 32
69 32 28
69 28 4
69 4 2
69 2 0
69 2 1
69 4 3
69 28 27
69 27 5
69 27 26
69 26 24
69 24 6
69 24 23
69 23 22
69 22 19
69 19 17
69 17 16
69 16 12
69 12 9
69 9 8
69 8 7
69 12 11
69 11 10
69 16 15
69 15 14
69 14 13
69 19 18
69 22 21
69 21 20
69 26 25
69 32 31
69 31 29
69 31 30
70 33 27
70 27 25
70 25 24
70 24 20
70 20 18
70 18 5
70 5 4
70 4 0
70 4 3
70 3 2
70 2 1
70 18 17
70 17 14
70 14 13
70 13 7
70 7 6
70 13 12
70 12 9
70 9 8
70 12 11
70 11 10
70 17 16
70 16 15
70 20 19
70 24 23
70 23 21
70 23 22
70 27 26
70 33 32
70 32 31
70 31 30
70 30 29
70 29 28
71 31 30
71 30 27
71 27 26
71 26 25
71 25 1
71 1 0
71 25 24
71 24 23
71 23 21
71 21 15
71 15 14
71 14 12
71 12 11
71 11 4
71 4 3
71 3 2
71 11 10
71 10 5
71 10 9
71 9 8
71 8 7
71 7 6
71 14 13
71 21 20
71 20 17
71 17 16
71 20 19
71 19 18
71 23 22
71 30 29
71 29 28
72 30 28
72 28 27
72 27 1
72 1 0
72 27 26
72 26 3
72 3 2
72 26 25
72 25 20
72 20 19
72 19 18
72 18 11
72 11 10
72 10 8
72 8 5
72 5 4
72 8 7
72 7 6
72 10 9
72 18 17
72 17 16
72 16 15
72 15 12
72 15 14
72 14 13
72 25 24
72 24 22
72 22 21
72 24 23
72 30 29
73 32 31
73 31 22
73 22 16
73 16 15
73 15 13
73 13 1
73 1 0
73 13 12
73 12 2
73 12 11
73 11 10
73 10 6
73 6 5
73 5 3
73 5 4
73 10 9
73 9 7
73 9 8
73 15 14
73 22 21
73 21 17
73 21 20
73 20 19
73 19 18
73 31 30
73 30 29
73 29 28
73 28 23
73 28 27
73 27 25
73 25 24
73 27 26
74 29 0
74 29 28
74 28 27
74 27 1
74 27 26
74 26 11
74 11 9
74 9 8
74 8 5
74 5 3
74 3 2
74 5 4
74 8 7
74 7 6
74 11 10
74 26 25
74 25 12
74 25 24
74 24 21
74 21 16
74 16 15
74 15 14
74 14 13
74 21 20
74 20 18
74 18 17
74 20 19
74 24 23
74 23 22
75 33 30
75 30 29
75 29 0
75 29 28
75 28 27
75 27 26
75 26 5
75 5 4
75 4 3
75 3 2
75 2 1
75 26 25
75 25 7
75 7 6
75 25 24
75 24 22
75 22 8
75 22 21
75 21 9
75 21 20
75 20 11
75 11 10
75 20 19
75 19 18
75 18 16
75 16 15
75 15 14
75 14 12
75 14 13
75 18 17
75 24 23
75 33 32
75 32 31
76 31 30
76 30 1
76 1 0
76 30 29
76 29 28
76 28 27
76 27 24
76 24 23
76 23 21
76 21 10
76 10 2
76 10 9
76 9 8
76 8 7
76 7 3
76 7 6
76 6 5
76 5 4
76 21 20
76 20 19
76 19 11
76 19 18
76 18 17
76 17 14
76 14 12
76 14 13
76 17 16
76 16 15
76 23 22
76 27 26
76 26 25
77 31 30
77 30 29
77 29 28
77 28 3
77 3 0
77 3 2
77 2 1
77 28 27
77 27 25
77 25 24
77 24 5
77 5 4
77 24 23
77 23 21
77 21 20
77 20 6
77 20 19
77 19 18
77 18 17
77 17 13
77 13 12
77 12 10
77 10 8
77 8 7
77 10 9
77 12 11
77 17 16
77 16 15
77 15 14
77 23 22
77 27 26
78 31 8
78 8 0
78 8 7
78 7 3
78 3 1
78 3 2
78 7 6
78 6 5
78 5 4
78 31 30
78 30 15
78 15 13
78 13 12
78 12 11
78 11 9
78 11 10
78 15 14
78 30 29
78 29 28
78 28 27
78 27 18
78 18 16
78 18 17
78 27 26
78 26 23
78 23 19
78 23 22
78 22 21
78 21 20
78 26 25
78 25 24
79 30 1
79 1 0
79 30 29
79 29 28
79 28 14
79 14 13
79 13 2
79 13 12
79 12 11
79 11 3
79 11 10
79 10 4
79 10 9
79 9 7
79 7 6
79 6 5
79 9 8
79 28 27
79 27 25
79 25 15
79 25 24
79 24 22
79 22 21
79 21 20
79 20 17
79 17 16
79 20 19
79 19 18
79 24 23
79 27 26
80 29 9
80 9 8
80 8 7
80 7 1
80 1 0
80 7 6
80 6 5
80 5 3
80 3 2
80 5 4
80 29 28
80 28 10
80 28 27
80 27 13
80 13 11
80 13 12
80 27 26
80 26 22
80 22 14
80 22 21
80 21 20
80 20 19
80 19 18
80 18 15
80 18 17
80 17 16
80 26 25
80 25 23
80 25 24
81 30 29
81 29 28
81 28 14
81 14 0
81 14 13
81 13 12
81 12 5
81 5 4
81 4 3
81 3 1
81 3 2
81 12 11
81 11 6
81 11 10
81 10 8
81 8 7
81 10 9
81 28 27
81 27 25
81 25 15
81 25 24
81 24 22
81 22 21
81 21 20
81 20 17
81 17 16
81 20 19
81 19 18
81 24 23
81 27 26
82 32 1
82 1 0
82 32 31
82 31 11
82 11 10
82 10 8
82 8 7
82 7 5
82 5 4
82 4 2
82 4 3
82 7 6
82 10 9
82 31 30
82 30 29
82 29 24
82 24 23
82 23 20
82 20 18
82 18 16
82 16 15
82 15 14
82 14 13
82 13 12
82 18 17
82 20 19
82 23 22
82 22 21
82 29 28
82 28 27
82 27 26
82 26 25
83 32 30
83 30 0
83 30 29
83 29 27
83 27 21
83 21 2
83 2 1
83 21 20
83 20 4
83 4 3
83 20 19
83 19 18
83 18 15
83 15 14
83 14 5
83 14 13
83 13 9
83 9 6
83 9 8
83 8 7
83 13 12
83 12 11
83 11 10
83 18 17
83 17 16
83 27 26
83 26 25
83 25 24
83 24 22
83 24 23
83 29 28
83 32 31
84 34 0
84 34 33
84 33 32
84 32 2
84 2 1
84 32 31
84 31 30
84 30 29
84 29 25
84 25 8
84 8 3
84 8 7
84 7 4
84 7 6
84 6 5
84 25 24
84 24 13
84 13 12
84 12 10
84 10 9
84 12 11
84 24 23
84 23 15
84 15 14
84 23 22
84 22 20
84 20 16
84 20 19
84 19 18
84 18 17
84 22 21
84 29 28
84 28 27
84 27 26
85 29 4
85 4 0
85 4 3
85 3 2
85 2 1
85 29 28
85 28 22
85 22 6
85 6 5
85 22 21
85 21 14
85 14 8
85 8 7
85 14 13
85 13 12
85 12 9
85 12 11
85 11 10
85 21 20
85 20 18
85 18 15
85 18 17
85 17 16
85 20 19
85 28 27
85 27 26
85 26 24
85 24 23
85 26 25
86 29 28
86 28 0
86 28 27
86 27 3
86 3 1
86 3 2
86 27 26
86 26 23
86 23 22
86 22 21
86 21 20
86 20 19
86 19 17
86 17 12
86 12 5
86 5 4
86 12 11
86 11 8
86 8 7
86 7 6
86 11 10
86 10 9
86 17 16
86 16 14
86 14 13
86 16 15
86 19 18
86 26 25
86 25 24
87 30 18
87 18 10
87 10 5
87 5 4
87 4 3
87 3 2
87 2 1
87 1 0
87 10 9
87 9 8
87 8 6
87 8 7
87 18 17
87 17 11
87 17 16
87 16 12
87 16 15
87 15 13
87 15 14
87 30 29
87 29 27
87 27 26
87 26 24
87 24 19
87 24 23
87 23 22
87 22 20
87 22 21
87 26 25
87 29 28
88 29 28
88 28 27
88 27 7
88 7 5
88 5 0
88 5 4
88 4 1
88 4 3
88 3 2
88 7 6
88 27 26
88 26 23
88 23 22
88 22 8
88 22 21
88 21 18
88 18 9
88 18 17
88 17 16
88 16 10
88 16 15
88 15 14
88 14 12
88 12 11
88 14 13
88 21 20
88 20 19
88 26 25
88 25 24
89 29 25
89 25 9
89 9 8
89 8 7
89 7 1
89 1 0
89 7 6
89 6 5
89 5 2
89 5 4
89 4 3
89 25 24
89 24 12
89 12 11
89 11 10
89 24 23
89 23 22
89 22 16
89 16 13
89 16 15
89 15 14
89 22 21
89 21 20
89 20 19
89 19 18
89 18 17
89 29 28
89 28 26
89 28 27
90 29 1
90 1 0
90 29 28
90 28 24
90 24 22
90 22 21
90 21 2
90 21 20
90 20 13
90 13 4
90 4 3
90 13 12
90 12 11
90 11 7
90 7 5
90 7 6
90 11 10
90 10 9
90 9 8
90 20 19
90 19 15
90 15 14
90 19 18
90 18 16
90 18 17
90 24 23
90 28 27
90 27 26
90 26 25
91 33 10
91 10 1
91 1 0
91 10 9
91 9 5
91 5 2
91 5 4
91 4 3
91 9 8
91 8 7
91 7 6
91 33 32
91 32 30
91 30 11
91 30 29
91 29 28
91 28 12
91 28 27
91 27 25
91 25 24
91 24 19
91 19 14
91 14 13
91 19 18
91 18 17
91 17 15
91 17 16
91 24 23
91 23 21
91 21 20
91 23 22
91 27 26
91 32 31
92 33 32
92 32 31
92 31 0
92 31 30
92 30 4
92 4 1
92 4 3
92 3 2
92 30 29
92 29 28
92 28 24
92 24 13
92 13 9
92 9 6
92 6 5
92 9 8
92 8 7
92 13 12
92 12 10
92 12 11
92 24 23
92 23 21
92 21 19
92 19 17
92 17 16
92 16 14
92 16 15
92 19 18
92 21 20
92 23 22
92 28 27
92 27 26
92 26 25
93 30 2
93 2 1
93 1 0
93 30 29
93 29 28
93 28 26
93 26 25
93 25 22
93 22 21
93 21 20
93 20 18
93 18 16
93 16 3
93 16 15
93 15 14
93 14 13
93 13 12
93 12 8
93 8 6
93 6 4
93 6 5
93 8 7
93 12 11
93 11 10
93 10 9
93 18 17
93 20 19
93 25 24
93 24 23
93 28 27
94 34 33
94 33 31
94 31 5
94 5 4
94 4 2
94 2 0
94 2 1
94 4 3
94 31 30
94 30 6
94 30 29
94 29 16
94 16 15
94 15 12
94 12 11
94 11 7
94 11 10
94 10 8
94 10 9
94 15 14
94 14 13
94 29 28
94 28 17
94 28 27
94 27 25
94 25 21
94 21 18
94 21 20
94 20 19
94 25 24
94 24 22
94 24 23
94 27 26
94 33 32
95 33 30
95 30 29
95 29 0
95 29 28
95 28 6
95 6 1
95 6 5
95 5 4
95 4 3
95 3 2
95 28 27
95 27 18
95 18 7
95 18 17
95 17 14
95 14 12
95 12 8
95 12 11
95 11 10
95 10 9
95 14 13
95 17 16
95 16 15
95 27 26
95 26 24
95 24 22
95 22 21
95 21 19
95 21 20
95 24 23
95 26 25
95 33 32
95 32 31
96 33 28
96 28 1
96 1 0
96 28 27
96 27 25
96 25 2
96 25 24
96 24 23
96 23 22
96 22 21
96 21 20
96 20 14
96 14 13
96 13 12
96 12 10
96 10 3
96 10 9
96 9 8
96 8 6
96 6 5
96 5 4
96 8 7
96 12 11
96 20 19
96 19 17
96 17 16
96 16 15
96 19 18
96 27 26
96 33 32
96 32 29
96 32 31
96 31 30
97 31 29
97 29 28
97 28 7
97 7 5
97 5 1
97 1 0
97 5 4
97 4 2
97 4 3
97 7 6
97 28 27
97 27 25
97 25 8
97 25 24
97 24 19
97 19 15
97 15 14
97 14 9
97 14 13
97 13 10
97 13 12
97 12 11
97 19 18
97 18 16
97 18 17
97 24 23
97 23 22
97 22 20
97 22 21
97 27 26
97 31 30
98 31 29
98 29 0
98 29 28
98 28 16
98 16 14
98 14 13
98 13 12
98 12 11
98 11 3
98 3 1
98 3 2
98 11 10
98 10 4
98 10 9
98 9 8
98 8 7
98 7 6
98 6 5
98 16 15
98 28 27
98 27 18
98 18 17
98 27 26
98 26 25
98 25 22
98 22 21
98 21 19
98 21 20
98 25 24
98 24 23
98 31 30
99 31 17
99 17 7
99 7 6
99 6 0
99 6 5
99 5 3
99 3 2
99 2 1
99 5 4
99 17 16
99 16 15
99 15 13
99 13 11
99 11 10
99 10 8
99 10 9
99 13 12
99 15 14
99 31 30
99 30 29
99 29 27
99 27 18
99 27 26
99 26 25
99 25 22
99 22 19
99 22 21
99 21 20
99 25 24
99 24 23
99 29 28
100 34 1
100 1 0
100 34 33
100 33 19
100 19 2
100 19 18
100 18 4
100 4 3
100 18 17
100 17 5
100 17 16
100 16 15
100 15 10
100 10 9
100 9 7
100 7 6
100 9 8
100 15 14
100 14 12
100 12 11
100 14 13
100 33 32
100 32 30
100 30 29
100 29 28
100 28 20
100 28 27
100 27 25
100 25 23
100 23 22
100 22 21
100 25 24
100 27 26
100 32 31
101 29 24
101 24 12
101 12 0
101 12 11
101 11 1
101 11 10
101 10 9
101 9 2
101 9 8
101 8 6
101 6 3
101 6 5
101 5 4
101 8 7
101 24 23
101 23 21
101 21 14
101 14 13
101 21 20
101 20 19
101 19 18
101 18 17
101 17 16
101 16 15
101 23 22
101 29 28
101 28 27
101 27 25
101 27 26
