1 32 28
1 28 27
1 27 0
1 27 26
1 26 1
1 26 25
1 25 24
1 24 23
1 23 22
1 22 19
1 19 4
1 4 3
1 3 2
1 19 18
1 18 17
1 17 16
1 16 5
1 16 15
1 15 8
1 8 6
1 8 7
1 15 14
1 14 13
1 13 9
1 13 12
1 12 10
1 12 11
1 22 21
1 21 20
1 32 31
1 31 29
1 31 30
2 29 25
2 25 24
2 24 22
2 22 20
2 20 5
2 5 3
2 3 2
2 2 1
2 1 0
2 5 4
2 20 19
2 19 7
2 7 6
2 19 18
2 18 16
2 16 15
2 15 9
2 9 8
2 15 14
2 14 12
2 12 11
2 11 10
2 14 13
2 18 17
2 22 21
2 24 23
2 29 28
2 28 27
2 27 26
3 31 2
3 2 0
3 2 1
3 31 30
3 30 16
3 16 15
3 15 14
3 14 6
3 6 5
3 5 4
3 4 3
3 14 13
3 13 11
3 11 10
3 10 7
3 10 9
3 9 8
3 13 12
3 30 29
3 29 22
3 22 17
3 22 21
3 21 19
3 19 18
3 21 20
3 29 28
3 28 27
3 27 26
3 26 24
3 24 23
3 26 25
4 29 28
4 28 15
4 15 4
4 4 0
4 4 3
4 3 1
4 3 2
4 15 14
4 14 12
4 12 10
4 10 5
4 10 9
4 9 8
4 8 6
4 8 7
4 12 11
4 14 13
4 28 27
4 27 26
4 26 25
4 25 24
4 24 18
4 18 16
4 18 17
4 24 23
4 23 19
4 23 22
4 22 20
4 22 21
5 32 29
5 29 1
5 1 0
5 29 28
5 28 8
5 8 6
5 6 4
5 4 3
5 3 2
5 6 5
5 8 7
5 28 27
5 27 25
5 25 24
5 24 23
5 23 19
5 19 15
5 15 14
5 14 10
5 10 9
5 14 13
5 13 11
5 13 12
5 19 18
5 18 16
5 18 17
5 23 22
5 22 20
5 22 21
5 27 26
5 32 31
5 31 30
6 33 0
6 33 32
6 32 31
6 31 30
6 30 25
6 25 24
6 24 23
6 23 22
6 22 21
6 21 17
6 17 16
6 16 15
6 15 9
6 9 8
6 8 6
6 6 5
6 5 2
6 2 1
6 5 4
6 4 3
6 8 7
6 15 14
6 14 12
6 12 11
6 11 10
6 14 13
6 21 20
6 20 18
6 20 19
6 30 29
6 29 28
6 28 27
6 27 26
7 29 17
7 17 2
7 2 0
7 2 1
7 17 16
7 16 15
7 15 14
7 14 5
7 5 4
7 4 3
7 14 13
7 13 11
7 11 9
7 9 7
7 7 6
7 9 8
7 11 10
7 13 12
7 29 28
7 28 26
7 26 18
7 26 25
7 25 24
7 24 22
7 22 20
7 20 19
7 22 21
7 24 23
7 28 27
8 29 28
8 28 25
8 25 22
8 22 20
8 20 16
8 16 0
8 16 15
8 15 14
8 14 13
8 13 12
8 12 11
8 11 1
8 11 10
8 10 9
8 9 8
8 8 5
8 5 4
8 4 2
8 4 3
8 8 7
8 7 6
8 20 19
8 19 17
8 19 18
8 22 21
8 25 24
8 24 23
8 28 27
8 27 26
9 30 29
9 29 0
9 29 28
9 28 27
9 27 23
9 23 22
9 22 21
9 21 20
9 20 14
9 14 13
9 13 12
9 12 2
9 2 1
9 12 11
9 11 3
9 11 10
9 10 4
9 10 9
9 9 5
9 9 8
9 8 6
9 8 7
9 20 19
9 19 17
9 17 16
9 16 15
9 19 18
9 27 26
9 26 25
9 25 24
10 33 4
10 4 3
10 3 0
10 3 2
10 2 1
10 33 32
10 32 31
10 31 5
10 31 30
10 30 29
10 29 28
10 28 16
10 16 15
10 15 6
10 15 14
10 14 11
10 11 9
10 9 7
10 9 8
10 11 10
10 14 13
10 13 12
10 28 27
10 27 25
10 25 17
10 25 24
10 24 22
10 22 21
10 21 18
10 21 20
10 20 19
10 24 23
10 27 26
11 32 31
11 31 0
11 31 30
11 30 29
11 29 28
11 28 2
11 2 1
11 28 27
11 27 3
11 27 26
11 26 25
11 25 4
11 25 24
11 24 23
11 23 20
11 20 6
11 6 5
11 20 19
11 19 18
11 18 16
11 16 13
11 13 12
11 12 11
11 11 8
11 8 7
11 11 10
11 10 9
11 16 15
11 15 14
11 18 17
11 23 22
11 22 21
12 32 29
12 29 28
12 28 3
12 3 0
12 3 2
12 2 1
12 28 27
12 27 25
12 25 12
12 12 4
12 12 11
12 11 10
12 10 9
12 9 7
12 7 5
12 7 6
12 9 8
12 25 24
12 24 14
12 14 13
12 24 23
12 23 21
12 21 19
12 19 18
12 18 17
12 17 15
12 17 16
12 21 20
12 23 22
12 27 26
12 32 31
12 31 30
13 31 28
13 28 0
13 28 27
13 27 3
13 3 1
13 3 2
13 27 26
13 26 25
13 25 24
13 24 4
13 24 23
13 23 5
13 23 22
13 22 19
13 19 6
13 19 18
13 18 17
13 17 15
13 15 7
13 15 14
13 14 8
13 14 13
13 13 12
13 12 9
13 12 11
13 11 10
13 17 16
13 22 21
13 21 20
13 31 30
13 30 29
14 33 3
14 3 0
14 3 2
14 2 1
14 33 32
14 32 26
14 26 9
14 9 5
14 5 4
14 9 8
14 8 6
14 8 7
14 26 25
14 25 10
14 25 24
14 24 23
14 23 22
14 22 11
14 22 21
14 21 14
14 14 13
14 13 12
14 21 20
14 20 15
14 20 19
14 19 17
14 17 16
14 19 18
14 32 31
14 31 28
14 28 27
14 31 30
14 30 29
15 32 31
15 31 30
15 30 26
15 26 25
15 25 1
15 1 0
15 25 24
15 24 23
15 23 22
15 22 20
15 20 10
15 10 5
15 5 4
15 4 2
15 4 3
15 10 9
15 9 6
15 9 8
15 8 7
15 20 19
15 19 13
15 13 11
15 13 12
15 19 18
15 18 16
15 16 14
15 16 15
15 18 17
15 22 21
15 30 29
15 29 27
15 29 28
16 29 16
16 16 15
16 15 14
16 14 0
16 14 13
16 13 12
16 12 11
16 11 3
16 3 2
16 2 1
16 11 10
16 10 8
16 8 7
16 7 4
16 7 6
16 6 5
16 10 9
16 29 28
16 28 27
16 27 17
16 27 26
16 26 19
16 19 18
16 26 25
16 25 24
16 24 22
16 22 20
16 22 21
16 24 23
17 32 30
17 30 29
17 29 20
17 20 19
17 19 15
17 15 14
17 14 1
17 1 0
17 14 13
17 13 11
17 11 10
17 10 6
17 6 3
17 3 2
17 6 5
17 5 4
17 10 9
17 9 8
17 8 7
17 13 12
17 19 18
17 18 17
17 17 16
17 29 28
17 28 24
17 24 23
17 23 22
17 22 21
17 28 27
17 27 25
17 27 26
17 32 31
18 29 26
18 26 2
18 2 0
18 2 1
18 26 25
18 25 7
18 7 5
18 5 4
18 4 3
18 7 6
18 25 24
18 24 23
18 23 22
18 22 21
18 21 20
18 20 19
18 19 14
18 14 13
18 13 9
18 9 8
18 13 12
18 12 10
18 12 11
18 19 18
18 18 16
18 16 15
18 18 17
18 29 28
18 28 27
19 31 1
19 1 0
19 31 30
19 30 22
19 22 21
19 21 20
19 20 7
19 7 2
19 7 6
19 6 5
19 5 3
19 5 4
19 20 19
19 19 11
19 11 10
19 10 9
19 9 8
19 19 18
19 18 15
19 15 12
19 15 14
19 14 13
19 18 17
19 17 16
19 30 29
19 29 23
19 29 28
19 28 27
19 27 26
19 26 25
19 25 24
20 34 3
20 3 1
20 1 0
20 3 2
20 34 33
20 33 29
20 29 4
20 29 28
20 28 5
20 28 27
20 27 22
20 22 7
20 7 6
20 22 21
20 21 19
20 19 12
20 12 11
20 11 10
20 10 9
20 9 8
20 19 18
20 18 15
20 15 13
20 15 14
20 18 17
20 17 16
20 21 20
20 27 26
20 26 25
20 25 24
20 24 23
20 33 32
20 32 30
20 32 31
21 30 29
21 29 15
21 15 14
21 14 13
21 13 11
21 11 5
21 5 3
21 3 2
21 2 1
21 1 0
21 5 4
21 11 10
21 10 8
21 8 7
21 7 6
21 10 9
21 13 12
21 29 28
21 28 27
21 27 18
21 18 17
21 17 16
21 27 26
21 26 20
21 20 19
21 26 25
21 25 21
21 25 24
21 24 22
21 24 23
22 32 1
22 1 0
22 32 31
22 31 30
22 30 10
22 10 2
22 10 9
22 9 7
22 7 5
22 5 3
22 5 4
22 7 6
22 9 8
22 30 29
22 29 27
22 27 25
22 25 21
22 21 11
22 21 20
22 20 19
22 19 12
22 19 18
22 18 16
22 16 14
22 14 13
22 16 15
22 18 17
22 25 24
22 24 22
22 24 23
22 27 26
22 29 28
23 29 23
23 23 22
23 22 20
23 20 19
23 19 14
23 14 0
23 14 13
23 13 2
23 2 1
23 13 12
23 12 6
23 6 5
23 5 4
23 4 3
23 12 11
23 11 10
23 10 8
23 8 7
23 10 9
23 19 18
23 18 17
23 17 15
23 17 16
23 22 21
23 29 28
23 28 26
23 26 25
23 25 24
23 28 27
24 32 30
24 30 1
24 1 0
24 30 29
24 29 3
24 3 2
24 29 28
24 28 10
24 10 4
24 10 9
24 9 8
24 8 5
24 8 7
24 7 6
24 28 27
24 27 25
24 25 22
24 22 16
24 16 14
24 14 11
24 14 13
24 13 12
24 16 15
24 22 21
24 21 20
24 20 18
24 18 17
24 20 19
24 25 24
24 24 23
24 27 26
24 32 31
25 33 30
25 30 29
25 29 0
25 29 28
25 28 24
25 24 15
25 15 14
25 14 3
25 3 2
25 2 1
25 14 13
25 13 8
25 8 6
25 6 5
25 5 4
25 8 7
25 13 12
25 12 11
25 11 9
25 11 10
25 24 23
25 23 22
25 22 16
25 22 21
25 21 20
25 20 19
25 19 18
25 18 17
25 28 27
25 27 26
25 26 25
25 33 32
25 32 31
26 33 3
26 3 2
26 2 1
26 1 0
26 33 32
26 32 29
26 29 5
26 5 4
26 29 28
26 28 27
26 27 7
26 7 6
26 27 26
26 26 8
26 26 25
26 25 21
26 21 9
26 21 20
26 20 10
26 20 19
26 19 11
26 19 18
26 18 17
26 17 16
26 16 15
26 15 14
26 14 13
26 13 12
26 25 24
26 24 23
26 23 22
26 32 31
26 31 30
27 32 31
27 31 29
27 29 28
27 28 27
27 27 2
27 2 1
27 1 0
27 27 26
27 26 25
27 25 5
27 5 4
27 4 3
27 25 24
27 24 7
27 7 6
27 24 23
27 23 22
27 22 16
27 16 8
27 16 15
27 15 10
27 10 9
27 15 14
27 14 13
27 13 12
27 12 11
27 22 21
27 21 20
27 20 18
27 18 17
27 20 19
27 31 30
28 31 18
28 18 0
28 18 17
28 17 1
28 17 16
28 16 11
28 11 9
28 9 7
28 7 2
28 7 6
28 6 5
28 5 4
28 4 3
28 9 8
28 11 10
28 16 15
28 15 14
28 14 13
28 13 12
28 31 30
28 30 19
28 30 29
28 29 22
28 22 21
28 21 20
28 29 28
28 28 23
28 28 27
28 27 24
28 27 26
28 26 25
29 34 33
29 33 31
29 31 25
29 25 24
29 24 23
29 23 11
29 11 10
29 10 8
29 8 7
29 7 1
29 1 0
29 7 6
29 6 5
29 5 4
29 4 3
29 3 2
29 10 9
29 23 22
29 22 21
29 21 17
29 17 15
29 15 12
29 15 14
29 14 13
29 17 16
29 21 20
29 20 18
29 20 19
29 31 30
29 30 29
29 29 28
29 28 27
29 27 26
29 33 32
30 34 29
30 29 28
30 28 0
30 28 27
30 27 3
30 3 1
30 3 2
30 27 26
30 26 4
30 26 25
30 25 6
30 6 5
30 25 24
30 24 8
30 8 7
30 24 23
30 23 11
30 11 9
30 11 10
30 23 22
30 22 21
30 21 13
30 13 12
30 21 20
30 20 17
30 17 16
30 16 14
30 16 15
30 20 19
30 19 18
30 34 33
30 33 32
30 32 31
30 31 30
31 31 30
31 30 26
31 26 1
31 1 0
31 26 25
31 25 4
31 4 2
31 4 3
31 25 24
31 24 22
31 22 8
31 8 7
31 7 6
31 6 5
31 22 21
31 21 20
31 20 16
31 16 9
31 16 15
31 15 14
31 14 13
31 13 10
31 13 12
31 12 11
31 20 19
31 19 18
31 18 17
31 24 23
31 30 29
31 29 27
31 29 28
32 32 31
32 31 0
32 31 30
32 30 19
32 19 2
32 2 1
32 19 18
32 18 16
32 16 13
32 13 12
32 12 3
32 12 11
32 11 9
32 9 8
32 8 4
32 8 7
32 7 5
32 7 6
32 11 10
32 16 15
32 15 14
32 18 17
32 30 29
32 29 27
32 27 23
32 23 22
32 22 21
32 21 20
32 27 26
32 26 25
32 25 24
32 29 28
33 31 10
33 10 1
33 1 0
33 10 9
33 9 4
33 4 2
33 4 3
33 9 8
33 8 7
33 7 5
33 7 6
33 31 30
33 30 13
33 13 11
33 13 12
33 30 29
33 29 28
33 28 16
33 16 15
33 15 14
33 28 27
33 27 19
33 19 17
33 19 18
33 27 26
33 26 25
33 25 21
33 21 20
33 25 24
33 24 23
33 23 22
34 31 1
34 1 0
34 31 30
34 30 28
34 28 13
34 13 12
34 12 8
34 8 4
34 4 3
34 3 2
34 8 7
34 7 6
34 6 5
34 12 11
34 11 10
34 10 9
34 28 27
34 27 14
34 27 26
34 26 24
34 24 23
34 23 17
34 17 15
34 17 16
34 23 22
34 22 18
34 22 21
34 21 19
34 21 20
34 26 25
34 30 29
35 32 31
35 31 30
35 30 29
35 29 22
35 22 21
35 21 1
35 1 0
35 21 20
35 20 4
35 4 2
35 4 3
35 20 19
35 19 18
35 18 7
35 7 5
35 7 6
35 18 17
35 17 8
35 17 16
35 16 10
35 10 9
35 16 15
35 15 12
35 12 11
35 15 14
35 14 13
35 29 28
35 28 23
35 28 27
35 27 25
35 25 24
35 27 26
36 31 0
36 31 30
36 30 29
36 29 27
36 27 26
36 26 5
36 5 3
36 3 1
36 3 2
36 5 4
36 26 25
36 25 23
36 23 22
36 22 20
36 20 19
36 19 18
36 18 16
36 16 14
36 14 13
36 13 12
36 12 8
36 8 7
36 7 6
36 12 11
36 11 9
36 11 10
36 16 15
36 18 17
36 22 21
36 25 24
36 29 28
37 30 1
37 1 0
37 30 29
37 29 2
37 29 28
37 28 27
37 27 18
37 18 6
37 6 5
37 5 4
37 4 3
37 18 17
37 17 9
37 9 7
37 9 8
37 17 16
37 16 11
37 11 10
37 16 15
37 15 14
37 14 13
37 13 12
37 27 26
37 26 25
37 25 24
37 24 19
37 24 23
37 23 22
37 22 21
37 21 20
38 34 2
38 2 1
38 1 0
38 34 33
38 33 28
38 28 19
38 19 18
38 18 11
38 11 9
38 9 7
38 7 3
38 7 6
38 6 5
38 5 4
38 9 8
38 11 10
38 18 17
38 17 15
38 15 14
38 14 12
38 14 13
38 17 16
38 28 27
38 27 25
38 25 23
38 23 22
38 22 20
38 22 21
38 25 24
38 27 26
38 33 32
38 32 31
38 31 30
38 30 29
39 29 17
39 17 15
39 15 4
39 4 3
39 3 0
39 3 2
39 2 1
39 15 14
39 14 13
39 13 8
39 8 5
39 8 7
39 7 6
39 13 12
39 12 9
39 12 11
39 11 10
39 17 16
39 29 28
39 28 18
39 28 27
39 27 26
39 26 24
39 24 19
39 24 23
39 23 22
39 22 21
39 21 20
39 26 25
40 33 32
40 32 28
40 28 27
40 27 24
40 24 23
40 23 20
40 20 18
40 18 2
40 2 1
40 1 0
40 18 17
40 17 16
40 16 15
40 15 14
40 14 12
40 12 11
40 11 8
40 8 7
40 7 5
40 5 4
40 4 3
40 7 6
40 11 10
40 10 9
40 14 13
40 20 19
40 23 22
40 22 21
40 27 26
40 26 25
40 32 31
40 31 29
40 31 30
41 33 4
41 4 3
41 3 2
41 2 1
41 1 0
41 33 32
41 32 10
41 10 9
41 9 8
41 8 5
41 8 7
41 7 6
41 32 31
41 31 15
41 15 11
41 15 14
41 14 12
41 14 13
41 31 30
41 30 16
41 30 29
41 29 28
41 28 23
41 23 21
41 21 17
41 21 20
41 20 18
41 20 19
41 23 22
41 28 27
41 27 25
41 25 24
41 27 26
42 33 0
42 33 32
42 32 27
42 27 25
42 25 23
42 23 12
42 12 2
42 2 1
42 12 11
42 11 10
42 10 9
42 9 6
42 6 4
42 4 3
42 6 5
42 9 8
42 8 7
42 23 22
42 22 21
42 21 18
42 18 16
42 16 15
42 15 14
42 14 13
42 18 17
42 21 20
42 20 19
42 25 24
42 27 26
42 32 31
42 31 28
42 31 30
42 30 29
43 31 25
43 25 18
43 18 16
43 16 12
43 12 3
43 3 2
43 2 1
43 1 0
43 12 11
43 11 10
43 10 4
43 10 9
43 9 7
43 7 6
43 6 5
43 9 8
43 16 15
43 15 13
43 15 14
43 18 17
43 25 24
43 24 22
43 22 20
43 20 19
43 22 21
43 24 23
43 31 30
43 30 28
43 28 26
43 28 27
43 30 29
44 33 8
44 8 7
44 7 6
44 6 1
44 1 0
44 6 5
44 5 3
44 3 2
44 5 4
44 33 32
44 32 15
44 15 14
44 14 11
44 11 10
44 10 9
44 14 13
44 13 12
44 32 31
44 31 30
44 30 16
44 30 29
44 29 23
44 23 21
44 21 17
44 21 20
44 20 19
44 19 18
44 23 22
44 29 28
44 28 27
44 27 26
44 26 24
44 26 25
45 33 0
45 33 32
45 32 30
45 30 3
45 3 1
45 3 2
45 30 29
45 29 27
45 27 8
45 8 5
45 5 4
45 8 7
45 7 6
45 27 26
45 26 13
45 13 9
45 13 12
45 12 11
45 11 10
45 26 25
45 25 21
45 21 20
45 20 19
45 19 14
45 19 18
45 18 15
45 18 17
45 17 16
45 25 24
45 24 23
45 23 22
45 29 28
45 32 31
46 32 23
46 23 5
46 5 1
46 1 0
46 5 4
46 4 3
46 3 2
46 23 22
46 22 20
46 20 19
46 19 18
46 18 16
46 16 14
46 14 6
46 14 13
46 13 11
46 11 10
46 10 9
46 9 8
46 8 7
46 13 12
46 16 15
46 18 17
46 22 21
46 32 31
46 31 28
46 28 27
46 27 26
46 26 24
46 26 25
46 31 30
46 30 29
47 33 32
47 32 27
47 27 26
47 26 1
47 1 0
47 26 25
47 25 24
47 24 12
47 12 2
47 12 11
47 11 9
47 9 7
47 7 5
47 5 4
47 4 3
47 7 6
47 9 8
47 11 10
47 24 23
47 23 13
47 23 22
47 22 15
47 15 14
47 22 21
47 21 20
47 20 18
47 18 16
47 18 17
47 20 19
47 32 31
47 31 30
47 30 28
47 30 29
48 33 4
48 4 1
48 1 0
48 4 3
48 3 2
48 33 32
48 32 31
48 31 21
48 21 20
48 20 19
48 19 17
48 17 13
48 13 12
48 12 11
48 11 5
48 11 10
48 10 8
48 8 7
48 7 6
48 10 9
48 17 16
48 16 15
48 15 14
48 19 18
48 31 30
48 30 25
48 25 22
48 25 24
48 24 23
48 30 29
48 29 28
48 28 26
48 28 27
49 32 31
49 31 0
49 31 30
49 30 9
49 9 8
49 8 2
49 2 1
49 8 7
49 7 3
49 7 6
49 6 4
49 6 5
49 30 29
49 29 26
49 26 18
49 18 17
49 17 12
49 12 10
49 12 11
49 17 16
49 16 13
49 16 15
49 15 14
49 26 25
49 25 24
49 24 23
49 23 19
49 23 22
49 22 21
49 21 20
49 29 28
49 28 27
50 32 31
50 31 18
50 18 9
50 9 5
50 5 3
50 3 2
50 2 0
50 2 1
50 5 4
50 9 8
50 8 6
50 8 7
50 18 17
50 17 12
50 12 10
50 12 11
50 17 16
50 16 15
50 15 13
50 15 14
50 31 30
50 30 29
50 29 28
50 28 26
50 26 25
50 25 24
50 24 23
50 23 19
50 23 22
50 22 20
50 22 21
50 28 27
51 34 33
51 33 2
51 2 0
51 2 1
51 33 32
51 32 31
51 31 29
51 29 8
51 8 4
51 4 3
51 8 7
51 7 6
51 6 5
51 29 28
51 28 18
51 18 9
51 18 17
51 17 16
51 16 14
51 14 13
51 13 12
51 12 11
51 11 10
51 16 15
51 28 27
51 27 26
51 26 25
51 25 22
51 22 21
51 21 19
51 21 20
51 25 24
51 24 23
51 31 30
52 33 9
52 9 4
52 4 3
52 3 2
52 2 0
52 2 1
52 9 8
52 8 7
52 7 6
52 6 5
52 33 32
52 32 10
52 32 31
52 31 30
52 30 28
52 28 27
52 27 12
52 12 11
52 27 26
52 26 25
52 25 22
52 22 16
52 16 15
52 15 14
52 14 13
52 22 21
52 21 20
52 20 19
52 19 17
52 19 18
52 25 24
52 24 23
52 30 29
53 29 21
53 21 5
53 5 0
53 5 4
53 4 2
53 2 1
53 4 3
53 21 20
53 20 16
53 16 10
53 10 9
53 9 8
53 8 6
53 8 7
53 16 15
53 15 11
53 15 14
53 14 12
53 14 13
53 20 19
53 19 17
53 19 18
53 29 28
53 28 27
53 27 22
53 27 26
53 26 24
53 24 23
53 26 25
54 30 29
54 29 15
54 15 14
54 14 13
54 13 11
54 11 5
54 5 3
54 3 2
54 2 1
54 1 0
54 5 4
54 11 10
54 10 8
54 8 7
54 7 6
54 10 9
54 13 12
54 29 28
54 28 27
54 27 18
54 18 17
54 17 16
54 27 26
54 26 20
54 20 19
54 26 25
54 25 21
54 25 24
54 24 22
54 24 23
55 33 4
55 4 2
55 2 1
55 1 0
55 4 3
55 33 32
55 32 28
55 28 6
55 6 5
55 28 27
55 27 17
55 17 15
55 15 13
55 13 12
55 12 11
55 11 8
55 8 7
55 11 10
55 10 9
55 15 14
55 17 16
55 27 26
55 26 23
55 23 22
55 22 21
55 21 19
55 19 18
55 21 20
55 26 25
55 25 24
55 32 31
55 31 30
55 30 29
56 30 16
56 16 15
56 15 13
56 13 12
56 12 7
56 7 6
56 6 5
56 5 4
56 4 2
56 2 0
56 2 1
56 4 3
56 12 11
56 11 10
56 10 9
56 9 8
56 15 14
56 30 29
56 29 17
56 29 28
56 28 19
56 19 18
56 28 27
56 27 20
56 27 26
56 26 25
56 25 24
56 24 23
56 23 22
56 22 21
57 33 0
57 33 32
57 32 3
57 3 1
57 3 2
57 32 31
57 31 30
57 30 24
57 24 4
57 24 23
57 23 20
57 20 12
57 12 10
57 10 5
57 10 9
57 9 6
57 9 8
57 8 7
57 12 11
57 20 19
57 19 16
57 16 13
57 16 15
57 15 14
57 19 18
57 18 17
57 23 22
57 22 21
57 30 29
57 29 28
57 28 26
57 26 25
57 28 27
58 31 29
58 29 8
58 8 6
58 6 3
58 3 2
58 2 0
58 2 1
58 6 5
58 5 4
58 8 7
58 29 28
58 28 27
58 27 9
58 27 26
58 26 25
58 25 22
58 22 13
58 13 10
58 13 12
58 12 11
58 22 21
58 21 20
58 20 17
58 17 14
58 17 16
58 16 15
58 20 19
58 19 18
58 25 24
58 24 23
58 31 30
59 33 0
59 33 32
59 32 30
59 30 26
59 26 15
59 15 14
59 14 13
59 13 2
59 2 1
59 13 12
59 12 3
59 12 11
59 11 9
59 9 4
59 9 8
59 8 7
59 7 5
59 7 6
59 11 10
59 26 25
59 25 16
59 25 24
59 24 23
59 23 22
59 22 17
59 22 21
59 21 19
59 19 18
59 21 20
59 30 29
59 29 28
59 28 27
59 32 31
60 30 0
60 30 29
60 29 28
60 28 27
60 27 26
60 26 21
60 21 20
60 20 1
60 20 19
60 19 2
60 19 18
60 18 15
60 15 7
60 7 5
60 5 3
60 5 4
60 7 6
60 15 14
60 14 13
60 13 9
60 9 8
60 13 12
60 12 11
60 11 10
60 18 17
60 17 16
60 26 25
60 25 24
60 24 23
60 23 22
61 29 1
61 1 0
61 29 28
61 28 8
61 8 3
61 3 2
61 8 7
61 7 6
61 6 5
61 5 4
61 28 27
61 27 26
61 26 25
61 25 24
61 24 22
61 22 18
61 18 13
61 13 12
61 12 11
61 11 9
61 11 10
61 18 17
61 17 15
61 15 14
61 17 16
61 22 21
61 21 19
61 21 20
61 24 23
62 33 32
62 32 31
62 31 30
62 30 29
62 29 6
62 6 5
62 5 0
62 5 4
62 4 1
62 4 3
62 3 2
62 29 28
62 28 22
62 22 11
62 11 9
62 9 8
62 8 7
62 11 10
62 22 21
62 21 19
62 19 18
62 18 16
62 16 15
62 15 13
62 13 12
62 15 14
62 18 17
62 21 20
62 28 27
62 27 26
62 26 25
62 25 23
62 25 24
63 33 32
63 32 6
63 6 4
63 4 1
63 1 0
63 4 3
63 3 2
63 6 5
63 32 31
63 31 27
63 27 26
63 26 25
63 25 7
63 25 24
63 24 18
63 18 12
63 12 8
63 12 11
63 11 9
63 11 10
63 18 17
63 17 15
63 15 13
63 15 14
63 17 16
63 24 23
63 23 22
63 22 20
63 20 19
63 22 21
63 31 30
63 30 28
63 30 29
64 34 33
64 33 32
64 32 31
64 31 26
64 26 25
64 25 3
64 3 2
64 2 0
64 2 1
64 25 24
64 24 10
64 10 4
64 10 9
64 9 8
64 8 7
64 7 5
64 7 6
64 24 23
64 23 11
64 23 22
64 22 21
64 21 20
64 20 12
64 20 19
64 19 18
64 18 13
64 18 17
64 17 16
64 16 14
64 16 15
64 31 30
64 30 29
64 29 27
64 29 28
65 29 27
65 27 22
65 22 11
65 11 7
65 7 0
65 7 6
65 6 3
65 3 1
65 3 2
65 6 5
65 5 4
65 11 10
65 10 8
65 10 9
65 22 21
65 21 20
65 20 19
65 19 18
65 18 12
65 18 17
65 17 14
65 14 13
65 17 16
65 16 15
65 27 26
65 26 23
65 26 25
65 25 24
65 29 28
66 32 0
66 32 31
66 31 30
66 30 29
66 29 1
66 29 28
66 28 27
66 27 12
66 12 5
66 5 3
66 3 2
66 5 4
66 12 11
66 11 9
66 9 8
66 8 6
66 8 7
66 11 10
66 27 26
66 26 25
66 25 13
66 25 24
66 24 23
66 23 16
66 16 14
66 16 15
66 23 22
66 22 21
66 21 17
66 21 20
66 20 19
66 19 18
67 29 26
67 26 0
67 26 25
67 25 24
67 24 1
67 24 23
67 23 6
67 6 3
67 3 2
67 6 5
67 5 4
67 23 22
67 22 12
67 12 11
67 11 7
67 11 10
67 10 8
67 10 9
67 22 21
67 21 20
67 20 14
67 14 13
67 20 19
67 19 18
67 18 17
67 17 16
67 16 15
67 29 28
67 28 27
68 29 24
68 24 23
68 23 0
68 23 22
68 22 2
68 2 1
68 22 21
68 21 19
68 19 6
68 6 4
68 4 3
68 6 5
68 19 18
68 18 7
68 18 17
68 17 12
68 12 11
68 11 10
68 10 9
68 9 8
68 17 16
68 16 14
68 14 13
68 16 15
68 21 20
68 29 28
68 28 27
68 27 25
68 27 26
69 31 30
69 30 0
69 30 29
69 29 25
69 25 24
69 24 23
69 23 8
69 8 4
69 4 2
69 2 1
69 4 3
69 8 7
69 7 6
69 6 5
69 23 22
69 22 20
69 20 9
69 20 19
69 19 18
69 18 11
69 11 10
69 18 17
69 17 12
69 17 16
69 16 13
69 16 15
69 15 14
69 22 21
69 29 28
69 28 26
69 28 27
70 30 29
70 29 0
70 29 28
70 28 22
70 22 7
70 7 6
70 6 5
70 5 1
70 5 4
70 4 2
70 4 3
70 22 21
70 21 15
70 15 13
70 13 9
70 9 8
70 13 12
70 12 11
70 11 10
70 15 14
70 21 20
70 20 17
70 17 16
70 20 19
70 19 18
70 28 27
70 27 23
70 27 26
70 26 24
70 26 25
71 31 28
71 28 0
71 28 27
71 27 26
71 26 25
71 25 12
71 12 6
71 6 5
71 5 3
71 3 2
71 2 1
71 5 4
71 12 11
71 11 7
71 11 10
71 10 9
71 9 8
71 25 24
71 24 14
71 14 13
71 24 23
71 23 22
71 22 21
71 21 20
71 20 19
71 19 18
71 18 17
71 17 16
71 16 15
71 31 30
71 30 29
72 30 26
72 26 25
72 25 2
72 2 0
72 2 1
72 25 24
72 24 23
72 23 7
72 7 6
72 6 3
72 6 5
72 5 4
72 23 22
72 22 11
72 11 9
72 9 8
72 11 10
72 22 21
72 21 19
72 19 15
72 15 14
72 14 12
72 14 13
72 19 18
72 18 16
72 18 17
72 21 20
72 30 29
72 29 27
72 29 28
73 32 7
73 7 1
73 1 0
73 7 6
73 6 4
73 4 2
73 4 3
73 6 5
73 32 31
73 31 26
73 26 8
73 26 25
73 25 19
73 19 10
73 10 9
73 19 18
73 18 16
73 16 14
73 14 13
73 13 12
73 12 11
73 16 15
73 18 17
73 25 24
73 24 22
73 22 21
73 21 20
73 24 23
73 31 30
73 30 29
73 29 27
73 29 28
74 32 31
74 31 23
74 23 0
74 23 22
74 22 21
74 21 20
74 20 3
74 3 2
74 2 1
74 20 19
74 19 15
74 15 14
74 14 12
74 12 11
74 11 8
74 8 7
74 7 5
74 5 4
74 7 6
74 11 10
74 10 9
74 14 13
74 19 18
74 18 16
74 18 17
74 31 30
74 30 29
74 29 26
74 26 25
74 25 24
74 29 28
74 28 27
75 30 19
75 19 12
75 12 11
75 11 10
75 10 9
75 9 1
75 1 0
75 9 8
75 8 4
75 4 3
75 3 2
75 8 7
75 7 5
75 7 6
75 19 18
75 18 17
75 17 16
75 16 15
75 15 14
75 14 13
75 30 29
75 29 28
75 28 27
75 27 25
75 25 24
75 24 23
75 23 20
75 23 22
75 22 21
75 27 26
76 31 1
76 1 0
76 31 30
76 30 6
76 6 5
76 5 3
76 3 2
76 5 4
76 30 29
76 29 28
76 28 27
76 27 17
76 17 15
76 15 14
76 14 13
76 13 7
76 13 12
76 12 10
76 10 8
76 10 9
76 12 11
76 17 16
76 27 26
76 26 23
76 23 21
76 21 18
76 21 20
76 20 19
76 23 22
76 26 25
76 25 24
77 29 13
77 13 12
77 12 3
77 3 2
77 2 0
77 2 1
77 12 11
77 11 5
77 5 4
77 11 10
77 10 6
77 10 9
77 9 8
77 8 7
77 29 28
77 28 14
77 28 27
77 27 26
77 26 16
77 16 15
77 26 25
77 25 17
77 25 24
77 24 18
77 24 23
77 23 21
77 21 20
77 20 19
77 23 22
78 31 9
78 9 1
78 1 0
78 9 8
78 8 7
78 7 4
78 4 3
78 3 2
78 7 6
78 6 5
78 31 30
78 30 29
78 29 11
78 11 10
78 29 28
78 28 27
78 27 12
78 27 26
78 26 21
78 21 18
78 18 17
78 17 16
78 16 15
78 15 13
78 15 14
78 21 20
78 20 19
78 26 25
78 25 22
78 25 24
78 24 23
79 34 33
79 33 31
79 31 0
79 31 30
79 30 22
79 22 19
79 19 18
79 18 10
79 10 9
79 9 7
79 7 3
79 3 1
79 3 2
79 7 6
79 6 5
79 5 4
79 9 8
79 18 17
79 17 11
79 17 16
79 16 14
79 14 12
79 14 13
79 16 15
79 22 21
79 21 20
79 30 29
79 29 27
79 27 23
79 27 26
79 26 24
79 26 25
79 29 28
79 33 32
80 30 29
80 29 28
80 28 0
80 28 27
80 27 4
80 4 1
80 4 3
80 3 2
80 27 26
80 26 25
80 25 5
80 25 24
80 24 23
80 23 10
80 10 9
80 9 6
80 9 8
80 8 7
80 23 22
80 22 20
80 20 19
80 19 18
80 18 17
80 17 16
80 16 15
80 15 14
80 14 12
80 12 11
80 14 13
80 22 21
81 32 31
81 31 24
81 24 23
81 23 21
81 21 2
81 2 1
81 1 0
81 21 20
81 20 18
81 18 17
81 17 14
81 14 10
81 10 4
81 4 3
81 10 9
81 9 8
81 8 7
81 7 5
81 7 6
81 14 13
81 13 12
81 12 11
81 17 16
81 16 15
81 20 19
81 23 22
81 31 30
81 30 29
81 29 28
81 28 26
81 26 25
81 28 27
82 32 19
82 19 2
82 2 0
82 2 1
82 19 18
82 18 5
82 5 4
82 4 3
82 18 17
82 17 7
82 7 6
82 17 16
82 16 8
82 16 15
82 15 13
82 13 11
82 11 10
82 10 9
82 13 12
82 15 14
82 32 31
82 31 20
82 31 30
82 30 29
82 29 26
82 26 24
82 24 23
82 23 22
82 22 21
82 26 25
82 29 28
82 28 27
83 30 10
83 10 9
83 9 1
83 1 0
83 9 8
83 8 2
83 8 7
83 7 6
83 6 5
83 5 4
83 4 3
83 30 29
83 29 28
83 28 20
83 20 18
83 18 11
83 18 17
83 17 13
83 13 12
83 17 16
83 16 15
83 15 14
83 20 19
83 28 27
83 27 22
83 22 21
83 27 26
83 26 23
83 26 25
83 25 24
84 34 32
84 32 31
84 31 30
84 30 9
84 9 0
84 9 8
84 8 7
84 7 2
84 2 1
84 7 6
84 6 3
84 6 5
84 5 4
84 30 29
84 29 16
84 16 15
84 15 14
84 14 10
84 14 13
84 13 12
84 12 11
84 29 28
84 28 24
84 24 23
84 23 17
84 23 22
84 22 21
84 21 18
84 21 20
84 20 19
84 28 27
84 27 25
84 27 26
84 34 33
85 30 3
85 3 0
85 3 2
85 2 1
85 30 29
85 29 27
85 27 6
85 6 4
85 6 5
85 27 26
85 26 24
85 24 22
85 22 21
85 21 20
85 20 18
85 18 17
85 17 7
85 17 16
85 16 11
85 11 8
85 11 10
85 10 9
85 16 15
85 15 13
85 13 12
85 15 14
85 20 19
85 24 23
85 26 25
85 29 28
86 34 33
86 33 21
86 21 15
86 15 0
86 15 14
86 14 13
86 13 7
86 7 6
86 6 5
86 5 2
86 2 1
86 5 4
86 4 3
86 13 12
86 12 8
86 12 11
86 11 10
86 10 9
86 21 20
86 20 17
86 17 16
86 20 19
86 19 18
86 33 32
86 32 31
86 31 30
86 30 23
86 23 22
86 30 29
86 29 26
86 26 24
86 26 25
86 29 28
86 28 27
87 34 33
87 33 32
87 32 5
87 5 2
87 2 0
87 2 1
87 5 4
87 4 3
87 32 31
87 31 30
87 30 6
87 30 29
87 29 28
87 28 27
87 27 10
87 10 9
87 9 8
87 8 7
87 27 26
87 26 25
87 25 24
87 24 23
87 23 22
87 22 11
87 22 21
87 21 20
87 20 19
87 19 18
87 18 16
87 16 15
87 15 14
87 14 12
87 14 13
87 18 17
88 34 19
88 19 3
88 3 1
88 1 0
88 3 2
88 19 18
88 18 4
88 18 17
88 17 16
88 16 15
88 15 14
88 14 12
88 12 8
88 8 7
88 7 5
88 7 6
88 12 11
88 11 9
88 11 10
88 14 13
88 34 33
88 33 32
88 32 31
88 31 30
88 30 20
88 30 29
88 29 27
88 27 25
88 25 23
88 23 21
88 23 22
88 25 24
88 27 26
88 29 28
89 31 0
89 31 30
89 30 4
89 4 3
89 3 2
89 2 1
89 30 29
89 29 9
89 9 5
89 9 8
89 8 6
89 8 7
89 29 28
89 28 26
89 26 24
89 24 23
89 23 15
89 15 14
89 14 13
89 13 12
89 12 10
89 12 11
89 23 22
89 22 21
89 21 18
89 18 17
89 17 16
89 21 20
89 20 19
89 26 25
89 28 27
90 29 0
90 29 28
90 28 3
90 3 1
90 3 2
90 28 27
90 27 26
90 26 13
90 13 12
90 12 9
90 9 6
90 6 4
90 6 5
90 9 8
90 8 7
90 12 11
90 11 10
90 26 25
90 25 14
90 25 24
90 24 23
90 23 21
90 21 15
90 21 20
90 20 16
90 20 19
90 19 17
90 19 18
90 23 22
91 30 29
91 29 3
91 3 0
91 3 2
91 2 1
91 29 28
91 28 4
91 28 27
91 27 5
91 27 26
91 26 24
91 24 13
91 13 12
91 12 10
91 10 8
91 8 6
91 8 7
91 10 9
91 12 11
91 24 23
91 23 22
91 22 14
91 22 21
91 21 20
91 20 19
91 19 18
91 18 15
91 18 17
91 17 16
91 26 25
92 33 32
92 32 1
92 1 0
92 32 31
92 31 30
92 30 3
92 3 2
92 30 29
92 29 28
92 28 27
92 27 26
92 26 25
92 25 9
92 9 8
92 8 5
92 5 4
92 8 7
92 7 6
92 25 24
92 24 22
92 22 19
92 19 18
92 18 17
92 17 15
92 15 14
92 14 13
92 13 11
92 11 10
92 13 12
92 17 16
92 22 21
92 21 20
92 24 23
93 34 31
93 31 16
93 16 14
93 14 12
93 12 9
93 9 8
93 8 1
93 1 0
93 8 7
93 7 2
93 7 6
93 6 4
93 4 3
93 6 5
93 12 11
93 11 10
93 14 13
93 16 15
93 31 30
93 30 28
93 28 24
93 24 18
93 18 17
93 24 23
93 23 19
93 23 22
93 22 20
93 22 21
93 28 27
93 27 26
93 26 25
93 30 29
93 34 33
93 33 32
94 34 2
94 2 1
94 1 0
94 34 33
94 33 32
94 32 29
94 29 18
94 18 9
94 9 8
94 8 3
94 8 7
94 7 6
94 6 5
94 5 4
94 18 17
94 17 13
94 13 12
94 12 11
94 11 10
94 17 16
94 16 15
94 15 14
94 29 28
94 28 27
94 27 19
94 27 26
94 26 24
94 24 21
94 21 20
94 24 23
94 23 22
94 26 25
94 32 31
94 31 30
95 30 3
95 3 2
95 2 1
95 1 0
95 30 29
95 29 4
95 29 28
95 28 8
95 8 5
95 8 7
95 7 6
95 28 27
95 27 25
95 25 9
95 25 24
95 24 23
95 23 22
95 22 21
95 21 20
95 20 10
95 20 19
95 19 11
95 19 18
95 18 14
95 14 13
95 13 12
95 18 17
95 17 16
95 16 15
95 27 26
96 30 24
96 24 23
96 23 9
96 9 8
96 8 6
96 6 4
96 4 0
96 4 3
96 3 1
96 3 2
96 6 5
96 8 7
96 23 22
96 22 10
96 22 21
96 21 11
96 21 20
96 20 19
96 19 18
96 18 15
96 15 14
96 14 13
96 13 12
96 18 17
96 17 16
96 30 29
96 29 28
96 28 26
96 26 25
96 28 27
97 33 32
97 32 30
97 30 29
97 29 28
97 28 26
97 26 23
97 23 21
97 21 7
97 7 0
97 7 6
97 6 4
97 4 3
97 3 1
97 3 2
97 6 5
97 21 20
97 20 19
97 19 16
97 16 8
97 16 15
97 15 14
97 14 13
97 13 12
97 12 10
97 10 9
97 12 11
97 19 18
97 18 17
97 23 22
97 26 25
97 25 24
97 28 27
97 32 31
98 34 33
98 33 22
98 22 0
98 22 21
98 21 20
98 20 11
98 11 10
98 10 9
98 9 1
98 9 8
98 8 6
98 6 5
98 5 3
98 3 2
98 5 4
98 8 7
98 20 19
98 19 18
98 18 17
98 17 13
98 13 12
98 17 16
98 16 14
98 16 15
98 33 32
98 32 31
98 31 26
98 26 24
98 24 23
98 26 25
98 31 30
98 30 27
98 30 29
98 29 28
99 31 6
99 6 3
99 3 0
99 3 2
99 2 1
99 6 5
99 5 4
99 31 30
99 30 28
99 28 15
99 15 14
99 14 12
99 12 7
99 12 11
99 11 8
99 11 10
99 10 9
99 14 13
99 28 27
99 27 26
99 26 24
99 24 23
99 23 22
99 22 19
99 19 16
99 19 18
99 18 17
99 22 21
99 21 20
99 26 25
99 30 29
100 32 30
100 30 11
100 11 8
100 8 7
100 7 4
100 4 3
100 3 2
100 2 0
100 2 1
100 7 6
100 6 5
100 11 10
100 10 9
100 30 29
100 29 28
100 28 18
100 18 16
100 16 12
100 16 15
100 15 14
100 14 13
100 18 17
100 28 27
100 27 25
100 25 21
100 21 20
100 20 19
100 25 24
100 24 22
100 24 23
100 27 26
100 32 31
101 32 31
101 31 29
101 29 28
101 28 26
101 26 25
101 25 23
101 23 4
101 4 3
101 3 2
101 2 0
101 2 1
101 23 22
101 22 21
101 21 20
101 20 19
101 19 9
101 9 8
101 8 6
101 6 5
101 8 7
101 19 18
101 18 14
101 14 12
101 12 10
101 12 11
101 14 13
101 18 17
101 17 16
101 16 15
101 25 24
101 28 27
101 31 30
