1 30 1
1 1 0
1 30 29
1 29 28
1 28 26
1 26 2
1 26 25
1 25 15
1 15 12
1 12 11
1 11 10
1 10 5
1 5 3
1 5 4
1 10 9
1 9 8
1 8 6
1 8 7
1 15 14
1 14 13
1 25 24
1 24 23
1 23 19
1 19 18
1 18 17
1 17 16
1 23 22
1 22 20
1 22 21
1 28 27
2 31 29
2 29 13
2 13 12
2 12 10
2 10 1
2 1 0
2 10 9
2 9 8
2 8 6
2 6 4
2 4 3
2 3 2
2 6 5
2 8 7
2 12 11
2 29 28
2 28 27
2 27 25
2 25 21
2 21 19
2 19 18
2 18 16
2 16 15
2 15 14
2 18 17
2 21 20
2 25 24
2 24 23
2 23 22
2 27 26
2 31 30
3 34 21
3 21 12
3 12 5
3 5 4
3 4 3
3 3 1
3 1 0
3 3 2
3 12 11
3 11 10
3 10 9
3 9 8
3 8 7
3 7 6
3 21 20
3 20 17
3 17 13
3 17 16
3 16 15
3 15 14
3 20 19
3 19 18
3 34 33
3 33 30
3 30 28
3 28 27
3 27 26
3 26 25
3 25 22
3 25 24
3 24 23
3 30 29
3 33 32
3 32 31
4 34 31
4 31 30
4 30 29
4 29 28
4 28 0
4 28 27
4 27 17
4 17 16
4 16 1
4 16 15
4 15 12
4 12 2
4 12 11
4 11 10
4 10 7
4 7 6
4 6 5
4 5 3
4 5 4
4 10 9
4 9 8
4 15 14
4 14 13
4 27 26
4 26 25
4 25 24
4 24 22
4 22 21
4 21 20
4 20 18
4 20 19
4 24 23
4 34 33
4 33 32
5 31 0
5 31 30
5 30 23
5 23 21
5 21 2
5 2 1
5 21 20
5 20 6
5 6 3
5 6 5
5 5 4
5 20 19
5 19 9
5 9 8
5 8 7
5 19 18
5 18 15
5 15 14
5 14 13
5 13 12
5 12 10
5 12 11
5 18 17
5 17 16
5 23 22
5 30 29
5 29 28
5 28 24
5 28 27
5 27 25
5 27 26
6 34 33
6 33 32
6 32 31
6 31 1
6 1 0
6 31 30
6 30 11
6 11 10
6 10 2
6 10 9
6 9 6
6 6 3
6 6 5
6 5 4
6 9 8
6 8 7
6 30 29
6 29 24
6 24 16
6 16 14
6 14 12
6 14 13
6 16 15
6 24 23
6 23 22
6 22 20
6 20 18
6 18 17
6 20 19
6 22 21
6 29 28
6 28 25
6 28 27
6 27 26
7 34 21
7 21 19
7 19 11
7 11 3
7 3 2
7 2 0
7 2 1
7 11 10
7 10 5
7 5 4
7 10 9
7 9 6
7 9 8
7 8 7
7 19 18
7 18 17
7 17 12
7 17 16
7 16 15
7 15 14
7 14 13
7 21 20
7 34 33
7 33 32
7 32 23
7 23 22
7 32 31
7 31 30
7 30 25
7 25 24
7 30 29
7 29 26
7 29 28
7 28 27
8 31 10
8 10 8
8 8 4
8 4 3
8 3 0
8 3 2
8 2 1
8 8 7
8 7 6
8 6 5
8 10 9
8 31 30
8 30 29
8 29 28
8 28 14
8 14 13
8 13 11
8 13 12
8 28 27
8 27 25
8 25 20
8 20 19
8 19 18
8 18 16
8 16 15
8 18 17
8 25 24
8 24 23
8 23 22
8 22 21
8 27 26
9 32 1
9 1 0
9 32 31
9 31 2
9 31 30
9 30 29
9 29 26
9 26 25
9 25 24
9 24 22
9 22 6
9 6 5
9 5 3
9 5 4
9 22 21
9 21 11
9 11 9
9 9 8
9 8 7
9 11 10
9 21 20
9 20 12
9 20 19
9 19 18
9 18 17
9 17 16
9 16 15
9 15 14
9 14 13
9 24 23
9 29 28
9 28 27
10 30 0
10 30 29
10 29 27
10 27 4
10 4 3
10 3 1
10 3 2
10 27 26
10 26 20
10 20 14
10 14 11
10 11 10
10 10 7
10 7 6
10 6 5
10 10 9
10 9 8
10 14 13
10 13 12
10 20 19
10 19 15
10 19 18
10 18 17
10 17 16
10 26 25
10 25 21
10 25 24
10 24 22
10 24 23
10 29 28
11 33 31
11 31 30
11 30 2
11 2 0
11 2 1
11 30 29
11 29 3
11 29 28
11 28 26
11 26 4
11 26 25
11 25 17
11 17 16
11 16 11
11 11 8
11 8 5
11 8 7
11 7 6
11 11 10
11 10 9
11 16 15
11 15 14
11 14 12
11 14 13
11 25 24
11 24 18
11 24 23
11 23 19
11 23 22
11 22 20
11 22 21
11 28 27
11 33 32
12 30 0
12 30 29
12 29 3
12 3 1
12 3 2
12 29 28
12 28 4
12 28 27
12 27 25
12 25 24
12 24 5
12 24 23
12 23 22
12 22 21
12 21 19
12 19 9
12 9 7
12 7 6
12 9 8
12 19 18
12 18 10
12 18 17
12 17 14
12 14 13
12 13 11
12 13 12
12 17 16
12 16 15
12 21 20
12 27 26
13 32 1
13 1 0
13 32 31
13 31 28
13 28 26
13 26 24
13 24 23
13 23 22
13 22 21
13 21 4
13 4 3
13 3 2
13 21 20
13 20 18
13 18 7
13 7 6
13 6 5
13 18 17
13 17 9
13 9 8
13 17 16
13 16 12
13 12 11
13 11 10
13 16 15
13 15 13
13 15 14
13 20 19
13 26 25
13 28 27
13 31 30
13 30 29
14 34 11
14 11 2
14 2 0
14 2 1
14 11 10
14 10 9
14 9 4
14 4 3
14 9 8
14 8 7
14 7 5
14 7 6
14 34 33
14 33 26
14 26 21
14 21 19
14 19 18
14 18 13
14 13 12
14 18 17
14 17 15
14 15 14
14 17 16
14 21 20
14 26 25
14 25 24
14 24 22
14 24 23
14 33 32
14 32 28
14 28 27
14 32 31
14 31 30
14 30 29
15 32 0
15 32 31
15 31 30
15 30 23
15 23 22
15 22 21
15 21 19
15 19 12
15 12 11
15 11 8
15 8 7
15 7 1
15 7 6
15 6 2
15 6 5
15 5 4
15 4 3
15 11 10
15 10 9
15 19 18
15 18 13
15 18 17
15 17 16
15 16 14
15 16 15
15 21 20
15 30 29
15 29 26
15 26 25
15 25 24
15 29 28
15 28 27
16 32 1
16 1 0
16 32 31
16 31 21
16 21 2
16 21 20
16 20 19
16 19 18
16 18 17
16 17 12
16 12 11
16 11 10
16 10 9
16 9 8
16 8 7
16 7 6
16 6 5
16 5 4
16 4 3
16 17 16
16 16 14
16 14 13
16 16 15
16 31 30
16 30 28
16 28 22
16 28 27
16 27 26
16 26 25
16 25 24
16 24 23
16 30 29
17 32 17
17 17 16
17 16 13
17 13 11
17 11 6
17 6 5
17 5 3
17 3 0
17 3 2
17 2 1
17 5 4
17 11 10
17 10 9
17 9 7
17 9 8
17 13 12
17 16 15
17 15 14
17 32 31
17 31 30
17 30 22
17 22 21
17 21 20
17 20 18
17 20 19
17 30 29
17 29 28
17 28 26
17 26 23
17 26 25
17 25 24
17 28 27
18 29 15
18 15 9
18 9 8
18 8 0
18 8 7
18 7 1
18 7 6
18 6 4
18 4 2
18 4 3
18 6 5
18 15 14
18 14 13
18 13 10
18 13 12
18 12 11
18 29 28
18 28 22
18 22 17
18 17 16
18 22 21
18 21 20
18 20 18
18 20 19
18 28 27
18 27 25
18 25 23
18 25 24
18 27 26
19 32 31
19 31 29
19 29 27
19 27 16
19 16 2
19 2 1
19 1 0
19 16 15
19 15 14
19 14 12
19 12 5
19 5 4
19 4 3
19 12 11
19 11 9
19 9 6
19 9 8
19 8 7
19 11 10
19 14 13
19 27 26
19 26 24
19 24 17
19 24 23
19 23 22
19 22 21
19 21 20
19 20 18
19 20 19
19 26 25
19 29 28
19 31 30
20 33 32
20 32 30
20 30 28
20 28 19
20 19 18
20 18 17
20 17 16
20 16 7
20 7 3
20 3 2
20 2 1
20 1 0
20 7 6
20 6 5
20 5 4
20 16 15
20 15 14
20 14 13
20 13 8
20 13 12
20 12 11
20 11 9
20 11 10
20 28 27
20 27 23
20 23 22
20 22 21
20 21 20
20 27 26
20 26 24
20 26 25
20 30 29
20 32 31
21 34 20
21 20 19
21 19 15
21 15 11
21 11 8
21 8 1
21 1 0
21 8 7
21 7 5
21 5 3
21 3 2
21 5 4
21 7 6
21 11 10
21 10 9
21 15 14
21 14 12
21 14 13
21 19 18
21 18 16
21 18 17
21 34 33
21 33 32
21 32 30
21 30 21
21 30 29
21 29 27
21 27 23
21 23 22
21 27 26
21 26 25
21 25 24
21 29 28
21 32 31
22 32 27
22 27 18
22 18 1
22 1 0
22 18 17
22 17 16
22 16 15
22 15 11
22 11 10
22 10 9
22 9 7
22 7 6
22 6 5
22 5 4
22 4 3
22 3 2
22 9 8
22 15 14
22 14 13
22 13 12
22 27 26
22 26 23
22 23 21
22 21 19
22 21 20
22 23 22
22 26 25
22 25 24
22 32 31
22 31 30
22 30 28
22 30 29
23 33 32
23 32 0
23 32 31
23 31 3
23 3 2
23 2 1
23 31 30
23 30 28
23 28 27
23 27 26
23 26 22
23 22 21
23 21 4
23 21 20
23 20 5
23 20 19
23 19 18
23 18 17
23 17 16
23 16 9
23 9 8
23 8 7
23 7 6
23 16 15
23 15 14
23 14 13
23 13 10
23 13 12
23 12 11
23 26 25
23 25 23
23 25 24
23 30 29
24 31 5
24 5 1
24 1 0
24 5 4
24 4 2
24 4 3
24 31 30
24 30 19
24 19 15
24 15 9
24 9 8
24 8 7
24 7 6
24 15 14
24 14 13
24 13 10
24 13 12
24 12 11
24 19 18
24 18 16
24 18 17
24 30 29
24 29 27
24 27 22
24 22 21
24 21 20
24 27 26
24 26 25
24 25 24
24 24 23
24 29 28
25 30 0
25 30 29
25 29 28
25 28 27
25 27 4
25 4 2
25 2 1
25 4 3
25 27 26
25 26 24
25 24 23
25 23 21
25 21 20
25 20 14
25 14 13
25 13 10
25 10 9
25 9 7
25 7 5
25 7 6
25 9 8
25 13 12
25 12 11
25 20 19
25 19 16
25 16 15
25 19 18
25 18 17
25 23 22
25 26 25
26 31 0
26 31 30
26 30 1
26 30 29
26 29 3
26 3 2
26 29 28
26 28 4
26 28 27
26 27 26
26 26 5
26 26 25
26 25 23
26 23 9
26 9 8
26 8 6
26 8 7
26 23 22
26 22 21
26 21 10
26 21 20
26 20 18
26 18 17
26 17 11
26 17 16
26 16 13
26 13 12
26 16 15
26 15 14
26 20 19
26 25 24
27 34 33
27 33 32
27 32 31
27 31 11
27 11 10
27 10 7
27 7 6
27 6 5
27 5 4
27 4 3
27 3 2
27 2 0
27 2 1
27 10 9
27 9 8
27 31 30
27 30 16
27 16 13
27 13 12
27 16 15
27 15 14
27 30 29
27 29 25
27 25 21
27 21 19
27 19 17
27 19 18
27 21 20
27 25 24
27 24 23
27 23 22
27 29 28
27 28 26
27 28 27
28 29 27
28 27 26
28 26 25
28 25 23
28 23 11
28 11 10
28 10 1
28 1 0
28 10 9
28 9 3
28 3 2
28 9 8
28 8 7
28 7 5
28 5 4
28 7 6
28 23 22
28 22 21
28 21 12
28 21 20
28 20 19
28 19 16
28 16 14
28 14 13
28 16 15
28 19 18
28 18 17
28 25 24
28 29 28
29 30 29
29 29 27
29 27 8
29 8 7
29 7 6
29 6 0
29 6 5
29 5 2
29 2 1
29 5 4
29 4 3
29 27 26
29 26 25
29 25 19
29 19 17
29 17 16
29 16 15
29 15 9
29 15 14
29 14 13
29 13 12
29 12 11
29 11 10
29 19 18
29 25 24
29 24 22
29 22 20
29 22 21
29 24 23
29 29 28
30 31 30
30 30 2
30 2 1
30 1 0
30 30 29
30 29 5
30 5 4
30 4 3
30 29 28
30 28 6
30 28 27
30 27 26
30 26 25
30 25 24
30 24 8
30 8 7
30 24 23
30 23 22
30 22 21
30 21 20
30 20 19
30 19 14
30 14 13
30 13 9
30 13 12
30 12 10
30 12 11
30 19 18
30 18 17
30 17 16
30 16 15
31 30 28
31 28 0
31 28 27
31 27 22
31 22 13
31 13 1
31 13 12
31 12 10
31 10 3
31 3 2
31 10 9
31 9 6
31 6 4
31 6 5
31 9 8
31 8 7
31 12 11
31 22 21
31 21 20
31 20 19
31 19 14
31 19 18
31 18 15
31 18 17
31 17 16
31 27 26
31 26 24
31 24 23
31 26 25
31 30 29
32 29 2
32 2 1
32 1 0
32 29 28
32 28 27
32 27 26
32 26 25
32 25 3
32 25 24
32 24 6
32 6 5
32 5 4
32 24 23
32 23 7
32 23 22
32 22 21
32 21 20
32 20 19
32 19 18
32 18 17
32 17 16
32 16 8
32 16 15
32 15 13
32 13 11
32 11 9
32 11 10
32 13 12
32 15 14
33 31 30
33 30 28
33 28 27
33 27 9
33 9 7
33 7 0
33 7 6
33 6 1
33 6 5
33 5 4
33 4 3
33 3 2
33 9 8
33 27 26
33 26 13
33 13 12
33 12 11
33 11 10
33 26 25
33 25 24
33 24 23
33 23 21
33 21 17
33 17 16
33 16 14
33 16 15
33 21 20
33 20 19
33 19 18
33 23 22
33 30 29
34 31 28
34 28 26
34 26 25
34 25 23
34 23 21
34 21 19
34 19 18
34 18 16
34 16 15
34 15 14
34 14 0
34 14 13
34 13 12
34 12 10
34 10 9
34 9 6
34 6 3
34 3 2
34 2 1
34 6 5
34 5 4
34 9 8
34 8 7
34 12 11
34 18 17
34 21 20
34 23 22
34 25 24
34 28 27
34 31 30
34 30 29
35 33 32
35 32 31
35 31 25
35 25 23
35 23 22
35 22 21
35 21 20
35 20 0
35 20 19
35 19 18
35 18 17
35 17 16
35 16 15
35 15 1
35 15 14
35 14 13
35 13 2
35 13 12
35 12 11
35 11 10
35 10 8
35 8 7
35 7 6
35 6 3
35 6 5
35 5 4
35 10 9
35 25 24
35 31 30
35 30 29
35 29 27
35 27 26
35 29 28
36 31 30
36 30 29
36 29 27
36 27 26
36 26 1
36 1 0
36 26 25
36 25 23
36 23 22
36 22 20
36 20 2
36 20 19
36 19 3
36 19 18
36 18 14
36 14 12
36 12 11
36 11 10
36 10 6
36 6 5
36 5 4
36 10 9
36 9 7
36 9 8
36 14 13
36 18 17
36 17 16
36 16 15
36 22 21
36 25 24
36 29 28
37 31 5
37 5 1
37 1 0
37 5 4
37 4 2
37 4 3
37 31 30
37 30 29
37 29 26
37 26 25
37 25 24
37 24 20
37 20 7
37 7 6
37 20 19
37 19 13
37 13 12
37 12 8
37 12 11
37 11 9
37 11 10
37 19 18
37 18 16
37 16 15
37 15 14
37 18 17
37 24 23
37 23 21
37 23 22
37 29 28
37 28 27
38 33 31
38 31 30
38 30 23
38 23 22
38 22 21
38 21 19
38 19 10
38 10 6
38 6 3
38 3 2
38 2 0
38 2 1
38 6 5
38 5 4
38 10 9
38 9 7
38 9 8
38 19 18
38 18 16
38 16 13
38 13 12
38 12 11
38 16 15
38 15 14
38 18 17
38 21 20
38 30 29
38 29 25
38 25 24
38 29 28
38 28 26
38 28 27
38 33 32
39 29 28
39 28 27
39 27 25
39 25 3
39 3 2
39 2 0
39 2 1
39 25 24
39 24 23
39 23 5
39 5 4
39 23 22
39 22 6
39 22 21
39 21 16
39 16 14
39 14 13
39 13 12
39 12 11
39 11 8
39 8 7
39 11 10
39 10 9
39 16 15
39 21 20
39 20 18
39 18 17
39 20 19
39 27 26
40 32 0
40 32 31
40 31 9
40 9 7
40 7 2
40 2 1
40 7 6
40 6 5
40 5 3
40 5 4
40 9 8
40 31 30
40 30 28
40 28 23
40 23 21
40 21 18
40 18 16
40 16 15
40 15 10
40 15 14
40 14 13
40 13 11
40 13 12
40 18 17
40 21 20
40 20 19
40 23 22
40 28 27
40 27 26
40 26 25
40 25 24
40 30 29
41 30 11
41 11 10
41 10 7
41 7 4
41 4 0
41 4 3
41 3 2
41 2 1
41 7 6
41 6 5
41 10 9
41 9 8
41 30 29
41 29 28
41 28 27
41 27 24
41 24 23
41 23 21
41 21 20
41 20 18
41 18 17
41 17 13
41 13 12
41 17 16
41 16 15
41 15 14
41 20 19
41 23 22
41 27 26
41 26 25
42 34 32
42 32 31
42 31 29
42 29 0
42 29 28
42 28 27
42 27 5
42 5 1
42 5 4
42 4 2
42 4 3
42 27 26
42 26 6
42 26 25
42 25 24
42 24 19
42 19 13
42 13 7
42 13 12
42 12 10
42 10 9
42 9 8
42 12 11
42 19 18
42 18 16
42 16 14
42 16 15
42 18 17
42 24 23
42 23 22
42 22 20
42 22 21
42 31 30
42 34 33
43 29 28
43 28 27
43 27 24
43 24 23
43 23 13
43 13 11
43 11 10
43 10 5
43 5 3
43 3 2
43 2 1
43 1 0
43 5 4
43 10 9
43 9 7
43 7 6
43 9 8
43 13 12
43 23 22
43 22 14
43 22 21
43 21 19
43 19 15
43 19 18
43 18 17
43 17 16
43 21 20
43 27 26
43 26 25
44 31 30
44 30 1
44 1 0
44 30 29
44 29 28
44 28 27
44 27 18
44 18 6
44 6 3
44 3 2
44 6 5
44 5 4
44 18 17
44 17 16
44 16 7
44 16 15
44 15 14
44 14 13
44 13 11
44 11 10
44 10 8
44 10 9
44 13 12
44 27 26
44 26 23
44 23 19
44 23 22
44 22 21
44 21 20
44 26 25
44 25 24
45 29 28
45 28 0
45 28 27
45 27 18
45 18 17
45 17 5
45 5 3
45 3 2
45 2 1
45 5 4
45 17 16
45 16 13
45 13 9
45 9 8
45 8 7
45 7 6
45 13 12
45 12 10
45 12 11
45 16 15
45 15 14
45 27 26
45 26 24
45 24 22
45 22 21
45 21 19
45 21 20
45 24 23
45 26 25
46 32 27
46 27 3
46 3 2
46 2 0
46 2 1
46 27 26
46 26 25
46 25 24
46 24 4
46 24 23
46 23 22
46 22 9
46 9 5
46 9 8
46 8 6
46 8 7
46 22 21
46 21 10
46 21 20
46 20 18
46 18 17
46 17 15
46 15 12
46 12 11
46 15 14
46 14 13
46 17 16
46 20 19
46 32 31
46 31 29
46 29 28
46 31 30
47 29 28
47 28 26
47 26 25
47 25 0
47 25 24
47 24 20
47 20 19
47 19 18
47 18 17
47 17 3
47 3 1
47 3 2
47 17 16
47 16 15
47 15 14
47 14 12
47 12 7
47 7 6
47 6 4
47 6 5
47 12 11
47 11 10
47 10 9
47 9 8
47 14 13
47 24 23
47 23 21
47 23 22
47 28 27
48 33 30
48 30 29
48 29 26
48 26 11
48 11 10
48 10 9
48 9 8
48 8 7
48 7 1
48 1 0
48 7 6
48 6 5
48 5 4
48 4 3
48 3 2
48 26 25
48 25 23
48 23 13
48 13 12
48 23 22
48 22 21
48 21 15
48 15 14
48 21 20
48 20 16
48 20 19
48 19 17
48 19 18
48 25 24
48 29 28
48 28 27
48 33 32
48 32 31
49 33 32
49 32 7
49 7 1
49 1 0
49 7 6
49 6 3
49 3 2
49 6 5
49 5 4
49 32 31
49 31 29
49 29 27
49 27 17
49 17 16
49 16 15
49 15 8
49 15 14
49 14 11
49 11 10
49 10 9
49 14 13
49 13 12
49 27 26
49 26 24
49 24 22
49 22 19
49 19 18
49 22 21
49 21 20
49 24 23
49 26 25
49 29 28
49 31 30
50 30 0
50 30 29
50 29 2
50 2 1
50 29 28
50 28 26
50 26 4
50 4 3
50 26 25
50 25 6
50 6 5
50 25 24
50 24 23
50 23 9
50 9 8
50 8 7
50 23 22
50 22 21
50 21 16
50 16 11
50 11 10
50 16 15
50 15 12
50 15 14
50 14 13
50 21 20
50 20 19
50 19 18
50 18 17
50 28 27
51 31 27
51 27 3
51 3 2
51 2 0
51 2 1
51 27 26
51 26 11
51 11 10
51 10 5
51 5 4
51 10 9
51 9 7
51 7 6
51 9 8
51 26 25
51 25 24
51 24 22
51 22 17
51 17 15
51 15 13
51 13 12
51 15 14
51 17 16
51 22 21
51 21 19
51 19 18
51 21 20
51 24 23
51 31 30
51 30 29
51 29 28
52 31 30
52 30 6
52 6 5
52 5 3
52 3 2
52 2 1
52 1 0
52 5 4
52 30 29
52 29 28
52 28 7
52 28 27
52 27 25
52 25 9
52 9 8
52 25 24
52 24 10
52 24 23
52 23 11
52 23 22
52 22 21
52 21 20
52 20 19
52 19 18
52 18 17
52 17 16
52 16 15
52 15 14
52 14 12
52 14 13
52 27 26
53 30 0
53 30 29
53 29 28
53 28 27
53 27 26
53 26 24
53 24 23
53 23 1
53 23 22
53 22 21
53 21 15
53 15 14
53 14 13
53 13 12
53 12 11
53 11 9
53 9 5
53 5 4
53 4 2
53 4 3
53 9 8
53 8 7
53 7 6
53 11 10
53 21 20
53 20 16
53 20 19
53 19 18
53 18 17
53 26 25
54 29 0
54 29 28
54 28 18
54 18 14
54 14 13
54 13 12
54 12 9
54 9 7
54 7 2
54 2 1
54 7 6
54 6 4
54 4 3
54 6 5
54 9 8
54 12 11
54 11 10
54 18 17
54 17 16
54 16 15
54 28 27
54 27 26
54 26 25
54 25 24
54 24 23
54 23 20
54 20 19
54 23 22
54 22 21
55 33 0
55 33 32
55 32 31
55 31 2
55 2 1
55 31 30
55 30 3
55 30 29
55 29 28
55 28 5
55 5 4
55 28 27
55 27 25
55 25 10
55 10 8
55 8 6
55 8 7
55 10 9
55 25 24
55 24 19
55 19 18
55 18 15
55 15 14
55 14 13
55 13 12
55 12 11
55 18 17
55 17 16
55 24 23
55 23 22
55 22 21
55 21 20
55 27 26
56 30 29
56 29 28
56 28 25
56 25 24
56 24 1
56 1 0
56 24 23
56 23 16
56 16 14
56 14 13
56 13 12
56 12 3
56 3 2
56 12 11
56 11 10
56 10 9
56 9 5
56 5 4
56 9 8
56 8 6
56 8 7
56 16 15
56 23 22
56 22 19
56 19 17
56 19 18
56 22 21
56 21 20
56 28 27
56 27 26
57 29 28
57 28 26
57 26 1
57 1 0
57 26 25
57 25 24
57 24 3
57 3 2
57 24 23
57 23 21
57 21 20
57 20 19
57 19 4
57 19 18
57 18 10
57 10 9
57 9 8
57 8 5
57 8 7
57 7 6
57 18 17
57 17 15
57 15 13
57 13 12
57 12 11
57 15 14
57 17 16
57 23 22
57 28 27
58 29 1
58 1 0
58 29 28
58 28 18
58 18 14
58 14 12
58 12 10
58 10 9
58 9 6
58 6 2
58 6 5
58 5 3
58 5 4
58 9 8
58 8 7
58 12 11
58 14 13
58 18 17
58 17 16
58 16 15
58 28 27
58 27 19
58 27 26
58 26 25
58 25 23
58 23 20
58 23 22
58 22 21
58 25 24
59 34 33
59 33 1
59 1 0
59 33 32
59 32 2
59 32 31
59 31 12
59 12 7
59 7 3
59 7 6
59 6 4
59 6 5
59 12 11
59 11 10
59 10 8
59 10 9
59 31 30
59 30 28
59 28 13
59 28 27
59 27 21
59 21 16
59 16 14
59 16 15
59 21 20
59 20 19
59 19 18
59 18 17
59 27 26
59 26 22
59 26 25
59 25 23
59 25 24
59 30 29
60 30 6
60 6 5
60 5 4
60 4 0
60 4 3
60 3 2
60 2 1
60 30 29
60 29 25
60 25 8
60 8 7
60 25 24
60 24 21
60 21 16
60 16 9
60 16 15
60 15 13
60 13 10
60 13 12
60 12 11
60 15 14
60 21 20
60 20 17
60 20 19
60 19 18
60 24 23
60 23 22
60 29 28
60 28 27
60 27 26
61 32 31
61 31 30
61 30 29
61 29 1
61 1 0
61 29 28
61 28 6
61 6 5
61 5 4
61 4 3
61 3 2
61 28 27
61 27 8
61 8 7
61 27 26
61 26 25
61 25 12
61 12 11
61 11 10
61 10 9
61 25 24
61 24 23
61 23 13
61 23 22
61 22 15
61 15 14
61 22 21
61 21 20
61 20 19
61 19 18
61 18 17
61 17 16
62 29 27
62 27 0
62 27 26
62 26 25
62 25 11
62 11 10
62 10 8
62 8 4
62 4 2
62 2 1
62 4 3
62 8 7
62 7 5
62 7 6
62 10 9
62 25 24
62 24 12
62 24 23
62 23 22
62 22 21
62 21 14
62 14 13
62 21 20
62 20 18
62 18 16
62 16 15
62 18 17
62 20 19
62 29 28
63 31 28
63 28 27
63 27 9
63 9 1
63 1 0
63 9 8
63 8 4
63 4 3
63 3 2
63 8 7
63 7 6
63 6 5
63 27 26
63 26 24
63 24 21
63 21 19
63 19 18
63 18 17
63 17 15
63 15 14
63 14 11
63 11 10
63 14 13
63 13 12
63 17 16
63 21 20
63 24 23
63 23 22
63 26 25
63 31 30
63 30 29
64 31 10
64 10 9
64 9 8
64 8 2
64 2 1
64 1 0
64 8 7
64 7 5
64 5 3
64 5 4
64 7 6
64 31 30
64 30 22
64 22 21
64 21 11
64 21 20
64 20 13
64 13 12
64 20 19
64 19 17
64 17 15
64 15 14
64 17 16
64 19 18
64 30 29
64 29 26
64 26 25
64 25 24
64 24 23
64 29 28
64 28 27
65 29 23
65 23 0
65 23 22
65 22 21
65 21 20
65 20 19
65 19 17
65 17 1
65 17 16
65 16 15
65 15 14
65 14 3
65 3 2
65 14 13
65 13 12
65 12 11
65 11 4
65 11 10
65 10 8
65 8 7
65 7 5
65 7 6
65 10 9
65 19 18
65 29 28
65 28 25
65 25 24
65 28 27
65 27 26
66 30 29
66 29 28
66 28 10
66 10 9
66 9 6
66 6 5
66 5 3
66 3 2
66 2 1
66 1 0
66 5 4
66 9 8
66 8 7
66 28 27
66 27 12
66 12 11
66 27 26
66 26 13
66 26 25
66 25 20
66 20 18
66 18 17
66 17 16
66 16 14
66 16 15
66 20 19
66 25 24
66 24 23
66 23 21
66 23 22
67 30 29
67 29 28
67 28 23
67 23 22
67 22 8
67 8 2
67 2 1
67 1 0
67 8 7
67 7 6
67 6 5
67 5 3
67 5 4
67 22 21
67 21 20
67 20 9
67 20 19
67 19 11
67 11 10
67 19 18
67 18 16
67 16 15
67 15 14
67 14 12
67 14 13
67 18 17
67 28 27
67 27 25
67 25 24
67 27 26
68 34 33
68 33 32
68 32 0
68 32 31
68 31 30
68 30 28
68 28 24
68 24 11
68 11 6
68 6 5
68 5 4
68 4 3
68 3 2
68 2 1
68 11 10
68 10 7
68 10 9
68 9 8
68 24 23
68 23 12
68 23 22
68 22 14
68 14 13
68 22 21
68 21 19
68 19 15
68 19 18
68 18 16
68 18 17
68 21 20
68 28 27
68 27 26
68 26 25
68 30 29
69 31 26
69 26 24
69 24 0
69 24 23
69 23 22
69 22 21
69 21 20
69 20 19
69 19 18
69 18 17
69 17 15
69 15 14
69 14 1
69 14 13
69 13 12
69 12 10
69 10 9
69 9 8
69 8 2
69 8 7
69 7 5
69 5 3
69 5 4
69 7 6
69 12 11
69 17 16
69 26 25
69 31 30
69 30 28
69 28 27
69 30 29
70 29 28
70 28 27
70 27 7
70 7 6
70 6 5
70 5 1
70 1 0
70 5 4
70 4 3
70 3 2
70 27 26
70 26 25
70 25 24
70 24 23
70 23 20
70 20 19
70 19 12
70 12 10
70 10 9
70 9 8
70 12 11
70 19 18
70 18 13
70 18 17
70 17 14
70 17 16
70 16 15
70 23 22
70 22 21
71 29 28
71 28 9
71 9 0
71 9 8
71 8 7
71 7 6
71 6 1
71 6 5
71 5 4
71 4 3
71 3 2
71 28 27
71 27 24
71 24 23
71 23 22
71 22 13
71 13 12
71 12 11
71 11 10
71 22 21
71 21 15
71 15 14
71 21 20
71 20 18
71 18 17
71 17 16
71 20 19
71 27 26
71 26 25
72 34 32
72 32 31
72 31 15
72 15 14
72 14 2
72 2 0
72 2 1
72 14 13
72 13 4
72 4 3
72 13 12
72 12 7
72 7 6
72 6 5
72 12 11
72 11 8
72 11 10
72 10 9
72 31 30
72 30 18
72 18 16
72 18 17
72 30 29
72 29 27
72 27 26
72 26 19
72 26 25
72 25 20
72 25 24
72 24 23
72 23 22
72 22 21
72 29 28
72 34 33
73 31 11
73 11 9
73 9 1
73 1 0
73 9 8
73 8 7
73 7 2
73 7 6
73 6 5
73 5 3
73 5 4
73 11 10
73 31 30
73 30 16
73 16 15
73 15 12
73 15 14
73 14 13
73 30 29
73 29 26
73 26 20
73 20 18
73 18 17
73 20 19
73 26 25
73 25 23
73 23 21
73 23 22
73 25 24
73 29 28
73 28 27
74 32 30
74 30 27
74 27 26
74 26 0
74 26 25
74 25 22
74 22 14
74 14 12
74 12 11
74 11 3
74 3 2
74 2 1
74 11 10
74 10 5
74 5 4
74 10 9
74 9 8
74 8 7
74 7 6
74 14 13
74 22 21
74 21 19
74 19 16
74 16 15
74 19 18
74 18 17
74 21 20
74 25 24
74 24 23
74 30 29
74 29 28
74 32 31
75 34 21
75 21 19
75 19 18
75 18 12
75 12 11
75 11 0
75 11 10
75 10 4
75 4 3
75 3 1
75 3 2
75 10 9
75 9 6
75 6 5
75 9 8
75 8 7
75 18 17
75 17 14
75 14 13
75 17 16
75 16 15
75 21 20
75 34 33
75 33 32
75 32 30
75 30 22
75 30 29
75 29 28
75 28 27
75 27 26
75 26 25
75 25 24
75 24 23
75 32 31
76 33 31
76 31 30
76 30 21
76 21 15
76 15 14
76 14 13
76 13 4
76 4 3
76 3 0
76 3 2
76 2 1
76 13 12
76 12 10
76 10 5
76 10 9
76 9 8
76 8 7
76 7 6
76 12 11
76 21 20
76 20 17
76 17 16
76 20 19
76 19 18
76 30 29
76 29 23
76 23 22
76 29 28
76 28 24
76 28 27
76 27 25
76 27 26
76 33 32
77 30 24
77 24 21
77 21 20
77 20 19
77 19 18
77 18 1
77 1 0
77 18 17
77 17 15
77 15 14
77 14 12
77 12 11
77 11 7
77 7 2
77 7 6
77 6 4
77 4 3
77 6 5
77 11 10
77 10 9
77 9 8
77 14 13
77 17 16
77 24 23
77 23 22
77 30 29
77 29 28
77 28 27
77 27 25
77 27 26
78 30 2
78 2 0
78 2 1
78 30 29
78 29 8
78 8 5
78 5 4
78 4 3
78 8 7
78 7 6
78 29 28
78 28 12
78 12 10
78 10 9
78 12 11
78 28 27
78 27 26
78 26 24
78 24 23
78 23 22
78 22 16
78 16 15
78 15 13
78 15 14
78 22 21
78 21 20
78 20 19
78 19 17
78 19 18
78 26 25
79 31 29
79 29 28
79 28 27
79 27 9
79 9 1
79 1 0
79 9 8
79 8 7
79 7 5
79 5 4
79 4 2
79 4 3
79 7 6
79 27 26
79 26 25
79 25 24
79 24 23
79 23 11
79 11 10
79 23 22
79 22 21
79 21 18
79 18 17
79 17 16
79 16 12
79 16 15
79 15 14
79 14 13
79 21 20
79 20 19
79 31 30
80 34 33
80 33 0
80 33 32
80 32 1
80 32 31
80 31 30
80 30 29
80 29 28
80 28 26
80 26 24
80 24 14
80 14 13
80 13 11
80 11 10
80 10 9
80 9 2
80 9 8
80 8 4
80 4 3
80 8 7
80 7 6
80 6 5
80 13 12
80 24 23
80 23 22
80 22 20
80 20 17
80 17 16
80 16 15
80 20 19
80 19 18
80 22 21
80 26 25
80 28 27
81 34 33
81 33 31
81 31 30
81 30 26
81 26 0
81 26 25
81 25 8
81 8 5
81 5 3
81 3 2
81 2 1
81 5 4
81 8 7
81 7 6
81 25 24
81 24 23
81 23 22
81 22 20
81 20 10
81 10 9
81 20 19
81 19 17
81 17 13
81 13 11
81 13 12
81 17 16
81 16 15
81 15 14
81 19 18
81 22 21
81 30 29
81 29 28
81 28 27
81 33 32
82 34 0
82 34 33
82 33 31
82 31 30
82 30 4
82 4 3
82 3 2
82 2 1
82 30 29
82 29 26
82 26 24
82 24 14
82 14 11
82 11 9
82 9 7
82 7 6
82 6 5
82 9 8
82 11 10
82 14 13
82 13 12
82 24 23
82 23 21
82 21 15
82 21 20
82 20 17
82 17 16
82 20 19
82 19 18
82 23 22
82 26 25
82 29 28
82 28 27
82 33 32
83 33 3
83 3 2
83 2 0
83 2 1
83 33 32
83 32 4
83 32 31
83 31 5
83 31 30
83 30 28
83 28 6
83 28 27
83 27 26
83 26 25
83 25 24
83 24 23
83 23 7
83 23 22
83 22 21
83 21 11
83 11 10
83 10 9
83 9 8
83 21 20
83 20 13
83 13 12
83 20 19
83 19 16
83 16 15
83 15 14
83 19 18
83 18 17
83 30 29
84 34 33
84 33 31
84 31 30
84 30 7
84 7 0
84 7 6
84 6 1
84 6 5
84 5 2
84 5 4
84 4 3
84 30 29
84 29 9
84 9 8
84 29 28
84 28 11
84 11 10
84 28 27
84 27 12
84 27 26
84 26 25
84 25 21
84 21 13
84 21 20
84 20 14
84 20 19
84 19 18
84 18 17
84 17 16
84 16 15
84 25 24
84 24 23
84 23 22
84 33 32
85 29 28
85 28 24
85 24 22
85 22 0
85 22 21
85 21 18
85 18 17
85 17 16
85 16 15
85 15 14
85 14 12
85 12 3
85 3 1
85 3 2
85 12 11
85 11 9
85 9 6
85 6 4
85 6 5
85 9 8
85 8 7
85 11 10
85 14 13
85 21 20
85 20 19
85 24 23
85 28 27
85 27 26
85 26 25
86 33 0
86 33 32
86 32 31
86 31 12
86 12 7
86 7 3
86 3 1
86 3 2
86 7 6
86 6 5
86 5 4
86 12 11
86 11 10
86 10 8
86 10 9
86 31 30
86 30 29
86 29 17
86 17 16
86 16 14
86 14 13
86 16 15
86 29 28
86 28 25
86 25 24
86 24 19
86 19 18
86 24 23
86 23 20
86 23 22
86 22 21
86 28 27
86 27 26
87 34 0
87 34 33
87 33 32
87 32 31
87 31 27
87 27 9
87 9 8
87 8 1
87 8 7
87 7 2
87 7 6
87 6 4
87 4 3
87 6 5
87 27 26
87 26 15
87 15 14
87 14 13
87 13 10
87 13 12
87 12 11
87 26 25
87 25 23
87 23 21
87 21 16
87 21 20
87 20 19
87 19 18
87 18 17
87 23 22
87 25 24
87 31 30
87 30 28
87 30 29
88 30 20
88 20 19
88 19 6
88 6 0
88 6 5
88 5 3
88 3 1
88 3 2
88 5 4
88 19 18
88 18 16
88 16 9
88 9 7
88 9 8
88 16 15
88 15 13
88 13 10
88 13 12
88 12 11
88 15 14
88 18 17
88 30 29
88 29 22
88 22 21
88 29 28
88 28 23
88 28 27
88 27 26
88 26 25
88 25 24
89 32 31
89 31 0
89 31 30
89 30 28
89 28 6
89 6 5
89 5 3
89 3 2
89 2 1
89 5 4
89 28 27
89 27 25
89 25 11
89 11 7
89 11 10
89 10 9
89 9 8
89 25 24
89 24 23
89 23 19
89 19 17
89 17 15
89 15 14
89 14 12
89 14 13
89 17 16
89 19 18
89 23 22
89 22 21
89 21 20
89 27 26
89 30 29
90 31 30
90 30 28
90 28 6
90 6 5
90 5 4
90 4 3
90 3 0
90 3 2
90 2 1
90 28 27
90 27 25
90 25 7
90 25 24
90 24 8
90 24 23
90 23 12
90 12 11
90 11 10
90 10 9
90 23 22
90 22 21
90 21 18
90 18 17
90 17 16
90 16 14
90 14 13
90 16 15
90 21 20
90 20 19
90 27 26
90 30 29
91 29 28
91 28 25
91 25 24
91 24 3
91 3 2
91 2 1
91 1 0
91 24 23
91 23 21
91 21 20
91 20 17
91 17 7
91 7 6
91 6 5
91 5 4
91 17 16
91 16 15
91 15 14
91 14 8
91 14 13
91 13 9
91 13 12
91 12 10
91 12 11
91 20 19
91 19 18
91 23 22
91 28 27
91 27 26
92 33 32
92 32 31
92 31 28
92 28 0
92 28 27
92 27 1
92 27 26
92 26 24
92 24 23
92 23 22
92 22 21
92 21 13
92 13 2
92 13 12
92 12 3
92 12 11
92 11 9
92 9 8
92 8 6
92 6 5
92 5 4
92 8 7
92 11 10
92 21 20
92 20 19
92 19 17
92 17 14
92 17 16
92 16 15
92 19 18
92 26 25
92 31 30
92 30 29
93 30 21
93 21 19
93 19 18
93 18 8
93 8 7
93 7 2
93 2 1
93 1 0
93 7 6
93 6 4
93 4 3
93 6 5
93 18 17
93 17 15
93 15 14
93 14 13
93 13 12
93 12 10
93 10 9
93 12 11
93 17 16
93 21 20
93 30 29
93 29 28
93 28 26
93 26 22
93 26 25
93 25 24
93 24 23
93 28 27
94 33 32
94 32 10
94 10 6
94 6 4
94 4 3
94 3 2
94 2 1
94 1 0
94 6 5
94 10 9
94 9 8
94 8 7
94 32 31
94 31 30
94 30 16
94 16 14
94 14 12
94 12 11
94 14 13
94 16 15
94 30 29
94 29 28
94 28 27
94 27 18
94 18 17
94 27 26
94 26 24
94 24 23
94 23 22
94 22 21
94 21 19
94 21 20
94 26 25
95 29 0
95 29 28
95 28 2
95 2 1
95 28 27
95 27 3
95 27 26
95 26 4
95 26 25
95 25 10
95 10 5
95 10 9
95 9 8
95 8 7
95 7 6
95 25 24
95 24 23
95 23 22
95 22 19
95 19 18
95 18 13
95 13 11
95 13 12
95 18 17
95 17 15
95 15 14
95 17 16
95 22 21
95 21 20
96 34 0
96 34 33
96 33 23
96 23 10
96 10 8
96 8 7
96 7 6
96 6 4
96 4 3
96 3 2
96 2 1
96 6 5
96 10 9
96 23 22
96 22 16
96 16 11
96 16 15
96 15 14
96 14 13
96 13 12
96 22 21
96 21 20
96 20 17
96 20 19
96 19 18
96 33 32
96 32 25
96 25 24
96 32 31
96 31 29
96 29 28
96 28 27
96 27 26
96 31 30
97 29 0
97 29 28
97 28 27
97 27 24
97 24 15
97 15 3
97 3 2
97 2 1
97 15 14
97 14 5
97 5 4
97 14 13
97 13 11
97 11 10
97 10 9
97 9 6
97 9 8
97 8 7
97 13 12
97 24 23
97 23 22
97 22 16
97 22 21
97 21 17
97 21 20
97 20 18
97 20 19
97 27 26
97 26 25
98 34 14
98 14 13
98 13 0
98 13 12
98 12 10
98 10 9
98 9 8
98 8 6
98 6 5
98 5 4
98 4 2
98 2 1
98 4 3
98 8 7
98 12 11
98 34 33
98 33 31
98 31 20
98 20 17
98 17 15
98 17 16
98 20 19
98 19 18
98 31 30
98 30 21
98 30 29
98 29 26
98 26 25
98 25 24
98 24 22
98 24 23
98 29 28
98 28 27
98 33 32
99 34 10
99 10 9
99 9 7
99 7 6
99 6 4
99 4 2
99 2 0
99 2 1
99 4 3
99 6 5
99 9 8
99 34 33
99 33 11
99 33 32
99 32 14
99 14 13
99 13 12
99 32 31
99 31 30
99 30 28
99 28 21
99 21 20
99 20 19
99 19 17
99 17 15
99 17 16
99 19 18
99 28 27
99 27 25
99 25 24
99 24 22
99 24 23
99 27 26
99 30 29
100 34 0
100 34 33
100 33 30
100 30 29
100 29 28
100 28 26
100 26 25
100 25 24
100 24 1
100 24 23
100 23 2
100 23 22
100 22 21
100 21 19
100 19 17
100 17 16
100 16 3
100 16 15
100 15 13
100 13 12
100 12 11
100 11 4
100 11 10
100 10 9
100 9 8
100 8 7
100 7 6
100 6 5
100 15 14
100 19 18
100 21 20
100 28 27
100 33 32
100 32 31
101 34 33
101 33 32
101 32 28
101 28 26
101 26 24
101 24 23
101 23 22
101 22 18
101 18 16
101 16 0
101 16 15
101 15 13
101 13 12
101 12 10
101 10 8
101 8 7
101 7 6
101 6 5
101 5 4
101 4 3
101 3 1
101 3 2
101 10 9
101 12 11
101 15 14
101 18 17
101 22 21
101 21 19
101 21 20
101 26 25
101 28 27
101 32 31
101 31 29
101 31 30
