1 32 13
1 13 2
1 2 1
1 1 0
1 13 12
1 12 8
1 8 7
1 7 6
1 6 5
1 5 3
1 5 4
1 12 11
1 11 10
1 10 9
1 32 31
1 31 28
1 28 24
1 24 23
1 23 17
1 17 16
1 16 15
1 15 14
1 23 22
1 22 20
1 20 19
1 19 18
1 22 21
1 28 27
1 27 25
1 27 26
1 31 30
1 30 29
2 29 28
2 28 0
2 28 27
2 27 2
2 2 1
2 27 26
2 26 24
2 24 23
2 23 3
2 23 22
2 22 14
2 14 7
2 7 4
2 7 6
2 6 5
2 14 13
2 13 12
2 12 11
2 11 10
2 10 8
2 10 9
2 22 21
2 21 20
2 20 18
2 18 17
2 17 15
2 17 16
2 20 19
2 26 25
3 29 0
3 29 28
3 28 27
3 27 1
3 27 26
3 26 23
3 23 18
3 18 8
3 8 7
3 7 3
3 3 2
3 7 6
3 6 5
3 5 4
3 18 17
3 17 15
3 15 12
3 12 10
3 10 9
3 12 11
3 15 14
3 14 13
3 17 16
3 23 22
3 22 21
3 21 20
3 20 19
3 26 25
3 25 24
4 30 29
4 29 28
4 28 0
4 28 27
4 27 26
4 26 25
4 25 23
4 23 15
4 15 1
4 15 14
4 14 2
4 14 13
4 13 12
4 12 10
4 10 3
4 10 9
4 9 7
4 7 4
4 7 6
4 6 5
4 9 8
4 12 11
4 23 22
4 22 20
4 20 19
4 19 17
4 17 16
4 19 18
4 22 21
4 25 24
5 33 31
5 31 2
5 2 1
5 1 0
5 31 30
5 30 28
5 28 27
5 27 6
5 6 4
5 4 3
5 6 5
5 27 26
5 26 17
5 17 14
5 14 13
5 13 10
5 10 9
5 9 8
5 8 7
5 13 12
5 12 11
5 17 16
5 16 15
5 26 25
5 25 22
5 22 19
5 19 18
5 22 21
5 21 20
5 25 24
5 24 23
5 30 29
5 33 32
6 34 3
6 3 1
6 1 0
6 3 2
6 34 33
6 33 31
6 31 30
6 30 5
6 5 4
6 30 29
6 29 28
6 28 21
6 21 20
6 20 19
6 19 6
6 19 18
6 18 16
6 16 14
6 14 13
6 13 11
6 11 10
6 10 9
6 9 8
6 8 7
6 13 12
6 16 15
6 18 17
6 28 27
6 27 23
6 23 22
6 27 26
6 26 25
6 25 24
6 33 32
7 29 27
7 27 0
7 27 26
7 26 25
7 25 22
7 22 1
7 22 21
7 21 11
7 11 9
7 9 2
7 9 8
7 8 4
7 4 3
7 8 7
7 7 5
7 7 6
7 11 10
7 21 20
7 20 18
7 18 17
7 17 12
7 17 16
7 16 14
7 14 13
7 16 15
7 20 19
7 25 24
7 24 23
7 29 28
8 33 10
8 10 9
8 9 8
8 8 0
8 8 7
8 7 6
8 6 1
8 6 5
8 5 2
8 5 4
8 4 3
8 33 32
8 32 23
8 23 21
8 21 11
8 21 20
8 20 19
8 19 18
8 18 17
8 17 13
8 13 12
8 17 16
8 16 15
8 15 14
8 23 22
8 32 31
8 31 30
8 30 24
8 30 29
8 29 26
8 26 25
8 29 28
8 28 27
9 29 28
9 28 26
9 26 25
9 25 23
9 23 22
9 22 21
9 21 0
9 21 20
9 20 2
9 2 1
9 20 19
9 19 18
9 18 17
9 17 3
9 17 16
9 16 14
9 14 4
9 14 13
9 13 6
9 6 5
9 13 12
9 12 7
9 12 11
9 11 10
9 10 9
9 9 8
9 16 15
9 25 24
9 28 27
10 34 20
10 20 8
10 8 0
10 8 7
10 7 4
10 4 3
10 3 2
10 2 1
10 7 6
10 6 5
10 20 19
10 19 18
10 18 14
10 14 12
10 12 11
10 11 9
10 11 10
10 14 13
10 18 17
10 17 15
10 17 16
10 34 33
10 33 32
10 32 21
10 32 31
10 31 22
10 31 30
10 30 27
10 27 25
10 25 23
10 25 24
10 27 26
10 30 29
10 29 28
11 32 30
11 30 3
11 3 2
11 2 0
11 2 1
11 30 29
11 29 26
11 26 25
11 25 8
11 8 4
11 8 7
11 7 5
11 7 6
11 25 24
11 24 11
11 11 10
11 10 9
11 24 23
11 23 12
11 23 22
11 22 21
11 21 20
11 20 17
11 17 16
11 16 13
11 16 15
11 15 14
11 20 19
11 19 18
11 29 28
11 28 27
11 32 31
12 34 0
12 34 33
12 33 32
12 32 31
12 31 1
12 31 30
12 30 27
12 27 3
12 3 2
12 27 26
12 26 11
12 11 10
12 10 6
12 6 4
12 6 5
12 10 9
12 9 8
12 8 7
12 26 25
12 25 24
12 24 12
12 24 23
12 23 22
12 22 21
12 21 20
12 20 15
12 15 14
12 14 13
12 20 19
12 19 18
12 18 17
12 17 16
12 30 29
12 29 28
13 33 31
13 31 29
13 29 28
13 28 6
13 6 2
13 2 0
13 2 1
13 6 5
13 5 3
13 5 4
13 28 27
13 27 26
13 26 7
13 26 25
13 25 10
13 10 8
13 10 9
13 25 24
13 24 23
13 23 12
13 12 11
13 23 22
13 22 18
13 18 17
13 17 13
13 17 16
13 16 15
13 15 14
13 22 21
13 21 20
13 20 19
13 31 30
13 33 32
14 32 31
14 31 29
14 29 0
14 29 28
14 28 6
14 6 5
14 5 4
14 4 3
14 3 1
14 3 2
14 28 27
14 27 18
14 18 16
14 16 15
14 15 14
14 14 13
14 13 8
14 8 7
14 13 12
14 12 11
14 11 10
14 10 9
14 18 17
14 27 26
14 26 20
14 20 19
14 26 25
14 25 21
14 25 24
14 24 22
14 24 23
14 31 30
15 33 29
15 29 2
15 2 1
15 1 0
15 29 28
15 28 27
15 27 25
15 25 24
15 24 15
15 15 14
15 14 13
15 13 3
15 13 12
15 12 6
15 6 5
15 5 4
15 12 11
15 11 10
15 10 9
15 9 7
15 9 8
15 24 23
15 23 22
15 22 16
15 22 21
15 21 20
15 20 18
15 18 17
15 20 19
15 27 26
15 33 32
15 32 31
15 31 30
16 33 32
16 32 3
16 3 2
16 2 1
16 1 0
16 32 31
16 31 30
16 30 29
16 29 28
16 28 26
16 26 25
16 25 24
16 24 17
16 17 13
16 13 11
16 11 10
16 10 9
16 9 8
16 8 4
16 8 7
16 7 5
16 7 6
16 13 12
16 17 16
16 16 14
16 16 15
16 24 23
16 23 18
16 23 22
16 22 19
16 22 21
16 21 20
16 28 27
17 32 31
17 31 28
17 28 21
17 21 20
17 20 18
17 18 17
17 17 0
17 17 16
17 16 5
17 5 4
17 4 3
17 3 2
17 2 1
17 16 15
17 15 8
17 8 7
17 7 6
17 15 14
17 14 11
17 11 9
17 11 10
17 14 13
17 13 12
17 20 19
17 28 27
17 27 22
17 27 26
17 26 25
17 25 24
17 24 23
17 31 30
17 30 29
18 33 0
18 33 32
18 32 1
18 32 31
18 31 26
18 26 10
18 10 9
18 9 2
18 9 8
18 8 5
18 5 4
18 4 3
18 8 7
18 7 6
18 26 25
18 25 23
18 23 22
18 22 16
18 16 15
18 15 13
18 13 11
18 13 12
18 15 14
18 22 21
18 21 19
18 19 17
18 19 18
18 21 20
18 25 24
18 31 30
18 30 29
18 29 27
18 29 28
19 33 26
19 26 20
19 20 10
19 10 7
19 7 5
19 5 3
19 3 0
19 3 2
19 2 1
19 5 4
19 7 6
19 10 9
19 9 8
19 20 19
19 19 11
19 19 18
19 18 16
19 16 12
19 16 15
19 15 14
19 14 13
19 18 17
19 26 25
19 25 24
19 24 21
19 24 23
19 23 22
19 33 32
19 32 31
19 31 30
19 30 28
19 28 27
19 30 29
20 31 30
20 30 28
20 28 27
20 27 26
20 26 25
20 25 12
20 12 2
20 2 0
20 2 1
20 12 11
20 11 9
20 9 3
20 9 8
20 8 4
20 8 7
20 7 5
20 7 6
20 11 10
20 25 24
20 24 22
20 22 21
20 21 13
20 21 20
20 20 19
20 19 18
20 18 17
20 17 14
20 17 16
20 16 15
20 24 23
20 30 29
21 34 29
21 29 28
21 28 27
21 27 26
21 26 6
21 6 4
21 4 3
21 3 2
21 2 0
21 2 1
21 6 5
21 26 25
21 25 8
21 8 7
21 25 24
21 24 23
21 23 14
21 14 13
21 13 10
21 10 9
21 13 12
21 12 11
21 23 22
21 22 19
21 19 15
21 19 18
21 18 17
21 17 16
21 22 21
21 21 20
21 34 33
21 33 32
21 32 30
21 32 31
22 31 29
22 29 18
22 18 0
22 18 17
22 17 16
22 16 1
22 16 15
22 15 12
22 12 7
22 7 6
22 6 5
22 5 3
22 3 2
22 5 4
22 12 11
22 11 8
22 11 10
22 10 9
22 15 14
22 14 13
22 29 28
22 28 27
22 27 20
22 20 19
22 27 26
22 26 21
22 26 25
22 25 24
22 24 22
22 24 23
22 31 30
23 31 28
23 28 27
23 27 18
23 18 17
23 17 12
23 12 10
23 10 9
23 9 7
23 7 2
23 2 1
23 1 0
23 7 6
23 6 5
23 5 4
23 4 3
23 9 8
23 12 11
23 17 16
23 16 14
23 14 13
23 16 15
23 27 26
23 26 24
23 24 23
23 23 22
23 22 21
23 21 20
23 20 19
23 26 25
23 31 30
23 30 29
24 30 29
24 29 21
24 21 20
24 20 19
24 19 18
24 18 0
24 18 17
24 17 1
24 17 16
24 16 15
24 15 4
24 4 2
24 4 3
24 15 14
24 14 13
24 13 5
24 13 12
24 12 11
24 11 10
24 10 8
24 8 6
24 8 7
24 10 9
24 29 28
24 28 23
24 23 22
24 28 27
24 27 26
24 26 25
24 25 24
25 30 1
25 1 0
25 30 29
25 29 28
25 28 27
25 27 5
25 5 3
25 3 2
25 5 4
25 27 26
25 26 12
25 12 11
25 11 9
25 9 8
25 8 7
25 7 6
25 11 10
25 26 25
25 25 13
25 25 24
25 24 21
25 21 20
25 20 18
25 18 17
25 17 14
25 17 16
25 16 15
25 20 19
25 24 23
25 23 22
26 33 28
26 28 27
26 27 0
26 27 26
26 26 25
26 25 16
26 16 6
26 6 2
26 2 1
26 6 5
26 5 3
26 5 4
26 16 15
26 15 8
26 8 7
26 15 14
26 14 12
26 12 11
26 11 9
26 11 10
26 14 13
26 25 24
26 24 23
26 23 22
26 22 21
26 21 19
26 19 17
26 19 18
26 21 20
26 33 32
26 32 29
26 32 31
26 31 30
27 30 5
27 5 4
27 4 3
27 3 2
27 2 1
27 1 0
27 30 29
27 29 21
27 21 20
27 20 18
27 18 17
27 17 16
27 16 15
27 15 10
27 10 8
27 8 6
27 8 7
27 10 9
27 15 14
27 14 13
27 13 11
27 13 12
27 20 19
27 29 28
27 28 27
27 27 25
27 25 24
27 24 23
27 23 22
27 27 26
28 30 29
28 29 0
28 29 28
28 28 27
28 27 1
28 27 26
28 26 3
28 3 2
28 26 25
28 25 24
28 24 6
28 6 5
28 5 4
28 24 23
28 23 17
28 17 12
28 12 10
28 10 9
28 9 8
28 8 7
28 12 11
28 17 16
28 16 14
28 14 13
28 16 15
28 23 22
28 22 21
28 21 20
28 20 18
28 20 19
29 32 0
29 32 31
29 31 1
29 31 30
29 30 28
29 28 26
29 26 9
29 9 7
29 7 3
29 3 2
29 7 6
29 6 5
29 5 4
29 9 8
29 26 25
29 25 10
29 25 24
29 24 21
29 21 20
29 20 18
29 18 17
29 17 15
29 15 14
29 14 13
29 13 12
29 12 11
29 17 16
29 20 19
29 24 23
29 23 22
29 28 27
29 30 29
30 34 24
30 24 0
30 24 23
30 23 22
30 22 1
30 22 21
30 21 20
30 20 18
30 18 16
30 16 12
30 12 3
30 3 2
30 12 11
30 11 4
30 11 10
30 10 7
30 7 6
30 6 5
30 10 9
30 9 8
30 16 15
30 15 14
30 14 13
30 18 17
30 20 19
30 34 33
30 33 26
30 26 25
30 33 32
30 32 30
30 30 28
30 28 27
30 30 29
30 32 31
31 29 28
31 28 27
31 27 26
31 26 25
31 25 22
31 22 21
31 21 16
31 16 0
31 16 15
31 15 11
31 11 10
31 10 1
31 10 9
31 9 4
31 4 2
31 4 3
31 9 8
31 8 6
31 6 5
31 8 7
31 15 14
31 14 13
31 13 12
31 21 20
31 20 17
31 20 19
31 19 18
31 25 24
31 24 23
32 32 31
32 31 13
32 13 12
32 12 9
32 9 6
32 6 5
32 5 3
32 3 2
32 2 1
32 1 0
32 5 4
32 9 8
32 8 7
32 12 11
32 11 10
32 31 30
32 30 17
32 17 15
32 15 14
32 17 16
32 30 29
32 29 24
32 24 23
32 23 20
32 20 19
32 19 18
32 23 22
32 22 21
32 29 28
32 28 27
32 27 26
32 26 25
33 32 31
33 31 30
33 30 7
33 7 0
33 7 6
33 6 1
33 6 5
33 5 3
33 3 2
33 5 4
33 30 29
33 29 8
33 29 28
33 28 27
33 27 26
33 26 25
33 25 24
33 24 9
33 24 23
33 23 18
33 18 17
33 17 10
33 17 16
33 16 11
33 16 15
33 15 14
33 14 12
33 14 13
33 23 22
33 22 20
33 20 19
33 22 21
34 29 3
34 3 1
34 1 0
34 3 2
34 29 28
34 28 4
34 28 27
34 27 26
34 26 8
34 8 6
34 6 5
34 8 7
34 26 25
34 25 12
34 12 11
34 11 9
34 11 10
34 25 24
34 24 23
34 23 22
34 22 13
34 22 21
34 21 20
34 20 17
34 17 16
34 16 15
34 15 14
34 20 19
34 19 18
35 34 32
35 32 0
35 32 31
35 31 14
35 14 10
35 10 2
35 2 1
35 10 9
35 9 7
35 7 6
35 6 4
35 4 3
35 6 5
35 9 8
35 14 13
35 13 11
35 13 12
35 31 30
35 30 28
35 28 15
35 28 27
35 27 16
35 27 26
35 26 22
35 22 21
35 21 20
35 20 17
35 20 19
35 19 18
35 26 25
35 25 23
35 25 24
35 30 29
35 34 33
36 33 24
36 24 22
36 22 0
36 22 21
36 21 20
36 20 1
36 20 19
36 19 16
36 16 5
36 5 4
36 4 3
36 3 2
36 16 15
36 15 8
36 8 6
36 8 7
36 15 14
36 14 12
36 12 9
36 12 11
36 11 10
36 14 13
36 19 18
36 18 17
36 24 23
36 33 32
36 32 31
36 31 30
36 30 26
36 26 25
36 30 29
36 29 27
36 29 28
37 32 31
37 31 23
37 23 0
37 23 22
37 22 18
37 18 6
37 6 5
37 5 4
37 4 3
37 3 2
37 2 1
37 18 17
37 17 10
37 10 7
37 10 9
37 9 8
37 17 16
37 16 15
37 15 14
37 14 13
37 13 11
37 13 12
37 22 21
37 21 19
37 21 20
37 31 30
37 30 28
37 28 25
37 25 24
37 28 27
37 27 26
37 30 29
38 33 26
38 26 25
38 25 24
38 24 20
38 20 19
38 19 1
38 1 0
38 19 18
38 18 8
38 8 7
38 7 3
38 3 2
38 7 6
38 6 4
38 6 5
38 18 17
38 17 10
38 10 9
38 17 16
38 16 11
38 16 15
38 15 13
38 13 12
38 15 14
38 24 23
38 23 22
38 22 21
38 33 32
38 32 30
38 30 27
38 30 29
38 29 28
38 32 31
39 32 27
39 27 0
39 27 26
39 26 25
39 25 1
39 25 24
39 24 20
39 20 9
39 9 8
39 8 7
39 7 6
39 6 4
39 4 2
39 4 3
39 6 5
39 20 19
39 19 12
39 12 10
39 12 11
39 19 18
39 18 13
39 18 17
39 17 16
39 16 15
39 15 14
39 24 23
39 23 21
39 23 22
39 32 31
39 31 29
39 29 28
39 31 30
40 31 0
40 31 30
40 30 29
40 29 28
40 28 12
40 12 3
40 3 1
40 3 2
40 12 11
40 11 10
40 10 9
40 9 8
40 8 4
40 8 7
40 7 6
40 6 5
40 28 27
40 27 26
40 26 25
40 25 24
40 24 20
40 20 19
40 19 18
40 18 17
40 17 14
40 14 13
40 17 16
40 16 15
40 24 23
40 23 21
40 23 22
41 32 1
41 1 0
41 32 31
41 31 30
41 30 28
41 28 9
41 9 8
41 8 3
41 3 2
41 8 7
41 7 5
41 5 4
41 7 6
41 28 27
41 27 26
41 26 23
41 23 10
41 23 22
41 22 20
41 20 11
41 20 19
41 19 18
41 18 13
41 13 12
41 18 17
41 17 16
41 16 14
41 16 15
41 22 21
41 26 25
41 25 24
41 30 29
42 32 0
42 32 31
42 31 30
42 30 29
42 29 28
42 28 26
42 26 25
42 25 18
42 18 4
42 4 3
42 3 1
42 3 2
42 18 17
42 17 5
42 17 16
42 16 15
42 15 14
42 14 9
42 9 8
42 8 6
42 8 7
42 14 13
42 13 11
42 11 10
42 13 12
42 25 24
42 24 20
42 20 19
42 24 23
42 23 21
42 23 22
42 28 27
43 30 27
43 27 26
43 26 25
43 25 24
43 24 23
43 23 16
43 16 15
43 15 4
43 4 0
43 4 3
43 3 2
43 2 1
43 15 14
43 14 12
43 12 7
43 7 6
43 6 5
43 12 11
43 11 8
43 11 10
43 10 9
43 14 13
43 23 22
43 22 21
43 21 20
43 20 17
43 20 19
43 19 18
43 30 29
43 29 28
44 31 29
44 29 28
44 28 27
44 27 0
44 27 26
44 26 19
44 19 17
44 17 13
44 13 10
44 10 2
44 2 1
44 10 9
44 9 5
44 5 3
44 5 4
44 9 8
44 8 6
44 8 7
44 13 12
44 12 11
44 17 16
44 16 15
44 15 14
44 19 18
44 26 25
44 25 21
44 21 20
44 25 24
44 24 23
44 23 22
44 31 30
45 29 2
45 2 1
45 1 0
45 29 28
45 28 26
45 26 3
45 26 25
45 25 13
45 13 7
45 7 4
45 7 6
45 6 5
45 13 12
45 12 11
45 11 8
45 11 10
45 10 9
45 25 24
45 24 23
45 23 14
45 23 22
45 22 21
45 21 20
45 20 19
45 19 18
45 18 17
45 17 16
45 16 15
45 28 27
46 30 29
46 29 3
46 3 2
46 2 1
46 1 0
46 29 28
46 28 27
46 27 25
46 25 24
46 24 9
46 9 7
46 7 6
46 6 5
46 5 4
46 9 8
46 24 23
46 23 10
46 23 22
46 22 21
46 21 19
46 19 18
46 18 17
46 17 12
46 12 11
46 17 16
46 16 13
46 16 15
46 15 14
46 21 20
46 27 26
47 34 11
47 11 5
47 5 2
47 2 1
47 1 0
47 5 4
47 4 3
47 11 10
47 10 8
47 8 7
47 7 6
47 10 9
47 34 33
47 33 19
47 19 14
47 14 13
47 13 12
47 19 18
47 18 17
47 17 16
47 16 15
47 33 32
47 32 24
47 24 23
47 23 22
47 22 21
47 21 20
47 32 31
47 31 26
47 26 25
47 31 30
47 30 29
47 29 27
47 29 28
48 33 24
48 24 2
48 2 0
48 2 1
48 24 23
48 23 3
48 23 22
48 22 20
48 20 19
48 19 14
48 14 11
48 11 10
48 10 5
48 5 4
48 10 9
48 9 8
48 8 6
48 8 7
48 14 13
48 13 12
48 19 18
48 18 16
48 16 15
48 18 17
48 22 21
48 33 32
48 32 25
48 32 31
48 31 30
48 30 29
48 29 26
48 29 28
48 28 27
49 32 31
49 31 30
49 30 29
49 29 27
49 27 21
49 21 13
49 13 12
49 12 11
49 11 9
49 9 5
49 5 4
49 4 2
49 2 1
49 1 0
49 4 3
49 9 8
49 8 6
49 8 7
49 11 10
49 21 20
49 20 14
49 20 19
49 19 17
49 17 16
49 16 15
49 19 18
49 27 26
49 26 24
49 24 22
49 24 23
49 26 25
49 29 28
50 32 21
50 21 19
50 19 16
50 16 13
50 13 12
50 12 11
50 11 7
50 7 6
50 6 1
50 1 0
50 6 5
50 5 4
50 4 3
50 3 2
50 11 10
50 10 9
50 9 8
50 16 15
50 15 14
50 19 18
50 18 17
50 21 20
50 32 31
50 31 22
50 31 30
50 30 29
50 29 28
50 28 23
50 28 27
50 27 26
50 26 25
50 25 24
51 32 30
51 30 0
51 30 29
51 29 1
51 29 28
51 28 16
51 16 12
51 12 11
51 11 2
51 11 10
51 10 8
51 8 7
51 7 5
51 5 3
51 5 4
51 7 6
51 10 9
51 16 15
51 15 13
51 15 14
51 28 27
51 27 26
51 26 25
51 25 18
51 18 17
51 25 24
51 24 20
51 20 19
51 24 23
51 23 22
51 22 21
51 32 31
52 30 27
52 27 26
52 26 23
52 23 9
52 9 8
52 8 4
52 4 1
52 1 0
52 4 3
52 3 2
52 8 7
52 7 6
52 6 5
52 23 22
52 22 21
52 21 15
52 15 14
52 14 10
52 14 13
52 13 12
52 12 11
52 21 20
52 20 17
52 17 16
52 20 19
52 19 18
52 26 25
52 25 24
52 30 29
52 29 28
53 29 26
53 26 25
53 25 24
53 24 4
53 4 3
53 3 2
53 2 1
53 1 0
53 24 23
53 23 21
53 21 8
53 8 6
53 6 5
53 8 7
53 21 20
53 20 18
53 18 10
53 10 9
53 18 17
53 17 15
53 15 14
53 14 12
53 12 11
53 14 13
53 17 16
53 20 19
53 23 22
53 29 28
53 28 27
54 31 4
54 4 0
54 4 3
54 3 1
54 3 2
54 31 30
54 30 29
54 29 27
54 27 26
54 26 25
54 25 24
54 24 8
54 8 7
54 7 5
54 7 6
54 24 23
54 23 9
54 23 22
54 22 21
54 21 19
54 19 18
54 18 16
54 16 15
54 15 13
54 13 12
54 12 10
54 12 11
54 15 14
54 18 17
54 21 20
54 29 28
55 29 8
55 8 4
55 4 1
55 1 0
55 4 3
55 3 2
55 8 7
55 7 6
55 6 5
55 29 28
55 28 27
55 27 9
55 27 26
55 26 10
55 26 25
55 25 19
55 19 17
55 17 14
55 14 13
55 13 11
55 13 12
55 17 16
55 16 15
55 19 18
55 25 24
55 24 22
55 22 21
55 21 20
55 24 23
56 31 29
56 29 5
56 5 0
56 5 4
56 4 3
56 3 1
56 3 2
56 29 28
56 28 27
56 27 26
56 26 25
56 25 23
56 23 19
56 19 15
56 15 12
56 12 9
56 9 8
56 8 7
56 7 6
56 12 11
56 11 10
56 15 14
56 14 13
56 19 18
56 18 17
56 17 16
56 23 22
56 22 21
56 21 20
56 25 24
56 31 30
57 30 29
57 29 0
57 29 28
57 28 27
57 27 16
57 16 2
57 2 1
57 16 15
57 15 5
57 5 3
57 5 4
57 15 14
57 14 13
57 13 12
57 12 11
57 11 10
57 10 8
57 8 6
57 8 7
57 10 9
57 27 26
57 26 25
57 25 24
57 24 19
57 19 17
57 19 18
57 24 23
57 23 21
57 21 20
57 23 22
58 30 29
58 29 28
58 28 24
58 24 4
58 4 2
58 2 0
58 2 1
58 4 3
58 24 23
58 23 22
58 22 21
58 21 6
58 6 5
58 21 20
58 20 19
58 19 17
58 17 10
58 10 9
58 9 7
58 9 8
58 17 16
58 16 15
58 15 12
58 12 11
58 15 14
58 14 13
58 19 18
58 28 27
58 27 25
58 27 26
59 30 9
59 9 2
59 2 1
59 1 0
59 9 8
59 8 6
59 6 5
59 5 3
59 5 4
59 8 7
59 30 29
59 29 10
59 29 28
59 28 12
59 12 11
59 28 27
59 27 26
59 26 24
59 24 13
59 24 23
59 23 20
59 20 19
59 19 18
59 18 15
59 15 14
59 18 17
59 17 16
59 23 22
59 22 21
59 26 25
60 34 28
60 28 0
60 28 27
60 27 26
60 26 7
60 7 4
60 4 3
60 3 2
60 2 1
60 7 6
60 6 5
60 26 25
60 25 8
60 25 24
60 24 23
60 23 22
60 22 11
60 11 9
60 11 10
60 22 21
60 21 20
60 20 19
60 19 13
60 13 12
60 19 18
60 18 15
60 15 14
60 18 17
60 17 16
60 34 33
60 33 31
60 31 29
60 31 30
60 33 32
61 32 4
61 4 0
61 4 3
61 3 1
61 3 2
61 32 31
61 31 30
61 30 11
61 11 9
61 9 8
61 8 5
61 8 7
61 7 6
61 11 10
61 30 29
61 29 27
61 27 26
61 26 25
61 25 24
61 24 15
61 15 14
61 14 12
61 14 13
61 24 23
61 23 17
61 17 16
61 23 22
61 22 18
61 22 21
61 21 19
61 21 20
61 29 28
62 29 28
62 28 13
62 13 12
62 12 8
62 8 7
62 7 2
62 2 0
62 2 1
62 7 6
62 6 5
62 5 4
62 4 3
62 12 11
62 11 9
62 11 10
62 28 27
62 27 23
62 23 14
62 23 22
62 22 18
62 18 16
62 16 15
62 18 17
62 22 21
62 21 20
62 20 19
62 27 26
62 26 24
62 26 25
63 33 32
63 32 31
63 31 30
63 30 28
63 28 27
63 27 26
63 26 24
63 24 18
63 18 17
63 17 0
63 17 16
63 16 15
63 15 14
63 14 2
63 2 1
63 14 13
63 13 10
63 10 8
63 8 5
63 5 4
63 4 3
63 8 7
63 7 6
63 10 9
63 13 12
63 12 11
63 24 23
63 23 19
63 23 22
63 22 20
63 22 21
63 26 25
63 30 29
64 30 29
64 29 2
64 2 1
64 1 0
64 29 28
64 28 27
64 27 26
64 26 25
64 25 21
64 21 20
64 20 17
64 17 10
64 10 9
64 9 8
64 8 3
64 8 7
64 7 6
64 6 5
64 5 4
64 17 16
64 16 15
64 15 14
64 14 13
64 13 11
64 13 12
64 20 19
64 19 18
64 25 24
64 24 22
64 24 23
65 31 1
65 1 0
65 31 30
65 30 28
65 28 27
65 27 26
65 26 25
65 25 21
65 21 15
65 15 10
65 10 9
65 9 8
65 8 6
65 6 5
65 5 4
65 4 3
65 3 2
65 8 7
65 15 14
65 14 12
65 12 11
65 14 13
65 21 20
65 20 19
65 19 18
65 18 17
65 17 16
65 25 24
65 24 23
65 23 22
65 30 29
66 29 0
66 29 28
66 28 27
66 27 26
66 26 19
66 19 1
66 19 18
66 18 17
66 17 14
66 14 2
66 14 13
66 13 9
66 9 5
66 5 3
66 5 4
66 9 8
66 8 6
66 8 7
66 13 12
66 12 11
66 11 10
66 17 16
66 16 15
66 26 25
66 25 24
66 24 23
66 23 21
66 21 20
66 23 22
67 29 3
67 3 2
67 2 0
67 2 1
67 29 28
67 28 27
67 27 5
67 5 4
67 27 26
67 26 25
67 25 24
67 24 6
67 24 23
67 23 7
67 23 22
67 22 21
67 21 8
67 21 20
67 20 14
67 14 13
67 13 9
67 13 12
67 12 11
67 11 10
67 20 19
67 19 18
67 18 17
67 17 16
67 16 15
68 32 26
68 26 25
68 25 1
68 1 0
68 25 24
68 24 22
68 22 10
68 10 2
68 10 9
68 9 4
68 4 3
68 9 8
68 8 6
68 6 5
68 8 7
68 22 21
68 21 18
68 18 11
68 18 17
68 17 14
68 14 13
68 13 12
68 17 16
68 16 15
68 21 20
68 20 19
68 24 23
68 32 31
68 31 29
68 29 28
68 28 27
68 31 30
69 34 33
69 33 1
69 1 0
69 33 32
69 32 2
69 32 31
69 31 6
69 6 5
69 5 3
69 5 4
69 31 30
69 30 29
69 29 26
69 26 18
69 18 7
69 18 17
69 17 16
69 16 15
69 15 14
69 14 8
69 14 13
69 13 12
69 12 11
69 11 9
69 11 10
69 26 25
69 25 20
69 20 19
69 25 24
69 24 22
69 22 21
69 24 23
69 29 28
69 28 27
70 32 10
70 10 0
70 10 9
70 9 8
70 8 4
70 4 3
70 3 2
70 2 1
70 8 7
70 7 6
70 6 5
70 32 31
70 31 19
70 19 18
70 18 17
70 17 16
70 16 15
70 15 11
70 15 14
70 14 13
70 13 12
70 31 30
70 30 29
70 29 26
70 26 24
70 24 20
70 24 23
70 23 21
70 23 22
70 26 25
70 29 28
70 28 27
71 31 28
71 28 0
71 28 27
71 27 12
71 12 10
71 10 1
71 10 9
71 9 2
71 9 8
71 8 7
71 7 6
71 6 5
71 5 4
71 4 3
71 12 11
71 27 26
71 26 16
71 16 15
71 15 13
71 15 14
71 26 25
71 25 23
71 23 17
71 23 22
71 22 21
71 21 20
71 20 18
71 20 19
71 25 24
71 31 30
71 30 29
72 32 5
72 5 4
72 4 3
72 3 0
72 3 2
72 2 1
72 32 31
72 31 13
72 13 11
72 11 8
72 8 6
72 8 7
72 11 10
72 10 9
72 13 12
72 31 30
72 30 29
72 29 28
72 28 26
72 26 22
72 22 20
72 20 15
72 15 14
72 20 19
72 19 18
72 18 17
72 17 16
72 22 21
72 26 25
72 25 23
72 25 24
72 28 27
73 32 30
73 30 29
73 29 2
73 2 0
73 2 1
73 29 28
73 28 26
73 26 25
73 25 24
73 24 3
73 24 23
73 23 22
73 22 21
73 21 17
73 17 16
73 16 14
73 14 13
73 13 12
73 12 11
73 11 10
73 10 5
73 5 4
73 10 9
73 9 8
73 8 6
73 8 7
73 16 15
73 21 20
73 20 18
73 20 19
73 28 27
73 32 31
74 29 28
74 28 0
74 28 27
74 27 26
74 26 25
74 25 24
74 24 23
74 23 22
74 22 8
74 8 3
74 3 2
74 2 1
74 8 7
74 7 6
74 6 5
74 5 4
74 22 21
74 21 16
74 16 14
74 14 13
74 13 10
74 10 9
74 13 12
74 12 11
74 16 15
74 21 20
74 20 17
74 20 19
74 19 18
75 30 26
75 26 2
75 2 1
75 1 0
75 26 25
75 25 3
75 25 24
75 24 4
75 24 23
75 23 14
75 14 13
75 13 12
75 12 5
75 12 11
75 11 8
75 8 7
75 7 6
75 11 10
75 10 9
75 23 22
75 22 15
75 22 21
75 21 19
75 19 16
75 19 18
75 18 17
75 21 20
75 30 29
75 29 28
75 28 27
76 33 32
76 32 25
76 25 24
76 24 21
76 21 3
76 3 2
76 2 1
76 1 0
76 21 20
76 20 18
76 18 17
76 17 16
76 16 14
76 14 11
76 11 7
76 7 4
76 7 6
76 6 5
76 11 10
76 10 9
76 9 8
76 14 13
76 13 12
76 16 15
76 20 19
76 24 23
76 23 22
76 32 31
76 31 26
76 31 30
76 30 28
76 28 27
76 30 29
77 31 3
77 3 0
77 3 2
77 2 1
77 31 30
77 30 29
77 29 28
77 28 12
77 12 11
77 11 10
77 10 5
77 5 4
77 10 9
77 9 8
77 8 6
77 8 7
77 28 27
77 27 25
77 25 13
77 25 24
77 24 23
77 23 22
77 22 14
77 22 21
77 21 20
77 20 19
77 19 18
77 18 16
77 16 15
77 18 17
77 27 26
78 30 29
78 29 28
78 28 3
78 3 2
78 2 0
78 2 1
78 28 27
78 27 24
78 24 23
78 23 21
78 21 20
78 20 14
78 14 13
78 13 12
78 12 11
78 11 8
78 8 7
78 7 5
78 5 4
78 7 6
78 11 10
78 10 9
78 20 19
78 19 18
78 18 16
78 16 15
78 18 17
78 23 22
78 27 26
78 26 25
79 30 28
79 28 27
79 27 26
79 26 0
79 26 25
79 25 16
79 16 1
79 16 15
79 15 14
79 14 13
79 13 4
79 4 2
79 4 3
79 13 12
79 12 11
79 11 10
79 10 5
79 10 9
79 9 6
79 9 8
79 8 7
79 25 24
79 24 22
79 22 21
79 21 17
79 21 20
79 20 19
79 19 18
79 24 23
79 30 29
80 30 1
80 1 0
80 30 29
80 29 28
80 28 27
80 27 25
80 25 22
80 22 20
80 20 2
80 20 19
80 19 18
80 18 16
80 16 15
80 15 14
80 14 13
80 13 10
80 10 3
80 10 9
80 9 8
80 8 7
80 7 6
80 6 5
80 5 4
80 13 12
80 12 11
80 18 17
80 22 21
80 25 24
80 24 23
80 27 26
81 29 27
81 27 26
81 26 25
81 25 23
81 23 22
81 22 21
81 21 19
81 19 9
81 9 8
81 8 7
81 7 5
81 5 1
81 1 0
81 5 4
81 4 2
81 4 3
81 7 6
81 19 18
81 18 10
81 18 17
81 17 15
81 15 11
81 15 14
81 14 13
81 13 12
81 17 16
81 21 20
81 25 24
81 29 28
82 34 33
82 33 3
82 3 2
82 2 0
82 2 1
82 33 32
82 32 31
82 31 29
82 29 28
82 28 4
82 28 27
82 27 5
82 27 26
82 26 18
82 18 17
82 17 16
82 16 14
82 14 12
82 12 6
82 12 11
82 11 10
82 10 9
82 9 8
82 8 7
82 14 13
82 16 15
82 26 25
82 25 23
82 23 21
82 21 19
82 21 20
82 23 22
82 25 24
82 31 30
83 31 30
83 30 15
83 15 2
83 2 0
83 2 1
83 15 14
83 14 13
83 13 12
83 12 11
83 11 5
83 5 3
83 5 4
83 11 10
83 10 9
83 9 8
83 8 6
83 8 7
83 30 29
83 29 16
83 29 28
83 28 26
83 26 21
83 21 19
83 19 18
83 18 17
83 21 20
83 26 25
83 25 24
83 24 23
83 23 22
83 28 27
84 31 1
84 1 0
84 31 30
84 30 20
84 20 19
84 19 13
84 13 12
84 12 11
84 11 6
84 6 5
84 5 2
84 5 4
84 4 3
84 11 10
84 10 8
84 8 7
84 10 9
84 19 18
84 18 14
84 18 17
84 17 15
84 17 16
84 30 29
84 29 24
84 24 23
84 23 22
84 22 21
84 29 28
84 28 25
84 28 27
84 27 26
85 34 31
85 31 0
85 31 30
85 30 29
85 29 27
85 27 7
85 7 2
85 2 1
85 7 6
85 6 5
85 5 3
85 5 4
85 27 26
85 26 24
85 24 8
85 24 23
85 23 11
85 11 9
85 11 10
85 23 22
85 22 12
85 22 21
85 21 20
85 20 13
85 20 19
85 19 18
85 18 14
85 18 17
85 17 16
85 16 15
85 26 25
85 29 28
85 34 33
85 33 32
86 34 25
86 25 24
86 24 3
86 3 2
86 2 1
86 1 0
86 24 23
86 23 22
86 22 6
86 6 4
86 6 5
86 22 21
86 21 18
86 18 17
86 17 16
86 16 15
86 15 8
86 8 7
86 15 14
86 14 13
86 13 10
86 10 9
86 13 12
86 12 11
86 21 20
86 20 19
86 34 33
86 33 32
86 32 27
86 27 26
86 32 31
86 31 30
86 30 28
86 30 29
87 34 33
87 33 32
87 32 31
87 31 0
87 31 30
87 30 29
87 29 1
87 29 28
87 28 21
87 21 2
87 21 20
87 20 4
87 4 3
87 20 19
87 19 18
87 18 5
87 18 17
87 17 16
87 16 15
87 15 14
87 14 12
87 12 6
87 12 11
87 11 8
87 8 7
87 11 10
87 10 9
87 14 13
87 28 27
87 27 26
87 26 25
87 25 22
87 25 24
87 24 23
88 30 28
88 28 6
88 6 5
88 5 4
88 4 3
88 3 2
88 2 1
88 1 0
88 28 27
88 27 25
88 25 13
88 13 7
88 13 12
88 12 11
88 11 8
88 11 10
88 10 9
88 25 24
88 24 15
88 15 14
88 24 23
88 23 22
88 22 19
88 19 18
88 18 17
88 17 16
88 22 21
88 21 20
88 27 26
88 30 29
89 32 1
89 1 0
89 32 31
89 31 30
89 30 4
89 4 2
89 4 3
89 30 29
89 29 5
89 29 28
89 28 27
89 27 26
89 26 7
89 7 6
89 26 25
89 25 11
89 11 10
89 10 9
89 9 8
89 25 24
89 24 20
89 20 19
89 19 13
89 13 12
89 19 18
89 18 17
89 17 14
89 17 16
89 16 15
89 24 23
89 23 22
89 22 21
90 34 1
90 1 0
90 34 33
90 33 31
90 31 24
90 24 23
90 23 3
90 3 2
90 23 22
90 22 21
90 21 5
90 5 4
90 21 20
90 20 18
90 18 6
90 18 17
90 17 16
90 16 15
90 15 14
90 14 9
90 9 8
90 8 7
90 14 13
90 13 10
90 13 12
90 12 11
90 20 19
90 31 30
90 30 29
90 29 26
90 26 25
90 29 28
90 28 27
90 33 32
91 29 28
91 28 0
91 28 27
91 27 26
91 26 10
91 10 2
91 2 1
91 10 9
91 9 3
91 9 8
91 8 7
91 7 6
91 6 4
91 6 5
91 26 25
91 25 18
91 18 11
91 18 17
91 17 16
91 16 13
91 13 12
91 16 15
91 15 14
91 25 24
91 24 19
91 24 23
91 23 22
91 22 21
91 21 20
92 34 30
92 30 27
92 27 12
92 12 10
92 10 6
92 6 0
92 6 5
92 5 1
92 5 4
92 4 2
92 4 3
92 10 9
92 9 8
92 8 7
92 12 11
92 27 26
92 26 15
92 15 14
92 14 13
92 26 25
92 25 24
92 24 16
92 24 23
92 23 22
92 22 17
92 22 21
92 21 20
92 20 19
92 19 18
92 30 29
92 29 28
92 34 33
92 33 32
92 32 31
93 29 2
93 2 0
93 2 1
93 29 28
93 28 3
93 28 27
93 27 20
93 20 18
93 18 16
93 16 15
93 15 8
93 8 6
93 6 5
93 5 4
93 8 7
93 15 14
93 14 12
93 12 9
93 12 11
93 11 10
93 14 13
93 18 17
93 20 19
93 27 26
93 26 25
93 25 21
93 25 24
93 24 22
93 24 23
94 33 32
94 32 10
94 10 6
94 6 5
94 5 0
94 5 4
94 4 2
94 2 1
94 4 3
94 10 9
94 9 7
94 9 8
94 32 31
94 31 17
94 17 12
94 12 11
94 17 16
94 16 15
94 15 14
94 14 13
94 31 30
94 30 28
94 28 27
94 27 25
94 25 22
94 22 21
94 21 20
94 20 18
94 20 19
94 25 24
94 24 23
94 27 26
94 30 29
95 30 13
95 13 0
95 13 12
95 12 1
95 12 11
95 11 9
95 9 7
95 7 2
95 7 6
95 6 4
95 4 3
95 6 5
95 9 8
95 11 10
95 30 29
95 29 27
95 27 15
95 15 14
95 27 26
95 26 25
95 25 21
95 21 19
95 19 18
95 18 17
95 17 16
95 21 20
95 25 24
95 24 22
95 24 23
95 29 28
96 31 25
96 25 24
96 24 1
96 1 0
96 24 23
96 23 2
96 23 22
96 22 4
96 4 3
96 22 21
96 21 20
96 20 19
96 19 18
96 18 14
96 14 12
96 12 6
96 6 5
96 12 11
96 11 10
96 10 7
96 10 9
96 9 8
96 14 13
96 18 17
96 17 16
96 16 15
96 31 30
96 30 29
96 29 28
96 28 26
96 28 27
97 30 2
97 2 0
97 2 1
97 30 29
97 29 28
97 28 27
97 27 24
97 24 22
97 22 3
97 22 21
97 21 9
97 9 6
97 6 5
97 5 4
97 9 8
97 8 7
97 21 20
97 20 10
97 20 19
97 19 14
97 14 12
97 12 11
97 14 13
97 19 18
97 18 17
97 17 16
97 16 15
97 24 23
97 27 26
97 26 25
98 34 33
98 33 0
98 33 32
98 32 5
98 5 1
98 5 4
98 4 2
98 4 3
98 32 31
98 31 8
98 8 6
98 8 7
98 31 30
98 30 28
98 28 26
98 26 25
98 25 24
98 24 23
98 23 22
98 22 20
98 20 15
98 15 14
98 14 13
98 13 12
98 12 11
98 11 9
98 11 10
98 20 19
98 19 17
98 17 16
98 19 18
98 22 21
98 28 27
98 30 29
99 33 28
99 28 12
99 12 1
99 1 0
99 12 11
99 11 8
99 8 7
99 7 6
99 6 2
99 6 5
99 5 3
99 5 4
99 11 10
99 10 9
99 28 27
99 27 26
99 26 17
99 17 16
99 16 15
99 15 13
99 15 14
99 26 25
99 25 18
99 25 24
99 24 22
99 22 21
99 21 20
99 20 19
99 24 23
99 33 32
99 32 30
99 30 29
99 32 31
100 30 9
100 9 0
100 9 8
100 8 4
100 4 3
100 3 1
100 3 2
100 8 7
100 7 6
100 6 5
100 30 29
100 29 28
100 28 12
100 12 10
100 12 11
100 28 27
100 27 24
100 24 16
100 16 15
100 15 14
100 14 13
100 24 23
100 23 22
100 22 21
100 21 17
100 21 20
100 20 18
100 20 19
100 27 26
100 26 25
101 30 0
101 30 29
101 29 17
101 17 1
101 17 16
101 16 3
101 3 2
101 16 15
101 15 14
101 14 13
101 13 11
101 11 9
101 9 5
101 5 4
101 9 8
101 8 6
101 8 7
101 11 10
101 13 12
101 29 28
101 28 26
101 26 18
101 26 25
101 25 23
101 23 19
101 23 22
101 22 21
101 21 20
101 25 24
101 28 27
