1 32 30
1 30 20
1 20 15
1 15 2
1 2 1
1 1 0
1 15 14
1 14 10
1 10 9
1 9 3
1 9 8
1 8 7
1 7 4
1 7 6
1 6 5
1 14 13
1 13 11
1 13 12
1 20 19
1 19 18
1 18 17
1 17 16
1 30 29
1 29 25
1 25 24
1 24 21
1 24 23
1 23 22
1 29 28
1 28 27
1 27 26
1 32 31
2 31 30
2 30 29
2 29 10
2 10 9
2 9 8
2 8 3
2 3 2
2 2 0
2 2 1
2 8 7
2 7 5
2 5 4
2 7 6
2 29 28
2 28 15
2 15 11
2 15 14
2 14 13
2 13 12
2 28 27
2 27 25
2 25 24
2 24 16
2 24 23
2 23 20
2 20 18
2 18 17
2 20 19
2 23 22
2 22 21
2 27 26
3 32 31
3 31 29
3 29 28
3 28 27
3 27 9
3 9 7
3 7 6
3 6 5
3 5 4
3 4 3
3 3 1
3 1 0
3 3 2
3 9 8
3 27 26
3 26 11
3 11 10
3 26 25
3 25 23
3 23 22
3 22 21
3 21 12
3 21 20
3 20 19
3 19 17
3 17 14
3 14 13
3 17 16
3 16 15
3 19 18
3 25 24
3 31 30
4 30 29
4 29 7
4 7 1
4 1 0
4 7 6
4 6 5
4 5 2
4 5 4
4 4 3
4 29 28
4 28 27
4 27 14
4 14 12
4 12 9
4 9 8
4 12 11
4 11 10
4 14 13
4 27 26
4 26 21
4 21 15
4 21 20
4 20 18
4 18 16
4 18 17
4 20 19
4 26 25
4 25 22
4 25 24
4 24 23
5 33 28
5 28 26
5 26 25
5 25 11
5 11 3
5 3 1
5 1 0
5 3 2
5 11 10
5 10 5
5 5 4
5 10 9
5 9 8
5 8 6
5 8 7
5 25 24
5 24 22
5 22 20
5 20 12
5 20 19
5 19 18
5 18 17
5 17 13
5 17 16
5 16 15
5 15 14
5 22 21
5 24 23
5 28 27
5 33 32
5 32 29
5 32 31
5 31 30
6 33 0
6 33 32
6 32 31
6 31 1
6 31 30
6 30 29
6 29 27
6 27 26
6 26 24
6 24 23
6 23 7
6 7 6
6 6 5
6 5 4
6 4 2
6 4 3
6 23 22
6 22 21
6 21 17
6 17 8
6 17 16
6 16 14
6 14 10
6 10 9
6 14 13
6 13 12
6 12 11
6 16 15
6 21 20
6 20 18
6 20 19
6 26 25
6 29 28
7 34 0
7 34 33
7 33 6
7 6 4
7 4 3
7 3 1
7 3 2
7 6 5
7 33 32
7 32 24
7 24 22
7 22 20
7 20 19
7 19 8
7 8 7
7 19 18
7 18 16
7 16 9
7 16 15
7 15 13
7 13 12
7 12 10
7 12 11
7 15 14
7 18 17
7 22 21
7 24 23
7 32 31
7 31 30
7 30 29
7 29 28
7 28 25
7 28 27
7 27 26
8 32 31
8 31 30
8 30 29
8 29 16
8 16 0
8 16 15
8 15 12
8 12 11
8 11 8
8 8 6
8 6 5
8 5 2
8 2 1
8 5 4
8 4 3
8 8 7
8 11 10
8 10 9
8 15 14
8 14 13
8 29 28
8 28 27
8 27 22
8 22 21
8 21 20
8 20 19
8 19 18
8 18 17
8 27 26
8 26 24
8 24 23
8 26 25
9 33 29
9 29 28
9 28 27
9 27 24
9 24 23
9 23 21
9 21 2
9 2 1
9 1 0
9 21 20
9 20 18
9 18 17
9 17 15
9 15 3
9 15 14
9 14 11
9 11 10
9 10 5
9 5 4
9 10 9
9 9 7
9 7 6
9 9 8
9 14 13
9 13 12
9 17 16
9 20 19
9 23 22
9 27 26
9 26 25
9 33 32
9 32 30
9 32 31
10 33 29
10 29 28
10 28 26
10 26 25
10 25 17
10 17 16
10 16 15
10 15 3
10 3 1
10 1 0
10 3 2
10 15 14
10 14 4
10 14 13
10 13 10
10 10 9
10 9 6
10 6 5
10 9 8
10 8 7
10 13 12
10 12 11
10 25 24
10 24 19
10 19 18
10 24 23
10 23 22
10 22 20
10 22 21
10 28 27
10 33 32
10 32 31
10 31 30
11 30 29
11 29 0
11 29 28
11 28 3
11 3 1
11 3 2
11 28 27
11 27 26
11 26 25
11 25 24
11 24 22
11 22 20
11 20 19
11 19 13
11 13 11
11 11 4
11 11 10
11 10 5
11 10 9
11 9 8
11 8 7
11 7 6
11 13 12
11 19 18
11 18 14
11 18 17
11 17 15
11 17 16
11 22 21
11 24 23
12 31 30
12 30 29
12 29 28
12 28 18
12 18 17
12 17 0
12 17 16
12 16 8
12 8 7
12 7 6
12 6 4
12 4 3
12 3 2
12 2 1
12 6 5
12 16 15
12 15 10
12 10 9
12 15 14
12 14 13
12 13 12
12 12 11
12 28 27
12 27 26
12 26 19
12 26 25
12 25 23
12 23 21
12 21 20
12 23 22
12 25 24
13 33 0
13 33 32
13 32 31
13 31 29
13 29 28
13 28 21
13 21 19
13 19 1
13 19 18
13 18 3
13 3 2
13 18 17
13 17 15
13 15 14
13 14 4
13 14 13
13 13 12
13 12 5
13 12 11
13 11 10
13 10 9
13 9 8
13 8 7
13 7 6
13 17 16
13 21 20
13 28 27
13 27 26
13 26 25
13 25 23
13 23 22
13 25 24
13 31 30
14 32 0
14 32 31
14 31 27
14 27 1
14 27 26
14 26 25
14 25 24
14 24 7
14 7 6
14 6 2
14 6 5
14 5 3
14 5 4
14 24 23
14 23 22
14 22 14
14 14 10
14 10 9
14 9 8
14 14 13
14 13 11
14 13 12
14 22 21
14 21 15
14 21 20
14 20 18
14 18 17
14 17 16
14 20 19
14 31 30
14 30 28
14 30 29
15 32 31
15 31 30
15 30 29
15 29 28
15 28 27
15 27 25
15 25 24
15 24 22
15 22 21
15 21 0
15 21 20
15 20 19
15 19 18
15 18 16
15 16 15
15 15 2
15 2 1
15 15 14
15 14 3
15 14 13
15 13 12
15 12 11
15 11 5
15 5 4
15 11 10
15 10 9
15 9 8
15 8 7
15 7 6
15 18 17
15 24 23
15 27 26
16 29 4
16 4 3
16 3 2
16 2 1
16 1 0
16 29 28
16 28 26
16 26 24
16 24 7
16 7 5
16 7 6
16 24 23
16 23 8
16 23 22
16 22 21
16 21 20
16 20 19
16 19 18
16 18 17
16 17 9
16 17 16
16 16 11
16 11 10
16 16 15
16 15 14
16 14 13
16 13 12
16 26 25
16 28 27
17 32 31
17 31 6
17 6 5
17 5 4
17 4 3
17 3 2
17 2 1
17 1 0
17 31 30
17 30 29
17 29 27
17 27 10
17 10 8
17 8 7
17 10 9
17 27 26
17 26 25
17 25 21
17 21 20
17 20 11
17 20 19
17 19 13
17 13 12
17 19 18
17 18 16
17 16 14
17 16 15
17 18 17
17 25 24
17 24 22
17 24 23
17 29 28
18 31 30
18 30 29
18 29 28
18 28 26
18 26 1
18 1 0
18 26 25
18 25 23
18 23 9
18 9 2
18 9 8
18 8 7
18 7 6
18 6 5
18 5 4
18 4 3
18 23 22
18 22 11
18 11 10
18 22 21
18 21 20
18 20 19
18 19 18
18 18 16
18 16 15
18 15 14
18 14 13
18 13 12
18 18 17
18 25 24
18 28 27
19 32 31
19 31 24
19 24 23
19 23 21
19 21 0
19 21 20
19 20 1
19 20 19
19 19 18
19 18 12
19 12 8
19 8 4
19 4 3
19 3 2
19 8 7
19 7 5
19 7 6
19 12 11
19 11 10
19 10 9
19 18 17
19 17 15
19 15 14
19 14 13
19 17 16
19 23 22
19 31 30
19 30 29
19 29 27
19 27 26
19 26 25
19 29 28
20 34 33
20 33 0
20 33 32
20 32 31
20 31 1
20 31 30
20 30 2
20 30 29
20 29 27
20 27 4
20 4 3
20 27 26
20 26 23
20 23 21
20 21 8
20 8 5
20 8 7
20 7 6
20 21 20
20 20 9
20 20 19
20 19 18
20 18 12
20 12 10
20 12 11
20 18 17
20 17 14
20 14 13
20 17 16
20 16 15
20 23 22
20 26 25
20 25 24
20 29 28
21 29 11
21 11 1
21 1 0
21 11 10
21 10 6
21 6 4
21 4 3
21 3 2
21 6 5
21 10 9
21 9 7
21 9 8
21 29 28
21 28 12
21 28 27
21 27 14
21 14 13
21 27 26
21 26 25
21 25 22
21 22 21
21 21 15
21 21 20
21 20 19
21 19 17
21 17 16
21 19 18
21 25 24
21 24 23
22 32 27
22 27 7
22 7 0
22 7 6
22 6 5
22 5 1
22 5 4
22 4 2
22 4 3
22 27 26
22 26 8
22 26 25
22 25 24
22 24 23
22 23 19
22 19 18
22 18 15
22 15 14
22 14 13
22 13 12
22 12 11
22 11 10
22 10 9
22 18 17
22 17 16
22 23 22
22 22 20
22 22 21
22 32 31
22 31 29
22 29 28
22 31 30
23 29 28
23 28 11
23 11 0
23 11 10
23 10 8
23 8 7
23 7 2
23 2 1
23 7 6
23 6 3
23 6 5
23 5 4
23 10 9
23 28 27
23 27 13
23 13 12
23 27 26
23 26 25
23 25 16
23 16 15
23 15 14
23 25 24
23 24 23
23 23 22
23 22 21
23 21 19
23 19 18
23 18 17
23 21 20
24 29 0
24 29 28
24 28 3
24 3 2
24 2 1
24 28 27
24 27 26
24 26 23
24 23 18
24 18 17
24 17 4
24 17 16
24 16 15
24 15 13
24 13 8
24 8 7
24 7 6
24 6 5
24 13 12
24 12 11
24 11 9
24 11 10
24 15 14
24 23 22
24 22 19
24 22 21
24 21 20
24 26 25
24 25 24
25 32 0
25 32 31
25 31 2
25 2 1
25 31 30
25 30 3
25 30 29
25 29 25
25 25 24
25 24 4
25 24 23
25 23 21
25 21 19
25 19 15
25 15 13
25 13 10
25 10 6
25 6 5
25 10 9
25 9 8
25 8 7
25 13 12
25 12 11
25 15 14
25 19 18
25 18 16
25 18 17
25 21 20
25 23 22
25 29 28
25 28 27
25 27 26
26 30 27
26 27 26
26 26 23
26 23 0
26 23 22
26 22 14
26 14 6
26 6 5
26 5 4
26 4 2
26 2 1
26 4 3
26 14 13
26 13 11
26 11 10
26 10 7
26 10 9
26 9 8
26 13 12
26 22 21
26 21 20
26 20 19
26 19 18
26 18 17
26 17 15
26 17 16
26 26 25
26 25 24
26 30 29
26 29 28
27 30 29
27 29 0
27 29 28
27 28 26
27 26 19
27 19 9
27 9 7
27 7 5
27 5 4
27 4 3
27 3 1
27 3 2
27 7 6
27 9 8
27 19 18
27 18 14
27 14 13
27 13 10
27 13 12
27 12 11
27 18 17
27 17 15
27 17 16
27 26 25
27 25 20
27 25 24
27 24 23
27 23 21
27 23 22
27 28 27
28 29 17
28 17 15
28 15 12
28 12 10
28 10 0
28 10 9
28 9 8
28 8 7
28 7 6
28 6 5
28 5 4
28 4 2
28 2 1
28 4 3
28 12 11
28 15 14
28 14 13
28 17 16
28 29 28
28 28 27
28 27 18
28 27 26
28 26 24
28 24 19
28 24 23
28 23 22
28 22 20
28 22 21
28 26 25
29 33 4
29 4 1
29 1 0
29 4 3
29 3 2
29 33 32
29 32 17
29 17 6
29 6 5
29 17 16
29 16 15
29 15 14
29 14 13
29 13 9
29 9 7
29 9 8
29 13 12
29 12 11
29 11 10
29 32 31
29 31 29
29 29 27
29 27 26
29 26 23
29 23 22
29 22 18
29 22 21
29 21 20
29 20 19
29 26 25
29 25 24
29 29 28
29 31 30
30 31 2
30 2 1
30 1 0
30 31 30
30 30 29
30 29 28
30 28 24
30 24 18
30 18 3
30 18 17
30 17 8
30 8 6
30 6 5
30 5 4
30 8 7
30 17 16
30 16 15
30 15 9
30 15 14
30 14 12
30 12 10
30 12 11
30 14 13
30 24 23
30 23 20
30 20 19
30 23 22
30 22 21
30 28 27
30 27 26
30 26 25
31 33 32
31 32 31
31 31 30
31 30 0
31 30 29
31 29 1
31 29 28
31 28 4
31 4 3
31 3 2
31 28 27
31 27 5
31 27 26
31 26 25
31 25 6
31 25 24
31 24 23
31 23 7
31 23 22
31 22 16
31 16 8
31 16 15
31 15 9
31 15 14
31 14 10
31 14 13
31 13 12
31 12 11
31 22 21
31 21 20
31 20 18
31 18 17
31 20 19
32 30 29
32 29 28
32 28 15
32 15 3
32 3 0
32 3 2
32 2 1
32 15 14
32 14 8
32 8 7
32 7 5
32 5 4
32 7 6
32 14 13
32 13 12
32 12 9
32 12 11
32 11 10
32 28 27
32 27 26
32 26 16
32 26 25
32 25 23
32 23 18
32 18 17
32 23 22
32 22 21
32 21 19
32 21 20
32 25 24
33 33 32
33 32 28
33 28 27
33 27 26
33 26 0
33 26 25
33 25 1
33 25 24
33 24 23
33 23 18
33 18 2
33 18 17
33 17 16
33 16 11
33 11 6
33 6 3
33 6 5
33 5 4
33 11 10
33 10 7
33 10 9
33 9 8
33 16 15
33 15 12
33 15 14
33 14 13
33 23 22
33 22 19
33 22 21
33 21 20
33 32 31
33 31 30
33 30 29
34 30 29
34 29 17
34 17 10
34 10 9
34 9 0
34 9 8
34 8 6
34 6 5
34 5 4
34 4 3
34 3 2
34 2 1
34 8 7
34 17 16
34 16 15
34 15 11
34 15 14
34 14 12
34 14 13
34 29 28
34 28 18
34 28 27
34 27 21
34 21 20
34 20 19
34 27 26
34 26 25
34 25 22
34 25 24
34 24 23
35 32 31
35 31 24
35 24 23
35 23 1
35 1 0
35 23 22
35 22 21
35 21 17
35 17 16
35 16 2
35 16 15
35 15 14
35 14 11
35 11 10
35 10 6
35 6 5
35 5 3
35 5 4
35 10 9
35 9 7
35 9 8
35 14 13
35 13 12
35 21 20
35 20 18
35 20 19
35 31 30
35 30 25
35 30 29
35 29 28
35 28 27
35 27 26
36 34 33
36 33 32
36 32 3
36 3 2
36 2 1
36 1 0
36 32 31
36 31 30
36 30 29
36 29 28
36 28 27
36 27 9
36 9 8
36 8 7
36 7 6
36 6 4
36 6 5
36 27 26
36 26 21
36 21 20
36 20 19
36 19 18
36 18 14
36 14 13
36 13 12
36 12 11
36 11 10
36 18 17
36 17 15
36 17 16
36 26 25
36 25 24
36 24 23
36 23 22
37 34 33
37 33 32
37 32 6
37 6 0
37 6 5
37 5 1
37 5 4
37 4 2
37 4 3
37 32 31
37 31 18
37 18 17
37 17 9
37 9 8
37 8 7
37 17 16
37 16 15
37 15 13
37 13 12
37 12 11
37 11 10
37 15 14
37 31 30
37 30 29
37 29 28
37 28 21
37 21 20
37 20 19
37 28 27
37 27 25
37 25 22
37 25 24
37 24 23
37 27 26
38 34 33
38 33 31
38 31 30
38 30 29
38 29 0
38 29 28
38 28 4
38 4 2
38 2 1
38 4 3
38 28 27
38 27 25
38 25 5
38 25 24
38 24 23
38 23 21
38 21 10
38 10 9
38 9 7
38 7 6
38 9 8
38 21 20
38 20 19
38 19 17
38 17 16
38 16 15
38 15 14
38 14 13
38 13 11
38 13 12
38 19 18
38 23 22
38 27 26
38 33 32
39 30 21
39 21 20
39 20 11
39 11 0
39 11 10
39 10 7
39 7 3
39 3 1
39 3 2
39 7 6
39 6 4
39 6 5
39 10 9
39 9 8
39 20 19
39 19 18
39 18 16
39 16 15
39 15 13
39 13 12
39 15 14
39 18 17
39 30 29
39 29 22
39 29 28
39 28 26
39 26 23
39 26 25
39 25 24
39 28 27
40 31 30
40 30 23
40 23 22
40 22 8
40 8 3
40 3 2
40 2 0
40 2 1
40 8 7
40 7 6
40 6 5
40 5 4
40 22 21
40 21 20
40 20 18
40 18 17
40 17 16
40 16 9
40 16 15
40 15 13
40 13 12
40 12 11
40 11 10
40 15 14
40 20 19
40 30 29
40 29 25
40 25 24
40 29 28
40 28 27
40 27 26
41 34 31
41 31 0
41 31 30
41 30 26
41 26 25
41 25 24
41 24 22
41 22 1
41 22 21
41 21 16
41 16 15
41 15 4
41 4 3
41 3 2
41 15 14
41 14 13
41 13 8
41 8 7
41 7 6
41 6 5
41 13 12
41 12 11
41 11 9
41 11 10
41 21 20
41 20 18
41 18 17
41 20 19
41 24 23
41 30 29
41 29 28
41 28 27
41 34 33
41 33 32
42 29 28
42 28 27
42 27 0
42 27 26
42 26 25
42 25 24
42 24 19
42 19 15
42 15 14
42 14 13
42 13 12
42 12 2
42 2 1
42 12 11
42 11 10
42 10 9
42 9 8
42 8 7
42 7 6
42 6 5
42 5 3
42 5 4
42 19 18
42 18 16
42 18 17
42 24 23
42 23 21
42 21 20
42 23 22
43 30 29
43 29 28
43 28 27
43 27 0
43 27 26
43 26 6
43 6 1
43 6 5
43 5 4
43 4 2
43 4 3
43 26 25
43 25 24
43 24 7
43 24 23
43 23 17
43 17 15
43 15 14
43 14 13
43 13 9
43 9 8
43 13 12
43 12 10
43 12 11
43 17 16
43 23 22
43 22 21
43 21 19
43 19 18
43 21 20
44 29 28
44 28 27
44 27 26
44 26 7
44 7 6
44 6 5
44 5 0
44 5 4
44 4 3
44 3 2
44 2 1
44 26 25
44 25 24
44 24 14
44 14 11
44 11 10
44 10 8
44 10 9
44 14 13
44 13 12
44 24 23
44 23 20
44 20 19
44 19 18
44 18 16
44 16 15
44 18 17
44 23 22
44 22 21
45 34 0
45 34 33
45 33 21
45 21 20
45 20 17
45 17 1
45 17 16
45 16 15
45 15 14
45 14 13
45 13 9
45 9 2
45 9 8
45 8 7
45 7 4
45 4 3
45 7 6
45 6 5
45 13 12
45 12 10
45 12 11
45 20 19
45 19 18
45 33 32
45 32 27
45 27 26
45 26 25
45 25 24
45 24 22
45 24 23
45 32 31
45 31 30
45 30 29
45 29 28
46 30 29
46 29 27
46 27 0
46 27 26
46 26 25
46 25 24
46 24 22
46 22 21
46 21 14
46 14 10
46 10 9
46 9 1
46 9 8
46 8 3
46 3 2
46 8 7
46 7 6
46 6 4
46 6 5
46 14 13
46 13 11
46 13 12
46 21 20
46 20 18
46 18 16
46 16 15
46 18 17
46 20 19
46 24 23
46 29 28
47 33 7
47 7 4
47 4 3
47 3 0
47 3 2
47 2 1
47 7 6
47 6 5
47 33 32
47 32 27
47 27 15
47 15 14
47 14 13
47 13 12
47 12 10
47 10 8
47 10 9
47 12 11
47 27 26
47 26 17
47 17 16
47 26 25
47 25 24
47 24 23
47 23 22
47 22 21
47 21 19
47 19 18
47 21 20
47 32 31
47 31 30
47 30 29
47 29 28
48 29 26
48 26 13
48 13 4
48 4 2
48 2 1
48 1 0
48 4 3
48 13 12
48 12 11
48 11 8
48 8 7
48 7 5
48 7 6
48 11 10
48 10 9
48 26 25
48 25 19
48 19 17
48 17 16
48 16 15
48 15 14
48 19 18
48 25 24
48 24 23
48 23 22
48 22 21
48 21 20
48 29 28
48 28 27
49 29 3
49 3 0
49 3 2
49 2 1
49 29 28
49 28 27
49 27 26
49 26 25
49 25 4
49 25 24
49 24 23
49 23 5
49 23 22
49 22 15
49 15 14
49 14 8
49 8 7
49 7 6
49 14 13
49 13 12
49 12 10
49 10 9
49 12 11
49 22 21
49 21 20
49 20 19
49 19 17
49 17 16
49 19 18
50 29 28
50 28 26
50 26 25
50 25 4
50 4 2
50 2 0
50 2 1
50 4 3
50 25 24
50 24 14
50 14 13
50 13 11
50 11 10
50 10 9
50 9 5
50 9 8
50 8 6
50 8 7
50 13 12
50 24 23
50 23 21
50 21 19
50 19 17
50 17 16
50 16 15
50 19 18
50 21 20
50 23 22
50 28 27
51 33 31
51 31 22
51 22 12
51 12 0
51 12 11
51 11 8
51 8 1
51 8 7
51 7 5
51 5 4
51 4 3
51 3 2
51 7 6
51 11 10
51 10 9
51 22 21
51 21 19
51 19 15
51 15 14
51 14 13
51 19 18
51 18 17
51 17 16
51 21 20
51 31 30
51 30 29
51 29 28
51 28 27
51 27 24
51 24 23
51 27 26
51 26 25
51 33 32
52 29 26
52 26 0
52 26 25
52 25 2
52 2 1
52 25 24
52 24 23
52 23 17
52 17 6
52 6 4
52 4 3
52 6 5
52 17 16
52 16 9
52 9 7
52 9 8
52 16 15
52 15 11
52 11 10
52 15 14
52 14 12
52 14 13
52 23 22
52 22 21
52 21 19
52 19 18
52 21 20
52 29 28
52 28 27
53 33 32
53 32 31
53 31 0
53 31 30
53 30 17
53 17 6
53 6 5
53 5 4
53 4 1
53 4 3
53 3 2
53 17 16
53 16 7
53 16 15
53 15 14
53 14 8
53 14 13
53 13 12
53 12 10
53 10 9
53 12 11
53 30 29
53 29 28
53 28 22
53 22 21
53 21 18
53 21 20
53 20 19
53 28 27
53 27 24
53 24 23
53 27 26
53 26 25
54 32 24
54 24 19
54 19 0
54 19 18
54 18 15
54 15 3
54 3 1
54 3 2
54 15 14
54 14 4
54 14 13
54 13 9
54 9 6
54 6 5
54 9 8
54 8 7
54 13 12
54 12 10
54 12 11
54 18 17
54 17 16
54 24 23
54 23 22
54 22 21
54 21 20
54 32 31
54 31 25
54 31 30
54 30 26
54 30 29
54 29 28
54 28 27
55 30 29
55 29 27
55 27 26
55 26 11
55 11 10
55 10 8
55 8 3
55 3 1
55 1 0
55 3 2
55 8 7
55 7 5
55 5 4
55 7 6
55 10 9
55 26 25
55 25 24
55 24 13
55 13 12
55 24 23
55 23 20
55 20 18
55 18 14
55 18 17
55 17 15
55 17 16
55 20 19
55 23 22
55 22 21
55 29 28
56 30 12
56 12 2
56 2 1
56 1 0
56 12 11
56 11 10
56 10 9
56 9 8
56 8 7
56 7 6
56 6 3
56 6 5
56 5 4
56 30 29
56 29 13
56 29 28
56 28 27
56 27 16
56 16 14
56 16 15
56 27 26
56 26 25
56 25 20
56 20 18
56 18 17
56 20 19
56 25 24
56 24 21
56 24 23
56 23 22
57 33 3
57 3 1
57 1 0
57 3 2
57 33 32
57 32 8
57 8 5
57 5 4
57 8 7
57 7 6
57 32 31
57 31 9
57 31 30
57 30 10
57 30 29
57 29 25
57 25 21
57 21 12
57 12 11
57 21 20
57 20 18
57 18 14
57 14 13
57 18 17
57 17 16
57 16 15
57 20 19
57 25 24
57 24 22
57 24 23
57 29 28
57 28 27
57 27 26
58 29 24
58 24 23
58 23 18
58 18 3
58 3 1
58 1 0
58 3 2
58 18 17
58 17 4
58 17 16
58 16 15
58 15 14
58 14 13
58 13 12
58 12 11
58 11 10
58 10 7
58 7 6
58 6 5
58 10 9
58 9 8
58 23 22
58 22 19
58 22 21
58 21 20
58 29 28
58 28 27
58 27 25
58 27 26
59 34 21
59 21 20
59 20 19
59 19 18
59 18 0
59 18 17
59 17 14
59 14 13
59 13 12
59 12 2
59 2 1
59 12 11
59 11 9
59 9 8
59 8 7
59 7 3
59 7 6
59 6 5
59 5 4
59 11 10
59 17 16
59 16 15
59 34 33
59 33 23
59 23 22
59 33 32
59 32 31
59 31 29
59 29 28
59 28 27
59 27 26
59 26 25
59 25 24
59 31 30
60 31 30
60 30 0
60 30 29
60 29 26
60 26 24
60 24 23
60 23 22
60 22 1
60 22 21
60 21 20
60 20 9
60 9 8
60 8 5
60 5 4
60 4 2
60 4 3
60 8 7
60 7 6
60 20 19
60 19 18
60 18 10
60 18 17
60 17 16
60 16 15
60 15 11
60 15 14
60 14 13
60 13 12
60 26 25
60 29 28
60 28 27
61 34 1
61 1 0
61 34 33
61 33 29
61 29 28
61 28 27
61 27 26
61 26 25
61 25 21
61 21 20
61 20 18
61 18 2
61 18 17
61 17 16
61 16 3
61 16 15
61 15 14
61 14 10
61 10 6
61 6 4
61 6 5
61 10 9
61 9 7
61 9 8
61 14 13
61 13 11
61 13 12
61 20 19
61 25 24
61 24 23
61 23 22
61 33 32
61 32 30
61 32 31
62 29 28
62 28 27
62 27 26
62 26 0
62 26 25
62 25 23
62 23 22
62 22 20
62 20 5
62 5 4
62 4 3
62 3 2
62 2 1
62 20 19
62 19 18
62 18 7
62 7 6
62 18 17
62 17 14
62 14 12
62 12 9
62 9 8
62 12 11
62 11 10
62 14 13
62 17 16
62 16 15
62 22 21
62 25 24
63 34 20
63 20 18
63 18 10
63 10 2
63 2 0
63 2 1
63 10 9
63 9 8
63 8 7
63 7 5
63 5 4
63 4 3
63 7 6
63 18 17
63 17 15
63 15 13
63 13 11
63 13 12
63 15 14
63 17 16
63 20 19
63 34 33
63 33 24
63 24 23
63 23 22
63 22 21
63 33 32
63 32 31
63 31 25
63 31 30
63 30 29
63 29 27
63 27 26
63 29 28
64 29 0
64 29 28
64 28 27
64 27 25
64 25 23
64 23 6
64 6 4
64 4 3
64 3 1
64 3 2
64 6 5
64 23 22
64 22 20
64 20 19
64 19 16
64 16 15
64 15 7
64 15 14
64 14 8
64 14 13
64 13 12
64 12 11
64 11 10
64 10 9
64 19 18
64 18 17
64 22 21
64 25 24
64 27 26
65 34 32
65 32 6
65 6 5
65 5 4
65 4 0
65 4 3
65 3 2
65 2 1
65 32 31
65 31 30
65 30 29
65 29 28
65 28 27
65 27 26
65 26 25
65 25 24
65 24 20
65 20 11
65 11 9
65 9 8
65 8 7
65 11 10
65 20 19
65 19 17
65 17 14
65 14 12
65 14 13
65 17 16
65 16 15
65 19 18
65 24 23
65 23 21
65 23 22
65 34 33
66 30 25
66 25 2
66 2 0
66 2 1
66 25 24
66 24 23
66 23 18
66 18 14
66 14 8
66 8 4
66 4 3
66 8 7
66 7 6
66 6 5
66 14 13
66 13 11
66 11 9
66 11 10
66 13 12
66 18 17
66 17 16
66 16 15
66 23 22
66 22 21
66 21 20
66 20 19
66 30 29
66 29 28
66 28 27
66 27 26
67 33 1
67 1 0
67 33 32
67 32 9
67 9 8
67 8 2
67 8 7
67 7 5
67 5 4
67 4 3
67 7 6
67 32 31
67 31 30
67 30 28
67 28 26
67 26 16
67 16 15
67 15 14
67 14 10
67 14 13
67 13 12
67 12 11
67 26 25
67 25 23
67 23 17
67 23 22
67 22 20
67 20 18
67 20 19
67 22 21
67 25 24
67 28 27
67 30 29
68 34 21
68 21 20
68 20 13
68 13 12
68 12 11
68 11 0
68 11 10
68 10 9
68 9 7
68 7 5
68 5 4
68 4 1
68 4 3
68 3 2
68 7 6
68 9 8
68 20 19
68 19 18
68 18 17
68 17 16
68 16 14
68 16 15
68 34 33
68 33 32
68 32 30
68 30 27
68 27 26
68 26 23
68 23 22
68 26 25
68 25 24
68 30 29
68 29 28
68 32 31
69 31 28
69 28 8
69 8 7
69 7 6
69 6 0
69 6 5
69 5 1
69 5 4
69 4 3
69 3 2
69 28 27
69 27 13
69 13 11
69 11 9
69 11 10
69 13 12
69 27 26
69 26 14
69 26 25
69 25 24
69 24 18
69 18 16
69 16 15
69 18 17
69 24 23
69 23 21
69 21 19
69 21 20
69 23 22
69 31 30
69 30 29
70 34 5
70 5 4
70 4 3
70 3 2
70 2 1
70 1 0
70 34 33
70 33 32
70 32 31
70 31 24
70 24 9
70 9 6
70 9 8
70 8 7
70 24 23
70 23 10
70 23 22
70 22 12
70 12 11
70 22 21
70 21 13
70 21 20
70 20 16
70 16 15
70 15 14
70 20 19
70 19 17
70 19 18
70 31 30
70 30 28
70 28 25
70 28 27
70 27 26
70 30 29
71 29 26
71 26 24
71 24 23
71 23 2
71 2 1
71 1 0
71 23 22
71 22 20
71 20 5
71 5 3
71 5 4
71 20 19
71 19 18
71 18 17
71 17 13
71 13 11
71 11 6
71 11 10
71 10 8
71 8 7
71 10 9
71 13 12
71 17 16
71 16 14
71 16 15
71 22 21
71 26 25
71 29 28
71 28 27
72 31 29
72 29 7
72 7 5
72 5 2
72 2 0
72 2 1
72 5 4
72 4 3
72 7 6
72 29 28
72 28 27
72 27 26
72 26 25
72 25 8
72 25 24
72 24 9
72 24 23
72 23 10
72 23 22
72 22 21
72 21 20
72 20 12
72 12 11
72 20 19
72 19 15
72 15 14
72 14 13
72 19 18
72 18 16
72 18 17
72 31 30
73 33 32
73 32 3
73 3 2
73 2 1
73 1 0
73 32 31
73 31 7
73 7 6
73 6 5
73 5 4
73 31 30
73 30 27
73 27 26
73 26 25
73 25 15
73 15 10
73 10 9
73 9 8
73 15 14
73 14 12
73 12 11
73 14 13
73 25 24
73 24 16
73 24 23
73 23 21
73 21 20
73 20 18
73 18 17
73 20 19
73 23 22
73 30 29
73 29 28
74 32 0
74 32 31
74 31 29
74 29 27
74 27 25
74 25 3
74 3 1
74 3 2
74 25 24
74 24 6
74 6 4
74 6 5
74 24 23
74 23 7
74 23 22
74 22 10
74 10 8
74 10 9
74 22 21
74 21 20
74 20 18
74 18 17
74 17 14
74 14 13
74 13 11
74 13 12
74 17 16
74 16 15
74 20 19
74 27 26
74 29 28
74 31 30
75 34 33
75 33 32
75 32 30
75 30 22
75 22 21
75 21 20
75 20 9
75 9 8
75 8 5
75 5 4
75 4 3
75 3 0
75 3 2
75 2 1
75 8 7
75 7 6
75 20 19
75 19 18
75 18 17
75 17 16
75 16 10
75 16 15
75 15 13
75 13 11
75 13 12
75 15 14
75 30 29
75 29 23
75 29 28
75 28 25
75 25 24
75 28 27
75 27 26
75 32 31
76 29 1
76 1 0
76 29 28
76 28 6
76 6 5
76 5 4
76 4 3
76 3 2
76 28 27
76 27 11
76 11 10
76 10 8
76 8 7
76 10 9
76 27 26
76 26 25
76 25 18
76 18 15
76 15 14
76 14 13
76 13 12
76 18 17
76 17 16
76 25 24
76 24 23
76 23 22
76 22 20
76 20 19
76 22 21
77 34 1
77 1 0
77 34 33
77 33 32
77 32 30
77 30 29
77 29 22
77 22 21
77 21 16
77 16 2
77 16 15
77 15 4
77 4 3
77 15 14
77 14 13
77 13 11
77 11 7
77 7 5
77 7 6
77 11 10
77 10 8
77 10 9
77 13 12
77 21 20
77 20 19
77 19 18
77 18 17
77 29 28
77 28 27
77 27 25
77 25 23
77 25 24
77 27 26
77 32 31
78 31 30
78 30 3
78 3 2
78 2 0
78 2 1
78 30 29
78 29 28
78 28 21
78 21 6
78 6 5
78 5 4
78 21 20
78 20 19
78 19 13
78 13 10
78 10 9
78 9 8
78 8 7
78 13 12
78 12 11
78 19 18
78 18 16
78 16 15
78 15 14
78 18 17
78 28 27
78 27 25
78 25 24
78 24 23
78 23 22
78 27 26
79 32 31
79 31 0
79 31 30
79 30 29
79 29 28
79 28 27
79 27 21
79 21 20
79 20 13
79 13 12
79 12 1
79 12 11
79 11 10
79 10 5
79 5 2
79 5 4
79 4 3
79 10 9
79 9 8
79 8 6
79 8 7
79 20 19
79 19 17
79 17 16
79 16 14
79 16 15
79 19 18
79 27 26
79 26 24
79 24 23
79 23 22
79 26 25
80 30 28
80 28 0
80 28 27
80 27 24
80 24 17
80 17 16
80 16 15
80 15 2
80 2 1
80 15 14
80 14 7
80 7 5
80 5 4
80 4 3
80 7 6
80 14 13
80 13 12
80 12 10
80 10 9
80 9 8
80 12 11
80 24 23
80 23 22
80 22 19
80 19 18
80 22 21
80 21 20
80 27 26
80 26 25
80 30 29
81 31 26
81 26 1
81 1 0
81 26 25
81 25 24
81 24 9
81 9 8
81 8 2
81 8 7
81 7 6
81 6 3
81 6 5
81 5 4
81 24 23
81 23 22
81 22 10
81 22 21
81 21 20
81 20 13
81 13 12
81 12 11
81 20 19
81 19 14
81 19 18
81 18 17
81 17 16
81 16 15
81 31 30
81 30 27
81 30 29
81 29 28
82 32 31
82 31 30
82 30 24
82 24 23
82 23 1
82 1 0
82 23 22
82 22 20
82 20 19
82 19 7
82 7 6
82 6 3
82 3 2
82 6 5
82 5 4
82 19 18
82 18 14
82 14 12
82 12 9
82 9 8
82 12 11
82 11 10
82 14 13
82 18 17
82 17 15
82 17 16
82 22 21
82 30 29
82 29 25
82 29 28
82 28 27
82 27 26
83 33 29
83 29 27
83 27 19
83 19 0
83 19 18
83 18 17
83 17 1
83 17 16
83 16 6
83 6 2
83 6 5
83 5 4
83 4 3
83 16 15
83 15 12
83 12 11
83 11 10
83 10 9
83 9 7
83 9 8
83 15 14
83 14 13
83 27 26
83 26 25
83 25 20
83 25 24
83 24 22
83 22 21
83 24 23
83 29 28
83 33 32
83 32 30
83 32 31
84 31 11
84 11 10
84 10 9
84 9 8
84 8 5
84 5 4
84 4 3
84 3 2
84 2 0
84 2 1
84 8 7
84 7 6
84 31 30
84 30 12
84 30 29
84 29 13
84 29 28
84 28 14
84 28 27
84 27 15
84 27 26
84 26 24
84 24 23
84 23 18
84 18 17
84 17 16
84 23 22
84 22 21
84 21 20
84 20 19
84 26 25
85 30 29
85 29 2
85 2 0
85 2 1
85 29 28
85 28 3
85 28 27
85 27 25
85 25 4
85 25 24
85 24 22
85 22 21
85 21 20
85 20 19
85 19 5
85 19 18
85 18 6
85 18 17
85 17 9
85 9 7
85 9 8
85 17 16
85 16 10
85 16 15
85 15 11
85 15 14
85 14 13
85 13 12
85 24 23
85 27 26
86 34 33
86 33 30
86 30 10
86 10 5
86 5 2
86 2 1
86 1 0
86 5 4
86 4 3
86 10 9
86 9 6
86 9 8
86 8 7
86 30 29
86 29 27
86 27 26
86 26 23
86 23 22
86 22 16
86 16 13
86 13 12
86 12 11
86 16 15
86 15 14
86 22 21
86 21 20
86 20 18
86 18 17
86 20 19
86 26 25
86 25 24
86 29 28
86 33 32
86 32 31
87 30 29
87 29 8
87 8 7
87 7 2
87 2 0
87 2 1
87 7 6
87 6 5
87 5 3
87 5 4
87 29 28
87 28 27
87 27 9
87 27 26
87 26 10
87 26 25
87 25 11
87 25 24
87 24 23
87 23 18
87 18 17
87 17 13
87 13 12
87 17 16
87 16 14
87 16 15
87 23 22
87 22 20
87 20 19
87 22 21
88 34 27
88 27 26
88 26 16
88 16 0
88 16 15
88 15 1
88 15 14
88 14 2
88 14 13
88 13 12
88 12 7
88 7 6
88 6 4
88 4 3
88 6 5
88 12 11
88 11 10
88 10 8
88 10 9
88 26 25
88 25 24
88 24 22
88 22 21
88 21 18
88 18 17
88 21 20
88 20 19
88 24 23
88 34 33
88 33 28
88 33 32
88 32 31
88 31 30
88 30 29
89 29 0
89 29 28
89 28 1
89 28 27
89 27 26
89 26 25
89 25 11
89 11 9
89 9 4
89 4 3
89 3 2
89 9 8
89 8 7
89 7 5
89 7 6
89 11 10
89 25 24
89 24 22
89 22 21
89 21 13
89 13 12
89 21 20
89 20 19
89 19 14
89 19 18
89 18 17
89 17 15
89 17 16
89 24 23
90 31 9
90 9 8
90 8 6
90 6 5
90 5 4
90 4 1
90 1 0
90 4 3
90 3 2
90 8 7
90 31 30
90 30 29
90 29 26
90 26 18
90 18 17
90 17 11
90 11 10
90 17 16
90 16 14
90 14 12
90 14 13
90 16 15
90 26 25
90 25 24
90 24 22
90 22 20
90 20 19
90 22 21
90 24 23
90 29 28
90 28 27
91 30 24
91 24 20
91 20 0
91 20 19
91 19 5
91 5 1
91 5 4
91 4 2
91 4 3
91 19 18
91 18 13
91 13 12
91 12 11
91 11 8
91 8 6
91 8 7
91 11 10
91 10 9
91 18 17
91 17 16
91 16 15
91 15 14
91 24 23
91 23 22
91 22 21
91 30 29
91 29 26
91 26 25
91 29 28
91 28 27
92 30 29
92 29 28
92 28 18
92 18 17
92 17 10
92 10 9
92 9 0
92 9 8
92 8 5
92 5 2
92 2 1
92 5 4
92 4 3
92 8 7
92 7 6
92 17 16
92 16 15
92 15 11
92 15 14
92 14 12
92 14 13
92 28 27
92 27 25
92 25 22
92 22 21
92 21 20
92 20 19
92 25 24
92 24 23
92 27 26
93 32 30
93 30 18
93 18 16
93 16 9
93 9 8
93 8 2
93 2 1
93 1 0
93 8 7
93 7 6
93 6 4
93 4 3
93 6 5
93 16 15
93 15 13
93 13 11
93 11 10
93 13 12
93 15 14
93 18 17
93 30 29
93 29 25
93 25 19
93 25 24
93 24 22
93 22 20
93 22 21
93 24 23
93 29 28
93 28 27
93 27 26
93 32 31
94 31 2
94 2 1
94 1 0
94 31 30
94 30 29
94 29 28
94 28 26
94 26 4
94 4 3
94 26 25
94 25 24
94 24 23
94 23 22
94 22 21
94 21 12
94 12 9
94 9 8
94 8 7
94 7 6
94 6 5
94 12 11
94 11 10
94 21 20
94 20 15
94 15 13
94 15 14
94 20 19
94 19 18
94 18 17
94 17 16
94 28 27
95 31 26
95 26 21
95 21 0
95 21 20
95 20 2
95 2 1
95 20 19
95 19 17
95 17 15
95 15 3
95 15 14
95 14 13
95 13 12
95 12 10
95 10 9
95 9 7
95 7 4
95 7 6
95 6 5
95 9 8
95 12 11
95 17 16
95 19 18
95 26 25
95 25 24
95 24 23
95 23 22
95 31 30
95 30 27
95 30 29
95 29 28
96 33 32
96 32 22
96 22 3
96 3 2
96 2 0
96 2 1
96 22 21
96 21 10
96 10 7
96 7 6
96 6 5
96 5 4
96 10 9
96 9 8
96 21 20
96 20 16
96 16 15
96 15 11
96 15 14
96 14 12
96 14 13
96 20 19
96 19 18
96 18 17
96 32 31
96 31 26
96 26 25
96 25 23
96 25 24
96 31 30
96 30 28
96 28 27
96 30 29
97 29 28
97 28 27
97 27 24
97 24 22
97 22 3
97 3 0
97 3 2
97 2 1
97 22 21
97 21 10
97 10 4
97 10 9
97 9 5
97 9 8
97 8 7
97 7 6
97 21 20
97 20 19
97 19 18
97 18 16
97 16 11
97 16 15
97 15 12
97 15 14
97 14 13
97 18 17
97 24 23
97 27 26
97 26 25
98 33 1
98 1 0
98 33 32
98 32 31
98 31 30
98 30 29
98 29 6
98 6 5
98 5 4
98 4 3
98 3 2
98 29 28
98 28 26
98 26 25
98 25 12
98 12 11
98 11 9
98 9 7
98 9 8
98 11 10
98 25 24
98 24 22
98 22 21
98 21 13
98 21 20
98 20 19
98 19 18
98 18 16
98 16 15
98 15 14
98 18 17
98 24 23
98 28 27
99 33 9
99 9 8
99 8 7
99 7 3
99 3 2
99 2 0
99 2 1
99 7 6
99 6 4
99 6 5
99 33 32
99 32 26
99 26 25
99 25 19
99 19 13
99 13 12
99 12 11
99 11 10
99 19 18
99 18 17
99 17 16
99 16 15
99 15 14
99 25 24
99 24 23
99 23 21
99 21 20
99 23 22
99 32 31
99 31 28
99 28 27
99 31 30
99 30 29
100 30 29
100 29 3
100 3 1
100 1 0
100 3 2
100 29 28
100 28 27
100 27 7
100 7 6
100 6 4
100 6 5
100 27 26
100 26 25
100 25 23
100 23 8
100 23 22
100 22 19
100 19 10
100 10 9
100 19 18
100 18 17
100 17 16
100 16 11
100 16 15
100 15 13
100 13 12
100 15 14
100 22 21
100 21 20
100 25 24
101 29 0
101 29 28
101 28 7
101 7 1
101 7 6
101 6 4
101 4 3
101 3 2
101 6 5
101 28 27
101 27 26
101 26 25
101 25 20
101 20 18
101 18 16
101 16 9
101 9 8
101 16 15
101 15 12
101 12 10
101 12 11
101 15 14
101 14 13
101 18 17
101 20 19
101 25 24
101 24 21
101 24 23
101 23 22
