1 32 27
1 27 1
1 1 0
1 27 26
1 26 25
1 25 23
1 23 22
1 22 21
1 21 20
1 20 19
1 19 17
1 17 16
1 16 12
1 12 11
1 11 9
1 9 8
1 8 4
1 4 2
1 4 3
1 8 7
1 7 5
1 7 6
1 11 10
1 16 15
1 15 14
1 14 13
1 19 18
1 25 24
1 32 31
1 31 30
1 30 28
1 30 29
2 29 2
2 2 0
2 2 1
2 29 28
2 28 27
2 27 26
2 26 3
2 26 25
2 25 21
2 21 20
2 20 15
2 15 7
2 7 6
2 6 5
2 5 4
2 15 14
2 14 13
2 13 8
2 13 12
2 12 9
2 12 11
2 11 10
2 20 19
2 19 16
2 19 18
2 18 17
2 25 24
2 24 22
2 24 23
3 29 0
3 29 28
3 28 27
3 27 9
3 9 8
3 8 7
3 7 6
3 6 5
3 5 4
3 4 2
3 2 1
3 4 3
3 27 26
3 26 10
3 26 25
3 25 24
3 24 21
3 21 11
3 21 20
3 20 18
3 18 17
3 17 16
3 16 12
3 16 15
3 15 13
3 15 14
3 20 19
3 24 23
3 23 22
4 33 32
4 32 29
4 29 1
4 1 0
4 29 28
4 28 14
4 14 12
4 12 10
4 10 9
4 9 8
4 8 7
4 7 3
4 3 2
4 7 6
4 6 5
4 5 4
4 12 11
4 14 13
4 28 27
4 27 26
4 26 22
4 22 21
4 21 18
4 18 17
4 17 15
4 17 16
4 21 20
4 20 19
4 26 25
4 25 24
4 24 23
4 32 31
4 31 30
5 30 29
5 29 0
5 29 28
5 28 1
5 28 27
5 27 20
5 20 19
5 19 9
5 9 2
5 9 8
5 8 5
5 5 3
5 5 4
5 8 7
5 7 6
5 19 18
5 18 17
5 17 16
5 16 10
5 16 15
5 15 12
5 12 11
5 15 14
5 14 13
5 27 26
5 26 25
5 25 23
5 23 22
5 22 21
5 25 24
6 33 32
6 32 0
6 32 31
6 31 1
6 31 30
6 30 9
6 9 4
6 4 2
6 4 3
6 9 8
6 8 5
6 8 7
6 7 6
6 30 29
6 29 28
6 28 27
6 27 11
6 11 10
6 27 26
6 26 23
6 23 22
6 22 12
6 22 21
6 21 19
6 19 14
6 14 13
6 19 18
6 18 16
6 16 15
6 18 17
6 21 20
6 26 25
6 25 24
7 30 27
7 27 18
7 18 16
7 16 15
7 15 14
7 14 13
7 13 0
7 13 12
7 12 2
7 2 1
7 12 11
7 11 3
7 11 10
7 10 6
7 6 5
7 5 4
7 10 9
7 9 7
7 9 8
7 18 17
7 27 26
7 26 25
7 25 23
7 23 19
7 23 22
7 22 20
7 22 21
7 25 24
7 30 29
7 29 28
8 32 29
8 29 28
8 28 21
8 21 0
8 21 20
8 20 19
8 19 4
8 4 1
8 4 3
8 3 2
8 19 18
8 18 14
8 14 7
8 7 5
8 7 6
8 14 13
8 13 11
8 11 10
8 10 8
8 10 9
8 13 12
8 18 17
8 17 15
8 17 16
8 28 27
8 27 24
8 24 22
8 24 23
8 27 26
8 26 25
8 32 31
8 31 30
9 31 20
9 20 18
9 18 13
9 13 12
9 12 11
9 11 7
9 7 6
9 6 5
9 5 4
9 4 2
9 2 1
9 1 0
9 4 3
9 11 10
9 10 9
9 9 8
9 18 17
9 17 14
9 17 16
9 16 15
9 20 19
9 31 30
9 30 28
9 28 27
9 27 23
9 23 22
9 22 21
9 27 26
9 26 25
9 25 24
9 30 29
10 32 31
10 31 28
10 28 27
10 27 26
10 26 0
10 26 25
10 25 4
10 4 3
10 3 1
10 3 2
10 25 24
10 24 6
10 6 5
10 24 23
10 23 17
10 17 10
10 10 9
10 9 7
10 9 8
10 17 16
10 16 12
10 12 11
10 16 15
10 15 13
10 15 14
10 23 22
10 22 18
10 22 21
10 21 20
10 20 19
10 31 30
10 30 29
11 34 27
11 27 7
11 7 0
11 7 6
11 6 5
11 5 3
11 3 1
11 3 2
11 5 4
11 27 26
11 26 25
11 25 10
11 10 8
11 10 9
11 25 24
11 24 21
11 21 20
11 20 14
11 14 13
11 13 11
11 13 12
11 20 19
11 19 16
11 16 15
11 19 18
11 18 17
11 24 23
11 23 22
11 34 33
11 33 28
11 33 32
11 32 31
11 31 30
11 30 29
12 29 22
12 22 20
12 20 19
12 19 9
12 9 7
12 7 6
12 6 4
12 4 3
12 3 2
12 2 0
12 2 1
12 6 5
12 9 8
12 19 18
12 18 16
12 16 14
12 14 13
12 13 10
12 13 12
12 12 11
12 16 15
12 18 17
12 22 21
12 29 28
12 28 24
12 24 23
12 28 27
12 27 25
12 27 26
13 33 32
13 32 16
13 16 15
13 15 4
13 4 3
13 3 0
13 3 2
13 2 1
13 15 14
13 14 12
13 12 6
13 6 5
13 12 11
13 11 7
13 11 10
13 10 8
13 10 9
13 14 13
13 32 31
13 31 30
13 30 29
13 29 27
13 27 18
13 18 17
13 27 26
13 26 21
13 21 20
13 20 19
13 26 25
13 25 24
13 24 23
13 23 22
13 29 28
14 31 5
14 5 0
14 5 4
14 4 3
14 3 1
14 3 2
14 31 30
14 30 23
14 23 15
14 15 14
14 14 13
14 13 6
14 13 12
14 12 8
14 8 7
14 12 11
14 11 10
14 10 9
14 23 22
14 22 20
14 20 18
14 18 17
14 17 16
14 20 19
14 22 21
14 30 29
14 29 27
14 27 25
14 25 24
14 27 26
14 29 28
15 29 25
15 25 9
15 9 8
15 8 0
15 8 7
15 7 6
15 6 5
15 5 1
15 5 4
15 4 3
15 3 2
15 25 24
15 24 22
15 22 16
15 16 15
15 15 10
15 15 14
15 14 12
15 12 11
15 14 13
15 22 21
15 21 18
15 18 17
15 21 20
15 20 19
15 24 23
15 29 28
15 28 26
15 28 27
16 34 1
16 1 0
16 34 33
16 33 32
16 32 30
16 30 28
16 28 27
16 27 26
16 26 20
16 20 19
16 19 7
16 7 3
16 3 2
16 7 6
16 6 4
16 6 5
16 19 18
16 18 17
16 17 10
16 10 9
16 9 8
16 17 16
16 16 15
16 15 11
16 15 14
16 14 13
16 13 12
16 26 25
16 25 23
16 23 21
16 23 22
16 25 24
16 30 29
16 32 31
17 33 15
17 15 0
17 15 14
17 14 1
17 14 13
17 13 11
17 11 2
17 11 10
17 10 3
17 10 9
17 9 7
17 7 5
17 5 4
17 7 6
17 9 8
17 13 12
17 33 32
17 32 31
17 31 30
17 30 16
17 30 29
17 29 20
17 20 18
17 18 17
17 20 19
17 29 28
17 28 27
17 27 26
17 26 25
17 25 24
17 24 23
17 23 22
17 22 21
18 30 7
18 7 4
18 4 3
18 3 2
18 2 1
18 1 0
18 7 6
18 6 5
18 30 29
18 29 19
18 19 9
18 9 8
18 19 18
18 18 14
18 14 13
18 13 11
18 11 10
18 13 12
18 18 17
18 17 16
18 16 15
18 29 28
18 28 27
18 27 25
18 25 24
18 24 23
18 23 20
18 23 22
18 22 21
18 27 26
19 30 29
19 29 0
19 29 28
19 28 26
19 26 25
19 25 24
19 24 15
19 15 13
19 13 12
19 12 8
19 8 1
19 8 7
19 7 6
19 6 3
19 3 2
19 6 5
19 5 4
19 12 11
19 11 10
19 10 9
19 15 14
19 24 23
19 23 22
19 22 17
19 17 16
19 22 21
19 21 18
19 21 20
19 20 19
19 28 27
20 34 2
20 2 1
20 1 0
20 34 33
20 33 27
20 27 26
20 26 5
20 5 3
20 5 4
20 26 25
20 25 7
20 7 6
20 25 24
20 24 23
20 23 22
20 22 21
20 21 14
20 14 8
20 14 13
20 13 9
20 13 12
20 12 11
20 11 10
20 21 20
20 20 15
20 20 19
20 19 17
20 17 16
20 19 18
20 33 32
20 32 30
20 30 28
20 30 29
20 32 31
21 33 32
21 32 31
21 31 30
21 30 29
21 29 28
21 28 25
21 25 0
21 25 24
21 24 23
21 23 22
21 22 21
21 21 20
21 20 18
21 18 16
21 16 3
21 3 1
21 3 2
21 16 15
21 15 5
21 5 4
21 15 14
21 14 13
21 13 10
21 10 9
21 9 7
21 7 6
21 9 8
21 13 12
21 12 11
21 18 17
21 20 19
21 28 27
21 27 26
22 34 32
22 32 12
22 12 11
22 11 10
22 10 9
22 9 8
22 8 6
22 6 5
22 5 0
22 5 4
22 4 1
22 4 3
22 3 2
22 8 7
22 32 31
22 31 15
22 15 14
22 14 13
22 31 30
22 30 16
22 30 29
22 29 18
22 18 17
22 29 28
22 28 27
22 27 23
22 23 22
22 22 21
22 21 20
22 20 19
22 27 26
22 26 24
22 26 25
22 34 33
23 30 6
23 6 2
23 2 0
23 2 1
23 6 5
23 5 3
23 5 4
23 30 29
23 29 27
23 27 11
23 11 7
23 11 10
23 10 9
23 9 8
23 27 26
23 26 24
23 24 23
23 23 14
23 14 12
23 14 13
23 23 22
23 22 15
23 22 21
23 21 19
23 19 18
23 18 17
23 17 16
23 21 20
23 26 25
23 29 28
24 29 28
24 28 27
24 27 1
24 1 0
24 27 26
24 26 25
24 25 21
24 21 20
24 20 19
24 19 3
24 3 2
24 19 18
24 18 4
24 18 17
24 17 16
24 16 14
24 14 9
24 9 6
24 6 5
24 9 8
24 8 7
24 14 13
24 13 12
24 12 10
24 12 11
24 16 15
24 25 24
24 24 23
24 23 22
25 30 29
25 29 5
25 5 4
25 4 2
25 2 0
25 2 1
25 4 3
25 29 28
25 28 26
25 26 8
25 8 7
25 7 6
25 26 25
25 25 9
25 25 24
25 24 13
25 13 10
25 13 12
25 12 11
25 24 23
25 23 22
25 22 18
25 18 14
25 18 17
25 17 16
25 16 15
25 22 21
25 21 20
25 20 19
25 28 27
26 31 30
26 30 29
26 29 28
26 28 0
26 28 27
26 27 26
26 26 1
26 26 25
26 25 24
26 24 23
26 23 7
26 7 6
26 6 4
26 4 2
26 4 3
26 6 5
26 23 22
26 22 9
26 9 8
26 22 21
26 21 20
26 20 16
26 16 15
26 15 13
26 13 12
26 12 11
26 11 10
26 15 14
26 20 19
26 19 18
26 18 17
27 30 22
27 22 16
27 16 14
27 14 9
27 9 8
27 8 7
27 7 4
27 4 3
27 3 2
27 2 1
27 1 0
27 7 6
27 6 5
27 14 13
27 13 12
27 12 11
27 11 10
27 16 15
27 22 21
27 21 20
27 20 18
27 18 17
27 20 19
27 30 29
27 29 23
27 29 28
27 28 24
27 28 27
27 27 26
27 26 25
28 30 11
28 11 10
28 10 0
28 10 9
28 9 1
28 9 8
28 8 2
28 8 7
28 7 3
28 7 6
28 6 5
28 5 4
28 30 29
28 29 28
28 28 27
28 27 12
28 27 26
28 26 23
28 23 18
28 18 13
28 18 17
28 17 15
28 15 14
28 17 16
28 23 22
28 22 21
28 21 20
28 20 19
28 26 25
28 25 24
29 30 29
29 29 13
29 13 4
29 4 2
29 2 0
29 2 1
29 4 3
29 13 12
29 12 10
29 10 9
29 9 7
29 7 6
29 6 5
29 9 8
29 12 11
29 29 28
29 28 26
29 26 25
29 25 23
29 23 14
29 23 22
29 22 21
29 21 15
29 21 20
29 20 17
29 17 16
29 20 19
29 19 18
29 25 24
29 28 27
30 30 28
30 28 1
30 1 0
30 28 27
30 27 26
30 26 25
30 25 23
30 23 21
30 21 19
30 19 3
30 3 2
30 19 18
30 18 4
30 18 17
30 17 16
30 16 11
30 11 7
30 7 6
30 6 5
30 11 10
30 10 8
30 10 9
30 16 15
30 15 14
30 14 12
30 14 13
30 21 20
30 23 22
30 25 24
30 30 29
31 33 26
31 26 24
31 24 0
31 24 23
31 23 22
31 22 10
31 10 1
31 10 9
31 9 2
31 9 8
31 8 7
31 7 5
31 5 4
31 4 3
31 7 6
31 22 21
31 21 18
31 18 15
31 15 13
31 13 12
31 12 11
31 15 14
31 18 17
31 17 16
31 21 20
31 20 19
31 26 25
31 33 32
31 32 29
31 29 27
31 29 28
31 32 31
31 31 30
32 29 0
32 29 28
32 28 1
32 28 27
32 27 26
32 26 4
32 4 3
32 3 2
32 26 25
32 25 23
32 23 22
32 22 21
32 21 20
32 20 18
32 18 17
32 17 8
32 8 7
32 7 6
32 6 5
32 17 16
32 16 9
32 16 15
32 15 14
32 14 13
32 13 12
32 12 11
32 11 10
32 20 19
32 25 24
33 29 28
33 28 27
33 27 26
33 26 4
33 4 0
33 4 3
33 3 1
33 3 2
33 26 25
33 25 24
33 24 21
33 21 17
33 17 16
33 16 15
33 15 14
33 14 13
33 13 7
33 7 5
33 7 6
33 13 12
33 12 11
33 11 9
33 9 8
33 11 10
33 21 20
33 20 19
33 19 18
33 24 23
33 23 22
34 34 1
34 1 0
34 34 33
34 33 31
34 31 30
34 30 14
34 14 13
34 13 2
34 13 12
34 12 10
34 10 7
34 7 4
34 4 3
34 7 6
34 6 5
34 10 9
34 9 8
34 12 11
34 30 29
34 29 28
34 28 20
34 20 19
34 19 15
34 19 18
34 18 17
34 17 16
34 28 27
34 27 26
34 26 24
34 24 23
34 23 22
34 22 21
34 26 25
34 33 32
35 32 2
35 2 1
35 1 0
35 32 31
35 31 30
35 30 29
35 29 17
35 17 7
35 7 3
35 7 6
35 6 5
35 5 4
35 17 16
35 16 8
35 16 15
35 15 14
35 14 9
35 14 13
35 13 12
35 12 10
35 12 11
35 29 28
35 28 27
35 27 26
35 26 25
35 25 23
35 23 18
35 23 22
35 22 21
35 21 19
35 21 20
35 25 24
36 33 12
36 12 3
36 3 0
36 3 2
36 2 1
36 12 11
36 11 4
36 11 10
36 10 5
36 10 9
36 9 8
36 8 7
36 7 6
36 33 32
36 32 30
36 30 15
36 15 13
36 15 14
36 30 29
36 29 28
36 28 27
36 27 26
36 26 25
36 25 16
36 25 24
36 24 21
36 21 20
36 20 18
36 18 17
36 20 19
36 24 23
36 23 22
36 32 31
37 33 24
37 24 12
37 12 11
37 11 10
37 10 0
37 10 9
37 9 7
37 7 6
37 6 1
37 6 5
37 5 2
37 5 4
37 4 3
37 9 8
37 24 23
37 23 19
37 19 17
37 17 13
37 17 16
37 16 14
37 16 15
37 19 18
37 23 22
37 22 20
37 22 21
37 33 32
37 32 31
37 31 29
37 29 28
37 28 27
37 27 25
37 27 26
37 31 30
38 34 3
38 3 1
38 1 0
38 3 2
38 34 33
38 33 29
38 29 28
38 28 27
38 27 4
38 27 26
38 26 5
38 26 25
38 25 14
38 14 7
38 7 6
38 14 13
38 13 11
38 11 8
38 11 10
38 10 9
38 13 12
38 25 24
38 24 23
38 23 16
38 16 15
38 23 22
38 22 17
38 22 21
38 21 18
38 21 20
38 20 19
38 33 32
38 32 31
38 31 30
39 34 11
39 11 7
39 7 5
39 5 3
39 3 0
39 3 2
39 2 1
39 5 4
39 7 6
39 11 10
39 10 8
39 10 9
39 34 33
39 33 14
39 14 12
39 14 13
39 33 32
39 32 31
39 31 16
39 16 15
39 31 30
39 30 18
39 18 17
39 30 29
39 29 28
39 28 27
39 27 26
39 26 19
39 26 25
39 25 20
39 25 24
39 24 23
39 23 22
39 22 21
40 29 24
40 24 20
40 20 19
40 19 15
40 15 14
40 14 13
40 13 12
40 12 0
40 12 11
40 11 8
40 8 2
40 2 1
40 8 7
40 7 6
40 6 4
40 4 3
40 6 5
40 11 10
40 10 9
40 19 18
40 18 17
40 17 16
40 24 23
40 23 22
40 22 21
40 29 28
40 28 26
40 26 25
40 28 27
41 33 32
41 32 31
41 31 1
41 1 0
41 31 30
41 30 2
41 30 29
41 29 27
41 27 10
41 10 7
41 7 6
41 6 3
41 6 5
41 5 4
41 10 9
41 9 8
41 27 26
41 26 25
41 25 24
41 24 23
41 23 22
41 22 21
41 21 20
41 20 19
41 19 18
41 18 15
41 15 14
41 14 13
41 13 11
41 13 12
41 18 17
41 17 16
41 29 28
42 32 2
42 2 1
42 1 0
42 32 31
42 31 30
42 30 29
42 29 28
42 28 12
42 12 11
42 11 6
42 6 3
42 6 5
42 5 4
42 11 10
42 10 7
42 10 9
42 9 8
42 28 27
42 27 26
42 26 25
42 25 24
42 24 16
42 16 15
42 15 14
42 14 13
42 24 23
42 23 22
42 22 21
42 21 19
42 19 18
42 18 17
42 21 20
43 33 32
43 32 31
43 31 0
43 31 30
43 30 29
43 29 28
43 28 27
43 27 26
43 26 25
43 25 2
43 2 1
43 25 24
43 24 23
43 23 3
43 23 22
43 22 18
43 18 17
43 17 16
43 16 15
43 15 6
43 6 5
43 5 4
43 15 14
43 14 7
43 14 13
43 13 8
43 13 12
43 12 9
43 12 11
43 11 10
43 22 21
43 21 19
43 21 20
44 34 33
44 33 32
44 32 30
44 30 29
44 29 27
44 27 13
44 13 7
44 7 5
44 5 3
44 3 2
44 2 0
44 2 1
44 5 4
44 7 6
44 13 12
44 12 11
44 11 8
44 11 10
44 10 9
44 27 26
44 26 15
44 15 14
44 26 25
44 25 16
44 25 24
44 24 23
44 23 22
44 22 17
44 22 21
44 21 19
44 19 18
44 21 20
44 29 28
44 32 31
45 31 21
45 21 20
45 20 18
45 18 17
45 17 16
45 16 14
45 14 12
45 12 1
45 1 0
45 12 11
45 11 2
45 11 10
45 10 8
45 8 7
45 7 3
45 7 6
45 6 5
45 5 4
45 10 9
45 14 13
45 16 15
45 20 19
45 31 30
45 30 29
45 29 22
45 29 28
45 28 23
45 28 27
45 27 26
45 26 24
45 26 25
46 34 11
46 11 9
46 9 8
46 8 7
46 7 1
46 1 0
46 7 6
46 6 5
46 5 4
46 4 2
46 4 3
46 11 10
46 34 33
46 33 32
46 32 12
46 32 31
46 31 24
46 24 15
46 15 14
46 14 13
46 24 23
46 23 16
46 23 22
46 22 17
46 22 21
46 21 20
46 20 19
46 19 18
46 31 30
46 30 29
46 29 27
46 27 25
46 27 26
46 29 28
47 29 28
47 28 27
47 27 4
47 4 2
47 2 0
47 2 1
47 4 3
47 27 26
47 26 24
47 24 23
47 23 20
47 20 19
47 19 18
47 18 17
47 17 5
47 17 16
47 16 12
47 12 11
47 11 6
47 11 10
47 10 9
47 9 8
47 8 7
47 16 15
47 15 13
47 15 14
47 23 22
47 22 21
47 26 25
48 34 33
48 33 8
48 8 7
48 7 0
48 7 6
48 6 1
48 6 5
48 5 4
48 4 2
48 4 3
48 33 32
48 32 10
48 10 9
48 32 31
48 31 29
48 29 28
48 28 11
48 28 27
48 27 25
48 25 12
48 25 24
48 24 16
48 16 15
48 15 14
48 14 13
48 24 23
48 23 20
48 20 18
48 18 17
48 20 19
48 23 22
48 22 21
48 27 26
48 31 30
49 30 14
49 14 13
49 13 12
49 12 2
49 2 0
49 2 1
49 12 11
49 11 10
49 10 9
49 9 7
49 7 3
49 7 6
49 6 5
49 5 4
49 9 8
49 30 29
49 29 28
49 28 27
49 27 26
49 26 25
49 25 18
49 18 17
49 17 15
49 17 16
49 25 24
49 24 19
49 24 23
49 23 22
49 22 20
49 22 21
50 30 29
50 29 28
50 28 3
50 3 0
50 3 2
50 2 1
50 28 27
50 27 25
50 25 6
50 6 4
50 6 5
50 25 24
50 24 23
50 23 20
50 20 19
50 19 7
50 19 18
50 18 17
50 17 9
50 9 8
50 17 16
50 16 12
50 12 10
50 12 11
50 16 15
50 15 14
50 14 13
50 23 22
50 22 21
50 27 26
51 30 1
51 1 0
51 30 29
51 29 10
51 10 8
51 8 7
51 7 5
51 5 4
51 4 2
51 4 3
51 7 6
51 10 9
51 29 28
51 28 27
51 27 16
51 16 15
51 15 12
51 12 11
51 15 14
51 14 13
51 27 26
51 26 25
51 25 24
51 24 22
51 22 21
51 21 17
51 21 20
51 20 19
51 19 18
51 24 23
52 34 33
52 33 32
52 32 30
52 30 27
52 27 2
52 2 1
52 1 0
52 27 26
52 26 20
52 20 17
52 17 16
52 16 15
52 15 14
52 14 13
52 13 12
52 12 10
52 10 3
52 10 9
52 9 8
52 8 4
52 8 7
52 7 5
52 7 6
52 12 11
52 20 19
52 19 18
52 26 25
52 25 21
52 25 24
52 24 22
52 24 23
52 30 29
52 29 28
52 32 31
53 32 4
53 4 3
53 3 2
53 2 0
53 2 1
53 32 31
53 31 21
53 21 20
53 20 15
53 15 8
53 8 7
53 7 6
53 6 5
53 15 14
53 14 13
53 13 12
53 12 9
53 12 11
53 11 10
53 20 19
53 19 18
53 18 16
53 18 17
53 31 30
53 30 29
53 29 22
53 29 28
53 28 23
53 28 27
53 27 25
53 25 24
53 27 26
54 31 0
54 31 30
54 30 16
54 16 1
54 16 15
54 15 12
54 12 9
54 9 8
54 8 2
54 8 7
54 7 3
54 7 6
54 6 4
54 6 5
54 12 11
54 11 10
54 15 14
54 14 13
54 30 29
54 29 18
54 18 17
54 29 28
54 28 20
54 20 19
54 28 27
54 27 25
54 25 23
54 23 22
54 22 21
54 25 24
54 27 26
55 29 28
55 28 26
55 26 24
55 24 2
55 2 0
55 2 1
55 24 23
55 23 22
55 22 21
55 21 13
55 13 11
55 11 10
55 10 7
55 7 5
55 5 3
55 5 4
55 7 6
55 10 9
55 9 8
55 13 12
55 21 20
55 20 16
55 16 15
55 15 14
55 20 19
55 19 17
55 19 18
55 26 25
55 28 27
56 32 0
56 32 31
56 31 1
56 31 30
56 30 27
56 27 4
56 4 2
56 4 3
56 27 26
56 26 25
56 25 5
56 25 24
56 24 15
56 15 14
56 14 13
56 13 12
56 12 11
56 11 10
56 10 9
56 9 8
56 8 7
56 7 6
56 24 23
56 23 22
56 22 20
56 20 16
56 20 19
56 19 18
56 18 17
56 22 21
56 30 29
56 29 28
57 33 32
57 32 31
57 31 18
57 18 17
57 17 5
57 5 4
57 4 2
57 2 1
57 1 0
57 4 3
57 17 16
57 16 7
57 7 6
57 16 15
57 15 14
57 14 9
57 9 8
57 14 13
57 13 12
57 12 11
57 11 10
57 31 30
57 30 19
57 30 29
57 29 28
57 28 27
57 27 26
57 26 20
57 26 25
57 25 21
57 25 24
57 24 22
57 24 23
58 32 0
58 32 31
58 31 29
58 29 23
58 23 22
58 22 6
58 6 3
58 3 2
58 2 1
58 6 5
58 5 4
58 22 21
58 21 18
58 18 7
58 18 17
58 17 15
58 15 14
58 14 9
58 9 8
58 14 13
58 13 12
58 12 11
58 11 10
58 17 16
58 21 20
58 20 19
58 29 28
58 28 26
58 26 25
58 25 24
58 28 27
58 31 30
59 33 32
59 32 0
59 32 31
59 31 27
59 27 25
59 25 1
59 25 24
59 24 5
59 5 3
59 3 2
59 5 4
59 24 23
59 23 6
59 23 22
59 22 7
59 22 21
59 21 14
59 14 13
59 13 12
59 12 11
59 11 9
59 9 8
59 11 10
59 21 20
59 20 18
59 18 16
59 16 15
59 18 17
59 20 19
59 27 26
59 31 30
59 30 28
59 30 29
60 34 0
60 34 33
60 33 31
60 31 30
60 30 29
60 29 24
60 24 2
60 2 1
60 24 23
60 23 13
60 13 12
60 12 11
60 11 7
60 7 5
60 5 4
60 4 3
60 7 6
60 11 10
60 10 8
60 10 9
60 23 22
60 22 19
60 19 18
60 18 15
60 15 14
60 18 17
60 17 16
60 22 21
60 21 20
60 29 28
60 28 27
60 27 26
60 26 25
60 33 32
61 33 31
61 31 29
61 29 21
61 21 20
61 20 2
61 2 0
61 2 1
61 20 19
61 19 9
61 9 8
61 8 6
61 6 5
61 5 4
61 4 3
61 8 7
61 19 18
61 18 17
61 17 15
61 15 14
61 14 13
61 13 12
61 12 10
61 12 11
61 17 16
61 29 28
61 28 27
61 27 22
61 27 26
61 26 24
61 24 23
61 26 25
61 31 30
61 33 32
62 34 33
62 33 32
62 32 31
62 31 3
62 3 2
62 2 0
62 2 1
62 31 30
62 30 29
62 29 8
62 8 7
62 7 4
62 7 6
62 6 5
62 29 28
62 28 9
62 28 27
62 27 12
62 12 11
62 11 10
62 27 26
62 26 13
62 26 25
62 25 18
62 18 16
62 16 14
62 16 15
62 18 17
62 25 24
62 24 22
62 22 20
62 20 19
62 22 21
62 24 23
63 31 30
63 30 28
63 28 27
63 27 0
63 27 26
63 26 25
63 25 19
63 19 18
63 18 17
63 17 16
63 16 15
63 15 13
63 13 12
63 12 8
63 8 7
63 7 5
63 5 1
63 5 4
63 4 3
63 3 2
63 7 6
63 12 11
63 11 10
63 10 9
63 15 14
63 25 24
63 24 23
63 23 20
63 23 22
63 22 21
63 30 29
64 29 28
64 28 15
64 15 5
64 5 4
64 4 3
64 3 1
64 1 0
64 3 2
64 15 14
64 14 13
64 13 8
64 8 7
64 7 6
64 13 12
64 12 9
64 12 11
64 11 10
64 28 27
64 27 16
64 27 26
64 26 17
64 26 25
64 25 21
64 21 20
64 20 18
64 20 19
64 25 24
64 24 22
64 24 23
65 32 30
65 30 29
65 29 28
65 28 26
65 26 22
65 22 21
65 21 20
65 20 0
65 20 19
65 19 9
65 9 8
65 8 7
65 7 6
65 6 5
65 5 2
65 2 1
65 5 4
65 4 3
65 19 18
65 18 17
65 17 16
65 16 13
65 13 12
65 12 10
65 12 11
65 16 15
65 15 14
65 26 25
65 25 23
65 25 24
65 28 27
65 32 31
66 30 29
66 29 3
66 3 0
66 3 2
66 2 1
66 29 28
66 28 27
66 27 24
66 24 22
66 22 5
66 5 4
66 22 21
66 21 15
66 15 13
66 13 8
66 8 7
66 7 6
66 13 12
66 12 9
66 12 11
66 11 10
66 15 14
66 21 20
66 20 18
66 18 16
66 18 17
66 20 19
66 24 23
66 27 26
66 26 25
67 32 30
67 30 23
67 23 20
67 20 18
67 18 17
67 17 16
67 16 15
67 15 6
67 6 5
67 5 4
67 4 0
67 4 3
67 3 2
67 2 1
67 15 14
67 14 10
67 10 9
67 9 8
67 8 7
67 14 13
67 13 12
67 12 11
67 20 19
67 23 22
67 22 21
67 30 29
67 29 27
67 27 25
67 25 24
67 27 26
67 29 28
67 32 31
68 31 26
68 26 0
68 26 25
68 25 24
68 24 23
68 23 20
68 20 17
68 17 4
68 4 2
68 2 1
68 4 3
68 17 16
68 16 5
68 16 15
68 15 13
68 13 7
68 7 6
68 13 12
68 12 11
68 11 10
68 10 9
68 9 8
68 15 14
68 20 19
68 19 18
68 23 22
68 22 21
68 31 30
68 30 28
68 28 27
68 30 29
69 31 30
69 30 27
69 27 0
69 27 26
69 26 1
69 26 25
69 25 24
69 24 2
69 24 23
69 23 22
69 22 21
69 21 3
69 21 20
69 20 16
69 16 14
69 14 7
69 7 6
69 6 5
69 5 4
69 14 13
69 13 8
69 13 12
69 12 10
69 10 9
69 12 11
69 16 15
69 20 19
69 19 18
69 18 17
69 30 29
69 29 28
70 33 19
70 19 18
70 18 17
70 17 8
70 8 0
70 8 7
70 7 2
70 2 1
70 7 6
70 6 5
70 5 4
70 4 3
70 17 16
70 16 15
70 15 14
70 14 9
70 14 13
70 13 10
70 13 12
70 12 11
70 33 32
70 32 31
70 31 29
70 29 28
70 28 27
70 27 26
70 26 23
70 23 20
70 23 22
70 22 21
70 26 25
70 25 24
70 31 30
71 29 28
71 28 5
71 5 3
71 3 2
71 2 0
71 2 1
71 5 4
71 28 27
71 27 23
71 23 7
71 7 6
71 23 22
71 22 8
71 22 21
71 21 19
71 19 15
71 15 12
71 12 9
71 12 11
71 11 10
71 15 14
71 14 13
71 19 18
71 18 17
71 17 16
71 21 20
71 27 26
71 26 25
71 25 24
72 30 4
72 4 3
72 3 2
72 2 1
72 1 0
72 30 29
72 29 28
72 28 27
72 27 5
72 27 26
72 26 6
72 26 25
72 25 24
72 24 20
72 20 19
72 19 7
72 19 18
72 18 13
72 13 9
72 9 8
72 13 12
72 12 10
72 12 11
72 18 17
72 17 16
72 16 14
72 16 15
72 24 23
72 23 22
72 22 21
73 32 7
73 7 3
73 3 2
73 2 0
73 2 1
73 7 6
73 6 4
73 6 5
73 32 31
73 31 29
73 29 28
73 28 27
73 27 8
73 27 26
73 26 25
73 25 23
73 23 21
73 21 18
73 18 17
73 17 10
73 10 9
73 17 16
73 16 15
73 15 14
73 14 13
73 13 11
73 13 12
73 21 20
73 20 19
73 23 22
73 25 24
73 31 30
74 33 5
74 5 0
74 5 4
74 4 2
74 2 1
74 4 3
74 33 32
74 32 6
74 32 31
74 31 19
74 19 9
74 9 7
74 9 8
74 19 18
74 18 11
74 11 10
74 18 17
74 17 13
74 13 12
74 17 16
74 16 14
74 16 15
74 31 30
74 30 29
74 29 27
74 27 25
74 25 20
74 25 24
74 24 23
74 23 22
74 22 21
74 27 26
74 29 28
75 32 20
75 20 18
75 18 8
75 8 1
75 1 0
75 8 7
75 7 6
75 6 5
75 5 2
75 5 4
75 4 3
75 18 17
75 17 14
75 14 9
75 14 13
75 13 12
75 12 11
75 11 10
75 17 16
75 16 15
75 20 19
75 32 31
75 31 27
75 27 21
75 27 26
75 26 25
75 25 24
75 24 22
75 24 23
75 31 30
75 30 28
75 30 29
76 29 6
76 6 2
76 2 0
76 2 1
76 6 5
76 5 4
76 4 3
76 29 28
76 28 21
76 21 7
76 21 20
76 20 12
76 12 11
76 11 10
76 10 9
76 9 8
76 20 19
76 19 13
76 19 18
76 18 17
76 17 15
76 15 14
76 17 16
76 28 27
76 27 25
76 25 23
76 23 22
76 25 24
76 27 26
77 33 31
77 31 22
77 22 8
77 8 1
77 1 0
77 8 7
77 7 5
77 5 4
77 4 2
77 4 3
77 7 6
77 22 21
77 21 19
77 19 18
77 18 14
77 14 13
77 13 9
77 13 12
77 12 10
77 12 11
77 18 17
77 17 15
77 17 16
77 21 20
77 31 30
77 30 29
77 29 23
77 29 28
77 28 24
77 28 27
77 27 25
77 27 26
77 33 32
78 29 27
78 27 24
78 24 17
78 17 15
78 15 14
78 14 12
78 12 1
78 1 0
78 12 11
78 11 10
78 10 3
78 3 2
78 10 9
78 9 4
78 9 8
78 8 6
78 6 5
78 8 7
78 14 13
78 17 16
78 24 23
78 23 20
78 20 18
78 20 19
78 23 22
78 22 21
78 27 26
78 26 25
78 29 28
79 29 0
79 29 28
79 28 2
79 2 1
79 28 27
79 27 3
79 27 26
79 26 19
79 19 7
79 7 5
79 5 4
79 7 6
79 19 18
79 18 17
79 17 9
79 9 8
79 17 16
79 16 14
79 14 12
79 12 10
79 12 11
79 14 13
79 16 15
79 26 25
79 25 24
79 24 23
79 23 20
79 23 22
79 22 21
80 30 7
80 7 6
80 6 5
80 5 4
80 4 2
80 2 0
80 2 1
80 4 3
80 30 29
80 29 28
80 28 25
80 25 24
80 24 20
80 20 19
80 19 17
80 17 16
80 16 15
80 15 14
80 14 13
80 13 12
80 12 10
80 10 8
80 10 9
80 12 11
80 19 18
80 24 23
80 23 21
80 23 22
80 28 27
80 27 26
81 34 33
81 33 32
81 32 25
81 25 0
81 25 24
81 24 23
81 23 22
81 22 21
81 21 20
81 20 19
81 19 1
81 19 18
81 18 15
81 15 2
81 15 14
81 14 13
81 13 12
81 12 3
81 12 11
81 11 5
81 5 4
81 11 10
81 10 8
81 8 6
81 8 7
81 10 9
81 18 17
81 17 16
81 32 31
81 31 29
81 29 28
81 28 26
81 28 27
81 31 30
82 30 29
82 29 0
82 29 28
82 28 27
82 27 26
82 26 25
82 25 1
82 25 24
82 24 23
82 23 2
82 23 22
82 22 3
82 22 21
82 21 20
82 20 19
82 19 10
82 10 9
82 9 4
82 9 8
82 8 5
82 8 7
82 7 6
82 19 18
82 18 17
82 17 16
82 16 11
82 16 15
82 15 14
82 14 13
82 13 12
83 29 0
83 29 28
83 28 26
83 26 25
83 25 4
83 4 2
83 2 1
83 4 3
83 25 24
83 24 15
83 15 9
83 9 8
83 8 6
83 6 5
83 8 7
83 15 14
83 14 13
83 13 12
83 12 11
83 11 10
83 24 23
83 23 16
83 23 22
83 22 21
83 21 20
83 20 19
83 19 17
83 19 18
83 28 27
84 30 29
84 29 11
84 11 7
84 7 0
84 7 6
84 6 5
84 5 3
84 3 2
84 2 1
84 5 4
84 11 10
84 10 9
84 9 8
84 29 28
84 28 26
84 26 25
84 25 12
84 25 24
84 24 22
84 22 20
84 20 19
84 19 13
84 19 18
84 18 15
84 15 14
84 18 17
84 17 16
84 22 21
84 24 23
84 28 27
85 31 0
85 31 30
85 30 1
85 30 29
85 29 28
85 28 16
85 16 13
85 13 12
85 12 2
85 12 11
85 11 10
85 10 7
85 7 3
85 7 6
85 6 5
85 5 4
85 10 9
85 9 8
85 16 15
85 15 14
85 28 27
85 27 20
85 20 19
85 19 18
85 18 17
85 27 26
85 26 25
85 25 23
85 23 22
85 22 21
85 25 24
86 32 31
86 31 26
86 26 25
86 25 1
86 1 0
86 25 24
86 24 8
86 8 7
86 7 6
86 6 3
86 3 2
86 6 5
86 5 4
86 24 23
86 23 21
86 21 20
86 20 10
86 10 9
86 20 19
86 19 17
86 17 16
86 16 15
86 15 13
86 13 12
86 12 11
86 15 14
86 19 18
86 23 22
86 31 30
86 30 28
86 28 27
86 30 29
87 29 27
87 27 0
87 27 26
87 26 12
87 12 10
87 10 6
87 6 5
87 5 4
87 4 2
87 2 1
87 4 3
87 10 9
87 9 7
87 9 8
87 12 11
87 26 25
87 25 24
87 24 14
87 14 13
87 24 23
87 23 16
87 16 15
87 23 22
87 22 21
87 21 20
87 20 17
87 20 19
87 19 18
87 29 28
88 31 30
88 30 2
88 2 1
88 1 0
88 30 29
88 29 4
88 4 3
88 29 28
88 28 16
88 16 5
88 16 15
88 15 6
88 15 14
88 14 9
88 9 8
88 8 7
88 14 13
88 13 12
88 12 10
88 12 11
88 28 27
88 27 25
88 25 24
88 24 23
88 23 22
88 22 21
88 21 17
88 21 20
88 20 18
88 20 19
88 27 26
89 33 22
89 22 21
89 21 20
89 20 18
89 18 17
89 17 15
89 15 0
89 15 14
89 14 3
89 3 2
89 2 1
89 14 13
89 13 11
89 11 6
89 6 4
89 6 5
89 11 10
89 10 9
89 9 8
89 8 7
89 13 12
89 17 16
89 20 19
89 33 32
89 32 23
89 32 31
89 31 30
89 30 28
89 28 26
89 26 25
89 25 24
89 28 27
89 30 29
90 34 33
90 33 1
90 1 0
90 33 32
90 32 18
90 18 17
90 17 16
90 16 12
90 12 2
90 12 11
90 11 10
90 10 9
90 9 8
90 8 4
90 4 3
90 8 7
90 7 5
90 7 6
90 16 15
90 15 14
90 14 13
90 32 31
90 31 30
90 30 27
90 27 26
90 26 19
90 26 25
90 25 21
90 21 20
90 25 24
90 24 22
90 24 23
90 30 29
90 29 28
91 34 30
91 30 24
91 24 14
91 14 12
91 12 0
91 12 11
91 11 10
91 10 5
91 5 4
91 4 2
91 2 1
91 4 3
91 10 9
91 9 7
91 7 6
91 9 8
91 14 13
91 24 23
91 23 21
91 21 17
91 17 16
91 16 15
91 21 20
91 20 18
91 20 19
91 23 22
91 30 29
91 29 27
91 27 26
91 26 25
91 29 28
91 34 33
91 33 31
91 33 32
92 31 29
92 29 28
92 28 1
92 1 0
92 28 27
92 27 26
92 26 14
92 14 9
92 9 8
92 8 6
92 6 4
92 4 2
92 4 3
92 6 5
92 8 7
92 14 13
92 13 12
92 12 11
92 11 10
92 26 25
92 25 22
92 22 16
92 16 15
92 22 21
92 21 17
92 21 20
92 20 19
92 19 18
92 25 24
92 24 23
92 31 30
93 31 0
93 31 30
93 30 29
93 29 28
93 28 20
93 20 19
93 19 1
93 19 18
93 18 17
93 17 14
93 14 12
93 12 2
93 12 11
93 11 9
93 9 8
93 8 7
93 7 5
93 5 4
93 4 3
93 7 6
93 11 10
93 14 13
93 17 16
93 16 15
93 28 27
93 27 26
93 26 25
93 25 23
93 23 21
93 23 22
93 25 24
94 31 29
94 29 3
94 3 0
94 3 2
94 2 1
94 29 28
94 28 4
94 28 27
94 27 15
94 15 14
94 14 10
94 10 7
94 7 5
94 7 6
94 10 9
94 9 8
94 14 13
94 13 11
94 13 12
94 27 26
94 26 22
94 22 18
94 18 16
94 18 17
94 22 21
94 21 20
94 20 19
94 26 25
94 25 24
94 24 23
94 31 30
95 31 9
95 9 0
95 9 8
95 8 4
95 4 3
95 3 2
95 2 1
95 8 7
95 7 6
95 6 5
95 31 30
95 30 28
95 28 22
95 22 21
95 21 19
95 19 18
95 18 16
95 16 15
95 15 10
95 15 14
95 14 12
95 12 11
95 14 13
95 18 17
95 21 20
95 28 27
95 27 25
95 25 24
95 24 23
95 27 26
95 30 29
96 34 30
96 30 28
96 28 0
96 28 27
96 27 25
96 25 24
96 24 3
96 3 1
96 3 2
96 24 23
96 23 5
96 5 4
96 23 22
96 22 21
96 21 7
96 7 6
96 21 20
96 20 18
96 18 17
96 17 14
96 14 13
96 13 8
96 13 12
96 12 11
96 11 10
96 10 9
96 17 16
96 16 15
96 20 19
96 27 26
96 30 29
96 34 33
96 33 31
96 33 32
97 34 0
97 34 33
97 33 32
97 32 31
97 31 1
97 31 30
97 30 29
97 29 28
97 28 27
97 27 26
97 26 25
97 25 15
97 15 9
97 9 3
97 3 2
97 9 8
97 8 7
97 7 6
97 6 5
97 5 4
97 15 14
97 14 12
97 12 10
97 12 11
97 14 13
97 25 24
97 24 22
97 22 16
97 22 21
97 21 20
97 20 19
97 19 17
97 19 18
97 24 23
98 34 32
98 32 0
98 32 31
98 31 1
98 31 30
98 30 2
98 30 29
98 29 28
98 28 27
98 27 4
98 4 3
98 27 26
98 26 24
98 24 22
98 22 7
98 7 5
98 7 6
98 22 21
98 21 10
98 10 9
98 9 8
98 21 20
98 20 17
98 17 16
98 16 15
98 15 14
98 14 13
98 13 12
98 12 11
98 20 19
98 19 18
98 24 23
98 26 25
98 34 33
99 32 9
99 9 0
99 9 8
99 8 5
99 5 4
99 4 2
99 2 1
99 4 3
99 8 7
99 7 6
99 32 31
99 31 10
99 31 30
99 30 12
99 12 11
99 30 29
99 29 28
99 28 19
99 19 18
99 18 17
99 17 13
99 17 16
99 16 14
99 16 15
99 28 27
99 27 21
99 21 20
99 27 26
99 26 24
99 24 23
99 23 22
99 26 25
100 31 29
100 29 0
100 29 28
100 28 26
100 26 25
100 25 1
100 25 24
100 24 18
100 18 17
100 17 15
100 15 2
100 15 14
100 14 13
100 13 12
100 12 11
100 11 10
100 10 9
100 9 8
100 8 4
100 4 3
100 8 7
100 7 6
100 6 5
100 17 16
100 24 23
100 23 19
100 23 22
100 22 21
100 21 20
100 28 27
100 31 30
101 30 2
101 2 1
101 1 0
101 30 29
101 29 28
101 28 26
101 26 12
101 12 11
101 11 10
101 10 8
101 8 3
101 8 7
101 7 4
101 7 6
101 6 5
101 10 9
101 26 25
101 25 13
101 25 24
101 24 23
101 23 21
101 21 14
101 21 20
101 20 19
101 19 15
101 19 18
101 18 17
101 17 16
101 23 22
101 28 27
