1 29 27
1 27 25
1 25 22
1 22 20
1 20 0
1 20 19
1 19 18
1 18 17
1 17 7
1 7 2
1 2 1
1 7 6
1 6 5
1 5 4
1 4 3
1 17 16
1 16 14
1 14 13
1 13 8
1 13 12
1 12 9
1 12 11
1 11 10
1 16 15
1 22 21
1 25 24
1 24 23
1 27 26
1 29 28
2 32 2
2 2 1
2 1 0
2 32 31
2 31 28
2 28 3
2 28 27
2 27 6
2 6 5
2 5 4
2 27 26
2 26 25
2 25 7
2 25 24
2 24 22
2 22 21
2 21 8
2 21 20
2 20 16
2 16 15
2 15 9
2 15 14
2 14 12
2 12 10
2 12 11
2 14 13
2 20 19
2 19 17
2 19 18
2 24 23
2 31 30
2 30 29
3 33 32
3 32 31
3 31 29
3 29 28
3 28 23
3 23 3
3 3 2
3 2 1
3 1 0
3 23 22
3 22 21
3 21 19
3 19 16
3 16 14
3 14 7
3 7 6
3 6 5
3 5 4
3 14 13
3 13 11
3 11 9
3 9 8
3 11 10
3 13 12
3 16 15
3 19 18
3 18 17
3 21 20
3 28 27
3 27 26
3 26 24
3 26 25
3 31 30
4 32 31
4 31 8
4 8 0
4 8 7
4 7 6
4 6 1
4 6 5
4 5 4
4 4 2
4 4 3
4 31 30
4 30 14
4 14 12
4 12 9
4 12 11
4 11 10
4 14 13
4 30 29
4 29 28
4 28 16
4 16 15
4 28 27
4 27 24
4 24 23
4 23 21
4 21 19
4 19 18
4 18 17
4 21 20
4 23 22
4 27 26
4 26 25
5 31 21
5 21 18
5 18 3
5 3 2
5 2 1
5 1 0
5 18 17
5 17 16
5 16 14
5 14 11
5 11 10
5 10 9
5 9 8
5 8 6
5 6 5
5 5 4
5 8 7
5 14 13
5 13 12
5 16 15
5 21 20
5 20 19
5 31 30
5 30 28
5 28 23
5 23 22
5 28 27
5 27 26
5 26 25
5 25 24
5 30 29
6 29 28
6 28 0
6 28 27
6 27 26
6 26 25
6 25 3
6 3 1
6 3 2
6 25 24
6 24 23
6 23 17
6 17 16
6 16 15
6 15 13
6 13 6
6 6 5
6 5 4
6 13 12
6 12 7
6 12 11
6 11 10
6 10 8
6 10 9
6 15 14
6 23 22
6 22 18
6 22 21
6 21 20
6 20 19
7 33 32
7 32 0
7 32 31
7 31 30
7 30 29
7 29 28
7 28 6
7 6 5
7 5 4
7 4 3
7 3 1
7 3 2
7 28 27
7 27 25
7 25 23
7 23 22
7 22 21
7 21 9
7 9 8
7 8 7
7 21 20
7 20 17
7 17 15
7 15 13
7 13 11
7 11 10
7 13 12
7 15 14
7 17 16
7 20 19
7 19 18
7 25 24
7 27 26
8 33 3
8 3 0
8 3 2
8 2 1
8 33 32
8 32 31
8 31 30
8 30 7
8 7 6
8 6 4
8 6 5
8 30 29
8 29 28
8 28 10
8 10 9
8 9 8
8 28 27
8 27 24
8 24 23
8 23 13
8 13 11
8 13 12
8 23 22
8 22 17
8 17 16
8 16 14
8 16 15
8 22 21
8 21 20
8 20 19
8 19 18
8 27 26
8 26 25
9 30 10
9 10 8
9 8 7
9 7 6
9 6 5
9 5 4
9 4 0
9 4 3
9 3 2
9 2 1
9 10 9
9 30 29
9 29 12
9 12 11
9 29 28
9 28 26
9 26 17
9 17 15
9 15 14
9 14 13
9 17 16
9 26 25
9 25 19
9 19 18
9 25 24
9 24 23
9 23 22
9 22 21
9 21 20
9 28 27
10 33 32
10 32 4
10 4 3
10 3 2
10 2 1
10 1 0
10 32 31
10 31 5
10 31 30
10 30 29
10 29 6
10 29 28
10 28 19
10 19 18
10 18 17
10 17 7
10 17 16
10 16 13
10 13 10
10 10 9
10 9 8
10 13 12
10 12 11
10 16 15
10 15 14
10 28 27
10 27 26
10 26 25
10 25 24
10 24 20
10 24 23
10 23 21
10 23 22
11 31 30
11 30 1
11 1 0
11 30 29
11 29 2
11 29 28
11 28 14
11 14 12
11 12 9
11 9 8
11 8 5
11 5 3
11 5 4
11 8 7
11 7 6
11 12 11
11 11 10
11 14 13
11 28 27
11 27 22
11 22 17
11 17 16
11 16 15
11 22 21
11 21 20
11 20 18
11 20 19
11 27 26
11 26 25
11 25 23
11 25 24
12 31 0
12 31 30
12 30 1
12 30 29
12 29 28
12 28 8
12 8 3
12 3 2
12 8 7
12 7 6
12 6 5
12 5 4
12 28 27
12 27 11
12 11 9
12 11 10
12 27 26
12 26 25
12 25 24
12 24 15
12 15 14
12 14 13
12 13 12
12 24 23
12 23 22
12 22 21
12 21 20
12 20 18
12 18 16
12 18 17
12 20 19
13 34 33
13 33 31
13 31 29
13 29 0
13 29 28
13 28 1
13 28 27
13 27 26
13 26 25
13 25 22
13 22 20
13 20 18
13 18 17
13 17 16
13 16 12
13 12 11
13 11 2
13 11 10
13 10 9
13 9 5
13 5 4
13 4 3
13 9 8
13 8 6
13 8 7
13 16 15
13 15 14
13 14 13
13 20 19
13 22 21
13 25 24
13 24 23
13 31 30
13 33 32
14 30 4
14 4 0
14 4 3
14 3 2
14 2 1
14 30 29
14 29 8
14 8 7
14 7 6
14 6 5
14 29 28
14 28 22
14 22 18
14 18 16
14 16 12
14 12 11
14 11 9
14 11 10
14 16 15
14 15 14
14 14 13
14 18 17
14 22 21
14 21 19
14 21 20
14 28 27
14 27 26
14 26 24
14 24 23
14 26 25
15 29 5
15 5 4
15 4 2
15 2 1
15 1 0
15 4 3
15 29 28
15 28 27
15 27 26
15 26 25
15 25 22
15 22 21
15 21 20
15 20 19
15 19 8
15 8 6
15 8 7
15 19 18
15 18 9
15 18 17
15 17 13
15 13 10
15 13 12
15 12 11
15 17 16
15 16 15
15 15 14
15 25 24
15 24 23
16 34 2
16 2 1
16 1 0
16 34 33
16 33 3
16 33 32
16 32 5
16 5 4
16 32 31
16 31 28
16 28 23
16 23 20
16 20 19
16 19 11
16 11 9
16 9 6
16 9 8
16 8 7
16 11 10
16 19 18
16 18 16
16 16 12
16 16 15
16 15 14
16 14 13
16 18 17
16 23 22
16 22 21
16 28 27
16 27 26
16 26 25
16 25 24
16 31 30
16 30 29
17 30 21
17 21 0
17 21 20
17 20 1
17 20 19
17 19 18
17 18 17
17 17 5
17 5 4
17 4 3
17 3 2
17 17 16
17 16 15
17 15 6
17 15 14
17 14 11
17 11 9
17 9 7
17 9 8
17 11 10
17 14 13
17 13 12
17 30 29
17 29 28
17 28 27
17 27 26
17 26 24
17 24 22
17 24 23
17 26 25
18 33 24
18 24 1
18 1 0
18 24 23
18 23 22
18 22 2
18 22 21
18 21 6
18 6 5
18 5 4
18 4 3
18 21 20
18 20 19
18 19 16
18 16 10
18 10 8
18 8 7
18 10 9
18 16 15
18 15 14
18 14 11
18 14 13
18 13 12
18 19 18
18 18 17
18 33 32
18 32 29
18 29 27
18 27 25
18 27 26
18 29 28
18 32 31
18 31 30
19 33 32
19 32 19
19 19 18
19 18 10
19 10 8
19 8 0
19 8 7
19 7 6
19 6 1
19 6 5
19 5 2
19 5 4
19 4 3
19 10 9
19 18 17
19 17 16
19 16 15
19 15 13
19 13 12
19 12 11
19 15 14
19 32 31
19 31 30
19 30 20
19 30 29
19 29 27
19 27 21
19 27 26
19 26 23
19 23 22
19 26 25
19 25 24
19 29 28
20 33 31
20 31 1
20 1 0
20 31 30
20 30 29
20 29 2
20 29 28
20 28 20
20 20 19
20 19 18
20 18 8
20 8 6
20 6 3
20 6 5
20 5 4
20 8 7
20 18 17
20 17 16
20 16 13
20 13 12
20 12 11
20 11 9
20 11 10
20 16 15
20 15 14
20 28 27
20 27 21
20 27 26
20 26 25
20 25 22
20 25 24
20 24 23
20 33 32
21 34 4
21 4 3
21 3 1
21 1 0
21 3 2
21 34 33
21 33 6
21 6 5
21 33 32
21 32 24
21 24 23
21 23 20
21 20 14
21 14 11
21 11 9
21 9 8
21 8 7
21 11 10
21 14 13
21 13 12
21 20 19
21 19 16
21 16 15
21 19 18
21 18 17
21 23 22
21 22 21
21 32 31
21 31 29
21 29 28
21 28 26
21 26 25
21 28 27
21 31 30
22 29 28
22 28 27
22 27 24
22 24 23
22 23 21
22 21 18
22 18 17
22 17 1
22 1 0
22 17 16
22 16 15
22 15 14
22 14 13
22 13 12
22 12 11
22 11 2
22 11 10
22 10 8
22 8 4
22 4 3
22 8 7
22 7 5
22 7 6
22 10 9
22 21 20
22 20 19
22 23 22
22 27 26
22 26 25
23 29 9
23 9 8
23 8 7
23 7 6
23 6 3
23 3 0
23 3 2
23 2 1
23 6 5
23 5 4
23 29 28
23 28 10
23 28 27
23 27 11
23 27 26
23 26 17
23 17 16
23 16 14
23 14 12
23 14 13
23 16 15
23 26 25
23 25 20
23 20 19
23 19 18
23 25 24
23 24 23
23 23 21
23 23 22
24 32 31
24 31 30
24 30 29
24 29 0
24 29 28
24 28 18
24 18 9
24 9 8
24 8 6
24 6 1
24 6 5
24 5 3
24 3 2
24 5 4
24 8 7
24 18 17
24 17 15
24 15 13
24 13 12
24 12 11
24 11 10
24 15 14
24 17 16
24 28 27
24 27 23
24 23 21
24 21 20
24 20 19
24 23 22
24 27 26
24 26 25
24 25 24
25 30 0
25 30 29
25 29 5
25 5 4
25 4 1
25 4 3
25 3 2
25 29 28
25 28 25
25 25 21
25 21 14
25 14 11
25 11 10
25 10 8
25 8 6
25 8 7
25 10 9
25 14 13
25 13 12
25 21 20
25 20 19
25 19 15
25 19 18
25 18 16
25 18 17
25 25 24
25 24 22
25 24 23
25 28 27
25 27 26
26 30 1
26 1 0
26 30 29
26 29 6
26 6 4
26 4 2
26 4 3
26 6 5
26 29 28
26 28 7
26 28 27
26 27 25
26 25 24
26 24 22
26 22 19
26 19 18
26 18 16
26 16 11
26 11 10
26 10 9
26 9 8
26 16 15
26 15 12
26 15 14
26 14 13
26 18 17
26 22 21
26 21 20
26 24 23
26 27 26
27 31 29
27 29 28
27 28 0
27 28 27
27 27 24
27 24 21
27 21 19
27 19 17
27 17 10
27 10 4
27 4 3
27 3 1
27 3 2
27 10 9
27 9 6
27 6 5
27 9 8
27 8 7
27 17 16
27 16 11
27 16 15
27 15 14
27 14 13
27 13 12
27 19 18
27 21 20
27 24 23
27 23 22
27 27 26
27 26 25
27 31 30
28 32 0
28 32 31
28 31 14
28 14 13
28 13 10
28 10 9
28 9 8
28 8 1
28 8 7
28 7 4
28 4 2
28 4 3
28 7 6
28 6 5
28 13 12
28 12 11
28 31 30
28 30 22
28 22 15
28 22 21
28 21 19
28 19 18
28 18 16
28 18 17
28 21 20
28 30 29
28 29 28
28 28 25
28 25 24
28 24 23
28 28 27
28 27 26
29 29 28
29 28 26
29 26 21
29 21 14
29 14 11
29 11 10
29 10 0
29 10 9
29 9 8
29 8 7
29 7 1
29 7 6
29 6 4
29 4 2
29 4 3
29 6 5
29 14 13
29 13 12
29 21 20
29 20 17
29 17 16
29 16 15
29 20 19
29 19 18
29 26 25
29 25 24
29 24 23
29 23 22
29 28 27
30 29 28
30 28 27
30 27 17
30 17 0
30 17 16
30 16 1
30 16 15
30 15 14
30 14 2
30 14 13
30 13 8
30 8 7
30 7 6
30 6 5
30 5 3
30 5 4
30 13 12
30 12 9
30 12 11
30 11 10
30 27 26
30 26 21
30 21 20
30 20 19
30 19 18
30 26 25
30 25 24
30 24 23
30 23 22
31 34 12
31 12 11
31 11 9
31 9 8
31 8 0
31 8 7
31 7 1
31 7 6
31 6 5
31 5 4
31 4 3
31 3 2
31 11 10
31 34 33
31 33 13
31 33 32
31 32 18
31 18 14
31 18 17
31 17 15
31 17 16
31 32 31
31 31 19
31 31 30
31 30 29
31 29 28
31 28 26
31 26 22
31 22 21
31 21 20
31 26 25
31 25 24
31 24 23
31 28 27
32 33 20
32 20 19
32 19 4
32 4 2
32 2 0
32 2 1
32 4 3
32 19 18
32 18 17
32 17 16
32 16 15
32 15 14
32 14 8
32 8 6
32 6 5
32 8 7
32 14 13
32 13 12
32 12 11
32 11 9
32 11 10
32 33 32
32 32 27
32 27 24
32 24 22
32 22 21
32 24 23
32 27 26
32 26 25
32 32 31
32 31 30
32 30 29
32 29 28
33 29 0
33 29 28
33 28 27
33 27 7
33 7 6
33 6 5
33 5 3
33 3 1
33 3 2
33 5 4
33 27 26
33 26 25
33 25 11
33 11 10
33 10 8
33 10 9
33 25 24
33 24 15
33 15 14
33 14 13
33 13 12
33 24 23
33 23 19
33 19 18
33 18 16
33 18 17
33 23 22
33 22 21
33 21 20
34 29 27
34 27 2
34 2 1
34 1 0
34 27 26
34 26 25
34 25 15
34 15 14
34 14 13
34 13 12
34 12 10
34 10 9
34 9 7
34 7 4
34 4 3
34 7 6
34 6 5
34 9 8
34 12 11
34 25 24
34 24 22
34 22 21
34 21 20
34 20 19
34 19 18
34 18 16
34 18 17
34 24 23
34 29 28
35 30 1
35 1 0
35 30 29
35 29 11
35 11 9
35 9 8
35 8 4
35 4 3
35 3 2
35 8 7
35 7 5
35 7 6
35 11 10
35 29 28
35 28 26
35 26 12
35 26 25
35 25 19
35 19 13
35 19 18
35 18 17
35 17 15
35 15 14
35 17 16
35 25 24
35 24 22
35 22 21
35 21 20
35 24 23
35 28 27
36 31 30
36 30 27
36 27 26
36 26 2
36 2 0
36 2 1
36 26 25
36 25 19
36 19 6
36 6 4
36 4 3
36 6 5
36 19 18
36 18 17
36 17 9
36 9 7
36 9 8
36 17 16
36 16 10
36 16 15
36 15 14
36 14 11
36 14 13
36 13 12
36 25 24
36 24 23
36 23 22
36 22 21
36 21 20
36 30 29
36 29 28
37 29 23
37 23 4
37 4 3
37 3 1
37 1 0
37 3 2
37 23 22
37 22 6
37 6 5
37 22 21
37 21 12
37 12 8
37 8 7
37 12 11
37 11 10
37 10 9
37 21 20
37 20 18
37 18 17
37 17 16
37 16 14
37 14 13
37 16 15
37 20 19
37 29 28
37 28 26
37 26 25
37 25 24
37 28 27
38 29 27
38 27 0
38 27 26
38 26 21
38 21 1
38 21 20
38 20 5
38 5 4
38 4 3
38 3 2
38 20 19
38 19 7
38 7 6
38 19 18
38 18 9
38 9 8
38 18 17
38 17 15
38 15 13
38 13 12
38 12 10
38 12 11
38 15 14
38 17 16
38 26 25
38 25 24
38 24 22
38 24 23
38 29 28
39 29 28
39 28 27
39 27 26
39 26 15
39 15 13
39 13 12
39 12 0
39 12 11
39 11 9
39 9 8
39 8 5
39 5 3
39 3 1
39 3 2
39 5 4
39 8 7
39 7 6
39 11 10
39 15 14
39 26 25
39 25 20
39 20 19
39 19 18
39 18 16
39 18 17
39 25 24
39 24 23
39 23 21
39 23 22
40 29 27
40 27 0
40 27 26
40 26 24
40 24 22
40 22 11
40 11 10
40 10 1
40 10 9
40 9 6
40 6 4
40 4 2
40 4 3
40 6 5
40 9 8
40 8 7
40 22 21
40 21 20
40 20 18
40 18 14
40 14 12
40 14 13
40 18 17
40 17 15
40 17 16
40 20 19
40 24 23
40 26 25
40 29 28
41 31 3
41 3 0
41 3 2
41 2 1
41 31 30
41 30 25
41 25 24
41 24 17
41 17 11
41 11 10
41 10 6
41 6 4
41 6 5
41 10 9
41 9 7
41 9 8
41 17 16
41 16 15
41 15 14
41 14 12
41 14 13
41 24 23
41 23 20
41 20 19
41 19 18
41 23 22
41 22 21
41 30 29
41 29 27
41 27 26
41 29 28
42 33 8
42 8 7
42 7 3
42 3 0
42 3 2
42 2 1
42 7 6
42 6 4
42 6 5
42 33 32
42 32 31
42 31 10
42 10 9
42 31 30
42 30 16
42 16 12
42 12 11
42 16 15
42 15 14
42 14 13
42 30 29
42 29 28
42 28 27
42 27 24
42 24 23
42 23 18
42 18 17
42 23 22
42 22 21
42 21 20
42 20 19
42 27 26
42 26 25
43 30 8
43 8 7
43 7 3
43 3 2
43 2 1
43 1 0
43 7 6
43 6 4
43 6 5
43 30 29
43 29 28
43 28 27
43 27 26
43 26 9
43 26 25
43 25 14
43 14 10
43 14 13
43 13 11
43 13 12
43 25 24
43 24 22
43 22 16
43 16 15
43 22 21
43 21 19
43 19 18
43 18 17
43 21 20
43 24 23
44 34 33
44 33 32
44 32 30
44 30 29
44 29 26
44 26 25
44 25 0
44 25 24
44 24 16
44 16 11
44 11 10
44 10 9
44 9 7
44 7 4
44 4 1
44 4 3
44 3 2
44 7 6
44 6 5
44 9 8
44 16 15
44 15 12
44 15 14
44 14 13
44 24 23
44 23 21
44 21 19
44 19 18
44 18 17
44 21 20
44 23 22
44 29 28
44 28 27
44 32 31
45 31 30
45 30 28
45 28 10
45 10 1
45 1 0
45 10 9
45 9 2
45 9 8
45 8 6
45 6 3
45 6 5
45 5 4
45 8 7
45 28 27
45 27 26
45 26 24
45 24 23
45 23 22
45 22 11
45 22 21
45 21 20
45 20 19
45 19 16
45 16 15
45 15 13
45 13 12
45 15 14
45 19 18
45 18 17
45 26 25
45 30 29
46 34 8
46 8 7
46 7 5
46 5 4
46 4 2
46 2 1
46 1 0
46 4 3
46 7 6
46 34 33
46 33 32
46 32 30
46 30 16
46 16 14
46 14 9
46 14 13
46 13 10
46 13 12
46 12 11
46 16 15
46 30 29
46 29 28
46 28 17
46 28 27
46 27 18
46 27 26
46 26 19
46 26 25
46 25 24
46 24 20
46 24 23
46 23 22
46 22 21
46 32 31
47 34 4
47 4 1
47 1 0
47 4 3
47 3 2
47 34 33
47 33 32
47 32 31
47 31 5
47 31 30
47 30 29
47 29 27
47 27 26
47 26 25
47 25 22
47 22 21
47 21 18
47 18 14
47 14 13
47 13 12
47 12 9
47 9 7
47 7 6
47 9 8
47 12 11
47 11 10
47 18 17
47 17 16
47 16 15
47 21 20
47 20 19
47 25 24
47 24 23
47 29 28
48 31 2
48 2 1
48 1 0
48 31 30
48 30 7
48 7 6
48 6 4
48 4 3
48 6 5
48 30 29
48 29 9
48 9 8
48 29 28
48 28 23
48 23 22
48 22 19
48 19 18
48 18 17
48 17 12
48 12 10
48 12 11
48 17 16
48 16 15
48 15 13
48 15 14
48 22 21
48 21 20
48 28 27
48 27 24
48 27 26
48 26 25
49 30 0
49 30 29
49 29 28
49 28 19
49 19 17
49 17 16
49 16 14
49 14 13
49 13 1
49 13 12
49 12 7
49 7 3
49 3 2
49 7 6
49 6 4
49 6 5
49 12 11
49 11 10
49 10 9
49 9 8
49 16 15
49 19 18
49 28 27
49 27 26
49 26 24
49 24 23
49 23 20
49 23 22
49 22 21
49 26 25
50 30 0
50 30 29
50 29 25
50 25 3
50 3 1
50 3 2
50 25 24
50 24 21
50 21 20
50 20 19
50 19 4
50 19 18
50 18 17
50 17 16
50 16 15
50 15 5
50 15 14
50 14 13
50 13 10
50 10 6
50 10 9
50 9 8
50 8 7
50 13 12
50 12 11
50 24 23
50 23 22
50 29 28
50 28 26
50 28 27
51 29 0
51 29 28
51 28 23
51 23 17
51 17 16
51 16 3
51 3 1
51 3 2
51 16 15
51 15 5
51 5 4
51 15 14
51 14 11
51 11 6
51 11 10
51 10 9
51 9 8
51 8 7
51 14 13
51 13 12
51 23 22
51 22 20
51 20 18
51 20 19
51 22 21
51 28 27
51 27 24
51 27 26
51 26 25
52 30 24
52 24 22
52 22 10
52 10 3
52 3 2
52 2 1
52 1 0
52 10 9
52 9 4
52 9 8
52 8 6
52 6 5
52 8 7
52 22 21
52 21 20
52 20 19
52 19 16
52 16 13
52 13 12
52 12 11
52 16 15
52 15 14
52 19 18
52 18 17
52 24 23
52 30 29
52 29 26
52 26 25
52 29 28
52 28 27
53 31 27
53 27 26
53 26 25
53 25 23
53 23 22
53 22 3
53 3 0
53 3 2
53 2 1
53 22 21
53 21 20
53 20 18
53 18 17
53 17 16
53 16 15
53 15 12
53 12 11
53 11 8
53 8 5
53 5 4
53 8 7
53 7 6
53 11 10
53 10 9
53 15 14
53 14 13
53 20 19
53 25 24
53 31 30
53 30 28
53 30 29
54 29 23
54 23 9
54 9 8
54 8 3
54 3 1
54 1 0
54 3 2
54 8 7
54 7 6
54 6 5
54 5 4
54 23 22
54 22 10
54 22 21
54 21 20
54 20 16
54 16 11
54 16 15
54 15 12
54 15 14
54 14 13
54 20 19
54 19 18
54 18 17
54 29 28
54 28 27
54 27 26
54 26 24
54 26 25
55 34 31
55 31 23
55 23 22
55 22 21
55 21 16
55 16 6
55 6 5
55 5 2
55 2 0
55 2 1
55 5 4
55 4 3
55 16 15
55 15 11
55 11 9
55 9 7
55 9 8
55 11 10
55 15 14
55 14 13
55 13 12
55 21 20
55 20 19
55 19 17
55 19 18
55 31 30
55 30 24
55 30 29
55 29 28
55 28 27
55 27 26
55 26 25
55 34 33
55 33 32
56 32 31
56 31 29
56 29 28
56 28 27
56 27 0
56 27 26
56 26 20
56 20 17
56 17 1
56 17 16
56 16 15
56 15 12
56 12 11
56 11 10
56 10 9
56 9 4
56 4 3
56 3 2
56 9 8
56 8 5
56 8 7
56 7 6
56 15 14
56 14 13
56 20 19
56 19 18
56 26 25
56 25 23
56 23 22
56 22 21
56 25 24
56 31 30
57 30 29
57 29 0
57 29 28
57 28 27
57 27 23
57 23 22
57 22 16
57 16 15
57 15 14
57 14 11
57 11 10
57 10 6
57 6 5
57 5 3
57 3 1
57 3 2
57 5 4
57 10 9
57 9 7
57 9 8
57 14 13
57 13 12
57 22 21
57 21 19
57 19 18
57 18 17
57 21 20
57 27 26
57 26 25
57 25 24
58 33 32
58 32 31
58 31 4
58 4 2
58 2 1
58 1 0
58 4 3
58 31 30
58 30 29
58 29 14
58 14 13
58 13 12
58 12 11
58 11 8
58 8 6
58 6 5
58 8 7
58 11 10
58 10 9
58 29 28
58 28 27
58 27 26
58 26 15
58 26 25
58 25 16
58 25 24
58 24 23
58 23 17
58 23 22
58 22 21
58 21 20
58 20 18
58 20 19
59 30 1
59 1 0
59 30 29
59 29 2
59 29 28
59 28 27
59 27 26
59 26 3
59 26 25
59 25 4
59 25 24
59 24 5
59 24 23
59 23 16
59 16 15
59 15 13
59 13 6
59 13 12
59 12 11
59 11 9
59 9 8
59 8 7
59 11 10
59 15 14
59 23 22
59 22 17
59 22 21
59 21 19
59 19 18
59 21 20
60 34 14
60 14 12
60 12 2
60 2 0
60 2 1
60 12 11
60 11 7
60 7 6
60 6 5
60 5 3
60 5 4
60 11 10
60 10 8
60 10 9
60 14 13
60 34 33
60 33 32
60 32 16
60 16 15
60 32 31
60 31 28
60 28 27
60 27 20
60 20 19
60 19 18
60 18 17
60 27 26
60 26 25
60 25 24
60 24 21
60 24 23
60 23 22
60 31 30
60 30 29
61 30 29
61 29 2
61 2 1
61 1 0
61 29 28
61 28 4
61 4 3
61 28 27
61 27 26
61 26 21
61 21 8
61 8 7
61 7 5
61 7 6
61 21 20
61 20 19
61 19 15
61 15 14
61 14 11
61 11 9
61 11 10
61 14 13
61 13 12
61 19 18
61 18 17
61 17 16
61 26 25
61 25 22
61 25 24
61 24 23
62 32 7
62 7 6
62 6 4
62 4 2
62 2 0
62 2 1
62 4 3
62 6 5
62 32 31
62 31 26
62 26 25
62 25 23
62 23 13
62 13 11
62 11 8
62 11 10
62 10 9
62 13 12
62 23 22
62 22 20
62 20 16
62 16 14
62 16 15
62 20 19
62 19 17
62 19 18
62 22 21
62 25 24
62 31 30
62 30 29
62 29 28
62 28 27
63 34 0
63 34 33
63 33 9
63 9 2
63 2 1
63 9 8
63 8 7
63 7 6
63 6 4
63 4 3
63 6 5
63 33 32
63 32 21
63 21 10
63 21 20
63 20 18
63 18 17
63 17 16
63 16 15
63 15 14
63 14 13
63 13 12
63 12 11
63 20 19
63 32 31
63 31 30
63 30 29
63 29 26
63 26 25
63 25 23
63 23 22
63 25 24
63 29 28
63 28 27
64 34 33
64 33 32
64 32 26
64 26 10
64 10 9
64 9 2
64 2 0
64 2 1
64 9 8
64 8 7
64 7 6
64 6 4
64 4 3
64 6 5
64 26 25
64 25 13
64 13 12
64 12 11
64 25 24
64 24 23
64 23 21
64 21 18
64 18 17
64 17 15
64 15 14
64 17 16
64 21 20
64 20 19
64 23 22
64 32 31
64 31 30
64 30 29
64 29 27
64 29 28
65 34 0
65 34 33
65 33 27
65 27 24
65 24 16
65 16 3
65 3 2
65 2 1
65 16 15
65 15 10
65 10 4
65 10 9
65 9 5
65 9 8
65 8 7
65 7 6
65 15 14
65 14 13
65 13 11
65 13 12
65 24 23
65 23 21
65 21 20
65 20 18
65 18 17
65 20 19
65 23 22
65 27 26
65 26 25
65 33 32
65 32 29
65 29 28
65 32 31
65 31 30
66 34 0
66 34 33
66 33 8
66 8 2
66 2 1
66 8 7
66 7 6
66 6 3
66 6 5
66 5 4
66 33 32
66 32 9
66 32 31
66 31 13
66 13 10
66 13 12
66 12 11
66 31 30
66 30 23
66 23 15
66 15 14
66 23 22
66 22 21
66 21 18
66 18 16
66 18 17
66 21 20
66 20 19
66 30 29
66 29 24
66 29 28
66 28 27
66 27 25
66 27 26
67 31 30
67 30 29
67 29 11
67 11 10
67 10 0
67 10 9
67 9 7
67 7 2
67 2 1
67 7 6
67 6 5
67 5 3
67 5 4
67 9 8
67 29 28
67 28 27
67 27 26
67 26 12
67 26 25
67 25 13
67 25 24
67 24 23
67 23 17
67 17 16
67 16 14
67 16 15
67 23 22
67 22 19
67 19 18
67 22 21
67 21 20
68 34 32
68 32 2
68 2 1
68 1 0
68 32 31
68 31 29
68 29 5
68 5 3
68 5 4
68 29 28
68 28 26
68 26 23
68 23 16
68 16 9
68 9 6
68 9 8
68 8 7
68 16 15
68 15 10
68 15 14
68 14 12
68 12 11
68 14 13
68 23 22
68 22 21
68 21 18
68 18 17
68 21 20
68 20 19
68 26 25
68 25 24
68 28 27
68 31 30
68 34 33
69 30 28
69 28 27
69 27 25
69 25 22
69 22 1
69 1 0
69 22 21
69 21 20
69 20 3
69 3 2
69 20 19
69 19 18
69 18 15
69 15 5
69 5 4
69 15 14
69 14 10
69 10 6
69 10 9
69 9 8
69 8 7
69 14 13
69 13 12
69 12 11
69 18 17
69 17 16
69 25 24
69 24 23
69 27 26
69 30 29
70 31 30
70 30 28
70 28 25
70 25 24
70 24 19
70 19 2
70 2 0
70 2 1
70 19 18
70 18 17
70 17 7
70 7 3
70 7 6
70 6 5
70 5 4
70 17 16
70 16 15
70 15 14
70 14 12
70 12 10
70 10 8
70 10 9
70 12 11
70 14 13
70 24 23
70 23 22
70 22 21
70 21 20
70 28 27
70 27 26
70 30 29
71 34 25
71 25 8
71 8 0
71 8 7
71 7 1
71 7 6
71 6 5
71 5 2
71 5 4
71 4 3
71 25 24
71 24 23
71 23 12
71 12 11
71 11 9
71 11 10
71 23 22
71 22 15
71 15 13
71 15 14
71 22 21
71 21 20
71 20 19
71 19 16
71 19 18
71 18 17
71 34 33
71 33 32
71 32 29
71 29 26
71 29 28
71 28 27
71 32 31
71 31 30
72 31 2
72 2 1
72 1 0
72 31 30
72 30 29
72 29 27
72 27 24
72 24 7
72 7 3
72 7 6
72 6 4
72 6 5
72 24 23
72 23 10
72 10 9
72 9 8
72 23 22
72 22 20
72 20 19
72 19 18
72 18 11
72 18 17
72 17 14
72 14 12
72 14 13
72 17 16
72 16 15
72 22 21
72 27 26
72 26 25
72 29 28
73 32 0
73 32 31
73 31 29
73 29 28
73 28 2
73 2 1
73 28 27
73 27 26
73 26 3
73 26 25
73 25 4
73 25 24
73 24 20
73 20 19
73 19 18
73 18 17
73 17 16
73 16 14
73 14 6
73 6 5
73 14 13
73 13 10
73 10 9
73 9 8
73 8 7
73 13 12
73 12 11
73 16 15
73 24 23
73 23 22
73 22 21
73 31 30
74 31 25
74 25 0
74 25 24
74 24 22
74 22 7
74 7 1
74 7 6
74 6 5
74 5 4
74 4 3
74 3 2
74 22 21
74 21 15
74 15 8
74 15 14
74 14 12
74 12 11
74 11 9
74 11 10
74 14 13
74 21 20
74 20 19
74 19 16
74 19 18
74 18 17
74 24 23
74 31 30
74 30 27
74 27 26
74 30 29
74 29 28
75 34 33
75 33 32
75 32 19
75 19 18
75 18 17
75 17 0
75 17 16
75 16 15
75 15 14
75 14 13
75 13 11
75 11 8
75 8 7
75 7 4
75 4 3
75 3 2
75 2 1
75 7 6
75 6 5
75 11 10
75 10 9
75 13 12
75 32 31
75 31 29
75 29 28
75 28 20
75 28 27
75 27 25
75 25 24
75 24 23
75 23 22
75 22 21
75 27 26
75 31 30
76 33 1
76 1 0
76 33 32
76 32 24
76 24 2
76 24 23
76 23 20
76 20 18
76 18 17
76 17 16
76 16 7
76 7 6
76 6 5
76 5 4
76 4 3
76 16 15
76 15 9
76 9 8
76 15 14
76 14 10
76 14 13
76 13 11
76 13 12
76 20 19
76 23 22
76 22 21
76 32 31
76 31 28
76 28 27
76 27 25
76 27 26
76 31 30
76 30 29
77 32 0
77 32 31
77 31 30
77 30 1
77 30 29
77 29 26
77 26 3
77 3 2
77 26 25
77 25 5
77 5 4
77 25 24
77 24 17
77 17 15
77 15 12
77 12 11
77 11 10
77 10 9
77 9 6
77 9 8
77 8 7
77 15 14
77 14 13
77 17 16
77 24 23
77 23 22
77 22 20
77 20 18
77 20 19
77 22 21
77 29 28
77 28 27
78 34 28
78 28 20
78 20 18
78 18 17
78 17 4
78 4 3
78 3 2
78 2 0
78 2 1
78 17 16
78 16 9
78 9 5
78 9 8
78 8 6
78 8 7
78 16 15
78 15 14
78 14 11
78 11 10
78 14 13
78 13 12
78 20 19
78 28 27
78 27 26
78 26 24
78 24 22
78 22 21
78 24 23
78 26 25
78 34 33
78 33 32
78 32 30
78 30 29
78 32 31
79 34 2
79 2 0
79 2 1
79 34 33
79 33 29
79 29 28
79 28 21
79 21 20
79 20 3
79 20 19
79 19 5
79 5 4
79 19 18
79 18 17
79 17 16
79 16 15
79 15 6
79 15 14
79 14 8
79 8 7
79 14 13
79 13 12
79 12 11
79 11 10
79 10 9
79 28 27
79 27 24
79 24 22
79 24 23
79 27 26
79 26 25
79 33 32
79 32 31
79 31 30
80 33 32
80 32 31
80 31 0
80 31 30
80 30 15
80 15 6
80 6 1
80 6 5
80 5 2
80 5 4
80 4 3
80 15 14
80 14 13
80 13 9
80 9 7
80 9 8
80 13 12
80 12 11
80 11 10
80 30 29
80 29 28
80 28 26
80 26 24
80 24 18
80 18 17
80 17 16
80 24 23
80 23 22
80 22 19
80 22 21
80 21 20
80 26 25
80 28 27
81 32 30
81 30 29
81 29 24
81 24 16
81 16 15
81 15 0
81 15 14
81 14 8
81 8 7
81 7 5
81 5 4
81 4 1
81 4 3
81 3 2
81 7 6
81 14 13
81 13 12
81 12 9
81 12 11
81 11 10
81 24 23
81 23 20
81 20 18
81 18 17
81 20 19
81 23 22
81 22 21
81 29 28
81 28 25
81 28 27
81 27 26
81 32 31
82 31 29
82 29 28
82 28 0
82 28 27
82 27 17
82 17 2
82 2 1
82 17 16
82 16 4
82 4 3
82 16 15
82 15 7
82 7 6
82 6 5
82 15 14
82 14 9
82 9 8
82 14 13
82 13 10
82 13 12
82 12 11
82 27 26
82 26 19
82 19 18
82 26 25
82 25 23
82 23 22
82 22 20
82 22 21
82 25 24
82 31 30
83 31 30
83 30 14
83 14 12
83 12 0
83 12 11
83 11 9
83 9 2
83 2 1
83 9 8
83 8 7
83 7 6
83 6 4
83 4 3
83 6 5
83 11 10
83 14 13
83 30 29
83 29 17
83 17 15
83 17 16
83 29 28
83 28 27
83 27 26
83 26 25
83 25 21
83 21 18
83 21 20
83 20 19
83 25 24
83 24 23
83 23 22
84 30 29
84 29 5
84 5 4
84 4 1
84 1 0
84 4 3
84 3 2
84 29 28
84 28 27
84 27 6
84 27 26
84 26 7
84 26 25
84 25 20
84 20 19
84 19 10
84 10 9
84 9 8
84 19 18
84 18 11
84 18 17
84 17 13
84 13 12
84 17 16
84 16 15
84 15 14
84 25 24
84 24 22
84 22 21
84 24 23
85 34 11
85 11 1
85 1 0
85 11 10
85 10 8
85 8 6
85 6 5
85 5 4
85 4 2
85 4 3
85 8 7
85 10 9
85 34 33
85 33 12
85 33 32
85 32 13
85 32 31
85 31 15
85 15 14
85 31 30
85 30 29
85 29 28
85 28 26
85 26 25
85 25 22
85 22 21
85 21 20
85 20 19
85 19 17
85 17 16
85 19 18
85 25 24
85 24 23
85 28 27
86 32 0
86 32 31
86 31 29
86 29 2
86 2 1
86 29 28
86 28 5
86 5 3
86 5 4
86 28 27
86 27 24
86 24 6
86 24 23
86 23 22
86 22 21
86 21 19
86 19 18
86 18 17
86 17 15
86 15 13
86 13 10
86 10 8
86 8 7
86 10 9
86 13 12
86 12 11
86 15 14
86 17 16
86 21 20
86 27 26
86 26 25
86 31 30
87 31 30
87 30 28
87 28 0
87 28 27
87 27 24
87 24 23
87 23 2
87 2 1
87 23 22
87 22 20
87 20 3
87 20 19
87 19 18
87 18 5
87 5 4
87 18 17
87 17 13
87 13 10
87 10 9
87 9 8
87 8 7
87 7 6
87 13 12
87 12 11
87 17 16
87 16 15
87 15 14
87 22 21
87 27 26
87 26 25
87 30 29
88 30 28
88 28 4
88 4 3
88 3 1
88 1 0
88 3 2
88 28 27
88 27 24
88 24 23
88 23 22
88 22 20
88 20 19
88 19 18
88 18 6
88 6 5
88 18 17
88 17 16
88 16 7
88 16 15
88 15 14
88 14 8
88 14 13
88 13 9
88 13 12
88 12 11
88 11 10
88 22 21
88 27 26
88 26 25
88 30 29
89 33 31
89 31 0
89 31 30
89 30 1
89 30 29
89 29 5
89 5 3
89 3 2
89 5 4
89 29 28
89 28 16
89 16 13
89 13 11
89 11 10
89 10 7
89 7 6
89 10 9
89 9 8
89 13 12
89 16 15
89 15 14
89 28 27
89 27 26
89 26 22
89 22 21
89 21 20
89 20 17
89 20 19
89 19 18
89 26 25
89 25 23
89 25 24
89 33 32
90 34 17
90 17 0
90 17 16
90 16 15
90 15 13
90 13 12
90 12 11
90 11 10
90 10 9
90 9 8
90 8 7
90 7 3
90 3 2
90 2 1
90 7 6
90 6 5
90 5 4
90 15 14
90 34 33
90 33 27
90 27 26
90 26 21
90 21 18
90 21 20
90 20 19
90 26 25
90 25 23
90 23 22
90 25 24
90 33 32
90 32 30
90 30 29
90 29 28
90 32 31
91 33 31
91 31 0
91 31 30
91 30 25
91 25 1
91 25 24
91 24 2
91 24 23
91 23 22
91 22 15
91 15 14
91 14 12
91 12 10
91 10 4
91 4 3
91 10 9
91 9 8
91 8 6
91 6 5
91 8 7
91 12 11
91 14 13
91 22 21
91 21 20
91 20 18
91 18 16
91 18 17
91 20 19
91 30 29
91 29 28
91 28 26
91 28 27
91 33 32
92 32 28
92 28 27
92 27 21
92 21 18
92 18 14
92 14 13
92 13 12
92 12 8
92 8 7
92 7 5
92 5 4
92 4 1
92 1 0
92 4 3
92 3 2
92 7 6
92 12 11
92 11 9
92 11 10
92 18 17
92 17 16
92 16 15
92 21 20
92 20 19
92 27 26
92 26 24
92 24 23
92 23 22
92 26 25
92 32 31
92 31 29
92 31 30
93 32 2
93 2 0
93 2 1
93 32 31
93 31 8
93 8 3
93 8 7
93 7 5
93 5 4
93 7 6
93 31 30
93 30 11
93 11 10
93 10 9
93 30 29
93 29 27
93 27 14
93 14 12
93 14 13
93 27 26
93 26 22
93 22 21
93 21 19
93 19 18
93 18 17
93 17 15
93 17 16
93 21 20
93 26 25
93 25 23
93 25 24
93 29 28
94 31 2
94 2 0
94 2 1
94 31 30
94 30 3
94 30 29
94 29 4
94 29 28
94 28 21
94 21 5
94 21 20
94 20 7
94 7 6
94 20 19
94 19 18
94 18 14
94 14 12
94 12 9
94 9 8
94 12 11
94 11 10
94 14 13
94 18 17
94 17 16
94 16 15
94 28 27
94 27 25
94 25 24
94 24 23
94 23 22
94 27 26
95 31 4
95 4 3
95 3 1
95 1 0
95 3 2
95 31 30
95 30 29
95 29 27
95 27 26
95 26 25
95 25 6
95 6 5
95 25 24
95 24 20
95 20 19
95 19 7
95 19 18
95 18 8
95 18 17
95 17 15
95 15 14
95 14 9
95 14 13
95 13 11
95 11 10
95 13 12
95 17 16
95 24 23
95 23 22
95 22 21
95 29 28
96 33 31
96 31 30
96 30 29
96 29 26
96 26 25
96 25 18
96 18 16
96 16 1
96 1 0
96 16 15
96 15 5
96 5 2
96 5 4
96 4 3
96 15 14
96 14 13
96 13 9
96 9 7
96 7 6
96 9 8
96 13 12
96 12 11
96 11 10
96 18 17
96 25 24
96 24 23
96 23 22
96 22 21
96 21 20
96 20 19
96 29 28
96 28 27
96 33 32
97 30 27
97 27 25
97 25 13
97 13 1
97 1 0
97 13 12
97 12 11
97 11 10
97 10 7
97 7 5
97 5 4
97 4 3
97 3 2
97 7 6
97 10 9
97 9 8
97 25 24
97 24 14
97 24 23
97 23 22
97 22 21
97 21 16
97 16 15
97 21 20
97 20 18
97 18 17
97 20 19
97 27 26
97 30 29
97 29 28
98 30 28
98 28 1
98 1 0
98 28 27
98 27 26
98 26 25
98 25 3
98 3 2
98 25 24
98 24 22
98 22 21
98 21 18
98 18 5
98 5 4
98 18 17
98 17 16
98 16 15
98 15 14
98 14 12
98 12 10
98 10 8
98 8 6
98 8 7
98 10 9
98 12 11
98 14 13
98 21 20
98 20 19
98 24 23
98 30 29
99 29 28
99 28 26
99 26 25
99 25 17
99 17 0
99 17 16
99 16 15
99 15 14
99 14 13
99 13 11
99 11 8
99 8 7
99 7 6
99 6 4
99 4 2
99 2 1
99 4 3
99 6 5
99 11 10
99 10 9
99 13 12
99 25 24
99 24 23
99 23 22
99 22 18
99 22 21
99 21 20
99 20 19
99 28 27
100 29 2
100 2 0
100 2 1
100 29 28
100 28 25
100 25 21
100 21 17
100 17 16
100 16 5
100 5 4
100 4 3
100 16 15
100 15 10
100 10 8
100 8 7
100 7 6
100 10 9
100 15 14
100 14 12
100 12 11
100 14 13
100 21 20
100 20 19
100 19 18
100 25 24
100 24 23
100 23 22
100 28 27
100 27 26
101 31 0
101 31 30
101 30 29
101 29 13
101 13 1
101 13 12
101 12 11
101 11 7
101 7 6
101 6 2
101 6 5
101 5 3
101 5 4
101 11 10
101 10 9
101 9 8
101 29 28
101 28 27
101 27 26
101 26 25
101 25 24
101 24 22
101 22 20
101 20 18
101 18 16
101 16 14
101 16 15
101 18 17
101 20 19
101 22 21
101 24 23
