1 31 0
1 31 30
1 30 29
1 29 3
1 3 2
1 2 1
1 29 28
1 28 4
1 28 27
1 27 7
1 7 5
1 7 6
1 27 26
1 26 20
1 20 18
1 18 17
1 17 13
1 13 12
1 12 8
1 12 11
1 11 10
1 10 9
1 17 16
1 16 14
1 16 15
1 20 19
1 26 25
1 25 23
1 23 22
1 22 21
1 25 24
2 34 3
2 3 2
2 2 0
2 2 1
2 34 33
2 33 32
2 32 10
2 10 4
2 10 9
2 9 7
2 7 5
2 7 6
2 9 8
2 32 31
2 31 30
2 30 28
2 28 27
2 27 26
2 26 25
2 25 24
2 24 16
2 16 15
2 15 14
2 14 11
2 14 13
2 13 12
2 24 23
2 23 19
2 19 17
2 19 18
2 23 22
2 22 20
2 22 21
2 30 29
3 30 29
3 29 28
3 28 26
3 26 24
3 24 11
3 11 9
3 9 2
3 2 0
3 2 1
3 9 8
3 8 3
3 8 7
3 7 5
3 5 4
3 7 6
3 11 10
3 24 23
3 23 22
3 22 21
3 21 12
3 21 20
3 20 19
3 19 17
3 17 13
3 17 16
3 16 14
3 16 15
3 19 18
3 26 25
3 28 27
4 32 31
4 31 25
4 25 0
4 25 24
4 24 20
4 20 6
4 6 5
4 5 1
4 5 4
4 4 2
4 4 3
4 20 19
4 19 17
4 17 16
4 16 11
4 11 7
4 11 10
4 10 8
4 10 9
4 16 15
4 15 13
4 13 12
4 15 14
4 19 18
4 24 23
4 23 21
4 23 22
4 31 30
4 30 28
4 28 26
4 28 27
4 30 29
5 31 0
5 31 30
5 30 3
5 3 1
5 3 2
5 30 29
5 29 5
5 5 4
5 29 28
5 28 8
5 8 7
5 7 6
5 28 27
5 27 25
5 25 9
5 25 24
5 24 13
5 13 11
5 11 10
5 13 12
5 24 23
5 23 21
5 21 14
5 21 20
5 20 19
5 19 18
5 18 17
5 17 15
5 17 16
5 23 22
5 27 26
6 30 7
6 7 6
6 6 4
6 4 2
6 2 1
6 1 0
6 4 3
6 6 5
6 30 29
6 29 16
6 16 13
6 13 12
6 12 8
6 12 11
6 11 9
6 11 10
6 16 15
6 15 14
6 29 28
6 28 26
6 26 24
6 24 23
6 23 22
6 22 21
6 21 19
6 19 18
6 18 17
6 21 20
6 26 25
6 28 27
7 31 8
7 8 4
7 4 3
7 3 2
7 2 0
7 2 1
7 8 7
7 7 6
7 6 5
7 31 30
7 30 29
7 29 27
7 27 26
7 26 25
7 25 24
7 24 23
7 23 22
7 22 12
7 12 10
7 10 9
7 12 11
7 22 21
7 21 19
7 19 18
7 18 17
7 17 15
7 15 13
7 15 14
7 17 16
7 21 20
7 29 28
8 34 17
8 17 15
8 15 2
8 2 0
8 2 1
8 15 14
8 14 13
8 13 4
8 4 3
8 13 12
8 12 6
8 6 5
8 12 11
8 11 9
8 9 8
8 8 7
8 11 10
8 17 16
8 34 33
8 33 18
8 33 32
8 32 30
8 30 21
8 21 19
8 21 20
8 30 29
8 29 28
8 28 26
8 26 25
8 25 24
8 24 23
8 23 22
8 28 27
8 32 31
9 30 25
9 25 19
9 19 1
9 1 0
9 19 18
9 18 16
9 16 11
9 11 6
9 6 5
9 5 2
9 5 4
9 4 3
9 11 10
9 10 7
9 10 9
9 9 8
9 16 15
9 15 13
9 13 12
9 15 14
9 18 17
9 25 24
9 24 20
9 24 23
9 23 22
9 22 21
9 30 29
9 29 27
9 27 26
9 29 28
10 34 32
10 32 0
10 32 31
10 31 12
10 12 11
10 11 9
10 9 3
10 3 2
10 2 1
10 9 8
10 8 7
10 7 4
10 7 6
10 6 5
10 11 10
10 31 30
10 30 29
10 29 28
10 28 27
10 27 17
10 17 15
10 15 14
10 14 13
10 17 16
10 27 26
10 26 21
10 21 18
10 21 20
10 20 19
10 26 25
10 25 22
10 25 24
10 24 23
10 34 33
11 32 0
11 32 31
11 31 4
11 4 1
11 4 3
11 3 2
11 31 30
11 30 9
11 9 8
11 8 7
11 7 5
11 7 6
11 30 29
11 29 28
11 28 26
11 26 25
11 25 17
11 17 16
11 16 12
11 12 11
11 11 10
11 16 15
11 15 13
11 15 14
11 25 24
11 24 23
11 23 22
11 22 18
11 22 21
11 21 20
11 20 19
11 28 27
12 29 2
12 2 1
12 1 0
12 29 28
12 28 27
12 27 14
12 14 13
12 13 4
12 4 3
12 13 12
12 12 8
12 8 7
12 7 5
12 7 6
12 12 11
12 11 10
12 10 9
12 27 26
12 26 21
12 21 19
12 19 18
12 18 17
12 17 16
12 16 15
12 21 20
12 26 25
12 25 24
12 24 23
12 23 22
13 33 26
13 26 22
13 22 0
13 22 21
13 21 5
13 5 3
13 3 2
13 2 1
13 5 4
13 21 20
13 20 19
13 19 7
13 7 6
13 19 18
13 18 16
13 16 8
13 16 15
13 15 14
13 14 11
13 11 10
13 10 9
13 14 13
13 13 12
13 18 17
13 26 25
13 25 24
13 24 23
13 33 32
13 32 27
13 32 31
13 31 30
13 30 29
13 29 28
14 32 0
14 32 31
14 31 29
14 29 24
14 24 23
14 23 15
14 15 11
14 11 5
14 5 4
14 4 1
14 4 3
14 3 2
14 11 10
14 10 6
14 10 9
14 9 7
14 9 8
14 15 14
14 14 12
14 14 13
14 23 22
14 22 21
14 21 17
14 17 16
14 21 20
14 20 19
14 19 18
14 29 28
14 28 27
14 27 25
14 27 26
14 31 30
15 34 32
15 32 1
15 1 0
15 32 31
15 31 30
15 30 28
15 28 27
15 27 22
15 22 18
15 18 8
15 8 7
15 7 3
15 3 2
15 7 6
15 6 4
15 6 5
15 18 17
15 17 16
15 16 15
15 15 12
15 12 11
15 11 10
15 10 9
15 15 14
15 14 13
15 22 21
15 21 20
15 20 19
15 27 26
15 26 23
15 26 25
15 25 24
15 30 29
15 34 33
16 30 18
16 18 17
16 17 0
16 17 16
16 16 15
16 15 14
16 14 13
16 13 12
16 12 10
16 10 4
16 4 3
16 3 2
16 2 1
16 10 9
16 9 5
16 9 8
16 8 7
16 7 6
16 12 11
16 30 29
16 29 28
16 28 26
16 26 25
16 25 20
16 20 19
16 25 24
16 24 22
16 22 21
16 24 23
16 28 27
17 33 26
17 26 24
17 24 23
17 23 0
17 23 22
17 22 21
17 21 20
17 20 15
17 15 14
17 14 12
17 12 10
17 10 9
17 9 7
17 7 1
17 7 6
17 6 3
17 3 2
17 6 5
17 5 4
17 9 8
17 12 11
17 14 13
17 20 19
17 19 18
17 18 16
17 18 17
17 26 25
17 33 32
17 32 31
17 31 30
17 30 29
17 29 28
17 28 27
18 29 4
18 4 0
18 4 3
18 3 2
18 2 1
18 29 28
18 28 6
18 6 5
18 28 27
18 27 7
18 27 26
18 26 24
18 24 23
18 23 17
18 17 16
18 16 12
18 12 11
18 11 9
18 9 8
18 11 10
18 16 15
18 15 13
18 15 14
18 23 22
18 22 18
18 22 21
18 21 20
18 20 19
18 26 25
19 33 32
19 32 28
19 28 25
19 25 24
19 24 17
19 17 1
19 1 0
19 17 16
19 16 7
19 7 6
19 6 5
19 5 2
19 5 4
19 4 3
19 16 15
19 15 8
19 15 14
19 14 11
19 11 9
19 11 10
19 14 13
19 13 12
19 24 23
19 23 22
19 22 20
19 20 19
19 19 18
19 22 21
19 28 27
19 27 26
19 32 31
19 31 30
19 30 29
20 30 0
20 30 29
20 29 27
20 27 1
20 27 26
20 26 10
20 10 9
20 9 8
20 8 2
20 8 7
20 7 3
20 7 6
20 6 4
20 6 5
20 26 25
20 25 24
20 24 21
20 21 15
20 15 13
20 13 12
20 12 11
20 15 14
20 21 20
20 20 16
20 20 19
20 19 17
20 19 18
20 24 23
20 23 22
20 29 28
21 33 10
21 10 9
21 9 0
21 9 8
21 8 2
21 2 1
21 8 7
21 7 5
21 5 3
21 5 4
21 7 6
21 33 32
21 32 31
21 31 30
21 30 27
21 27 25
21 25 24
21 24 22
21 22 19
21 19 11
21 19 18
21 18 17
21 17 14
21 14 13
21 13 12
21 17 16
21 16 15
21 22 21
21 21 20
21 24 23
21 27 26
21 30 29
21 29 28
22 30 29
22 29 8
22 8 7
22 7 5
22 5 4
22 4 2
22 2 1
22 1 0
22 4 3
22 7 6
22 29 28
22 28 27
22 27 26
22 26 15
22 15 13
22 13 11
22 11 9
22 11 10
22 13 12
22 15 14
22 26 25
22 25 18
22 18 16
22 18 17
22 25 24
22 24 22
22 22 20
22 20 19
22 22 21
22 24 23
23 29 4
23 4 1
23 1 0
23 4 3
23 3 2
23 29 28
23 28 27
23 27 24
23 24 5
23 24 23
23 23 22
23 22 19
23 19 15
23 15 11
23 11 7
23 7 6
23 11 10
23 10 8
23 10 9
23 15 14
23 14 12
23 14 13
23 19 18
23 18 17
23 17 16
23 22 21
23 21 20
23 27 26
23 26 25
24 29 28
24 28 5
24 5 0
24 5 4
24 4 2
24 2 1
24 4 3
24 28 27
24 27 26
24 26 6
24 26 25
24 25 23
24 23 12
24 12 10
24 10 9
24 9 8
24 8 7
24 12 11
24 23 22
24 22 21
24 21 19
24 19 13
24 19 18
24 18 15
24 15 14
24 18 17
24 17 16
24 21 20
24 25 24
25 34 10
25 10 8
25 8 6
25 6 5
25 5 4
25 4 0
25 4 3
25 3 1
25 3 2
25 8 7
25 10 9
25 34 33
25 33 11
25 33 32
25 32 30
25 30 26
25 26 24
25 24 22
25 22 13
25 13 12
25 22 21
25 21 20
25 20 14
25 20 19
25 19 15
25 19 18
25 18 17
25 17 16
25 24 23
25 26 25
25 30 29
25 29 27
25 29 28
25 32 31
26 32 31
26 31 28
26 28 27
26 27 0
26 27 26
26 26 2
26 2 1
26 26 25
26 25 22
26 22 21
26 21 20
26 20 5
26 5 3
26 5 4
26 20 19
26 19 13
26 13 12
26 12 11
26 11 7
26 7 6
26 11 10
26 10 9
26 9 8
26 19 18
26 18 17
26 17 15
26 15 14
26 17 16
26 25 24
26 24 23
26 31 30
26 30 29
27 31 23
27 23 13
27 13 11
27 11 9
27 9 7
27 7 6
27 6 5
27 5 4
27 4 3
27 3 2
27 2 0
27 2 1
27 9 8
27 11 10
27 13 12
27 23 22
27 22 21
27 21 19
27 19 16
27 16 14
27 16 15
27 19 18
27 18 17
27 21 20
27 31 30
27 30 28
27 28 24
27 28 27
27 27 25
27 27 26
27 30 29
28 31 30
28 30 28
28 28 27
28 27 14
28 14 11
28 11 9
28 9 4
28 4 3
28 3 1
28 1 0
28 3 2
28 9 8
28 8 5
28 8 7
28 7 6
28 11 10
28 14 13
28 13 12
28 27 26
28 26 23
28 23 16
28 16 15
28 23 22
28 22 17
28 22 21
28 21 19
28 19 18
28 21 20
28 26 25
28 25 24
28 30 29
29 29 2
29 2 0
29 2 1
29 29 28
29 28 27
29 27 19
29 19 18
29 18 16
29 16 14
29 14 13
29 13 12
29 12 5
29 5 3
29 5 4
29 12 11
29 11 6
29 11 10
29 10 9
29 9 8
29 8 7
29 16 15
29 18 17
29 27 26
29 26 25
29 25 23
29 23 20
29 23 22
29 22 21
29 25 24
30 30 8
30 8 6
30 6 5
30 5 1
30 1 0
30 5 4
30 4 2
30 4 3
30 8 7
30 30 29
30 29 28
30 28 26
30 26 22
30 22 20
30 20 14
30 14 9
30 14 13
30 13 12
30 12 10
30 12 11
30 20 19
30 19 16
30 16 15
30 19 18
30 18 17
30 22 21
30 26 25
30 25 24
30 24 23
30 28 27
31 30 8
31 8 0
31 8 7
31 7 6
31 6 5
31 5 3
31 3 1
31 3 2
31 5 4
31 30 29
31 29 28
31 28 27
31 27 20
31 20 17
31 17 16
31 16 12
31 12 9
31 12 11
31 11 10
31 16 15
31 15 14
31 14 13
31 20 19
31 19 18
31 27 26
31 26 21
31 26 25
31 25 24
31 24 22
31 24 23
32 29 23
32 23 0
32 23 22
32 22 18
32 18 17
32 17 3
32 3 1
32 3 2
32 17 16
32 16 15
32 15 11
32 11 10
32 10 9
32 9 8
32 8 7
32 7 6
32 6 5
32 5 4
32 15 14
32 14 13
32 13 12
32 22 21
32 21 19
32 21 20
32 29 28
32 28 27
32 27 24
32 27 26
32 26 25
33 30 28
33 28 24
33 24 0
33 24 23
33 23 22
33 22 14
33 14 12
33 12 11
33 11 10
33 10 9
33 9 8
33 8 7
33 7 6
33 6 5
33 5 1
33 5 4
33 4 3
33 3 2
33 14 13
33 22 21
33 21 20
33 20 19
33 19 18
33 18 17
33 17 16
33 16 15
33 28 27
33 27 26
33 26 25
33 30 29
34 29 26
34 26 25
34 25 4
34 4 1
34 1 0
34 4 3
34 3 2
34 25 24
34 24 18
34 18 17
34 17 16
34 16 8
34 8 7
34 7 5
34 7 6
34 16 15
34 15 9
34 15 14
34 14 10
34 14 13
34 13 11
34 13 12
34 24 23
34 23 22
34 22 21
34 21 19
34 21 20
34 29 28
34 28 27
35 31 3
35 3 1
35 1 0
35 3 2
35 31 30
35 30 27
35 27 12
35 12 4
35 12 11
35 11 7
35 7 5
35 7 6
35 11 10
35 10 9
35 9 8
35 27 26
35 26 25
35 25 21
35 21 20
35 20 19
35 19 17
35 17 16
35 16 15
35 15 14
35 14 13
35 19 18
35 25 24
35 24 23
35 23 22
35 30 29
35 29 28
36 34 3
36 3 2
36 2 1
36 1 0
36 34 33
36 33 12
36 12 11
36 11 7
36 7 6
36 6 5
36 5 4
36 11 10
36 10 8
36 10 9
36 33 32
36 32 31
36 31 16
36 16 15
36 15 13
36 15 14
36 31 30
36 30 24
36 24 23
36 23 22
36 22 19
36 19 17
36 19 18
36 22 21
36 21 20
36 30 29
36 29 28
36 28 27
36 27 25
36 27 26
37 33 3
37 3 0
37 3 2
37 2 1
37 33 32
37 32 9
37 9 5
37 5 4
37 9 8
37 8 6
37 8 7
37 32 31
37 31 23
37 23 19
37 19 13
37 13 12
37 12 10
37 12 11
37 19 18
37 18 17
37 17 14
37 17 16
37 16 15
37 23 22
37 22 21
37 21 20
37 31 30
37 30 29
37 29 28
37 28 25
37 25 24
37 28 27
37 27 26
38 31 19
38 19 18
38 18 17
38 17 16
38 16 0
38 16 15
38 15 14
38 14 13
38 13 3
38 3 2
38 2 1
38 13 12
38 12 11
38 11 10
38 10 9
38 9 8
38 8 7
38 7 6
38 6 5
38 5 4
38 31 30
38 30 29
38 29 27
38 27 26
38 26 25
38 25 24
38 24 20
38 24 23
38 23 21
38 23 22
38 29 28
39 34 33
39 33 24
39 24 23
39 23 0
39 23 22
39 22 21
39 21 20
39 20 7
39 7 6
39 6 3
39 3 2
39 2 1
39 6 5
39 5 4
39 20 19
39 19 18
39 18 13
39 13 10
39 10 8
39 10 9
39 13 12
39 12 11
39 18 17
39 17 16
39 16 14
39 16 15
39 33 32
39 32 31
39 31 26
39 26 25
39 31 30
39 30 29
39 29 28
39 28 27
40 33 9
40 9 8
40 8 7
40 7 2
40 2 1
40 1 0
40 7 6
40 6 5
40 5 4
40 4 3
40 33 32
40 32 10
40 32 31
40 31 27
40 27 12
40 12 11
40 27 26
40 26 25
40 25 24
40 24 15
40 15 14
40 14 13
40 24 23
40 23 21
40 21 19
40 19 16
40 19 18
40 18 17
40 21 20
40 23 22
40 31 30
40 30 29
40 29 28
41 29 28
41 28 26
41 26 25
41 25 11
41 11 5
41 5 0
41 5 4
41 4 1
41 4 3
41 3 2
41 11 10
41 10 9
41 9 8
41 8 7
41 7 6
41 25 24
41 24 19
41 19 17
41 17 15
41 15 13
41 13 12
41 15 14
41 17 16
41 19 18
41 24 23
41 23 20
41 23 22
41 22 21
41 28 27
42 33 0
42 33 32
42 32 1
42 32 31
42 31 23
42 23 22
42 22 2
42 22 21
42 21 20
42 20 3
42 20 19
42 19 4
42 19 18
42 18 17
42 17 5
42 17 16
42 16 9
42 9 6
42 9 8
42 8 7
42 16 15
42 15 14
42 14 10
42 14 13
42 13 11
42 13 12
42 31 30
42 30 29
42 29 28
42 28 24
42 28 27
42 27 26
42 26 25
43 29 28
43 28 26
43 26 25
43 25 22
43 22 21
43 21 17
43 17 8
43 8 6
43 6 5
43 5 3
43 3 0
43 3 2
43 2 1
43 5 4
43 8 7
43 17 16
43 16 15
43 15 9
43 15 14
43 14 10
43 14 13
43 13 12
43 12 11
43 21 20
43 20 19
43 19 18
43 25 24
43 24 23
43 28 27
44 29 17
44 17 2
44 2 0
44 2 1
44 17 16
44 16 4
44 4 3
44 16 15
44 15 14
44 14 7
44 7 5
44 7 6
44 14 13
44 13 12
44 12 11
44 11 9
44 9 8
44 11 10
44 29 28
44 28 26
44 26 25
44 25 22
44 22 20
44 20 18
44 20 19
44 22 21
44 25 24
44 24 23
44 28 27
45 33 0
45 33 32
45 32 9
45 9 6
45 6 1
45 6 5
45 5 4
45 4 3
45 3 2
45 9 8
45 8 7
45 32 31
45 31 27
45 27 25
45 25 24
45 24 23
45 23 22
45 22 21
45 21 20
45 20 19
45 19 11
45 11 10
45 19 18
45 18 16
45 16 12
45 16 15
45 15 13
45 15 14
45 18 17
45 27 26
45 31 30
45 30 29
45 29 28
46 33 4
46 4 3
46 3 1
46 1 0
46 3 2
46 33 32
46 32 6
46 6 5
46 32 31
46 31 11
46 11 7
46 11 10
46 10 8
46 10 9
46 31 30
46 30 24
46 24 23
46 23 15
46 15 13
46 13 12
46 15 14
46 23 22
46 22 19
46 19 18
46 18 17
46 17 16
46 22 21
46 21 20
46 30 29
46 29 25
46 29 28
46 28 26
46 28 27
47 31 30
47 30 28
47 28 27
47 27 6
47 6 5
47 5 4
47 4 3
47 3 2
47 2 0
47 2 1
47 27 26
47 26 7
47 26 25
47 25 17
47 17 15
47 15 14
47 14 13
47 13 10
47 10 9
47 9 8
47 13 12
47 12 11
47 17 16
47 25 24
47 24 22
47 22 21
47 21 20
47 20 18
47 20 19
47 24 23
47 30 29
48 29 28
48 28 26
48 26 25
48 25 12
48 12 5
48 5 2
48 2 0
48 2 1
48 5 4
48 4 3
48 12 11
48 11 8
48 8 6
48 8 7
48 11 10
48 10 9
48 25 24
48 24 13
48 24 23
48 23 22
48 22 19
48 19 18
48 18 17
48 17 14
48 17 16
48 16 15
48 22 21
48 21 20
48 28 27
49 33 31
49 31 30
49 30 29
49 29 4
49 4 1
49 1 0
49 4 3
49 3 2
49 29 28
49 28 26
49 26 25
49 25 5
49 25 24
49 24 23
49 23 22
49 22 21
49 21 19
49 19 18
49 18 17
49 17 14
49 14 10
49 10 9
49 9 8
49 8 7
49 7 6
49 14 13
49 13 11
49 13 12
49 17 16
49 16 15
49 21 20
49 28 27
49 33 32
50 30 29
50 29 26
50 26 25
50 25 24
50 24 23
50 23 0
50 23 22
50 22 3
50 3 1
50 3 2
50 22 21
50 21 20
50 20 19
50 19 18
50 18 5
50 5 4
50 18 17
50 17 16
50 16 6
50 16 15
50 15 14
50 14 13
50 13 7
50 13 12
50 12 10
50 10 8
50 10 9
50 12 11
50 29 28
50 28 27
51 31 30
51 30 29
51 29 28
51 28 0
51 28 27
51 27 1
51 27 26
51 26 22
51 22 21
51 21 20
51 20 19
51 19 18
51 18 17
51 17 14
51 14 4
51 4 2
51 4 3
51 14 13
51 13 5
51 13 12
51 12 11
51 11 7
51 7 6
51 11 10
51 10 9
51 9 8
51 17 16
51 16 15
51 26 25
51 25 24
51 24 23
52 30 11
52 11 8
52 8 7
52 7 6
52 6 4
52 4 1
52 1 0
52 4 3
52 3 2
52 6 5
52 11 10
52 10 9
52 30 29
52 29 27
52 27 25
52 25 12
52 25 24
52 24 23
52 23 22
52 22 21
52 21 20
52 20 16
52 16 14
52 14 13
52 16 15
52 20 19
52 19 18
52 18 17
52 27 26
52 29 28
53 30 0
53 30 29
53 29 27
53 27 26
53 26 25
53 25 1
53 25 24
53 24 23
53 23 2
53 23 22
53 22 20
53 20 17
53 17 16
53 16 15
53 15 14
53 14 12
53 12 10
53 10 9
53 9 6
53 6 4
53 4 3
53 6 5
53 9 8
53 8 7
53 12 11
53 14 13
53 20 19
53 19 18
53 22 21
53 29 28
54 31 30
54 30 3
54 3 2
54 2 1
54 1 0
54 30 29
54 29 28
54 28 22
54 22 20
54 20 19
54 19 16
54 16 9
54 9 7
54 7 4
54 7 6
54 6 5
54 9 8
54 16 15
54 15 10
54 15 14
54 14 13
54 13 12
54 12 11
54 19 18
54 18 17
54 22 21
54 28 27
54 27 26
54 26 24
54 24 23
54 26 25
55 30 28
55 28 24
55 24 20
55 20 13
55 13 0
55 13 12
55 12 3
55 3 1
55 3 2
55 12 11
55 11 9
55 9 6
55 6 4
55 6 5
55 9 8
55 8 7
55 11 10
55 20 19
55 19 16
55 16 15
55 15 14
55 19 18
55 18 17
55 24 23
55 23 21
55 23 22
55 28 27
55 27 25
55 27 26
55 30 29
56 32 31
56 31 26
56 26 0
56 26 25
56 25 23
56 23 22
56 22 18
56 18 1
56 18 17
56 17 16
56 16 12
56 12 10
56 10 8
56 8 3
56 3 2
56 8 7
56 7 6
56 6 5
56 5 4
56 10 9
56 12 11
56 16 15
56 15 14
56 14 13
56 22 21
56 21 19
56 21 20
56 25 24
56 31 30
56 30 28
56 28 27
56 30 29
57 32 31
57 31 30
57 30 20
57 20 18
57 18 10
57 10 1
57 1 0
57 10 9
57 9 8
57 8 7
57 7 6
57 6 4
57 4 2
57 4 3
57 6 5
57 18 17
57 17 15
57 15 11
57 15 14
57 14 13
57 13 12
57 17 16
57 20 19
57 30 29
57 29 27
57 27 24
57 24 21
57 24 23
57 23 22
57 27 26
57 26 25
57 29 28
58 33 32
58 32 24
58 24 23
58 23 20
58 20 19
58 19 17
58 17 3
58 3 2
58 2 0
58 2 1
58 17 16
58 16 13
58 13 4
58 13 12
58 12 5
58 12 11
58 11 10
58 10 9
58 9 8
58 8 6
58 8 7
58 16 15
58 15 14
58 19 18
58 23 22
58 22 21
58 32 31
58 31 29
58 29 27
58 27 26
58 26 25
58 29 28
58 31 30
59 34 32
59 32 30
59 30 29
59 29 8
59 8 5
59 5 0
59 5 4
59 4 3
59 3 2
59 2 1
59 8 7
59 7 6
59 29 28
59 28 26
59 26 25
59 25 24
59 24 16
59 16 9
59 16 15
59 15 14
59 14 12
59 12 11
59 11 10
59 14 13
59 24 23
59 23 17
59 23 22
59 22 19
59 19 18
59 22 21
59 21 20
59 28 27
59 32 31
59 34 33
60 34 33
60 33 32
60 32 31
60 31 30
60 30 29
60 29 28
60 28 27
60 27 16
60 16 15
60 15 0
60 15 14
60 14 1
60 14 13
60 13 12
60 12 11
60 11 2
60 11 10
60 10 7
60 7 6
60 6 3
60 6 5
60 5 4
60 10 9
60 9 8
60 27 26
60 26 25
60 25 17
60 25 24
60 24 22
60 22 21
60 21 18
60 21 20
60 20 19
60 24 23
61 32 31
61 31 30
61 30 12
61 12 10
61 10 9
61 9 8
61 8 0
61 8 7
61 7 1
61 7 6
61 6 4
61 4 3
61 3 2
61 6 5
61 12 11
61 30 29
61 29 26
61 26 24
61 24 21
61 21 17
61 17 16
61 16 15
61 15 14
61 14 13
61 21 20
61 20 19
61 19 18
61 24 23
61 23 22
61 26 25
61 29 28
61 28 27
62 33 7
62 7 2
62 2 0
62 2 1
62 7 6
62 6 4
62 4 3
62 6 5
62 33 32
62 32 31
62 31 30
62 30 10
62 10 9
62 9 8
62 30 29
62 29 28
62 28 11
62 28 27
62 27 12
62 27 26
62 26 13
62 26 25
62 25 18
62 18 17
62 17 16
62 16 15
62 15 14
62 25 24
62 24 22
62 22 20
62 20 19
62 22 21
62 24 23
63 34 15
63 15 0
63 15 14
63 14 11
63 11 1
63 11 10
63 10 9
63 9 8
63 8 2
63 8 7
63 7 6
63 6 4
63 4 3
63 6 5
63 14 13
63 13 12
63 34 33
63 33 16
63 33 32
63 32 27
63 27 25
63 25 22
63 22 20
63 20 19
63 19 18
63 18 17
63 22 21
63 25 24
63 24 23
63 27 26
63 32 31
63 31 29
63 29 28
63 31 30
64 30 29
64 29 17
64 17 10
64 10 0
64 10 9
64 9 1
64 9 8
64 8 7
64 7 3
64 3 2
64 7 6
64 6 4
64 6 5
64 17 16
64 16 14
64 14 11
64 14 13
64 13 12
64 16 15
64 29 28
64 28 20
64 20 19
64 19 18
64 28 27
64 27 25
64 25 24
64 24 23
64 23 22
64 22 21
64 27 26
65 33 25
65 25 24
65 24 23
65 23 3
65 3 2
65 2 0
65 2 1
65 23 22
65 22 21
65 21 20
65 20 19
65 19 18
65 18 11
65 11 4
65 11 10
65 10 7
65 7 5
65 7 6
65 10 9
65 9 8
65 18 17
65 17 13
65 13 12
65 17 16
65 16 14
65 16 15
65 33 32
65 32 31
65 31 27
65 27 26
65 31 30
65 30 28
65 30 29
66 34 30
66 30 1
66 1 0
66 30 29
66 29 22
66 22 20
66 20 2
66 20 19
66 19 4
66 4 3
66 19 18
66 18 15
66 15 8
66 8 7
66 7 6
66 6 5
66 15 14
66 14 11
66 11 9
66 11 10
66 14 13
66 13 12
66 18 17
66 17 16
66 22 21
66 29 28
66 28 24
66 24 23
66 28 27
66 27 25
66 27 26
66 34 33
66 33 31
66 33 32
67 33 31
67 31 24
67 24 23
67 23 2
67 2 1
67 1 0
67 23 22
67 22 21
67 21 20
67 20 14
67 14 7
67 7 6
67 6 4
67 4 3
67 6 5
67 14 13
67 13 12
67 12 11
67 11 9
67 9 8
67 11 10
67 20 19
67 19 15
67 19 18
67 18 16
67 18 17
67 31 30
67 30 25
67 30 29
67 29 27
67 27 26
67 29 28
67 33 32
68 31 29
68 29 28
68 28 27
68 27 26
68 26 24
68 24 2
68 2 1
68 1 0
68 24 23
68 23 22
68 22 20
68 20 19
68 19 18
68 18 15
68 15 3
68 15 14
68 14 4
68 14 13
68 13 5
68 13 12
68 12 8
68 8 6
68 8 7
68 12 11
68 11 9
68 11 10
68 18 17
68 17 16
68 22 21
68 26 25
68 31 30
69 33 32
69 32 30
69 30 29
69 29 28
69 28 27
69 27 12
69 12 11
69 11 1
69 1 0
69 11 10
69 10 8
69 8 5
69 5 4
69 4 3
69 3 2
69 8 7
69 7 6
69 10 9
69 27 26
69 26 25
69 25 13
69 25 24
69 24 19
69 19 15
69 15 14
69 19 18
69 18 17
69 17 16
69 24 23
69 23 21
69 21 20
69 23 22
69 32 31
70 30 5
70 5 1
70 1 0
70 5 4
70 4 3
70 3 2
70 30 29
70 29 28
70 28 13
70 13 11
70 11 8
70 8 6
70 8 7
70 11 10
70 10 9
70 13 12
70 28 27
70 27 20
70 20 19
70 19 17
70 17 16
70 16 14
70 16 15
70 19 18
70 27 26
70 26 23
70 23 21
70 23 22
70 26 25
70 25 24
71 30 29
71 29 28
71 28 0
71 28 27
71 27 26
71 26 5
71 5 4
71 4 3
71 3 2
71 2 1
71 26 25
71 25 13
71 13 12
71 12 10
71 10 9
71 9 7
71 7 6
71 9 8
71 12 11
71 25 24
71 24 14
71 24 23
71 23 22
71 22 15
71 22 21
71 21 19
71 19 18
71 18 17
71 17 16
71 21 20
72 31 20
72 20 19
72 19 15
72 15 14
72 14 13
72 13 10
72 10 4
72 4 3
72 3 0
72 3 2
72 2 1
72 10 9
72 9 8
72 8 6
72 6 5
72 8 7
72 13 12
72 12 11
72 19 18
72 18 17
72 17 16
72 31 30
72 30 27
72 27 26
72 26 22
72 22 21
72 26 25
72 25 24
72 24 23
72 30 29
72 29 28
73 32 0
73 32 31
73 31 1
73 31 30
73 30 29
73 29 5
73 5 4
73 4 2
73 4 3
73 29 28
73 28 26
73 26 25
73 25 6
73 25 24
73 24 20
73 20 7
73 20 19
73 19 16
73 16 15
73 15 8
73 15 14
73 14 9
73 14 13
73 13 12
73 12 11
73 11 10
73 19 18
73 18 17
73 24 23
73 23 21
73 23 22
73 28 27
74 30 29
74 29 1
74 1 0
74 29 28
74 28 2
74 28 27
74 27 26
74 26 15
74 15 13
74 13 11
74 11 10
74 10 3
74 10 9
74 9 4
74 9 8
74 8 7
74 7 6
74 6 5
74 13 12
74 15 14
74 26 25
74 25 24
74 24 18
74 18 16
74 18 17
74 24 23
74 23 22
74 22 21
74 21 20
74 20 19
75 34 33
75 33 13
75 13 12
75 12 10
75 10 0
75 10 9
75 9 4
75 4 3
75 3 2
75 2 1
75 9 8
75 8 5
75 8 7
75 7 6
75 12 11
75 33 32
75 32 31
75 31 29
75 29 28
75 28 27
75 27 24
75 24 23
75 23 15
75 15 14
75 23 22
75 22 19
75 19 16
75 19 18
75 18 17
75 22 21
75 21 20
75 27 26
75 26 25
75 31 30
76 31 0
76 31 30
76 30 29
76 29 26
76 26 1
76 26 25
76 25 2
76 25 24
76 24 23
76 23 22
76 22 12
76 12 11
76 11 9
76 9 7
76 7 3
76 7 6
76 6 5
76 5 4
76 9 8
76 11 10
76 22 21
76 21 16
76 16 15
76 15 13
76 15 14
76 21 20
76 20 18
76 18 17
76 20 19
76 29 28
76 28 27
77 32 31
77 31 25
77 25 5
77 5 3
77 3 1
77 1 0
77 3 2
77 5 4
77 25 24
77 24 6
77 24 23
77 23 7
77 23 22
77 22 18
77 18 17
77 17 16
77 16 11
77 11 10
77 10 9
77 9 8
77 16 15
77 15 12
77 15 14
77 14 13
77 22 21
77 21 19
77 21 20
77 31 30
77 30 26
77 30 29
77 29 27
77 29 28
78 30 12
78 12 10
78 10 0
78 10 9
78 9 8
78 8 1
78 8 7
78 7 5
78 5 2
78 5 4
78 4 3
78 7 6
78 12 11
78 30 29
78 29 17
78 17 16
78 16 15
78 15 14
78 14 13
78 29 28
78 28 26
78 26 18
78 26 25
78 25 23
78 23 21
78 21 19
78 21 20
78 23 22
78 25 24
78 28 27
79 32 31
79 31 30
79 30 6
79 6 4
79 4 0
79 4 3
79 3 2
79 2 1
79 6 5
79 30 29
79 29 7
79 29 28
79 28 25
79 25 8
79 25 24
79 24 22
79 22 20
79 20 19
79 19 18
79 18 16
79 16 15
79 15 12
79 12 10
79 10 9
79 12 11
79 15 14
79 14 13
79 18 17
79 22 21
79 24 23
79 28 27
79 27 26
80 34 0
80 34 33
80 33 32
80 32 1
80 32 31
80 31 30
80 30 23
80 23 10
80 10 9
80 9 8
80 8 3
80 3 2
80 8 7
80 7 4
80 7 6
80 6 5
80 23 22
80 22 20
80 20 11
80 20 19
80 19 17
80 17 13
80 13 12
80 17 16
80 16 15
80 15 14
80 19 18
80 22 21
80 30 29
80 29 27
80 27 26
80 26 24
80 26 25
80 29 28
81 34 0
81 34 33
81 33 28
81 28 27
81 27 25
81 25 15
81 15 1
81 15 14
81 14 13
81 13 12
81 12 3
81 3 2
81 12 11
81 11 7
81 7 4
81 7 6
81 6 5
81 11 10
81 10 9
81 9 8
81 25 24
81 24 23
81 23 22
81 22 21
81 21 19
81 19 18
81 18 16
81 18 17
81 21 20
81 27 26
81 33 32
81 32 30
81 30 29
81 32 31
82 29 26
82 26 25
82 25 1
82 1 0
82 25 24
82 24 22
82 22 21
82 21 20
82 20 17
82 17 3
82 3 2
82 17 16
82 16 15
82 15 14
82 14 12
82 12 4
82 12 11
82 11 10
82 10 5
82 10 9
82 9 6
82 9 8
82 8 7
82 14 13
82 20 19
82 19 18
82 24 23
82 29 28
82 28 27
83 30 5
83 5 4
83 4 0
83 4 3
83 3 2
83 2 1
83 30 29
83 29 11
83 11 6
83 11 10
83 10 9
83 9 8
83 8 7
83 29 28
83 28 17
83 17 13
83 13 12
83 17 16
83 16 15
83 15 14
83 28 27
83 27 26
83 26 25
83 25 24
83 24 21
83 21 18
83 21 20
83 20 19
83 24 23
83 23 22
84 33 32
84 32 27
84 27 3
84 3 0
84 3 2
84 2 1
84 27 26
84 26 25
84 25 24
84 24 7
84 7 6
84 6 4
84 6 5
84 24 23
84 23 22
84 22 21
84 21 19
84 19 18
84 18 8
84 18 17
84 17 16
84 16 15
84 15 12
84 12 11
84 11 9
84 11 10
84 15 14
84 14 13
84 21 20
84 32 31
84 31 30
84 30 29
84 29 28
85 31 14
85 14 8
85 8 7
85 7 6
85 6 5
85 5 4
85 4 3
85 3 2
85 2 1
85 1 0
85 14 13
85 13 12
85 12 9
85 12 11
85 11 10
85 31 30
85 30 29
85 29 15
85 29 28
85 28 16
85 28 27
85 27 25
85 25 24
85 24 22
85 22 19
85 19 17
85 19 18
85 22 21
85 21 20
85 24 23
85 27 26
86 29 28
86 28 27
86 27 22
86 22 0
86 22 21
86 21 19
86 19 18
86 18 7
86 7 1
86 7 6
86 6 2
86 6 5
86 5 4
86 4 3
86 18 17
86 17 10
86 10 8
86 10 9
86 17 16
86 16 15
86 15 13
86 13 12
86 12 11
86 15 14
86 21 20
86 27 26
86 26 24
86 24 23
86 26 25
87 32 24
87 24 13
87 13 4
87 4 1
87 1 0
87 4 3
87 3 2
87 13 12
87 12 9
87 9 6
87 6 5
87 9 8
87 8 7
87 12 11
87 11 10
87 24 23
87 23 22
87 22 21
87 21 14
87 21 20
87 20 15
87 20 19
87 19 18
87 18 16
87 18 17
87 32 31
87 31 30
87 30 29
87 29 28
87 28 27
87 27 25
87 27 26
88 29 28
88 28 25
88 25 24
88 24 23
88 23 18
88 18 16
88 16 3
88 3 0
88 3 2
88 2 1
88 16 15
88 15 12
88 12 10
88 10 4
88 10 9
88 9 5
88 9 8
88 8 6
88 8 7
88 12 11
88 15 14
88 14 13
88 18 17
88 23 22
88 22 21
88 21 19
88 21 20
88 28 27
88 27 26
89 33 32
89 32 16
89 16 3
89 3 1
89 1 0
89 3 2
89 16 15
89 15 10
89 10 9
89 9 7
89 7 6
89 6 5
89 5 4
89 9 8
89 15 14
89 14 12
89 12 11
89 14 13
89 32 31
89 31 22
89 22 21
89 21 20
89 20 19
89 19 17
89 19 18
89 31 30
89 30 29
89 29 26
89 26 24
89 24 23
89 26 25
89 29 28
89 28 27
90 31 30
90 30 1
90 1 0
90 30 29
90 29 28
90 28 24
90 24 15
90 15 5
90 5 3
90 3 2
90 5 4
90 15 14
90 14 13
90 13 12
90 12 11
90 11 10
90 10 6
90 10 9
90 9 7
90 9 8
90 24 23
90 23 22
90 22 19
90 19 18
90 18 17
90 17 16
90 22 21
90 21 20
90 28 27
90 27 26
90 26 25
91 30 29
91 29 28
91 28 26
91 26 25
91 25 24
91 24 23
91 23 22
91 22 19
91 19 18
91 18 17
91 17 1
91 1 0
91 17 16
91 16 6
91 6 5
91 5 4
91 4 2
91 4 3
91 16 15
91 15 14
91 14 13
91 13 7
91 13 12
91 12 11
91 11 10
91 10 9
91 9 8
91 22 21
91 21 20
91 28 27
92 34 33
92 33 8
92 8 3
92 3 0
92 3 2
92 2 1
92 8 7
92 7 5
92 5 4
92 7 6
92 33 32
92 32 31
92 31 11
92 11 10
92 10 9
92 31 30
92 30 13
92 13 12
92 30 29
92 29 17
92 17 15
92 15 14
92 17 16
92 29 28
92 28 18
92 28 27
92 27 22
92 22 21
92 21 19
92 21 20
92 27 26
92 26 24
92 24 23
92 26 25
93 29 26
93 26 23
93 23 21
93 21 15
93 15 9
93 9 1
93 1 0
93 9 8
93 8 2
93 8 7
93 7 6
93 6 5
93 5 3
93 5 4
93 15 14
93 14 12
93 12 11
93 11 10
93 14 13
93 21 20
93 20 17
93 17 16
93 20 19
93 19 18
93 23 22
93 26 25
93 25 24
93 29 28
93 28 27
94 33 0
94 33 32
94 32 31
94 31 29
94 29 28
94 28 11
94 11 3
94 3 2
94 2 1
94 11 10
94 10 9
94 9 8
94 8 4
94 8 7
94 7 6
94 6 5
94 28 27
94 27 18
94 18 16
94 16 13
94 13 12
94 16 15
94 15 14
94 18 17
94 27 26
94 26 24
94 24 23
94 23 21
94 21 20
94 20 19
94 23 22
94 26 25
94 31 30
95 29 0
95 29 28
95 28 26
95 26 23
95 23 22
95 22 21
95 21 20
95 20 1
95 20 19
95 19 12
95 12 5
95 5 2
95 5 4
95 4 3
95 12 11
95 11 6
95 11 10
95 10 9
95 9 8
95 8 7
95 19 18
95 18 17
95 17 15
95 15 13
95 15 14
95 17 16
95 26 25
95 25 24
95 28 27
96 31 0
96 31 30
96 30 10
96 10 9
96 9 5
96 5 1
96 5 4
96 4 2
96 4 3
96 9 8
96 8 6
96 8 7
96 30 29
96 29 28
96 28 20
96 20 19
96 19 15
96 15 14
96 14 13
96 13 11
96 13 12
96 19 18
96 18 17
96 17 16
96 28 27
96 27 26
96 26 25
96 25 23
96 23 22
96 22 21
96 25 24
97 29 28
97 28 1
97 1 0
97 28 27
97 27 25
97 25 6
97 6 5
97 5 3
97 3 2
97 5 4
97 25 24
97 24 7
97 24 23
97 23 10
97 10 8
97 10 9
97 23 22
97 22 14
97 14 12
97 12 11
97 14 13
97 22 21
97 21 19
97 19 18
97 18 16
97 16 15
97 18 17
97 21 20
97 27 26
98 32 31
98 31 4
98 4 0
98 4 3
98 3 2
98 2 1
98 31 30
98 30 29
98 29 27
98 27 26
98 26 25
98 25 24
98 24 22
98 22 5
98 22 21
98 21 20
98 20 11
98 11 6
98 11 10
98 10 9
98 9 8
98 8 7
98 20 19
98 19 12
98 19 18
98 18 17
98 17 15
98 15 14
98 14 13
98 17 16
98 24 23
98 29 28
99 29 1
99 1 0
99 29 28
99 28 13
99 13 12
99 12 11
99 11 2
99 11 10
99 10 8
99 8 7
99 7 3
99 7 6
99 6 5
99 5 4
99 10 9
99 28 27
99 27 17
99 17 15
99 15 14
99 17 16
99 27 26
99 26 18
99 26 25
99 25 19
99 25 24
99 24 23
99 23 22
99 22 20
99 22 21
100 30 22
100 22 21
100 21 20
100 20 19
100 19 5
100 5 1
100 1 0
100 5 4
100 4 3
100 3 2
100 19 18
100 18 17
100 17 13
100 13 6
100 13 12
100 12 7
100 12 11
100 11 9
100 9 8
100 11 10
100 17 16
100 16 14
100 16 15
100 30 29
100 29 27
100 27 24
100 24 23
100 27 26
100 26 25
100 29 28
101 33 32
101 32 31
101 31 3
101 3 2
101 2 0
101 2 1
101 31 30
101 30 29
101 29 4
101 29 28
101 28 26
101 26 24
101 24 23
101 23 6
101 6 5
101 23 22
101 22 9
101 9 8
101 8 7
101 22 21
101 21 20
101 20 19
101 19 18
101 18 15
101 15 12
101 12 11
101 11 10
101 15 14
101 14 13
101 18 17
101 17 16
101 26 25
101 28 27
