1 32 0
1 32 31
1 31 30
1 30 8
1 8 6
1 6 1
1 6 5
1 5 4
1 4 3
1 3 2
1 8 7
1 30 29
1 29 23
1 23 19
1 19 18
1 18 17
1 17 14
1 14 11
1 11 10
1 10 9
1 14 13
1 13 12
1 17 16
1 16 15
1 23 22
1 22 21
1 21 20
1 29 28
1 28 27
1 27 24
1 27 26
1 26 25
2 30 29
2 29 4
2 4 3
2 3 0
2 3 2
2 2 1
2 29 28
2 28 7
2 7 6
2 6 5
2 28 27
2 27 8
2 27 26
2 26 16
2 16 11
2 11 10
2 10 9
2 16 15
2 15 13
2 13 12
2 15 14
2 26 25
2 25 24
2 24 23
2 23 22
2 22 21
2 21 17
2 21 20
2 20 18
2 20 19
3 30 28
3 28 20
3 20 19
3 19 7
3 7 5
3 5 2
3 2 1
3 1 0
3 5 4
3 4 3
3 7 6
3 19 18
3 18 17
3 17 16
3 16 13
3 13 12
3 12 11
3 11 8
3 11 10
3 10 9
3 16 15
3 15 14
3 28 27
3 27 24
3 24 22
3 22 21
3 24 23
3 27 26
3 26 25
3 30 29
4 29 28
4 28 0
4 28 27
4 27 18
4 18 17
4 17 5
4 5 3
4 3 2
4 2 1
4 5 4
4 17 16
4 16 13
4 13 9
4 9 8
4 8 7
4 7 6
4 13 12
4 12 10
4 12 11
4 16 15
4 15 14
4 27 26
4 26 24
4 24 22
4 22 21
4 21 19
4 21 20
4 24 23
4 26 25
5 32 31
5 31 26
5 26 24
5 24 20
5 20 19
5 19 17
5 17 14
5 14 11
5 11 10
5 10 0
5 10 9
5 9 6
5 6 5
5 5 1
5 5 4
5 4 3
5 3 2
5 9 8
5 8 7
5 14 13
5 13 12
5 17 16
5 16 15
5 19 18
5 24 23
5 23 22
5 22 21
5 26 25
5 31 30
5 30 29
5 29 28
5 28 27
6 29 2
6 2 1
6 1 0
6 29 28
6 28 14
6 14 3
6 14 13
6 13 7
6 7 5
6 5 4
6 7 6
6 13 12
6 12 10
6 10 8
6 10 9
6 12 11
6 28 27
6 27 23
6 23 21
6 21 15
6 21 20
6 20 19
6 19 18
6 18 16
6 18 17
6 23 22
6 27 26
6 26 24
6 26 25
7 34 33
7 33 32
7 32 0
7 32 31
7 31 30
7 30 29
7 29 23
7 23 22
7 22 20
7 20 19
7 19 1
7 19 18
7 18 17
7 17 15
7 15 11
7 11 2
7 11 10
7 10 6
7 6 3
7 6 5
7 5 4
7 10 9
7 9 8
7 8 7
7 15 14
7 14 12
7 14 13
7 17 16
7 22 21
7 29 28
7 28 24
7 28 27
7 27 25
7 27 26
8 33 32
8 32 22
8 22 3
8 3 2
8 2 0
8 2 1
8 22 21
8 21 5
8 5 4
8 21 20
8 20 6
8 20 19
8 19 7
8 19 18
8 18 17
8 17 8
8 17 16
8 16 14
8 14 11
8 11 9
8 11 10
8 14 13
8 13 12
8 16 15
8 32 31
8 31 30
8 30 28
8 28 27
8 27 24
8 24 23
8 27 26
8 26 25
8 30 29
9 30 1
9 1 0
9 30 29
9 29 27
9 27 2
9 27 26
9 26 25
9 25 24
9 24 23
9 23 12
9 12 10
9 10 8
9 8 7
9 7 6
9 6 5
9 5 3
9 5 4
9 10 9
9 12 11
9 23 22
9 22 14
9 14 13
9 22 21
9 21 15
9 21 20
9 20 18
9 18 17
9 17 16
9 20 19
9 29 28
10 29 7
10 7 5
10 5 4
10 4 3
10 3 2
10 2 1
10 1 0
10 7 6
10 29 28
10 28 27
10 27 8
10 27 26
10 26 17
10 17 16
10 16 15
10 15 14
10 14 9
10 14 13
10 13 12
10 12 10
10 12 11
10 26 25
10 25 18
10 25 24
10 24 23
10 23 22
10 22 19
10 22 21
10 21 20
11 33 32
11 32 31
11 31 29
11 29 28
11 28 24
11 24 0
11 24 23
11 23 22
11 22 21
11 21 20
11 20 18
11 18 14
11 14 12
11 12 11
11 11 1
11 11 10
11 10 6
11 6 5
11 5 4
11 4 2
11 4 3
11 10 9
11 9 7
11 9 8
11 14 13
11 18 17
11 17 16
11 16 15
11 20 19
11 28 27
11 27 26
11 26 25
11 31 30
12 33 3
12 3 1
12 1 0
12 3 2
12 33 32
12 32 31
12 31 29
12 29 28
12 28 27
12 27 26
12 26 23
12 23 22
12 22 18
12 18 4
12 18 17
12 17 14
12 14 9
12 9 8
12 8 7
12 7 5
12 7 6
12 14 13
12 13 12
12 12 11
12 11 10
12 17 16
12 16 15
12 22 21
12 21 20
12 20 19
12 26 25
12 25 24
12 31 30
13 32 31
13 31 29
13 29 28
13 28 27
13 27 26
13 26 0
13 26 25
13 25 2
13 2 1
13 25 24
13 24 22
13 22 20
13 20 3
13 20 19
13 19 17
13 17 16
13 16 14
13 14 13
13 13 4
13 13 12
13 12 11
13 11 5
13 11 10
13 10 7
13 7 6
13 10 9
13 9 8
13 16 15
13 19 18
13 22 21
13 24 23
13 31 30
14 31 0
14 31 30
14 30 11
14 11 1
14 11 10
14 10 9
14 9 6
14 6 5
14 5 4
14 4 3
14 3 2
14 9 8
14 8 7
14 30 29
14 29 28
14 28 21
14 21 19
14 19 18
14 18 17
14 17 15
14 15 12
14 15 14
14 14 13
14 17 16
14 21 20
14 28 27
14 27 26
14 26 22
14 26 25
14 25 23
14 25 24
15 34 2
15 2 1
15 1 0
15 34 33
15 33 17
15 17 4
15 4 3
15 17 16
15 16 5
15 16 15
15 15 11
15 11 6
15 11 10
15 10 9
15 9 7
15 9 8
15 15 14
15 14 12
15 14 13
15 33 32
15 32 20
15 20 19
15 19 18
15 32 31
15 31 30
15 30 21
15 30 29
15 29 28
15 28 24
15 24 23
15 23 22
15 28 27
15 27 25
15 27 26
16 31 30
16 30 27
16 27 19
16 19 15
16 15 1
16 1 0
16 15 14
16 14 13
16 13 12
16 12 4
16 4 2
16 4 3
16 12 11
16 11 7
16 7 6
16 6 5
16 11 10
16 10 9
16 9 8
16 19 18
16 18 17
16 17 16
16 27 26
16 26 21
16 21 20
16 26 25
16 25 24
16 24 23
16 23 22
16 30 29
16 29 28
17 33 2
17 2 0
17 2 1
17 33 32
17 32 31
17 31 4
17 4 3
17 31 30
17 30 29
17 29 26
17 26 25
17 25 23
17 23 22
17 22 21
17 21 17
17 17 16
17 16 12
17 12 10
17 10 9
17 9 8
17 8 6
17 6 5
17 8 7
17 12 11
17 16 15
17 15 14
17 14 13
17 21 20
17 20 19
17 19 18
17 25 24
17 29 28
17 28 27
18 29 1
18 1 0
18 29 28
18 28 27
18 27 10
18 10 9
18 9 8
18 8 6
18 6 3
18 3 2
18 6 5
18 5 4
18 8 7
18 27 26
18 26 24
18 24 23
18 23 19
18 19 18
18 18 16
18 16 13
18 13 11
18 13 12
18 16 15
18 15 14
18 18 17
18 23 22
18 22 21
18 21 20
18 26 25
19 29 28
19 28 27
19 27 26
19 26 0
19 26 25
19 25 24
19 24 22
19 22 20
19 20 3
19 3 1
19 3 2
19 20 19
19 19 18
19 18 12
19 12 11
19 11 5
19 5 4
19 11 10
19 10 9
19 9 8
19 8 6
19 8 7
19 18 17
19 17 16
19 16 15
19 15 13
19 15 14
19 22 21
19 24 23
20 34 33
20 33 31
20 31 23
20 23 10
20 10 8
20 8 7
20 7 6
20 6 4
20 4 3
20 3 1
20 1 0
20 3 2
20 6 5
20 10 9
20 23 22
20 22 12
20 12 11
20 22 21
20 21 17
20 17 16
20 16 15
20 15 13
20 15 14
20 21 20
20 20 18
20 20 19
20 31 30
20 30 28
20 28 27
20 27 26
20 26 25
20 25 24
20 30 29
20 33 32
21 30 3
21 3 2
21 2 0
21 2 1
21 30 29
21 29 4
21 29 28
21 28 22
21 22 20
21 20 19
21 19 9
21 9 8
21 8 6
21 6 5
21 8 7
21 19 18
21 18 10
21 18 17
21 17 16
21 16 15
21 15 14
21 14 12
21 12 11
21 14 13
21 22 21
21 28 27
21 27 25
21 25 23
21 25 24
21 27 26
22 31 27
22 27 3
22 3 2
22 2 0
22 2 1
22 27 26
22 26 11
22 11 10
22 10 5
22 5 4
22 10 9
22 9 7
22 7 6
22 9 8
22 26 25
22 25 24
22 24 22
22 22 17
22 17 15
22 15 13
22 13 12
22 15 14
22 17 16
22 22 21
22 21 19
22 19 18
22 21 20
22 24 23
22 31 30
22 30 29
22 29 28
23 32 0
23 32 31
23 31 30
23 30 13
23 13 1
23 13 12
23 12 2
23 12 11
23 11 10
23 10 9
23 9 6
23 6 3
23 6 5
23 5 4
23 9 8
23 8 7
23 30 29
23 29 28
23 28 27
23 27 17
23 17 15
23 15 14
23 17 16
23 27 26
23 26 25
23 25 18
23 25 24
23 24 23
23 23 19
23 23 22
23 22 21
23 21 20
24 29 28
24 28 13
24 13 10
24 10 0
24 10 9
24 9 8
24 8 7
24 7 6
24 6 3
24 3 1
24 3 2
24 6 5
24 5 4
24 13 12
24 12 11
24 28 27
24 27 26
24 26 25
24 25 24
24 24 23
24 23 22
24 22 15
24 15 14
24 22 21
24 21 16
24 21 20
24 20 17
24 20 19
24 19 18
25 33 0
25 33 32
25 32 1
25 32 31
25 31 5
25 5 3
25 3 2
25 5 4
25 31 30
25 30 11
25 11 9
25 9 8
25 8 7
25 7 6
25 11 10
25 30 29
25 29 27
25 27 26
25 26 25
25 25 24
25 24 16
25 16 15
25 15 14
25 14 13
25 13 12
25 24 23
25 23 19
25 19 17
25 19 18
25 23 22
25 22 20
25 22 21
25 29 28
26 29 27
26 27 20
26 20 0
26 20 19
26 19 18
26 18 17
26 17 16
26 16 15
26 15 3
26 3 2
26 2 1
26 15 14
26 14 13
26 13 11
26 11 10
26 10 9
26 9 6
26 6 5
26 5 4
26 9 8
26 8 7
26 13 12
26 27 26
26 26 24
26 24 23
26 23 22
26 22 21
26 26 25
26 29 28
27 34 33
27 33 32
27 32 17
27 17 0
27 17 16
27 16 5
27 5 4
27 4 1
27 4 3
27 3 2
27 16 15
27 15 14
27 14 13
27 13 6
27 13 12
27 12 11
27 11 10
27 10 8
27 8 7
27 10 9
27 32 31
27 31 18
27 31 30
27 30 29
27 29 24
27 24 23
27 23 22
27 22 21
27 21 20
27 20 19
27 29 28
27 28 27
27 27 26
27 26 25
28 31 5
28 5 4
28 4 3
28 3 0
28 3 2
28 2 1
28 31 30
28 30 29
28 29 7
28 7 6
28 29 28
28 28 20
28 20 19
28 19 8
28 19 18
28 18 14
28 14 13
28 13 11
28 11 10
28 10 9
28 13 12
28 18 17
28 17 15
28 17 16
28 28 27
28 27 22
28 22 21
28 27 26
28 26 24
28 24 23
28 26 25
29 30 2
29 2 1
29 1 0
29 30 29
29 29 28
29 28 27
29 27 24
29 24 18
29 18 3
29 18 17
29 17 16
29 16 5
29 5 4
29 16 15
29 15 14
29 14 13
29 13 9
29 9 8
29 8 7
29 7 6
29 13 12
29 12 10
29 12 11
29 24 23
29 23 19
29 23 22
29 22 20
29 22 21
29 27 26
29 26 25
30 33 32
30 32 31
30 31 2
30 2 1
30 1 0
30 31 30
30 30 9
30 9 4
30 4 3
30 9 8
30 8 7
30 7 5
30 7 6
30 30 29
30 29 26
30 26 12
30 12 10
30 12 11
30 26 25
30 25 23
30 23 18
30 18 13
30 18 17
30 17 16
30 16 15
30 15 14
30 23 22
30 22 20
30 20 19
30 22 21
30 25 24
30 29 28
30 28 27
31 33 24
31 24 0
31 24 23
31 23 1
31 23 22
31 22 14
31 14 8
31 8 7
31 7 6
31 6 3
31 3 2
31 6 5
31 5 4
31 14 13
31 13 11
31 11 9
31 11 10
31 13 12
31 22 21
31 21 16
31 16 15
31 21 20
31 20 17
31 20 19
31 19 18
31 33 32
31 32 30
31 30 29
31 29 28
31 28 27
31 27 26
31 26 25
31 32 31
32 31 30
32 30 0
32 30 29
32 29 24
32 24 5
32 5 2
32 2 1
32 5 4
32 4 3
32 24 23
32 23 21
32 21 9
32 9 6
32 9 8
32 8 7
32 21 20
32 20 10
32 20 19
32 19 16
32 16 15
32 15 12
32 12 11
32 15 14
32 14 13
32 19 18
32 18 17
32 23 22
32 29 28
32 28 27
32 27 26
32 26 25
33 29 20
33 20 16
33 16 15
33 15 1
33 1 0
33 15 14
33 14 13
33 13 8
33 8 5
33 5 4
33 4 2
33 4 3
33 8 7
33 7 6
33 13 12
33 12 11
33 11 10
33 10 9
33 20 19
33 19 17
33 19 18
33 29 28
33 28 26
33 26 22
33 22 21
33 26 25
33 25 24
33 24 23
33 28 27
34 33 0
34 33 32
34 32 30
34 30 28
34 28 27
34 27 1
34 27 26
34 26 4
34 4 2
34 4 3
34 26 25
34 25 15
34 15 9
34 9 5
34 9 8
34 8 7
34 7 6
34 15 14
34 14 13
34 13 10
34 13 12
34 12 11
34 25 24
34 24 21
34 21 20
34 20 16
34 20 19
34 19 18
34 18 17
34 24 23
34 23 22
34 30 29
34 32 31
35 32 31
35 31 30
35 30 28
35 28 14
35 14 0
35 14 13
35 13 12
35 12 9
35 9 4
35 4 2
35 2 1
35 4 3
35 9 8
35 8 6
35 6 5
35 8 7
35 12 11
35 11 10
35 28 27
35 27 15
35 27 26
35 26 16
35 26 25
35 25 23
35 23 17
35 23 22
35 22 21
35 21 19
35 19 18
35 21 20
35 25 24
35 30 29
36 33 32
36 32 5
36 5 0
36 5 4
36 4 2
36 2 1
36 4 3
36 32 31
36 31 30
36 30 26
36 26 10
36 10 9
36 9 6
36 9 8
36 8 7
36 26 25
36 25 24
36 24 15
36 15 14
36 14 12
36 12 11
36 14 13
36 24 23
36 23 18
36 18 16
36 18 17
36 23 22
36 22 21
36 21 19
36 21 20
36 30 29
36 29 27
36 29 28
37 30 29
37 29 28
37 28 27
37 27 13
37 13 12
37 12 2
37 2 0
37 2 1
37 12 11
37 11 9
37 9 4
37 4 3
37 9 8
37 8 7
37 7 6
37 6 5
37 11 10
37 27 26
37 26 18
37 18 14
37 18 17
37 17 15
37 17 16
37 26 25
37 25 24
37 24 19
37 24 23
37 23 22
37 22 20
37 22 21
38 34 0
38 34 33
38 33 32
38 32 31
38 31 8
38 8 6
38 6 5
38 5 2
38 2 1
38 5 4
38 4 3
38 8 7
38 31 30
38 30 29
38 29 26
38 26 9
38 26 25
38 25 24
38 24 19
38 19 10
38 19 18
38 18 11
38 18 17
38 17 15
38 15 14
38 14 13
38 13 12
38 17 16
38 24 23
38 23 21
38 21 20
38 23 22
38 29 28
38 28 27
39 31 1
39 1 0
39 31 30
39 30 28
39 28 8
39 8 6
39 6 2
39 6 5
39 5 4
39 4 3
39 8 7
39 28 27
39 27 26
39 26 9
39 26 25
39 25 10
39 25 24
39 24 16
39 16 15
39 15 11
39 15 14
39 14 13
39 13 12
39 24 23
39 23 22
39 22 17
39 22 21
39 21 20
39 20 18
39 20 19
39 30 29
40 29 0
40 29 28
40 28 26
40 26 1
40 26 25
40 25 23
40 23 2
40 23 22
40 22 21
40 21 3
40 21 20
40 20 4
40 20 19
40 19 10
40 10 9
40 9 8
40 8 5
40 8 7
40 7 6
40 19 18
40 18 11
40 18 17
40 17 14
40 14 13
40 13 12
40 17 16
40 16 15
40 25 24
40 28 27
41 31 30
41 30 16
41 16 15
41 15 0
41 15 14
41 14 12
41 12 10
41 10 9
41 9 8
41 8 7
41 7 6
41 6 5
41 5 3
41 3 2
41 2 1
41 5 4
41 12 11
41 14 13
41 30 29
41 29 28
41 28 17
41 28 27
41 27 26
41 26 18
41 26 25
41 25 24
41 24 19
41 24 23
41 23 22
41 22 20
41 22 21
42 30 0
42 30 29
42 29 27
42 27 17
42 17 11
42 11 1
42 11 10
42 10 2
42 10 9
42 9 8
42 8 6
42 6 3
42 6 5
42 5 4
42 8 7
42 17 16
42 16 15
42 15 14
42 14 12
42 14 13
42 27 26
42 26 24
42 24 22
42 22 20
42 20 18
42 20 19
42 22 21
42 24 23
42 26 25
42 29 28
43 29 19
43 19 6
43 6 5
43 5 0
43 5 4
43 4 3
43 3 1
43 3 2
43 19 18
43 18 16
43 16 7
43 16 15
43 15 13
43 13 12
43 12 11
43 11 10
43 10 9
43 9 8
43 15 14
43 18 17
43 29 28
43 28 22
43 22 20
43 22 21
43 28 27
43 27 23
43 27 26
43 26 25
43 25 24
44 33 7
44 7 6
44 6 1
44 1 0
44 6 5
44 5 4
44 4 3
44 3 2
44 33 32
44 32 12
44 12 11
44 11 9
44 9 8
44 11 10
44 32 31
44 31 13
44 31 30
44 30 28
44 28 22
44 22 17
44 17 14
44 17 16
44 16 15
44 22 21
44 21 18
44 21 20
44 20 19
44 28 27
44 27 25
44 25 23
44 25 24
44 27 26
44 30 29
45 34 28
45 28 26
45 26 23
45 23 0
45 23 22
45 22 19
45 19 17
45 17 4
45 4 3
45 3 2
45 2 1
45 17 16
45 16 14
45 14 13
45 13 12
45 12 11
45 11 10
45 10 6
45 6 5
45 10 9
45 9 7
45 9 8
45 16 15
45 19 18
45 22 21
45 21 20
45 26 25
45 25 24
45 28 27
45 34 33
45 33 32
45 32 31
45 31 29
45 31 30
46 34 33
46 33 0
46 33 32
46 32 21
46 21 1
46 21 20
46 20 2
46 20 19
46 19 18
46 18 17
46 17 8
46 8 6
46 6 5
46 5 3
46 5 4
46 8 7
46 17 16
46 16 9
46 16 15
46 15 11
46 11 10
46 15 14
46 14 12
46 14 13
46 32 31
46 31 26
46 26 24
46 24 22
46 24 23
46 26 25
46 31 30
46 30 29
46 29 27
46 29 28
47 34 33
47 33 32
47 32 31
47 31 4
47 4 2
47 2 1
47 1 0
47 4 3
47 31 30
47 30 28
47 28 27
47 27 20
47 20 18
47 18 17
47 17 16
47 16 15
47 15 10
47 10 5
47 10 9
47 9 7
47 7 6
47 9 8
47 15 14
47 14 12
47 12 11
47 14 13
47 20 19
47 27 26
47 26 25
47 25 24
47 24 21
47 24 23
47 23 22
47 30 29
48 34 33
48 33 30
48 30 28
48 28 27
48 27 26
48 26 24
48 24 2
48 2 1
48 1 0
48 24 23
48 23 20
48 20 3
48 20 19
48 19 4
48 19 18
48 18 13
48 13 12
48 12 6
48 6 5
48 12 11
48 11 10
48 10 9
48 9 8
48 8 7
48 18 17
48 17 16
48 16 14
48 16 15
48 23 22
48 22 21
48 26 25
48 30 29
48 33 32
48 32 31
49 31 0
49 31 30
49 30 29
49 29 21
49 21 20
49 20 19
49 19 18
49 18 6
49 6 5
49 5 4
49 4 3
49 3 1
49 3 2
49 18 17
49 17 15
49 15 7
49 15 14
49 14 13
49 13 8
49 13 12
49 12 11
49 11 10
49 10 9
49 17 16
49 29 28
49 28 27
49 27 26
49 26 23
49 23 22
49 26 25
49 25 24
50 29 0
50 29 28
50 28 18
50 18 17
50 17 14
50 14 13
50 13 12
50 12 1
50 12 11
50 11 5
50 5 4
50 4 2
50 4 3
50 11 10
50 10 9
50 9 8
50 8 7
50 7 6
50 17 16
50 16 15
50 28 27
50 27 22
50 22 19
50 22 21
50 21 20
50 27 26
50 26 24
50 24 23
50 26 25
51 29 0
51 29 28
51 28 26
51 26 24
51 24 18
51 18 17
51 17 15
51 15 14
51 14 1
51 14 13
51 13 4
51 4 2
51 4 3
51 13 12
51 12 9
51 9 8
51 8 5
51 8 7
51 7 6
51 12 11
51 11 10
51 17 16
51 24 23
51 23 22
51 22 19
51 22 21
51 21 20
51 26 25
51 28 27
52 33 29
52 29 1
52 1 0
52 29 28
52 28 2
52 28 27
52 27 26
52 26 25
52 25 24
52 24 22
52 22 5
52 5 4
52 4 3
52 22 21
52 21 20
52 20 18
52 18 12
52 12 11
52 11 6
52 11 10
52 10 7
52 10 9
52 9 8
52 18 17
52 17 16
52 16 13
52 16 15
52 15 14
52 20 19
52 24 23
52 33 32
52 32 31
52 31 30
53 29 0
53 29 28
53 28 2
53 2 1
53 28 27
53 27 26
53 26 24
53 24 3
53 24 23
53 23 22
53 22 21
53 21 17
53 17 16
53 16 8
53 8 7
53 7 5
53 5 4
53 7 6
53 16 15
53 15 9
53 15 14
53 14 13
53 13 12
53 12 11
53 11 10
53 21 20
53 20 19
53 19 18
53 26 25
54 34 33
54 33 32
54 32 20
54 20 19
54 19 18
54 18 17
54 17 16
54 16 1
54 1 0
54 16 15
54 15 3
54 3 2
54 15 14
54 14 13
54 13 11
54 11 9
54 9 8
54 8 4
54 8 7
54 7 6
54 6 5
54 11 10
54 13 12
54 32 31
54 31 30
54 30 24
54 24 23
54 23 22
54 22 21
54 30 29
54 29 28
54 28 27
54 27 25
54 27 26
55 31 26
55 26 25
55 25 24
55 24 15
55 15 14
55 14 13
55 13 0
55 13 12
55 12 1
55 12 11
55 11 7
55 7 6
55 6 2
55 6 5
55 5 4
55 4 3
55 11 10
55 10 8
55 10 9
55 24 23
55 23 22
55 22 20
55 20 19
55 19 17
55 17 16
55 19 18
55 22 21
55 31 30
55 30 28
55 28 27
55 30 29
56 30 28
56 28 22
56 22 20
56 20 19
56 19 2
56 2 1
56 1 0
56 19 18
56 18 16
56 16 14
56 14 13
56 13 8
56 8 7
56 7 6
56 6 4
56 4 3
56 6 5
56 13 12
56 12 11
56 11 9
56 11 10
56 16 15
56 18 17
56 22 21
56 28 27
56 27 26
56 26 24
56 24 23
56 26 25
56 30 29
57 30 29
57 29 0
57 29 28
57 28 27
57 27 26
57 26 2
57 2 1
57 26 25
57 25 24
57 24 23
57 23 22
57 22 19
57 19 3
57 19 18
57 18 14
57 14 12
57 12 10
57 10 9
57 9 7
57 7 6
57 6 5
57 5 4
57 9 8
57 12 11
57 14 13
57 18 17
57 17 15
57 17 16
57 22 21
57 21 20
58 29 27
58 27 12
58 12 0
58 12 11
58 11 7
58 7 6
58 6 4
58 4 3
58 3 2
58 2 1
58 6 5
58 11 10
58 10 8
58 10 9
58 27 26
58 26 13
58 26 25
58 25 24
58 24 19
58 19 18
58 18 17
58 17 16
58 16 15
58 15 14
58 24 23
58 23 22
58 22 21
58 21 20
58 29 28
59 33 32
59 32 0
59 32 31
59 31 30
59 30 23
59 23 21
59 21 8
59 8 1
59 8 7
59 7 2
59 7 6
59 6 3
59 6 5
59 5 4
59 21 20
59 20 9
59 20 19
59 19 18
59 18 17
59 17 13
59 13 11
59 11 10
59 13 12
59 17 16
59 16 15
59 15 14
59 23 22
59 30 29
59 29 28
59 28 24
59 28 27
59 27 25
59 27 26
60 29 10
60 10 2
60 2 0
60 2 1
60 10 9
60 9 8
60 8 6
60 6 5
60 5 3
60 5 4
60 8 7
60 29 28
60 28 15
60 15 14
60 14 12
60 12 11
60 14 13
60 28 27
60 27 23
60 23 21
60 21 17
60 17 16
60 21 20
60 20 19
60 19 18
60 23 22
60 27 26
60 26 25
60 25 24
61 29 27
61 27 25
61 25 2
61 2 0
61 2 1
61 25 24
61 24 23
61 23 15
61 15 13
61 13 6
61 6 4
61 4 3
61 6 5
61 13 12
61 12 10
61 10 7
61 10 9
61 9 8
61 12 11
61 15 14
61 23 22
61 22 20
61 20 16
61 20 19
61 19 18
61 18 17
61 22 21
61 27 26
61 29 28
62 31 0
62 31 30
62 30 14
62 14 13
62 13 10
62 10 9
62 9 1
62 9 8
62 8 2
62 8 7
62 7 6
62 6 5
62 5 4
62 4 3
62 13 12
62 12 11
62 30 29
62 29 23
62 23 22
62 22 20
62 20 15
62 20 19
62 19 16
62 19 18
62 18 17
62 22 21
62 29 28
62 28 25
62 25 24
62 28 27
62 27 26
63 32 0
63 32 31
63 31 1
63 31 30
63 30 7
63 7 5
63 5 4
63 4 2
63 4 3
63 7 6
63 30 29
63 29 11
63 11 10
63 10 9
63 9 8
63 29 28
63 28 27
63 27 22
63 22 20
63 20 19
63 19 18
63 18 15
63 15 14
63 14 12
63 14 13
63 18 17
63 17 16
63 22 21
63 27 26
63 26 25
63 25 23
63 25 24
64 31 0
64 31 30
64 30 24
64 24 4
64 4 1
64 4 3
64 3 2
64 24 23
64 23 6
64 6 5
64 23 22
64 22 21
64 21 20
64 20 18
64 18 14
64 14 7
64 14 13
64 13 11
64 11 10
64 10 9
64 9 8
64 13 12
64 18 17
64 17 15
64 17 16
64 20 19
64 30 29
64 29 25
64 29 28
64 28 27
64 27 26
65 30 29
65 29 0
65 29 28
65 28 1
65 28 27
65 27 26
65 26 25
65 25 22
65 22 2
65 22 21
65 21 20
65 20 19
65 19 7
65 7 6
65 6 5
65 5 3
65 5 4
65 19 18
65 18 17
65 17 12
65 12 11
65 11 10
65 10 9
65 9 8
65 17 16
65 16 15
65 15 14
65 14 13
65 25 24
65 24 23
66 31 30
66 30 2
66 2 1
66 1 0
66 30 29
66 29 28
66 28 6
66 6 4
66 4 3
66 6 5
66 28 27
66 27 26
66 26 14
66 14 13
66 13 9
66 9 7
66 9 8
66 13 12
66 12 11
66 11 10
66 26 25
66 25 24
66 24 22
66 22 21
66 21 19
66 19 15
66 19 18
66 18 17
66 17 16
66 21 20
66 24 23
67 29 28
67 28 27
67 27 26
67 26 14
67 14 13
67 13 5
67 5 2
67 2 0
67 2 1
67 5 4
67 4 3
67 13 12
67 12 10
67 10 8
67 8 7
67 7 6
67 10 9
67 12 11
67 26 25
67 25 18
67 18 17
67 17 16
67 16 15
67 25 24
67 24 19
67 24 23
67 23 22
67 22 20
67 22 21
68 29 7
68 7 6
68 6 0
68 6 5
68 5 4
68 4 1
68 4 3
68 3 2
68 29 28
68 28 27
68 27 26
68 26 15
68 15 14
68 14 13
68 13 12
68 12 11
68 11 10
68 10 9
68 9 8
68 26 25
68 25 24
68 24 16
68 24 23
68 23 17
68 23 22
68 22 21
68 21 20
68 20 18
68 20 19
69 32 30
69 30 0
69 30 29
69 29 28
69 28 25
69 25 13
69 13 1
69 13 12
69 12 2
69 12 11
69 11 7
69 7 6
69 6 3
69 6 5
69 5 4
69 11 10
69 10 9
69 9 8
69 25 24
69 24 17
69 17 16
69 16 14
69 16 15
69 24 23
69 23 22
69 22 18
69 22 21
69 21 20
69 20 19
69 28 27
69 27 26
69 32 31
70 29 11
70 11 10
70 10 9
70 9 4
70 4 2
70 2 1
70 1 0
70 4 3
70 9 8
70 8 6
70 6 5
70 8 7
70 29 28
70 28 26
70 26 25
70 25 15
70 15 13
70 13 12
70 15 14
70 25 24
70 24 16
70 24 23
70 23 18
70 18 17
70 23 22
70 22 20
70 20 19
70 22 21
70 28 27
71 34 0
71 34 33
71 33 9
71 9 7
71 7 2
71 2 1
71 7 6
71 6 3
71 6 5
71 5 4
71 9 8
71 33 32
71 32 31
71 31 28
71 28 22
71 22 21
71 21 19
71 19 18
71 18 17
71 17 14
71 14 12
71 12 11
71 11 10
71 14 13
71 17 16
71 16 15
71 21 20
71 28 27
71 27 26
71 26 23
71 26 25
71 25 24
71 31 30
71 30 29
72 31 1
72 1 0
72 31 30
72 30 29
72 29 28
72 28 27
72 27 3
72 3 2
72 27 26
72 26 8
72 8 4
72 8 7
72 7 5
72 7 6
72 26 25
72 25 9
72 25 24
72 24 19
72 19 17
72 17 10
72 17 16
72 16 15
72 15 12
72 12 11
72 15 14
72 14 13
72 19 18
72 24 23
72 23 22
72 22 21
72 21 20
73 31 18
73 18 16
73 16 15
73 15 12
73 12 0
73 12 11
73 11 1
73 11 10
73 10 9
73 9 7
73 7 6
73 6 5
73 5 4
73 4 3
73 3 2
73 9 8
73 15 14
73 14 13
73 18 17
73 31 30
73 30 21
73 21 19
73 21 20
73 30 29
73 29 22
73 29 28
73 28 27
73 27 24
73 24 23
73 27 26
73 26 25
74 29 28
74 28 26
74 26 25
74 25 24
74 24 23
74 23 22
74 22 21
74 21 6
74 6 5
74 5 0
74 5 4
74 4 2
74 2 1
74 4 3
74 21 20
74 20 7
74 20 19
74 19 17
74 17 16
74 16 14
74 14 13
74 13 8
74 13 12
74 12 9
74 12 11
74 11 10
74 16 15
74 19 18
74 28 27
75 32 31
75 31 14
75 14 11
75 11 10
75 10 9
75 9 3
75 3 2
75 2 1
75 1 0
75 9 8
75 8 7
75 7 5
75 5 4
75 7 6
75 14 13
75 13 12
75 31 30
75 30 29
75 29 27
75 27 15
75 27 26
75 26 25
75 25 17
75 17 16
75 25 24
75 24 23
75 23 22
75 22 21
75 21 20
75 20 18
75 20 19
75 29 28
76 33 9
76 9 8
76 8 5
76 5 0
76 5 4
76 4 2
76 2 1
76 4 3
76 8 7
76 7 6
76 33 32
76 32 29
76 29 28
76 28 24
76 24 22
76 22 20
76 20 19
76 19 17
76 17 15
76 15 14
76 14 12
76 12 10
76 12 11
76 14 13
76 17 16
76 19 18
76 22 21
76 24 23
76 28 27
76 27 26
76 26 25
76 32 31
76 31 30
77 34 29
77 29 27
77 27 26
77 26 25
77 25 0
77 25 24
77 24 11
77 11 9
77 9 5
77 5 4
77 4 3
77 3 1
77 3 2
77 9 8
77 8 7
77 7 6
77 11 10
77 24 23
77 23 21
77 21 20
77 20 17
77 17 12
77 17 16
77 16 14
77 14 13
77 16 15
77 20 19
77 19 18
77 23 22
77 29 28
77 34 33
77 33 31
77 31 30
77 33 32
78 29 4
78 4 3
78 3 2
78 2 1
78 1 0
78 29 28
78 28 27
78 27 16
78 16 15
78 15 5
78 15 14
78 14 9
78 9 7
78 7 6
78 9 8
78 14 13
78 13 12
78 12 11
78 11 10
78 27 26
78 26 23
78 23 22
78 22 19
78 19 17
78 19 18
78 22 21
78 21 20
78 26 25
78 25 24
79 30 17
79 17 15
79 15 12
79 12 11
79 11 10
79 10 9
79 9 8
79 8 0
79 8 7
79 7 5
79 5 4
79 4 3
79 3 2
79 2 1
79 7 6
79 15 14
79 14 13
79 17 16
79 30 29
79 29 18
79 29 28
79 28 19
79 28 27
79 27 26
79 26 25
79 25 24
79 24 23
79 23 22
79 22 20
79 22 21
80 30 29
80 29 28
80 28 27
80 27 26
80 26 15
80 15 14
80 14 12
80 12 11
80 11 3
80 3 1
80 1 0
80 3 2
80 11 10
80 10 8
80 8 4
80 8 7
80 7 6
80 6 5
80 10 9
80 14 13
80 26 25
80 25 24
80 24 16
80 24 23
80 23 17
80 23 22
80 22 21
80 21 20
80 20 18
80 20 19
81 31 25
81 25 1
81 1 0
81 25 24
81 24 22
81 22 2
81 22 21
81 21 20
81 20 19
81 19 18
81 18 14
81 14 12
81 12 11
81 11 3
81 11 10
81 10 4
81 10 9
81 9 5
81 9 8
81 8 7
81 7 6
81 14 13
81 18 17
81 17 15
81 17 16
81 24 23
81 31 30
81 30 28
81 28 27
81 27 26
81 30 29
82 31 9
82 9 6
82 6 5
82 5 1
82 1 0
82 5 4
82 4 2
82 4 3
82 9 8
82 8 7
82 31 30
82 30 28
82 28 10
82 28 27
82 27 26
82 26 25
82 25 23
82 23 22
82 22 21
82 21 13
82 13 12
82 12 11
82 21 20
82 20 15
82 15 14
82 20 19
82 19 18
82 18 16
82 18 17
82 25 24
82 30 29
83 29 28
83 28 25
83 25 4
83 4 0
83 4 3
83 3 2
83 2 1
83 25 24
83 24 8
83 8 6
83 6 5
83 8 7
83 24 23
83 23 9
83 23 22
83 22 20
83 20 10
83 20 19
83 19 17
83 17 16
83 16 14
83 14 13
83 13 12
83 12 11
83 16 15
83 19 18
83 22 21
83 28 27
83 27 26
84 31 19
84 19 12
84 12 0
84 12 11
84 11 10
84 10 5
84 5 2
84 2 1
84 5 4
84 4 3
84 10 9
84 9 6
84 9 8
84 8 7
84 19 18
84 18 13
84 18 17
84 17 16
84 16 14
84 16 15
84 31 30
84 30 29
84 29 20
84 29 28
84 28 21
84 28 27
84 27 25
84 25 23
84 23 22
84 25 24
84 27 26
85 31 18
85 18 17
85 17 14
85 14 7
85 7 5
85 5 4
85 4 3
85 3 2
85 2 0
85 2 1
85 7 6
85 14 13
85 13 8
85 13 12
85 12 10
85 10 9
85 12 11
85 17 16
85 16 15
85 31 30
85 30 22
85 22 21
85 21 20
85 20 19
85 30 29
85 29 27
85 27 24
85 24 23
85 27 26
85 26 25
85 29 28
86 33 32
86 32 31
86 31 30
86 30 29
86 29 28
86 28 27
86 27 2
86 2 0
86 2 1
86 27 26
86 26 20
86 20 13
86 13 10
86 10 7
86 7 6
86 6 5
86 5 4
86 4 3
86 10 9
86 9 8
86 13 12
86 12 11
86 20 19
86 19 18
86 18 17
86 17 15
86 15 14
86 17 16
86 26 25
86 25 24
86 24 23
86 23 21
86 23 22
87 30 27
87 27 0
87 27 26
87 26 25
87 25 24
87 24 23
87 23 1
87 23 22
87 22 19
87 19 18
87 18 9
87 9 6
87 6 5
87 5 4
87 4 3
87 3 2
87 9 8
87 8 7
87 18 17
87 17 16
87 16 11
87 11 10
87 16 15
87 15 13
87 13 12
87 15 14
87 22 21
87 21 20
87 30 29
87 29 28
88 31 30
88 30 29
88 29 27
88 27 25
88 25 16
88 16 15
88 15 14
88 14 4
88 4 2
88 2 1
88 1 0
88 4 3
88 14 13
88 13 5
88 13 12
88 12 7
88 7 6
88 12 11
88 11 9
88 9 8
88 11 10
88 25 24
88 24 22
88 22 20
88 20 19
88 19 18
88 18 17
88 22 21
88 24 23
88 27 26
88 29 28
89 33 10
89 10 9
89 9 8
89 8 6
89 6 0
89 6 5
89 5 4
89 4 3
89 3 2
89 2 1
89 8 7
89 33 32
89 32 11
89 32 31
89 31 20
89 20 18
89 18 17
89 17 12
89 17 16
89 16 14
89 14 13
89 16 15
89 20 19
89 31 30
89 30 26
89 26 24
89 24 22
89 22 21
89 24 23
89 26 25
89 30 29
89 29 28
89 28 27
90 30 1
90 1 0
90 30 29
90 29 28
90 28 26
90 26 25
90 25 2
90 25 24
90 24 23
90 23 22
90 22 21
90 21 20
90 20 19
90 19 4
90 4 3
90 19 18
90 18 16
90 16 11
90 11 9
90 9 6
90 6 5
90 9 8
90 8 7
90 11 10
90 16 15
90 15 14
90 14 12
90 14 13
90 18 17
90 28 27
91 34 33
91 33 31
91 31 2
91 2 1
91 1 0
91 31 30
91 30 29
91 29 3
91 29 28
91 28 26
91 26 25
91 25 11
91 11 8
91 8 6
91 6 4
91 6 5
91 8 7
91 11 10
91 10 9
91 25 24
91 24 12
91 24 23
91 23 21
91 21 14
91 14 13
91 21 20
91 20 19
91 19 15
91 19 18
91 18 17
91 17 16
91 23 22
91 28 27
91 33 32
92 29 0
92 29 28
92 28 5
92 5 3
92 3 2
92 2 1
92 5 4
92 28 27
92 27 26
92 26 9
92 9 8
92 8 7
92 7 6
92 26 25
92 25 24
92 24 23
92 23 22
92 22 20
92 20 19
92 19 10
92 19 18
92 18 17
92 17 11
92 17 16
92 16 15
92 15 13
92 13 12
92 15 14
92 22 21
93 32 31
93 31 0
93 31 30
93 30 1
93 30 29
93 29 2
93 29 28
93 28 3
93 28 27
93 27 26
93 26 4
93 26 25
93 25 23
93 23 22
93 22 20
93 20 6
93 6 5
93 20 19
93 19 7
93 19 18
93 18 17
93 17 16
93 16 9
93 9 8
93 16 15
93 15 13
93 13 12
93 12 11
93 11 10
93 15 14
93 22 21
93 25 24
94 32 0
94 32 31
94 31 30
94 30 26
94 26 21
94 21 20
94 20 16
94 16 15
94 15 7
94 7 6
94 6 1
94 6 5
94 5 3
94 3 2
94 5 4
94 15 14
94 14 13
94 13 11
94 11 9
94 9 8
94 11 10
94 13 12
94 20 19
94 19 18
94 18 17
94 26 25
94 25 22
94 25 24
94 24 23
94 30 29
94 29 28
94 28 27
95 29 27
95 27 25
95 25 24
95 24 23
95 23 10
95 10 0
95 10 9
95 9 8
95 8 3
95 3 2
95 2 1
95 8 7
95 7 6
95 6 5
95 5 4
95 23 22
95 22 19
95 19 12
95 12 11
95 19 18
95 18 14
95 14 13
95 18 17
95 17 16
95 16 15
95 22 21
95 21 20
95 27 26
95 29 28
96 33 31
96 31 1
96 1 0
96 31 30
96 30 2
96 30 29
96 29 27
96 27 26
96 26 24
96 24 23
96 23 8
96 8 7
96 7 6
96 6 4
96 4 3
96 6 5
96 23 22
96 22 20
96 20 10
96 10 9
96 20 19
96 19 11
96 19 18
96 18 17
96 17 15
96 15 14
96 14 12
96 14 13
96 17 16
96 22 21
96 26 25
96 29 28
96 33 32
97 30 28
97 28 26
97 26 0
97 26 25
97 25 23
97 23 11
97 11 9
97 9 7
97 7 6
97 6 4
97 4 2
97 2 1
97 4 3
97 6 5
97 9 8
97 11 10
97 23 22
97 22 21
97 21 13
97 13 12
97 21 20
97 20 17
97 17 16
97 16 15
97 15 14
97 20 19
97 19 18
97 25 24
97 28 27
97 30 29
98 30 15
98 15 8
98 8 6
98 6 3
98 3 2
98 2 1
98 1 0
98 6 5
98 5 4
98 8 7
98 15 14
98 14 13
98 13 9
98 13 12
98 12 10
98 12 11
98 30 29
98 29 28
98 28 27
98 27 21
98 21 20
98 20 19
98 19 17
98 17 16
98 19 18
98 27 26
98 26 25
98 25 24
98 24 23
98 23 22
99 31 30
99 30 29
99 29 27
99 27 11
99 11 9
99 9 0
99 9 8
99 8 5
99 5 4
99 4 3
99 3 2
99 2 1
99 8 7
99 7 6
99 11 10
99 27 26
99 26 17
99 17 15
99 15 14
99 14 13
99 13 12
99 17 16
99 26 25
99 25 24
99 24 23
99 23 22
99 22 21
99 21 19
99 19 18
99 21 20
99 29 28
100 32 6
100 6 3
100 3 2
100 2 0
100 2 1
100 6 5
100 5 4
100 32 31
100 31 7
100 31 30
100 30 24
100 24 22
100 22 10
100 10 8
100 10 9
100 22 21
100 21 20
100 20 19
100 19 11
100 19 18
100 18 12
100 18 17
100 17 16
100 16 14
100 14 13
100 16 15
100 24 23
100 30 29
100 29 28
100 28 25
100 28 27
100 27 26
101 31 1
101 1 0
101 31 30
101 30 7
101 7 4
101 4 3
101 3 2
101 7 6
101 6 5
101 30 29
101 29 28
101 28 9
101 9 8
101 28 27
101 27 12
101 12 10
101 12 11
101 27 26
101 26 13
101 26 25
101 25 22
101 22 15
101 15 14
101 22 21
101 21 20
101 20 19
101 19 16
101 19 18
101 18 17
101 25 24
101 24 23
