1 29 3
1 3 2
1 2 0
1 2 1
1 29 28
1 28 4
1 28 27
1 27 5
1 27 26
1 26 25
1 25 24
1 24 14
1 14 12
1 12 11
1 11 8
1 8 7
1 7 6
1 11 10
1 10 9
1 14 13
1 24 23
1 23 22
1 22 16
1 16 15
1 22 21
1 21 17
1 21 20
1 20 18
1 20 19
2 32 29
2 29 28
2 28 0
2 28 27
2 27 10
2 10 2
2 2 1
2 10 9
2 9 7
2 7 5
2 5 3
2 5 4
2 7 6
2 9 8
2 27 26
2 26 24
2 24 22
2 22 21
2 21 20
2 20 11
2 20 19
2 19 12
2 19 18
2 18 17
2 17 16
2 16 15
2 15 13
2 15 14
2 24 23
2 26 25
2 32 31
2 31 30
3 31 29
3 29 9
3 9 6
3 6 4
3 4 1
3 1 0
3 4 3
3 3 2
3 6 5
3 9 8
3 8 7
3 29 28
3 28 27
3 27 23
3 23 22
3 22 13
3 13 12
3 12 10
3 12 11
3 22 21
3 21 18
3 18 15
3 15 14
3 18 17
3 17 16
3 21 20
3 20 19
3 27 26
3 26 24
3 26 25
3 31 30
4 31 30
4 30 0
4 30 29
4 29 10
4 10 9
4 9 7
4 7 3
4 3 1
4 3 2
4 7 6
4 6 4
4 6 5
4 9 8
4 29 28
4 28 27
4 27 22
4 22 21
4 21 19
4 19 18
4 18 17
4 17 11
4 17 16
4 16 15
4 15 12
4 15 14
4 14 13
4 21 20
4 27 26
4 26 25
4 25 24
4 24 23
5 31 1
5 1 0
5 31 30
5 30 16
5 16 14
5 14 13
5 13 12
5 12 11
5 11 10
5 10 9
5 9 8
5 8 7
5 7 3
5 3 2
5 7 6
5 6 5
5 5 4
5 16 15
5 30 29
5 29 17
5 29 28
5 28 27
5 27 20
5 20 19
5 19 18
5 27 26
5 26 25
5 25 21
5 25 24
5 24 22
5 24 23
6 32 31
6 31 30
6 30 29
6 29 28
6 28 0
6 28 27
6 27 26
6 26 1
6 26 25
6 25 4
6 4 3
6 3 2
6 25 24
6 24 6
6 6 5
6 24 23
6 23 7
6 23 22
6 22 12
6 12 11
6 11 10
6 10 8
6 10 9
6 22 21
6 21 19
6 19 17
6 17 13
6 17 16
6 16 14
6 16 15
6 19 18
6 21 20
7 29 26
7 26 4
7 4 3
7 3 2
7 2 1
7 1 0
7 26 25
7 25 24
7 24 21
7 21 19
7 19 17
7 17 15
7 15 14
7 14 13
7 13 12
7 12 6
7 6 5
7 12 11
7 11 8
7 8 7
7 11 10
7 10 9
7 17 16
7 19 18
7 21 20
7 24 23
7 23 22
7 29 28
7 28 27
8 34 33
8 33 31
8 31 30
8 30 27
8 27 26
8 26 12
8 12 11
8 11 7
8 7 6
8 6 5
8 5 4
8 4 3
8 3 2
8 2 1
8 1 0
8 11 10
8 10 8
8 10 9
8 26 25
8 25 23
8 23 13
8 23 22
8 22 15
8 15 14
8 22 21
8 21 16
8 21 20
8 20 19
8 19 17
8 19 18
8 25 24
8 30 29
8 29 28
8 33 32
9 33 2
9 2 0
9 2 1
9 33 32
9 32 31
9 31 16
9 16 10
9 10 9
9 9 8
9 8 7
9 7 6
9 6 5
9 5 4
9 4 3
9 16 15
9 15 12
9 12 11
9 15 14
9 14 13
9 31 30
9 30 17
9 30 29
9 29 27
9 27 26
9 26 25
9 25 18
9 25 24
9 24 22
9 22 20
9 20 19
9 22 21
9 24 23
9 29 28
10 30 17
10 17 16
10 16 1
10 1 0
10 16 15
10 15 14
10 14 13
10 13 2
10 13 12
10 12 5
10 5 3
10 5 4
10 12 11
10 11 6
10 11 10
10 10 8
10 8 7
10 10 9
10 30 29
10 29 27
10 27 18
10 27 26
10 26 24
10 24 22
10 22 21
10 21 19
10 21 20
10 24 23
10 26 25
10 29 28
11 34 25
11 25 1
11 1 0
11 25 24
11 24 2
11 24 23
11 23 19
11 19 11
11 11 9
11 9 3
11 9 8
11 8 4
11 8 7
11 7 5
11 7 6
11 11 10
11 19 18
11 18 17
11 17 15
11 15 13
11 13 12
11 15 14
11 17 16
11 23 22
11 22 21
11 21 20
11 34 33
11 33 30
11 30 29
11 29 28
11 28 26
11 28 27
11 33 32
11 32 31
12 30 29
12 29 28
12 28 16
12 16 15
12 15 10
12 10 1
12 1 0
12 10 9
12 9 8
12 8 2
12 8 7
12 7 3
12 7 6
12 6 5
12 5 4
12 15 14
12 14 12
12 12 11
12 14 13
12 28 27
12 27 26
12 26 25
12 25 17
12 25 24
12 24 19
12 19 18
12 24 23
12 23 22
12 22 21
12 21 20
13 34 3
13 3 2
13 2 0
13 2 1
13 34 33
13 33 32
13 32 4
13 32 31
13 31 29
13 29 28
13 28 27
13 27 26
13 26 19
13 19 5
13 19 18
13 18 16
13 16 7
13 7 6
13 16 15
13 15 13
13 13 8
13 13 12
13 12 11
13 11 10
13 10 9
13 15 14
13 18 17
13 26 25
13 25 22
13 22 21
13 21 20
13 25 24
13 24 23
13 31 30
14 29 28
14 28 27
14 27 7
14 7 0
14 7 6
14 6 4
14 4 2
14 2 1
14 4 3
14 6 5
14 27 26
14 26 25
14 25 10
14 10 9
14 9 8
14 25 24
14 24 22
14 22 20
14 20 19
14 19 17
14 17 12
14 12 11
14 17 16
14 16 15
14 15 13
14 15 14
14 19 18
14 22 21
14 24 23
15 32 31
15 31 0
15 31 30
15 30 20
15 20 18
15 18 3
15 3 1
15 3 2
15 18 17
15 17 7
15 7 4
15 7 6
15 6 5
15 17 16
15 16 15
15 15 14
15 14 8
15 14 13
15 13 12
15 12 9
15 12 11
15 11 10
15 20 19
15 30 29
15 29 28
15 28 26
15 26 25
15 25 21
15 25 24
15 24 23
15 23 22
15 28 27
16 31 30
16 30 1
16 1 0
16 30 29
16 29 27
16 27 26
16 26 3
16 3 2
16 26 25
16 25 22
16 22 4
16 22 21
16 21 5
16 21 20
16 20 6
16 20 19
16 19 18
16 18 16
16 16 15
16 15 8
16 8 7
16 15 14
16 14 10
16 10 9
16 14 13
16 13 12
16 12 11
16 18 17
16 25 24
16 24 23
16 29 28
17 29 28
17 28 27
17 27 23
17 23 15
17 15 14
17 14 10
17 10 8
17 8 0
17 8 7
17 7 6
17 6 5
17 5 1
17 5 4
17 4 3
17 3 2
17 10 9
17 14 13
17 13 11
17 13 12
17 23 22
17 22 21
17 21 19
17 19 16
17 19 18
17 18 17
17 21 20
17 27 26
17 26 24
17 26 25
18 29 28
18 28 26
18 26 24
18 24 23
18 23 0
18 23 22
18 22 20
18 20 13
18 13 3
18 3 2
18 2 1
18 13 12
18 12 11
18 11 10
18 10 4
18 10 9
18 9 8
18 8 7
18 7 6
18 6 5
18 20 19
18 19 18
18 18 14
18 18 17
18 17 16
18 16 15
18 22 21
18 26 25
18 28 27
19 29 0
19 29 28
19 28 26
19 26 24
19 24 23
19 23 22
19 22 3
19 3 2
19 2 1
19 22 21
19 21 19
19 19 18
19 18 16
19 16 15
19 15 14
19 14 11
19 11 10
19 10 9
19 9 6
19 6 5
19 5 4
19 9 8
19 8 7
19 14 13
19 13 12
19 18 17
19 21 20
19 26 25
19 28 27
20 29 6
20 6 5
20 5 3
20 3 0
20 3 2
20 2 1
20 5 4
20 29 28
20 28 8
20 8 7
20 28 27
20 27 26
20 26 22
20 22 21
20 21 9
20 21 20
20 20 14
20 14 13
20 13 12
20 12 11
20 11 10
20 20 19
20 19 15
20 19 18
20 18 16
20 18 17
20 26 25
20 25 23
20 25 24
21 31 28
21 28 24
21 24 22
21 22 6
21 6 5
21 5 2
21 2 1
21 1 0
21 5 4
21 4 3
21 22 21
21 21 8
21 8 7
21 21 20
21 20 19
21 19 18
21 18 17
21 17 9
21 17 16
21 16 13
21 13 12
21 12 10
21 12 11
21 16 15
21 15 14
21 24 23
21 28 27
21 27 25
21 27 26
21 31 30
21 30 29
22 31 11
22 11 7
22 7 0
22 7 6
22 6 3
22 3 1
22 3 2
22 6 5
22 5 4
22 11 10
22 10 8
22 10 9
22 31 30
22 30 17
22 17 16
22 16 12
22 16 15
22 15 14
22 14 13
22 30 29
22 29 18
22 29 28
22 28 26
22 26 25
22 25 24
22 24 23
22 23 21
22 21 20
22 20 19
22 23 22
22 28 27
23 34 33
23 33 32
23 32 10
23 10 0
23 10 9
23 9 5
23 5 4
23 4 3
23 3 2
23 2 1
23 9 8
23 8 7
23 7 6
23 32 31
23 31 30
23 30 28
23 28 12
23 12 11
23 28 27
23 27 26
23 26 13
23 26 25
23 25 22
23 22 21
23 21 14
23 21 20
23 20 19
23 19 17
23 17 15
23 17 16
23 19 18
23 25 24
23 24 23
23 30 29
24 32 4
24 4 3
24 3 2
24 2 0
24 2 1
24 32 31
24 31 30
24 30 16
24 16 15
24 15 14
24 14 12
24 12 11
24 11 5
24 11 10
24 10 9
24 9 7
24 7 6
24 9 8
24 14 13
24 30 29
24 29 23
24 23 17
24 23 22
24 22 20
24 20 19
24 19 18
24 22 21
24 29 28
24 28 27
24 27 24
24 27 26
24 26 25
25 32 0
25 32 31
25 31 28
25 28 27
25 27 26
25 26 8
25 8 2
25 2 1
25 8 7
25 7 6
25 6 4
25 4 3
25 6 5
25 26 25
25 25 24
25 24 23
25 23 11
25 11 10
25 10 9
25 23 22
25 22 21
25 21 20
25 20 19
25 19 12
25 19 18
25 18 16
25 16 13
25 16 15
25 15 14
25 18 17
25 31 30
25 30 29
26 32 31
26 31 29
26 29 28
26 28 21
26 21 10
26 10 9
26 9 2
26 2 1
26 1 0
26 9 8
26 8 7
26 7 5
26 5 4
26 4 3
26 7 6
26 21 20
26 20 19
26 19 11
26 19 18
26 18 16
26 16 14
26 14 13
26 13 12
26 16 15
26 18 17
26 28 27
26 27 26
26 26 24
26 24 23
26 23 22
26 26 25
26 31 30
27 33 8
27 8 6
27 6 4
27 4 0
27 4 3
27 3 2
27 2 1
27 6 5
27 8 7
27 33 32
27 32 31
27 31 9
27 31 30
27 30 29
27 29 28
27 28 26
27 26 10
27 26 25
27 25 23
27 23 16
27 16 15
27 15 11
27 15 14
27 14 13
27 13 12
27 23 22
27 22 21
27 21 20
27 20 17
27 20 19
27 19 18
27 25 24
27 28 27
28 33 32
28 32 31
28 31 11
28 11 9
28 9 6
28 6 1
28 1 0
28 6 5
28 5 4
28 4 2
28 4 3
28 9 8
28 8 7
28 11 10
28 31 30
28 30 29
28 29 12
28 29 28
28 28 26
28 26 25
28 25 13
28 25 24
28 24 23
28 23 21
28 21 20
28 20 19
28 19 14
28 19 18
28 18 17
28 17 16
28 16 15
28 23 22
28 28 27
29 29 0
29 29 28
29 28 26
29 26 25
29 25 24
29 24 5
29 5 4
29 4 1
29 4 3
29 3 2
29 24 23
29 23 22
29 22 21
29 21 6
29 21 20
29 20 19
29 19 18
29 18 7
29 18 17
29 17 16
29 16 14
29 14 8
29 14 13
29 13 12
29 12 11
29 11 9
29 11 10
29 16 15
29 28 27
30 33 29
30 29 28
30 28 9
30 9 6
30 6 1
30 1 0
30 6 5
30 5 4
30 4 2
30 4 3
30 9 8
30 8 7
30 28 27
30 27 26
30 26 25
30 25 10
30 25 24
30 24 19
30 19 17
30 17 13
30 13 12
30 12 11
30 17 16
30 16 14
30 16 15
30 19 18
30 24 23
30 23 20
30 23 22
30 22 21
30 33 32
30 32 30
30 32 31
31 30 29
31 29 2
31 2 0
31 2 1
31 29 28
31 28 11
31 11 9
31 9 3
31 9 8
31 8 7
31 7 6
31 6 4
31 6 5
31 11 10
31 28 27
31 27 12
31 27 26
31 26 25
31 25 24
31 24 15
31 15 13
31 15 14
31 24 23
31 23 18
31 18 17
31 17 16
31 23 22
31 22 21
31 21 19
31 21 20
32 32 31
32 31 8
32 8 0
32 8 7
32 7 5
32 5 1
32 5 4
32 4 2
32 4 3
32 7 6
32 31 30
32 30 29
32 29 13
32 13 12
32 12 11
32 11 10
32 10 9
32 29 28
32 28 27
32 27 17
32 17 16
32 16 15
32 15 14
32 27 26
32 26 25
32 25 21
32 21 19
32 19 18
32 21 20
32 25 24
32 24 22
32 24 23
33 33 4
33 4 0
33 4 3
33 3 1
33 3 2
33 33 32
33 32 8
33 8 5
33 8 7
33 7 6
33 32 31
33 31 9
33 31 30
33 30 29
33 29 18
33 18 10
33 18 17
33 17 12
33 12 11
33 17 16
33 16 14
33 14 13
33 16 15
33 29 28
33 28 25
33 25 23
33 23 20
33 20 19
33 23 22
33 22 21
33 25 24
33 28 27
33 27 26
34 33 1
34 1 0
34 33 32
34 32 31
34 31 29
34 29 28
34 28 27
34 27 9
34 9 8
34 8 2
34 8 7
34 7 6
34 6 3
34 6 5
34 5 4
34 27 26
34 26 25
34 25 24
34 24 17
34 17 14
34 14 13
34 13 11
34 11 10
34 13 12
34 17 16
34 16 15
34 24 23
34 23 18
34 23 22
34 22 21
34 21 19
34 21 20
34 31 30
35 34 0
35 34 33
35 33 25
35 25 24
35 24 1
35 24 23
35 23 2
35 23 22
35 22 21
35 21 19
35 19 18
35 18 11
35 11 10
35 10 4
35 4 3
35 10 9
35 9 5
35 9 8
35 8 6
35 8 7
35 18 17
35 17 16
35 16 14
35 14 12
35 14 13
35 16 15
35 21 20
35 33 32
35 32 29
35 29 26
35 29 28
35 28 27
35 32 31
35 31 30
36 29 28
36 28 27
36 27 9
36 9 7
36 7 5
36 5 4
36 4 0
36 4 3
36 3 1
36 3 2
36 7 6
36 9 8
36 27 26
36 26 24
36 24 12
36 12 10
36 12 11
36 24 23
36 23 13
36 23 22
36 22 21
36 21 14
36 21 20
36 20 15
36 20 19
36 19 18
36 18 17
36 17 16
36 26 25
37 32 26
37 26 4
37 4 1
37 1 0
37 4 3
37 3 2
37 26 25
37 25 24
37 24 23
37 23 5
37 23 22
37 22 17
37 17 16
37 16 11
37 11 10
37 10 6
37 10 9
37 9 8
37 8 7
37 16 15
37 15 12
37 15 14
37 14 13
37 22 21
37 21 20
37 20 19
37 19 18
37 32 31
37 31 28
37 28 27
37 31 30
37 30 29
38 34 33
38 33 1
38 1 0
38 33 32
38 32 24
38 24 10
38 10 5
38 5 4
38 4 3
38 3 2
38 10 9
38 9 7
38 7 6
38 9 8
38 24 23
38 23 21
38 21 19
38 19 18
38 18 17
38 17 16
38 16 11
38 16 15
38 15 14
38 14 13
38 13 12
38 21 20
38 23 22
38 32 31
38 31 30
38 30 29
38 29 26
38 26 25
38 29 28
38 28 27
39 32 31
39 31 29
39 29 2
39 2 1
39 1 0
39 29 28
39 28 27
39 27 26
39 26 25
39 25 24
39 24 23
39 23 22
39 22 21
39 21 5
39 5 3
39 5 4
39 21 20
39 20 15
39 15 14
39 14 13
39 13 12
39 12 11
39 11 9
39 9 6
39 9 8
39 8 7
39 11 10
39 20 19
39 19 17
39 17 16
39 19 18
39 31 30
40 30 2
40 2 0
40 2 1
40 30 29
40 29 3
40 29 28
40 28 4
40 28 27
40 27 26
40 26 24
40 24 23
40 23 5
40 23 22
40 22 19
40 19 18
40 18 14
40 14 12
40 12 6
40 12 11
40 11 7
40 11 10
40 10 8
40 10 9
40 14 13
40 18 17
40 17 15
40 17 16
40 22 21
40 21 20
40 26 25
41 32 25
41 25 24
41 24 22
41 22 0
41 22 21
41 21 1
41 21 20
41 20 2
41 20 19
41 19 3
41 19 18
41 18 17
41 17 16
41 16 15
41 15 13
41 13 9
41 9 7
41 7 4
41 7 6
41 6 5
41 9 8
41 13 12
41 12 11
41 11 10
41 15 14
41 24 23
41 32 31
41 31 28
41 28 26
41 28 27
41 31 30
41 30 29
42 32 9
42 9 2
42 2 1
42 1 0
42 9 8
42 8 3
42 8 7
42 7 5
42 5 4
42 7 6
42 32 31
42 31 29
42 29 28
42 28 10
42 28 27
42 27 26
42 26 12
42 12 11
42 26 25
42 25 22
42 22 21
42 21 13
42 21 20
42 20 16
42 16 14
42 16 15
42 20 19
42 19 17
42 19 18
42 25 24
42 24 23
42 31 30
43 29 17
43 17 16
43 16 15
43 15 14
43 14 0
43 14 13
43 13 12
43 12 3
43 3 2
43 2 1
43 12 11
43 11 10
43 10 9
43 9 8
43 8 7
43 7 4
43 7 6
43 6 5
43 29 28
43 28 26
43 26 25
43 25 24
43 24 18
43 24 23
43 23 21
43 21 19
43 21 20
43 23 22
43 28 27
44 31 23
44 23 20
44 20 16
44 16 15
44 15 14
44 14 0
44 14 13
44 13 1
44 13 12
44 12 11
44 11 10
44 10 9
44 9 8
44 8 7
44 7 6
44 6 5
44 5 3
44 3 2
44 5 4
44 20 19
44 19 18
44 18 17
44 23 22
44 22 21
44 31 30
44 30 29
44 29 28
44 28 27
44 27 25
44 25 24
44 27 26
45 31 0
45 31 30
45 30 2
45 2 1
45 30 29
45 29 3
45 29 28
45 28 4
45 28 27
45 27 6
45 6 5
45 27 26
45 26 14
45 14 13
45 13 11
45 11 7
45 11 10
45 10 9
45 9 8
45 13 12
45 26 25
45 25 24
45 24 16
45 16 15
45 24 23
45 23 21
45 21 18
45 18 17
45 21 20
45 20 19
45 23 22
46 31 2
46 2 1
46 1 0
46 31 30
46 30 13
46 13 3
46 13 12
46 12 9
46 9 4
46 9 8
46 8 7
46 7 6
46 6 5
46 12 11
46 11 10
46 30 29
46 29 14
46 29 28
46 28 27
46 27 26
46 26 15
46 26 25
46 25 24
46 24 16
46 24 23
46 23 21
46 21 20
46 20 18
46 18 17
46 20 19
46 23 22
47 31 29
47 29 28
47 28 26
47 26 25
47 25 12
47 12 8
47 8 7
47 7 0
47 7 6
47 6 1
47 6 5
47 5 3
47 3 2
47 5 4
47 12 11
47 11 9
47 11 10
47 25 24
47 24 20
47 20 18
47 18 15
47 15 14
47 14 13
47 18 17
47 17 16
47 20 19
47 24 23
47 23 22
47 22 21
47 28 27
47 31 30
48 32 31
48 31 8
48 8 0
48 8 7
48 7 3
48 3 1
48 3 2
48 7 6
48 6 4
48 6 5
48 31 30
48 30 9
48 30 29
48 29 10
48 29 28
48 28 26
48 26 20
48 20 18
48 18 15
48 15 14
48 14 13
48 13 11
48 13 12
48 18 17
48 17 16
48 20 19
48 26 25
48 25 24
48 24 23
48 23 21
48 23 22
48 28 27
49 34 33
49 33 21
49 21 3
49 3 1
49 1 0
49 3 2
49 21 20
49 20 12
49 12 10
49 10 9
49 9 8
49 8 7
49 7 6
49 6 4
49 6 5
49 12 11
49 20 19
49 19 14
49 14 13
49 19 18
49 18 17
49 17 16
49 16 15
49 33 32
49 32 31
49 31 29
49 29 28
49 28 26
49 26 25
49 25 24
49 24 22
49 24 23
49 28 27
49 31 30
50 30 1
50 1 0
50 30 29
50 29 28
50 28 26
50 26 16
50 16 9
50 9 2
50 9 8
50 8 7
50 7 3
50 7 6
50 6 5
50 5 4
50 16 15
50 15 14
50 14 12
50 12 10
50 12 11
50 14 13
50 26 25
50 25 23
50 23 18
50 18 17
50 23 22
50 22 21
50 21 20
50 20 19
50 25 24
50 28 27
51 34 33
51 33 32
51 32 31
51 31 3
51 3 2
51 2 0
51 2 1
51 31 30
51 30 6
51 6 4
51 6 5
51 30 29
51 29 11
51 11 10
51 10 9
51 9 8
51 8 7
51 29 28
51 28 17
51 17 15
51 15 14
51 14 13
51 13 12
51 17 16
51 28 27
51 27 25
51 25 24
51 24 23
51 23 20
51 20 19
51 19 18
51 23 22
51 22 21
51 27 26
52 32 31
52 31 28
52 28 27
52 27 26
52 26 25
52 25 18
52 18 17
52 17 0
52 17 16
52 16 15
52 15 2
52 2 1
52 15 14
52 14 11
52 11 9
52 9 8
52 8 3
52 8 7
52 7 5
52 5 4
52 7 6
52 11 10
52 14 13
52 13 12
52 25 24
52 24 20
52 20 19
52 24 23
52 23 21
52 23 22
52 31 30
52 30 29
53 34 33
53 33 13
53 13 12
53 12 8
53 8 5
53 5 4
53 4 3
53 3 2
53 2 0
53 2 1
53 8 7
53 7 6
53 12 11
53 11 9
53 11 10
53 33 32
53 32 31
53 31 14
53 31 30
53 30 29
53 29 28
53 28 20
53 20 15
53 20 19
53 19 16
53 19 18
53 18 17
53 28 27
53 27 25
53 25 24
53 24 23
53 23 21
53 23 22
53 27 26
54 32 30
54 30 15
54 15 0
54 15 14
54 14 1
54 14 13
54 13 9
54 9 5
54 5 2
54 5 4
54 4 3
54 9 8
54 8 7
54 7 6
54 13 12
54 12 10
54 12 11
54 30 29
54 29 28
54 28 16
54 28 27
54 27 26
54 26 25
54 25 24
54 24 17
54 24 23
54 23 21
54 21 19
54 19 18
54 21 20
54 23 22
54 32 31
55 31 30
55 30 29
55 29 1
55 1 0
55 29 28
55 28 2
55 28 27
55 27 26
55 26 25
55 25 15
55 15 12
55 12 10
55 10 8
55 8 5
55 5 3
55 5 4
55 8 7
55 7 6
55 10 9
55 12 11
55 15 14
55 14 13
55 25 24
55 24 20
55 20 19
55 19 18
55 18 17
55 17 16
55 24 23
55 23 21
55 23 22
56 30 4
56 4 3
56 3 2
56 2 1
56 1 0
56 30 29
56 29 21
56 21 5
56 21 20
56 20 19
56 19 6
56 19 18
56 18 15
56 15 13
56 13 10
56 10 9
56 9 7
56 9 8
56 13 12
56 12 11
56 15 14
56 18 17
56 17 16
56 29 28
56 28 27
56 27 26
56 26 22
56 26 25
56 25 23
56 25 24
57 30 0
57 30 29
57 29 27
57 27 4
57 4 3
57 3 1
57 3 2
57 27 26
57 26 24
57 24 5
57 24 23
57 23 15
57 15 10
57 10 8
57 8 6
57 8 7
57 10 9
57 15 14
57 14 12
57 12 11
57 14 13
57 23 22
57 22 21
57 21 20
57 20 19
57 19 16
57 19 18
57 18 17
57 26 25
57 29 28
58 31 1
58 1 0
58 31 30
58 30 29
58 29 25
58 25 2
58 25 24
58 24 23
58 23 9
58 9 3
58 9 8
58 8 4
58 8 7
58 7 5
58 7 6
58 23 22
58 22 21
58 21 11
58 11 10
58 21 20
58 20 18
58 18 17
58 17 16
58 16 15
58 15 14
58 14 13
58 13 12
58 20 19
58 29 28
58 28 26
58 28 27
59 30 29
59 29 28
59 28 0
59 28 27
59 27 1
59 27 26
59 26 25
59 25 24
59 24 2
59 24 23
59 23 3
59 23 22
59 22 20
59 20 4
59 20 19
59 19 10
59 10 9
59 9 8
59 8 7
59 7 5
59 7 6
59 19 18
59 18 11
59 18 17
59 17 16
59 16 15
59 15 14
59 14 12
59 14 13
59 22 21
60 34 32
60 32 29
60 29 27
60 27 26
60 26 0
60 26 25
60 25 14
60 14 12
60 12 4
60 4 3
60 3 2
60 2 1
60 12 11
60 11 5
60 11 10
60 10 8
60 8 6
60 8 7
60 10 9
60 14 13
60 25 24
60 24 16
60 16 15
60 24 23
60 23 22
60 22 21
60 21 18
60 18 17
60 21 20
60 20 19
60 29 28
60 32 31
60 31 30
60 34 33
61 33 32
61 32 31
61 31 12
61 12 11
61 11 10
61 10 8
61 8 7
61 7 5
61 5 4
61 4 1
61 1 0
61 4 3
61 3 2
61 7 6
61 10 9
61 31 30
61 30 13
61 30 29
61 29 28
61 28 20
61 20 16
61 16 14
61 16 15
61 20 19
61 19 18
61 18 17
61 28 27
61 27 26
61 26 25
61 25 24
61 24 21
61 24 23
61 23 22
62 30 6
62 6 5
62 5 0
62 5 4
62 4 3
62 3 2
62 2 1
62 30 29
62 29 26
62 26 22
62 22 15
62 15 13
62 13 12
62 12 10
62 10 8
62 8 7
62 10 9
62 12 11
62 15 14
62 22 21
62 21 20
62 20 16
62 20 19
62 19 18
62 18 17
62 26 25
62 25 23
62 25 24
62 29 28
62 28 27
63 30 14
63 14 13
63 13 1
63 1 0
63 13 12
63 12 4
63 4 2
63 4 3
63 12 11
63 11 5
63 11 10
63 10 9
63 9 7
63 7 6
63 9 8
63 30 29
63 29 27
63 27 15
63 27 26
63 26 25
63 25 24
63 24 23
63 23 22
63 22 21
63 21 20
63 20 16
63 20 19
63 19 18
63 18 17
63 29 28
64 31 30
64 30 29
64 29 28
64 28 26
64 26 23
64 23 22
64 22 20
64 20 19
64 19 18
64 18 16
64 16 2
64 2 1
64 1 0
64 16 15
64 15 7
64 7 6
64 6 4
64 4 3
64 6 5
64 15 14
64 14 8
64 14 13
64 13 12
64 12 11
64 11 9
64 11 10
64 18 17
64 22 21
64 26 25
64 25 24
64 28 27
65 29 13
65 13 12
65 12 3
65 3 1
65 1 0
65 3 2
65 12 11
65 11 9
65 9 8
65 8 7
65 7 4
65 7 6
65 6 5
65 11 10
65 29 28
65 28 27
65 27 22
65 22 20
65 20 19
65 19 18
65 18 15
65 15 14
65 18 17
65 17 16
65 22 21
65 27 26
65 26 25
65 25 24
65 24 23
66 32 2
66 2 1
66 1 0
66 32 31
66 31 29
66 29 22
66 22 6
66 6 5
66 5 4
66 4 3
66 22 21
66 21 11
66 11 9
66 9 8
66 8 7
66 11 10
66 21 20
66 20 12
66 20 19
66 19 13
66 19 18
66 18 14
66 18 17
66 17 16
66 16 15
66 29 28
66 28 26
66 26 23
66 26 25
66 25 24
66 28 27
66 31 30
67 34 0
67 34 33
67 33 4
67 4 3
67 3 1
67 3 2
67 33 32
67 32 7
67 7 5
67 7 6
67 32 31
67 31 30
67 30 28
67 28 26
67 26 25
67 25 24
67 24 19
67 19 8
67 19 18
67 18 14
67 14 12
67 12 10
67 10 9
67 12 11
67 14 13
67 18 17
67 17 16
67 16 15
67 24 23
67 23 22
67 22 21
67 21 20
67 28 27
67 30 29
68 29 6
68 6 5
68 5 4
68 4 3
68 3 2
68 2 1
68 1 0
68 29 28
68 28 26
68 26 25
68 25 7
68 25 24
68 24 8
68 24 23
68 23 12
68 12 11
68 11 9
68 11 10
68 23 22
68 22 21
68 21 20
68 20 17
68 17 16
68 16 13
68 16 15
68 15 14
68 20 19
68 19 18
68 28 27
69 29 28
69 28 17
69 17 15
69 15 13
69 13 10
69 10 3
69 3 2
69 2 0
69 2 1
69 10 9
69 9 8
69 8 7
69 7 5
69 5 4
69 7 6
69 13 12
69 12 11
69 15 14
69 17 16
69 28 27
69 27 21
69 21 18
69 21 20
69 20 19
69 27 26
69 26 22
69 26 25
69 25 23
69 25 24
70 34 32
70 32 0
70 32 31
70 31 19
70 19 2
70 2 1
70 19 18
70 18 16
70 16 15
70 15 3
70 15 14
70 14 10
70 10 9
70 9 8
70 8 7
70 7 5
70 5 4
70 7 6
70 14 13
70 13 11
70 13 12
70 18 17
70 31 30
70 30 20
70 30 29
70 29 28
70 28 26
70 26 22
70 22 21
70 26 25
70 25 24
70 24 23
70 28 27
70 34 33
71 34 33
71 33 0
71 33 32
71 32 31
71 31 29
71 29 27
71 27 26
71 26 5
71 5 1
71 5 4
71 4 3
71 3 2
71 26 25
71 25 6
71 25 24
71 24 7
71 24 23
71 23 9
71 9 8
71 23 22
71 22 20
71 20 11
71 11 10
71 20 19
71 19 12
71 19 18
71 18 13
71 18 17
71 17 15
71 15 14
71 17 16
71 22 21
71 29 28
71 31 30
72 29 28
72 28 0
72 28 27
72 27 1
72 27 26
72 26 24
72 24 20
72 20 2
72 20 19
72 19 18
72 18 17
72 17 16
72 16 15
72 15 3
72 15 14
72 14 5
72 5 4
72 14 13
72 13 6
72 13 12
72 12 11
72 11 7
72 11 10
72 10 8
72 10 9
72 24 23
72 23 21
72 23 22
72 26 25
73 31 4
73 4 2
73 2 1
73 1 0
73 4 3
73 31 30
73 30 28
73 28 26
73 26 25
73 25 23
73 23 7
73 7 6
73 6 5
73 23 22
73 22 18
73 18 15
73 15 14
73 14 13
73 13 12
73 12 8
73 12 11
73 11 10
73 10 9
73 18 17
73 17 16
73 22 21
73 21 20
73 20 19
73 25 24
73 28 27
73 30 29
74 34 33
74 33 32
74 32 31
74 31 29
74 29 0
74 29 28
74 28 21
74 21 16
74 16 15
74 15 14
74 14 13
74 13 9
74 9 8
74 8 1
74 8 7
74 7 6
74 6 5
74 5 3
74 3 2
74 5 4
74 13 12
74 12 11
74 11 10
74 21 20
74 20 19
74 19 18
74 18 17
74 28 27
74 27 22
74 27 26
74 26 25
74 25 23
74 25 24
74 31 30
75 33 32
75 32 26
75 26 25
75 25 19
75 19 18
75 18 3
75 3 2
75 2 1
75 1 0
75 18 17
75 17 9
75 9 7
75 7 5
75 5 4
75 7 6
75 9 8
75 17 16
75 16 14
75 14 13
75 13 12
75 12 10
75 12 11
75 16 15
75 25 24
75 24 23
75 23 22
75 22 20
75 22 21
75 32 31
75 31 27
75 31 30
75 30 28
75 30 29
76 32 6
76 6 5
76 5 4
76 4 2
76 2 0
76 2 1
76 4 3
76 32 31
76 31 7
76 31 30
76 30 8
76 30 29
76 29 28
76 28 9
76 28 27
76 27 25
76 25 24
76 24 22
76 22 21
76 21 10
76 21 20
76 20 14
76 14 11
76 14 13
76 13 12
76 20 19
76 19 18
76 18 15
76 18 17
76 17 16
76 24 23
76 27 26
77 34 33
77 33 32
77 32 31
77 31 3
77 3 1
77 1 0
77 3 2
77 31 30
77 30 29
77 29 9
77 9 8
77 8 7
77 7 4
77 7 6
77 6 5
77 29 28
77 28 10
77 28 27
77 27 26
77 26 13
77 13 12
77 12 11
77 26 25
77 25 24
77 24 21
77 21 16
77 16 15
77 15 14
77 21 20
77 20 18
77 18 17
77 20 19
77 24 23
77 23 22
78 32 30
78 30 3
78 3 1
78 1 0
78 3 2
78 30 29
78 29 28
78 28 27
78 27 5
78 5 4
78 27 26
78 26 25
78 25 23
78 23 6
78 23 22
78 22 18
78 18 12
78 12 11
78 11 10
78 10 7
78 10 9
78 9 8
78 18 17
78 17 16
78 16 15
78 15 13
78 15 14
78 22 21
78 21 19
78 21 20
78 25 24
78 32 31
79 34 21
79 21 2
79 2 1
79 1 0
79 21 20
79 20 19
79 19 18
79 18 17
79 17 3
79 17 16
79 16 14
79 14 12
79 12 11
79 11 6
79 6 5
79 5 4
79 11 10
79 10 7
79 10 9
79 9 8
79 14 13
79 16 15
79 34 33
79 33 32
79 32 30
79 30 28
79 28 24
79 24 22
79 24 23
79 28 27
79 27 26
79 26 25
79 30 29
79 32 31
80 31 10
80 10 9
80 9 8
80 8 7
80 7 5
80 5 4
80 4 1
80 1 0
80 4 3
80 3 2
80 7 6
80 31 30
80 30 29
80 29 26
80 26 13
80 13 12
80 12 11
80 26 25
80 25 23
80 23 16
80 16 14
80 16 15
80 23 22
80 22 17
80 22 21
80 21 20
80 20 18
80 20 19
80 25 24
80 29 28
80 28 27
81 29 10
81 10 0
81 10 9
81 9 7
81 7 6
81 6 5
81 5 1
81 5 4
81 4 3
81 3 2
81 9 8
81 29 28
81 28 15
81 15 14
81 14 13
81 13 12
81 12 11
81 28 27
81 27 17
81 17 16
81 27 26
81 26 25
81 25 21
81 21 18
81 21 20
81 20 19
81 25 24
81 24 23
81 23 22
82 30 16
82 16 15
82 15 14
82 14 13
82 13 4
82 4 3
82 3 1
82 1 0
82 3 2
82 13 12
82 12 11
82 11 10
82 10 5
82 10 9
82 9 7
82 7 6
82 9 8
82 30 29
82 29 17
82 29 28
82 28 21
82 21 18
82 21 20
82 20 19
82 28 27
82 27 22
82 27 26
82 26 25
82 25 24
82 24 23
83 33 24
83 24 17
83 17 15
83 15 13
83 13 0
83 13 12
83 12 1
83 12 11
83 11 10
83 10 8
83 8 4
83 4 2
83 4 3
83 8 7
83 7 6
83 6 5
83 10 9
83 15 14
83 17 16
83 24 23
83 23 20
83 20 18
83 20 19
83 23 22
83 22 21
83 33 32
83 32 31
83 31 26
83 26 25
83 31 30
83 30 29
83 29 28
83 28 27
84 34 0
84 34 33
84 33 32
84 32 11
84 11 3
84 3 1
84 3 2
84 11 10
84 10 7
84 7 6
84 6 4
84 6 5
84 10 9
84 9 8
84 32 31
84 31 30
84 30 12
84 30 29
84 29 13
84 29 28
84 28 26
84 26 25
84 25 24
84 24 22
84 22 15
84 15 14
84 22 21
84 21 16
84 21 20
84 20 19
84 19 18
84 18 17
84 24 23
84 28 27
85 30 29
85 29 17
85 17 16
85 16 0
85 16 15
85 15 13
85 13 4
85 4 1
85 4 3
85 3 2
85 13 12
85 12 11
85 11 10
85 10 7
85 7 6
85 6 5
85 10 9
85 9 8
85 15 14
85 29 28
85 28 24
85 24 21
85 21 19
85 19 18
85 21 20
85 24 23
85 23 22
85 28 27
85 27 25
85 27 26
86 30 2
86 2 1
86 1 0
86 30 29
86 29 3
86 29 28
86 28 26
86 26 16
86 16 4
86 16 15
86 15 6
86 6 5
86 15 14
86 14 8
86 8 7
86 14 13
86 13 11
86 11 9
86 11 10
86 13 12
86 26 25
86 25 18
86 18 17
86 25 24
86 24 19
86 24 23
86 23 22
86 22 20
86 22 21
86 28 27
87 30 23
87 23 22
87 22 1
87 1 0
87 22 21
87 21 20
87 20 2
87 20 19
87 19 4
87 4 3
87 19 18
87 18 17
87 17 5
87 17 16
87 16 13
87 13 10
87 10 6
87 10 9
87 9 7
87 9 8
87 13 12
87 12 11
87 16 15
87 15 14
87 30 29
87 29 28
87 28 27
87 27 26
87 26 25
87 25 24
88 29 28
88 28 27
88 27 26
88 26 24
88 24 11
88 11 10
88 10 0
88 10 9
88 9 4
88 4 3
88 3 2
88 2 1
88 9 8
88 8 7
88 7 5
88 7 6
88 24 23
88 23 13
88 13 12
88 23 22
88 22 15
88 15 14
88 22 21
88 21 19
88 19 17
88 17 16
88 19 18
88 21 20
88 26 25
89 29 25
89 25 16
89 16 15
89 15 11
89 11 5
89 5 4
89 4 3
89 3 2
89 2 0
89 2 1
89 11 10
89 10 8
89 8 6
89 8 7
89 10 9
89 15 14
89 14 12
89 14 13
89 25 24
89 24 17
89 24 23
89 23 22
89 22 21
89 21 19
89 19 18
89 21 20
89 29 28
89 28 27
89 27 26
90 33 31
90 31 30
90 30 0
90 30 29
90 29 28
90 28 27
90 27 26
90 26 1
90 26 25
90 25 6
90 6 4
90 4 2
90 4 3
90 6 5
90 25 24
90 24 7
90 24 23
90 23 9
90 9 8
90 23 22
90 22 20
90 20 10
90 20 19
90 19 18
90 18 17
90 17 11
90 17 16
90 16 15
90 15 13
90 13 12
90 15 14
90 22 21
90 33 32
91 31 23
91 23 0
91 23 22
91 22 10
91 10 2
91 2 1
91 10 9
91 9 5
91 5 3
91 5 4
91 9 8
91 8 7
91 7 6
91 22 21
91 21 17
91 17 12
91 12 11
91 17 16
91 16 13
91 16 15
91 15 14
91 21 20
91 20 18
91 20 19
91 31 30
91 30 28
91 28 27
91 27 26
91 26 24
91 26 25
91 30 29
92 29 28
92 28 27
92 27 26
92 26 2
92 2 1
92 1 0
92 26 25
92 25 24
92 24 23
92 23 22
92 22 3
92 22 21
92 21 19
92 19 14
92 14 13
92 13 12
92 12 11
92 11 5
92 5 4
92 11 10
92 10 9
92 9 8
92 8 7
92 7 6
92 19 18
92 18 17
92 17 16
92 16 15
92 21 20
93 33 31
93 31 6
93 6 5
93 5 1
93 1 0
93 5 4
93 4 2
93 4 3
93 31 30
93 30 15
93 15 7
93 15 14
93 14 8
93 14 13
93 13 9
93 13 12
93 12 10
93 12 11
93 30 29
93 29 28
93 28 27
93 27 25
93 25 23
93 23 20
93 20 16
93 20 19
93 19 18
93 18 17
93 23 22
93 22 21
93 25 24
93 27 26
93 33 32
94 29 28
94 28 25
94 25 24
94 24 1
94 1 0
94 24 23
94 23 21
94 21 20
94 20 2
94 20 19
94 19 15
94 15 14
94 14 11
94 11 7
94 7 6
94 6 5
94 5 3
94 5 4
94 11 10
94 10 9
94 9 8
94 14 13
94 13 12
94 19 18
94 18 17
94 17 16
94 23 22
94 28 27
94 27 26
95 33 10
95 10 7
95 7 6
95 6 5
95 5 4
95 4 3
95 3 2
95 2 0
95 2 1
95 10 9
95 9 8
95 33 32
95 32 31
95 31 15
95 15 14
95 14 12
95 12 11
95 14 13
95 31 30
95 30 16
95 30 29
95 29 22
95 22 19
95 19 17
95 19 18
95 22 21
95 21 20
95 29 28
95 28 23
95 28 27
95 27 24
95 27 26
95 26 25
96 31 30
96 30 25
96 25 24
96 24 23
96 23 2
96 2 0
96 2 1
96 23 22
96 22 6
96 6 5
96 5 3
96 5 4
96 22 21
96 21 19
96 19 18
96 18 10
96 10 9
96 9 8
96 8 7
96 18 17
96 17 16
96 16 11
96 16 15
96 15 13
96 13 12
96 15 14
96 21 20
96 30 29
96 29 27
96 27 26
96 29 28
97 30 3
97 3 1
97 1 0
97 3 2
97 30 29
97 29 28
97 28 22
97 22 20
97 20 19
97 19 14
97 14 13
97 13 7
97 7 4
97 7 6
97 6 5
97 13 12
97 12 8
97 12 11
97 11 9
97 11 10
97 19 18
97 18 17
97 17 15
97 17 16
97 22 21
97 28 27
97 27 25
97 25 24
97 24 23
97 27 26
98 30 29
98 29 26
98 26 2
98 2 0
98 2 1
98 26 25
98 25 3
98 25 24
98 24 21
98 21 20
98 20 19
98 19 10
98 10 9
98 9 4
98 9 8
98 8 7
98 7 6
98 6 5
98 19 18
98 18 16
98 16 15
98 15 14
98 14 11
98 14 13
98 13 12
98 18 17
98 24 23
98 23 22
98 29 28
98 28 27
99 31 30
99 30 29
99 29 28
99 28 0
99 28 27
99 27 26
99 26 25
99 25 24
99 24 23
99 23 4
99 4 1
99 4 3
99 3 2
99 23 22
99 22 12
99 12 11
99 11 7
99 7 5
99 7 6
99 11 10
99 10 9
99 9 8
99 22 21
99 21 13
99 21 20
99 20 19
99 19 18
99 18 16
99 16 15
99 15 14
99 18 17
100 33 32
100 32 6
100 6 4
100 4 2
100 2 0
100 2 1
100 4 3
100 6 5
100 32 31
100 31 28
100 28 27
100 27 16
100 16 15
100 15 14
100 14 13
100 13 11
100 11 7
100 11 10
100 10 9
100 9 8
100 13 12
100 27 26
100 26 24
100 24 23
100 23 17
100 23 22
100 22 18
100 22 21
100 21 19
100 21 20
100 26 25
100 31 30
100 30 29
101 34 32
101 32 0
101 32 31
101 31 30
101 30 29
101 29 27
101 27 18
101 18 1
101 18 17
101 17 16
101 16 6
101 6 4
101 4 3
101 3 2
101 6 5
101 16 15
101 15 14
101 14 13
101 13 12
101 12 11
101 11 9
101 9 8
101 8 7
101 11 10
101 27 26
101 26 23
101 23 20
101 20 19
101 23 22
101 22 21
101 26 25
101 25 24
101 29 28
101 34 33
