1 30 28
1 28 16
1 16 15
1 15 14
1 14 13
1 13 11
1 11 1
1 1 0
1 11 10
1 10 3
1 3 2
1 10 9
1 9 8
1 8 7
1 7 6
1 6 4
1 6 5
1 13 12
1 28 27
1 27 24
1 24 23
1 23 17
1 23 22
1 22 20
1 20 19
1 19 18
1 22 21
1 27 26
1 26 25
1 30 29
2 32 31
2 31 30
2 30 12
2 12 10
2 10 9
2 9 7
2 7 6
2 6 5
2 5 0
2 5 4
2 4 3
2 3 1
2 3 2
2 9 8
2 12 11
2 30 29
2 29 21
2 21 16
2 16 15
2 15 14
2 14 13
2 21 20
2 20 19
2 19 17
2 19 18
2 29 28
2 28 27
2 27 25
2 25 24
2 24 22
2 24 23
2 27 26
3 31 0
3 31 30
3 30 27
3 27 2
3 2 1
3 27 26
3 26 23
3 23 3
3 23 22
3 22 4
3 22 21
3 21 18
3 18 17
3 17 15
3 15 9
3 9 5
3 9 8
3 8 6
3 8 7
3 15 14
3 14 10
3 14 13
3 13 11
3 13 12
3 17 16
3 21 20
3 20 19
3 26 25
3 25 24
3 30 29
3 29 28
4 34 33
4 33 28
4 28 23
4 23 22
4 22 0
4 22 21
4 21 18
4 18 1
4 18 17
4 17 10
4 10 8
4 8 6
4 6 5
4 5 4
4 4 2
4 4 3
4 8 7
4 10 9
4 17 16
4 16 12
4 12 11
4 16 15
4 15 13
4 15 14
4 21 20
4 20 19
4 28 27
4 27 26
4 26 24
4 26 25
4 33 32
4 32 31
4 31 30
4 30 29
5 32 14
5 14 4
5 4 3
5 3 2
5 2 0
5 2 1
5 14 13
5 13 7
5 7 6
5 6 5
5 13 12
5 12 10
5 10 9
5 9 8
5 12 11
5 32 31
5 31 15
5 31 30
5 30 28
5 28 26
5 26 25
5 25 21
5 21 17
5 17 16
5 21 20
5 20 18
5 20 19
5 25 24
5 24 23
5 23 22
5 28 27
5 30 29
6 29 0
6 29 28
6 28 24
6 24 1
6 24 23
6 23 15
6 15 2
6 15 14
6 14 3
6 14 13
6 13 12
6 12 11
6 11 8
6 8 4
6 8 7
6 7 5
6 7 6
6 11 10
6 10 9
6 23 22
6 22 19
6 19 18
6 18 17
6 17 16
6 22 21
6 21 20
6 28 27
6 27 25
6 27 26
7 33 29
7 29 5
7 5 4
7 4 1
7 1 0
7 4 3
7 3 2
7 29 28
7 28 8
7 8 6
7 8 7
7 28 27
7 27 26
7 26 22
7 22 10
7 10 9
7 22 21
7 21 20
7 20 19
7 19 17
7 17 16
7 16 14
7 14 13
7 13 12
7 12 11
7 16 15
7 19 18
7 26 25
7 25 24
7 24 23
7 33 32
7 32 31
7 31 30
8 30 1
8 1 0
8 30 29
8 29 28
8 28 2
8 28 27
8 27 18
8 18 3
8 18 17
8 17 4
8 17 16
8 16 15
8 15 11
8 11 8
8 8 6
8 6 5
8 8 7
8 11 10
8 10 9
8 15 14
8 14 13
8 13 12
8 27 26
8 26 25
8 25 23
8 23 22
8 22 21
8 21 19
8 21 20
8 25 24
9 29 5
9 5 1
9 1 0
9 5 4
9 4 3
9 3 2
9 29 28
9 28 25
9 25 6
9 25 24
9 24 21
9 21 11
9 11 8
9 8 7
9 11 10
9 10 9
9 21 20
9 20 12
9 20 19
9 19 18
9 18 13
9 18 17
9 17 16
9 16 15
9 15 14
9 24 23
9 23 22
9 28 27
9 27 26
10 30 25
10 25 2
10 2 1
10 1 0
10 25 24
10 24 6
10 6 5
10 5 4
10 4 3
10 24 23
10 23 21
10 21 11
10 11 10
10 10 7
10 10 9
10 9 8
10 21 20
10 20 14
10 14 12
10 14 13
10 20 19
10 19 16
10 16 15
10 19 18
10 18 17
10 23 22
10 30 29
10 29 27
10 27 26
10 29 28
11 31 28
11 28 27
11 27 0
11 27 26
11 26 18
11 18 1
11 18 17
11 17 16
11 16 8
11 8 7
11 7 2
11 7 6
11 6 3
11 6 5
11 5 4
11 16 15
11 15 10
11 10 9
11 15 14
11 14 13
11 13 11
11 13 12
11 26 25
11 25 24
11 24 23
11 23 19
11 23 22
11 22 21
11 21 20
11 31 30
11 30 29
12 34 30
12 30 29
12 29 0
12 29 28
12 28 27
12 27 26
12 26 25
12 25 24
12 24 23
12 23 2
12 2 1
12 23 22
12 22 4
12 4 3
12 22 21
12 21 19
12 19 6
12 6 5
12 19 18
12 18 17
12 17 13
12 13 12
12 12 11
12 11 10
12 10 7
12 10 9
12 9 8
12 17 16
12 16 15
12 15 14
12 21 20
12 34 33
12 33 31
12 33 32
13 32 3
13 3 2
13 2 0
13 2 1
13 32 31
13 31 21
13 21 4
13 21 20
13 20 17
13 17 7
13 7 6
13 6 5
13 17 16
13 16 9
13 9 8
13 16 15
13 15 13
13 13 10
13 13 12
13 12 11
13 15 14
13 20 19
13 19 18
13 31 30
13 30 29
13 29 25
13 25 24
13 24 23
13 23 22
13 29 28
13 28 27
13 27 26
14 33 0
14 33 32
14 32 31
14 31 30
14 30 29
14 29 28
14 28 27
14 27 24
14 24 2
14 2 1
14 24 23
14 23 20
14 20 7
14 7 5
14 5 4
14 4 3
14 7 6
14 20 19
14 19 8
14 19 18
14 18 13
14 13 9
14 13 12
14 12 11
14 11 10
14 18 17
14 17 15
14 15 14
14 17 16
14 23 22
14 22 21
14 27 26
14 26 25
15 34 25
15 25 0
15 25 24
15 24 23
15 23 22
15 22 20
15 20 1
15 20 19
15 19 4
15 4 2
15 4 3
15 19 18
15 18 17
15 17 7
15 7 5
15 7 6
15 17 16
15 16 15
15 15 14
15 14 8
15 14 13
15 13 9
15 13 12
15 12 10
15 12 11
15 22 21
15 34 33
15 33 31
15 31 30
15 30 26
15 30 29
15 29 27
15 29 28
15 33 32
16 30 29
16 29 14
16 14 11
16 11 2
16 2 1
16 1 0
16 11 10
16 10 9
16 9 8
16 8 6
16 6 5
16 5 3
16 5 4
16 8 7
16 14 13
16 13 12
16 29 28
16 28 24
16 24 23
16 23 20
16 20 16
16 16 15
16 20 19
16 19 18
16 18 17
16 23 22
16 22 21
16 28 27
16 27 26
16 26 25
17 30 23
17 23 9
17 9 7
17 7 5
17 5 4
17 4 3
17 3 2
17 2 0
17 2 1
17 7 6
17 9 8
17 23 22
17 22 17
17 17 15
17 15 14
17 14 13
17 13 12
17 12 11
17 11 10
17 17 16
17 22 21
17 21 19
17 19 18
17 21 20
17 30 29
17 29 28
17 28 27
17 27 24
17 27 26
17 26 25
18 31 30
18 30 0
18 30 29
18 29 1
18 29 28
18 28 11
18 11 10
18 10 9
18 9 7
18 7 3
18 3 2
18 7 6
18 6 5
18 5 4
18 9 8
18 28 27
18 27 22
18 22 13
18 13 12
18 22 21
18 21 20
18 20 19
18 19 18
18 18 16
18 16 15
18 15 14
18 18 17
18 27 26
18 26 25
18 25 24
18 24 23
19 32 31
19 31 23
19 23 21
19 21 3
19 3 1
19 1 0
19 3 2
19 21 20
19 20 19
19 19 17
19 17 4
19 17 16
19 16 15
19 15 5
19 15 14
19 14 10
19 10 6
19 10 9
19 9 7
19 9 8
19 14 13
19 13 12
19 12 11
19 19 18
19 23 22
19 31 30
19 30 27
19 27 26
19 26 24
19 26 25
19 30 29
19 29 28
20 32 0
20 32 31
20 31 28
20 28 21
20 21 20
20 20 19
20 19 18
20 18 17
20 17 5
20 5 3
20 3 1
20 3 2
20 5 4
20 17 16
20 16 15
20 15 7
20 7 6
20 15 14
20 14 13
20 13 12
20 12 11
20 11 10
20 10 9
20 9 8
20 28 27
20 27 26
20 26 25
20 25 24
20 24 23
20 23 22
20 31 30
20 30 29
21 30 28
21 28 27
21 27 25
21 25 0
21 25 24
21 24 14
21 14 13
21 13 4
21 4 3
21 3 2
21 2 1
21 13 12
21 12 5
21 12 11
21 11 10
21 10 7
21 7 6
21 10 9
21 9 8
21 24 23
21 23 16
21 16 15
21 23 22
21 22 21
21 21 20
21 20 17
21 20 19
21 19 18
21 27 26
21 30 29
22 30 28
22 28 26
22 26 25
22 25 24
22 24 23
22 23 22
22 22 21
22 21 0
22 21 20
22 20 19
22 19 18
22 18 16
22 16 1
22 16 15
22 15 7
22 7 6
22 6 5
22 5 3
22 3 2
22 5 4
22 15 14
22 14 13
22 13 10
22 10 9
22 9 8
22 13 12
22 12 11
22 18 17
22 28 27
22 30 29
23 32 30
23 30 26
23 26 25
23 25 24
23 24 2
23 2 1
23 1 0
23 24 23
23 23 22
23 22 20
23 20 19
23 19 4
23 4 3
23 19 18
23 18 6
23 6 5
23 18 17
23 17 15
23 15 7
23 15 14
23 14 8
23 14 13
23 13 12
23 12 10
23 10 9
23 12 11
23 17 16
23 22 21
23 30 29
23 29 28
23 28 27
23 32 31
24 32 10
24 10 0
24 10 9
24 9 1
24 9 8
24 8 6
24 6 3
24 3 2
24 6 5
24 5 4
24 8 7
24 32 31
24 31 26
24 26 25
24 25 22
24 22 20
24 20 15
24 15 14
24 14 13
24 13 12
24 12 11
24 20 19
24 19 18
24 18 17
24 17 16
24 22 21
24 25 24
24 24 23
24 31 30
24 30 28
24 28 27
24 30 29
25 29 4
25 4 2
25 2 0
25 2 1
25 4 3
25 29 28
25 28 26
25 26 5
25 26 25
25 25 23
25 23 22
25 22 21
25 21 20
25 20 19
25 19 18
25 18 17
25 17 16
25 16 14
25 14 12
25 12 11
25 11 10
25 10 6
25 10 9
25 9 8
25 8 7
25 14 13
25 16 15
25 25 24
25 28 27
26 30 0
26 30 29
26 29 1
26 29 28
26 28 4
26 4 2
26 4 3
26 28 27
26 27 24
26 24 16
26 16 9
26 9 8
26 8 5
26 8 7
26 7 6
26 16 15
26 15 13
26 13 12
26 12 11
26 11 10
26 15 14
26 24 23
26 23 19
26 19 18
26 18 17
26 23 22
26 22 20
26 22 21
26 27 26
26 26 25
27 30 0
27 30 29
27 29 21
27 21 18
27 18 14
27 14 13
27 13 12
27 12 11
27 11 1
27 11 10
27 10 9
27 9 7
27 7 6
27 6 4
27 4 2
27 4 3
27 6 5
27 9 8
27 18 17
27 17 15
27 17 16
27 21 20
27 20 19
27 29 28
27 28 27
27 27 26
27 26 25
27 25 23
27 23 22
27 25 24
28 29 28
28 28 1
28 1 0
28 28 27
28 27 26
28 26 25
28 25 2
28 25 24
28 24 23
28 23 21
28 21 6
28 6 4
28 4 3
28 6 5
28 21 20
28 20 17
28 17 16
28 16 14
28 14 13
28 13 7
28 13 12
28 12 8
28 12 11
28 11 9
28 11 10
28 16 15
28 20 19
28 19 18
28 23 22
29 33 3
29 3 0
29 3 2
29 2 1
29 33 32
29 32 4
29 32 31
29 31 10
29 10 5
29 10 9
29 9 6
29 9 8
29 8 7
29 31 30
29 30 28
29 28 15
29 15 14
29 14 13
29 13 11
29 13 12
29 28 27
29 27 17
29 17 16
29 27 26
29 26 25
29 25 24
29 24 20
29 20 19
29 19 18
29 24 23
29 23 22
29 22 21
29 30 29
30 30 0
30 30 29
30 29 28
30 28 27
30 27 1
30 27 26
30 26 25
30 25 10
30 10 2
30 10 9
30 9 8
30 8 7
30 7 4
30 4 3
30 7 6
30 6 5
30 25 24
30 24 20
30 20 19
30 19 13
30 13 11
30 13 12
30 19 18
30 18 17
30 17 14
30 17 16
30 16 15
30 24 23
30 23 21
30 23 22
31 32 20
31 20 1
31 1 0
31 20 19
31 19 17
31 17 16
31 16 9
31 9 3
31 3 2
31 9 8
31 8 4
31 8 7
31 7 5
31 7 6
31 16 15
31 15 14
31 14 12
31 12 10
31 12 11
31 14 13
31 19 18
31 32 31
31 31 21
31 31 30
31 30 29
31 29 25
31 25 23
31 23 22
31 25 24
31 29 28
31 28 27
31 27 26
32 30 29
32 29 28
32 28 27
32 27 26
32 26 1
32 1 0
32 26 25
32 25 21
32 21 15
32 15 2
32 15 14
32 14 8
32 8 3
32 8 7
32 7 6
32 6 5
32 5 4
32 14 13
32 13 12
32 12 9
32 12 11
32 11 10
32 21 20
32 20 18
32 18 17
32 17 16
32 20 19
32 25 24
32 24 22
32 24 23
33 29 28
33 28 27
33 27 23
33 23 21
33 21 0
33 21 20
33 20 1
33 20 19
33 19 2
33 19 18
33 18 17
33 17 9
33 9 8
33 8 6
33 6 5
33 5 3
33 5 4
33 8 7
33 17 16
33 16 15
33 15 12
33 12 11
33 11 10
33 15 14
33 14 13
33 23 22
33 27 26
33 26 24
33 26 25
34 29 7
34 7 6
34 6 5
34 5 4
34 4 0
34 4 3
34 3 1
34 3 2
34 29 28
34 28 27
34 27 8
34 27 26
34 26 24
34 24 12
34 12 11
34 11 9
34 11 10
34 24 23
34 23 22
34 22 13
34 22 21
34 21 17
34 17 15
34 15 14
34 17 16
34 21 20
34 20 19
34 19 18
34 26 25
35 29 27
35 27 0
35 27 26
35 26 21
35 21 9
35 9 1
35 9 8
35 8 4
35 4 2
35 4 3
35 8 7
35 7 6
35 6 5
35 21 20
35 20 19
35 19 12
35 12 10
35 12 11
35 19 18
35 18 17
35 17 14
35 14 13
35 17 16
35 16 15
35 26 25
35 25 24
35 24 23
35 23 22
35 29 28
36 31 16
36 16 15
36 15 0
36 15 14
36 14 12
36 12 10
36 10 8
36 8 7
36 7 5
36 5 1
36 5 4
36 4 3
36 3 2
36 7 6
36 10 9
36 12 11
36 14 13
36 31 30
36 30 29
36 29 17
36 29 28
36 28 27
36 27 25
36 25 20
36 20 18
36 20 19
36 25 24
36 24 22
36 22 21
36 24 23
36 27 26
37 34 23
37 23 4
37 4 2
37 2 1
37 1 0
37 4 3
37 23 22
37 22 21
37 21 20
37 20 18
37 18 12
37 12 8
37 8 7
37 7 5
37 7 6
37 12 11
37 11 9
37 11 10
37 18 17
37 17 16
37 16 15
37 15 14
37 14 13
37 20 19
37 34 33
37 33 24
37 33 32
37 32 31
37 31 30
37 30 29
37 29 25
37 29 28
37 28 26
37 28 27
38 32 29
38 29 24
38 24 21
38 21 16
38 16 12
38 12 0
38 12 11
38 11 10
38 10 1
38 10 9
38 9 8
38 8 7
38 7 6
38 6 3
38 3 2
38 6 5
38 5 4
38 16 15
38 15 14
38 14 13
38 21 20
38 20 18
38 18 17
38 20 19
38 24 23
38 23 22
38 29 28
38 28 25
38 28 27
38 27 26
38 32 31
38 31 30
39 29 28
39 28 11
39 11 2
39 2 1
39 1 0
39 11 10
39 10 7
39 7 6
39 6 5
39 5 4
39 4 3
39 10 9
39 9 8
39 28 27
39 27 26
39 26 12
39 26 25
39 25 15
39 15 14
39 14 13
39 25 24
39 24 23
39 23 19
39 19 16
39 19 18
39 18 17
39 23 22
39 22 20
39 22 21
40 33 27
40 27 26
40 26 24
40 24 1
40 1 0
40 24 23
40 23 22
40 22 21
40 21 19
40 19 18
40 18 12
40 12 11
40 11 10
40 10 7
40 7 3
40 3 2
40 7 6
40 6 5
40 5 4
40 10 9
40 9 8
40 18 17
40 17 16
40 16 15
40 15 14
40 14 13
40 21 20
40 26 25
40 33 32
40 32 28
40 32 31
40 31 30
40 30 29
41 32 30
41 30 6
41 6 4
41 4 3
41 3 2
41 2 1
41 1 0
41 6 5
41 30 29
41 29 28
41 28 27
41 27 26
41 26 7
41 26 25
41 25 8
41 25 24
41 24 23
41 23 21
41 21 20
41 20 17
41 17 9
41 17 16
41 16 14
41 14 12
41 12 10
41 12 11
41 14 13
41 16 15
41 20 19
41 19 18
41 23 22
41 32 31
42 30 29
42 29 6
42 6 3
42 3 2
42 2 1
42 1 0
42 6 5
42 5 4
42 29 28
42 28 26
42 26 15
42 15 7
42 15 14
42 14 10
42 10 9
42 9 8
42 14 13
42 13 12
42 12 11
42 26 25
42 25 24
42 24 23
42 23 22
42 22 20
42 20 18
42 18 17
42 17 16
42 20 19
42 22 21
42 28 27
43 29 28
43 28 27
43 27 26
43 26 24
43 24 20
43 20 19
43 19 2
43 2 1
43 1 0
43 19 18
43 18 3
43 18 17
43 17 16
43 16 14
43 14 13
43 13 12
43 12 11
43 11 10
43 10 9
43 9 8
43 8 7
43 7 4
43 7 6
43 6 5
43 16 15
43 24 23
43 23 22
43 22 21
43 26 25
44 31 0
44 31 30
44 30 29
44 29 11
44 11 2
44 2 1
44 11 10
44 10 9
44 9 8
44 8 6
44 6 5
44 5 4
44 4 3
44 8 7
44 29 28
44 28 26
44 26 12
44 26 25
44 25 13
44 25 24
44 24 23
44 23 22
44 22 19
44 19 18
44 18 16
44 16 14
44 16 15
44 18 17
44 22 21
44 21 20
44 28 27
45 29 27
45 27 0
45 27 26
45 26 24
45 24 16
45 16 15
45 15 14
45 14 1
45 14 13
45 13 8
45 8 7
45 7 6
45 6 3
45 3 2
45 6 5
45 5 4
45 13 12
45 12 9
45 12 11
45 11 10
45 24 23
45 23 19
45 19 18
45 18 17
45 23 22
45 22 20
45 22 21
45 26 25
45 29 28
46 34 33
46 33 23
46 23 22
46 22 21
46 21 20
46 20 19
46 19 11
46 11 10
46 10 0
46 10 9
46 9 8
46 8 2
46 2 1
46 8 7
46 7 3
46 7 6
46 6 5
46 5 4
46 19 18
46 18 12
46 18 17
46 17 16
46 16 13
46 16 15
46 15 14
46 33 32
46 32 30
46 30 24
46 30 29
46 29 28
46 28 25
46 28 27
46 27 26
46 32 31
47 32 4
47 4 2
47 2 0
47 2 1
47 4 3
47 32 31
47 31 30
47 30 29
47 29 19
47 19 7
47 7 6
47 6 5
47 19 18
47 18 10
47 10 9
47 9 8
47 18 17
47 17 16
47 16 15
47 15 12
47 12 11
47 15 14
47 14 13
47 29 28
47 28 21
47 21 20
47 28 27
47 27 26
47 26 25
47 25 22
47 25 24
47 24 23
48 29 0
48 29 28
48 28 27
48 27 26
48 26 24
48 24 23
48 23 22
48 22 21
48 21 20
48 20 19
48 19 18
48 18 16
48 16 15
48 15 3
48 3 1
48 3 2
48 15 14
48 14 10
48 10 9
48 9 7
48 7 6
48 6 5
48 5 4
48 9 8
48 14 13
48 13 11
48 13 12
48 18 17
48 26 25
49 32 30
49 30 26
49 26 3
49 3 2
49 2 0
49 2 1
49 26 25
49 25 24
49 24 23
49 23 21
49 21 20
49 20 17
49 17 4
49 17 16
49 16 14
49 14 6
49 6 5
49 14 13
49 13 9
49 9 8
49 8 7
49 13 12
49 12 11
49 11 10
49 16 15
49 20 19
49 19 18
49 23 22
49 30 29
49 29 28
49 28 27
49 32 31
50 34 32
50 32 29
50 29 27
50 27 24
50 24 21
50 21 0
50 21 20
50 20 7
50 7 6
50 6 5
50 5 1
50 5 4
50 4 3
50 3 2
50 20 19
50 19 18
50 18 9
50 9 8
50 18 17
50 17 16
50 16 11
50 11 10
50 16 15
50 15 14
50 14 13
50 13 12
50 24 23
50 23 22
50 27 26
50 26 25
50 29 28
50 32 31
50 31 30
50 34 33
51 30 29
51 29 14
51 14 13
51 13 11
51 11 8
51 8 7
51 7 5
51 5 0
51 5 4
51 4 1
51 4 3
51 3 2
51 7 6
51 11 10
51 10 9
51 13 12
51 29 28
51 28 27
51 27 15
51 27 26
51 26 16
51 26 25
51 25 23
51 23 17
51 23 22
51 22 20
51 20 18
51 20 19
51 22 21
51 25 24
52 30 28
52 28 14
52 14 5
52 5 3
52 3 1
52 1 0
52 3 2
52 5 4
52 14 13
52 13 12
52 12 9
52 9 6
52 9 8
52 8 7
52 12 11
52 11 10
52 28 27
52 27 26
52 26 15
52 26 25
52 25 23
52 23 20
52 20 17
52 17 16
52 20 19
52 19 18
52 23 22
52 22 21
52 25 24
52 30 29
53 29 27
53 27 3
53 3 2
53 2 1
53 1 0
53 27 26
53 26 18
53 18 17
53 17 4
53 17 16
53 16 14
53 14 12
53 12 5
53 12 11
53 11 9
53 9 6
53 9 8
53 8 7
53 11 10
53 14 13
53 16 15
53 26 25
53 25 19
53 25 24
53 24 23
53 23 20
53 23 22
53 22 21
53 29 28
54 33 11
54 11 10
54 10 9
54 9 8
54 8 6
54 6 0
54 6 5
54 5 3
54 3 1
54 3 2
54 5 4
54 8 7
54 33 32
54 32 31
54 31 14
54 14 12
54 14 13
54 31 30
54 30 29
54 29 16
54 16 15
54 29 28
54 28 17
54 28 27
54 27 18
54 27 26
54 26 24
54 24 21
54 21 19
54 21 20
54 24 23
54 23 22
54 26 25
55 30 29
55 29 28
55 28 0
55 28 27
55 27 26
55 26 25
55 25 2
55 2 1
55 25 24
55 24 8
55 8 3
55 8 7
55 7 5
55 5 4
55 7 6
55 24 23
55 23 19
55 19 11
55 11 9
55 11 10
55 19 18
55 18 13
55 13 12
55 18 17
55 17 16
55 16 14
55 16 15
55 23 22
55 22 20
55 22 21
56 31 29
56 29 0
56 29 28
56 28 26
56 26 25
56 25 15
56 15 14
56 14 4
56 4 2
56 2 1
56 4 3
56 14 13
56 13 12
56 12 11
56 11 10
56 10 9
56 9 5
56 9 8
56 8 6
56 8 7
56 25 24
56 24 23
56 23 22
56 22 21
56 21 18
56 18 17
56 17 16
56 21 20
56 20 19
56 28 27
56 31 30
57 30 29
57 29 0
57 29 28
57 28 27
57 27 25
57 25 24
57 24 12
57 12 1
57 12 11
57 11 10
57 10 2
57 10 9
57 9 8
57 8 7
57 7 4
57 4 3
57 7 6
57 6 5
57 24 23
57 23 22
57 22 18
57 18 13
57 18 17
57 17 16
57 16 14
57 16 15
57 22 21
57 21 20
57 20 19
57 27 26
58 33 32
58 32 31
58 31 4
58 4 1
58 1 0
58 4 3
58 3 2
58 31 30
58 30 7
58 7 5
58 7 6
58 30 29
58 29 8
58 29 28
58 28 25
58 25 24
58 24 16
58 16 11
58 11 9
58 11 10
58 16 15
58 15 13
58 13 12
58 15 14
58 24 23
58 23 22
58 22 17
58 22 21
58 21 20
58 20 19
58 19 18
58 28 27
58 27 26
59 30 29
59 29 26
59 26 7
59 7 6
59 6 5
59 5 2
59 2 1
59 1 0
59 5 4
59 4 3
59 26 25
59 25 24
59 24 22
59 22 8
59 22 21
59 21 9
59 21 20
59 20 12
59 12 10
59 12 11
59 20 19
59 19 16
59 16 15
59 15 14
59 14 13
59 19 18
59 18 17
59 24 23
59 29 28
59 28 27
60 34 33
60 33 5
60 5 0
60 5 4
60 4 2
60 2 1
60 4 3
60 33 32
60 32 31
60 31 30
60 30 29
60 29 6
60 29 28
60 28 10
60 10 9
60 9 7
60 9 8
60 28 27
60 27 26
60 26 11
60 26 25
60 25 20
60 20 16
60 16 15
60 15 14
60 14 12
60 14 13
60 20 19
60 19 17
60 19 18
60 25 24
60 24 21
60 24 23
60 23 22
61 30 29
61 29 28
61 28 4
61 4 3
61 3 0
61 3 2
61 2 1
61 28 27
61 27 25
61 25 20
61 20 19
61 19 17
61 17 5
61 17 16
61 16 15
61 15 13
61 13 9
61 9 7
61 7 6
61 9 8
61 13 12
61 12 10
61 12 11
61 15 14
61 19 18
61 25 24
61 24 22
61 22 21
61 24 23
61 27 26
62 32 26
62 26 7
62 7 5
62 5 1
62 1 0
62 5 4
62 4 3
62 3 2
62 7 6
62 26 25
62 25 23
62 23 8
62 23 22
62 22 21
62 21 9
62 21 20
62 20 10
62 20 19
62 19 14
62 14 11
62 14 13
62 13 12
62 19 18
62 18 16
62 16 15
62 18 17
62 25 24
62 32 31
62 31 29
62 29 28
62 28 27
62 31 30
63 30 0
63 30 29
63 29 1
63 29 28
63 28 4
63 4 2
63 4 3
63 28 27
63 27 8
63 8 7
63 7 5
63 7 6
63 27 26
63 26 20
63 20 9
63 20 19
63 19 18
63 18 17
63 17 15
63 15 14
63 14 13
63 13 12
63 12 10
63 12 11
63 17 16
63 26 25
63 25 24
63 24 22
63 22 21
63 24 23
64 33 32
64 32 31
64 31 29
64 29 2
64 2 1
64 1 0
64 29 28
64 28 26
64 26 23
64 23 3
64 23 22
64 22 7
64 7 4
64 7 6
64 6 5
64 22 21
64 21 20
64 20 8
64 20 19
64 19 9
64 19 18
64 18 15
64 15 13
64 13 12
64 12 11
64 11 10
64 15 14
64 18 17
64 17 16
64 26 25
64 25 24
64 28 27
64 31 30
65 33 0
65 33 32
65 32 31
65 31 6
65 6 5
65 5 1
65 5 4
65 4 3
65 3 2
65 31 30
65 30 29
65 29 19
65 19 17
65 17 7
65 17 16
65 16 13
65 13 8
65 13 12
65 12 9
65 12 11
65 11 10
65 16 15
65 15 14
65 19 18
65 29 28
65 28 25
65 25 24
65 24 22
65 22 20
65 22 21
65 24 23
65 28 27
65 27 26
66 31 22
66 22 13
66 13 0
66 13 12
66 12 11
66 11 10
66 10 1
66 10 9
66 9 2
66 9 8
66 8 3
66 8 7
66 7 6
66 6 5
66 5 4
66 22 21
66 21 15
66 15 14
66 21 20
66 20 18
66 18 17
66 17 16
66 20 19
66 31 30
66 30 27
66 27 25
66 25 24
66 24 23
66 27 26
66 30 29
66 29 28
67 32 31
67 31 26
67 26 25
67 25 24
67 24 23
67 23 6
67 6 4
67 4 3
67 3 1
67 1 0
67 3 2
67 6 5
67 23 22
67 22 21
67 21 19
67 19 10
67 10 8
67 8 7
67 10 9
67 19 18
67 18 16
67 16 11
67 16 15
67 15 13
67 13 12
67 15 14
67 18 17
67 21 20
67 31 30
67 30 27
67 30 29
67 29 28
68 30 3
68 3 1
68 1 0
68 3 2
68 30 29
68 29 21
68 21 20
68 20 18
68 18 15
68 15 10
68 10 4
68 10 9
68 9 8
68 8 6
68 6 5
68 8 7
68 15 14
68 14 13
68 13 11
68 13 12
68 18 17
68 17 16
68 20 19
68 29 28
68 28 27
68 27 25
68 25 24
68 24 23
68 23 22
68 27 26
69 33 13
69 13 12
69 12 10
69 10 9
69 9 8
69 8 7
69 7 5
69 5 2
69 2 0
69 2 1
69 5 4
69 4 3
69 7 6
69 12 11
69 33 32
69 32 19
69 19 16
69 16 15
69 15 14
69 19 18
69 18 17
69 32 31
69 31 30
69 30 20
69 30 29
69 29 22
69 22 21
69 29 28
69 28 23
69 28 27
69 27 24
69 27 26
69 26 25
70 30 29
70 29 3
70 3 2
70 2 0
70 2 1
70 29 28
70 28 27
70 27 26
70 26 5
70 5 4
70 26 25
70 25 10
70 10 6
70 10 9
70 9 7
70 9 8
70 25 24
70 24 20
70 20 19
70 19 11
70 19 18
70 18 16
70 16 12
70 16 15
70 15 13
70 15 14
70 18 17
70 24 23
70 23 21
70 23 22
71 30 29
71 29 2
71 2 0
71 2 1
71 29 28
71 28 26
71 26 24
71 24 23
71 23 22
71 22 20
71 20 13
71 13 12
71 12 6
71 6 5
71 5 3
71 5 4
71 12 11
71 11 10
71 10 9
71 9 8
71 8 7
71 20 19
71 19 18
71 18 14
71 18 17
71 17 15
71 17 16
71 22 21
71 26 25
71 28 27
72 30 1
72 1 0
72 30 29
72 29 28
72 28 18
72 18 17
72 17 12
72 12 5
72 5 3
72 3 2
72 5 4
72 12 11
72 11 6
72 11 10
72 10 9
72 9 8
72 8 7
72 17 16
72 16 13
72 16 15
72 15 14
72 28 27
72 27 22
72 22 20
72 20 19
72 22 21
72 27 26
72 26 25
72 25 23
72 25 24
73 33 32
73 32 31
73 31 9
73 9 1
73 1 0
73 9 8
73 8 7
73 7 6
73 6 2
73 6 5
73 5 4
73 4 3
73 31 30
73 30 13
73 13 10
73 13 12
73 12 11
73 30 29
73 29 28
73 28 27
73 27 20
73 20 15
73 15 14
73 20 19
73 19 16
73 19 18
73 18 17
73 27 26
73 26 24
73 24 22
73 22 21
73 24 23
73 26 25
74 32 27
74 27 8
74 8 7
74 7 6
74 6 0
74 6 5
74 5 1
74 5 4
74 4 2
74 4 3
74 27 26
74 26 21
74 21 20
74 20 19
74 19 16
74 16 11
74 11 10
74 10 9
74 16 15
74 15 14
74 14 12
74 14 13
74 19 18
74 18 17
74 26 25
74 25 22
74 25 24
74 24 23
74 32 31
74 31 29
74 29 28
74 31 30
75 34 28
75 28 26
75 26 25
75 25 22
75 22 21
75 21 12
75 12 3
75 3 0
75 3 2
75 2 1
75 12 11
75 11 5
75 5 4
75 11 10
75 10 7
75 7 6
75 10 9
75 9 8
75 21 20
75 20 16
75 16 15
75 15 14
75 14 13
75 20 19
75 19 18
75 18 17
75 25 24
75 24 23
75 28 27
75 34 33
75 33 29
75 33 32
75 32 30
75 32 31
76 29 0
76 29 28
76 28 27
76 27 26
76 26 19
76 19 17
76 17 1
76 17 16
76 16 15
76 15 13
76 13 12
76 12 7
76 7 5
76 5 2
76 5 4
76 4 3
76 7 6
76 12 11
76 11 9
76 9 8
76 11 10
76 15 14
76 19 18
76 26 25
76 25 23
76 23 20
76 23 22
76 22 21
76 25 24
77 30 28
77 28 1
77 1 0
77 28 27
77 27 15
77 15 2
77 15 14
77 14 13
77 13 12
77 12 6
77 6 5
77 5 4
77 4 3
77 12 11
77 11 9
77 9 8
77 8 7
77 11 10
77 27 26
77 26 20
77 20 17
77 17 16
77 20 19
77 19 18
77 26 25
77 25 24
77 24 21
77 24 23
77 23 22
77 30 29
78 30 29
78 29 22
78 22 7
78 7 3
78 3 0
78 3 2
78 2 1
78 7 6
78 6 4
78 6 5
78 22 21
78 21 20
78 20 19
78 19 18
78 18 13
78 13 8
78 13 12
78 12 11
78 11 9
78 11 10
78 18 17
78 17 16
78 16 14
78 16 15
78 29 28
78 28 23
78 28 27
78 27 26
78 26 25
78 25 24
79 31 18
79 18 15
79 15 14
79 14 0
79 14 13
79 13 1
79 13 12
79 12 9
79 9 6
79 6 3
79 3 2
79 6 5
79 5 4
79 9 8
79 8 7
79 12 11
79 11 10
79 18 17
79 17 16
79 31 30
79 30 29
79 29 28
79 28 21
79 21 20
79 20 19
79 28 27
79 27 25
79 25 23
79 23 22
79 25 24
79 27 26
80 30 0
80 30 29
80 29 9
80 9 1
80 9 8
80 8 7
80 7 3
80 3 2
80 7 6
80 6 4
80 6 5
80 29 28
80 28 10
80 28 27
80 27 13
80 13 12
80 12 11
80 27 26
80 26 25
80 25 24
80 24 23
80 23 21
80 21 20
80 20 16
80 16 14
80 16 15
80 20 19
80 19 18
80 18 17
80 23 22
81 34 33
81 33 32
81 32 6
81 6 0
81 6 5
81 5 4
81 4 2
81 2 1
81 4 3
81 32 31
81 31 8
81 8 7
81 31 30
81 30 19
81 19 18
81 18 17
81 17 15
81 15 9
81 15 14
81 14 12
81 12 10
81 12 11
81 14 13
81 17 16
81 30 29
81 29 26
81 26 24
81 24 20
81 24 23
81 23 21
81 23 22
81 26 25
81 29 28
81 28 27
82 34 0
82 34 33
82 33 27
82 27 26
82 26 25
82 25 24
82 24 23
82 23 22
82 22 16
82 16 1
82 16 15
82 15 4
82 4 2
82 4 3
82 15 14
82 14 6
82 6 5
82 14 13
82 13 12
82 12 11
82 11 9
82 9 8
82 8 7
82 11 10
82 22 21
82 21 17
82 21 20
82 20 19
82 19 18
82 33 32
82 32 28
82 32 31
82 31 30
82 30 29
83 32 31
83 31 30
83 30 19
83 19 16
83 16 0
83 16 15
83 15 10
83 10 1
83 10 9
83 9 6
83 6 4
83 4 3
83 3 2
83 6 5
83 9 8
83 8 7
83 15 14
83 14 12
83 12 11
83 14 13
83 19 18
83 18 17
83 30 29
83 29 21
83 21 20
83 29 28
83 28 22
83 28 27
83 27 26
83 26 25
83 25 23
83 25 24
84 31 3
84 3 2
84 2 0
84 2 1
84 31 30
84 30 28
84 28 27
84 27 26
84 26 24
84 24 22
84 22 21
84 21 6
84 6 5
84 5 4
84 21 20
84 20 19
84 19 17
84 17 15
84 15 14
84 14 10
84 10 9
84 9 7
84 9 8
84 14 13
84 13 11
84 13 12
84 17 16
84 19 18
84 24 23
84 26 25
84 30 29
85 34 29
85 29 8
85 8 7
85 7 0
85 7 6
85 6 5
85 5 3
85 3 1
85 3 2
85 5 4
85 29 28
85 28 27
85 27 26
85 26 25
85 25 21
85 21 20
85 20 19
85 19 18
85 18 16
85 16 13
85 13 11
85 11 9
85 11 10
85 13 12
85 16 15
85 15 14
85 18 17
85 25 24
85 24 23
85 23 22
85 34 33
85 33 30
85 33 32
85 32 31
86 31 2
86 2 1
86 1 0
86 31 30
86 30 29
86 29 4
86 4 3
86 29 28
86 28 22
86 22 5
86 22 21
86 21 20
86 20 19
86 19 18
86 18 17
86 17 16
86 16 15
86 15 7
86 7 6
86 15 14
86 14 8
86 14 13
86 13 12
86 12 10
86 10 9
86 12 11
86 28 27
86 27 26
86 26 25
86 25 24
86 24 23
87 30 29
87 29 27
87 27 23
87 23 8
87 8 7
87 7 5
87 5 4
87 4 3
87 3 2
87 2 0
87 2 1
87 7 6
87 23 22
87 22 16
87 16 15
87 15 10
87 10 9
87 15 14
87 14 13
87 13 11
87 13 12
87 22 21
87 21 20
87 20 19
87 19 18
87 18 17
87 27 26
87 26 24
87 26 25
87 29 28
88 29 28
88 28 27
88 27 15
88 15 0
88 15 14
88 14 13
88 13 12
88 12 6
88 6 5
88 5 4
88 4 1
88 4 3
88 3 2
88 12 11
88 11 10
88 10 7
88 10 9
88 9 8
88 27 26
88 26 25
88 25 24
88 24 16
88 24 23
88 23 21
88 21 20
88 20 17
88 20 19
88 19 18
88 23 22
89 32 30
89 30 29
89 29 27
89 27 25
89 25 23
89 23 22
89 22 8
89 8 3
89 3 0
89 3 2
89 2 1
89 8 7
89 7 6
89 6 5
89 5 4
89 22 21
89 21 20
89 20 16
89 16 9
89 16 15
89 15 10
89 15 14
89 14 12
89 12 11
89 14 13
89 20 19
89 19 17
89 19 18
89 25 24
89 27 26
89 29 28
89 32 31
90 31 30
90 30 0
90 30 29
90 29 1
90 29 28
90 28 27
90 27 24
90 24 10
90 10 9
90 9 4
90 4 3
90 3 2
90 9 8
90 8 7
90 7 6
90 6 5
90 24 23
90 23 21
90 21 20
90 20 19
90 19 18
90 18 11
90 18 17
90 17 16
90 16 13
90 13 12
90 16 15
90 15 14
90 23 22
90 27 26
90 26 25
91 31 29
91 29 25
91 25 23
91 23 0
91 23 22
91 22 21
91 21 19
91 19 18
91 18 17
91 17 14
91 14 2
91 2 1
91 14 13
91 13 12
91 12 11
91 11 10
91 10 4
91 4 3
91 10 9
91 9 7
91 7 6
91 6 5
91 9 8
91 17 16
91 16 15
91 21 20
91 25 24
91 29 28
91 28 27
91 27 26
91 31 30
92 32 31
92 31 10
92 10 8
92 8 7
92 7 5
92 5 4
92 4 0
92 4 3
92 3 2
92 2 1
92 7 6
92 10 9
92 31 30
92 30 16
92 16 15
92 15 13
92 13 12
92 12 11
92 15 14
92 30 29
92 29 22
92 22 20
92 20 18
92 18 17
92 20 19
92 22 21
92 29 28
92 28 25
92 25 24
92 24 23
92 28 27
92 27 26
93 31 29
93 29 28
93 28 27
93 27 24
93 24 23
93 23 14
93 14 13
93 13 12
93 12 0
93 12 11
93 11 3
93 3 1
93 3 2
93 11 10
93 10 6
93 6 5
93 5 4
93 10 9
93 9 8
93 8 7
93 23 22
93 22 21
93 21 18
93 18 17
93 17 16
93 16 15
93 21 20
93 20 19
93 27 26
93 26 25
93 31 30
94 29 12
94 12 11
94 11 10
94 10 9
94 9 8
94 8 6
94 6 5
94 5 4
94 4 1
94 1 0
94 4 3
94 3 2
94 8 7
94 29 28
94 28 27
94 27 25
94 25 24
94 24 13
94 24 23
94 23 14
94 23 22
94 22 20
94 20 17
94 17 16
94 16 15
94 20 19
94 19 18
94 22 21
94 27 26
95 30 29
95 29 28
95 28 4
95 4 3
95 3 1
95 1 0
95 3 2
95 28 27
95 27 25
95 25 5
95 25 24
95 24 23
95 23 15
95 15 6
95 15 14
95 14 7
95 14 13
95 13 12
95 12 8
95 12 11
95 11 9
95 11 10
95 23 22
95 22 18
95 18 16
95 18 17
95 22 21
95 21 20
95 20 19
95 27 26
96 32 0
96 32 31
96 31 6
96 6 2
96 2 1
96 6 5
96 5 4
96 4 3
96 31 30
96 30 29
96 29 28
96 28 24
96 24 7
96 24 23
96 23 21
96 21 20
96 20 9
96 9 8
96 20 19
96 19 18
96 18 14
96 14 12
96 12 11
96 11 10
96 14 13
96 18 17
96 17 16
96 16 15
96 23 22
96 28 27
96 27 26
96 26 25
97 29 28
97 28 26
97 26 25
97 25 0
97 25 24
97 24 23
97 23 4
97 4 2
97 2 1
97 4 3
97 23 22
97 22 21
97 21 20
97 20 19
97 19 16
97 16 14
97 14 12
97 12 9
97 9 8
97 8 7
97 7 6
97 6 5
97 12 11
97 11 10
97 14 13
97 16 15
97 19 18
97 18 17
97 28 27
98 33 30
98 30 0
98 30 29
98 29 28
98 28 26
98 26 2
98 2 1
98 26 25
98 25 24
98 24 19
98 19 18
98 18 16
98 16 15
98 15 11
98 11 4
98 4 3
98 11 10
98 10 9
98 9 6
98 6 5
98 9 8
98 8 7
98 15 14
98 14 13
98 13 12
98 18 17
98 24 23
98 23 22
98 22 21
98 21 20
98 28 27
98 33 32
98 32 31
99 33 31
99 31 30
99 30 18
99 18 0
99 18 17
99 17 14
99 14 2
99 2 1
99 14 13
99 13 11
99 11 3
99 11 10
99 10 8
99 8 4
99 8 7
99 7 6
99 6 5
99 10 9
99 13 12
99 17 16
99 16 15
99 30 29
99 29 28
99 28 26
99 26 19
99 26 25
99 25 23
99 23 21
99 21 20
99 23 22
99 25 24
99 28 27
99 33 32
100 34 31
100 31 30
100 30 28
100 28 26
100 26 24
100 24 1
100 1 0
100 24 23
100 23 20
100 20 4
100 4 3
100 3 2
100 20 19
100 19 10
100 10 5
100 10 9
100 9 7
100 7 6
100 9 8
100 19 18
100 18 17
100 17 13
100 13 12
100 12 11
100 17 16
100 16 15
100 15 14
100 23 22
100 22 21
100 26 25
100 28 27
100 30 29
100 34 33
100 33 32
101 30 28
101 28 19
101 19 18
101 18 17
101 17 16
101 16 15
101 15 2
101 2 0
101 2 1
101 15 14
101 14 11
101 11 4
101 4 3
101 11 10
101 10 6
101 6 5
101 10 9
101 9 7
101 9 8
101 14 13
101 13 12
101 28 27
101 27 26
101 26 21
101 21 20
101 26 25
101 25 24
101 24 22
101 24 23
101 30 29
