1 30 18
1 18 15
1 15 14
1 14 12
1 12 8
1 8 6
1 6 5
1 5 4
1 4 0
1 4 3
1 3 2
1 2 1
1 8 7
1 12 11
1 11 10
1 10 9
1 14 13
1 18 17
1 17 16
1 30 29
1 29 19
1 29 28
1 28 26
1 26 25
1 25 22
1 22 21
1 21 20
1 25 24
1 24 23
1 28 27
2 30 2
2 2 1
2 1 0
2 30 29
2 29 26
2 26 3
2 26 25
2 25 24
2 24 23
2 23 22
2 22 17
2 17 12
2 12 11
2 11 10
2 10 5
2 5 4
2 10 9
2 9 6
2 9 8
2 8 7
2 17 16
2 16 13
2 16 15
2 15 14
2 22 21
2 21 20
2 20 19
2 19 18
2 29 28
2 28 27
3 32 30
3 30 29
3 29 27
3 27 21
3 21 20
3 20 15
3 15 14
3 14 13
3 13 12
3 12 2
3 2 1
3 1 0
3 12 11
3 11 10
3 10 9
3 9 8
3 8 4
3 4 3
3 8 7
3 7 5
3 7 6
3 20 19
3 19 17
3 17 16
3 19 18
3 27 26
3 26 22
3 26 25
3 25 23
3 25 24
3 29 28
3 32 31
4 33 2
4 2 0
4 2 1
4 33 32
4 32 30
4 30 29
4 29 28
4 28 25
4 25 3
4 25 24
4 24 23
4 23 6
4 6 4
4 6 5
4 23 22
4 22 20
4 20 18
4 18 17
4 17 16
4 16 12
4 12 10
4 10 9
4 9 8
4 8 7
4 12 11
4 16 15
4 15 14
4 14 13
4 20 19
4 22 21
4 28 27
4 27 26
4 32 31
5 29 28
5 28 26
5 26 10
5 10 1
5 1 0
5 10 9
5 9 2
5 9 8
5 8 7
5 7 5
5 5 3
5 5 4
5 7 6
5 26 25
5 25 24
5 24 11
5 24 23
5 23 15
5 15 14
5 14 12
5 14 13
5 23 22
5 22 20
5 20 16
5 20 19
5 19 18
5 18 17
5 22 21
5 28 27
6 29 3
6 3 2
6 2 0
6 2 1
6 29 28
6 28 27
6 27 4
6 27 26
6 26 25
6 25 8
6 8 7
6 7 6
6 6 5
6 25 24
6 24 22
6 22 20
6 20 9
6 20 19
6 19 11
6 11 10
6 19 18
6 18 15
6 15 12
6 15 14
6 14 13
6 18 17
6 17 16
6 22 21
6 24 23
7 34 33
7 33 9
7 9 5
7 5 4
7 4 2
7 2 1
7 1 0
7 4 3
7 9 8
7 8 6
7 8 7
7 33 32
7 32 14
7 14 12
7 12 10
7 12 11
7 14 13
7 32 31
7 31 30
7 30 29
7 29 28
7 28 17
7 17 15
7 17 16
7 28 27
7 27 25
7 25 23
7 23 20
7 20 19
7 19 18
7 23 22
7 22 21
7 25 24
7 27 26
8 30 13
8 13 12
8 12 10
8 10 0
8 10 9
8 9 7
8 7 5
8 5 3
8 3 1
8 3 2
8 5 4
8 7 6
8 9 8
8 12 11
8 30 29
8 29 15
8 15 14
8 29 28
8 28 27
8 27 16
8 27 26
8 26 24
8 24 21
8 21 20
8 20 18
8 18 17
8 20 19
8 24 23
8 23 22
8 26 25
9 30 24
9 24 23
9 23 19
9 19 4
9 4 2
9 2 0
9 2 1
9 4 3
9 19 18
9 18 16
9 16 6
9 6 5
9 16 15
9 15 14
9 14 7
9 14 13
9 13 9
9 9 8
9 13 12
9 12 11
9 11 10
9 18 17
9 23 22
9 22 20
9 22 21
9 30 29
9 29 26
9 26 25
9 29 28
9 28 27
10 30 29
10 29 15
10 15 12
10 12 11
10 11 5
10 5 4
10 4 3
10 3 1
10 1 0
10 3 2
10 11 10
10 10 9
10 9 7
10 7 6
10 9 8
10 15 14
10 14 13
10 29 28
10 28 22
10 22 19
10 19 18
10 18 17
10 17 16
10 22 21
10 21 20
10 28 27
10 27 25
10 25 24
10 24 23
10 27 26
11 29 0
11 29 28
11 28 27
11 27 2
11 2 1
11 27 26
11 26 25
11 25 3
11 25 24
11 24 4
11 24 23
11 23 20
11 20 19
11 19 18
11 18 17
11 17 12
11 12 7
11 7 6
11 6 5
11 12 11
11 11 8
11 11 10
11 10 9
11 17 16
11 16 14
11 14 13
11 16 15
11 23 22
11 22 21
12 29 28
12 28 27
12 27 0
12 27 26
12 26 11
12 11 1
12 11 10
12 10 9
12 9 2
12 9 8
12 8 3
12 8 7
12 7 6
12 6 4
12 6 5
12 26 25
12 25 21
12 21 20
12 20 19
12 19 18
12 18 17
12 17 12
12 17 16
12 16 14
12 14 13
12 16 15
12 25 24
12 24 23
12 23 22
13 30 0
13 30 29
13 29 28
13 28 6
13 6 5
13 5 3
13 3 1
13 3 2
13 5 4
13 28 27
13 27 21
13 21 16
13 16 14
13 14 13
13 13 11
13 11 7
13 11 10
13 10 8
13 10 9
13 13 12
13 16 15
13 21 20
13 20 19
13 19 18
13 18 17
13 27 26
13 26 25
13 25 22
13 25 24
13 24 23
14 29 28
14 28 0
14 28 27
14 27 26
14 26 23
14 23 22
14 22 20
14 20 12
14 12 7
14 7 5
14 5 4
14 4 1
14 4 3
14 3 2
14 7 6
14 12 11
14 11 10
14 10 9
14 9 8
14 20 19
14 19 18
14 18 17
14 17 14
14 14 13
14 17 16
14 16 15
14 22 21
14 26 25
14 25 24
15 33 2
15 2 0
15 2 1
15 33 32
15 32 31
15 31 21
15 21 20
15 20 6
15 6 4
15 4 3
15 6 5
15 20 19
15 19 17
15 17 16
15 16 14
15 14 13
15 13 12
15 12 11
15 11 7
15 11 10
15 10 9
15 9 8
15 16 15
15 19 18
15 31 30
15 30 29
15 29 28
15 28 27
15 27 25
15 25 24
15 24 23
15 23 22
15 27 26
16 31 4
16 4 0
16 4 3
16 3 1
16 3 2
16 31 30
16 30 26
16 26 5
16 26 25
16 25 24
16 24 18
16 18 6
16 18 17
16 17 15
16 15 8
16 8 7
16 15 14
16 14 9
16 14 13
16 13 10
16 13 12
16 12 11
16 17 16
16 24 23
16 23 20
16 20 19
16 23 22
16 22 21
16 30 29
16 29 28
16 28 27
17 30 0
17 30 29
17 29 8
17 8 7
17 7 1
17 7 6
17 6 5
17 5 2
17 5 4
17 4 3
17 29 28
17 28 14
17 14 11
17 11 10
17 10 9
17 14 13
17 13 12
17 28 27
17 27 15
17 27 26
17 26 19
17 19 18
17 18 16
17 18 17
17 26 25
17 25 20
17 25 24
17 24 23
17 23 21
17 23 22
18 32 0
18 32 31
18 31 20
18 20 19
18 19 1
18 19 18
18 18 17
18 17 16
18 16 10
18 10 2
18 10 9
18 9 8
18 8 6
18 6 3
18 6 5
18 5 4
18 8 7
18 16 15
18 15 12
18 12 11
18 15 14
18 14 13
18 31 30
18 30 25
18 25 23
18 23 21
18 23 22
18 25 24
18 30 29
18 29 26
18 29 28
18 28 27
19 34 0
19 34 33
19 33 7
19 7 6
19 6 2
19 2 1
19 6 5
19 5 4
19 4 3
19 33 32
19 32 14
19 14 10
19 10 8
19 10 9
19 14 13
19 13 12
19 12 11
19 32 31
19 31 21
19 21 17
19 17 15
19 17 16
19 21 20
19 20 19
19 19 18
19 31 30
19 30 24
19 24 22
19 24 23
19 30 29
19 29 27
19 27 25
19 27 26
19 29 28
20 30 11
20 11 10
20 10 9
20 9 8
20 8 7
20 7 0
20 7 6
20 6 4
20 4 1
20 4 3
20 3 2
20 6 5
20 30 29
20 29 28
20 28 12
20 28 27
20 27 26
20 26 25
20 25 24
20 24 22
20 22 20
20 20 18
20 18 17
20 17 16
20 16 15
20 15 13
20 15 14
20 20 19
20 22 21
20 24 23
21 31 28
21 28 27
21 27 26
21 26 25
21 25 0
21 25 24
21 24 20
21 20 19
21 19 3
21 3 1
21 3 2
21 19 18
21 18 12
21 12 5
21 5 4
21 12 11
21 11 9
21 9 7
21 7 6
21 9 8
21 11 10
21 18 17
21 17 16
21 16 14
21 14 13
21 16 15
21 24 23
21 23 22
21 22 21
21 31 30
21 30 29
22 31 30
22 30 1
22 1 0
22 30 29
22 29 5
22 5 4
22 4 2
22 4 3
22 29 28
22 28 16
22 16 6
22 16 15
22 15 14
22 14 13
22 13 12
22 12 11
22 11 10
22 10 7
22 10 9
22 9 8
22 28 27
22 27 26
22 26 25
22 25 19
22 19 18
22 18 17
22 25 24
22 24 23
22 23 22
22 22 21
22 21 20
23 31 9
23 9 8
23 8 7
23 7 6
23 6 0
23 6 5
23 5 1
23 5 4
23 4 2
23 4 3
23 31 30
23 30 23
23 23 12
23 12 10
23 12 11
23 23 22
23 22 13
23 22 21
23 21 14
23 21 20
23 20 15
23 20 19
23 19 16
23 19 18
23 18 17
23 30 29
23 29 28
23 28 24
23 28 27
23 27 26
23 26 25
24 29 28
24 28 26
24 26 25
24 25 23
24 23 8
24 8 7
24 7 1
24 1 0
24 7 6
24 6 4
24 4 2
24 4 3
24 6 5
24 23 22
24 22 9
24 22 21
24 21 18
24 18 17
24 17 16
24 16 12
24 12 10
24 12 11
24 16 15
24 15 14
24 14 13
24 21 20
24 20 19
24 25 24
24 28 27
25 31 27
25 27 19
25 19 17
25 17 14
25 14 13
25 13 0
25 13 12
25 12 11
25 11 2
25 2 1
25 11 10
25 10 9
25 9 3
25 9 8
25 8 7
25 7 6
25 6 4
25 6 5
25 17 16
25 16 15
25 19 18
25 27 26
25 26 25
25 25 24
25 24 23
25 23 20
25 23 22
25 22 21
25 31 30
25 30 29
25 29 28
26 30 23
26 23 19
26 19 18
26 18 13
26 13 6
26 6 5
26 5 4
26 4 3
26 3 2
26 2 1
26 1 0
26 13 12
26 12 9
26 9 7
26 9 8
26 12 11
26 11 10
26 18 17
26 17 16
26 16 14
26 16 15
26 23 22
26 22 21
26 21 20
26 30 29
26 29 28
26 28 27
26 27 26
26 26 24
26 26 25
27 34 25
27 25 23
27 23 19
27 19 18
27 18 16
27 16 14
27 14 0
27 14 13
27 13 2
27 2 1
27 13 12
27 12 5
27 5 4
27 4 3
27 12 11
27 11 6
27 11 10
27 10 8
27 8 7
27 10 9
27 16 15
27 18 17
27 23 22
27 22 21
27 21 20
27 25 24
27 34 33
27 33 31
27 31 30
27 30 29
27 29 28
27 28 27
27 27 26
27 33 32
28 32 30
28 30 29
28 29 28
28 28 26
28 26 25
28 25 24
28 24 22
28 22 18
28 18 2
28 2 1
28 1 0
28 18 17
28 17 16
28 16 15
28 15 3
28 15 14
28 14 13
28 13 8
28 8 6
28 6 5
28 5 4
28 8 7
28 13 12
28 12 11
28 11 9
28 11 10
28 22 21
28 21 19
28 21 20
28 24 23
28 28 27
28 32 31
29 33 31
29 31 15
29 15 14
29 14 13
29 13 0
29 13 12
29 12 1
29 12 11
29 11 10
29 10 2
29 10 9
29 9 7
29 7 6
29 6 5
29 5 4
29 4 3
29 9 8
29 31 30
29 30 18
29 18 16
29 18 17
29 30 29
29 29 28
29 28 19
29 28 27
29 27 20
29 27 26
29 26 24
29 24 21
29 24 23
29 23 22
29 26 25
29 33 32
30 29 4
30 4 3
30 3 2
30 2 1
30 1 0
30 29 28
30 28 22
30 22 21
30 21 19
30 19 8
30 8 5
30 8 7
30 7 6
30 19 18
30 18 11
30 11 9
30 11 10
30 18 17
30 17 16
30 16 12
30 16 15
30 15 13
30 15 14
30 21 20
30 28 27
30 27 26
30 26 23
30 26 25
30 25 24
31 29 28
31 28 26
31 26 25
31 25 23
31 23 3
31 3 2
31 2 1
31 1 0
31 23 22
31 22 4
31 22 21
31 21 19
31 19 18
31 18 17
31 17 15
31 15 13
31 13 7
31 7 6
31 6 5
31 13 12
31 12 10
31 10 9
31 9 8
31 12 11
31 15 14
31 17 16
31 21 20
31 25 24
31 28 27
32 31 29
32 29 7
32 7 6
32 6 0
32 6 5
32 5 4
32 4 3
32 3 1
32 3 2
32 29 28
32 28 23
32 23 21
32 21 10
32 10 9
32 9 8
32 21 20
32 20 19
32 19 18
32 18 17
32 17 16
32 16 15
32 15 14
32 14 11
32 14 13
32 13 12
32 23 22
32 28 27
32 27 25
32 25 24
32 27 26
32 31 30
33 31 30
33 30 29
33 29 28
33 28 27
33 27 11
33 11 10
33 10 9
33 9 8
33 8 3
33 3 2
33 2 1
33 1 0
33 8 7
33 7 4
33 7 6
33 6 5
33 27 26
33 26 19
33 19 14
33 14 12
33 14 13
33 19 18
33 18 16
33 16 15
33 18 17
33 26 25
33 25 23
33 23 20
33 23 22
33 22 21
33 25 24
34 34 15
34 15 14
34 14 3
34 3 2
34 2 0
34 2 1
34 14 13
34 13 12
34 12 11
34 11 10
34 10 8
34 8 6
34 6 5
34 5 4
34 8 7
34 10 9
34 34 33
34 33 32
34 32 31
34 31 29
34 29 18
34 18 16
34 18 17
34 29 28
34 28 27
34 27 26
34 26 21
34 21 20
34 20 19
34 26 25
34 25 24
34 24 23
34 23 22
34 31 30
35 30 28
35 28 18
35 18 17
35 17 0
35 17 16
35 16 1
35 16 15
35 15 5
35 5 4
35 4 2
35 4 3
35 15 14
35 14 13
35 13 12
35 12 11
35 11 6
35 11 10
35 10 8
35 8 7
35 10 9
35 28 27
35 27 26
35 26 20
35 20 19
35 26 25
35 25 21
35 25 24
35 24 23
35 23 22
35 30 29
36 30 29
36 29 8
36 8 6
36 6 5
36 5 1
36 1 0
36 5 4
36 4 3
36 3 2
36 8 7
36 29 28
36 28 9
36 28 27
36 27 20
36 20 19
36 19 12
36 12 10
36 12 11
36 19 18
36 18 17
36 17 16
36 16 15
36 15 14
36 14 13
36 27 26
36 26 25
36 25 24
36 24 21
36 24 23
36 23 22
37 31 2
37 2 1
37 1 0
37 31 30
37 30 7
37 7 3
37 7 6
37 6 5
37 5 4
37 30 29
37 29 20
37 20 19
37 19 16
37 16 15
37 15 13
37 13 11
37 11 9
37 9 8
37 11 10
37 13 12
37 15 14
37 19 18
37 18 17
37 29 28
37 28 25
37 25 21
37 25 24
37 24 22
37 24 23
37 28 27
37 27 26
38 34 31
38 31 30
38 30 0
38 30 29
38 29 28
38 28 27
38 27 26
38 26 1
38 26 25
38 25 24
38 24 23
38 23 12
38 12 10
38 10 9
38 9 2
38 9 8
38 8 7
38 7 6
38 6 5
38 5 3
38 5 4
38 12 11
38 23 22
38 22 21
38 21 20
38 20 15
38 15 13
38 15 14
38 20 19
38 19 18
38 18 17
38 17 16
38 34 33
38 33 32
39 32 31
39 31 30
39 30 1
39 1 0
39 30 29
39 29 2
39 29 28
39 28 27
39 27 26
39 26 24
39 24 15
39 15 13
39 13 12
39 12 9
39 9 3
39 9 8
39 8 7
39 7 6
39 6 5
39 5 4
39 12 11
39 11 10
39 15 14
39 24 23
39 23 16
39 23 22
39 22 18
39 18 17
39 22 21
39 21 19
39 21 20
39 26 25
40 32 31
40 31 4
40 4 3
40 3 1
40 1 0
40 3 2
40 31 30
40 30 29
40 29 6
40 6 5
40 29 28
40 28 23
40 23 22
40 22 21
40 21 20
40 20 7
40 20 19
40 19 18
40 18 8
40 18 17
40 17 16
40 16 14
40 14 13
40 13 12
40 12 11
40 11 9
40 11 10
40 16 15
40 28 27
40 27 25
40 25 24
40 27 26
41 29 12
41 12 0
41 12 11
41 11 6
41 6 4
41 4 3
41 3 1
41 3 2
41 6 5
41 11 10
41 10 8
41 8 7
41 10 9
41 29 28
41 28 27
41 27 17
41 17 14
41 14 13
41 17 16
41 16 15
41 27 26
41 26 25
41 25 22
41 22 20
41 20 18
41 20 19
41 22 21
41 25 24
41 24 23
42 31 29
42 29 28
42 28 13
42 13 12
42 12 11
42 11 9
42 9 7
42 7 6
42 6 4
42 4 3
42 3 2
42 2 0
42 2 1
42 6 5
42 9 8
42 11 10
42 28 27
42 27 26
42 26 23
42 23 16
42 16 14
42 16 15
42 23 22
42 22 17
42 22 21
42 21 19
42 19 18
42 21 20
42 26 25
42 25 24
42 31 30
43 30 29
43 29 17
43 17 15
43 15 10
43 10 9
43 9 7
43 7 6
43 6 0
43 6 5
43 5 3
43 3 2
43 2 1
43 5 4
43 9 8
43 15 14
43 14 13
43 13 12
43 12 11
43 17 16
43 29 28
43 28 26
43 26 24
43 24 21
43 21 19
43 19 18
43 21 20
43 24 23
43 23 22
43 26 25
43 28 27
44 30 24
44 24 23
44 23 21
44 21 19
44 19 18
44 18 16
44 16 15
44 15 13
44 13 12
44 12 11
44 11 7
44 7 5
44 5 4
44 4 2
44 2 1
44 1 0
44 4 3
44 7 6
44 11 10
44 10 9
44 9 8
44 15 14
44 18 17
44 21 20
44 23 22
44 30 29
44 29 25
44 29 28
44 28 26
44 28 27
45 33 31
45 31 0
45 31 30
45 30 6
45 6 4
45 4 3
45 3 1
45 3 2
45 6 5
45 30 29
45 29 28
45 28 27
45 27 8
45 8 7
45 27 26
45 26 24
45 24 23
45 23 16
45 16 15
45 15 9
45 15 14
45 14 12
45 12 11
45 11 10
45 14 13
45 23 22
45 22 21
45 21 20
45 20 19
45 19 17
45 19 18
45 26 25
45 33 32
46 33 32
46 32 0
46 32 31
46 31 10
46 10 8
46 8 6
46 6 5
46 5 4
46 4 3
46 3 1
46 3 2
46 8 7
46 10 9
46 31 30
46 30 12
46 12 11
46 30 29
46 29 26
46 26 13
46 26 25
46 25 23
46 23 15
46 15 14
46 23 22
46 22 20
46 20 19
46 19 16
46 19 18
46 18 17
46 22 21
46 25 24
46 29 28
46 28 27
47 29 28
47 28 26
47 26 0
47 26 25
47 25 24
47 24 23
47 23 22
47 22 21
47 21 20
47 20 13
47 13 12
47 12 8
47 8 6
47 6 1
47 6 5
47 5 2
47 5 4
47 4 3
47 8 7
47 12 11
47 11 10
47 10 9
47 20 19
47 19 14
47 19 18
47 18 17
47 17 15
47 17 16
47 28 27
48 29 0
48 29 28
48 28 2
48 2 1
48 28 27
48 27 21
48 21 19
48 19 15
48 15 5
48 5 4
48 4 3
48 15 14
48 14 13
48 13 12
48 12 8
48 8 6
48 8 7
48 12 11
48 11 9
48 11 10
48 19 18
48 18 16
48 18 17
48 21 20
48 27 26
48 26 25
48 25 23
48 23 22
48 25 24
49 31 30
49 30 26
49 26 1
49 1 0
49 26 25
49 25 17
49 17 16
49 16 2
49 16 15
49 15 3
49 15 14
49 14 13
49 13 9
49 9 6
49 6 5
49 5 4
49 9 8
49 8 7
49 13 12
49 12 11
49 11 10
49 25 24
49 24 22
49 22 21
49 21 19
49 19 18
49 21 20
49 24 23
49 30 29
49 29 27
49 29 28
50 31 25
50 25 2
50 2 1
50 1 0
50 25 24
50 24 22
50 22 3
50 22 21
50 21 19
50 19 18
50 18 9
50 9 6
50 6 4
50 6 5
50 9 8
50 8 7
50 18 17
50 17 10
50 17 16
50 16 15
50 15 13
50 13 12
50 12 11
50 15 14
50 21 20
50 24 23
50 31 30
50 30 27
50 27 26
50 30 29
50 29 28
51 32 0
51 32 31
51 31 30
51 30 29
51 29 28
51 28 26
51 26 5
51 5 4
51 4 3
51 3 1
51 3 2
51 26 25
51 25 24
51 24 6
51 24 23
51 23 21
51 21 20
51 20 16
51 16 7
51 16 15
51 15 11
51 11 10
51 10 9
51 9 8
51 15 14
51 14 13
51 13 12
51 20 19
51 19 18
51 18 17
51 23 22
51 28 27
52 29 27
52 27 0
52 27 26
52 26 5
52 5 2
52 2 1
52 5 4
52 4 3
52 26 25
52 25 23
52 23 21
52 21 7
52 7 6
52 21 20
52 20 19
52 19 8
52 19 18
52 18 17
52 17 10
52 10 9
52 17 16
52 16 15
52 15 13
52 13 11
52 13 12
52 15 14
52 23 22
52 25 24
52 29 28
53 29 0
53 29 28
53 28 1
53 28 27
53 27 26
53 26 25
53 25 24
53 24 5
53 5 4
53 4 2
53 4 3
53 24 23
53 23 22
53 22 21
53 21 15
53 15 6
53 15 14
53 14 13
53 13 8
53 8 7
53 13 12
53 12 11
53 11 10
53 10 9
53 21 20
53 20 16
53 20 19
53 19 18
53 18 17
54 34 33
54 33 32
54 32 31
54 31 28
54 28 26
54 26 1
54 1 0
54 26 25
54 25 23
54 23 4
54 4 2
54 4 3
54 23 22
54 22 21
54 21 14
54 14 7
54 7 5
54 7 6
54 14 13
54 13 11
54 11 8
54 11 10
54 10 9
54 13 12
54 21 20
54 20 19
54 19 15
54 19 18
54 18 17
54 17 16
54 25 24
54 28 27
54 31 30
54 30 29
55 29 27
55 27 25
55 25 17
55 17 16
55 16 11
55 11 0
55 11 10
55 10 8
55 8 6
55 6 4
55 4 2
55 2 1
55 4 3
55 6 5
55 8 7
55 10 9
55 16 15
55 15 14
55 14 13
55 13 12
55 25 24
55 24 22
55 22 18
55 22 21
55 21 19
55 21 20
55 24 23
55 27 26
55 29 28
56 30 0
56 30 29
56 29 28
56 28 3
56 3 1
56 3 2
56 28 27
56 27 24
56 24 21
56 21 20
56 20 18
56 18 16
56 16 12
56 12 10
56 10 6
56 6 4
56 6 5
56 10 9
56 9 8
56 8 7
56 12 11
56 16 15
56 15 13
56 15 14
56 18 17
56 20 19
56 24 23
56 23 22
56 27 26
56 26 25
57 34 33
57 33 11
57 11 9
57 9 8
57 8 6
57 6 5
57 5 3
57 3 0
57 3 2
57 2 1
57 5 4
57 8 7
57 11 10
57 33 32
57 32 31
57 31 19
57 19 18
57 18 14
57 14 13
57 13 12
57 18 17
57 17 16
57 16 15
57 31 30
57 30 29
57 29 24
57 24 23
57 23 22
57 22 21
57 21 20
57 29 28
57 28 27
57 27 25
57 27 26
58 30 29
58 29 17
58 17 16
58 16 15
58 15 0
58 15 14
58 14 13
58 13 5
58 5 1
58 5 4
58 4 3
58 3 2
58 13 12
58 12 11
58 11 9
58 9 8
58 8 7
58 7 6
58 11 10
58 29 28
58 28 25
58 25 18
58 25 24
58 24 23
58 23 20
58 20 19
58 23 22
58 22 21
58 28 27
58 27 26
59 34 32
59 32 15
59 15 14
59 14 11
59 11 7
59 7 4
59 4 2
59 2 1
59 1 0
59 4 3
59 7 6
59 6 5
59 11 10
59 10 9
59 9 8
59 14 13
59 13 12
59 32 31
59 31 30
59 30 16
59 30 29
59 29 27
59 27 17
59 27 26
59 26 18
59 26 25
59 25 21
59 21 19
59 21 20
59 25 24
59 24 23
59 23 22
59 29 28
59 34 33
60 30 29
60 29 28
60 28 0
60 28 27
60 27 26
60 26 25
60 25 23
60 23 20
60 20 16
60 16 15
60 15 7
60 7 6
60 6 3
60 3 1
60 3 2
60 6 5
60 5 4
60 15 14
60 14 11
60 11 8
60 11 10
60 10 9
60 14 13
60 13 12
60 20 19
60 19 17
60 19 18
60 23 22
60 22 21
60 25 24
61 29 2
61 2 1
61 1 0
61 29 28
61 28 4
61 4 3
61 28 27
61 27 25
61 25 22
61 22 20
61 20 8
61 8 7
61 7 6
61 6 5
61 20 19
61 19 17
61 17 16
61 16 10
61 10 9
61 16 15
61 15 11
61 15 14
61 14 12
61 14 13
61 19 18
61 22 21
61 25 24
61 24 23
61 27 26
62 29 21
62 21 0
62 21 20
62 20 8
62 8 1
62 8 7
62 7 6
62 6 3
62 3 2
62 6 5
62 5 4
62 20 19
62 19 13
62 13 11
62 11 9
62 11 10
62 13 12
62 19 18
62 18 17
62 17 16
62 16 15
62 15 14
62 29 28
62 28 26
62 26 22
62 26 25
62 25 23
62 25 24
62 28 27
63 31 30
63 30 0
63 30 29
63 29 26
63 26 25
63 25 7
63 7 1
63 7 6
63 6 5
63 5 3
63 3 2
63 5 4
63 25 24
63 24 21
63 21 19
63 19 17
63 17 16
63 16 8
63 16 15
63 15 14
63 14 10
63 10 9
63 14 13
63 13 11
63 13 12
63 19 18
63 21 20
63 24 23
63 23 22
63 29 28
63 28 27
64 30 19
64 19 0
64 19 18
64 18 16
64 16 13
64 13 7
64 7 2
64 2 1
64 7 6
64 6 5
64 5 3
64 5 4
64 13 12
64 12 11
64 11 10
64 10 8
64 10 9
64 16 15
64 15 14
64 18 17
64 30 29
64 29 22
64 22 21
64 21 20
64 29 28
64 28 23
64 28 27
64 27 25
64 25 24
64 27 26
65 30 5
65 5 2
65 2 0
65 2 1
65 5 4
65 4 3
65 30 29
65 29 15
65 15 13
65 13 11
65 11 6
65 11 10
65 10 8
65 8 7
65 10 9
65 13 12
65 15 14
65 29 28
65 28 27
65 27 16
65 27 26
65 26 22
65 22 21
65 21 20
65 20 18
65 18 17
65 20 19
65 26 25
65 25 23
65 25 24
66 33 31
66 31 29
66 29 27
66 27 1
66 1 0
66 27 26
66 26 15
66 15 2
66 15 14
66 14 12
66 12 3
66 12 11
66 11 6
66 6 4
66 6 5
66 11 10
66 10 9
66 9 8
66 8 7
66 14 13
66 26 25
66 25 18
66 18 17
66 17 16
66 25 24
66 24 19
66 24 23
66 23 22
66 22 21
66 21 20
66 29 28
66 31 30
66 33 32
67 30 0
67 30 29
67 29 1
67 29 28
67 28 26
67 26 23
67 23 7
67 7 2
67 7 6
67 6 5
67 5 4
67 4 3
67 23 22
67 22 12
67 12 11
67 11 8
67 11 10
67 10 9
67 22 21
67 21 20
67 20 19
67 19 13
67 19 18
67 18 17
67 17 16
67 16 14
67 16 15
67 26 25
67 25 24
67 28 27
68 30 27
68 27 26
68 26 0
68 26 25
68 25 23
68 23 5
68 5 4
68 4 3
68 3 1
68 3 2
68 23 22
68 22 21
68 21 18
68 18 6
68 18 17
68 17 14
68 14 7
68 14 13
68 13 12
68 12 11
68 11 8
68 11 10
68 10 9
68 17 16
68 16 15
68 21 20
68 20 19
68 25 24
68 30 29
68 29 28
69 34 3
69 3 0
69 3 2
69 2 1
69 34 33
69 33 7
69 7 6
69 6 5
69 5 4
69 33 32
69 32 30
69 30 8
69 30 29
69 29 10
69 10 9
69 29 28
69 28 11
69 28 27
69 27 26
69 26 25
69 25 16
69 16 15
69 15 12
69 15 14
69 14 13
69 25 24
69 24 17
69 24 23
69 23 19
69 19 18
69 23 22
69 22 21
69 21 20
69 32 31
70 34 33
70 33 4
70 4 1
70 1 0
70 4 3
70 3 2
70 33 32
70 32 5
70 32 31
70 31 16
70 16 15
70 15 14
70 14 7
70 7 6
70 14 13
70 13 12
70 12 11
70 11 8
70 11 10
70 10 9
70 31 30
70 30 18
70 18 17
70 30 29
70 29 28
70 28 24
70 24 22
70 22 21
70 21 19
70 21 20
70 24 23
70 28 27
70 27 26
70 26 25
71 32 31
71 31 30
71 30 27
71 27 26
71 26 25
71 25 23
71 23 22
71 22 0
71 22 21
71 21 17
71 17 15
71 15 14
71 14 1
71 14 13
71 13 11
71 11 2
71 11 10
71 10 4
71 4 3
71 10 9
71 9 6
71 6 5
71 9 8
71 8 7
71 13 12
71 17 16
71 21 20
71 20 18
71 20 19
71 25 24
71 30 29
71 29 28
72 30 0
72 30 29
72 29 12
72 12 1
72 12 11
72 11 10
72 10 6
72 6 5
72 5 2
72 5 4
72 4 3
72 10 9
72 9 7
72 9 8
72 29 28
72 28 25
72 25 16
72 16 15
72 15 14
72 14 13
72 25 24
72 24 22
72 22 20
72 20 18
72 18 17
72 20 19
72 22 21
72 24 23
72 28 27
72 27 26
73 32 31
73 31 1
73 1 0
73 31 30
73 30 29
73 29 28
73 28 24
73 24 16
73 16 14
73 14 13
73 13 3
73 3 2
73 13 12
73 12 4
73 12 11
73 11 10
73 10 5
73 10 9
73 9 8
73 8 6
73 8 7
73 16 15
73 24 23
73 23 22
73 22 20
73 20 19
73 19 18
73 18 17
73 22 21
73 28 27
73 27 25
73 27 26
74 29 21
74 21 1
74 1 0
74 21 20
74 20 4
74 4 3
74 3 2
74 20 19
74 19 12
74 12 10
74 10 7
74 7 5
74 7 6
74 10 9
74 9 8
74 12 11
74 19 18
74 18 17
74 17 15
74 15 14
74 14 13
74 17 16
74 29 28
74 28 24
74 24 23
74 23 22
74 28 27
74 27 25
74 27 26
75 31 1
75 1 0
75 31 30
75 30 9
75 9 7
75 7 6
75 6 2
75 6 5
75 5 3
75 5 4
75 9 8
75 30 29
75 29 10
75 29 28
75 28 20
75 20 13
75 13 12
75 12 11
75 20 19
75 19 18
75 18 17
75 17 16
75 16 15
75 15 14
75 28 27
75 27 21
75 27 26
75 26 25
75 25 23
75 23 22
75 25 24
76 34 25
76 25 19
76 19 15
76 15 13
76 13 12
76 12 11
76 11 3
76 3 2
76 2 0
76 2 1
76 11 10
76 10 6
76 6 5
76 5 4
76 10 9
76 9 7
76 9 8
76 15 14
76 19 18
76 18 17
76 17 16
76 25 24
76 24 23
76 23 22
76 22 21
76 21 20
76 34 33
76 33 27
76 27 26
76 33 32
76 32 28
76 32 31
76 31 30
76 30 29
77 29 25
77 25 22
77 22 21
77 21 20
77 20 6
77 6 0
77 6 5
77 5 1
77 5 4
77 4 3
77 3 2
77 20 19
77 19 18
77 18 17
77 17 10
77 10 8
77 8 7
77 10 9
77 17 16
77 16 15
77 15 13
77 13 12
77 12 11
77 15 14
77 25 24
77 24 23
77 29 28
77 28 27
77 27 26
78 31 28
78 28 1
78 1 0
78 28 27
78 27 7
78 7 2
78 7 6
78 6 3
78 6 5
78 5 4
78 27 26
78 26 10
78 10 9
78 9 8
78 26 25
78 25 24
78 24 23
78 23 13
78 13 12
78 12 11
78 23 22
78 22 14
78 22 21
78 21 19
78 19 18
78 18 17
78 17 15
78 17 16
78 21 20
78 31 30
78 30 29
79 30 29
79 29 27
79 27 5
79 5 4
79 4 3
79 3 2
79 2 0
79 2 1
79 27 26
79 26 25
79 25 6
79 25 24
79 24 10
79 10 8
79 8 7
79 10 9
79 24 23
79 23 14
79 14 12
79 12 11
79 14 13
79 23 22
79 22 21
79 21 20
79 20 15
79 20 19
79 19 18
79 18 17
79 17 16
79 29 28
80 34 10
80 10 8
80 8 1
80 1 0
80 8 7
80 7 6
80 6 5
80 5 3
80 3 2
80 5 4
80 10 9
80 34 33
80 33 32
80 32 30
80 30 22
80 22 17
80 17 15
80 15 11
80 15 14
80 14 12
80 14 13
80 17 16
80 22 21
80 21 18
80 21 20
80 20 19
80 30 29
80 29 27
80 27 25
80 25 23
80 25 24
80 27 26
80 29 28
80 32 31
81 31 30
81 30 28
81 28 22
81 22 21
81 21 20
81 20 19
81 19 18
81 18 15
81 15 14
81 14 0
81 14 13
81 13 11
81 11 10
81 10 9
81 9 1
81 9 8
81 8 7
81 7 6
81 6 5
81 5 4
81 4 2
81 4 3
81 13 12
81 18 17
81 17 16
81 28 27
81 27 23
81 27 26
81 26 25
81 25 24
81 30 29
82 33 32
82 32 31
82 31 2
82 2 1
82 1 0
82 31 30
82 30 25
82 25 9
82 9 3
82 9 8
82 8 5
82 5 4
82 8 7
82 7 6
82 25 24
82 24 23
82 23 11
82 11 10
82 23 22
82 22 13
82 13 12
82 22 21
82 21 20
82 20 19
82 19 18
82 18 17
82 17 16
82 16 14
82 16 15
82 30 29
82 29 27
82 27 26
82 29 28
83 32 30
83 30 28
83 28 27
83 27 18
83 18 16
83 16 15
83 15 0
83 15 14
83 14 13
83 13 11
83 11 9
83 9 8
83 8 7
83 7 5
83 5 4
83 4 2
83 2 1
83 4 3
83 7 6
83 11 10
83 13 12
83 18 17
83 27 26
83 26 19
83 26 25
83 25 20
83 25 24
83 24 22
83 22 21
83 24 23
83 30 29
83 32 31
84 33 10
84 10 3
84 3 0
84 3 2
84 2 1
84 10 9
84 9 8
84 8 7
84 7 4
84 7 6
84 6 5
84 33 32
84 32 31
84 31 30
84 30 29
84 29 22
84 22 21
84 21 19
84 19 18
84 18 13
84 13 11
84 13 12
84 18 17
84 17 15
84 15 14
84 17 16
84 21 20
84 29 28
84 28 26
84 26 25
84 25 24
84 24 23
84 28 27
85 34 33
85 33 31
85 31 30
85 30 0
85 30 29
85 29 28
85 28 27
85 27 22
85 22 21
85 21 11
85 11 10
85 10 8
85 8 1
85 8 7
85 7 3
85 3 2
85 7 6
85 6 4
85 6 5
85 10 9
85 21 20
85 20 19
85 19 12
85 19 18
85 18 17
85 17 14
85 14 13
85 17 16
85 16 15
85 27 26
85 26 25
85 25 23
85 25 24
85 33 32
86 32 31
86 31 26
86 26 18
86 18 12
86 12 6
86 6 3
86 3 0
86 3 2
86 2 1
86 6 5
86 5 4
86 12 11
86 11 10
86 10 8
86 8 7
86 10 9
86 18 17
86 17 13
86 17 16
86 16 15
86 15 14
86 26 25
86 25 24
86 24 19
86 24 23
86 23 21
86 21 20
86 23 22
86 31 30
86 30 28
86 28 27
86 30 29
87 33 31
87 31 29
87 29 16
87 16 14
87 14 13
87 13 1
87 1 0
87 13 12
87 12 11
87 11 9
87 9 2
87 9 8
87 8 6
87 6 5
87 5 4
87 4 3
87 8 7
87 11 10
87 16 15
87 29 28
87 28 26
87 26 23
87 23 22
87 22 17
87 22 21
87 21 20
87 20 18
87 20 19
87 26 25
87 25 24
87 28 27
87 31 30
87 33 32
88 32 2
88 2 1
88 1 0
88 32 31
88 31 22
88 22 21
88 21 20
88 20 19
88 19 18
88 18 11
88 11 10
88 10 7
88 7 5
88 5 3
88 5 4
88 7 6
88 10 9
88 9 8
88 18 17
88 17 12
88 17 16
88 16 14
88 14 13
88 16 15
88 31 30
88 30 25
88 25 24
88 24 23
88 30 29
88 29 27
88 27 26
88 29 28
89 34 0
89 34 33
89 33 1
89 33 32
89 32 2
89 32 31
89 31 4
89 4 3
89 31 30
89 30 18
89 18 10
89 10 9
89 9 7
89 7 5
89 7 6
89 9 8
89 18 17
89 17 16
89 16 14
89 14 12
89 12 11
89 14 13
89 16 15
89 30 29
89 29 20
89 20 19
89 29 28
89 28 26
89 26 25
89 25 23
89 23 22
89 22 21
89 25 24
89 28 27
90 30 5
90 5 3
90 3 2
90 2 1
90 1 0
90 5 4
90 30 29
90 29 14
90 14 6
90 14 13
90 13 12
90 12 9
90 9 7
90 9 8
90 12 11
90 11 10
90 29 28
90 28 27
90 27 24
90 24 22
90 22 16
90 16 15
90 22 21
90 21 17
90 21 20
90 20 18
90 20 19
90 24 23
90 27 26
90 26 25
91 31 2
91 2 1
91 1 0
91 31 30
91 30 6
91 6 4
91 4 3
91 6 5
91 30 29
91 29 27
91 27 12
91 12 11
91 11 7
91 11 10
91 10 9
91 9 8
91 27 26
91 26 25
91 25 13
91 25 24
91 24 22
91 22 21
91 21 18
91 18 17
91 17 15
91 15 14
91 17 16
91 21 20
91 20 19
91 24 23
91 29 28
92 31 14
92 14 3
92 3 2
92 2 0
92 2 1
92 14 13
92 13 4
92 13 12
92 12 9
92 9 8
92 8 6
92 6 5
92 8 7
92 12 11
92 11 10
92 31 30
92 30 29
92 29 15
92 29 28
92 28 26
92 26 23
92 23 21
92 21 19
92 19 18
92 18 17
92 17 16
92 21 20
92 23 22
92 26 25
92 25 24
92 28 27
93 33 32
93 32 2
93 2 1
93 1 0
93 32 31
93 31 30
93 30 29
93 29 28
93 28 27
93 27 26
93 26 3
93 26 25
93 25 9
93 9 7
93 7 6
93 6 5
93 5 4
93 9 8
93 25 24
93 24 23
93 23 22
93 22 21
93 21 14
93 14 13
93 13 11
93 11 10
93 13 12
93 21 20
93 20 19
93 19 15
93 19 18
93 18 16
93 18 17
94 33 27
94 27 3
94 3 0
94 3 2
94 2 1
94 27 26
94 26 25
94 25 24
94 24 5
94 5 4
94 24 23
94 23 21
94 21 16
94 16 6
94 16 15
94 15 7
94 15 14
94 14 11
94 11 10
94 10 9
94 9 8
94 14 13
94 13 12
94 21 20
94 20 18
94 18 17
94 20 19
94 23 22
94 33 32
94 32 30
94 30 29
94 29 28
94 32 31
95 32 31
95 31 30
95 30 0
95 30 29
95 29 18
95 18 2
95 2 1
95 18 17
95 17 15
95 15 10
95 10 9
95 9 5
95 5 4
95 4 3
95 9 8
95 8 7
95 7 6
95 15 14
95 14 13
95 13 11
95 13 12
95 17 16
95 29 28
95 28 24
95 24 20
95 20 19
95 24 23
95 23 21
95 23 22
95 28 27
95 27 26
95 26 25
96 30 27
96 27 0
96 27 26
96 26 5
96 5 2
96 2 1
96 5 4
96 4 3
96 26 25
96 25 23
96 23 22
96 22 20
96 20 18
96 18 12
96 12 11
96 11 10
96 10 6
96 10 9
96 9 8
96 8 7
96 18 17
96 17 14
96 14 13
96 17 16
96 16 15
96 20 19
96 22 21
96 25 24
96 30 29
96 29 28
97 31 30
97 30 29
97 29 5
97 5 1
97 1 0
97 5 4
97 4 3
97 3 2
97 29 28
97 28 7
97 7 6
97 28 27
97 27 25
97 25 10
97 10 9
97 9 8
97 25 24
97 24 16
97 16 13
97 13 11
97 13 12
97 16 15
97 15 14
97 24 23
97 23 21
97 21 19
97 19 18
97 18 17
97 21 20
97 23 22
97 27 26
98 31 1
98 1 0
98 31 30
98 30 3
98 3 2
98 30 29
98 29 28
98 28 22
98 22 9
98 9 8
98 8 6
98 6 4
98 6 5
98 8 7
98 22 21
98 21 20
98 20 18
98 18 10
98 18 17
98 17 16
98 16 14
98 14 13
98 13 11
98 13 12
98 16 15
98 20 19
98 28 27
98 27 23
98 27 26
98 26 24
98 26 25
99 29 26
99 26 24
99 24 0
99 24 23
99 23 19
99 19 18
99 18 4
99 4 3
99 3 1
99 3 2
99 18 17
99 17 5
99 17 16
99 16 15
99 15 13
99 13 8
99 8 6
99 8 7
99 13 12
99 12 10
99 10 9
99 12 11
99 15 14
99 23 22
99 22 21
99 21 20
99 26 25
99 29 28
99 28 27
100 32 31
100 31 30
100 30 4
100 4 2
100 2 1
100 1 0
100 4 3
100 30 29
100 29 28
100 28 23
100 23 5
100 23 22
100 22 8
100 8 7
100 7 6
100 22 21
100 21 20
100 20 18
100 18 17
100 17 14
100 14 9
100 14 13
100 13 12
100 12 11
100 11 10
100 17 16
100 16 15
100 20 19
100 28 27
100 27 24
100 27 26
100 26 25
101 31 29
101 29 17
101 17 16
101 16 2
101 2 1
101 1 0
101 16 15
101 15 14
101 14 12
101 12 4
101 4 3
101 12 11
101 11 5
101 11 10
101 10 9
101 9 7
101 7 6
101 9 8
101 14 13
101 29 28
101 28 22
101 22 20
101 20 18
101 20 19
101 22 21
101 28 27
101 27 23
101 27 26
101 26 25
101 25 24
101 31 30
