1 31 14
1 14 13
1 13 12
1 12 10
1 10 9
1 9 7
1 7 0
1 7 6
1 6 1
1 6 5
1 5 3
1 3 2
1 5 4
1 9 8
1 12 11
1 31 30
1 30 28
1 28 26
1 26 25
1 25 17
1 17 15
1 17 16
1 25 24
1 24 23
1 23 18
1 23 22
1 22 21
1 21 19
1 21 20
1 28 27
1 30 29
2 29 4
2 4 3
2 3 0
2 3 2
2 2 1
2 29 28
2 28 26
2 26 5
2 26 25
2 25 23
2 23 6
2 23 22
2 22 21
2 21 8
2 8 7
2 21 20
2 20 14
2 14 13
2 13 11
2 11 9
2 11 10
2 13 12
2 20 19
2 19 16
2 16 15
2 19 18
2 18 17
2 25 24
2 28 27
3 33 32
3 32 31
3 31 30
3 30 1
3 1 0
3 30 29
3 29 27
3 27 26
3 26 12
3 12 11
3 11 10
3 10 4
3 4 2
3 4 3
3 10 9
3 9 7
3 7 5
3 7 6
3 9 8
3 26 25
3 25 22
3 22 21
3 21 13
3 21 20
3 20 14
3 20 19
3 19 18
3 18 16
3 16 15
3 18 17
3 25 24
3 24 23
3 29 28
4 31 30
4 30 28
4 28 26
4 26 22
4 22 21
4 21 1
4 1 0
4 21 20
4 20 8
4 8 7
4 7 6
4 6 5
4 5 3
4 3 2
4 5 4
4 20 19
4 19 18
4 18 11
4 11 9
4 11 10
4 18 17
4 17 16
4 16 13
4 13 12
4 16 15
4 15 14
4 26 25
4 25 23
4 25 24
4 28 27
4 30 29
5 33 32
5 32 29
5 29 9
5 9 8
5 8 7
5 7 6
5 6 5
5 5 2
5 2 0
5 2 1
5 5 4
5 4 3
5 29 28
5 28 27
5 27 26
5 26 23
5 23 20
5 20 19
5 19 13
5 13 12
5 12 10
5 12 11
5 19 18
5 18 14
5 18 17
5 17 16
5 16 15
5 23 22
5 22 21
5 26 25
5 25 24
5 32 31
5 31 30
6 33 32
6 32 5
6 5 3
6 3 2
6 2 0
6 2 1
6 5 4
6 32 31
6 31 6
6 31 30
6 30 7
6 30 29
6 29 12
6 12 11
6 11 8
6 11 10
6 10 9
6 29 28
6 28 13
6 28 27
6 27 26
6 26 25
6 25 19
6 19 18
6 18 15
6 15 14
6 18 17
6 17 16
6 25 24
6 24 23
6 23 20
6 23 22
6 22 21
7 30 29
7 29 26
7 26 1
7 1 0
7 26 25
7 25 24
7 24 23
7 23 18
7 18 16
7 16 15
7 15 2
7 15 14
7 14 10
7 10 9
7 9 8
7 8 7
7 7 6
7 6 4
7 4 3
7 6 5
7 14 13
7 13 12
7 12 11
7 18 17
7 23 22
7 22 19
7 22 21
7 21 20
7 29 28
7 28 27
8 31 4
8 4 0
8 4 3
8 3 1
8 3 2
8 31 30
8 30 13
8 13 7
8 7 6
8 6 5
8 13 12
8 12 11
8 11 8
8 11 10
8 10 9
8 30 29
8 29 28
8 28 14
8 28 27
8 27 26
8 26 22
8 22 21
8 21 20
8 20 15
8 20 19
8 19 18
8 18 16
8 18 17
8 26 25
8 25 23
8 25 24
9 31 30
9 30 29
9 29 0
9 29 28
9 28 27
9 27 1
9 27 26
9 26 25
9 25 24
9 24 22
9 22 3
9 3 2
9 22 21
9 21 16
9 16 15
9 15 10
9 10 9
9 9 4
9 9 8
9 8 5
9 8 7
9 7 6
9 15 14
9 14 12
9 12 11
9 14 13
9 21 20
9 20 18
9 18 17
9 20 19
9 24 23
10 30 29
10 29 28
10 28 27
10 27 25
10 25 24
10 24 22
10 22 1
10 1 0
10 22 21
10 21 19
10 19 8
10 8 2
10 8 7
10 7 3
10 7 6
10 6 5
10 5 4
10 19 18
10 18 15
10 15 14
10 14 13
10 13 9
10 13 12
10 12 10
10 12 11
10 18 17
10 17 16
10 21 20
10 24 23
10 27 26
11 33 32
11 32 3
11 3 0
11 3 2
11 2 1
11 32 31
11 31 27
11 27 21
11 21 20
11 20 19
11 19 17
11 17 16
11 16 15
11 15 4
11 15 14
11 14 10
11 10 9
11 9 7
11 7 5
11 7 6
11 9 8
11 14 13
11 13 12
11 12 11
11 19 18
11 27 26
11 26 25
11 25 24
11 24 22
11 24 23
11 31 30
11 30 29
11 29 28
12 31 30
12 30 0
12 30 29
12 29 2
12 2 1
12 29 28
12 28 27
12 27 26
12 26 24
12 24 23
12 23 15
12 15 4
12 4 3
12 15 14
12 14 12
12 12 10
12 10 9
12 9 8
12 8 7
12 7 6
12 6 5
12 12 11
12 14 13
12 23 22
12 22 21
12 21 18
12 18 17
12 17 16
12 21 20
12 20 19
12 26 25
13 34 5
13 5 1
13 1 0
13 5 4
13 4 3
13 3 2
13 34 33
13 33 6
13 33 32
13 32 31
13 31 30
13 30 7
13 30 29
13 29 28
13 28 22
13 22 21
13 21 8
13 21 20
13 20 14
13 14 10
13 10 9
13 14 13
13 13 11
13 13 12
13 20 19
13 19 15
13 19 18
13 18 17
13 17 16
13 28 27
13 27 23
13 27 26
13 26 24
13 26 25
14 30 22
14 22 20
14 20 1
14 1 0
14 20 19
14 19 11
14 11 10
14 10 9
14 9 5
14 5 2
14 5 4
14 4 3
14 9 8
14 8 6
14 8 7
14 19 18
14 18 17
14 17 12
14 17 16
14 16 15
14 15 14
14 14 13
14 22 21
14 30 29
14 29 28
14 28 26
14 26 25
14 25 24
14 24 23
14 28 27
15 31 0
15 31 30
15 30 29
15 29 28
15 28 20
15 20 1
15 20 19
15 19 18
15 18 14
15 14 13
15 13 9
15 9 2
15 9 8
15 8 6
15 6 5
15 5 4
15 4 3
15 8 7
15 13 12
15 12 11
15 11 10
15 18 17
15 17 15
15 17 16
15 28 27
15 27 26
15 26 24
15 24 23
15 23 21
15 23 22
15 26 25
16 33 32
16 32 19
16 19 0
16 19 18
16 18 17
16 17 1
16 17 16
16 16 14
16 14 4
16 4 3
16 3 2
16 14 13
16 13 12
16 12 5
16 12 11
16 11 9
16 9 8
16 8 7
16 7 6
16 11 10
16 16 15
16 32 31
16 31 30
16 30 29
16 29 25
16 25 23
16 23 20
16 23 22
16 22 21
16 25 24
16 29 28
16 28 26
16 28 27
17 31 8
17 8 6
17 6 1
17 1 0
17 6 5
17 5 4
17 4 2
17 4 3
17 8 7
17 31 30
17 30 29
17 29 26
17 26 20
17 20 15
17 15 11
17 11 9
17 11 10
17 15 14
17 14 13
17 13 12
17 20 19
17 19 17
17 17 16
17 19 18
17 26 25
17 25 24
17 24 21
17 24 23
17 23 22
17 29 28
17 28 27
18 34 33
18 33 32
18 32 30
18 30 28
18 28 23
18 23 1
18 1 0
18 23 22
18 22 3
18 3 2
18 22 21
18 21 15
18 15 14
18 14 13
18 13 12
18 12 4
18 12 11
18 11 10
18 10 9
18 9 8
18 8 7
18 7 6
18 6 5
18 21 20
18 20 19
18 19 18
18 18 17
18 17 16
18 28 27
18 27 26
18 26 24
18 26 25
18 30 29
18 32 31
19 29 26
19 26 21
19 21 20
19 20 19
19 19 5
19 5 3
19 3 1
19 1 0
19 3 2
19 5 4
19 19 18
19 18 16
19 16 15
19 15 6
19 15 14
19 14 13
19 13 7
19 13 12
19 12 11
19 11 8
19 11 10
19 10 9
19 18 17
19 26 25
19 25 23
19 23 22
19 25 24
19 29 28
19 28 27
20 33 0
20 33 32
20 32 31
20 31 27
20 27 25
20 25 19
20 19 1
20 19 18
20 18 17
20 17 15
20 15 14
20 14 2
20 14 13
20 13 3
20 13 12
20 12 8
20 8 4
20 8 7
20 7 6
20 6 5
20 12 11
20 11 9
20 11 10
20 17 16
20 25 24
20 24 22
20 22 21
20 21 20
20 24 23
20 27 26
20 31 30
20 30 29
20 29 28
21 30 20
21 20 19
21 19 17
21 17 2
21 2 1
21 1 0
21 17 16
21 16 8
21 8 7
21 7 3
21 7 6
21 6 5
21 5 4
21 16 15
21 15 14
21 14 13
21 13 11
21 11 9
21 11 10
21 13 12
21 19 18
21 30 29
21 29 28
21 28 26
21 26 25
21 25 24
21 24 23
21 23 21
21 23 22
21 28 27
22 33 29
22 29 28
22 28 24
22 24 4
22 4 1
22 1 0
22 4 3
22 3 2
22 24 23
22 23 12
22 12 10
22 10 9
22 9 7
22 7 6
22 6 5
22 9 8
22 12 11
22 23 22
22 22 21
22 21 20
22 20 19
22 19 18
22 18 15
22 15 14
22 14 13
22 18 17
22 17 16
22 28 27
22 27 25
22 27 26
22 33 32
22 32 31
22 31 30
23 29 28
23 28 26
23 26 25
23 25 0
23 25 24
23 24 23
23 23 22
23 22 21
23 21 20
23 20 18
23 18 4
23 4 2
23 2 1
23 4 3
23 18 17
23 17 9
23 9 7
23 7 6
23 6 5
23 9 8
23 17 16
23 16 14
23 14 13
23 13 12
23 12 10
23 12 11
23 16 15
23 20 19
23 28 27
24 33 1
24 1 0
24 33 32
24 32 22
24 22 7
24 7 5
24 5 2
24 5 4
24 4 3
24 7 6
24 22 21
24 21 20
24 20 10
24 10 9
24 9 8
24 20 19
24 19 18
24 18 16
24 16 12
24 12 11
24 16 15
24 15 14
24 14 13
24 18 17
24 32 31
24 31 30
24 30 25
24 25 24
24 24 23
24 30 29
24 29 26
24 29 28
24 28 27
25 32 30
25 30 29
25 29 28
25 28 24
25 24 10
25 10 6
25 6 0
25 6 5
25 5 4
25 4 3
25 3 2
25 2 1
25 10 9
25 9 8
25 8 7
25 24 23
25 23 11
25 23 22
25 22 21
25 21 20
25 20 12
25 20 19
25 19 18
25 18 17
25 17 15
25 15 14
25 14 13
25 17 16
25 28 27
25 27 25
25 27 26
25 32 31
26 29 28
26 28 26
26 26 25
26 25 1
26 1 0
26 25 24
26 24 8
26 8 7
26 7 3
26 3 2
26 7 6
26 6 4
26 6 5
26 24 23
26 23 12
26 12 10
26 10 9
26 12 11
26 23 22
26 22 20
26 20 19
26 19 18
26 18 15
26 15 13
26 15 14
26 18 17
26 17 16
26 22 21
26 28 27
27 34 33
27 33 32
27 32 31
27 31 12
27 12 0
27 12 11
27 11 10
27 10 1
27 10 9
27 9 2
27 9 8
27 8 3
27 8 7
27 7 4
27 7 6
27 6 5
27 31 30
27 30 26
27 26 22
27 22 21
27 21 19
27 19 18
27 18 17
27 17 13
27 17 16
27 16 15
27 15 14
27 21 20
27 26 25
27 25 24
27 24 23
27 30 29
27 29 28
27 28 27
28 32 30
28 30 29
28 29 28
28 28 24
28 24 1
28 1 0
28 24 23
28 23 22
28 22 18
28 18 16
28 16 15
28 15 2
28 15 14
28 14 13
28 13 12
28 12 3
28 12 11
28 11 6
28 6 5
28 5 4
28 11 10
28 10 9
28 9 8
28 8 7
28 18 17
28 22 21
28 21 20
28 20 19
28 28 27
28 27 25
28 27 26
28 32 31
29 31 11
29 11 9
29 9 2
29 2 0
29 2 1
29 9 8
29 8 6
29 6 5
29 5 3
29 5 4
29 8 7
29 11 10
29 31 30
29 30 16
29 16 15
29 15 14
29 14 13
29 13 12
29 30 29
29 29 28
29 28 26
29 26 23
29 23 19
29 19 18
29 18 17
29 23 22
29 22 20
29 22 21
29 26 25
29 25 24
29 28 27
30 29 28
30 28 27
30 27 26
30 26 24
30 24 23
30 23 22
30 22 21
30 21 15
30 15 14
30 14 13
30 13 0
30 13 12
30 12 10
30 10 3
30 3 2
30 2 1
30 10 9
30 9 8
30 8 7
30 7 6
30 6 5
30 5 4
30 12 11
30 21 20
30 20 16
30 20 19
30 19 18
30 18 17
30 26 25
31 29 27
31 27 26
31 26 6
31 6 0
31 6 5
31 5 4
31 4 1
31 4 3
31 3 2
31 26 25
31 25 14
31 14 7
31 14 13
31 13 9
31 9 8
31 13 12
31 12 11
31 11 10
31 25 24
31 24 23
31 23 15
31 23 22
31 22 20
31 20 19
31 19 16
31 19 18
31 18 17
31 22 21
31 29 28
32 30 13
32 13 12
32 12 0
32 12 11
32 11 8
32 8 6
32 6 1
32 6 5
32 5 4
32 4 3
32 3 2
32 8 7
32 11 10
32 10 9
32 30 29
32 29 28
32 28 26
32 26 25
32 25 16
32 16 14
32 16 15
32 25 24
32 24 17
32 24 23
32 23 20
32 20 18
32 20 19
32 23 22
32 22 21
32 28 27
33 30 29
33 29 28
33 28 0
33 28 27
33 27 26
33 26 24
33 24 15
33 15 3
33 3 1
33 3 2
33 15 14
33 14 10
33 10 8
33 8 7
33 7 6
33 6 5
33 5 4
33 10 9
33 14 13
33 13 12
33 12 11
33 24 23
33 23 18
33 18 16
33 18 17
33 23 22
33 22 21
33 21 20
33 20 19
33 26 25
34 30 29
34 29 28
34 28 2
34 2 1
34 1 0
34 28 27
34 27 20
34 20 14
34 14 3
34 14 13
34 13 5
34 5 4
34 13 12
34 12 11
34 11 6
34 11 10
34 10 8
34 8 7
34 10 9
34 20 19
34 19 18
34 18 17
34 17 15
34 17 16
34 27 26
34 26 23
34 23 21
34 23 22
34 26 25
34 25 24
35 31 4
35 4 3
35 3 1
35 1 0
35 3 2
35 31 30
35 30 29
35 29 27
35 27 26
35 26 25
35 25 6
35 6 5
35 25 24
35 24 20
35 20 19
35 19 7
35 19 18
35 18 8
35 18 17
35 17 15
35 15 14
35 14 9
35 14 13
35 13 11
35 11 10
35 13 12
35 17 16
35 24 23
35 23 22
35 22 21
35 29 28
36 34 32
36 32 27
36 27 0
36 27 26
36 26 12
36 12 5
36 5 4
36 4 3
36 3 1
36 3 2
36 12 11
36 11 10
36 10 9
36 9 8
36 8 6
36 8 7
36 26 25
36 25 15
36 15 13
36 15 14
36 25 24
36 24 18
36 18 16
36 18 17
36 24 23
36 23 19
36 23 22
36 22 20
36 22 21
36 32 31
36 31 28
36 31 30
36 30 29
36 34 33
37 30 28
37 28 2
37 2 0
37 2 1
37 28 27
37 27 26
37 26 6
37 6 5
37 5 3
37 5 4
37 26 25
37 25 7
37 25 24
37 24 21
37 21 20
37 20 19
37 19 18
37 18 17
37 17 9
37 9 8
37 17 16
37 16 15
37 15 11
37 11 10
37 15 14
37 14 12
37 14 13
37 24 23
37 23 22
37 30 29
38 31 29
38 29 28
38 28 0
38 28 27
38 27 26
38 26 14
38 14 12
38 12 9
38 9 8
38 8 1
38 8 7
38 7 6
38 6 4
38 4 2
38 4 3
38 6 5
38 12 11
38 11 10
38 14 13
38 26 25
38 25 24
38 24 15
38 24 23
38 23 22
38 22 16
38 22 21
38 21 17
38 21 20
38 20 18
38 20 19
38 31 30
39 29 5
39 5 4
39 4 0
39 4 3
39 3 2
39 2 1
39 29 28
39 28 26
39 26 8
39 8 6
39 8 7
39 26 25
39 25 16
39 16 9
39 16 15
39 15 13
39 13 10
39 13 12
39 12 11
39 15 14
39 25 24
39 24 23
39 23 17
39 23 22
39 22 21
39 21 20
39 20 18
39 20 19
39 28 27
40 34 2
40 2 0
40 2 1
40 34 33
40 33 6
40 6 4
40 4 3
40 6 5
40 33 32
40 32 30
40 30 29
40 29 26
40 26 24
40 24 22
40 22 8
40 8 7
40 22 21
40 21 12
40 12 9
40 12 11
40 11 10
40 21 20
40 20 13
40 20 19
40 19 14
40 19 18
40 18 16
40 16 15
40 18 17
40 24 23
40 26 25
40 29 28
40 28 27
40 32 31
41 29 28
41 28 0
41 28 27
41 27 1
41 27 26
41 26 17
41 17 2
41 17 16
41 16 3
41 16 15
41 15 6
41 6 5
41 5 4
41 15 14
41 14 8
41 8 7
41 14 13
41 13 11
41 11 10
41 10 9
41 13 12
41 26 25
41 25 21
41 21 20
41 20 19
41 19 18
41 25 24
41 24 23
41 23 22
42 29 0
42 29 28
42 28 22
42 22 3
42 3 1
42 3 2
42 22 21
42 21 5
42 5 4
42 21 20
42 20 16
42 16 7
42 7 6
42 16 15
42 15 12
42 12 11
42 11 9
42 9 8
42 11 10
42 15 14
42 14 13
42 20 19
42 19 17
42 19 18
42 28 27
42 27 23
42 27 26
42 26 25
42 25 24
43 34 20
43 20 0
43 20 19
43 19 18
43 18 2
43 2 1
43 18 17
43 17 16
43 16 15
43 15 14
43 14 9
43 9 8
43 8 7
43 7 5
43 5 4
43 4 3
43 7 6
43 14 13
43 13 11
43 11 10
43 13 12
43 34 33
43 33 32
43 32 21
43 32 31
43 31 25
43 25 24
43 24 23
43 23 22
43 31 30
43 30 29
43 29 28
43 28 27
43 27 26
44 29 7
44 7 3
44 3 1
44 1 0
44 3 2
44 7 6
44 6 5
44 5 4
44 29 28
44 28 27
44 27 26
44 26 25
44 25 23
44 23 8
44 23 22
44 22 20
44 20 12
44 12 9
44 12 11
44 11 10
44 20 19
44 19 16
44 16 15
44 15 14
44 14 13
44 19 18
44 18 17
44 22 21
44 25 24
45 34 2
45 2 0
45 2 1
45 34 33
45 33 5
45 5 4
45 4 3
45 33 32
45 32 31
45 31 6
45 31 30
45 30 29
45 29 7
45 29 28
45 28 27
45 27 8
45 27 26
45 26 25
45 25 22
45 22 17
45 17 16
45 16 14
45 14 9
45 14 13
45 13 12
45 12 10
45 12 11
45 16 15
45 22 21
45 21 18
45 21 20
45 20 19
45 25 24
45 24 23
46 32 27
46 27 22
46 22 16
46 16 15
46 15 14
46 14 12
46 12 4
46 4 1
46 1 0
46 4 3
46 3 2
46 12 11
46 11 10
46 10 6
46 6 5
46 10 9
46 9 7
46 9 8
46 14 13
46 22 21
46 21 19
46 19 18
46 18 17
46 21 20
46 27 26
46 26 25
46 25 24
46 24 23
46 32 31
46 31 28
46 31 30
46 30 29
47 29 0
47 29 28
47 28 26
47 26 24
47 24 3
47 3 1
47 3 2
47 24 23
47 23 19
47 19 18
47 18 5
47 5 4
47 18 17
47 17 15
47 15 14
47 14 13
47 13 6
47 13 12
47 12 7
47 12 11
47 11 8
47 11 10
47 10 9
47 17 16
47 23 22
47 22 21
47 21 20
47 26 25
47 28 27
48 30 0
48 30 29
48 29 28
48 28 27
48 27 26
48 26 18
48 18 2
48 2 1
48 18 17
48 17 16
48 16 3
48 16 15
48 15 13
48 13 4
48 13 12
48 12 11
48 11 8
48 8 6
48 6 5
48 8 7
48 11 10
48 10 9
48 15 14
48 26 25
48 25 24
48 24 22
48 22 20
48 20 19
48 22 21
48 24 23
49 34 0
49 34 33
49 33 9
49 9 1
49 9 8
49 8 7
49 7 6
49 6 3
49 3 2
49 6 5
49 5 4
49 33 32
49 32 31
49 31 29
49 29 13
49 13 10
49 13 12
49 12 11
49 29 28
49 28 14
49 28 27
49 27 26
49 26 23
49 23 22
49 22 21
49 21 20
49 20 18
49 18 15
49 18 17
49 17 16
49 20 19
49 26 25
49 25 24
49 31 30
50 30 28
50 28 13
50 13 12
50 12 4
50 4 0
50 4 3
50 3 1
50 3 2
50 12 11
50 11 10
50 10 5
50 10 9
50 9 8
50 8 6
50 8 7
50 28 27
50 27 23
50 23 21
50 21 20
50 20 18
50 18 16
50 16 15
50 15 14
50 18 17
50 20 19
50 23 22
50 27 26
50 26 24
50 26 25
50 30 29
51 30 1
51 1 0
51 30 29
51 29 28
51 28 18
51 18 16
51 16 15
51 15 8
51 8 2
51 8 7
51 7 6
51 6 5
51 5 4
51 4 3
51 15 14
51 14 10
51 10 9
51 14 13
51 13 12
51 12 11
51 18 17
51 28 27
51 27 26
51 26 25
51 25 21
51 21 19
51 21 20
51 25 24
51 24 23
51 23 22
52 30 25
52 25 24
52 24 2
52 2 0
52 2 1
52 24 23
52 23 22
52 22 3
52 22 21
52 21 11
52 11 10
52 10 7
52 7 6
52 6 5
52 5 4
52 10 9
52 9 8
52 21 20
52 20 12
52 20 19
52 19 18
52 18 14
52 14 13
52 18 17
52 17 16
52 16 15
52 30 29
52 29 28
52 28 26
52 28 27
53 30 28
53 28 0
53 28 27
53 27 26
53 26 20
53 20 19
53 19 8
53 8 7
53 7 6
53 6 4
53 4 1
53 4 3
53 3 2
53 6 5
53 19 18
53 18 9
53 18 17
53 17 16
53 16 10
53 16 15
53 15 14
53 14 12
53 12 11
53 14 13
53 26 25
53 25 23
53 23 22
53 22 21
53 25 24
53 30 29
54 33 32
54 32 0
54 32 31
54 31 1
54 31 30
54 30 25
54 25 23
54 23 21
54 21 7
54 7 5
54 5 3
54 3 2
54 5 4
54 7 6
54 21 20
54 20 18
54 18 16
54 16 9
54 9 8
54 16 15
54 15 14
54 14 13
54 13 11
54 11 10
54 13 12
54 18 17
54 20 19
54 23 22
54 25 24
54 30 29
54 29 28
54 28 27
54 27 26
55 33 32
55 32 18
55 18 17
55 17 13
55 13 0
55 13 12
55 12 10
55 10 1
55 10 9
55 9 8
55 8 3
55 3 2
55 8 7
55 7 5
55 5 4
55 7 6
55 12 11
55 17 16
55 16 14
55 16 15
55 32 31
55 31 20
55 20 19
55 31 30
55 30 29
55 29 27
55 27 25
55 25 21
55 25 24
55 24 23
55 23 22
55 27 26
55 29 28
56 34 0
56 34 33
56 33 11
56 11 6
56 6 5
56 5 4
56 4 1
56 4 3
56 3 2
56 11 10
56 10 8
56 8 7
56 10 9
56 33 32
56 32 31
56 31 19
56 19 15
56 15 13
56 13 12
56 15 14
56 19 18
56 18 17
56 17 16
56 31 30
56 30 20
56 30 29
56 29 25
56 25 21
56 25 24
56 24 23
56 23 22
56 29 28
56 28 27
56 27 26
57 33 31
57 31 22
57 22 8
57 8 1
57 1 0
57 8 7
57 7 5
57 5 4
57 4 2
57 4 3
57 7 6
57 22 21
57 21 19
57 19 18
57 18 14
57 14 13
57 13 9
57 13 12
57 12 10
57 12 11
57 18 17
57 17 15
57 17 16
57 21 20
57 31 30
57 30 29
57 29 23
57 29 28
57 28 24
57 28 27
57 27 25
57 27 26
57 33 32
58 29 28
58 28 26
58 26 4
58 4 0
58 4 3
58 3 2
58 2 1
58 26 25
58 25 24
58 24 23
58 23 20
58 20 15
58 15 10
58 10 9
58 9 6
58 6 5
58 9 8
58 8 7
58 15 14
58 14 13
58 13 12
58 12 11
58 20 19
58 19 17
58 17 16
58 19 18
58 23 22
58 22 21
58 28 27
59 31 3
59 3 0
59 3 2
59 2 1
59 31 30
59 30 5
59 5 4
59 30 29
59 29 28
59 28 27
59 27 26
59 26 25
59 25 6
59 25 24
59 24 22
59 22 21
59 21 19
59 19 16
59 16 9
59 9 8
59 8 7
59 16 15
59 15 13
59 13 12
59 12 11
59 11 10
59 15 14
59 19 18
59 18 17
59 21 20
59 24 23
60 31 24
60 24 0
60 24 23
60 23 22
60 22 1
60 22 21
60 21 18
60 18 2
60 18 17
60 17 11
60 11 10
60 10 9
60 9 3
60 9 8
60 8 7
60 7 4
60 7 6
60 6 5
60 17 16
60 16 12
60 16 15
60 15 13
60 15 14
60 21 20
60 20 19
60 31 30
60 30 27
60 27 26
60 26 25
60 30 29
60 29 28
61 34 10
61 10 9
61 9 8
61 8 7
61 7 6
61 6 0
61 6 5
61 5 4
61 4 3
61 3 2
61 2 1
61 34 33
61 33 32
61 32 12
61 12 11
61 32 31
61 31 18
61 18 13
61 18 17
61 17 15
61 15 14
61 17 16
61 31 30
61 30 22
61 22 20
61 20 19
61 22 21
61 30 29
61 29 27
61 27 26
61 26 24
61 24 23
61 26 25
61 29 28
62 30 28
62 28 0
62 28 27
62 27 21
62 21 1
62 21 20
62 20 12
62 12 11
62 11 4
62 4 3
62 3 2
62 11 10
62 10 9
62 9 6
62 6 5
62 9 8
62 8 7
62 20 19
62 19 13
62 19 18
62 18 17
62 17 16
62 16 14
62 16 15
62 27 26
62 26 22
62 26 25
62 25 24
62 24 23
62 30 29
63 34 33
63 33 24
63 24 22
63 22 18
63 18 17
63 17 1
63 1 0
63 17 16
63 16 15
63 15 3
63 3 2
63 15 14
63 14 13
63 13 12
63 12 11
63 11 8
63 8 7
63 7 5
63 5 4
63 7 6
63 11 10
63 10 9
63 22 21
63 21 20
63 20 19
63 24 23
63 33 32
63 32 28
63 28 27
63 27 25
63 27 26
63 32 31
63 31 30
63 30 29
64 34 6
64 6 4
64 4 1
64 1 0
64 4 3
64 3 2
64 6 5
64 34 33
64 33 11
64 11 10
64 10 9
64 9 7
64 9 8
64 33 32
64 32 31
64 31 30
64 30 29
64 29 23
64 23 22
64 22 14
64 14 12
64 14 13
64 22 21
64 21 17
64 17 16
64 16 15
64 21 20
64 20 19
64 19 18
64 29 28
64 28 27
64 27 26
64 26 25
64 25 24
65 34 6
65 6 5
65 5 4
65 4 3
65 3 0
65 3 2
65 2 1
65 34 33
65 33 31
65 31 18
65 18 17
65 17 10
65 10 7
65 10 9
65 9 8
65 17 16
65 16 15
65 15 14
65 14 11
65 14 13
65 13 12
65 31 30
65 30 22
65 22 21
65 21 20
65 20 19
65 30 29
65 29 28
65 28 26
65 26 24
65 24 23
65 26 25
65 28 27
65 33 32
66 32 15
66 15 12
66 12 9
66 9 8
66 8 6
66 6 3
66 3 2
66 2 0
66 2 1
66 6 5
66 5 4
66 8 7
66 12 11
66 11 10
66 15 14
66 14 13
66 32 31
66 31 18
66 18 17
66 17 16
66 31 30
66 30 28
66 28 27
66 27 26
66 26 20
66 20 19
66 26 25
66 25 21
66 25 24
66 24 22
66 24 23
66 30 29
67 33 2
67 2 0
67 2 1
67 33 32
67 32 3
67 32 31
67 31 7
67 7 4
67 7 6
67 6 5
67 31 30
67 30 29
67 29 28
67 28 25
67 25 19
67 19 10
67 10 8
67 10 9
67 19 18
67 18 17
67 17 11
67 17 16
67 16 12
67 16 15
67 15 14
67 14 13
67 25 24
67 24 22
67 22 21
67 21 20
67 24 23
67 28 27
67 27 26
68 30 29
68 29 24
68 24 23
68 23 22
68 22 21
68 21 20
68 20 15
68 15 6
68 6 4
68 4 3
68 3 2
68 2 1
68 1 0
68 6 5
68 15 14
68 14 12
68 12 11
68 11 10
68 10 9
68 9 7
68 9 8
68 14 13
68 20 19
68 19 18
68 18 17
68 17 16
68 29 28
68 28 27
68 27 25
68 27 26
69 31 10
69 10 1
69 1 0
69 10 9
69 9 2
69 9 8
69 8 3
69 8 7
69 7 4
69 7 6
69 6 5
69 31 30
69 30 11
69 30 29
69 29 12
69 29 28
69 28 13
69 28 27
69 27 15
69 15 14
69 27 26
69 26 16
69 26 25
69 25 24
69 24 17
69 24 23
69 23 22
69 22 20
69 20 19
69 19 18
69 22 21
70 31 0
70 31 30
70 30 7
70 7 5
70 5 4
70 4 2
70 2 1
70 4 3
70 7 6
70 30 29
70 29 28
70 28 8
70 28 27
70 27 25
70 25 24
70 24 10
70 10 9
70 24 23
70 23 22
70 22 18
70 18 11
70 18 17
70 17 14
70 14 13
70 13 12
70 17 16
70 16 15
70 22 21
70 21 20
70 20 19
70 27 26
71 30 29
71 29 28
71 28 26
71 26 24
71 24 22
71 22 0
71 22 21
71 21 12
71 12 5
71 5 2
71 2 1
71 5 4
71 4 3
71 12 11
71 11 6
71 11 10
71 10 9
71 9 7
71 9 8
71 21 20
71 20 17
71 17 15
71 15 13
71 15 14
71 17 16
71 20 19
71 19 18
71 24 23
71 26 25
71 28 27
72 29 3
72 3 2
72 2 0
72 2 1
72 29 28
72 28 27
72 27 11
72 11 9
72 9 6
72 6 5
72 5 4
72 9 8
72 8 7
72 11 10
72 27 26
72 26 13
72 13 12
72 26 25
72 25 24
72 24 23
72 23 22
72 22 14
72 22 21
72 21 18
72 18 16
72 16 15
72 18 17
72 21 20
72 20 19
73 32 2
73 2 1
73 1 0
73 32 31
73 31 15
73 15 14
73 14 12
73 12 11
73 11 4
73 4 3
73 11 10
73 10 9
73 9 6
73 6 5
73 9 8
73 8 7
73 14 13
73 31 30
73 30 19
73 19 18
73 18 16
73 18 17
73 30 29
73 29 25
73 25 24
73 24 23
73 23 22
73 22 21
73 21 20
73 29 28
73 28 26
73 28 27
74 29 28
74 28 1
74 1 0
74 28 27
74 27 2
74 27 26
74 26 25
74 25 6
74 6 5
74 5 4
74 4 3
74 25 24
74 24 23
74 23 22
74 22 21
74 21 19
74 19 18
74 18 17
74 17 15
74 15 13
74 13 11
74 11 10
74 10 9
74 9 8
74 8 7
74 13 12
74 15 14
74 17 16
74 21 20
75 29 27
75 27 26
75 26 25
75 25 24
75 24 0
75 24 23
75 23 22
75 22 1
75 22 21
75 21 20
75 20 2
75 20 19
75 19 17
75 17 8
75 8 3
75 8 7
75 7 6
75 6 4
75 6 5
75 17 16
75 16 12
75 12 10
75 10 9
75 12 11
75 16 15
75 15 13
75 15 14
75 19 18
75 29 28
76 29 23
76 23 21
76 21 6
76 6 5
76 5 0
76 5 4
76 4 3
76 3 2
76 2 1
76 21 20
76 20 7
76 20 19
76 19 8
76 19 18
76 18 16
76 16 14
76 14 9
76 14 13
76 13 10
76 13 12
76 12 11
76 16 15
76 18 17
76 23 22
76 29 28
76 28 26
76 26 25
76 25 24
76 28 27
77 29 0
77 29 28
77 28 25
77 25 16
77 16 15
77 15 13
77 13 11
77 11 8
77 8 6
77 6 5
77 5 4
77 4 2
77 2 1
77 4 3
77 8 7
77 11 10
77 10 9
77 13 12
77 15 14
77 25 24
77 24 17
77 24 23
77 23 22
77 22 20
77 20 19
77 19 18
77 22 21
77 28 27
77 27 26
78 29 23
78 23 19
78 19 0
78 19 18
78 18 17
78 17 1
78 17 16
78 16 15
78 15 14
78 14 12
78 12 11
78 11 4
78 4 2
78 4 3
78 11 10
78 10 7
78 7 5
78 7 6
78 10 9
78 9 8
78 14 13
78 23 22
78 22 21
78 21 20
78 29 28
78 28 25
78 25 24
78 28 27
78 27 26
79 29 27
79 27 12
79 12 3
79 3 2
79 2 1
79 1 0
79 12 11
79 11 10
79 10 7
79 7 4
79 7 6
79 6 5
79 10 9
79 9 8
79 27 26
79 26 20
79 20 16
79 16 15
79 15 14
79 14 13
79 20 19
79 19 18
79 18 17
79 26 25
79 25 21
79 25 24
79 24 22
79 24 23
79 29 28
80 34 30
80 30 29
80 29 27
80 27 26
80 26 8
80 8 0
80 8 7
80 7 6
80 6 5
80 5 2
80 2 1
80 5 4
80 4 3
80 26 25
80 25 24
80 24 16
80 16 15
80 15 14
80 14 10
80 10 9
80 14 13
80 13 12
80 12 11
80 24 23
80 23 20
80 20 18
80 18 17
80 20 19
80 23 22
80 22 21
80 29 28
80 34 33
80 33 31
80 33 32
81 34 32
81 32 24
81 24 8
81 8 7
81 7 6
81 6 1
81 1 0
81 6 5
81 5 2
81 5 4
81 4 3
81 24 23
81 23 9
81 23 22
81 22 16
81 16 15
81 15 11
81 11 10
81 15 14
81 14 12
81 14 13
81 22 21
81 21 20
81 20 19
81 19 18
81 18 17
81 32 31
81 31 30
81 30 29
81 29 28
81 28 25
81 28 27
81 27 26
81 34 33
82 32 1
82 1 0
82 32 31
82 31 2
82 31 30
82 30 25
82 25 24
82 24 19
82 19 18
82 18 17
82 17 9
82 9 7
82 7 5
82 5 4
82 4 3
82 7 6
82 9 8
82 17 16
82 16 15
82 15 14
82 14 10
82 14 13
82 13 11
82 13 12
82 24 23
82 23 21
82 21 20
82 23 22
82 30 29
82 29 28
82 28 27
82 27 26
83 29 0
83 29 28
83 28 5
83 5 3
83 3 1
83 3 2
83 5 4
83 28 27
83 27 23
83 23 6
83 23 22
83 22 20
83 20 17
83 17 7
83 17 16
83 16 15
83 15 14
83 14 13
83 13 11
83 11 8
83 11 10
83 10 9
83 13 12
83 20 19
83 19 18
83 22 21
83 27 26
83 26 25
83 25 24
84 29 19
84 19 18
84 18 17
84 17 0
84 17 16
84 16 14
84 14 2
84 2 1
84 14 13
84 13 6
84 6 4
84 4 3
84 6 5
84 13 12
84 12 11
84 11 10
84 10 9
84 9 7
84 9 8
84 16 15
84 29 28
84 28 22
84 22 21
84 21 20
84 28 27
84 27 26
84 26 24
84 24 23
84 26 25
85 34 5
85 5 0
85 5 4
85 4 2
85 2 1
85 4 3
85 34 33
85 33 30
85 30 29
85 29 6
85 29 28
85 28 13
85 13 12
85 12 8
85 8 7
85 12 11
85 11 10
85 10 9
85 28 27
85 27 26
85 26 21
85 21 16
85 16 14
85 16 15
85 21 20
85 20 19
85 19 17
85 19 18
85 26 25
85 25 23
85 23 22
85 25 24
85 33 32
85 32 31
86 29 20
86 20 1
86 1 0
86 20 19
86 19 16
86 16 14
86 14 2
86 14 13
86 13 10
86 10 9
86 9 8
86 8 3
86 8 7
86 7 6
86 6 5
86 5 4
86 13 12
86 12 11
86 16 15
86 19 18
86 18 17
86 29 28
86 28 27
86 27 22
86 22 21
86 27 26
86 26 25
86 25 24
86 24 23
87 32 0
87 32 31
87 31 14
87 14 9
87 9 1
87 9 8
87 8 7
87 7 3
87 3 2
87 7 6
87 6 5
87 5 4
87 14 13
87 13 12
87 12 11
87 11 10
87 31 30
87 30 25
87 25 15
87 25 24
87 24 18
87 18 16
87 18 17
87 24 23
87 23 22
87 22 20
87 20 19
87 22 21
87 30 29
87 29 28
87 28 27
87 27 26
88 29 3
88 3 2
88 2 0
88 2 1
88 29 28
88 28 27
88 27 5
88 5 4
88 27 26
88 26 25
88 25 24
88 24 6
88 24 23
88 23 12
88 12 11
88 11 9
88 9 8
88 8 7
88 11 10
88 23 22
88 22 21
88 21 15
88 15 13
88 15 14
88 21 20
88 20 19
88 19 17
88 17 16
88 19 18
89 29 28
89 28 25
89 25 24
89 24 19
89 19 15
89 15 14
89 14 13
89 13 10
89 10 9
89 9 7
89 7 5
89 5 3
89 3 1
89 1 0
89 3 2
89 5 4
89 7 6
89 9 8
89 13 12
89 12 11
89 19 18
89 18 17
89 17 16
89 24 23
89 23 22
89 22 21
89 21 20
89 28 27
89 27 26
90 32 31
90 31 30
90 30 29
90 29 3
90 3 0
90 3 2
90 2 1
90 29 28
90 28 6
90 6 4
90 6 5
90 28 27
90 27 10
90 10 9
90 9 7
90 9 8
90 27 26
90 26 25
90 25 23
90 23 20
90 20 19
90 19 17
90 17 13
90 13 11
90 13 12
90 17 16
90 16 15
90 15 14
90 19 18
90 23 22
90 22 21
90 25 24
91 34 27
91 27 26
91 26 25
91 25 24
91 24 1
91 1 0
91 24 23
91 23 21
91 21 9
91 9 8
91 8 4
91 4 2
91 4 3
91 8 7
91 7 6
91 6 5
91 21 20
91 20 12
91 12 10
91 12 11
91 20 19
91 19 18
91 18 17
91 17 15
91 15 14
91 14 13
91 17 16
91 23 22
91 34 33
91 33 28
91 33 32
91 32 31
91 31 30
91 30 29
92 30 0
92 30 29
92 29 26
92 26 7
92 7 6
92 6 3
92 3 2
92 2 1
92 6 5
92 5 4
92 26 25
92 25 15
92 15 14
92 14 13
92 13 12
92 12 11
92 11 9
92 9 8
92 11 10
92 25 24
92 24 20
92 20 18
92 18 17
92 17 16
92 20 19
92 24 23
92 23 21
92 23 22
92 29 28
92 28 27
93 32 30
93 30 26
93 26 24
93 24 23
93 23 22
93 22 20
93 20 19
93 19 17
93 17 16
93 16 15
93 15 12
93 12 0
93 12 11
93 11 7
93 7 3
93 3 1
93 3 2
93 7 6
93 6 5
93 5 4
93 11 10
93 10 8
93 10 9
93 15 14
93 14 13
93 19 18
93 22 21
93 26 25
93 30 29
93 29 27
93 29 28
93 32 31
94 34 32
94 32 31
94 31 1
94 1 0
94 31 30
94 30 2
94 30 29
94 29 27
94 27 26
94 26 3
94 26 25
94 25 8
94 8 4
94 8 7
94 7 6
94 6 5
94 25 24
94 24 23
94 23 22
94 22 21
94 21 10
94 10 9
94 21 20
94 20 11
94 20 19
94 19 16
94 16 15
94 15 14
94 14 13
94 13 12
94 19 18
94 18 17
94 29 28
94 34 33
95 30 29
95 29 11
95 11 10
95 10 9
95 9 2
95 2 0
95 2 1
95 9 8
95 8 5
95 5 3
95 5 4
95 8 7
95 7 6
95 29 28
95 28 25
95 25 24
95 24 12
95 24 23
95 23 13
95 23 22
95 22 21
95 21 20
95 20 19
95 19 17
95 17 16
95 16 15
95 15 14
95 19 18
95 28 27
95 27 26
96 29 27
96 27 26
96 26 12
96 12 10
96 10 9
96 9 1
96 1 0
96 9 8
96 8 7
96 7 3
96 3 2
96 7 6
96 6 5
96 5 4
96 12 11
96 26 25
96 25 24
96 24 13
96 24 23
96 23 22
96 22 21
96 21 20
96 20 15
96 15 14
96 20 19
96 19 16
96 19 18
96 18 17
96 29 28
97 29 18
97 18 14
97 14 7
97 7 5
97 5 4
97 4 2
97 2 1
97 1 0
97 4 3
97 7 6
97 14 13
97 13 11
97 11 10
97 10 9
97 9 8
97 13 12
97 18 17
97 17 16
97 16 15
97 29 28
97 28 23
97 23 22
97 22 21
97 21 19
97 21 20
97 28 27
97 27 26
97 26 24
97 26 25
98 29 27
98 27 0
98 27 26
98 26 25
98 25 1
98 25 24
98 24 2
98 24 23
98 23 19
98 19 17
98 17 15
98 15 14
98 14 12
98 12 11
98 11 10
98 10 9
98 9 8
98 8 3
98 8 7
98 7 4
98 7 6
98 6 5
98 14 13
98 17 16
98 19 18
98 23 22
98 22 21
98 21 20
98 29 28
99 34 9
99 9 7
99 7 0
99 7 6
99 6 3
99 3 1
99 3 2
99 6 5
99 5 4
99 9 8
99 34 33
99 33 12
99 12 10
99 12 11
99 33 32
99 32 31
99 31 29
99 29 23
99 23 17
99 17 14
99 14 13
99 17 16
99 16 15
99 23 22
99 22 21
99 21 20
99 20 18
99 20 19
99 29 28
99 28 27
99 27 26
99 26 25
99 25 24
99 31 30
100 32 31
100 31 30
100 30 8
100 8 7
100 7 6
100 6 5
100 5 3
100 3 0
100 3 2
100 2 1
100 5 4
100 30 29
100 29 11
100 11 10
100 10 9
100 29 28
100 28 27
100 27 25
100 25 23
100 23 22
100 22 19
100 19 15
100 15 13
100 13 12
100 15 14
100 19 18
100 18 17
100 17 16
100 22 21
100 21 20
100 25 24
100 27 26
101 29 17
101 17 3
101 3 1
101 1 0
101 3 2
101 17 16
101 16 4
101 16 15
101 15 13
101 13 10
101 10 9
101 9 7
101 7 5
101 7 6
101 9 8
101 13 12
101 12 11
101 15 14
101 29 28
101 28 19
101 19 18
101 28 27
101 27 20
101 27 26
101 26 24
101 24 22
101 22 21
101 24 23
101 26 25
