1 32 31
1 31 21
1 21 14
1 14 13
1 13 0
1 13 12
1 12 9
1 9 8
1 8 7
1 7 6
1 6 4
1 4 3
1 3 2
1 2 1
1 6 5
1 12 11
1 11 10
1 21 20
1 20 15
1 20 19
1 19 18
1 18 17
1 17 16
1 31 30
1 30 24
1 24 23
1 23 22
1 30 29
1 29 27
1 27 25
1 27 26
1 29 28
2 32 14
2 14 8
2 8 6
2 6 4
2 4 2
2 2 0
2 2 1
2 4 3
2 6 5
2 8 7
2 14 13
2 13 12
2 12 11
2 11 9
2 11 10
2 32 31
2 31 15
2 31 30
2 30 29
2 29 28
2 28 16
2 28 27
2 27 26
2 26 17
2 26 25
2 25 21
2 21 18
2 21 20
2 20 19
2 25 24
2 24 22
2 24 23
3 31 30
3 30 29
3 29 28
3 28 27
3 27 3
3 3 2
3 2 1
3 1 0
3 27 26
3 26 25
3 25 23
3 23 7
3 7 4
3 7 6
3 6 5
3 23 22
3 22 14
3 14 13
3 13 12
3 12 11
3 11 8
3 11 10
3 10 9
3 22 21
3 21 20
3 20 17
3 17 16
3 16 15
3 20 19
3 19 18
3 25 24
4 29 28
4 28 24
4 24 0
4 24 23
4 23 2
4 2 1
4 23 22
4 22 3
4 22 21
4 21 17
4 17 5
4 5 4
4 17 16
4 16 11
4 11 10
4 10 6
4 10 9
4 9 8
4 8 7
4 16 15
4 15 14
4 14 13
4 13 12
4 21 20
4 20 19
4 19 18
4 28 27
4 27 26
4 26 25
5 30 29
5 29 28
5 28 27
5 27 26
5 26 1
5 1 0
5 26 25
5 25 24
5 24 23
5 23 22
5 22 6
5 6 5
5 5 3
5 3 2
5 5 4
5 22 21
5 21 14
5 14 13
5 13 11
5 11 10
5 10 9
5 9 8
5 8 7
5 13 12
5 21 20
5 20 19
5 19 18
5 18 17
5 17 15
5 17 16
6 32 27
6 27 0
6 27 26
6 26 25
6 25 24
6 24 1
6 24 23
6 23 22
6 22 2
6 22 21
6 21 17
6 17 15
6 15 14
6 14 12
6 12 7
6 7 6
6 6 5
6 5 4
6 4 3
6 12 11
6 11 8
6 11 10
6 10 9
6 14 13
6 17 16
6 21 20
6 20 19
6 19 18
6 32 31
6 31 30
6 30 28
6 30 29
7 30 28
7 28 27
7 27 17
7 17 16
7 16 10
7 10 9
7 9 8
7 8 6
7 6 5
7 5 3
7 3 2
7 2 0
7 2 1
7 5 4
7 8 7
7 16 15
7 15 13
7 13 11
7 13 12
7 15 14
7 27 26
7 26 24
7 24 23
7 23 22
7 22 21
7 21 20
7 20 19
7 19 18
7 26 25
7 30 29
8 31 0
8 31 30
8 30 1
8 30 29
8 29 15
8 15 13
8 13 3
8 3 2
8 13 12
8 12 8
8 8 4
8 8 7
8 7 6
8 6 5
8 12 11
8 11 9
8 11 10
8 15 14
8 29 28
8 28 16
8 28 27
8 27 26
8 26 17
8 26 25
8 25 23
8 23 22
8 22 19
8 19 18
8 22 21
8 21 20
8 25 24
9 33 31
9 31 25
9 25 24
9 24 22
9 22 20
9 20 8
9 8 3
9 3 2
9 2 1
9 1 0
9 8 7
9 7 4
9 7 6
9 6 5
9 20 19
9 19 16
9 16 14
9 14 11
9 11 10
9 10 9
9 14 13
9 13 12
9 16 15
9 19 18
9 18 17
9 22 21
9 24 23
9 31 30
9 30 29
9 29 27
9 27 26
9 29 28
9 33 32
10 30 27
10 27 25
10 25 13
10 13 1
10 1 0
10 13 12
10 12 11
10 11 10
10 10 7
10 7 5
10 5 4
10 4 3
10 3 2
10 7 6
10 10 9
10 9 8
10 25 24
10 24 14
10 24 23
10 23 22
10 22 21
10 21 16
10 16 15
10 21 20
10 20 18
10 18 17
10 20 19
10 27 26
10 30 29
10 29 28
11 31 30
11 30 0
11 30 29
11 29 20
11 20 19
11 19 17
11 17 3
11 3 2
11 2 1
11 17 16
11 16 6
11 6 5
11 5 4
11 16 15
11 15 14
11 14 13
11 13 12
11 12 11
11 11 9
11 9 7
11 9 8
11 11 10
11 19 18
11 29 28
11 28 23
11 23 21
11 23 22
11 28 27
11 27 24
11 27 26
11 26 25
12 33 32
12 32 1
12 1 0
12 32 31
12 31 30
12 30 29
12 29 8
12 8 7
12 7 2
12 7 6
12 6 5
12 5 3
12 5 4
12 29 28
12 28 27
12 27 14
12 14 12
12 12 9
12 12 11
12 11 10
12 14 13
12 27 26
12 26 16
12 16 15
12 26 25
12 25 24
12 24 17
12 24 23
12 23 22
12 22 18
12 22 21
12 21 19
12 21 20
13 33 8
13 8 6
13 6 4
13 4 2
13 2 1
13 1 0
13 4 3
13 6 5
13 8 7
13 33 32
13 32 31
13 31 30
13 30 28
13 28 27
13 27 23
13 23 14
13 14 13
13 13 12
13 12 10
13 10 9
13 12 11
13 23 22
13 22 18
13 18 17
13 17 15
13 17 16
13 22 21
13 21 19
13 21 20
13 27 26
13 26 25
13 25 24
13 30 29
14 33 0
14 33 32
14 32 4
14 4 3
14 3 1
14 3 2
14 32 31
14 31 29
14 29 28
14 28 27
14 27 26
14 26 25
14 25 24
14 24 9
14 9 8
14 8 7
14 7 6
14 6 5
14 24 23
14 23 22
14 22 21
14 21 15
14 15 14
14 14 12
14 12 11
14 11 10
14 14 13
14 21 20
14 20 19
14 19 17
14 17 16
14 19 18
14 31 30
15 29 0
15 29 28
15 28 23
15 23 16
15 16 4
15 4 2
15 2 1
15 4 3
15 16 15
15 15 7
15 7 6
15 6 5
15 15 14
15 14 9
15 9 8
15 14 13
15 13 10
15 13 12
15 12 11
15 23 22
15 22 21
15 21 20
15 20 17
15 20 19
15 19 18
15 28 27
15 27 26
15 26 25
15 25 24
16 31 28
16 28 7
16 7 4
16 4 3
16 3 0
16 3 2
16 2 1
16 7 6
16 6 5
16 28 27
16 27 26
16 26 9
16 9 8
16 26 25
16 25 24
16 24 16
16 16 15
16 15 14
16 14 12
16 12 11
16 11 10
16 14 13
16 24 23
16 23 22
16 22 20
16 20 19
16 19 17
16 19 18
16 22 21
16 31 30
16 30 29
17 34 32
17 32 18
17 18 17
17 17 7
17 7 5
17 5 0
17 5 4
17 4 1
17 4 3
17 3 2
17 7 6
17 17 16
17 16 15
17 15 13
17 13 11
17 11 9
17 9 8
17 11 10
17 13 12
17 15 14
17 32 31
17 31 30
17 30 19
17 30 29
17 29 27
17 27 26
17 26 20
17 26 25
17 25 22
17 22 21
17 25 24
17 24 23
17 29 28
17 34 33
18 30 29
18 29 7
18 7 6
18 6 1
18 1 0
18 6 5
18 5 4
18 4 3
18 3 2
18 29 28
18 28 26
18 26 11
18 11 10
18 10 8
18 10 9
18 26 25
18 25 18
18 18 12
18 18 17
18 17 13
18 17 16
18 16 15
18 15 14
18 25 24
18 24 23
18 23 21
18 21 20
18 20 19
18 23 22
18 28 27
19 29 0
19 29 28
19 28 27
19 27 26
19 26 21
19 21 17
19 17 16
19 16 15
19 15 14
19 14 13
19 13 12
19 12 1
19 12 11
19 11 10
19 10 2
19 10 9
19 9 6
19 6 5
19 5 3
19 5 4
19 9 8
19 8 7
19 21 20
19 20 19
19 19 18
19 26 25
19 25 23
19 23 22
19 25 24
20 32 1
20 1 0
20 32 31
20 31 22
20 22 21
20 21 19
20 19 18
20 18 16
20 16 14
20 14 13
20 13 9
20 9 8
20 8 2
20 8 7
20 7 3
20 7 6
20 6 4
20 6 5
20 13 12
20 12 11
20 11 10
20 16 15
20 18 17
20 21 20
20 31 30
20 30 28
20 28 27
20 27 25
20 25 24
20 24 23
20 27 26
20 30 29
21 34 33
21 33 32
21 32 30
21 30 12
21 12 8
21 8 7
21 7 6
21 6 3
21 3 2
21 2 1
21 1 0
21 6 5
21 5 4
21 12 11
21 11 9
21 11 10
21 30 29
21 29 28
21 28 27
21 27 26
21 26 25
21 25 24
21 24 23
21 23 22
21 22 13
21 22 21
21 21 20
21 20 14
21 20 19
21 19 16
21 16 15
21 19 18
21 18 17
21 32 31
22 32 28
22 28 0
22 28 27
22 27 12
22 12 11
22 11 10
22 10 8
22 8 3
22 3 1
22 3 2
22 8 7
22 7 4
22 7 6
22 6 5
22 10 9
22 27 26
22 26 25
22 25 13
22 25 24
22 24 14
22 24 23
22 23 21
22 21 20
22 20 19
22 19 18
22 18 15
22 18 17
22 17 16
22 23 22
22 32 31
22 31 30
22 30 29
23 33 32
23 32 28
23 28 25
23 25 0
23 25 24
23 24 6
23 6 5
23 5 1
23 5 4
23 4 3
23 3 2
23 24 23
23 23 22
23 22 12
23 12 7
23 12 11
23 11 10
23 10 9
23 9 8
23 22 21
23 21 19
23 19 14
23 14 13
23 19 18
23 18 17
23 17 15
23 17 16
23 21 20
23 28 27
23 27 26
23 32 31
23 31 30
23 30 29
24 32 30
24 30 26
24 26 24
24 24 1
24 1 0
24 24 23
24 23 21
24 21 10
24 10 7
24 7 3
24 3 2
24 7 6
24 6 4
24 6 5
24 10 9
24 9 8
24 21 20
24 20 19
24 19 11
24 19 18
24 18 17
24 17 12
24 17 16
24 16 14
24 14 13
24 16 15
24 23 22
24 26 25
24 30 29
24 29 27
24 29 28
24 32 31
25 31 24
25 24 23
25 23 8
25 8 7
25 7 6
25 6 3
25 3 1
25 1 0
25 3 2
25 6 5
25 5 4
25 23 22
25 22 12
25 12 11
25 11 9
25 11 10
25 22 21
25 21 20
25 20 19
25 19 13
25 19 18
25 18 17
25 17 15
25 15 14
25 17 16
25 31 30
25 30 25
25 30 29
25 29 27
25 27 26
25 29 28
26 29 28
26 28 25
26 25 17
26 17 16
26 16 10
26 10 9
26 9 1
26 1 0
26 9 8
26 8 5
26 5 4
26 4 3
26 3 2
26 8 7
26 7 6
26 16 15
26 15 12
26 12 11
26 15 14
26 14 13
26 25 24
26 24 23
26 23 22
26 22 20
26 20 18
26 20 19
26 22 21
26 28 27
26 27 26
27 31 24
27 24 21
27 21 19
27 19 16
27 16 15
27 15 14
27 14 13
27 13 12
27 12 7
27 7 4
27 4 3
27 3 1
27 1 0
27 3 2
27 7 6
27 6 5
27 12 11
27 11 9
27 9 8
27 11 10
27 19 18
27 18 17
27 21 20
27 24 23
27 23 22
27 31 30
27 30 28
27 28 25
27 28 27
27 27 26
27 30 29
28 33 0
28 33 32
28 32 27
28 27 1
28 27 26
28 26 25
28 25 2
28 25 24
28 24 22
28 22 14
28 14 13
28 13 3
28 13 12
28 12 5
28 5 4
28 12 11
28 11 10
28 10 8
28 8 6
28 8 7
28 10 9
28 22 21
28 21 20
28 20 19
28 19 17
28 17 16
28 16 15
28 19 18
28 24 23
28 32 31
28 31 28
28 31 30
28 30 29
29 31 0
29 31 30
29 30 29
29 29 28
29 28 25
29 25 23
29 23 2
29 2 1
29 23 22
29 22 11
29 11 4
29 4 3
29 11 10
29 10 9
29 9 7
29 7 5
29 7 6
29 9 8
29 22 21
29 21 18
29 18 17
29 17 13
29 13 12
29 17 16
29 16 15
29 15 14
29 21 20
29 20 19
29 25 24
29 28 27
29 27 26
30 29 0
30 29 28
30 28 1
30 28 27
30 27 25
30 25 24
30 24 19
30 19 18
30 18 14
30 14 13
30 13 12
30 12 11
30 11 4
30 4 2
30 4 3
30 11 10
30 10 7
30 7 6
30 6 5
30 10 9
30 9 8
30 18 17
30 17 15
30 17 16
30 24 23
30 23 21
30 21 20
30 23 22
30 27 26
31 32 0
31 32 31
31 31 29
31 29 27
31 27 26
31 26 22
31 22 21
31 21 20
31 20 19
31 19 13
31 13 12
31 12 11
31 11 1
31 11 10
31 10 8
31 8 4
31 4 3
31 3 2
31 8 7
31 7 6
31 6 5
31 10 9
31 19 18
31 18 17
31 17 14
31 17 16
31 16 15
31 26 25
31 25 24
31 24 23
31 29 28
31 31 30
32 32 1
32 1 0
32 32 31
32 31 15
32 15 13
32 13 9
32 9 8
32 8 5
32 5 4
32 4 2
32 4 3
32 8 7
32 7 6
32 13 12
32 12 10
32 12 11
32 15 14
32 31 30
32 30 16
32 30 29
32 29 25
32 25 24
32 24 22
32 22 18
32 18 17
32 22 21
32 21 20
32 20 19
32 24 23
32 29 28
32 28 26
32 28 27
33 31 30
33 30 29
33 29 25
33 25 24
33 24 22
33 22 0
33 22 21
33 21 20
33 20 6
33 6 5
33 5 4
33 4 3
33 3 1
33 3 2
33 20 19
33 19 17
33 17 16
33 16 12
33 12 10
33 10 8
33 8 7
33 10 9
33 12 11
33 16 15
33 15 13
33 15 14
33 19 18
33 24 23
33 29 28
33 28 27
33 27 26
34 32 31
34 31 29
34 29 28
34 28 27
34 27 25
34 25 24
34 24 6
34 6 5
34 5 4
34 4 3
34 3 2
34 2 0
34 2 1
34 24 23
34 23 8
34 8 7
34 23 22
34 22 21
34 21 10
34 10 9
34 21 20
34 20 19
34 19 18
34 18 17
34 17 11
34 17 16
34 16 14
34 14 12
34 14 13
34 16 15
34 27 26
34 31 30
35 32 1
35 1 0
35 32 31
35 31 12
35 12 11
35 11 10
35 10 6
35 6 4
35 4 3
35 3 2
35 6 5
35 10 9
35 9 7
35 9 8
35 31 30
35 30 21
35 21 19
35 19 13
35 19 18
35 18 14
35 18 17
35 17 16
35 16 15
35 21 20
35 30 29
35 29 28
35 28 27
35 27 26
35 26 25
35 25 24
35 24 22
35 24 23
36 34 33
36 33 0
36 33 32
36 32 31
36 31 27
36 27 3
36 3 2
36 2 1
36 27 26
36 26 24
36 24 22
36 22 4
36 22 21
36 21 19
36 19 16
36 16 15
36 15 14
36 14 13
36 13 5
36 13 12
36 12 10
36 10 9
36 9 7
36 7 6
36 9 8
36 12 11
36 19 18
36 18 17
36 21 20
36 24 23
36 26 25
36 31 30
36 30 28
36 30 29
37 34 5
37 5 3
37 3 2
37 2 1
37 1 0
37 5 4
37 34 33
37 33 8
37 8 7
37 7 6
37 33 32
37 32 29
37 29 11
37 11 9
37 11 10
37 29 28
37 28 12
37 28 27
37 27 25
37 25 21
37 21 20
37 20 19
37 19 18
37 18 16
37 16 13
37 16 15
37 15 14
37 18 17
37 25 24
37 24 23
37 23 22
37 27 26
37 32 31
37 31 30
38 31 30
38 30 29
38 29 0
38 29 28
38 28 5
38 5 1
38 5 4
38 4 2
38 4 3
38 28 27
38 27 26
38 26 25
38 25 14
38 14 13
38 13 12
38 12 11
38 11 6
38 11 10
38 10 9
38 9 8
38 8 7
38 25 24
38 24 23
38 23 22
38 22 20
38 20 17
38 17 16
38 16 15
38 20 19
38 19 18
38 22 21
39 31 30
39 30 25
39 25 6
39 6 0
39 6 5
39 5 2
39 2 1
39 5 4
39 4 3
39 25 24
39 24 23
39 23 12
39 12 11
39 11 10
39 10 8
39 8 7
39 10 9
39 23 22
39 22 21
39 21 20
39 20 16
39 16 14
39 14 13
39 16 15
39 20 19
39 19 17
39 19 18
39 30 29
39 29 26
39 29 28
39 28 27
40 29 0
40 29 28
40 28 25
40 25 24
40 24 14
40 14 13
40 13 5
40 5 1
40 5 4
40 4 3
40 3 2
40 13 12
40 12 8
40 8 6
40 8 7
40 12 11
40 11 9
40 11 10
40 24 23
40 23 21
40 21 15
40 21 20
40 20 16
40 20 19
40 19 17
40 19 18
40 23 22
40 28 27
40 27 26
41 30 28
41 28 23
41 23 5
41 5 4
41 4 3
41 3 2
41 2 0
41 2 1
41 23 22
41 22 20
41 20 12
41 12 9
41 9 7
41 7 6
41 9 8
41 12 11
41 11 10
41 20 19
41 19 17
41 17 15
41 15 13
41 15 14
41 17 16
41 19 18
41 22 21
41 28 27
41 27 25
41 25 24
41 27 26
41 30 29
42 32 0
42 32 31
42 31 14
42 14 3
42 3 1
42 3 2
42 14 13
42 13 12
42 12 8
42 8 7
42 7 6
42 6 4
42 6 5
42 12 11
42 11 9
42 11 10
42 31 30
42 30 20
42 20 18
42 18 17
42 17 16
42 16 15
42 20 19
42 30 29
42 29 22
42 22 21
42 29 28
42 28 27
42 27 23
42 27 26
42 26 24
42 26 25
43 33 31
43 31 22
43 22 14
43 14 12
43 12 6
43 6 5
43 5 1
43 1 0
43 5 4
43 4 2
43 4 3
43 12 11
43 11 9
43 9 7
43 9 8
43 11 10
43 14 13
43 22 21
43 21 19
43 19 18
43 18 17
43 17 15
43 17 16
43 21 20
43 31 30
43 30 29
43 29 26
43 26 23
43 26 25
43 25 24
43 29 28
43 28 27
43 33 32
44 33 32
44 32 31
44 31 30
44 30 4
44 4 1
44 1 0
44 4 3
44 3 2
44 30 29
44 29 10
44 10 9
44 9 6
44 6 5
44 9 8
44 8 7
44 29 28
44 28 27
44 27 25
44 25 24
44 24 12
44 12 11
44 24 23
44 23 22
44 22 13
44 22 21
44 21 20
44 20 16
44 16 15
44 15 14
44 20 19
44 19 18
44 18 17
44 27 26
45 32 31
45 31 30
45 30 0
45 30 29
45 29 26
45 26 1
45 26 25
45 25 15
45 15 14
45 14 12
45 12 10
45 10 9
45 9 3
45 3 2
45 9 8
45 8 6
45 6 5
45 5 4
45 8 7
45 12 11
45 14 13
45 25 24
45 24 23
45 23 20
45 20 19
45 19 16
45 19 18
45 18 17
45 23 22
45 22 21
45 29 28
45 28 27
46 32 31
46 31 0
46 31 30
46 30 29
46 29 12
46 12 11
46 11 1
46 11 10
46 10 8
46 8 6
46 6 2
46 6 5
46 5 3
46 5 4
46 8 7
46 10 9
46 29 28
46 28 27
46 27 25
46 25 22
46 22 18
46 18 17
46 17 13
46 17 16
46 16 14
46 16 15
46 22 21
46 21 20
46 20 19
46 25 24
46 24 23
46 27 26
47 29 27
47 27 26
47 26 14
47 14 12
47 12 11
47 11 7
47 7 4
47 4 0
47 4 3
47 3 2
47 2 1
47 7 6
47 6 5
47 11 10
47 10 8
47 10 9
47 14 13
47 26 25
47 25 18
47 18 17
47 17 16
47 16 15
47 25 24
47 24 21
47 21 20
47 20 19
47 24 23
47 23 22
47 29 28
48 29 0
48 29 28
48 28 26
48 26 25
48 25 16
48 16 15
48 15 1
48 15 14
48 14 7
48 7 6
48 6 5
48 5 4
48 4 3
48 3 2
48 14 13
48 13 12
48 12 11
48 11 10
48 10 9
48 9 8
48 25 24
48 24 23
48 23 22
48 22 21
48 21 17
48 21 20
48 20 18
48 20 19
48 28 27
49 29 28
49 28 14
49 14 13
49 13 7
49 7 3
49 3 1
49 1 0
49 3 2
49 7 6
49 6 4
49 6 5
49 13 12
49 12 11
49 11 9
49 9 8
49 11 10
49 28 27
49 27 15
49 27 26
49 26 25
49 25 24
49 24 19
49 19 18
49 18 16
49 18 17
49 24 23
49 23 22
49 22 21
49 21 20
50 32 30
50 30 25
50 25 24
50 24 15
50 15 14
50 14 2
50 2 1
50 1 0
50 14 13
50 13 6
50 6 5
50 5 4
50 4 3
50 13 12
50 12 11
50 11 10
50 10 8
50 8 7
50 10 9
50 24 23
50 23 18
50 18 16
50 18 17
50 23 22
50 22 21
50 21 19
50 21 20
50 30 29
50 29 28
50 28 26
50 28 27
50 32 31
51 32 2
51 2 1
51 1 0
51 32 31
51 31 9
51 9 3
51 9 8
51 8 6
51 6 5
51 5 4
51 8 7
51 31 30
51 30 27
51 27 11
51 11 10
51 27 26
51 26 25
51 25 23
51 23 19
51 19 16
51 16 14
51 14 12
51 14 13
51 16 15
51 19 18
51 18 17
51 23 22
51 22 20
51 22 21
51 25 24
51 30 29
51 29 28
52 32 31
52 31 30
52 30 25
52 25 1
52 1 0
52 25 24
52 24 23
52 23 2
52 23 22
52 22 18
52 18 13
52 13 11
52 11 10
52 10 9
52 9 6
52 6 3
52 6 5
52 5 4
52 9 8
52 8 7
52 13 12
52 18 17
52 17 16
52 16 15
52 15 14
52 22 21
52 21 20
52 20 19
52 30 29
52 29 28
52 28 27
52 27 26
53 33 24
53 24 18
53 18 15
53 15 14
53 14 13
53 13 10
53 10 9
53 9 4
53 4 0
53 4 3
53 3 1
53 3 2
53 9 8
53 8 6
53 6 5
53 8 7
53 13 12
53 12 11
53 18 17
53 17 16
53 24 23
53 23 19
53 23 22
53 22 20
53 22 21
53 33 32
53 32 26
53 26 25
53 32 31
53 31 30
53 30 27
53 30 29
53 29 28
54 31 30
54 30 29
54 29 2
54 2 0
54 2 1
54 29 28
54 28 9
54 9 8
54 8 3
54 8 7
54 7 6
54 6 5
54 5 4
54 28 27
54 27 26
54 26 25
54 25 24
54 24 22
54 22 21
54 21 18
54 18 17
54 17 16
54 16 14
54 14 13
54 13 10
54 13 12
54 12 11
54 16 15
54 21 20
54 20 19
54 24 23
55 30 4
55 4 0
55 4 3
55 3 1
55 3 2
55 30 29
55 29 10
55 10 8
55 8 7
55 7 6
55 6 5
55 10 9
55 29 28
55 28 27
55 27 13
55 13 11
55 13 12
55 27 26
55 26 14
55 26 25
55 25 23
55 23 22
55 22 21
55 21 20
55 20 16
55 16 15
55 20 19
55 19 17
55 19 18
55 25 24
56 32 31
56 31 4
56 4 3
56 3 0
56 3 2
56 2 1
56 31 30
56 30 29
56 29 27
56 27 25
56 25 24
56 24 22
56 22 5
56 22 21
56 21 20
56 20 6
56 20 19
56 19 18
56 18 13
56 13 12
56 12 7
56 12 11
56 11 9
56 9 8
56 11 10
56 18 17
56 17 15
56 15 14
56 17 16
56 24 23
56 27 26
56 29 28
57 29 28
57 28 27
57 27 10
57 10 8
57 8 7
57 7 2
57 2 1
57 1 0
57 7 6
57 6 4
57 4 3
57 6 5
57 10 9
57 27 26
57 26 25
57 25 24
57 24 23
57 23 11
57 23 22
57 22 12
57 22 21
57 21 19
57 19 18
57 18 13
57 18 17
57 17 16
57 16 15
57 15 14
57 21 20
58 31 30
58 30 22
58 22 16
58 16 11
58 11 10
58 10 8
58 8 6
58 6 4
58 4 2
58 2 1
58 1 0
58 4 3
58 6 5
58 8 7
58 10 9
58 16 15
58 15 14
58 14 12
58 14 13
58 22 21
58 21 17
58 21 20
58 20 18
58 20 19
58 30 29
58 29 23
58 29 28
58 28 27
58 27 24
58 27 26
58 26 25
59 32 23
59 23 6
59 6 5
59 5 4
59 4 3
59 3 2
59 2 1
59 1 0
59 23 22
59 22 21
59 21 11
59 11 10
59 10 9
59 9 8
59 8 7
59 21 20
59 20 12
59 20 19
59 19 18
59 18 17
59 17 16
59 16 15
59 15 13
59 15 14
59 32 31
59 31 30
59 30 29
59 29 28
59 28 25
59 25 24
59 28 27
59 27 26
60 29 0
60 29 28
60 28 1
60 28 27
60 27 6
60 6 3
60 3 2
60 6 5
60 5 4
60 27 26
60 26 25
60 25 7
60 25 24
60 24 10
60 10 9
60 9 8
60 24 23
60 23 22
60 22 20
60 20 18
60 18 17
60 17 16
60 16 15
60 15 13
60 13 11
60 13 12
60 15 14
60 20 19
60 22 21
61 32 21
61 21 2
61 2 1
61 1 0
61 21 20
61 20 19
61 19 18
61 18 17
61 17 15
61 15 8
61 8 7
61 7 3
61 7 6
61 6 5
61 5 4
61 15 14
61 14 10
61 10 9
61 14 13
61 13 11
61 13 12
61 17 16
61 32 31
61 31 29
61 29 28
61 28 25
61 25 24
61 24 23
61 23 22
61 28 27
61 27 26
61 31 30
62 32 31
62 31 30
62 30 0
62 30 29
62 29 23
62 23 8
62 8 4
62 4 3
62 3 2
62 2 1
62 8 7
62 7 5
62 7 6
62 23 22
62 22 21
62 21 17
62 17 15
62 15 14
62 14 13
62 13 9
62 13 12
62 12 11
62 11 10
62 17 16
62 21 20
62 20 18
62 20 19
62 29 28
62 28 24
62 28 27
62 27 26
62 26 25
63 34 29
63 29 1
63 1 0
63 29 28
63 28 2
63 28 27
63 27 26
63 26 11
63 11 10
63 10 9
63 9 5
63 5 3
63 5 4
63 9 8
63 8 7
63 7 6
63 26 25
63 25 23
63 23 13
63 13 12
63 23 22
63 22 21
63 21 20
63 20 18
63 18 17
63 17 14
63 17 16
63 16 15
63 20 19
63 25 24
63 34 33
63 33 32
63 32 31
63 31 30
64 31 0
64 31 30
64 30 18
64 18 1
64 18 17
64 17 16
64 16 15
64 15 14
64 14 12
64 12 11
64 11 5
64 5 2
64 5 4
64 4 3
64 11 10
64 10 8
64 8 7
64 7 6
64 10 9
64 14 13
64 30 29
64 29 19
64 29 28
64 28 22
64 22 21
64 21 20
64 28 27
64 27 23
64 27 26
64 26 24
64 26 25
65 30 4
65 4 2
65 2 0
65 2 1
65 4 3
65 30 29
65 29 25
65 25 24
65 24 22
65 22 15
65 15 13
65 13 12
65 12 9
65 9 8
65 8 6
65 6 5
65 8 7
65 12 11
65 11 10
65 15 14
65 22 21
65 21 19
65 19 17
65 17 16
65 19 18
65 21 20
65 24 23
65 29 28
65 28 27
65 27 26
66 31 2
66 2 1
66 1 0
66 31 30
66 30 22
66 22 21
66 21 20
66 20 13
66 13 3
66 13 12
66 12 9
66 9 8
66 8 5
66 5 4
66 8 7
66 7 6
66 12 11
66 11 10
66 20 19
66 19 18
66 18 16
66 16 14
66 16 15
66 18 17
66 30 29
66 29 27
66 27 25
66 25 24
66 24 23
66 27 26
66 29 28
67 30 20
67 20 0
67 20 19
67 19 6
67 6 4
67 4 1
67 4 3
67 3 2
67 6 5
67 19 18
67 18 7
67 18 17
67 17 8
67 17 16
67 16 9
67 16 15
67 15 14
67 14 12
67 12 11
67 11 10
67 14 13
67 30 29
67 29 27
67 27 22
67 22 21
67 27 26
67 26 25
67 25 23
67 25 24
67 29 28
68 29 27
68 27 0
68 27 26
68 26 24
68 24 23
68 23 20
68 20 19
68 19 1
68 19 18
68 18 17
68 17 16
68 16 10
68 10 5
68 5 4
68 4 3
68 3 2
68 10 9
68 9 7
68 7 6
68 9 8
68 16 15
68 15 11
68 15 14
68 14 12
68 14 13
68 23 22
68 22 21
68 26 25
68 29 28
69 31 30
69 30 29
69 29 23
69 23 22
69 22 21
69 21 19
69 19 18
69 18 2
69 2 0
69 2 1
69 18 17
69 17 16
69 16 15
69 15 13
69 13 4
69 4 3
69 13 12
69 12 10
69 10 9
69 9 5
69 9 8
69 8 7
69 7 6
69 12 11
69 15 14
69 21 20
69 29 28
69 28 26
69 26 24
69 26 25
69 28 27
70 29 28
70 28 15
70 15 11
70 11 3
70 3 1
70 1 0
70 3 2
70 11 10
70 10 6
70 6 4
70 6 5
70 10 9
70 9 7
70 9 8
70 15 14
70 14 13
70 13 12
70 28 27
70 27 16
70 27 26
70 26 25
70 25 24
70 24 23
70 23 21
70 21 20
70 20 19
70 19 18
70 18 17
70 23 22
71 32 31
71 31 0
71 31 30
71 30 29
71 29 1
71 29 28
71 28 25
71 25 24
71 24 23
71 23 19
71 19 2
71 19 18
71 18 3
71 18 17
71 17 14
71 14 13
71 13 12
71 12 7
71 7 6
71 6 4
71 6 5
71 12 11
71 11 10
71 10 8
71 10 9
71 17 16
71 16 15
71 23 22
71 22 20
71 22 21
71 28 27
71 27 26
72 31 30
72 30 0
72 30 29
72 29 1
72 29 28
72 28 2
72 28 27
72 27 26
72 26 25
72 25 24
72 24 22
72 22 20
72 20 19
72 19 10
72 10 9
72 9 8
72 8 3
72 8 7
72 7 6
72 6 4
72 6 5
72 19 18
72 18 17
72 17 11
72 17 16
72 16 14
72 14 12
72 14 13
72 16 15
72 22 21
72 24 23
73 29 28
73 28 24
73 24 2
73 2 0
73 2 1
73 24 23
73 23 22
73 22 3
73 22 21
73 21 20
73 20 19
73 19 4
73 19 18
73 18 14
73 14 13
73 13 12
73 12 11
73 11 8
73 8 6
73 6 5
73 8 7
73 11 10
73 10 9
73 18 17
73 17 16
73 16 15
73 28 27
73 27 26
73 26 25
74 30 0
74 30 29
74 29 27
74 27 25
74 25 24
74 24 22
74 22 1
74 22 21
74 21 17
74 17 16
74 16 2
74 16 15
74 15 13
74 13 12
74 12 3
74 12 11
74 11 10
74 10 9
74 9 4
74 9 8
74 8 6
74 6 5
74 8 7
74 15 14
74 21 20
74 20 19
74 19 18
74 24 23
74 27 26
74 29 28
75 32 31
75 31 2
75 2 1
75 1 0
75 31 30
75 30 28
75 28 9
75 9 8
75 8 6
75 6 5
75 5 4
75 4 3
75 8 7
75 28 27
75 27 26
75 26 25
75 25 21
75 21 20
75 20 13
75 13 10
75 13 12
75 12 11
75 20 19
75 19 16
75 16 15
75 15 14
75 19 18
75 18 17
75 25 24
75 24 23
75 23 22
75 30 29
76 30 29
76 29 28
76 28 0
76 28 27
76 27 2
76 2 1
76 27 26
76 26 17
76 17 16
76 16 14
76 14 12
76 12 10
76 10 9
76 9 8
76 8 6
76 6 3
76 6 5
76 5 4
76 8 7
76 12 11
76 14 13
76 16 15
76 26 25
76 25 22
76 22 21
76 21 19
76 19 18
76 21 20
76 25 24
76 24 23
77 31 28
77 28 27
77 27 26
77 26 24
77 24 23
77 23 21
77 21 0
77 21 20
77 20 1
77 20 19
77 19 3
77 3 2
77 19 18
77 18 12
77 12 8
77 8 7
77 7 6
77 6 4
77 6 5
77 12 11
77 11 10
77 10 9
77 18 17
77 17 15
77 15 13
77 15 14
77 17 16
77 23 22
77 26 25
77 31 30
77 30 29
78 30 8
78 8 0
78 8 7
78 7 5
78 5 4
78 4 3
78 3 2
78 2 1
78 7 6
78 30 29
78 29 26
78 26 25
78 25 10
78 10 9
78 25 24
78 24 23
78 23 11
78 23 22
78 22 19
78 19 17
78 17 14
78 14 13
78 13 12
78 17 16
78 16 15
78 19 18
78 22 21
78 21 20
78 29 28
78 28 27
79 29 28
79 28 27
79 27 25
79 25 19
79 19 0
79 19 18
79 18 8
79 8 4
79 4 3
79 3 1
79 3 2
79 8 7
79 7 5
79 7 6
79 18 17
79 17 14
79 14 9
79 14 13
79 13 12
79 12 11
79 11 10
79 17 16
79 16 15
79 25 24
79 24 20
79 24 23
79 23 21
79 23 22
79 27 26
80 30 29
80 29 25
80 25 6
80 6 3
80 3 1
80 1 0
80 3 2
80 6 5
80 5 4
80 25 24
80 24 20
80 20 18
80 18 7
80 18 17
80 17 11
80 11 8
80 11 10
80 10 9
80 17 16
80 16 15
80 15 14
80 14 12
80 14 13
80 20 19
80 24 23
80 23 22
80 22 21
80 29 28
80 28 26
80 28 27
81 29 9
81 9 0
81 9 8
81 8 6
81 6 5
81 5 4
81 4 1
81 4 3
81 3 2
81 8 7
81 29 28
81 28 11
81 11 10
81 28 27
81 27 12
81 27 26
81 26 13
81 26 25
81 25 17
81 17 16
81 16 14
81 16 15
81 25 24
81 24 20
81 20 19
81 19 18
81 24 23
81 23 22
81 22 21
82 32 30
82 30 29
82 29 8
82 8 2
82 2 0
82 2 1
82 8 7
82 7 6
82 6 4
82 4 3
82 6 5
82 29 28
82 28 9
82 28 27
82 27 11
82 11 10
82 27 26
82 26 24
82 24 22
82 22 21
82 21 14
82 14 12
82 14 13
82 21 20
82 20 18
82 18 17
82 17 16
82 16 15
82 20 19
82 24 23
82 26 25
82 32 31
83 33 32
83 32 10
83 10 9
83 9 1
83 1 0
83 9 8
83 8 7
83 7 6
83 6 5
83 5 2
83 5 4
83 4 3
83 32 31
83 31 28
83 28 22
83 22 12
83 12 11
83 22 21
83 21 16
83 16 15
83 15 13
83 15 14
83 21 20
83 20 19
83 19 17
83 19 18
83 28 27
83 27 23
83 27 26
83 26 25
83 25 24
83 31 30
83 30 29
84 29 28
84 28 0
84 28 27
84 27 26
84 26 24
84 24 2
84 2 1
84 24 23
84 23 22
84 22 14
84 14 12
84 12 3
84 12 11
84 11 8
84 8 4
84 8 7
84 7 5
84 7 6
84 11 10
84 10 9
84 14 13
84 22 21
84 21 15
84 21 20
84 20 18
84 18 16
84 18 17
84 20 19
84 26 25
85 32 2
85 2 0
85 2 1
85 32 31
85 31 28
85 28 3
85 28 27
85 27 5
85 5 4
85 27 26
85 26 7
85 7 6
85 26 25
85 25 24
85 24 15
85 15 14
85 14 10
85 10 8
85 10 9
85 14 13
85 13 12
85 12 11
85 24 23
85 23 22
85 22 21
85 21 20
85 20 19
85 19 18
85 18 16
85 18 17
85 31 30
85 30 29
86 33 31
86 31 19
86 19 0
86 19 18
86 18 17
86 17 16
86 16 15
86 15 3
86 3 1
86 3 2
86 15 14
86 14 7
86 7 4
86 7 6
86 6 5
86 14 13
86 13 12
86 12 11
86 11 10
86 10 8
86 10 9
86 31 30
86 30 20
86 30 29
86 29 27
86 27 21
86 27 26
86 26 22
86 26 25
86 25 24
86 24 23
86 29 28
86 33 32
87 33 32
87 32 31
87 31 30
87 30 0
87 30 29
87 29 2
87 2 1
87 29 28
87 28 4
87 4 3
87 28 27
87 27 26
87 26 5
87 26 25
87 25 6
87 25 24
87 24 22
87 22 10
87 10 9
87 9 7
87 9 8
87 22 21
87 21 18
87 18 11
87 18 17
87 17 13
87 13 12
87 17 16
87 16 15
87 15 14
87 21 20
87 20 19
87 24 23
88 30 29
88 29 16
88 16 15
88 15 5
88 5 4
88 4 2
88 2 1
88 1 0
88 4 3
88 15 14
88 14 13
88 13 12
88 12 11
88 11 8
88 8 6
88 8 7
88 11 10
88 10 9
88 29 28
88 28 22
88 22 18
88 18 17
88 22 21
88 21 19
88 21 20
88 28 27
88 27 26
88 26 25
88 25 24
88 24 23
89 29 13
89 13 12
89 12 11
89 11 8
89 8 4
89 4 2
89 2 1
89 1 0
89 4 3
89 8 7
89 7 5
89 7 6
89 11 10
89 10 9
89 29 28
89 28 24
89 24 15
89 15 14
89 24 23
89 23 21
89 21 19
89 19 16
89 19 18
89 18 17
89 21 20
89 23 22
89 28 27
89 27 26
89 26 25
90 29 4
90 4 1
90 1 0
90 4 3
90 3 2
90 29 28
90 28 24
90 24 22
90 22 10
90 10 6
90 6 5
90 10 9
90 9 8
90 8 7
90 22 21
90 21 11
90 21 20
90 20 15
90 15 14
90 14 12
90 14 13
90 20 19
90 19 18
90 18 16
90 18 17
90 24 23
90 28 27
90 27 25
90 27 26
91 34 33
91 33 32
91 32 23
91 23 19
91 19 18
91 18 1
91 1 0
91 18 17
91 17 16
91 16 13
91 13 3
91 3 2
91 13 12
91 12 4
91 12 11
91 11 9
91 9 8
91 8 7
91 7 6
91 6 5
91 11 10
91 16 15
91 15 14
91 23 22
91 22 20
91 22 21
91 32 31
91 31 24
91 31 30
91 30 28
91 28 27
91 27 25
91 27 26
91 30 29
92 34 30
92 30 27
92 27 25
92 25 10
92 10 6
92 6 0
92 6 5
92 5 4
92 4 2
92 2 1
92 4 3
92 10 9
92 9 8
92 8 7
92 25 24
92 24 16
92 16 15
92 15 14
92 14 11
92 14 13
92 13 12
92 24 23
92 23 20
92 20 19
92 19 17
92 19 18
92 23 22
92 22 21
92 27 26
92 30 29
92 29 28
92 34 33
92 33 31
92 33 32
93 32 14
93 14 11
93 11 10
93 10 8
93 8 6
93 6 4
93 4 0
93 4 3
93 3 2
93 2 1
93 6 5
93 8 7
93 10 9
93 14 13
93 13 12
93 32 31
93 31 30
93 30 26
93 26 24
93 24 15
93 24 23
93 23 20
93 20 19
93 19 18
93 18 16
93 18 17
93 23 22
93 22 21
93 26 25
93 30 29
93 29 27
93 29 28
94 29 28
94 28 21
94 21 19
94 19 18
94 18 16
94 16 15
94 15 1
94 1 0
94 15 14
94 14 13
94 13 12
94 12 11
94 11 10
94 10 8
94 8 7
94 7 3
94 3 2
94 7 6
94 6 4
94 6 5
94 10 9
94 18 17
94 21 20
94 28 27
94 27 26
94 26 24
94 24 22
94 24 23
94 26 25
95 34 33
95 33 30
95 30 29
95 29 13
95 13 0
95 13 12
95 12 2
95 2 1
95 12 11
95 11 10
95 10 9
95 9 8
95 8 7
95 7 6
95 6 5
95 5 4
95 4 3
95 29 28
95 28 16
95 16 15
95 15 14
95 28 27
95 27 24
95 24 23
95 23 19
95 19 18
95 18 17
95 23 22
95 22 20
95 22 21
95 27 26
95 26 25
95 33 32
95 32 31
96 33 32
96 32 3
96 3 0
96 3 2
96 2 1
96 32 31
96 31 29
96 29 26
96 26 23
96 23 19
96 19 16
96 16 4
96 16 15
96 15 14
96 14 8
96 8 5
96 8 7
96 7 6
96 14 13
96 13 12
96 12 9
96 12 11
96 11 10
96 19 18
96 18 17
96 23 22
96 22 20
96 22 21
96 26 25
96 25 24
96 29 28
96 28 27
96 31 30
97 29 1
97 1 0
97 29 28
97 28 26
97 26 25
97 25 17
97 17 6
97 6 2
97 6 5
97 5 3
97 5 4
97 17 16
97 16 9
97 9 7
97 9 8
97 16 15
97 15 13
97 13 12
97 12 11
97 11 10
97 15 14
97 25 24
97 24 18
97 24 23
97 23 21
97 21 20
97 20 19
97 23 22
97 28 27
98 30 28
98 28 26
98 26 17
98 17 15
98 15 0
98 15 14
98 14 13
98 13 4
98 4 3
98 3 2
98 2 1
98 13 12
98 12 10
98 10 5
98 10 9
98 9 8
98 8 7
98 7 6
98 12 11
98 17 16
98 26 25
98 25 24
98 24 22
98 22 21
98 21 19
98 19 18
98 21 20
98 24 23
98 28 27
98 30 29
99 31 18
99 18 17
99 17 3
99 3 2
99 2 0
99 2 1
99 17 16
99 16 12
99 12 11
99 11 5
99 5 4
99 11 10
99 10 6
99 10 9
99 9 7
99 9 8
99 16 15
99 15 13
99 15 14
99 31 30
99 30 29
99 29 19
99 29 28
99 28 27
99 27 23
99 23 22
99 22 21
99 21 20
99 27 26
99 26 25
99 25 24
100 34 1
100 1 0
100 34 33
100 33 3
100 3 2
100 33 32
100 32 24
100 24 23
100 23 22
100 22 21
100 21 10
100 10 4
100 10 9
100 9 8
100 8 6
100 6 5
100 8 7
100 21 20
100 20 18
100 18 15
100 15 13
100 13 11
100 13 12
100 15 14
100 18 17
100 17 16
100 20 19
100 32 31
100 31 28
100 28 27
100 27 25
100 27 26
100 31 30
100 30 29
101 30 27
101 27 2
101 2 0
101 2 1
101 27 26
101 26 24
101 24 23
101 23 22
101 22 12
101 12 11
101 11 6
101 6 4
101 4 3
101 6 5
101 11 10
101 10 9
101 9 7
101 9 8
101 22 21
101 21 17
101 17 16
101 16 15
101 15 14
101 14 13
101 21 20
101 20 18
101 20 19
101 26 25
101 30 29
101 29 28
