1 33 22
1 22 20
1 20 0
1 20 19
1 19 6
1 6 4
1 4 3
1 3 2
1 2 1
1 6 5
1 19 18
1 18 17
1 17 12
1 12 11
1 11 10
1 10 9
1 9 7
1 9 8
1 17 16
1 16 13
1 16 15
1 15 14
1 22 21
1 33 32
1 32 31
1 31 29
1 29 27
1 27 26
1 26 24
1 24 23
1 26 25
1 29 28
1 31 30
2 30 28
2 28 26
2 26 0
2 26 25
2 25 1
2 25 24
2 24 17
2 17 5
2 5 4
2 4 3
2 3 2
2 17 16
2 16 15
2 15 12
2 12 7
2 7 6
2 12 11
2 11 8
2 11 10
2 10 9
2 15 14
2 14 13
2 24 23
2 23 21
2 21 18
2 21 20
2 20 19
2 23 22
2 28 27
2 30 29
3 32 31
3 31 30
3 30 29
3 29 28
3 28 27
3 27 2
3 2 1
3 1 0
3 27 26
3 26 17
3 17 8
3 8 7
3 7 6
3 6 5
3 5 3
3 5 4
3 17 16
3 16 15
3 15 13
3 13 11
3 11 10
3 10 9
3 13 12
3 15 14
3 26 25
3 25 23
3 23 22
3 22 21
3 21 19
3 19 18
3 21 20
3 25 24
4 32 0
4 32 31
4 31 24
4 24 10
4 10 6
4 6 5
4 5 2
4 2 1
4 5 4
4 4 3
4 10 9
4 9 8
4 8 7
4 24 23
4 23 20
4 20 16
4 16 14
4 14 11
4 14 13
4 13 12
4 16 15
4 20 19
4 19 17
4 19 18
4 23 22
4 22 21
4 31 30
4 30 29
4 29 28
4 28 27
4 27 25
4 27 26
5 30 29
5 29 28
5 28 8
5 8 2
5 2 0
5 2 1
5 8 7
5 7 4
5 4 3
5 7 6
5 6 5
5 28 27
5 27 26
5 26 9
5 26 25
5 25 23
5 23 10
5 23 22
5 22 21
5 21 14
5 14 13
5 13 12
5 12 11
5 21 20
5 20 18
5 18 16
5 16 15
5 18 17
5 20 19
5 25 24
6 34 2
6 2 0
6 2 1
6 34 33
6 33 5
6 5 4
6 4 3
6 33 32
6 32 7
6 7 6
6 32 31
6 31 16
6 16 15
6 15 10
6 10 9
6 9 8
6 15 14
6 14 12
6 12 11
6 14 13
6 31 30
6 30 28
6 28 27
6 27 25
6 25 23
6 23 17
6 23 22
6 22 19
6 19 18
6 22 21
6 21 20
6 25 24
6 27 26
6 30 29
7 29 5
7 5 3
7 3 2
7 2 1
7 1 0
7 5 4
7 29 28
7 28 6
7 28 27
7 27 13
7 13 8
7 8 7
7 13 12
7 12 9
7 12 11
7 11 10
7 27 26
7 26 25
7 25 14
7 25 24
7 24 20
7 20 19
7 19 18
7 18 15
7 18 17
7 17 16
7 24 23
7 23 21
7 23 22
8 34 28
8 28 11
8 11 10
8 10 9
8 9 4
8 4 3
8 3 1
8 1 0
8 3 2
8 9 8
8 8 5
8 8 7
8 7 6
8 28 27
8 27 23
8 23 22
8 22 14
8 14 13
8 13 12
8 22 21
8 21 20
8 20 17
8 17 16
8 16 15
8 20 19
8 19 18
8 27 26
8 26 24
8 26 25
8 34 33
8 33 32
8 32 30
8 30 29
8 32 31
9 32 31
9 31 30
9 30 19
9 19 18
9 18 16
9 16 0
9 16 15
9 15 14
9 14 11
9 11 10
9 10 1
9 10 9
9 9 6
9 6 4
9 4 2
9 4 3
9 6 5
9 9 8
9 8 7
9 14 13
9 13 12
9 18 17
9 30 29
9 29 28
9 28 20
9 28 27
9 27 23
9 23 21
9 23 22
9 27 26
9 26 24
9 26 25
10 29 26
10 26 19
10 19 18
10 18 17
10 17 15
10 15 14
10 14 13
10 13 12
10 12 3
10 3 0
10 3 2
10 2 1
10 12 11
10 11 10
10 10 5
10 5 4
10 10 9
10 9 6
10 9 8
10 8 7
10 17 16
10 26 25
10 25 20
10 25 24
10 24 23
10 23 22
10 22 21
10 29 28
10 28 27
11 31 28
11 28 25
11 25 24
11 24 23
11 23 22
11 22 5
11 5 3
11 3 0
11 3 2
11 2 1
11 5 4
11 22 21
11 21 8
11 8 6
11 8 7
11 21 20
11 20 19
11 19 12
11 12 10
11 10 9
11 12 11
11 19 18
11 18 17
11 17 16
11 16 15
11 15 14
11 14 13
11 28 27
11 27 26
11 31 30
11 30 29
12 34 33
12 33 31
12 31 29
12 29 0
12 29 28
12 28 4
12 4 1
12 4 3
12 3 2
12 28 27
12 27 26
12 26 5
12 26 25
12 25 23
12 23 7
12 7 6
12 23 22
12 22 20
12 20 8
12 20 19
12 19 9
12 19 18
12 18 10
12 18 17
12 17 16
12 16 15
12 15 11
12 15 14
12 14 13
12 13 12
12 22 21
12 25 24
12 31 30
12 33 32
13 34 5
13 5 4
13 4 3
13 3 2
13 2 1
13 1 0
13 34 33
13 33 6
13 33 32
13 32 8
13 8 7
13 32 31
13 31 9
13 31 30
13 30 28
13 28 27
13 27 21
13 21 20
13 20 12
13 12 10
13 12 11
13 20 19
13 19 18
13 18 17
13 17 16
13 16 15
13 15 13
13 15 14
13 27 26
13 26 25
13 25 22
13 25 24
13 24 23
13 30 29
14 30 9
14 9 8
14 8 0
14 8 7
14 7 1
14 7 6
14 6 2
14 6 5
14 5 3
14 5 4
14 30 29
14 29 17
14 17 15
14 15 13
14 13 10
14 13 12
14 12 11
14 15 14
14 17 16
14 29 28
14 28 27
14 27 26
14 26 18
14 26 25
14 25 21
14 21 19
14 21 20
14 25 24
14 24 23
14 23 22
15 29 24
15 24 16
15 16 15
15 15 0
15 15 14
15 14 4
15 4 1
15 4 3
15 3 2
15 14 13
15 13 5
15 13 12
15 12 11
15 11 10
15 10 8
15 8 7
15 7 6
15 10 9
15 24 23
15 23 19
15 19 17
15 19 18
15 23 22
15 22 20
15 22 21
15 29 28
15 28 27
15 27 25
15 27 26
16 34 33
16 33 19
16 19 18
16 18 14
16 14 0
16 14 13
16 13 12
16 12 11
16 11 9
16 9 7
16 7 1
16 7 6
16 6 5
16 5 3
16 3 2
16 5 4
16 9 8
16 11 10
16 18 17
16 17 15
16 17 16
16 33 32
16 32 29
16 29 28
16 28 26
16 26 24
16 24 23
16 23 20
16 23 22
16 22 21
16 26 25
16 28 27
16 32 31
16 31 30
17 29 28
17 28 27
17 27 26
17 26 25
17 25 24
17 24 3
17 3 2
17 2 0
17 2 1
17 24 23
17 23 21
17 21 4
17 21 20
17 20 19
17 19 18
17 18 17
17 17 16
17 16 15
17 15 14
17 14 13
17 13 5
17 13 12
17 12 7
17 7 6
17 12 11
17 11 9
17 9 8
17 11 10
17 23 22
18 32 31
18 31 23
18 23 6
18 6 5
18 5 4
18 4 0
18 4 3
18 3 2
18 2 1
18 23 22
18 22 20
18 20 19
18 19 16
18 16 13
18 13 12
18 12 7
18 12 11
18 11 10
18 10 9
18 9 8
18 16 15
18 15 14
18 19 18
18 18 17
18 22 21
18 31 30
18 30 27
18 27 26
18 26 25
18 25 24
18 30 29
18 29 28
19 31 29
19 29 2
19 2 0
19 2 1
19 29 28
19 28 14
19 14 10
19 10 3
19 10 9
19 9 5
19 5 4
19 9 8
19 8 7
19 7 6
19 14 13
19 13 11
19 13 12
19 28 27
19 27 16
19 16 15
19 27 26
19 26 25
19 25 24
19 24 23
19 23 19
19 19 18
19 18 17
19 23 22
19 22 21
19 21 20
19 31 30
20 29 2
20 2 0
20 2 1
20 29 28
20 28 26
20 26 25
20 25 12
20 12 11
20 11 10
20 10 8
20 8 7
20 7 3
20 7 6
20 6 4
20 6 5
20 10 9
20 25 24
20 24 22
20 22 19
20 19 15
20 15 14
20 14 13
20 19 18
20 18 17
20 17 16
20 22 21
20 21 20
20 24 23
20 28 27
21 33 32
21 32 2
21 2 0
21 2 1
21 32 31
21 31 30
21 30 27
21 27 6
21 6 3
21 6 5
21 5 4
21 27 26
21 26 24
21 24 7
21 24 23
21 23 8
21 23 22
21 22 21
21 21 19
21 19 16
21 16 9
21 16 15
21 15 14
21 14 13
21 13 12
21 12 11
21 11 10
21 19 18
21 18 17
21 21 20
21 26 25
21 30 29
21 29 28
22 29 28
22 28 26
22 26 25
22 25 24
22 24 1
22 1 0
22 24 23
22 23 22
22 22 21
22 21 9
22 9 2
22 9 8
22 8 7
22 7 6
22 6 5
22 5 3
22 5 4
22 21 20
22 20 13
22 13 11
22 11 10
22 13 12
22 20 19
22 19 18
22 18 17
22 17 14
22 17 16
22 16 15
22 28 27
23 33 0
23 33 32
23 32 1
23 32 31
23 31 28
23 28 26
23 26 25
23 25 24
23 24 3
23 3 2
23 24 23
23 23 22
23 22 5
23 5 4
23 22 21
23 21 8
23 8 7
23 7 6
23 21 20
23 20 19
23 19 11
23 11 10
23 10 9
23 19 18
23 18 13
23 13 12
23 18 17
23 17 16
23 16 14
23 16 15
23 28 27
23 31 30
23 30 29
24 29 28
24 28 26
24 26 24
24 24 0
24 24 23
24 23 22
24 22 20
24 20 17
24 17 12
24 12 11
24 11 9
24 9 1
24 9 8
24 8 6
24 6 2
24 6 5
24 5 3
24 5 4
24 8 7
24 11 10
24 17 16
24 16 15
24 15 14
24 14 13
24 20 19
24 19 18
24 22 21
24 26 25
24 28 27
25 31 2
25 2 1
25 1 0
25 31 30
25 30 28
25 28 27
25 27 26
25 26 23
25 23 20
25 20 15
25 15 3
25 15 14
25 14 12
25 12 10
25 10 4
25 10 9
25 9 7
25 7 6
25 6 5
25 9 8
25 12 11
25 14 13
25 20 19
25 19 18
25 18 16
25 18 17
25 23 22
25 22 21
25 26 25
25 25 24
25 30 29
26 29 25
26 25 2
26 2 0
26 2 1
26 25 24
26 24 21
26 21 17
26 17 7
26 7 3
26 7 6
26 6 4
26 6 5
26 17 16
26 16 15
26 15 8
26 15 14
26 14 10
26 10 9
26 14 13
26 13 11
26 13 12
26 21 20
26 20 18
26 20 19
26 24 23
26 23 22
26 29 28
26 28 27
26 27 26
27 34 32
27 32 0
27 32 31
27 31 30
27 30 29
27 29 27
27 27 26
27 26 3
27 3 1
27 3 2
27 26 25
27 25 22
27 22 4
27 22 21
27 21 5
27 21 20
27 20 19
27 19 16
27 16 15
27 15 14
27 14 12
27 12 6
27 12 11
27 11 9
27 9 7
27 9 8
27 11 10
27 14 13
27 19 18
27 18 17
27 25 24
27 24 23
27 29 28
27 34 33
28 32 31
28 31 5
28 5 4
28 4 2
28 2 0
28 2 1
28 4 3
28 31 30
28 30 29
28 29 6
28 29 28
28 28 26
28 26 25
28 25 24
28 24 7
28 24 23
28 23 19
28 19 17
28 17 16
28 16 15
28 15 10
28 10 8
28 10 9
28 15 14
28 14 13
28 13 11
28 13 12
28 19 18
28 23 22
28 22 21
28 21 20
28 28 27
29 32 24
29 24 4
29 4 2
29 2 1
29 1 0
29 4 3
29 24 23
29 23 12
29 12 5
29 12 11
29 11 9
29 9 8
29 8 6
29 8 7
29 11 10
29 23 22
29 22 20
29 20 19
29 19 13
29 19 18
29 18 14
29 18 17
29 17 16
29 16 15
29 22 21
29 32 31
29 31 28
29 28 25
29 28 27
29 27 26
29 31 30
29 30 29
30 34 8
30 8 6
30 6 3
30 3 0
30 3 2
30 2 1
30 6 5
30 5 4
30 8 7
30 34 33
30 33 28
30 28 18
30 18 11
30 11 10
30 10 9
30 18 17
30 17 13
30 13 12
30 17 16
30 16 14
30 16 15
30 28 27
30 27 26
30 26 25
30 25 23
30 23 20
30 20 19
30 23 22
30 22 21
30 25 24
30 33 32
30 32 31
30 31 29
30 31 30
31 32 29
31 29 28
31 28 24
31 24 23
31 23 22
31 22 10
31 10 1
31 1 0
31 10 9
31 9 8
31 8 7
31 7 5
31 5 3
31 3 2
31 5 4
31 7 6
31 22 21
31 21 19
31 19 15
31 15 13
31 13 12
31 12 11
31 15 14
31 19 18
31 18 17
31 17 16
31 21 20
31 28 27
31 27 26
31 26 25
31 32 31
31 31 30
32 31 30
32 30 29
32 29 22
32 22 20
32 20 19
32 19 2
32 2 0
32 2 1
32 19 18
32 18 11
32 11 9
32 9 7
32 7 6
32 6 5
32 5 4
32 4 3
32 9 8
32 11 10
32 18 17
32 17 12
32 17 16
32 16 15
32 15 13
32 15 14
32 22 21
32 29 28
32 28 27
32 27 26
32 26 23
32 26 25
32 25 24
33 30 27
33 27 26
33 26 25
33 25 24
33 24 23
33 23 20
33 20 1
33 1 0
33 20 19
33 19 12
33 12 7
33 7 5
33 5 2
33 5 4
33 4 3
33 7 6
33 12 11
33 11 9
33 9 8
33 11 10
33 19 18
33 18 17
33 17 16
33 16 14
33 14 13
33 16 15
33 23 22
33 22 21
33 30 29
33 29 28
34 31 2
34 2 1
34 1 0
34 31 30
34 30 27
34 27 16
34 16 15
34 15 6
34 6 4
34 4 3
34 6 5
34 15 14
34 14 13
34 13 8
34 8 7
34 13 12
34 12 11
34 11 9
34 11 10
34 27 26
34 26 25
34 25 24
34 24 22
34 22 20
34 20 19
34 19 17
34 19 18
34 22 21
34 24 23
34 30 29
34 29 28
35 29 28
35 28 18
35 18 16
35 16 1
35 1 0
35 16 15
35 15 9
35 9 4
35 4 3
35 3 2
35 9 8
35 8 7
35 7 6
35 6 5
35 15 14
35 14 11
35 11 10
35 14 13
35 13 12
35 18 17
35 28 27
35 27 19
35 27 26
35 26 24
35 24 20
35 24 23
35 23 21
35 23 22
35 26 25
36 34 33
36 33 0
36 33 32
36 32 31
36 31 24
36 24 23
36 23 6
36 6 2
36 2 1
36 6 5
36 5 4
36 4 3
36 23 22
36 22 21
36 21 19
36 19 16
36 16 10
36 10 7
36 10 9
36 9 8
36 16 15
36 15 11
36 15 14
36 14 12
36 14 13
36 19 18
36 18 17
36 21 20
36 31 30
36 30 26
36 26 25
36 30 29
36 29 28
36 28 27
37 31 29
37 29 28
37 28 26
37 26 0
37 26 25
37 25 12
37 12 1
37 12 11
37 11 2
37 11 10
37 10 9
37 9 6
37 6 5
37 5 3
37 5 4
37 9 8
37 8 7
37 25 24
37 24 17
37 17 13
37 17 16
37 16 15
37 15 14
37 24 23
37 23 21
37 21 20
37 20 18
37 20 19
37 23 22
37 28 27
37 31 30
38 30 28
38 28 0
38 28 27
38 27 3
38 3 1
38 3 2
38 27 26
38 26 25
38 25 24
38 24 23
38 23 22
38 22 21
38 21 11
38 11 7
38 7 6
38 6 4
38 6 5
38 11 10
38 10 9
38 9 8
38 21 20
38 20 19
38 19 13
38 13 12
38 19 18
38 18 14
38 18 17
38 17 16
38 16 15
38 30 29
39 30 29
39 29 24
39 24 6
39 6 5
39 5 4
39 4 0
39 4 3
39 3 1
39 3 2
39 24 23
39 23 9
39 9 8
39 8 7
39 23 22
39 22 14
39 14 13
39 13 11
39 11 10
39 13 12
39 22 21
39 21 20
39 20 17
39 17 16
39 16 15
39 20 19
39 19 18
39 29 28
39 28 27
39 27 26
39 26 25
40 32 28
40 28 27
40 27 26
40 26 3
40 3 0
40 3 2
40 2 1
40 26 25
40 25 7
40 7 5
40 5 4
40 7 6
40 25 24
40 24 23
40 23 8
40 23 22
40 22 21
40 21 9
40 21 20
40 20 11
40 11 10
40 20 19
40 19 17
40 17 15
40 15 12
40 15 14
40 14 13
40 17 16
40 19 18
40 32 31
40 31 30
40 30 29
41 31 30
41 30 2
41 2 0
41 2 1
41 30 29
41 29 27
41 27 3
41 27 26
41 26 5
41 5 4
41 26 25
41 25 16
41 16 15
41 15 11
41 11 8
41 8 6
41 8 7
41 11 10
41 10 9
41 15 14
41 14 12
41 14 13
41 25 24
41 24 23
41 23 21
41 21 19
41 19 17
41 19 18
41 21 20
41 23 22
41 29 28
42 34 13
42 13 11
42 11 5
42 5 4
42 4 3
42 3 1
42 1 0
42 3 2
42 11 10
42 10 9
42 9 8
42 8 7
42 7 6
42 13 12
42 34 33
42 33 26
42 26 23
42 23 22
42 22 14
42 22 21
42 21 19
42 19 18
42 18 17
42 17 15
42 17 16
42 21 20
42 26 25
42 25 24
42 33 32
42 32 30
42 30 27
42 30 29
42 29 28
42 32 31
43 31 29
43 29 27
43 27 26
43 26 25
43 25 24
43 24 21
43 21 18
43 18 17
43 17 16
43 16 15
43 15 4
43 4 3
43 3 1
43 1 0
43 3 2
43 15 14
43 14 13
43 13 12
43 12 11
43 11 6
43 6 5
43 11 10
43 10 7
43 10 9
43 9 8
43 21 20
43 20 19
43 24 23
43 23 22
43 29 28
43 31 30
44 32 3
44 3 2
44 2 0
44 2 1
44 32 31
44 31 27
44 27 23
44 23 16
44 16 15
44 15 5
44 5 4
44 15 14
44 14 12
44 12 6
44 12 11
44 11 7
44 11 10
44 10 9
44 9 8
44 14 13
44 23 22
44 22 17
44 22 21
44 21 18
44 21 20
44 20 19
44 27 26
44 26 25
44 25 24
44 31 30
44 30 29
44 29 28
45 30 29
45 29 28
45 28 26
45 26 12
45 12 11
45 11 9
45 9 6
45 6 5
45 5 0
45 5 4
45 4 3
45 3 2
45 2 1
45 9 8
45 8 7
45 11 10
45 26 25
45 25 24
45 24 21
45 21 20
45 20 13
45 20 19
45 19 14
45 19 18
45 18 17
45 17 16
45 16 15
45 24 23
45 23 22
45 28 27
46 32 10
46 10 8
46 8 7
46 7 1
46 1 0
46 7 6
46 6 5
46 5 4
46 4 2
46 4 3
46 10 9
46 32 31
46 31 14
46 14 13
46 13 11
46 13 12
46 31 30
46 30 28
46 28 16
46 16 15
46 28 27
46 27 19
46 19 18
46 18 17
46 27 26
46 26 23
46 23 21
46 21 20
46 23 22
46 26 25
46 25 24
46 30 29
47 30 29
47 29 28
47 28 27
47 27 26
47 26 24
47 24 23
47 23 21
47 21 20
47 20 19
47 19 18
47 18 2
47 2 0
47 2 1
47 18 17
47 17 15
47 15 13
47 13 12
47 12 3
47 12 11
47 11 7
47 7 5
47 5 4
47 7 6
47 11 10
47 10 9
47 9 8
47 15 14
47 17 16
47 23 22
47 26 25
48 29 22
48 22 18
48 18 17
48 17 15
48 15 0
48 15 14
48 14 11
48 11 1
48 11 10
48 10 9
48 9 8
48 8 2
48 8 7
48 7 6
48 6 4
48 4 3
48 6 5
48 14 13
48 13 12
48 17 16
48 22 21
48 21 20
48 20 19
48 29 28
48 28 27
48 27 23
48 27 26
48 26 24
48 26 25
49 34 33
49 33 1
49 1 0
49 33 32
49 32 11
49 11 10
49 10 3
49 3 2
49 10 9
49 9 5
49 5 4
49 9 8
49 8 6
49 8 7
49 32 31
49 31 12
49 31 30
49 30 21
49 21 19
49 19 13
49 19 18
49 18 14
49 18 17
49 17 15
49 17 16
49 21 20
49 30 29
49 29 28
49 28 26
49 26 24
49 24 22
49 24 23
49 26 25
49 28 27
50 31 29
50 29 27
50 27 26
50 26 25
50 25 4
50 4 0
50 4 3
50 3 1
50 3 2
50 25 24
50 24 23
50 23 15
50 15 10
50 10 7
50 7 6
50 6 5
50 10 9
50 9 8
50 15 14
50 14 13
50 13 11
50 13 12
50 23 22
50 22 21
50 21 20
50 20 19
50 19 16
50 19 18
50 18 17
50 29 28
50 31 30
51 33 32
51 32 31
51 31 26
51 26 1
51 1 0
51 26 25
51 25 21
51 21 20
51 20 19
51 19 2
51 19 18
51 18 17
51 17 16
51 16 15
51 15 13
51 13 4
51 4 3
51 13 12
51 12 11
51 11 8
51 8 7
51 7 5
51 7 6
51 11 10
51 10 9
51 15 14
51 25 24
51 24 22
51 24 23
51 31 30
51 30 28
51 28 27
51 30 29
52 30 26
52 26 25
52 25 24
52 24 8
52 8 0
52 8 7
52 7 5
52 5 4
52 4 2
52 2 1
52 4 3
52 7 6
52 24 23
52 23 22
52 22 21
52 21 19
52 19 18
52 18 17
52 17 16
52 16 15
52 15 14
52 14 12
52 12 9
52 12 11
52 11 10
52 14 13
52 21 20
52 30 29
52 29 27
52 29 28
53 33 22
53 22 14
53 14 13
53 13 4
53 4 3
53 3 2
53 2 0
53 2 1
53 13 12
53 12 5
53 12 11
53 11 6
53 11 10
53 10 9
53 9 7
53 9 8
53 22 21
53 21 20
53 20 19
53 19 17
53 17 15
53 17 16
53 19 18
53 33 32
53 32 30
53 30 29
53 29 27
53 27 26
53 26 25
53 25 23
53 25 24
53 29 28
53 32 31
54 30 26
54 26 23
54 23 16
54 16 14
54 14 3
54 3 2
54 2 1
54 1 0
54 14 13
54 13 10
54 10 7
54 7 6
54 6 5
54 5 4
54 10 9
54 9 8
54 13 12
54 12 11
54 16 15
54 23 22
54 22 17
54 22 21
54 21 20
54 20 19
54 19 18
54 26 25
54 25 24
54 30 29
54 29 27
54 29 28
55 29 0
55 29 28
55 28 27
55 27 25
55 25 21
55 21 18
55 18 16
55 16 12
55 12 9
55 9 8
55 8 6
55 6 3
55 3 1
55 3 2
55 6 5
55 5 4
55 8 7
55 12 11
55 11 10
55 16 15
55 15 13
55 15 14
55 18 17
55 21 20
55 20 19
55 25 24
55 24 22
55 24 23
55 27 26
56 30 28
56 28 5
56 5 4
56 4 3
56 3 2
56 2 1
56 1 0
56 28 27
56 27 8
56 8 7
56 7 6
56 27 26
56 26 11
56 11 10
56 10 9
56 26 25
56 25 23
56 23 22
56 22 21
56 21 20
56 20 14
56 14 13
56 13 12
56 20 19
56 19 17
56 17 16
56 16 15
56 19 18
56 25 24
56 30 29
57 29 28
57 28 27
57 27 4
57 4 1
57 1 0
57 4 3
57 3 2
57 27 26
57 26 8
57 8 5
57 8 7
57 7 6
57 26 25
57 25 10
57 10 9
57 25 24
57 24 18
57 18 16
57 16 15
57 15 14
57 14 11
57 14 13
57 13 12
57 18 17
57 24 23
57 23 19
57 23 22
57 22 20
57 22 21
58 33 31
58 31 30
58 30 21
58 21 20
58 20 19
58 19 14
58 14 6
58 6 5
58 5 4
58 4 2
58 2 0
58 2 1
58 4 3
58 14 13
58 13 11
58 11 7
58 11 10
58 10 8
58 10 9
58 13 12
58 19 18
58 18 15
58 18 17
58 17 16
58 30 29
58 29 28
58 28 22
58 28 27
58 27 26
58 26 25
58 25 23
58 25 24
58 33 32
59 30 27
59 27 2
59 2 1
59 1 0
59 27 26
59 26 17
59 17 15
59 15 12
59 12 11
59 11 10
59 10 8
59 8 7
59 7 6
59 6 3
59 6 5
59 5 4
59 10 9
59 15 14
59 14 13
59 17 16
59 26 25
59 25 18
59 25 24
59 24 23
59 23 19
59 23 22
59 22 20
59 22 21
59 30 29
59 29 28
60 34 32
60 32 31
60 31 30
60 30 11
60 11 7
60 7 6
60 6 4
60 4 3
60 3 1
60 1 0
60 3 2
60 6 5
60 11 10
60 10 8
60 10 9
60 30 29
60 29 28
60 28 27
60 27 26
60 26 24
60 24 12
60 24 23
60 23 22
60 22 20
60 20 18
60 18 14
60 14 13
60 18 17
60 17 15
60 17 16
60 20 19
60 22 21
60 26 25
60 34 33
61 30 26
61 26 0
61 26 25
61 25 24
61 24 1
61 24 23
61 23 22
61 22 20
61 20 4
61 4 2
61 4 3
61 20 19
61 19 13
61 13 5
61 13 12
61 12 11
61 11 6
61 11 10
61 10 9
61 9 8
61 8 7
61 19 18
61 18 16
61 16 15
61 15 14
61 18 17
61 22 21
61 30 29
61 29 27
61 29 28
62 30 29
62 29 28
62 28 14
62 14 13
62 13 12
62 12 11
62 11 10
62 10 8
62 8 3
62 3 0
62 3 2
62 2 1
62 8 7
62 7 6
62 6 5
62 5 4
62 10 9
62 28 27
62 27 22
62 22 21
62 21 17
62 17 15
62 17 16
62 21 20
62 20 18
62 20 19
62 27 26
62 26 25
62 25 23
62 25 24
63 32 31
63 31 30
63 30 24
63 24 0
63 24 23
63 23 22
63 22 3
63 3 1
63 3 2
63 22 21
63 21 19
63 19 7
63 7 6
63 6 4
63 6 5
63 19 18
63 18 17
63 17 16
63 16 15
63 15 8
63 15 14
63 14 13
63 13 10
63 10 9
63 13 12
63 12 11
63 21 20
63 30 29
63 29 26
63 26 25
63 29 28
63 28 27
64 29 28
64 28 5
64 5 4
64 4 2
64 2 1
64 1 0
64 4 3
64 28 27
64 27 25
64 25 23
64 23 13
64 13 11
64 11 9
64 9 8
64 8 7
64 7 6
64 11 10
64 13 12
64 23 22
64 22 14
64 22 21
64 21 19
64 19 18
64 18 16
64 16 15
64 18 17
64 21 20
64 25 24
64 27 26
65 32 12
65 12 0
65 12 11
65 11 8
65 8 7
65 7 1
65 7 6
65 6 5
65 5 4
65 4 3
65 3 2
65 11 10
65 10 9
65 32 31
65 31 29
65 29 21
65 21 20
65 20 17
65 17 13
65 17 16
65 16 14
65 16 15
65 20 19
65 19 18
65 29 28
65 28 27
65 27 24
65 24 23
65 23 22
65 27 26
65 26 25
65 31 30
66 29 28
66 28 27
66 27 26
66 26 25
66 25 11
66 11 10
66 10 0
66 10 9
66 9 8
66 8 7
66 7 6
66 6 1
66 6 5
66 5 4
66 4 3
66 3 2
66 25 24
66 24 23
66 23 20
66 20 14
66 14 12
66 14 13
66 20 19
66 19 18
66 18 17
66 17 15
66 17 16
66 23 22
66 22 21
67 31 16
67 16 15
67 15 12
67 12 10
67 10 9
67 9 8
67 8 7
67 7 4
67 4 3
67 3 2
67 2 1
67 1 0
67 7 6
67 6 5
67 12 11
67 15 14
67 14 13
67 31 30
67 30 18
67 18 17
67 30 29
67 29 28
67 28 27
67 27 21
67 21 19
67 21 20
67 27 26
67 26 24
67 24 22
67 24 23
67 26 25
68 31 29
68 29 28
68 28 2
68 2 1
68 1 0
68 28 27
68 27 26
68 26 25
68 25 24
68 24 23
68 23 22
68 22 9
68 9 8
68 8 7
68 7 3
68 7 6
68 6 5
68 5 4
68 22 21
68 21 20
68 20 18
68 18 17
68 17 10
68 17 16
68 16 15
68 15 11
68 15 14
68 14 12
68 14 13
68 20 19
68 31 30
69 29 1
69 1 0
69 29 28
69 28 23
69 23 6
69 6 5
69 5 4
69 4 2
69 4 3
69 23 22
69 22 21
69 21 7
69 21 20
69 20 18
69 18 16
69 16 8
69 16 15
69 15 10
69 10 9
69 15 14
69 14 11
69 14 13
69 13 12
69 18 17
69 20 19
69 28 27
69 27 25
69 25 24
69 27 26
70 29 0
70 29 28
70 28 22
70 22 3
70 3 1
70 3 2
70 22 21
70 21 5
70 5 4
70 21 20
70 20 16
70 16 7
70 7 6
70 16 15
70 15 12
70 12 11
70 11 9
70 9 8
70 11 10
70 15 14
70 14 13
70 20 19
70 19 17
70 19 18
70 28 27
70 27 23
70 27 26
70 26 25
70 25 24
71 32 28
71 28 26
71 26 24
71 24 2
71 2 1
71 1 0
71 24 23
71 23 22
71 22 19
71 19 18
71 18 14
71 14 3
71 14 13
71 13 12
71 12 11
71 11 10
71 10 8
71 8 5
71 5 4
71 8 7
71 7 6
71 10 9
71 18 17
71 17 16
71 16 15
71 22 21
71 21 20
71 26 25
71 28 27
71 32 31
71 31 30
71 30 29
72 30 28
72 28 25
72 25 24
72 24 22
72 22 21
72 21 5
72 5 0
72 5 4
72 4 3
72 3 1
72 3 2
72 21 20
72 20 17
72 17 16
72 16 14
72 14 6
72 14 13
72 13 12
72 12 11
72 11 10
72 10 7
72 10 9
72 9 8
72 16 15
72 20 19
72 19 18
72 24 23
72 28 27
72 27 26
72 30 29
73 29 28
73 28 27
73 27 26
73 26 25
73 25 23
73 23 16
73 16 13
73 13 12
73 12 11
73 11 10
73 10 9
73 9 7
73 7 0
73 7 6
73 6 4
73 4 2
73 2 1
73 4 3
73 6 5
73 9 8
73 16 15
73 15 14
73 23 22
73 22 20
73 20 17
73 20 19
73 19 18
73 22 21
73 25 24
74 34 33
74 33 32
74 32 31
74 31 30
74 30 29
74 29 27
74 27 26
74 26 20
74 20 18
74 18 8
74 8 0
74 8 7
74 7 6
74 6 5
74 5 3
74 3 1
74 3 2
74 5 4
74 18 17
74 17 10
74 10 9
74 17 16
74 16 12
74 12 11
74 16 15
74 15 14
74 14 13
74 20 19
74 26 25
74 25 24
74 24 23
74 23 22
74 22 21
74 29 28
75 31 30
75 30 0
75 30 29
75 29 28
75 28 1
75 28 27
75 27 26
75 26 10
75 10 9
75 9 8
75 8 7
75 7 6
75 6 5
75 5 4
75 4 3
75 3 2
75 26 25
75 25 12
75 12 11
75 25 24
75 24 19
75 19 18
75 18 17
75 17 15
75 15 14
75 14 13
75 17 16
75 24 23
75 23 22
75 22 20
75 22 21
76 34 28
76 28 1
76 1 0
76 28 27
76 27 26
76 26 21
76 21 19
76 19 16
76 16 2
76 16 15
76 15 7
76 7 5
76 5 4
76 4 3
76 7 6
76 15 14
76 14 13
76 13 12
76 12 10
76 10 9
76 9 8
76 12 11
76 19 18
76 18 17
76 21 20
76 26 25
76 25 22
76 25 24
76 24 23
76 34 33
76 33 32
76 32 31
76 31 30
76 30 29
77 29 18
77 18 16
77 16 15
77 15 8
77 8 4
77 4 3
77 3 2
77 2 0
77 2 1
77 8 7
77 7 6
77 6 5
77 15 14
77 14 9
77 14 13
77 13 11
77 11 10
77 13 12
77 18 17
77 29 28
77 28 26
77 26 20
77 20 19
77 26 25
77 25 21
77 25 24
77 24 22
77 24 23
77 28 27
78 29 0
78 29 28
78 28 23
78 23 21
78 21 20
78 20 18
78 18 17
78 17 2
78 2 1
78 17 16
78 16 3
78 16 15
78 15 13
78 13 9
78 9 8
78 8 6
78 6 5
78 5 4
78 8 7
78 13 12
78 12 11
78 11 10
78 15 14
78 20 19
78 23 22
78 28 27
78 27 25
78 25 24
78 27 26
79 33 32
79 32 31
79 31 28
79 28 23
79 23 22
79 22 0
79 22 21
79 21 20
79 20 19
79 19 1
79 19 18
79 18 17
79 17 4
79 4 2
79 4 3
79 17 16
79 16 6
79 6 5
79 16 15
79 15 13
79 13 10
79 10 9
79 9 8
79 8 7
79 13 12
79 12 11
79 15 14
79 28 27
79 27 26
79 26 24
79 26 25
79 31 30
79 30 29
80 31 25
80 25 0
80 25 24
80 24 23
80 23 22
80 22 21
80 21 20
80 20 1
80 20 19
80 19 2
80 19 18
80 18 4
80 4 3
80 18 17
80 17 5
80 17 16
80 16 13
80 13 7
80 7 6
80 13 12
80 12 8
80 12 11
80 11 9
80 11 10
80 16 15
80 15 14
80 31 30
80 30 29
80 29 28
80 28 27
80 27 26
81 29 28
81 28 27
81 27 26
81 26 25
81 25 0
81 25 24
81 24 23
81 23 21
81 21 17
81 17 16
81 16 11
81 11 10
81 10 8
81 8 6
81 6 4
81 4 2
81 2 1
81 4 3
81 6 5
81 8 7
81 10 9
81 16 15
81 15 13
81 13 12
81 15 14
81 21 20
81 20 18
81 20 19
81 23 22
82 33 32
82 32 0
82 32 31
82 31 22
82 22 1
82 22 21
82 21 5
82 5 2
82 5 4
82 4 3
82 21 20
82 20 16
82 16 13
82 13 12
82 12 9
82 9 7
82 7 6
82 9 8
82 12 11
82 11 10
82 16 15
82 15 14
82 20 19
82 19 17
82 19 18
82 31 30
82 30 29
82 29 24
82 24 23
82 29 28
82 28 26
82 26 25
82 28 27
83 30 0
83 30 29
83 29 28
83 28 21
83 21 20
83 20 2
83 2 1
83 20 19
83 19 12
83 12 10
83 10 9
83 9 8
83 8 6
83 6 5
83 5 4
83 4 3
83 8 7
83 12 11
83 19 18
83 18 17
83 17 16
83 16 14
83 14 13
83 16 15
83 28 27
83 27 22
83 27 26
83 26 23
83 26 25
83 25 24
84 34 32
84 32 31
84 31 29
84 29 0
84 29 28
84 28 25
84 25 18
84 18 17
84 17 15
84 15 9
84 9 3
84 3 2
84 2 1
84 9 8
84 8 4
84 8 7
84 7 6
84 6 5
84 15 14
84 14 11
84 11 10
84 14 13
84 13 12
84 17 16
84 25 24
84 24 22
84 22 21
84 21 19
84 21 20
84 24 23
84 28 27
84 27 26
84 31 30
84 34 33
85 33 0
85 33 32
85 32 30
85 30 24
85 24 23
85 23 22
85 22 18
85 18 1
85 18 17
85 17 16
85 16 8
85 8 7
85 7 3
85 3 2
85 7 6
85 6 4
85 6 5
85 16 15
85 15 14
85 14 12
85 12 11
85 11 9
85 11 10
85 14 13
85 22 21
85 21 20
85 20 19
85 30 29
85 29 25
85 29 28
85 28 27
85 27 26
85 32 31
86 30 1
86 1 0
86 30 29
86 29 28
86 28 19
86 19 18
86 18 3
86 3 2
86 18 17
86 17 12
86 12 10
86 10 4
86 10 9
86 9 6
86 6 5
86 9 8
86 8 7
86 12 11
86 17 16
86 16 14
86 14 13
86 16 15
86 28 27
86 27 20
86 27 26
86 26 24
86 24 23
86 23 21
86 23 22
86 26 25
87 31 0
87 31 30
87 30 24
87 24 23
87 23 1
87 23 22
87 22 18
87 18 17
87 17 16
87 16 12
87 12 10
87 10 9
87 9 7
87 7 6
87 6 5
87 5 4
87 4 3
87 3 2
87 9 8
87 12 11
87 16 15
87 15 14
87 14 13
87 22 21
87 21 19
87 21 20
87 30 29
87 29 26
87 26 25
87 29 28
87 28 27
88 31 30
88 30 2
88 2 0
88 2 1
88 30 29
88 29 28
88 28 5
88 5 4
88 4 3
88 28 27
88 27 18
88 18 17
88 17 6
88 17 16
88 16 15
88 15 12
88 12 7
88 12 11
88 11 8
88 11 10
88 10 9
88 15 14
88 14 13
88 27 26
88 26 19
88 26 25
88 25 24
88 24 20
88 24 23
88 23 21
88 23 22
89 30 27
89 27 26
89 26 24
89 24 2
89 2 0
89 2 1
89 24 23
89 23 4
89 4 3
89 23 22
89 22 21
89 21 13
89 13 12
89 12 11
89 11 10
89 10 8
89 8 7
89 7 6
89 6 5
89 10 9
89 21 20
89 20 16
89 16 14
89 16 15
89 20 19
89 19 18
89 18 17
89 26 25
89 30 29
89 29 28
90 30 29
90 29 28
90 28 27
90 27 21
90 21 0
90 21 20
90 20 1
90 20 19
90 19 4
90 4 3
90 3 2
90 19 18
90 18 17
90 17 16
90 16 15
90 15 13
90 13 12
90 12 5
90 12 11
90 11 10
90 10 8
90 8 7
90 7 6
90 10 9
90 15 14
90 27 26
90 26 25
90 25 24
90 24 23
90 23 22
91 30 28
91 28 17
91 17 16
91 16 15
91 15 0
91 15 14
91 14 1
91 14 13
91 13 2
91 13 12
91 12 11
91 11 9
91 9 6
91 6 3
91 6 5
91 5 4
91 9 8
91 8 7
91 11 10
91 28 27
91 27 26
91 26 25
91 25 18
91 25 24
91 24 22
91 22 20
91 20 19
91 22 21
91 24 23
91 30 29
92 29 28
92 28 22
92 22 0
92 22 21
92 21 1
92 21 20
92 20 17
92 17 16
92 16 2
92 16 15
92 15 14
92 14 13
92 13 12
92 12 3
92 12 11
92 11 4
92 11 10
92 10 9
92 9 8
92 8 7
92 7 6
92 6 5
92 20 19
92 19 18
92 28 27
92 27 26
92 26 23
92 26 25
92 25 24
93 30 29
93 29 0
93 29 28
93 28 1
93 28 27
93 27 25
93 25 24
93 24 23
93 23 22
93 22 18
93 18 17
93 17 13
93 13 12
93 12 4
93 4 2
93 4 3
93 12 11
93 11 10
93 10 5
93 10 9
93 9 7
93 7 6
93 9 8
93 17 16
93 16 15
93 15 14
93 22 21
93 21 19
93 21 20
93 27 26
94 32 30
94 30 29
94 29 2
94 2 0
94 2 1
94 29 28
94 28 3
94 28 27
94 27 25
94 25 23
94 23 21
94 21 13
94 13 12
94 12 11
94 11 10
94 10 7
94 7 4
94 7 6
94 6 5
94 10 9
94 9 8
94 21 20
94 20 19
94 19 18
94 18 14
94 18 17
94 17 16
94 16 15
94 23 22
94 25 24
94 27 26
94 32 31
95 29 28
95 28 27
95 27 26
95 26 24
95 24 21
95 21 0
95 21 20
95 20 18
95 18 17
95 17 16
95 16 1
95 16 15
95 15 14
95 14 13
95 13 11
95 11 2
95 11 10
95 10 8
95 8 4
95 4 3
95 8 7
95 7 5
95 7 6
95 10 9
95 13 12
95 20 19
95 24 23
95 23 22
95 26 25
96 30 29
96 29 8
96 8 4
96 4 3
96 3 2
96 2 1
96 1 0
96 8 7
96 7 6
96 6 5
96 29 28
96 28 27
96 27 13
96 13 10
96 10 9
96 13 12
96 12 11
96 27 26
96 26 16
96 16 14
96 16 15
96 26 25
96 25 17
96 25 24
96 24 21
96 21 19
96 19 18
96 21 20
96 24 23
96 23 22
97 32 1
97 1 0
97 32 31
97 31 28
97 28 27
97 27 4
97 4 2
97 4 3
97 27 26
97 26 23
97 23 8
97 8 7
97 7 6
97 6 5
97 23 22
97 22 12
97 12 11
97 11 10
97 10 9
97 22 21
97 21 20
97 20 13
97 20 19
97 19 15
97 15 14
97 19 18
97 18 16
97 18 17
97 26 25
97 25 24
97 31 30
97 30 29
98 33 30
98 30 28
98 28 11
98 11 1
98 1 0
98 11 10
98 10 8
98 8 3
98 3 2
98 8 7
98 7 5
98 5 4
98 7 6
98 10 9
98 28 27
98 27 12
98 27 26
98 26 15
98 15 13
98 15 14
98 26 25
98 25 23
98 23 22
98 22 16
98 22 21
98 21 20
98 20 19
98 19 18
98 18 17
98 25 24
98 30 29
98 33 32
98 32 31
99 29 12
99 12 11
99 11 2
99 2 0
99 2 1
99 11 10
99 10 6
99 6 4
99 4 3
99 6 5
99 10 9
99 9 7
99 9 8
99 29 28
99 28 13
99 28 27
99 27 26
99 26 24
99 24 23
99 23 15
99 15 14
99 23 22
99 22 20
99 20 16
99 20 19
99 19 18
99 18 17
99 22 21
99 26 25
100 30 28
100 28 27
100 27 0
100 27 26
100 26 25
100 25 3
100 3 2
100 2 1
100 25 24
100 24 4
100 24 23
100 23 5
100 23 22
100 22 20
100 20 15
100 15 7
100 7 6
100 15 14
100 14 10
100 10 8
100 10 9
100 14 13
100 13 12
100 12 11
100 20 19
100 19 16
100 19 18
100 18 17
100 22 21
100 30 29
101 34 2
101 2 0
101 2 1
101 34 33
101 33 8
101 8 5
101 5 4
101 4 3
101 8 7
101 7 6
101 33 32
101 32 18
101 18 16
101 16 15
101 15 9
101 15 14
101 14 12
101 12 11
101 11 10
101 14 13
101 18 17
101 32 31
101 31 30
101 30 29
101 29 26
101 26 22
101 22 19
101 22 21
101 21 20
101 26 25
101 25 23
101 25 24
101 29 28
101 28 27
