1 32 17
1 17 16
1 16 15
1 15 13
1 13 12
1 12 3
1 3 2
1 2 1
1 1 0
1 12 11
1 11 5
1 5 4
1 11 10
1 10 9
1 9 7
1 7 6
1 9 8
1 15 14
1 32 31
1 31 29
1 29 27
1 27 19
1 19 18
1 27 26
1 26 23
1 23 20
1 23 22
1 22 21
1 26 25
1 25 24
1 29 28
1 31 30
2 30 29
2 29 27
2 27 26
2 26 0
2 26 25
2 25 22
2 22 21
2 21 1
2 21 20
2 20 19
2 19 16
2 16 10
2 10 3
2 3 2
2 10 9
2 9 4
2 9 8
2 8 6
2 6 5
2 8 7
2 16 15
2 15 14
2 14 11
2 14 13
2 13 12
2 19 18
2 18 17
2 25 24
2 24 23
2 29 28
3 31 22
3 22 21
3 21 0
3 21 20
3 20 12
3 12 1
3 12 11
3 11 10
3 10 8
3 8 7
3 7 6
3 6 5
3 5 3
3 3 2
3 5 4
3 10 9
3 20 19
3 19 16
3 16 15
3 15 13
3 15 14
3 19 18
3 18 17
3 31 30
3 30 29
3 29 28
3 28 26
3 26 23
3 26 25
3 25 24
3 28 27
4 31 0
4 31 30
4 30 29
4 29 28
4 28 4
4 4 3
4 3 1
4 3 2
4 28 27
4 27 6
4 6 5
4 27 26
4 26 9
4 9 8
4 8 7
4 26 25
4 25 23
4 23 22
4 22 12
4 12 10
4 12 11
4 22 21
4 21 20
4 20 14
4 14 13
4 20 19
4 19 18
4 18 16
4 16 15
4 18 17
4 25 24
5 30 27
5 27 24
5 24 22
5 22 19
5 19 0
5 19 18
5 18 16
5 16 15
5 15 8
5 8 7
5 7 6
5 6 2
5 2 1
5 6 5
5 5 3
5 5 4
5 15 14
5 14 11
5 11 9
5 11 10
5 14 13
5 13 12
5 18 17
5 22 21
5 21 20
5 24 23
5 27 26
5 26 25
5 30 29
5 29 28
6 31 15
6 15 14
6 14 8
6 8 7
6 7 6
6 6 5
6 5 4
6 4 2
6 2 0
6 2 1
6 4 3
6 14 13
6 13 10
6 10 9
6 13 12
6 12 11
6 31 30
6 30 27
6 27 18
6 18 17
6 17 16
6 27 26
6 26 25
6 25 24
6 24 23
6 23 19
6 23 22
6 22 21
6 21 20
6 30 29
6 29 28
7 30 27
7 27 10
7 10 8
7 8 7
7 7 6
7 6 2
7 2 1
7 1 0
7 6 5
7 5 3
7 5 4
7 10 9
7 27 26
7 26 25
7 25 16
7 16 14
7 14 13
7 13 12
7 12 11
7 16 15
7 25 24
7 24 23
7 23 22
7 22 17
7 22 21
7 21 19
7 19 18
7 21 20
7 30 29
7 29 28
8 29 28
8 28 25
8 25 24
8 24 22
8 22 1
8 1 0
8 22 21
8 21 3
8 3 2
8 21 20
8 20 4
8 20 19
8 19 18
8 18 17
8 17 7
8 7 6
8 6 5
8 17 16
8 16 14
8 14 13
8 13 12
8 12 11
8 11 8
8 11 10
8 10 9
8 16 15
8 24 23
8 28 27
8 27 26
9 33 32
9 32 2
9 2 0
9 2 1
9 32 31
9 31 30
9 30 29
9 29 28
9 28 3
9 28 27
9 27 15
9 15 7
9 7 5
9 5 4
9 7 6
9 15 14
9 14 8
9 14 13
9 13 10
9 10 9
9 13 12
9 12 11
9 27 26
9 26 24
9 24 23
9 23 22
9 22 21
9 21 20
9 20 16
9 20 19
9 19 18
9 18 17
9 26 25
10 34 33
10 33 3
10 3 1
10 1 0
10 3 2
10 33 32
10 32 31
10 31 4
10 31 30
10 30 15
10 15 14
10 14 5
10 14 13
10 13 8
10 8 7
10 7 6
10 13 12
10 12 10
10 10 9
10 12 11
10 30 29
10 29 26
10 26 25
10 25 22
10 22 16
10 22 21
10 21 20
10 20 19
10 19 17
10 19 18
10 25 24
10 24 23
10 29 28
10 28 27
11 29 3
11 3 0
11 3 2
11 2 1
11 29 28
11 28 25
11 25 22
11 22 21
11 21 20
11 20 18
11 18 17
11 17 13
11 13 12
11 12 11
11 11 9
11 9 8
11 8 7
11 7 4
11 7 6
11 6 5
11 11 10
11 17 16
11 16 15
11 15 14
11 20 19
11 25 24
11 24 23
11 28 27
11 27 26
12 33 2
12 2 0
12 2 1
12 33 32
12 32 19
12 19 16
12 16 15
12 15 14
12 14 12
12 12 3
12 12 11
12 11 7
12 7 4
12 7 6
12 6 5
12 11 10
12 10 9
12 9 8
12 14 13
12 19 18
12 18 17
12 32 31
12 31 20
12 31 30
12 30 29
12 29 27
12 27 26
12 26 25
12 25 24
12 24 23
12 23 21
12 23 22
12 29 28
13 34 12
13 12 0
13 12 11
13 11 9
13 9 8
13 8 5
13 5 4
13 4 3
13 3 1
13 3 2
13 8 7
13 7 6
13 11 10
13 34 33
13 33 15
13 15 13
13 15 14
13 33 32
13 32 16
13 32 31
13 31 27
13 27 26
13 26 23
13 23 22
13 22 21
13 21 20
13 20 19
13 19 17
13 19 18
13 26 25
13 25 24
13 31 30
13 30 28
13 30 29
14 31 30
14 30 0
14 30 29
14 29 2
14 2 1
14 29 28
14 28 25
14 25 4
14 4 3
14 25 24
14 24 11
14 11 8
14 8 7
14 7 5
14 7 6
14 11 10
14 10 9
14 24 23
14 23 15
14 15 13
14 13 12
14 15 14
14 23 22
14 22 19
14 19 16
14 19 18
14 18 17
14 22 21
14 21 20
14 28 27
14 27 26
15 34 32
15 32 31
15 31 28
15 28 1
15 1 0
15 28 27
15 27 26
15 26 23
15 23 10
15 10 3
15 3 2
15 10 9
15 9 4
15 9 8
15 8 5
15 8 7
15 7 6
15 23 22
15 22 20
15 20 17
15 17 15
15 15 11
15 15 14
15 14 12
15 14 13
15 17 16
15 20 19
15 19 18
15 22 21
15 26 25
15 25 24
15 31 30
15 30 29
15 34 33
16 29 9
16 9 8
16 8 3
16 3 0
16 3 2
16 2 1
16 8 7
16 7 6
16 6 5
16 5 4
16 29 28
16 28 27
16 27 26
16 26 23
16 23 22
16 22 20
16 20 18
16 18 13
16 13 12
16 12 10
16 12 11
16 18 17
16 17 14
16 17 16
16 16 15
16 20 19
16 22 21
16 26 25
16 25 24
17 29 9
17 9 2
17 2 1
17 1 0
17 9 8
17 8 6
17 6 3
17 6 5
17 5 4
17 8 7
17 29 28
17 28 26
17 26 25
17 25 23
17 23 20
17 20 18
17 18 10
17 18 17
17 17 15
17 15 11
17 15 14
17 14 12
17 14 13
17 17 16
17 20 19
17 23 22
17 22 21
17 25 24
17 28 27
18 34 33
18 33 32
18 32 5
18 5 3
18 3 1
18 1 0
18 3 2
18 5 4
18 32 31
18 31 6
18 31 30
18 30 29
18 29 28
18 28 27
18 27 11
18 11 7
18 11 10
18 10 9
18 9 8
18 27 26
18 26 17
18 17 16
18 16 15
18 15 13
18 13 12
18 15 14
18 26 25
18 25 20
18 20 19
18 19 18
18 25 24
18 24 23
18 23 21
18 23 22
19 31 30
19 30 27
19 27 26
19 26 3
19 3 1
19 1 0
19 3 2
19 26 25
19 25 24
19 24 23
19 23 22
19 22 7
19 7 4
19 7 6
19 6 5
19 22 21
19 21 8
19 21 20
19 20 19
19 19 15
19 15 14
19 14 13
19 13 12
19 12 9
19 12 11
19 11 10
19 19 18
19 18 16
19 18 17
19 30 29
19 29 28
20 33 31
20 31 2
20 2 1
20 1 0
20 31 30
20 30 3
20 30 29
20 29 28
20 28 12
20 12 9
20 9 8
20 8 4
20 8 7
20 7 6
20 6 5
20 12 11
20 11 10
20 28 27
20 27 26
20 26 25
20 25 13
20 25 24
20 24 23
20 23 21
20 21 17
20 17 16
20 16 15
20 15 14
20 21 20
20 20 19
20 19 18
20 23 22
20 33 32
21 34 27
21 27 23
21 23 4
21 4 0
21 4 3
21 3 2
21 2 1
21 23 22
21 22 20
21 20 6
21 6 5
21 20 19
21 19 18
21 18 17
21 17 16
21 16 15
21 15 9
21 9 7
21 9 8
21 15 14
21 14 12
21 12 10
21 12 11
21 14 13
21 22 21
21 27 26
21 26 25
21 25 24
21 34 33
21 33 32
21 32 31
21 31 30
21 30 29
21 29 28
22 30 1
22 1 0
22 30 29
22 29 18
22 18 17
22 17 14
22 14 2
22 14 13
22 13 11
22 11 4
22 4 3
22 11 10
22 10 9
22 9 6
22 6 5
22 9 8
22 8 7
22 13 12
22 17 16
22 16 15
22 29 28
22 28 27
22 27 24
22 24 23
22 23 21
22 21 19
22 21 20
22 23 22
22 27 26
22 26 25
23 32 30
23 30 29
23 29 26
23 26 5
23 5 4
23 4 3
23 3 1
23 1 0
23 3 2
23 26 25
23 25 24
23 24 22
23 22 18
23 18 17
23 17 16
23 16 14
23 14 12
23 12 11
23 11 9
23 9 8
23 8 6
23 8 7
23 11 10
23 14 13
23 16 15
23 22 21
23 21 19
23 21 20
23 24 23
23 29 28
23 28 27
23 32 31
24 33 32
24 32 3
24 3 2
24 2 1
24 1 0
24 32 31
24 31 21
24 21 20
24 20 8
24 8 6
24 6 5
24 5 4
24 8 7
24 20 19
24 19 17
24 17 9
24 17 16
24 16 10
24 16 15
24 15 14
24 14 13
24 13 11
24 13 12
24 19 18
24 31 30
24 30 22
24 30 29
24 29 28
24 28 25
24 25 23
24 25 24
24 28 27
24 27 26
25 33 32
25 32 0
25 32 31
25 31 4
25 4 1
25 4 3
25 3 2
25 31 30
25 30 29
25 29 20
25 20 15
25 15 14
25 14 11
25 11 10
25 10 5
25 10 9
25 9 6
25 9 8
25 8 7
25 14 13
25 13 12
25 20 19
25 19 16
25 19 18
25 18 17
25 29 28
25 28 23
25 23 22
25 22 21
25 28 27
25 27 26
25 26 24
25 26 25
26 29 0
26 29 28
26 28 1
26 28 27
26 27 18
26 18 2
26 18 17
26 17 16
26 16 4
26 4 3
26 16 15
26 15 14
26 14 13
26 13 5
26 13 12
26 12 7
26 7 6
26 12 11
26 11 10
26 10 8
26 10 9
26 27 26
26 26 23
26 23 21
26 21 20
26 20 19
26 23 22
26 26 25
26 25 24
27 30 29
27 29 0
27 29 28
27 28 27
27 27 1
27 27 26
27 26 25
27 25 24
27 24 7
27 7 5
27 5 4
27 4 2
27 4 3
27 7 6
27 24 23
27 23 12
27 12 11
27 11 10
27 10 9
27 9 8
27 23 22
27 22 19
27 19 13
27 19 18
27 18 17
27 17 15
27 15 14
27 17 16
27 22 21
27 21 20
28 34 33
28 33 32
28 32 31
28 31 3
28 3 0
28 3 2
28 2 1
28 31 30
28 30 29
28 29 28
28 28 4
28 28 27
28 27 8
28 8 7
28 7 6
28 6 5
28 27 26
28 26 9
28 26 25
28 25 15
28 15 14
28 14 13
28 13 11
28 11 10
28 13 12
28 25 24
28 24 16
28 24 23
28 23 18
28 18 17
28 23 22
28 22 21
28 21 19
28 21 20
29 31 28
29 28 27
29 27 25
29 25 23
29 23 21
29 21 3
29 3 1
29 1 0
29 3 2
29 21 20
29 20 6
29 6 5
29 5 4
29 20 19
29 19 17
29 17 16
29 16 14
29 14 12
29 12 10
29 10 8
29 8 7
29 10 9
29 12 11
29 14 13
29 16 15
29 19 18
29 23 22
29 25 24
29 27 26
29 31 30
29 30 29
30 32 31
30 31 0
30 31 30
30 30 23
30 23 2
30 2 1
30 23 22
30 22 21
30 21 19
30 19 13
30 13 12
30 12 3
30 12 11
30 11 10
30 10 8
30 8 7
30 7 5
30 5 4
30 7 6
30 10 9
30 19 18
30 18 17
30 17 15
30 15 14
30 17 16
30 21 20
30 30 29
30 29 28
30 28 27
30 27 24
30 27 26
30 26 25
31 33 0
31 33 32
31 32 31
31 31 1
31 31 30
31 30 16
31 16 15
31 15 2
31 15 14
31 14 13
31 13 12
31 12 10
31 10 9
31 9 6
31 6 5
31 5 4
31 4 3
31 9 8
31 8 7
31 12 11
31 30 29
31 29 27
31 27 26
31 26 25
31 25 23
31 23 22
31 22 19
31 19 18
31 18 17
31 22 21
31 21 20
31 25 24
31 29 28
32 30 0
32 30 29
32 29 28
32 28 27
32 27 26
32 26 24
32 24 6
32 6 1
32 6 5
32 5 4
32 4 2
32 4 3
32 24 23
32 23 22
32 22 21
32 21 18
32 18 17
32 17 16
32 16 15
32 15 14
32 14 13
32 13 12
32 12 11
32 11 8
32 8 7
32 11 10
32 10 9
32 21 20
32 20 19
32 26 25
33 29 15
33 15 14
33 14 13
33 13 1
33 1 0
33 13 12
33 12 11
33 11 5
33 5 4
33 4 3
33 3 2
33 11 10
33 10 6
33 10 9
33 9 7
33 9 8
33 29 28
33 28 16
33 28 27
33 27 25
33 25 22
33 22 21
33 21 20
33 20 19
33 19 18
33 18 17
33 25 24
33 24 23
33 27 26
34 30 29
34 29 26
34 26 22
34 22 17
34 17 3
34 3 2
34 2 0
34 2 1
34 17 16
34 16 4
34 16 15
34 15 5
34 15 14
34 14 8
34 8 6
34 8 7
34 14 13
34 13 12
34 12 11
34 11 10
34 10 9
34 22 21
34 21 20
34 20 18
34 20 19
34 26 25
34 25 24
34 24 23
34 29 28
34 28 27
35 31 30
35 30 11
35 11 0
35 11 10
35 10 9
35 9 4
35 4 3
35 3 1
35 3 2
35 9 8
35 8 6
35 6 5
35 8 7
35 30 29
35 29 28
35 28 27
35 27 26
35 26 17
35 17 15
35 15 12
35 15 14
35 14 13
35 17 16
35 26 25
35 25 20
35 20 19
35 19 18
35 25 24
35 24 23
35 23 21
35 23 22
36 30 1
36 1 0
36 30 29
36 29 28
36 28 25
36 25 3
36 3 2
36 25 24
36 24 22
36 22 7
36 7 6
36 6 4
36 6 5
36 22 21
36 21 20
36 20 16
36 16 15
36 15 14
36 14 9
36 9 8
36 14 13
36 13 12
36 12 10
36 12 11
36 20 19
36 19 18
36 18 17
36 24 23
36 28 27
36 27 26
37 29 28
37 28 27
37 27 26
37 26 22
37 22 21
37 21 2
37 2 0
37 2 1
37 21 20
37 20 3
37 20 19
37 19 17
37 17 16
37 16 4
37 16 15
37 15 13
37 13 12
37 12 10
37 10 9
37 9 8
37 8 5
37 8 7
37 7 6
37 12 11
37 15 14
37 19 18
37 26 25
37 25 24
37 24 23
38 31 8
38 8 0
38 8 7
38 7 6
38 6 1
38 6 5
38 5 4
38 4 3
38 3 2
38 31 30
38 30 29
38 29 28
38 28 26
38 26 25
38 25 24
38 24 23
38 23 22
38 22 21
38 21 12
38 12 9
38 12 11
38 11 10
38 21 20
38 20 13
38 20 19
38 19 14
38 19 18
38 18 17
38 17 15
38 17 16
38 28 27
39 30 29
39 29 28
39 28 27
39 27 0
39 27 26
39 26 15
39 15 12
39 12 9
39 9 8
39 8 7
39 7 5
39 5 4
39 4 1
39 4 3
39 3 2
39 7 6
39 12 11
39 11 10
39 15 14
39 14 13
39 26 25
39 25 24
39 24 23
39 23 22
39 22 21
39 21 20
39 20 16
39 20 19
39 19 17
39 19 18
40 33 31
40 31 2
40 2 0
40 2 1
40 31 30
40 30 29
40 29 4
40 4 3
40 29 28
40 28 8
40 8 6
40 6 5
40 8 7
40 28 27
40 27 25
40 25 24
40 24 17
40 17 14
40 14 12
40 12 11
40 11 9
40 11 10
40 14 13
40 17 16
40 16 15
40 24 23
40 23 21
40 21 20
40 20 18
40 20 19
40 23 22
40 27 26
40 33 32
41 32 26
41 26 2
41 2 1
41 1 0
41 26 25
41 25 24
41 24 23
41 23 19
41 19 18
41 18 13
41 13 11
41 11 10
41 10 5
41 5 4
41 4 3
41 10 9
41 9 8
41 8 7
41 7 6
41 13 12
41 18 17
41 17 14
41 17 16
41 16 15
41 23 22
41 22 21
41 21 20
41 32 31
41 31 30
41 30 29
41 29 27
41 29 28
42 33 30
42 30 0
42 30 29
42 29 5
42 5 4
42 4 2
42 2 1
42 4 3
42 29 28
42 28 27
42 27 26
42 26 25
42 25 22
42 22 18
42 18 16
42 16 15
42 15 14
42 14 10
42 10 9
42 9 8
42 8 7
42 7 6
42 14 13
42 13 12
42 12 11
42 18 17
42 22 21
42 21 20
42 20 19
42 25 24
42 24 23
42 33 32
42 32 31
43 33 30
43 30 0
43 30 29
43 29 25
43 25 23
43 23 22
43 22 17
43 17 10
43 10 9
43 9 8
43 8 6
43 6 1
43 6 5
43 5 4
43 4 3
43 3 2
43 8 7
43 17 16
43 16 15
43 15 12
43 12 11
43 15 14
43 14 13
43 22 21
43 21 20
43 20 19
43 19 18
43 25 24
43 29 28
43 28 26
43 28 27
43 33 32
43 32 31
44 34 33
44 33 9
44 9 1
44 1 0
44 9 8
44 8 6
44 6 3
44 3 2
44 6 5
44 5 4
44 8 7
44 33 32
44 32 16
44 16 15
44 15 14
44 14 13
44 13 10
44 13 12
44 12 11
44 32 31
44 31 21
44 21 19
44 19 17
44 19 18
44 21 20
44 31 30
44 30 29
44 29 22
44 29 28
44 28 27
44 27 26
44 26 25
44 25 24
44 24 23
45 34 27
45 27 26
45 26 0
45 26 25
45 25 23
45 23 22
45 22 21
45 21 20
45 20 1
45 20 19
45 19 17
45 17 2
45 17 16
45 16 15
45 15 14
45 14 12
45 12 5
45 5 4
45 4 3
45 12 11
45 11 6
45 11 10
45 10 8
45 8 7
45 10 9
45 14 13
45 19 18
45 25 24
45 34 33
45 33 28
45 33 32
45 32 31
45 31 30
45 30 29
46 31 30
46 30 19
46 19 18
46 18 0
46 18 17
46 17 15
46 15 14
46 14 10
46 10 3
46 3 1
46 3 2
46 10 9
46 9 8
46 8 7
46 7 6
46 6 5
46 5 4
46 14 13
46 13 11
46 13 12
46 17 16
46 30 29
46 29 28
46 28 24
46 24 23
46 23 20
46 23 22
46 22 21
46 28 27
46 27 26
46 26 25
47 32 31
47 31 27
47 27 0
47 27 26
47 26 7
47 7 1
47 7 6
47 6 5
47 5 3
47 3 2
47 5 4
47 26 25
47 25 8
47 25 24
47 24 13
47 13 10
47 10 9
47 13 12
47 12 11
47 24 23
47 23 22
47 22 21
47 21 18
47 18 17
47 17 15
47 15 14
47 17 16
47 21 20
47 20 19
47 31 30
47 30 28
47 30 29
48 31 30
48 30 2
48 2 0
48 2 1
48 30 29
48 29 9
48 9 3
48 9 8
48 8 7
48 7 6
48 6 4
48 6 5
48 29 28
48 28 27
48 27 26
48 26 25
48 25 24
48 24 23
48 23 14
48 14 13
48 13 11
48 11 10
48 13 12
48 23 22
48 22 18
48 18 15
48 18 17
48 17 16
48 22 21
48 21 19
48 21 20
49 31 11
49 11 4
49 4 3
49 3 0
49 3 2
49 2 1
49 11 10
49 10 8
49 8 7
49 7 5
49 7 6
49 10 9
49 31 30
49 30 14
49 14 12
49 14 13
49 30 29
49 29 28
49 28 21
49 21 19
49 19 17
49 17 15
49 17 16
49 19 18
49 21 20
49 28 27
49 27 26
49 26 24
49 24 22
49 24 23
49 26 25
50 33 31
50 31 10
50 10 9
50 9 7
50 7 6
50 6 0
50 6 5
50 5 3
50 3 2
50 2 1
50 5 4
50 9 8
50 31 30
50 30 28
50 28 11
50 28 27
50 27 26
50 26 15
50 15 14
50 14 12
50 14 13
50 26 25
50 25 16
50 25 24
50 24 23
50 23 17
50 23 22
50 22 21
50 21 18
50 21 20
50 20 19
50 30 29
50 33 32
51 31 29
51 29 28
51 28 2
51 2 1
51 1 0
51 28 27
51 27 4
51 4 3
51 27 26
51 26 25
51 25 24
51 24 23
51 23 20
51 20 19
51 19 11
51 11 5
51 11 10
51 10 9
51 9 7
51 7 6
51 9 8
51 19 18
51 18 13
51 13 12
51 18 17
51 17 14
51 17 16
51 16 15
51 23 22
51 22 21
51 31 30
52 29 2
52 2 1
52 1 0
52 29 28
52 28 17
52 17 16
52 16 7
52 7 5
52 5 3
52 5 4
52 7 6
52 16 15
52 15 9
52 9 8
52 15 14
52 14 13
52 13 12
52 12 11
52 11 10
52 28 27
52 27 26
52 26 25
52 25 18
52 25 24
52 24 19
52 24 23
52 23 20
52 23 22
52 22 21
53 31 30
53 30 2
53 2 1
53 1 0
53 30 29
53 29 28
53 28 7
53 7 4
53 4 3
53 7 6
53 6 5
53 28 27
53 27 20
53 20 19
53 19 8
53 19 18
53 18 17
53 17 15
53 15 9
53 15 14
53 14 12
53 12 11
53 11 10
53 14 13
53 17 16
53 27 26
53 26 21
53 26 25
53 25 24
53 24 23
53 23 22
54 30 0
54 30 29
54 29 3
54 3 2
54 2 1
54 29 28
54 28 27
54 27 20
54 20 19
54 19 18
54 18 17
54 17 5
54 5 4
54 17 16
54 16 6
54 16 15
54 15 13
54 13 11
54 11 9
54 9 7
54 9 8
54 11 10
54 13 12
54 15 14
54 27 26
54 26 24
54 24 21
54 24 23
54 23 22
54 26 25
55 32 14
55 14 13
55 13 5
55 5 4
55 4 2
55 2 0
55 2 1
55 4 3
55 13 12
55 12 11
55 11 10
55 10 8
55 8 6
55 8 7
55 10 9
55 32 31
55 31 15
55 31 30
55 30 29
55 29 23
55 23 19
55 19 18
55 18 16
55 18 17
55 23 22
55 22 20
55 22 21
55 29 28
55 28 27
55 27 24
55 27 26
55 26 25
56 29 28
56 28 27
56 27 26
56 26 25
56 25 0
56 25 24
56 24 23
56 23 21
56 21 20
56 20 1
56 20 19
56 19 18
56 18 16
56 16 9
56 9 7
56 7 5
56 5 2
56 5 4
56 4 3
56 7 6
56 9 8
56 16 15
56 15 11
56 11 10
56 15 14
56 14 12
56 14 13
56 18 17
56 23 22
57 32 31
57 31 30
57 30 8
57 8 0
57 8 7
57 7 2
57 2 1
57 7 6
57 6 5
57 5 3
57 5 4
57 30 29
57 29 28
57 28 16
57 16 11
57 11 9
57 11 10
57 16 15
57 15 12
57 15 14
57 14 13
57 28 27
57 27 22
57 22 21
57 21 20
57 20 17
57 20 19
57 19 18
57 27 26
57 26 24
57 24 23
57 26 25
58 32 30
58 30 28
58 28 27
58 27 0
58 27 26
58 26 25
58 25 12
58 12 11
58 11 10
58 10 9
58 9 1
58 9 8
58 8 7
58 7 2
58 7 6
58 6 3
58 6 5
58 5 4
58 25 24
58 24 20
58 20 16
58 16 13
58 16 15
58 15 14
58 20 19
58 19 18
58 18 17
58 24 23
58 23 22
58 22 21
58 30 29
58 32 31
59 33 1
59 1 0
59 33 32
59 32 30
59 30 28
59 28 27
59 27 25
59 25 2
59 25 24
59 24 15
59 15 3
59 15 14
59 14 5
59 5 4
59 14 13
59 13 12
59 12 11
59 11 10
59 10 6
59 10 9
59 9 7
59 9 8
59 24 23
59 23 22
59 22 16
59 22 21
59 21 20
59 20 18
59 18 17
59 20 19
59 27 26
59 30 29
59 32 31
60 34 33
60 33 17
60 17 16
60 16 14
60 14 11
60 11 10
60 10 9
60 9 7
60 7 0
60 7 6
60 6 4
60 4 2
60 2 1
60 4 3
60 6 5
60 9 8
60 14 13
60 13 12
60 16 15
60 33 32
60 32 18
60 32 31
60 31 19
60 31 30
60 30 26
60 26 25
60 25 24
60 24 22
60 22 21
60 21 20
60 24 23
60 30 29
60 29 28
60 28 27
61 30 6
61 6 1
61 1 0
61 6 5
61 5 3
61 3 2
61 5 4
61 30 29
61 29 7
61 29 28
61 28 24
61 24 23
61 23 10
61 10 9
61 9 8
61 23 22
61 22 21
61 21 11
61 21 20
61 20 12
61 20 19
61 19 18
61 18 13
61 18 17
61 17 16
61 16 14
61 16 15
61 28 27
61 27 26
61 26 25
62 32 31
62 31 30
62 30 29
62 29 0
62 29 28
62 28 27
62 27 2
62 2 1
62 27 26
62 26 25
62 25 24
62 24 4
62 4 3
62 24 23
62 23 22
62 22 5
62 22 21
62 21 6
62 21 20
62 20 11
62 11 10
62 10 9
62 9 7
62 9 8
62 20 19
62 19 18
62 18 17
62 17 13
62 13 12
62 17 16
62 16 14
62 16 15
63 33 31
63 31 19
63 19 6
63 6 4
63 4 3
63 3 2
63 2 0
63 2 1
63 6 5
63 19 18
63 18 13
63 13 7
63 13 12
63 12 11
63 11 10
63 10 9
63 9 8
63 18 17
63 17 14
63 17 16
63 16 15
63 31 30
63 30 21
63 21 20
63 30 29
63 29 28
63 28 27
63 27 26
63 26 25
63 25 24
63 24 22
63 24 23
63 33 32
64 34 33
64 33 32
64 32 24
64 24 4
64 4 3
64 3 2
64 2 0
64 2 1
64 24 23
64 23 10
64 10 7
64 7 6
64 6 5
64 10 9
64 9 8
64 23 22
64 22 11
64 22 21
64 21 15
64 15 14
64 14 12
64 14 13
64 21 20
64 20 19
64 19 17
64 17 16
64 19 18
64 32 31
64 31 30
64 30 29
64 29 28
64 28 25
64 28 27
64 27 26
65 32 13
65 13 2
65 2 1
65 1 0
65 13 12
65 12 10
65 10 8
65 8 6
65 6 5
65 5 4
65 4 3
65 8 7
65 10 9
65 12 11
65 32 31
65 31 27
65 27 16
65 16 14
65 16 15
65 27 26
65 26 25
65 25 21
65 21 20
65 20 19
65 19 17
65 19 18
65 25 24
65 24 23
65 23 22
65 31 30
65 30 28
65 30 29
66 29 7
66 7 0
66 7 6
66 6 4
66 4 3
66 3 1
66 3 2
66 6 5
66 29 28
66 28 15
66 15 13
66 13 12
66 12 9
66 9 8
66 12 11
66 11 10
66 15 14
66 28 27
66 27 19
66 19 18
66 18 17
66 17 16
66 27 26
66 26 20
66 26 25
66 25 21
66 25 24
66 24 23
66 23 22
67 31 2
67 2 0
67 2 1
67 31 30
67 30 23
67 23 20
67 20 18
67 18 3
67 18 17
67 17 16
67 16 8
67 8 4
67 8 7
67 7 6
67 6 5
67 16 15
67 15 14
67 14 10
67 10 9
67 14 13
67 13 12
67 12 11
67 20 19
67 23 22
67 22 21
67 30 29
67 29 25
67 25 24
67 29 28
67 28 27
67 27 26
68 29 28
68 28 27
68 27 12
68 12 1
68 1 0
68 12 11
68 11 2
68 11 10
68 10 9
68 9 3
68 9 8
68 8 6
68 6 4
68 6 5
68 8 7
68 27 26
68 26 15
68 15 14
68 14 13
68 26 25
68 25 22
68 22 21
68 21 18
68 18 17
68 17 16
68 21 20
68 20 19
68 25 24
68 24 23
69 34 5
69 5 4
69 4 2
69 2 0
69 2 1
69 4 3
69 34 33
69 33 32
69 32 31
69 31 25
69 25 16
69 16 9
69 9 8
69 8 7
69 7 6
69 16 15
69 15 14
69 14 13
69 13 11
69 11 10
69 13 12
69 25 24
69 24 23
69 23 18
69 18 17
69 23 22
69 22 20
69 20 19
69 22 21
69 31 30
69 30 29
69 29 27
69 27 26
69 29 28
70 30 2
70 2 1
70 1 0
70 30 29
70 29 14
70 14 13
70 13 12
70 12 6
70 6 5
70 5 4
70 4 3
70 12 11
70 11 10
70 10 8
70 8 7
70 10 9
70 29 28
70 28 27
70 27 26
70 26 22
70 22 21
70 21 20
70 20 19
70 19 18
70 18 16
70 16 15
70 18 17
70 26 25
70 25 24
70 24 23
71 31 30
71 30 28
71 28 6
71 6 5
71 5 0
71 5 4
71 4 1
71 4 3
71 3 2
71 28 27
71 27 10
71 10 9
71 9 8
71 8 7
71 27 26
71 26 25
71 25 14
71 14 11
71 14 13
71 13 12
71 25 24
71 24 15
71 24 23
71 23 22
71 22 16
71 22 21
71 21 20
71 20 17
71 20 19
71 19 18
71 30 29
72 32 31
72 31 30
72 30 29
72 29 18
72 18 7
72 7 0
72 7 6
72 6 3
72 3 2
72 2 1
72 6 5
72 5 4
72 18 17
72 17 8
72 17 16
72 16 15
72 15 14
72 14 12
72 12 10
72 10 9
72 12 11
72 14 13
72 29 28
72 28 27
72 27 25
72 25 21
72 21 20
72 20 19
72 25 24
72 24 22
72 24 23
72 27 26
73 32 1
73 1 0
73 32 31
73 31 30
73 30 27
73 27 22
73 22 19
73 19 17
73 17 16
73 16 3
73 3 2
73 16 15
73 15 11
73 11 10
73 10 9
73 9 8
73 8 5
73 5 4
73 8 7
73 7 6
73 15 14
73 14 12
73 14 13
73 19 18
73 22 21
73 21 20
73 27 26
73 26 23
73 26 25
73 25 24
73 30 29
73 29 28
74 32 0
74 32 31
74 31 30
74 30 1
74 30 29
74 29 27
74 27 14
74 14 13
74 13 11
74 11 10
74 10 9
74 9 2
74 9 8
74 8 7
74 7 6
74 6 3
74 6 5
74 5 4
74 13 12
74 27 26
74 26 15
74 26 25
74 25 16
74 25 24
74 24 23
74 23 22
74 22 17
74 22 21
74 21 18
74 21 20
74 20 19
74 29 28
75 31 29
75 29 28
75 28 27
75 27 0
75 27 26
75 26 22
75 22 1
75 22 21
75 21 2
75 21 20
75 20 19
75 19 3
75 19 18
75 18 15
75 15 12
75 12 6
75 6 5
75 5 4
75 12 11
75 11 10
75 10 8
75 8 7
75 10 9
75 15 14
75 14 13
75 18 17
75 17 16
75 26 25
75 25 24
75 24 23
75 31 30
76 33 29
76 29 26
76 26 4
76 4 2
76 2 1
76 1 0
76 4 3
76 26 25
76 25 24
76 24 22
76 22 16
76 16 5
76 16 15
76 15 13
76 13 12
76 12 10
76 10 9
76 9 8
76 8 7
76 7 6
76 12 11
76 15 14
76 22 21
76 21 19
76 19 18
76 18 17
76 21 20
76 24 23
76 29 28
76 28 27
76 33 32
76 32 30
76 32 31
77 31 30
77 30 29
77 29 28
77 28 2
77 2 0
77 2 1
77 28 27
77 27 26
77 26 25
77 25 23
77 23 22
77 22 3
77 22 21
77 21 19
77 19 18
77 18 5
77 5 4
77 18 17
77 17 12
77 12 11
77 11 10
77 10 6
77 10 9
77 9 8
77 8 7
77 17 16
77 16 15
77 15 13
77 15 14
77 21 20
77 25 24
78 29 28
78 28 27
78 27 25
78 25 18
78 18 7
78 7 2
78 2 1
78 1 0
78 7 6
78 6 4
78 4 3
78 6 5
78 18 17
78 17 15
78 15 14
78 14 11
78 11 10
78 10 9
78 9 8
78 14 13
78 13 12
78 17 16
78 25 24
78 24 19
78 24 23
78 23 22
78 22 21
78 21 20
78 27 26
79 31 0
79 31 30
79 30 1
79 30 29
79 29 28
79 28 7
79 7 6
79 6 4
79 4 3
79 3 2
79 6 5
79 28 27
79 27 26
79 26 24
79 24 23
79 23 22
79 22 21
79 21 8
79 21 20
79 20 10
79 10 9
79 20 19
79 19 17
79 17 15
79 15 14
79 14 13
79 13 12
79 12 11
79 17 16
79 19 18
79 26 25
80 29 17
80 17 15
80 15 1
80 1 0
80 15 14
80 14 13
80 13 2
80 13 12
80 12 3
80 12 11
80 11 10
80 10 4
80 10 9
80 9 8
80 8 7
80 7 5
80 7 6
80 17 16
80 29 28
80 28 23
80 23 18
80 23 22
80 22 19
80 22 21
80 21 20
80 28 27
80 27 25
80 25 24
80 27 26
81 33 1
81 1 0
81 33 32
81 32 3
81 3 2
81 32 31
81 31 30
81 30 12
81 12 10
81 10 7
81 7 5
81 5 4
81 7 6
81 10 9
81 9 8
81 12 11
81 30 29
81 29 28
81 28 27
81 27 26
81 26 13
81 26 25
81 25 24
81 24 23
81 23 17
81 17 16
81 16 14
81 16 15
81 23 22
81 22 21
81 21 18
81 21 20
81 20 19
82 33 2
82 2 1
82 1 0
82 33 32
82 32 22
82 22 20
82 20 19
82 19 10
82 10 6
82 6 3
82 6 5
82 5 4
82 10 9
82 9 7
82 9 8
82 19 18
82 18 17
82 17 16
82 16 11
82 16 15
82 15 12
82 15 14
82 14 13
82 22 21
82 32 31
82 31 30
82 30 23
82 30 29
82 29 26
82 26 24
82 26 25
82 29 28
82 28 27
83 29 13
83 13 0
83 13 12
83 12 9
83 9 8
83 8 2
83 2 1
83 8 7
83 7 3
83 7 6
83 6 5
83 5 4
83 12 11
83 11 10
83 29 28
83 28 26
83 26 25
83 25 23
83 23 22
83 22 20
83 20 19
83 19 15
83 15 14
83 19 18
83 18 16
83 18 17
83 22 21
83 25 24
83 28 27
84 31 30
84 30 7
84 7 1
84 1 0
84 7 6
84 6 2
84 6 5
84 5 4
84 4 3
84 30 29
84 29 9
84 9 8
84 29 28
84 28 10
84 28 27
84 27 24
84 24 23
84 23 19
84 19 18
84 18 16
84 16 14
84 14 13
84 13 11
84 13 12
84 16 15
84 18 17
84 23 22
84 22 21
84 21 20
84 27 26
84 26 25
85 29 0
85 29 28
85 28 1
85 28 27
85 27 23
85 23 22
85 22 13
85 13 6
85 6 5
85 5 2
85 5 4
85 4 3
85 13 12
85 12 7
85 12 11
85 11 8
85 11 10
85 10 9
85 22 21
85 21 14
85 21 20
85 20 19
85 19 16
85 16 15
85 19 18
85 18 17
85 27 26
85 26 24
85 26 25
86 32 30
86 30 29
86 29 1
86 1 0
86 29 28
86 28 25
86 25 17
86 17 13
86 13 10
86 10 8
86 8 7
86 7 2
86 7 6
86 6 5
86 5 3
86 5 4
86 10 9
86 13 12
86 12 11
86 17 16
86 16 15
86 15 14
86 25 24
86 24 22
86 22 18
86 22 21
86 21 20
86 20 19
86 24 23
86 28 27
86 27 26
86 32 31
87 31 29
87 29 28
87 28 23
87 23 18
87 18 0
87 18 17
87 17 1
87 17 16
87 16 5
87 5 3
87 3 2
87 5 4
87 16 15
87 15 13
87 13 7
87 7 6
87 13 12
87 12 11
87 11 10
87 10 8
87 10 9
87 15 14
87 23 22
87 22 20
87 20 19
87 22 21
87 28 27
87 27 26
87 26 24
87 26 25
87 31 30
88 29 1
88 1 0
88 29 28
88 28 7
88 7 5
88 5 2
88 5 4
88 4 3
88 7 6
88 28 27
88 27 26
88 26 22
88 22 10
88 10 9
88 9 8
88 22 21
88 21 15
88 15 14
88 14 11
88 14 13
88 13 12
88 21 20
88 20 18
88 18 17
88 17 16
88 20 19
88 26 25
88 25 24
88 24 23
89 30 29
89 29 2
89 2 1
89 1 0
89 29 28
89 28 27
89 27 24
89 24 7
89 7 6
89 6 5
89 5 4
89 4 3
89 24 23
89 23 22
89 22 11
89 11 8
89 11 10
89 10 9
89 22 21
89 21 18
89 18 14
89 14 12
89 14 13
89 18 17
89 17 16
89 16 15
89 21 20
89 20 19
89 27 26
89 26 25
90 34 12
90 12 10
90 10 4
90 4 2
90 2 0
90 2 1
90 4 3
90 10 9
90 9 7
90 7 6
90 6 5
90 9 8
90 12 11
90 34 33
90 33 30
90 30 28
90 28 27
90 27 16
90 16 14
90 14 13
90 16 15
90 27 26
90 26 25
90 25 22
90 22 20
90 20 18
90 18 17
90 20 19
90 22 21
90 25 24
90 24 23
90 30 29
90 33 32
90 32 31
91 33 32
91 32 6
91 6 2
91 2 1
91 1 0
91 6 5
91 5 3
91 5 4
91 32 31
91 31 7
91 31 30
91 30 11
91 11 10
91 10 9
91 9 8
91 30 29
91 29 13
91 13 12
91 29 28
91 28 16
91 16 14
91 16 15
91 28 27
91 27 22
91 22 21
91 21 18
91 18 17
91 21 20
91 20 19
91 27 26
91 26 25
91 25 23
91 25 24
92 32 0
92 32 31
92 31 29
92 29 1
92 29 28
92 28 2
92 28 27
92 27 4
92 4 3
92 27 26
92 26 22
92 22 21
92 21 5
92 21 20
92 20 6
92 20 19
92 19 9
92 9 8
92 8 7
92 19 18
92 18 16
92 16 15
92 15 14
92 14 13
92 13 12
92 12 11
92 11 10
92 18 17
92 26 25
92 25 23
92 25 24
92 31 30
93 33 32
93 32 31
93 31 19
93 19 18
93 18 17
93 17 3
93 3 2
93 2 1
93 1 0
93 17 16
93 16 15
93 15 9
93 9 8
93 8 6
93 6 5
93 5 4
93 8 7
93 15 14
93 14 10
93 14 13
93 13 12
93 12 11
93 31 30
93 30 29
93 29 28
93 28 26
93 26 24
93 24 23
93 23 22
93 22 20
93 22 21
93 26 25
93 28 27
94 34 2
94 2 0
94 2 1
94 34 33
94 33 7
94 7 6
94 6 3
94 6 5
94 5 4
94 33 32
94 32 24
94 24 23
94 23 22
94 22 16
94 16 15
94 15 14
94 14 13
94 13 11
94 11 8
94 11 10
94 10 9
94 13 12
94 22 21
94 21 20
94 20 18
94 18 17
94 20 19
94 32 31
94 31 29
94 29 26
94 26 25
94 29 28
94 28 27
94 31 30
95 33 32
95 32 31
95 31 30
95 30 0
95 30 29
95 29 2
95 2 1
95 29 28
95 28 26
95 26 25
95 25 24
95 24 20
95 20 6
95 6 5
95 5 4
95 4 3
95 20 19
95 19 17
95 17 13
95 13 11
95 11 8
95 8 7
95 11 10
95 10 9
95 13 12
95 17 16
95 16 14
95 16 15
95 19 18
95 24 23
95 23 22
95 22 21
95 28 27
96 32 31
96 31 27
96 27 25
96 25 24
96 24 4
96 4 3
96 3 1
96 1 0
96 3 2
96 24 23
96 23 16
96 16 15
96 15 5
96 15 14
96 14 13
96 13 11
96 11 10
96 10 6
96 10 9
96 9 8
96 8 7
96 13 12
96 23 22
96 22 21
96 21 17
96 21 20
96 20 18
96 20 19
96 27 26
96 31 30
96 30 28
96 30 29
97 31 0
97 31 30
97 30 27
97 27 2
97 2 1
97 27 26
97 26 22
97 22 21
97 21 19
97 19 18
97 18 3
97 18 17
97 17 9
97 9 7
97 7 5
97 5 4
97 7 6
97 9 8
97 17 16
97 16 14
97 14 13
97 13 12
97 12 10
97 12 11
97 16 15
97 21 20
97 26 25
97 25 23
97 25 24
97 30 29
97 29 28
98 30 1
98 1 0
98 30 29
98 29 15
98 15 6
98 6 5
98 5 3
98 3 2
98 5 4
98 15 14
98 14 7
98 14 13
98 13 12
98 12 11
98 11 10
98 10 9
98 9 8
98 29 28
98 28 16
98 28 27
98 27 24
98 24 19
98 19 17
98 19 18
98 24 23
98 23 22
98 22 20
98 22 21
98 27 26
98 26 25
99 32 17
99 17 5
99 5 4
99 4 2
99 2 0
99 2 1
99 4 3
99 17 16
99 16 9
99 9 6
99 9 8
99 8 7
99 16 15
99 15 10
99 15 14
99 14 13
99 13 12
99 12 11
99 32 31
99 31 18
99 31 30
99 30 29
99 29 28
99 28 20
99 20 19
99 28 27
99 27 26
99 26 21
99 26 25
99 25 23
99 23 22
99 25 24
100 29 27
100 27 26
100 26 1
100 1 0
100 26 25
100 25 24
100 24 12
100 12 3
100 3 2
100 12 11
100 11 10
100 10 9
100 9 5
100 5 4
100 9 8
100 8 6
100 8 7
100 24 23
100 23 13
100 23 22
100 22 20
100 20 19
100 19 18
100 18 16
100 16 15
100 15 14
100 18 17
100 22 21
100 29 28
101 32 30
101 30 26
101 26 25
101 25 2
101 2 1
101 1 0
101 25 24
101 24 20
101 20 19
101 19 18
101 18 16
101 16 15
101 15 14
101 14 13
101 13 11
101 11 7
101 7 6
101 6 4
101 4 3
101 6 5
101 11 10
101 10 9
101 9 8
101 13 12
101 18 17
101 24 23
101 23 22
101 22 21
101 30 29
101 29 27
101 29 28
101 32 31
