1 30 24
1 24 22
1 22 0
1 22 21
1 21 20
1 20 19
1 19 18
1 18 17
1 17 12
1 12 11
1 11 10
1 10 8
1 8 7
1 7 1
1 7 6
1 6 5
1 5 2
1 5 4
1 4 3
1 10 9
1 17 16
1 16 14
1 14 13
1 16 15
1 24 23
1 30 29
1 29 27
1 27 25
1 27 26
1 29 28
2 30 23
2 23 13
2 13 12
2 12 4
2 4 0
2 4 3
2 3 1
2 3 2
2 12 11
2 11 6
2 6 5
2 11 10
2 10 7
2 10 9
2 9 8
2 23 22
2 22 19
2 19 18
2 18 14
2 18 17
2 17 15
2 17 16
2 22 21
2 21 20
2 30 29
2 29 27
2 27 26
2 26 25
2 25 24
2 29 28
3 31 29
3 29 28
3 28 0
3 28 27
3 27 17
3 17 16
3 16 14
3 14 13
3 13 12
3 12 2
3 2 1
3 12 11
3 11 10
3 10 9
3 9 8
3 8 3
3 8 7
3 7 6
3 6 5
3 5 4
3 16 15
3 27 26
3 26 19
3 19 18
3 26 25
3 25 24
3 24 23
3 23 22
3 22 21
3 21 20
3 31 30
4 32 28
4 28 0
4 28 27
4 27 1
4 27 26
4 26 24
4 24 9
4 9 6
4 6 4
4 4 2
4 4 3
4 6 5
4 9 8
4 8 7
4 24 23
4 23 19
4 19 18
4 18 17
4 17 16
4 16 13
4 13 12
4 12 11
4 11 10
4 16 15
4 15 14
4 23 22
4 22 20
4 22 21
4 26 25
4 32 31
4 31 30
4 30 29
5 32 13
5 13 7
5 7 6
5 6 5
5 5 0
5 5 4
5 4 3
5 3 2
5 2 1
5 13 12
5 12 8
5 12 11
5 11 9
5 11 10
5 32 31
5 31 30
5 30 29
5 29 18
5 18 14
5 18 17
5 17 15
5 17 16
5 29 28
5 28 20
5 20 19
5 28 27
5 27 26
5 26 21
5 26 25
5 25 23
5 23 22
5 25 24
6 32 1
6 1 0
6 32 31
6 31 2
6 31 30
6 30 3
6 30 29
6 29 14
6 14 4
6 14 13
6 13 11
6 11 7
6 7 5
6 7 6
6 11 10
6 10 8
6 10 9
6 13 12
6 29 28
6 28 23
6 23 22
6 22 21
6 21 17
6 17 16
6 16 15
6 21 20
6 20 18
6 20 19
6 28 27
6 27 25
6 25 24
6 27 26
7 32 31
7 31 1
7 1 0
7 31 30
7 30 2
7 30 29
7 29 22
7 22 21
7 21 20
7 20 16
7 16 10
7 10 8
7 8 3
7 8 7
7 7 4
7 7 6
7 6 5
7 10 9
7 16 15
7 15 13
7 13 11
7 13 12
7 15 14
7 20 19
7 19 17
7 19 18
7 29 28
7 28 23
7 28 27
7 27 26
7 26 24
7 26 25
8 31 30
8 30 0
8 30 29
8 29 4
8 4 3
8 3 2
8 2 1
8 29 28
8 28 26
8 26 24
8 24 23
8 23 12
8 12 9
8 9 8
8 8 7
8 7 5
8 7 6
8 12 11
8 11 10
8 23 22
8 22 21
8 21 20
8 20 14
8 14 13
8 20 19
8 19 17
8 17 16
8 16 15
8 19 18
8 26 25
8 28 27
9 29 28
9 28 27
9 27 26
9 26 25
9 25 24
9 24 0
9 24 23
9 23 22
9 22 16
9 16 1
9 16 15
9 15 14
9 14 2
9 14 13
9 13 12
9 12 3
9 12 11
9 11 10
9 10 9
9 9 8
9 8 6
9 6 4
9 6 5
9 8 7
9 22 21
9 21 17
9 21 20
9 20 18
9 20 19
10 33 32
10 32 30
10 30 29
10 29 28
10 28 9
10 9 8
10 8 0
10 8 7
10 7 4
10 4 3
10 3 1
10 3 2
10 7 6
10 6 5
10 28 27
10 27 25
10 25 21
10 21 20
10 20 19
10 19 18
10 18 17
10 17 16
10 16 15
10 15 12
10 12 11
10 11 10
10 15 14
10 14 13
10 25 24
10 24 23
10 23 22
10 27 26
10 32 31
11 31 30
11 30 28
11 28 3
11 3 2
11 2 1
11 1 0
11 28 27
11 27 19
11 19 17
11 17 4
11 17 16
11 16 15
11 15 13
11 13 12
11 12 11
11 11 10
11 10 6
11 6 5
11 10 9
11 9 8
11 8 7
11 15 14
11 19 18
11 27 26
11 26 21
11 21 20
11 26 25
11 25 22
11 25 24
11 24 23
11 30 29
12 33 2
12 2 0
12 2 1
12 33 32
12 32 3
12 32 31
12 31 7
12 7 5
12 5 4
12 7 6
12 31 30
12 30 8
12 30 29
12 29 28
12 28 9
12 28 27
12 27 20
12 20 10
12 20 19
12 19 13
12 13 12
12 12 11
12 19 18
12 18 16
12 16 14
12 16 15
12 18 17
12 27 26
12 26 24
12 24 23
12 23 22
12 22 21
12 26 25
13 31 9
13 9 8
13 8 3
13 3 1
13 1 0
13 3 2
13 8 7
13 7 6
13 6 5
13 5 4
13 31 30
13 30 28
13 28 27
13 27 24
13 24 23
13 23 19
13 19 18
13 18 10
13 18 17
13 17 16
13 16 11
13 16 15
13 15 13
13 13 12
13 15 14
13 23 22
13 22 21
13 21 20
13 27 26
13 26 25
13 30 29
14 30 5
14 5 1
14 1 0
14 5 4
14 4 3
14 3 2
14 30 29
14 29 18
14 18 17
14 17 16
14 16 14
14 14 12
14 12 11
14 11 10
14 10 6
14 10 9
14 9 8
14 8 7
14 14 13
14 16 15
14 29 28
14 28 27
14 27 21
14 21 20
14 20 19
14 27 26
14 26 22
14 26 25
14 25 23
14 25 24
15 33 31
15 31 22
15 22 21
15 21 18
15 18 0
15 18 17
15 17 1
15 17 16
15 16 8
15 8 7
15 7 5
15 5 4
15 4 3
15 3 2
15 7 6
15 16 15
15 15 14
15 14 13
15 13 11
15 11 10
15 10 9
15 13 12
15 21 20
15 20 19
15 31 30
15 30 27
15 27 26
15 26 25
15 25 23
15 25 24
15 30 29
15 29 28
15 33 32
16 34 33
16 33 32
16 32 2
16 2 1
16 1 0
16 32 31
16 31 27
16 27 12
16 12 8
16 8 6
16 6 3
16 6 5
16 5 4
16 8 7
16 12 11
16 11 10
16 10 9
16 27 26
16 26 13
16 26 25
16 25 21
16 21 20
16 20 19
16 19 18
16 18 17
16 17 15
16 15 14
16 17 16
16 25 24
16 24 23
16 23 22
16 31 30
16 30 29
16 29 28
17 34 2
17 2 1
17 1 0
17 34 33
17 33 29
17 29 3
17 29 28
17 28 27
17 27 17
17 17 4
17 17 16
17 16 13
17 13 10
17 10 8
17 8 6
17 6 5
17 8 7
17 10 9
17 13 12
17 12 11
17 16 15
17 15 14
17 27 26
17 26 25
17 25 24
17 24 18
17 24 23
17 23 19
17 23 22
17 22 21
17 21 20
17 33 32
17 32 30
17 32 31
18 30 29
18 29 2
18 2 1
18 1 0
18 29 28
18 28 22
18 22 21
18 21 20
18 20 19
18 19 13
18 13 12
18 12 10
18 10 8
18 8 7
18 7 5
18 5 4
18 4 3
18 7 6
18 10 9
18 12 11
18 19 18
18 18 17
18 17 14
18 17 16
18 16 15
18 28 27
18 27 26
18 26 23
18 26 25
18 25 24
19 29 2
19 2 0
19 2 1
19 29 28
19 28 24
19 24 5
19 5 3
19 5 4
19 24 23
19 23 6
19 23 22
19 22 21
19 21 15
19 15 14
19 14 7
19 14 13
19 13 9
19 9 8
19 13 12
19 12 10
19 12 11
19 21 20
19 20 19
19 19 16
19 19 18
19 18 17
19 28 27
19 27 26
19 26 25
20 34 0
20 34 33
20 33 29
20 29 1
20 29 28
20 28 27
20 27 26
20 26 25
20 25 20
20 20 18
20 18 16
20 16 2
20 16 15
20 15 5
20 5 3
20 5 4
20 15 14
20 14 6
20 14 13
20 13 12
20 12 11
20 11 9
20 9 8
20 8 7
20 11 10
20 18 17
20 20 19
20 25 24
20 24 21
20 24 23
20 23 22
20 33 32
20 32 30
20 32 31
21 34 8
21 8 7
21 7 5
21 5 4
21 4 1
21 1 0
21 4 3
21 3 2
21 7 6
21 34 33
21 33 13
21 13 12
21 12 9
21 12 11
21 11 10
21 33 32
21 32 27
21 27 26
21 26 15
21 15 14
21 26 25
21 25 23
21 23 17
21 17 16
21 23 22
21 22 21
21 21 20
21 20 19
21 19 18
21 25 24
21 32 31
21 31 30
21 30 28
21 30 29
22 34 14
22 14 1
22 1 0
22 14 13
22 13 3
22 3 2
22 13 12
22 12 4
22 12 11
22 11 10
22 10 8
22 8 7
22 7 6
22 6 5
22 10 9
22 34 33
22 33 15
22 33 32
22 32 28
22 28 19
22 19 17
22 17 16
22 19 18
22 28 27
22 27 21
22 21 20
22 27 26
22 26 24
22 24 22
22 24 23
22 26 25
22 32 31
22 31 30
22 30 29
23 30 28
23 28 17
23 17 0
23 17 16
23 16 14
23 14 13
23 13 4
23 4 3
23 3 2
23 2 1
23 13 12
23 12 11
23 11 10
23 10 9
23 9 5
23 9 8
23 8 6
23 8 7
23 16 15
23 28 27
23 27 26
23 26 25
23 25 18
23 25 24
23 24 20
23 20 19
23 24 23
23 23 22
23 22 21
23 30 29
24 34 1
24 1 0
24 34 33
24 33 32
24 32 5
24 5 2
24 5 4
24 4 3
24 32 31
24 31 28
24 28 27
24 27 24
24 24 23
24 23 22
24 22 16
24 16 8
24 8 6
24 8 7
24 16 15
24 15 11
24 11 9
24 11 10
24 15 14
24 14 13
24 13 12
24 22 21
24 21 20
24 20 19
24 19 18
24 18 17
24 27 26
24 26 25
24 31 30
24 30 29
25 33 31
25 31 29
25 29 26
25 26 0
25 26 25
25 25 6
25 6 4
25 4 2
25 2 1
25 4 3
25 6 5
25 25 24
25 24 23
25 23 9
25 9 8
25 8 7
25 23 22
25 22 21
25 21 20
25 20 18
25 18 15
25 15 14
25 14 11
25 11 10
25 14 13
25 13 12
25 18 17
25 17 16
25 20 19
25 29 28
25 28 27
25 31 30
25 33 32
26 34 33
26 33 22
26 22 18
26 18 0
26 18 17
26 17 1
26 17 16
26 16 13
26 13 12
26 12 10
26 10 5
26 5 2
26 5 4
26 4 3
26 10 9
26 9 8
26 8 7
26 7 6
26 12 11
26 16 15
26 15 14
26 22 21
26 21 20
26 20 19
26 33 32
26 32 23
26 32 31
26 31 30
26 30 29
26 29 27
26 27 26
26 26 25
26 25 24
26 29 28
27 30 2
27 2 0
27 2 1
27 30 29
27 29 28
27 28 11
27 11 6
27 6 4
27 4 3
27 6 5
27 11 10
27 10 7
27 10 9
27 9 8
27 28 27
27 27 25
27 25 12
27 25 24
27 24 22
27 22 21
27 21 16
27 16 14
27 14 13
27 16 15
27 21 20
27 20 19
27 19 18
27 18 17
27 24 23
27 27 26
28 30 8
28 8 2
28 2 1
28 1 0
28 8 7
28 7 6
28 6 4
28 4 3
28 6 5
28 30 29
28 29 27
28 27 12
28 12 9
28 12 11
28 11 10
28 27 26
28 26 18
28 18 17
28 17 16
28 16 14
28 14 13
28 16 15
28 26 25
28 25 21
28 21 20
28 20 19
28 25 24
28 24 22
28 24 23
28 29 28
29 32 2
29 2 0
29 2 1
29 32 31
29 31 5
29 5 4
29 4 3
29 31 30
29 30 6
29 30 29
29 29 8
29 8 7
29 29 28
29 28 26
29 26 25
29 25 24
29 24 9
29 24 23
29 23 19
29 19 10
29 19 18
29 18 17
29 17 16
29 16 11
29 16 15
29 15 14
29 14 12
29 14 13
29 23 22
29 22 20
29 22 21
29 28 27
30 34 33
30 33 15
30 15 14
30 14 5
30 5 4
30 4 0
30 4 3
30 3 2
30 2 1
30 14 13
30 13 7
30 7 6
30 13 12
30 12 8
30 12 11
30 11 10
30 10 9
30 33 32
30 32 21
30 21 17
30 17 16
30 21 20
30 20 19
30 19 18
30 32 31
30 31 22
30 31 30
30 30 23
30 30 29
30 29 24
30 29 28
30 28 25
30 28 27
30 27 26
31 34 33
31 33 32
31 32 28
31 28 0
31 28 27
31 27 26
31 26 4
31 4 3
31 3 1
31 3 2
31 26 25
31 25 24
31 24 22
31 22 8
31 8 7
31 7 6
31 6 5
31 22 21
31 21 20
31 20 9
31 20 19
31 19 18
31 18 12
31 12 10
31 12 11
31 18 17
31 17 13
31 17 16
31 16 14
31 16 15
31 24 23
31 32 31
31 31 30
31 30 29
32 32 23
32 23 21
32 21 0
32 21 20
32 20 2
32 2 1
32 20 19
32 19 14
32 14 9
32 9 8
32 8 7
32 7 5
32 5 4
32 4 3
32 7 6
32 14 13
32 13 10
32 13 12
32 12 11
32 19 18
32 18 17
32 17 16
32 16 15
32 23 22
32 32 31
32 31 30
32 30 29
32 29 27
32 27 26
32 26 25
32 25 24
32 29 28
33 33 30
33 30 1
33 1 0
33 30 29
33 29 27
33 27 26
33 26 25
33 25 21
33 21 18
33 18 17
33 17 12
33 12 10
33 10 9
33 9 7
33 7 2
33 7 6
33 6 5
33 5 4
33 4 3
33 9 8
33 12 11
33 17 16
33 16 14
33 14 13
33 16 15
33 21 20
33 20 19
33 25 24
33 24 22
33 24 23
33 29 28
33 33 32
33 32 31
34 33 0
34 33 32
34 32 29
34 29 22
34 22 21
34 21 18
34 18 1
34 18 17
34 17 12
34 12 7
34 7 3
34 3 2
34 7 6
34 6 4
34 6 5
34 12 11
34 11 8
34 11 10
34 10 9
34 17 16
34 16 15
34 15 13
34 15 14
34 21 20
34 20 19
34 29 28
34 28 27
34 27 23
34 27 26
34 26 25
34 25 24
34 32 31
34 31 30
35 34 32
35 32 31
35 31 10
35 10 8
35 8 4
35 4 3
35 3 1
35 1 0
35 3 2
35 8 7
35 7 6
35 6 5
35 10 9
35 31 30
35 30 29
35 29 18
35 18 11
35 18 17
35 17 16
35 16 15
35 15 13
35 13 12
35 15 14
35 29 28
35 28 19
35 28 27
35 27 20
35 27 26
35 26 21
35 26 25
35 25 24
35 24 23
35 23 22
35 34 33
36 33 32
36 32 27
36 27 23
36 23 1
36 1 0
36 23 22
36 22 21
36 21 7
36 7 5
36 5 2
36 5 4
36 4 3
36 7 6
36 21 20
36 20 19
36 19 18
36 18 17
36 17 14
36 14 13
36 13 8
36 13 12
36 12 11
36 11 10
36 10 9
36 17 16
36 16 15
36 27 26
36 26 25
36 25 24
36 32 31
36 31 30
36 30 28
36 30 29
37 29 27
37 27 0
37 27 26
37 26 25
37 25 24
37 24 2
37 2 1
37 24 23
37 23 19
37 19 18
37 18 13
37 13 11
37 11 9
37 9 3
37 9 8
37 8 5
37 5 4
37 8 7
37 7 6
37 11 10
37 13 12
37 18 17
37 17 15
37 15 14
37 17 16
37 23 22
37 22 21
37 21 20
37 29 28
38 30 6
38 6 5
38 5 4
38 4 1
38 1 0
38 4 3
38 3 2
38 30 29
38 29 25
38 25 24
38 24 23
38 23 21
38 21 7
38 21 20
38 20 18
38 18 17
38 17 15
38 15 12
38 12 11
38 11 10
38 10 8
38 10 9
38 15 14
38 14 13
38 17 16
38 20 19
38 23 22
38 29 28
38 28 26
38 28 27
39 30 15
39 15 12
39 12 4
39 4 0
39 4 3
39 3 1
39 3 2
39 12 11
39 11 5
39 11 10
39 10 8
39 8 6
39 8 7
39 10 9
39 15 14
39 14 13
39 30 29
39 29 28
39 28 26
39 26 25
39 25 19
39 19 17
39 17 16
39 19 18
39 25 24
39 24 21
39 21 20
39 24 23
39 23 22
39 28 27
40 30 28
40 28 25
40 25 21
40 21 1
40 1 0
40 21 20
40 20 19
40 19 18
40 18 10
40 10 9
40 9 5
40 5 2
40 5 4
40 4 3
40 9 8
40 8 7
40 7 6
40 18 17
40 17 16
40 16 15
40 15 14
40 14 12
40 12 11
40 14 13
40 25 24
40 24 22
40 24 23
40 28 27
40 27 26
40 30 29
41 31 14
41 14 13
41 13 12
41 12 11
41 11 10
41 10 7
41 7 2
41 2 1
41 1 0
41 7 6
41 6 5
41 5 4
41 4 3
41 10 9
41 9 8
41 31 30
41 30 29
41 29 26
41 26 25
41 25 23
41 23 16
41 16 15
41 23 22
41 22 18
41 18 17
41 22 21
41 21 19
41 21 20
41 25 24
41 29 28
41 28 27
42 31 27
42 27 3
42 3 1
42 1 0
42 3 2
42 27 26
42 26 25
42 25 23
42 23 16
42 16 11
42 11 5
42 5 4
42 11 10
42 10 9
42 9 8
42 8 7
42 7 6
42 16 15
42 15 14
42 14 12
42 14 13
42 23 22
42 22 21
42 21 20
42 20 17
42 20 19
42 19 18
42 25 24
42 31 30
42 30 29
42 29 28
43 32 30
43 30 27
43 27 24
43 24 6
43 6 0
43 6 5
43 5 1
43 5 4
43 4 3
43 3 2
43 24 23
43 23 7
43 23 22
43 22 19
43 19 18
43 18 16
43 16 15
43 15 14
43 14 10
43 10 8
43 10 9
43 14 13
43 13 11
43 13 12
43 18 17
43 22 21
43 21 20
43 27 26
43 26 25
43 30 29
43 29 28
43 32 31
44 30 29
44 29 27
44 27 26
44 26 11
44 11 10
44 10 8
44 8 3
44 3 1
44 1 0
44 3 2
44 8 7
44 7 5
44 5 4
44 7 6
44 10 9
44 26 25
44 25 24
44 24 13
44 13 12
44 24 23
44 23 20
44 20 18
44 18 14
44 18 17
44 17 15
44 17 16
44 20 19
44 23 22
44 22 21
44 29 28
45 31 29
45 29 26
45 26 24
45 24 6
45 6 5
45 5 2
45 2 0
45 2 1
45 5 4
45 4 3
45 24 23
45 23 22
45 22 21
45 21 7
45 21 20
45 20 17
45 17 12
45 12 11
45 11 10
45 10 8
45 10 9
45 17 16
45 16 13
45 16 15
45 15 14
45 20 19
45 19 18
45 26 25
45 29 28
45 28 27
45 31 30
46 33 3
46 3 2
46 2 1
46 1 0
46 33 32
46 32 31
46 31 28
46 28 27
46 27 24
46 24 23
46 23 18
46 18 17
46 17 7
46 7 5
46 5 4
46 7 6
46 17 16
46 16 15
46 15 11
46 11 9
46 9 8
46 11 10
46 15 14
46 14 12
46 14 13
46 23 22
46 22 20
46 20 19
46 22 21
46 27 26
46 26 25
46 31 30
46 30 29
47 30 28
47 28 1
47 1 0
47 28 27
47 27 22
47 22 20
47 20 14
47 14 13
47 13 12
47 12 11
47 11 5
47 5 4
47 4 3
47 3 2
47 11 10
47 10 6
47 10 9
47 9 8
47 8 7
47 20 19
47 19 16
47 16 15
47 19 18
47 18 17
47 22 21
47 27 26
47 26 24
47 24 23
47 26 25
47 30 29
48 31 1
48 1 0
48 31 30
48 30 26
48 26 24
48 24 9
48 9 8
48 8 2
48 8 7
48 7 6
48 6 5
48 5 3
48 5 4
48 24 23
48 23 20
48 20 19
48 19 18
48 18 10
48 18 17
48 17 16
48 16 12
48 12 11
48 16 15
48 15 13
48 15 14
48 23 22
48 22 21
48 26 25
48 30 29
48 29 27
48 29 28
49 29 28
49 28 0
49 28 27
49 27 26
49 26 1
49 26 25
49 25 24
49 24 2
49 24 23
49 23 18
49 18 3
49 18 17
49 17 16
49 16 13
49 13 12
49 12 11
49 11 4
49 11 10
49 10 8
49 8 7
49 7 5
49 7 6
49 10 9
49 16 15
49 15 14
49 23 22
49 22 19
49 22 21
49 21 20
50 30 28
50 28 26
50 26 2
50 2 1
50 1 0
50 26 25
50 25 24
50 24 18
50 18 3
50 18 17
50 17 9
50 9 8
50 8 6
50 6 4
50 6 5
50 8 7
50 17 16
50 16 11
50 11 10
50 16 15
50 15 12
50 15 14
50 14 13
50 24 23
50 23 19
50 23 22
50 22 21
50 21 20
50 28 27
50 30 29
51 33 31
51 31 29
51 29 16
51 16 14
51 14 13
51 13 1
51 1 0
51 13 12
51 12 11
51 11 9
51 9 2
51 9 8
51 8 6
51 6 5
51 5 4
51 4 3
51 8 7
51 11 10
51 16 15
51 29 28
51 28 26
51 26 23
51 23 22
51 22 17
51 22 21
51 21 20
51 20 18
51 20 19
51 26 25
51 25 24
51 28 27
51 31 30
51 33 32
52 32 15
52 15 0
52 15 14
52 14 6
52 6 5
52 5 4
52 4 1
52 4 3
52 3 2
52 14 13
52 13 9
52 9 7
52 9 8
52 13 12
52 12 11
52 11 10
52 32 31
52 31 30
52 30 29
52 29 28
52 28 27
52 27 16
52 27 26
52 26 23
52 23 22
52 22 18
52 18 17
52 22 21
52 21 20
52 20 19
52 26 25
52 25 24
53 33 32
53 32 30
53 30 29
53 29 24
53 24 22
53 22 20
53 20 18
53 18 16
53 16 15
53 15 0
53 15 14
53 14 13
53 13 12
53 12 10
53 10 4
53 4 3
53 3 2
53 2 1
53 10 9
53 9 8
53 8 5
53 8 7
53 7 6
53 12 11
53 18 17
53 20 19
53 22 21
53 24 23
53 29 28
53 28 27
53 27 26
53 26 25
53 32 31
54 29 9
54 9 8
54 8 2
54 2 1
54 1 0
54 8 7
54 7 3
54 7 6
54 6 5
54 5 4
54 29 28
54 28 25
54 25 24
54 24 23
54 23 14
54 14 10
54 14 13
54 13 11
54 13 12
54 23 22
54 22 21
54 21 20
54 20 19
54 19 18
54 18 17
54 17 16
54 16 15
54 28 27
54 27 26
55 32 29
55 29 25
55 25 13
55 13 4
55 4 3
55 3 0
55 3 2
55 2 1
55 13 12
55 12 11
55 11 10
55 10 9
55 9 6
55 6 5
55 9 8
55 8 7
55 25 24
55 24 14
55 24 23
55 23 22
55 22 20
55 20 18
55 18 15
55 18 17
55 17 16
55 20 19
55 22 21
55 29 28
55 28 27
55 27 26
55 32 31
55 31 30
56 32 0
56 32 31
56 31 1
56 31 30
56 30 27
56 27 11
56 11 2
56 11 10
56 10 9
56 9 6
56 6 4
56 4 3
56 6 5
56 9 8
56 8 7
56 27 26
56 26 25
56 25 23
56 23 22
56 22 20
56 20 18
56 18 12
56 18 17
56 17 14
56 14 13
56 17 16
56 16 15
56 20 19
56 22 21
56 25 24
56 30 29
56 29 28
57 30 6
57 6 0
57 6 5
57 5 3
57 3 1
57 3 2
57 5 4
57 30 29
57 29 27
57 27 26
57 26 25
57 25 21
57 21 20
57 20 18
57 18 16
57 16 15
57 15 14
57 14 11
57 11 7
57 11 10
57 10 8
57 10 9
57 14 13
57 13 12
57 18 17
57 20 19
57 25 24
57 24 22
57 24 23
57 29 28
58 30 29
58 29 3
58 3 2
58 2 0
58 2 1
58 29 28
58 28 6
58 6 4
58 6 5
58 28 27
58 27 10
58 10 8
58 8 7
58 10 9
58 27 26
58 26 11
58 26 25
58 25 18
58 18 17
58 17 12
58 17 16
58 16 15
58 15 14
58 14 13
58 25 24
58 24 23
58 23 20
58 20 19
58 23 22
58 22 21
59 29 27
59 27 26
59 26 0
59 26 25
59 25 9
59 9 8
59 8 7
59 7 6
59 6 2
59 2 1
59 6 5
59 5 4
59 4 3
59 25 24
59 24 21
59 21 20
59 20 10
59 20 19
59 19 18
59 18 17
59 17 15
59 15 14
59 14 12
59 12 11
59 14 13
59 17 16
59 24 23
59 23 22
59 29 28
60 32 0
60 32 31
60 31 11
60 11 10
60 10 4
60 4 1
60 4 3
60 3 2
60 10 9
60 9 7
60 7 5
60 7 6
60 9 8
60 31 30
60 30 29
60 29 28
60 28 27
60 27 13
60 13 12
60 27 26
60 26 20
60 20 19
60 19 17
60 17 14
60 17 16
60 16 15
60 19 18
60 26 25
60 25 23
60 23 22
60 22 21
60 25 24
61 32 31
61 31 2
61 2 0
61 2 1
61 31 30
61 30 26
61 26 3
61 26 25
61 25 8
61 8 6
61 6 4
61 6 5
61 8 7
61 25 24
61 24 22
61 22 18
61 18 17
61 17 9
61 17 16
61 16 14
61 14 12
61 12 10
61 12 11
61 14 13
61 16 15
61 22 21
61 21 20
61 20 19
61 24 23
61 30 29
61 29 27
61 29 28
62 30 3
62 3 2
62 2 0
62 2 1
62 30 29
62 29 4
62 29 28
62 28 20
62 20 5
62 20 19
62 19 18
62 18 15
62 15 12
62 12 7
62 7 6
62 12 11
62 11 10
62 10 8
62 10 9
62 15 14
62 14 13
62 18 17
62 17 16
62 28 27
62 27 23
62 23 22
62 22 21
62 27 26
62 26 25
62 25 24
63 34 33
63 33 32
63 32 17
63 17 14
63 14 13
63 13 12
63 12 0
63 12 11
63 11 1
63 11 10
63 10 7
63 7 5
63 5 4
63 4 2
63 4 3
63 7 6
63 10 9
63 9 8
63 17 16
63 16 15
63 32 31
63 31 20
63 20 18
63 20 19
63 31 30
63 30 24
63 24 21
63 24 23
63 23 22
63 30 29
63 29 28
63 28 27
63 27 25
63 27 26
64 34 29
64 29 28
64 28 21
64 21 20
64 20 18
64 18 17
64 17 16
64 16 0
64 16 15
64 15 9
64 9 8
64 8 2
64 2 1
64 8 7
64 7 3
64 7 6
64 6 5
64 5 4
64 15 14
64 14 13
64 13 12
64 12 10
64 12 11
64 20 19
64 28 27
64 27 25
64 25 23
64 23 22
64 25 24
64 27 26
64 34 33
64 33 32
64 32 30
64 32 31
65 32 31
65 31 14
65 14 0
65 14 13
65 13 1
65 13 12
65 12 2
65 12 11
65 11 10
65 10 3
65 10 9
65 9 4
65 9 8
65 8 6
65 6 5
65 8 7
65 31 30
65 30 29
65 29 27
65 27 26
65 26 25
65 25 16
65 16 15
65 25 24
65 24 23
65 23 20
65 20 19
65 19 17
65 19 18
65 23 22
65 22 21
65 29 28
66 31 30
66 30 25
66 25 6
66 6 0
66 6 5
66 5 2
66 2 1
66 5 4
66 4 3
66 25 24
66 24 23
66 23 12
66 12 11
66 11 10
66 10 8
66 8 7
66 10 9
66 23 22
66 22 21
66 21 20
66 20 16
66 16 14
66 14 13
66 16 15
66 20 19
66 19 17
66 19 18
66 30 29
66 29 26
66 29 28
66 28 27
67 29 28
67 28 27
67 27 26
67 26 24
67 24 23
67 23 22
67 22 19
67 19 4
67 4 0
67 4 3
67 3 1
67 3 2
67 19 18
67 18 16
67 16 15
67 15 14
67 14 13
67 13 7
67 7 6
67 6 5
67 13 12
67 12 11
67 11 10
67 10 8
67 10 9
67 18 17
67 22 21
67 21 20
67 26 25
68 30 18
68 18 17
68 17 5
68 5 1
68 1 0
68 5 4
68 4 3
68 3 2
68 17 16
68 16 14
68 14 12
68 12 9
68 9 8
68 8 6
68 8 7
68 12 11
68 11 10
68 14 13
68 16 15
68 30 29
68 29 28
68 28 27
68 27 25
68 25 24
68 24 23
68 23 22
68 22 19
68 22 21
68 21 20
68 27 26
69 33 14
69 14 13
69 13 11
69 11 10
69 10 0
69 10 9
69 9 8
69 8 5
69 5 1
69 5 4
69 4 2
69 4 3
69 8 7
69 7 6
69 13 12
69 33 32
69 32 30
69 30 29
69 29 19
69 19 18
69 18 16
69 16 15
69 18 17
69 29 28
69 28 27
69 27 20
69 27 26
69 26 22
69 22 21
69 26 25
69 25 23
69 25 24
69 32 31
70 30 29
70 29 27
70 27 25
70 25 6
70 6 3
70 3 2
70 2 0
70 2 1
70 6 5
70 5 4
70 25 24
70 24 23
70 23 13
70 13 8
70 8 7
70 13 12
70 12 11
70 11 10
70 10 9
70 23 22
70 22 19
70 19 14
70 19 18
70 18 17
70 17 16
70 16 15
70 22 21
70 21 20
70 27 26
70 29 28
71 34 33
71 33 28
71 28 27
71 27 26
71 26 25
71 25 13
71 13 11
71 11 9
71 9 7
71 7 6
71 6 5
71 5 3
71 3 0
71 3 2
71 2 1
71 5 4
71 9 8
71 11 10
71 13 12
71 25 24
71 24 22
71 22 18
71 18 14
71 18 17
71 17 16
71 16 15
71 22 21
71 21 20
71 20 19
71 24 23
71 33 32
71 32 29
71 32 31
71 31 30
72 33 32
72 32 0
72 32 31
72 31 30
72 30 29
72 29 1
72 29 28
72 28 27
72 27 2
72 27 26
72 26 25
72 25 3
72 25 24
72 24 7
72 7 4
72 7 6
72 6 5
72 24 23
72 23 11
72 11 9
72 9 8
72 11 10
72 23 22
72 22 21
72 21 12
72 21 20
72 20 19
72 19 17
72 17 15
72 15 13
72 15 14
72 17 16
72 19 18
73 34 4
73 4 1
73 1 0
73 4 3
73 3 2
73 34 33
73 33 32
73 32 31
73 31 5
73 31 30
73 30 12
73 12 11
73 11 9
73 9 8
73 8 6
73 8 7
73 11 10
73 30 29
73 29 28
73 28 27
73 27 25
73 25 22
73 22 21
73 21 20
73 20 18
73 18 13
73 18 17
73 17 16
73 16 14
73 16 15
73 20 19
73 25 24
73 24 23
73 27 26
74 33 32
74 32 31
74 31 30
74 30 29
74 29 27
74 27 25
74 25 21
74 21 8
74 8 6
74 6 4
74 4 2
74 2 0
74 2 1
74 4 3
74 6 5
74 8 7
74 21 20
74 20 9
74 20 19
74 19 13
74 13 11
74 11 10
74 13 12
74 19 18
74 18 14
74 18 17
74 17 15
74 17 16
74 25 24
74 24 23
74 23 22
74 27 26
74 29 28
75 31 17
75 17 11
75 11 0
75 11 10
75 10 9
75 9 7
75 7 4
75 4 2
75 2 1
75 4 3
75 7 6
75 6 5
75 9 8
75 17 16
75 16 14
75 14 13
75 13 12
75 16 15
75 31 30
75 30 29
75 29 28
75 28 22
75 22 21
75 21 20
75 20 19
75 19 18
75 28 27
75 27 26
75 26 24
75 24 23
75 26 25
76 29 28
76 28 26
76 26 25
76 25 24
76 24 5
76 5 4
76 4 0
76 4 3
76 3 2
76 2 1
76 24 23
76 23 6
76 23 22
76 22 14
76 14 8
76 8 7
76 14 13
76 13 11
76 11 10
76 10 9
76 13 12
76 22 21
76 21 19
76 19 17
76 17 16
76 16 15
76 19 18
76 21 20
76 28 27
77 29 19
77 19 2
77 2 0
77 2 1
77 19 18
77 18 17
77 17 15
77 15 3
77 15 14
77 14 5
77 5 4
77 14 13
77 13 12
77 12 6
77 12 11
77 11 7
77 11 10
77 10 9
77 9 8
77 17 16
77 29 28
77 28 27
77 27 20
77 27 26
77 26 25
77 25 22
77 22 21
77 25 24
77 24 23
78 32 31
78 31 30
78 30 0
78 30 29
78 29 28
78 28 10
78 10 8
78 8 7
78 7 6
78 6 4
78 4 1
78 4 3
78 3 2
78 6 5
78 10 9
78 28 27
78 27 22
78 22 21
78 21 16
78 16 14
78 14 12
78 12 11
78 14 13
78 16 15
78 21 20
78 20 19
78 19 17
78 19 18
78 27 26
78 26 25
78 25 23
78 25 24
79 34 4
79 4 0
79 4 3
79 3 2
79 2 1
79 34 33
79 33 31
79 31 29
79 29 24
79 24 22
79 22 5
79 22 21
79 21 20
79 20 19
79 19 17
79 17 16
79 16 15
79 15 6
79 15 14
79 14 13
79 13 10
79 10 9
79 9 7
79 9 8
79 13 12
79 12 11
79 19 18
79 24 23
79 29 28
79 28 26
79 26 25
79 28 27
79 31 30
79 33 32
80 33 15
80 15 7
80 7 6
80 6 3
80 3 1
80 1 0
80 3 2
80 6 5
80 5 4
80 15 14
80 14 9
80 9 8
80 14 13
80 13 12
80 12 10
80 12 11
80 33 32
80 32 31
80 31 28
80 28 16
80 28 27
80 27 26
80 26 17
80 26 25
80 25 23
80 23 20
80 20 19
80 19 18
80 23 22
80 22 21
80 25 24
80 31 30
80 30 29
81 30 20
81 20 1
81 1 0
81 20 19
81 19 2
81 19 18
81 18 12
81 12 7
81 7 3
81 7 6
81 6 4
81 6 5
81 12 11
81 11 10
81 10 8
81 10 9
81 18 17
81 17 13
81 17 16
81 16 14
81 16 15
81 30 29
81 29 26
81 26 22
81 22 21
81 26 25
81 25 23
81 25 24
81 29 28
81 28 27
82 29 0
82 29 28
82 28 25
82 25 24
82 24 16
82 16 14
82 14 8
82 8 4
82 4 1
82 4 3
82 3 2
82 8 7
82 7 5
82 7 6
82 14 13
82 13 9
82 13 12
82 12 11
82 11 10
82 16 15
82 24 23
82 23 22
82 22 20
82 20 19
82 19 18
82 18 17
82 22 21
82 28 27
82 27 26
83 32 31
83 31 0
83 31 30
83 30 27
83 27 11
83 11 4
83 4 1
83 4 3
83 3 2
83 11 10
83 10 5
83 10 9
83 9 6
83 9 8
83 8 7
83 27 26
83 26 25
83 25 24
83 24 23
83 23 21
83 21 12
83 21 20
83 20 19
83 19 13
83 19 18
83 18 17
83 17 16
83 16 15
83 15 14
83 23 22
83 30 29
83 29 28
84 32 31
84 31 30
84 30 18
84 18 2
84 2 0
84 2 1
84 18 17
84 17 15
84 15 3
84 15 14
84 14 4
84 14 13
84 13 11
84 11 10
84 10 8
84 8 7
84 7 6
84 6 5
84 10 9
84 13 12
84 17 16
84 30 29
84 29 27
84 27 19
84 27 26
84 26 22
84 22 20
84 22 21
84 26 25
84 25 24
84 24 23
84 29 28
85 32 0
85 32 31
85 31 7
85 7 6
85 6 5
85 5 2
85 2 1
85 5 4
85 4 3
85 31 30
85 30 24
85 24 23
85 23 8
85 23 22
85 22 21
85 21 20
85 20 19
85 19 17
85 17 12
85 12 10
85 10 9
85 12 11
85 17 16
85 16 15
85 15 13
85 15 14
85 19 18
85 30 29
85 29 25
85 29 28
85 28 27
85 27 26
86 32 31
86 31 1
86 1 0
86 31 30
86 30 10
86 10 8
86 8 5
86 5 4
86 4 3
86 3 2
86 8 7
86 7 6
86 10 9
86 30 29
86 29 11
86 29 28
86 28 12
86 28 27
86 27 26
86 26 23
86 23 20
86 20 19
86 19 13
86 19 18
86 18 17
86 17 16
86 16 14
86 16 15
86 23 22
86 22 21
86 26 25
86 25 24
87 34 33
87 33 31
87 31 28
87 28 27
87 27 16
87 16 15
87 15 2
87 2 0
87 2 1
87 15 14
87 14 7
87 7 6
87 6 4
87 4 3
87 6 5
87 14 13
87 13 12
87 12 11
87 11 10
87 10 8
87 10 9
87 27 26
87 26 20
87 20 17
87 20 19
87 19 18
87 26 25
87 25 24
87 24 22
87 22 21
87 24 23
87 31 30
87 30 29
87 33 32
88 31 30
88 30 7
88 7 5
88 5 4
88 4 3
88 3 2
88 2 0
88 2 1
88 7 6
88 30 29
88 29 8
88 29 28
88 28 13
88 13 12
88 12 11
88 11 10
88 10 9
88 28 27
88 27 24
88 24 22
88 22 20
88 20 14
88 20 19
88 19 17
88 17 16
88 16 15
88 19 18
88 22 21
88 24 23
88 27 26
88 26 25
89 30 29
89 29 28
89 28 27
89 27 26
89 26 21
89 21 4
89 4 1
89 1 0
89 4 3
89 3 2
89 21 20
89 20 8
89 8 7
89 7 6
89 6 5
89 20 19
89 19 17
89 17 14
89 14 12
89 12 9
89 12 11
89 11 10
89 14 13
89 17 16
89 16 15
89 19 18
89 26 25
89 25 23
89 23 22
89 25 24
90 31 1
90 1 0
90 31 30
90 30 14
90 14 4
90 4 2
90 4 3
90 14 13
90 13 5
90 13 12
90 12 11
90 11 10
90 10 6
90 10 9
90 9 8
90 8 7
90 30 29
90 29 28
90 28 27
90 27 26
90 26 25
90 25 18
90 18 15
90 18 17
90 17 16
90 25 24
90 24 23
90 23 21
90 21 20
90 20 19
90 23 22
91 30 29
91 29 28
91 28 25
91 25 0
91 25 24
91 24 21
91 21 20
91 20 19
91 19 18
91 18 5
91 5 2
91 2 1
91 5 4
91 4 3
91 18 17
91 17 16
91 16 7
91 7 6
91 16 15
91 15 14
91 14 8
91 14 13
91 13 9
91 13 12
91 12 10
91 12 11
91 24 23
91 23 22
91 28 27
91 27 26
92 30 0
92 30 29
92 29 21
92 21 20
92 20 1
92 20 19
92 19 6
92 6 5
92 5 4
92 4 3
92 3 2
92 19 18
92 18 17
92 17 7
92 17 16
92 16 13
92 13 12
92 12 8
92 12 11
92 11 10
92 10 9
92 16 15
92 15 14
92 29 28
92 28 27
92 27 26
92 26 22
92 26 25
92 25 24
92 24 23
93 33 29
93 29 28
93 28 0
93 28 27
93 27 26
93 26 1
93 26 25
93 25 21
93 21 20
93 20 19
93 19 18
93 18 17
93 17 9
93 9 8
93 8 7
93 7 2
93 7 6
93 6 5
93 5 3
93 5 4
93 17 16
93 16 15
93 15 10
93 15 14
93 14 11
93 14 13
93 13 12
93 25 24
93 24 22
93 24 23
93 33 32
93 32 31
93 31 30
94 31 30
94 30 29
94 29 28
94 28 0
94 28 27
94 27 1
94 27 26
94 26 24
94 24 22
94 22 16
94 16 6
94 6 5
94 5 2
94 5 4
94 4 3
94 16 15
94 15 7
94 15 14
94 14 10
94 10 9
94 9 8
94 14 13
94 13 12
94 12 11
94 22 21
94 21 20
94 20 19
94 19 18
94 18 17
94 24 23
94 26 25
95 30 0
95 30 29
95 29 28
95 28 18
95 18 17
95 17 3
95 3 2
95 2 1
95 17 16
95 16 14
95 14 6
95 6 4
95 6 5
95 14 13
95 13 8
95 8 7
95 13 12
95 12 10
95 10 9
95 12 11
95 16 15
95 28 27
95 27 26
95 26 19
95 26 25
95 25 20
95 25 24
95 24 21
95 24 23
95 23 22
96 29 28
96 28 27
96 27 26
96 26 2
96 2 0
96 2 1
96 26 25
96 25 24
96 24 23
96 23 20
96 20 14
96 14 12
96 12 3
96 12 11
96 11 9
96 9 8
96 8 7
96 7 5
96 5 4
96 7 6
96 11 10
96 14 13
96 20 19
96 19 18
96 18 17
96 17 15
96 17 16
96 23 22
96 22 21
97 30 29
97 29 0
97 29 28
97 28 1
97 28 27
97 27 8
97 8 4
97 4 3
97 3 2
97 8 7
97 7 6
97 6 5
97 27 26
97 26 11
97 11 10
97 10 9
97 26 25
97 25 24
97 24 20
97 20 12
97 20 19
97 19 18
97 18 17
97 17 16
97 16 14
97 14 13
97 16 15
97 24 23
97 23 21
97 23 22
98 31 30
98 30 25
98 25 0
98 25 24
98 24 5
98 5 4
98 4 2
98 2 1
98 4 3
98 24 23
98 23 22
98 22 21
98 21 20
98 20 18
98 18 17
98 17 16
98 16 9
98 9 7
98 7 6
98 9 8
98 16 15
98 15 14
98 14 10
98 14 13
98 13 11
98 13 12
98 20 19
98 30 29
98 29 28
98 28 27
98 27 26
99 29 26
99 26 20
99 20 19
99 19 3
99 3 1
99 1 0
99 3 2
99 19 18
99 18 7
99 7 4
99 7 6
99 6 5
99 18 17
99 17 10
99 10 8
99 10 9
99 17 16
99 16 15
99 15 14
99 14 11
99 14 13
99 13 12
99 26 25
99 25 24
99 24 22
99 22 21
99 24 23
99 29 28
99 28 27
100 32 8
100 8 7
100 7 5
100 5 0
100 5 4
100 4 1
100 4 3
100 3 2
100 7 6
100 32 31
100 31 30
100 30 12
100 12 10
100 10 9
100 12 11
100 30 29
100 29 28
100 28 27
100 27 26
100 26 15
100 15 14
100 14 13
100 26 25
100 25 24
100 24 17
100 17 16
100 24 23
100 23 22
100 22 18
100 22 21
100 21 20
100 20 19
101 32 3
101 3 0
101 3 2
101 2 1
101 32 31
101 31 28
101 28 5
101 5 4
101 28 27
101 27 25
101 25 24
101 24 23
101 23 6
101 23 22
101 22 8
101 8 7
101 22 21
101 21 20
101 20 19
101 19 18
101 18 9
101 18 17
101 17 10
101 17 16
101 16 15
101 15 11
101 15 14
101 14 13
101 13 12
101 27 26
101 31 30
101 30 29
