1 34 33
1 33 32
1 32 2
1 2 1
1 1 0
1 32 31
1 31 30
1 30 29
1 29 5
1 5 3
1 5 4
1 29 28
1 28 27
1 27 26
1 26 24
1 24 23
1 23 19
1 19 6
1 19 18
1 18 16
1 16 14
1 14 13
1 13 9
1 9 8
1 8 7
1 13 12
1 12 11
1 11 10
1 16 15
1 18 17
1 23 22
1 22 20
1 22 21
1 26 25
2 33 31
2 31 30
2 30 5
2 5 0
2 5 4
2 4 3
2 3 2
2 2 1
2 30 29
2 29 21
2 21 20
2 20 19
2 19 17
2 17 15
2 15 14
2 14 12
2 12 6
2 12 11
2 11 10
2 10 7
2 10 9
2 9 8
2 14 13
2 17 16
2 19 18
2 29 28
2 28 27
2 27 26
2 26 22
2 26 25
2 25 23
2 25 24
2 33 32
3 32 31
3 31 30
3 30 0
3 30 29
3 29 23
3 23 22
3 22 21
3 21 1
3 21 20
3 20 19
3 19 18
3 18 17
3 17 14
3 14 2
3 14 13
3 13 3
3 13 12
3 12 4
3 12 11
3 11 8
3 8 7
3 7 6
3 6 5
3 11 10
3 10 9
3 17 16
3 16 15
3 29 28
3 28 25
3 25 24
3 28 27
3 27 26
4 31 30
4 30 29
4 29 28
4 28 27
4 27 25
4 25 12
4 12 3
4 3 2
4 2 0
4 2 1
4 12 11
4 11 5
4 5 4
4 11 10
4 10 6
4 10 9
4 9 7
4 9 8
4 25 24
4 24 13
4 24 23
4 23 19
4 19 17
4 17 16
4 16 15
4 15 14
4 19 18
4 23 22
4 22 20
4 22 21
4 27 26
5 32 30
5 30 0
5 30 29
5 29 28
5 28 27
5 27 26
5 26 25
5 25 13
5 13 12
5 12 11
5 11 10
5 10 8
5 8 6
5 6 5
5 5 3
5 3 2
5 2 1
5 5 4
5 8 7
5 10 9
5 25 24
5 24 21
5 21 18
5 18 16
5 16 14
5 16 15
5 18 17
5 21 20
5 20 19
5 24 23
5 23 22
5 32 31
6 31 7
6 7 6
6 6 5
6 5 4
6 4 0
6 4 3
6 3 2
6 2 1
6 31 30
6 30 8
6 30 29
6 29 28
6 28 9
6 28 27
6 27 18
6 18 17
6 17 16
6 16 15
6 15 14
6 14 10
6 14 13
6 13 12
6 12 11
6 27 26
6 26 24
6 24 22
6 22 21
6 21 19
6 21 20
6 24 23
6 26 25
7 32 0
7 32 31
7 31 30
7 30 29
7 29 28
7 28 1
7 28 27
7 27 24
7 24 15
7 15 14
7 14 13
7 13 12
7 12 11
7 11 10
7 10 6
7 6 2
7 6 5
7 5 4
7 4 3
7 10 9
7 9 7
7 9 8
7 24 23
7 23 18
7 18 16
7 18 17
7 23 22
7 22 21
7 21 19
7 21 20
7 27 26
7 26 25
8 29 14
8 14 4
8 4 1
8 1 0
8 4 3
8 3 2
8 14 13
8 13 8
8 8 7
8 7 6
8 6 5
8 13 12
8 12 10
8 10 9
8 12 11
8 29 28
8 28 26
8 26 25
8 25 24
8 24 23
8 23 18
8 18 15
8 18 17
8 17 16
8 23 22
8 22 20
8 20 19
8 22 21
8 28 27
9 32 30
9 30 1
9 1 0
9 30 29
9 29 2
9 29 28
9 28 23
9 23 14
9 14 5
9 5 4
9 4 3
9 14 13
9 13 10
9 10 6
9 10 9
9 9 8
9 8 7
9 13 12
9 12 11
9 23 22
9 22 19
9 19 15
9 19 18
9 18 16
9 18 17
9 22 21
9 21 20
9 28 27
9 27 25
9 25 24
9 27 26
9 32 31
10 33 32
10 32 31
10 31 30
10 30 28
10 28 24
10 24 3
10 3 0
10 3 2
10 2 1
10 24 23
10 23 22
10 22 4
10 22 21
10 21 19
10 19 18
10 18 17
10 17 16
10 16 13
10 13 12
10 12 8
10 8 5
10 8 7
10 7 6
10 12 11
10 11 9
10 11 10
10 16 15
10 15 14
10 21 20
10 28 27
10 27 25
10 27 26
10 30 29
11 34 2
11 2 0
11 2 1
11 34 33
11 33 24
11 24 3
11 24 23
11 23 22
11 22 4
11 22 21
11 21 20
11 20 19
11 19 10
11 10 9
11 9 5
11 9 8
11 8 7
11 7 6
11 19 18
11 18 14
11 14 13
11 13 12
11 12 11
11 18 17
11 17 16
11 16 15
11 33 32
11 32 31
11 31 30
11 30 29
11 29 28
11 28 27
11 27 25
11 27 26
12 29 14
12 14 1
12 1 0
12 14 13
12 13 10
12 10 2
12 10 9
12 9 7
12 7 3
12 7 6
12 6 4
12 6 5
12 9 8
12 13 12
12 12 11
12 29 28
12 28 17
12 17 15
12 17 16
12 28 27
12 27 26
12 26 18
12 26 25
12 25 19
12 25 24
12 24 23
12 23 21
12 21 20
12 23 22
13 31 28
13 28 2
13 2 0
13 2 1
13 28 27
13 27 11
13 11 10
13 10 9
13 9 8
13 8 7
13 7 6
13 6 5
13 5 4
13 4 3
13 27 26
13 26 25
13 25 24
13 24 23
13 23 22
13 22 20
13 20 16
13 16 14
13 14 13
13 13 12
13 16 15
13 20 19
13 19 18
13 18 17
13 22 21
13 31 30
13 30 29
14 32 31
14 31 30
14 30 0
14 30 29
14 29 26
14 26 1
14 26 25
14 25 22
14 22 2
14 22 21
14 21 20
14 20 6
14 6 4
14 4 3
14 6 5
14 20 19
14 19 18
14 18 13
14 13 7
14 13 12
14 12 10
14 10 8
14 10 9
14 12 11
14 18 17
14 17 16
14 16 14
14 16 15
14 25 24
14 24 23
14 29 28
14 28 27
15 30 22
15 22 21
15 21 15
15 15 0
15 15 14
15 14 13
15 13 4
15 4 2
15 2 1
15 4 3
15 13 12
15 12 5
15 12 11
15 11 10
15 10 9
15 9 7
15 7 6
15 9 8
15 21 20
15 20 18
15 18 16
15 18 17
15 20 19
15 30 29
15 29 27
15 27 26
15 26 25
15 25 24
15 24 23
15 29 28
16 29 28
16 28 27
16 27 25
16 25 1
16 1 0
16 25 24
16 24 23
16 23 22
16 22 21
16 21 20
16 20 17
16 17 16
16 16 3
16 3 2
16 16 15
16 15 8
16 8 5
16 5 4
16 8 7
16 7 6
16 15 14
16 14 13
16 13 9
16 13 12
16 12 10
16 12 11
16 20 19
16 19 18
16 27 26
17 31 26
17 26 25
17 25 20
17 20 18
17 18 1
17 1 0
17 18 17
17 17 2
17 17 16
17 16 15
17 15 14
17 14 12
17 12 11
17 11 10
17 10 5
17 5 4
17 4 3
17 10 9
17 9 6
17 9 8
17 8 7
17 14 13
17 20 19
17 25 24
17 24 23
17 23 21
17 23 22
17 31 30
17 30 28
17 28 27
17 30 29
18 30 26
18 26 25
18 25 24
18 24 0
18 24 23
18 23 7
18 7 2
18 2 1
18 7 6
18 6 5
18 5 3
18 5 4
18 23 22
18 22 21
18 21 19
18 19 18
18 18 16
18 16 13
18 13 12
18 12 11
18 11 10
18 10 8
18 10 9
18 16 15
18 15 14
18 18 17
18 21 20
18 30 29
18 29 27
18 29 28
19 31 30
19 30 2
19 2 0
19 2 1
19 30 29
19 29 28
19 28 13
19 13 12
19 12 6
19 6 5
19 5 4
19 4 3
19 12 11
19 11 7
19 11 10
19 10 9
19 9 8
19 28 27
19 27 26
19 26 25
19 25 24
19 24 23
19 23 22
19 22 21
19 21 14
19 21 20
19 20 17
19 17 16
19 16 15
19 20 19
19 19 18
20 32 31
20 31 29
20 29 28
20 28 25
20 25 20
20 20 3
20 3 1
20 1 0
20 3 2
20 20 19
20 19 17
20 17 15
20 15 7
20 7 5
20 5 4
20 7 6
20 15 14
20 14 8
20 14 13
20 13 9
20 13 12
20 12 10
20 12 11
20 17 16
20 19 18
20 25 24
20 24 23
20 23 22
20 22 21
20 28 27
20 27 26
20 31 30
21 31 1
21 1 0
21 31 30
21 30 28
21 28 13
21 13 12
21 12 8
21 8 4
21 4 3
21 3 2
21 8 7
21 7 6
21 6 5
21 12 11
21 11 10
21 10 9
21 28 27
21 27 14
21 27 26
21 26 24
21 24 23
21 23 17
21 17 15
21 17 16
21 23 22
21 22 18
21 22 21
21 21 19
21 21 20
21 26 25
21 30 29
22 33 28
22 28 27
22 27 17
22 17 16
22 16 14
22 14 13
22 13 6
22 6 1
22 1 0
22 6 5
22 5 4
22 4 3
22 3 2
22 13 12
22 12 10
22 10 8
22 8 7
22 10 9
22 12 11
22 16 15
22 27 26
22 26 24
22 24 23
22 23 22
22 22 21
22 21 19
22 19 18
22 21 20
22 26 25
22 33 32
22 32 31
22 31 30
22 30 29
23 32 30
23 30 29
23 29 3
23 3 2
23 2 1
23 1 0
23 29 28
23 28 5
23 5 4
23 28 27
23 27 8
23 8 6
23 8 7
23 27 26
23 26 25
23 25 23
23 23 16
23 16 15
23 15 9
23 15 14
23 14 13
23 13 10
23 13 12
23 12 11
23 23 22
23 22 17
23 22 21
23 21 19
23 19 18
23 21 20
23 25 24
23 32 31
24 29 0
24 29 28
24 28 3
24 3 1
24 3 2
24 28 27
24 27 6
24 6 4
24 6 5
24 27 26
24 26 12
24 12 11
24 11 10
24 10 8
24 8 7
24 10 9
24 26 25
24 25 24
24 24 22
24 22 14
24 14 13
24 22 21
24 21 16
24 16 15
24 21 20
24 20 17
24 20 19
24 19 18
24 24 23
25 31 0
25 31 30
25 30 24
25 24 2
25 2 1
25 24 23
25 23 21
25 21 6
25 6 3
25 6 5
25 5 4
25 21 20
25 20 19
25 19 7
25 19 18
25 18 16
25 16 13
25 13 12
25 12 8
25 12 11
25 11 10
25 10 9
25 16 15
25 15 14
25 18 17
25 23 22
25 30 29
25 29 25
25 29 28
25 28 26
25 28 27
26 32 2
26 2 1
26 1 0
26 32 31
26 31 30
26 30 21
26 21 3
26 21 20
26 20 5
26 5 4
26 20 19
26 19 8
26 8 7
26 7 6
26 19 18
26 18 11
26 11 9
26 11 10
26 18 17
26 17 13
26 13 12
26 17 16
26 16 14
26 16 15
26 30 29
26 29 28
26 28 22
26 28 27
26 27 24
26 24 23
26 27 26
26 26 25
27 30 3
27 3 0
27 3 2
27 2 1
27 30 29
27 29 8
27 8 6
27 6 5
27 5 4
27 8 7
27 29 28
27 28 20
27 20 9
27 20 19
27 19 18
27 18 12
27 12 10
27 12 11
27 18 17
27 17 13
27 17 16
27 16 15
27 15 14
27 28 27
27 27 26
27 26 23
27 23 22
27 22 21
27 26 25
27 25 24
28 29 2
28 2 1
28 1 0
28 29 28
28 28 27
28 27 6
28 6 5
28 5 3
28 5 4
28 27 26
28 26 25
28 25 7
28 25 24
28 24 17
28 17 8
28 17 16
28 16 10
28 10 9
28 16 15
28 15 14
28 14 11
28 14 13
28 13 12
28 24 23
28 23 19
28 19 18
28 23 22
28 22 20
28 22 21
29 32 4
29 4 2
29 2 0
29 2 1
29 4 3
29 32 31
29 31 26
29 26 5
29 26 25
29 25 6
29 25 24
29 24 22
29 22 10
29 10 8
29 8 7
29 10 9
29 22 21
29 21 17
29 17 11
29 17 16
29 16 14
29 14 13
29 13 12
29 16 15
29 21 20
29 20 19
29 19 18
29 24 23
29 31 30
29 30 27
29 30 29
29 29 28
30 34 29
30 29 5
30 5 4
30 4 3
30 3 2
30 2 0
30 2 1
30 29 28
30 28 8
30 8 6
30 8 7
30 28 27
30 27 14
30 14 9
30 14 13
30 13 12
30 12 11
30 11 10
30 27 26
30 26 16
30 16 15
30 26 25
30 25 17
30 25 24
30 24 22
30 22 20
30 20 18
30 20 19
30 22 21
30 24 23
30 34 33
30 33 30
30 33 32
30 32 31
31 33 0
31 33 32
31 32 23
31 23 1
31 23 22
31 22 16
31 16 14
31 14 10
31 10 3
31 3 2
31 10 9
31 9 8
31 8 6
31 6 5
31 5 4
31 8 7
31 14 13
31 13 12
31 12 11
31 16 15
31 22 21
31 21 18
31 18 17
31 21 20
31 20 19
31 32 31
31 31 30
31 30 29
31 29 28
31 28 26
31 26 25
31 25 24
31 28 27
32 29 5
32 5 4
32 4 2
32 2 1
32 1 0
32 4 3
32 29 28
32 28 27
32 27 26
32 26 25
32 25 22
32 22 21
32 21 20
32 20 19
32 19 8
32 8 6
32 8 7
32 19 18
32 18 9
32 18 17
32 17 13
32 13 10
32 13 12
32 12 11
32 17 16
32 16 15
32 15 14
32 25 24
32 24 23
33 29 28
33 28 24
33 24 15
33 15 14
33 14 8
33 8 7
33 7 0
33 7 6
33 6 1
33 6 5
33 5 4
33 4 2
33 4 3
33 14 13
33 13 11
33 11 10
33 10 9
33 13 12
33 24 23
33 23 22
33 22 21
33 21 19
33 19 18
33 18 17
33 17 16
33 21 20
33 28 27
33 27 26
33 26 25
34 31 10
34 10 7
34 7 5
34 5 4
34 4 1
34 1 0
34 4 3
34 3 2
34 7 6
34 10 9
34 9 8
34 31 30
34 30 28
34 28 27
34 27 26
34 26 25
34 25 24
34 24 23
34 23 22
34 22 17
34 17 16
34 16 12
34 12 11
34 16 15
34 15 14
34 14 13
34 22 21
34 21 19
34 19 18
34 21 20
34 30 29
35 32 31
35 31 30
35 30 29
35 29 28
35 28 0
35 28 27
35 27 17
35 17 16
35 16 5
35 5 3
35 3 1
35 3 2
35 5 4
35 16 15
35 15 14
35 14 12
35 12 7
35 7 6
35 12 11
35 11 8
35 11 10
35 10 9
35 14 13
35 27 26
35 26 24
35 24 20
35 20 19
35 19 18
35 24 23
35 23 22
35 22 21
35 26 25
36 32 30
36 30 2
36 2 0
36 2 1
36 30 29
36 29 28
36 28 27
36 27 14
36 14 13
36 13 9
36 9 7
36 7 5
36 5 3
36 5 4
36 7 6
36 9 8
36 13 12
36 12 10
36 12 11
36 27 26
36 26 25
36 25 23
36 23 21
36 21 20
36 20 16
36 16 15
36 20 19
36 19 17
36 19 18
36 23 22
36 25 24
36 32 31
37 29 0
37 29 28
37 28 27
37 27 11
37 11 9
37 9 8
37 8 7
37 7 4
37 4 2
37 2 1
37 4 3
37 7 6
37 6 5
37 11 10
37 27 26
37 26 20
37 20 19
37 19 17
37 17 16
37 16 15
37 15 14
37 14 13
37 13 12
37 19 18
37 26 25
37 25 22
37 22 21
37 25 24
37 24 23
38 30 20
38 20 6
38 6 4
38 4 2
38 2 0
38 2 1
38 4 3
38 6 5
38 20 19
38 19 9
38 9 7
38 9 8
38 19 18
38 18 17
38 17 15
38 15 10
38 15 14
38 14 12
38 12 11
38 14 13
38 17 16
38 30 29
38 29 21
38 29 28
38 28 22
38 28 27
38 27 23
38 27 26
38 26 24
38 26 25
39 34 33
39 33 23
39 23 0
39 23 22
39 22 21
39 21 2
39 2 1
39 21 20
39 20 18
39 18 15
39 15 14
39 14 11
39 11 10
39 10 5
39 5 4
39 4 3
39 10 9
39 9 6
39 9 8
39 8 7
39 14 13
39 13 12
39 18 17
39 17 16
39 20 19
39 33 32
39 32 30
39 30 28
39 28 27
39 27 26
39 26 25
39 25 24
39 30 29
39 32 31
40 30 28
40 28 25
40 25 24
40 24 18
40 18 12
40 12 4
40 4 3
40 3 2
40 2 0
40 2 1
40 12 11
40 11 10
40 10 7
40 7 6
40 6 5
40 10 9
40 9 8
40 18 17
40 17 16
40 16 14
40 14 13
40 16 15
40 24 23
40 23 21
40 21 20
40 20 19
40 23 22
40 28 27
40 27 26
40 30 29
41 31 13
41 13 12
41 12 8
41 8 0
41 8 7
41 7 6
41 6 1
41 6 5
41 5 2
41 5 4
41 4 3
41 12 11
41 11 10
41 10 9
41 31 30
41 30 20
41 20 18
41 18 17
41 17 16
41 16 14
41 16 15
41 20 19
41 30 29
41 29 28
41 28 27
41 27 26
41 26 25
41 25 23
41 23 21
41 23 22
41 25 24
42 30 28
42 28 5
42 5 2
42 2 1
42 1 0
42 5 4
42 4 3
42 28 27
42 27 26
42 26 13
42 13 10
42 10 8
42 8 7
42 7 6
42 10 9
42 13 12
42 12 11
42 26 25
42 25 18
42 18 16
42 16 14
42 16 15
42 18 17
42 25 24
42 24 23
42 23 19
42 23 22
42 22 21
42 21 20
42 30 29
43 34 0
43 34 33
43 33 31
43 31 30
43 30 29
43 29 15
43 15 4
43 4 2
43 2 1
43 4 3
43 15 14
43 14 13
43 13 6
43 6 5
43 13 12
43 12 11
43 11 10
43 10 9
43 9 8
43 8 7
43 29 28
43 28 19
43 19 18
43 18 16
43 18 17
43 28 27
43 27 20
43 27 26
43 26 24
43 24 22
43 22 21
43 24 23
43 26 25
43 33 32
44 29 2
44 2 1
44 1 0
44 29 28
44 28 9
44 9 8
44 8 7
44 7 4
44 4 3
44 7 6
44 6 5
44 28 27
44 27 26
44 26 25
44 25 10
44 25 24
44 24 23
44 23 22
44 22 18
44 18 16
44 16 15
44 15 14
44 14 11
44 14 13
44 13 12
44 18 17
44 22 21
44 21 19
44 21 20
45 31 29
45 29 0
45 29 28
45 28 1
45 28 27
45 27 2
45 27 26
45 26 5
45 5 4
45 4 3
45 26 25
45 25 24
45 24 8
45 8 7
45 7 6
45 24 23
45 23 17
45 17 15
45 15 14
45 14 11
45 11 9
45 11 10
45 14 13
45 13 12
45 17 16
45 23 22
45 22 21
45 21 20
45 20 18
45 20 19
45 31 30
46 33 2
46 2 0
46 2 1
46 33 32
46 32 31
46 31 18
46 18 3
46 18 17
46 17 16
46 16 4
46 16 15
46 15 6
46 6 5
46 15 14
46 14 11
46 11 7
46 11 10
46 10 9
46 9 8
46 14 13
46 13 12
46 31 30
46 30 28
46 28 27
46 27 19
46 27 26
46 26 20
46 26 25
46 25 24
46 24 23
46 23 21
46 23 22
46 30 29
47 33 31
47 31 6
47 6 4
47 4 3
47 3 1
47 1 0
47 3 2
47 6 5
47 31 30
47 30 14
47 14 13
47 13 8
47 8 7
47 13 12
47 12 9
47 12 11
47 11 10
47 30 29
47 29 27
47 27 26
47 26 18
47 18 16
47 16 15
47 18 17
47 26 25
47 25 24
47 24 23
47 23 22
47 22 19
47 22 21
47 21 20
47 29 28
47 33 32
48 30 29
48 29 0
48 29 28
48 28 27
48 27 26
48 26 24
48 24 23
48 23 2
48 2 1
48 23 22
48 22 21
48 21 19
48 19 18
48 18 17
48 17 13
48 13 12
48 12 11
48 11 9
48 9 6
48 6 5
48 5 4
48 4 3
48 9 8
48 8 7
48 11 10
48 17 16
48 16 15
48 15 14
48 21 20
48 26 25
49 29 28
49 28 1
49 1 0
49 28 27
49 27 26
49 26 12
49 12 11
49 11 10
49 10 9
49 9 8
49 8 3
49 3 2
49 8 7
49 7 5
49 5 4
49 7 6
49 26 25
49 25 18
49 18 15
49 15 14
49 14 13
49 18 17
49 17 16
49 25 24
49 24 19
49 24 23
49 23 22
49 22 21
49 21 20
50 33 32
50 32 30
50 30 29
50 29 28
50 28 27
50 27 22
50 22 21
50 21 0
50 21 20
50 20 4
50 4 3
50 3 2
50 2 1
50 20 19
50 19 18
50 18 17
50 17 13
50 13 12
50 12 9
50 9 8
50 8 5
50 8 7
50 7 6
50 12 11
50 11 10
50 17 16
50 16 15
50 15 14
50 27 26
50 26 25
50 25 23
50 25 24
50 32 31
51 30 29
51 29 28
51 28 27
51 27 24
51 24 23
51 23 6
51 6 5
51 5 3
51 3 1
51 1 0
51 3 2
51 5 4
51 23 22
51 22 20
51 20 19
51 19 17
51 17 16
51 16 14
51 14 10
51 10 9
51 9 8
51 8 7
51 14 13
51 13 11
51 13 12
51 16 15
51 19 18
51 22 21
51 27 26
51 26 25
52 34 9
52 9 7
52 7 2
52 2 1
52 1 0
52 7 6
52 6 5
52 5 3
52 5 4
52 9 8
52 34 33
52 33 32
52 32 30
52 30 27
52 27 25
52 25 24
52 24 11
52 11 10
52 24 23
52 23 22
52 22 21
52 21 20
52 20 18
52 18 17
52 17 16
52 16 15
52 15 14
52 14 13
52 13 12
52 20 19
52 27 26
52 30 29
52 29 28
52 32 31
53 29 27
53 27 10
53 10 1
53 1 0
53 10 9
53 9 8
53 8 5
53 5 2
53 5 4
53 4 3
53 8 7
53 7 6
53 27 26
53 26 21
53 21 20
53 20 19
53 19 18
53 18 13
53 13 11
53 13 12
53 18 17
53 17 16
53 16 14
53 16 15
53 26 25
53 25 24
53 24 23
53 23 22
53 29 28
54 30 29
54 29 28
54 28 0
54 28 27
54 27 3
54 3 2
54 2 1
54 27 26
54 26 15
54 15 11
54 11 10
54 10 8
54 8 4
54 8 7
54 7 5
54 7 6
54 10 9
54 15 14
54 14 13
54 13 12
54 26 25
54 25 24
54 24 23
54 23 22
54 22 21
54 21 20
54 20 19
54 19 18
54 18 16
54 18 17
55 32 30
55 30 0
55 30 29
55 29 28
55 28 26
55 26 5
55 5 4
55 4 3
55 3 1
55 3 2
55 26 25
55 25 21
55 21 20
55 20 19
55 19 14
55 14 12
55 12 11
55 11 8
55 8 6
55 8 7
55 11 10
55 10 9
55 14 13
55 19 18
55 18 17
55 17 15
55 17 16
55 25 24
55 24 22
55 24 23
55 28 27
55 32 31
56 33 32
56 32 1
56 1 0
56 32 31
56 31 3
56 3 2
56 31 30
56 30 22
56 22 21
56 21 20
56 20 5
56 5 4
56 20 19
56 19 18
56 18 17
56 17 15
56 15 6
56 15 14
56 14 13
56 13 11
56 11 10
56 10 7
56 10 9
56 9 8
56 13 12
56 17 16
56 30 29
56 29 27
56 27 23
56 27 26
56 26 25
56 25 24
56 29 28
57 32 0
57 32 31
57 31 1
57 31 30
57 30 29
57 29 28
57 28 26
57 26 23
57 23 22
57 22 4
57 4 3
57 3 2
57 22 21
57 21 19
57 19 18
57 18 16
57 16 15
57 15 14
57 14 5
57 14 13
57 13 12
57 12 11
57 11 9
57 9 8
57 8 7
57 7 6
57 11 10
57 18 17
57 21 20
57 26 25
57 25 24
57 28 27
58 34 3
58 3 2
58 2 0
58 2 1
58 34 33
58 33 5
58 5 4
58 33 32
58 32 23
58 23 22
58 22 20
58 20 19
58 19 13
58 13 10
58 10 9
58 9 6
58 9 8
58 8 7
58 13 12
58 12 11
58 19 18
58 18 17
58 17 14
58 17 16
58 16 15
58 22 21
58 32 31
58 31 30
58 30 24
58 30 29
58 29 28
58 28 26
58 26 25
58 28 27
59 34 33
59 33 0
59 33 32
59 32 30
59 30 1
59 30 29
59 29 6
59 6 4
59 4 2
59 4 3
59 6 5
59 29 28
59 28 27
59 27 26
59 26 24
59 24 23
59 23 22
59 22 13
59 13 10
59 10 9
59 9 7
59 9 8
59 13 12
59 12 11
59 22 21
59 21 20
59 20 16
59 16 15
59 15 14
59 20 19
59 19 18
59 18 17
59 26 25
59 32 31
60 34 33
60 33 0
60 33 32
60 32 1
60 32 31
60 31 28
60 28 25
60 25 19
60 19 17
60 17 2
60 17 16
60 16 14
60 14 3
60 14 13
60 13 12
60 12 10
60 10 9
60 9 8
60 8 4
60 8 7
60 7 6
60 6 5
60 12 11
60 16 15
60 19 18
60 25 24
60 24 22
60 22 21
60 21 20
60 24 23
60 28 27
60 27 26
60 31 30
60 30 29
61 34 3
61 3 1
61 1 0
61 3 2
61 34 33
61 33 32
61 32 31
61 31 11
61 11 4
61 11 10
61 10 9
61 9 8
61 8 5
61 8 7
61 7 6
61 31 30
61 30 29
61 29 12
61 29 28
61 28 27
61 27 26
61 26 24
61 24 16
61 16 15
61 15 13
61 15 14
61 24 23
61 23 17
61 23 22
61 22 21
61 21 20
61 20 19
61 19 18
61 26 25
62 30 29
62 29 0
62 29 28
62 28 27
62 27 26
62 26 25
62 25 23
62 23 1
62 23 22
62 22 19
62 19 7
62 7 3
62 3 2
62 7 6
62 6 4
62 6 5
62 19 18
62 18 10
62 10 9
62 9 8
62 18 17
62 17 15
62 15 14
62 14 12
62 12 11
62 14 13
62 17 16
62 22 21
62 21 20
62 25 24
63 34 25
63 25 2
63 2 0
63 2 1
63 25 24
63 24 11
63 11 10
63 10 4
63 4 3
63 10 9
63 9 8
63 8 6
63 6 5
63 8 7
63 24 23
63 23 12
63 23 22
63 22 21
63 21 18
63 18 17
63 17 14
63 14 13
63 17 16
63 16 15
63 21 20
63 20 19
63 34 33
63 33 32
63 32 30
63 30 29
63 29 26
63 29 28
63 28 27
63 32 31
64 31 0
64 31 30
64 30 26
64 26 15
64 15 1
64 15 14
64 14 12
64 12 8
64 8 2
64 8 7
64 7 6
64 6 3
64 6 5
64 5 4
64 12 11
64 11 9
64 11 10
64 14 13
64 26 25
64 25 17
64 17 16
64 25 24
64 24 19
64 19 18
64 24 23
64 23 20
64 23 22
64 22 21
64 30 29
64 29 27
64 29 28
65 33 31
65 31 29
65 29 27
65 27 7
65 7 6
65 6 1
65 1 0
65 6 5
65 5 3
65 3 2
65 5 4
65 27 26
65 26 13
65 13 12
65 12 8
65 12 11
65 11 10
65 10 9
65 26 25
65 25 23
65 23 21
65 21 20
65 20 18
65 18 17
65 17 16
65 16 14
65 16 15
65 20 19
65 23 22
65 25 24
65 29 28
65 31 30
65 33 32
66 31 29
66 29 0
66 29 28
66 28 27
66 27 26
66 26 2
66 2 1
66 26 25
66 25 24
66 24 15
66 15 14
66 14 4
66 4 3
66 14 13
66 13 8
66 8 6
66 6 5
66 8 7
66 13 12
66 12 9
66 12 11
66 11 10
66 24 23
66 23 16
66 23 22
66 22 20
66 20 19
66 19 17
66 19 18
66 22 21
66 31 30
67 30 29
67 29 28
67 28 27
67 27 26
67 26 9
67 9 6
67 6 5
67 5 4
67 4 3
67 3 0
67 3 2
67 2 1
67 9 8
67 8 7
67 26 25
67 25 24
67 24 10
67 24 23
67 23 11
67 23 22
67 22 21
67 21 19
67 19 18
67 18 12
67 18 17
67 17 16
67 16 14
67 14 13
67 16 15
67 21 20
68 31 0
68 31 30
68 30 28
68 28 27
68 27 25
68 25 14
68 14 13
68 13 12
68 12 10
68 10 6
68 6 3
68 3 1
68 3 2
68 6 5
68 5 4
68 10 9
68 9 8
68 8 7
68 12 11
68 25 24
68 24 23
68 23 19
68 19 18
68 18 16
68 16 15
68 18 17
68 23 22
68 22 20
68 22 21
68 27 26
68 30 29
69 29 28
69 28 17
69 17 16
69 16 15
69 15 13
69 13 12
69 12 10
69 10 9
69 9 6
69 6 4
69 4 1
69 1 0
69 4 3
69 3 2
69 6 5
69 9 8
69 8 7
69 12 11
69 15 14
69 28 27
69 27 19
69 19 18
69 27 26
69 26 22
69 22 20
69 22 21
69 26 25
69 25 23
69 25 24
70 29 8
70 8 0
70 8 7
70 7 6
70 6 5
70 5 1
70 5 4
70 4 2
70 4 3
70 29 28
70 28 27
70 27 26
70 26 25
70 25 24
70 24 23
70 23 10
70 10 9
70 23 22
70 22 20
70 20 11
70 20 19
70 19 17
70 17 16
70 16 12
70 16 15
70 15 13
70 15 14
70 19 18
70 22 21
71 31 6
71 6 3
71 3 1
71 1 0
71 3 2
71 6 5
71 5 4
71 31 30
71 30 7
71 30 29
71 29 28
71 28 16
71 16 14
71 14 13
71 13 11
71 11 10
71 10 9
71 9 8
71 13 12
71 16 15
71 28 27
71 27 24
71 24 21
71 21 18
71 18 17
71 21 20
71 20 19
71 24 23
71 23 22
71 27 26
71 26 25
72 29 3
72 3 1
72 1 0
72 3 2
72 29 28
72 28 27
72 27 26
72 26 25
72 25 12
72 12 11
72 11 9
72 9 8
72 8 6
72 6 4
72 6 5
72 8 7
72 11 10
72 25 24
72 24 23
72 23 13
72 23 22
72 22 18
72 18 14
72 18 17
72 17 15
72 17 16
72 22 21
72 21 19
72 21 20
73 31 12
73 12 8
73 8 3
73 3 0
73 3 2
73 2 1
73 8 7
73 7 6
73 6 5
73 5 4
73 12 11
73 11 9
73 11 10
73 31 30
73 30 28
73 28 25
73 25 24
73 24 22
73 22 21
73 21 19
73 19 18
73 18 13
73 18 17
73 17 15
73 15 14
73 17 16
73 21 20
73 24 23
73 28 27
73 27 26
73 30 29
74 31 30
74 30 23
74 23 17
74 17 16
74 16 15
74 15 0
74 15 14
74 14 7
74 7 6
74 6 1
74 6 5
74 5 2
74 5 4
74 4 3
74 14 13
74 13 10
74 10 8
74 10 9
74 13 12
74 12 11
74 23 22
74 22 19
74 19 18
74 22 21
74 21 20
74 30 29
74 29 28
74 28 26
74 26 25
74 25 24
74 28 27
75 29 4
75 4 3
75 3 0
75 3 2
75 2 1
75 29 28
75 28 27
75 27 25
75 25 5
75 25 24
75 24 7
75 7 6
75 24 23
75 23 21
75 21 9
75 9 8
75 21 20
75 20 19
75 19 16
75 16 10
75 16 15
75 15 11
75 15 14
75 14 13
75 13 12
75 19 18
75 18 17
75 23 22
75 27 26
76 29 28
76 28 27
76 27 4
76 4 3
76 3 1
76 1 0
76 3 2
76 27 26
76 26 24
76 24 5
76 24 23
76 23 8
76 8 6
76 8 7
76 23 22
76 22 11
76 11 9
76 11 10
76 22 21
76 21 15
76 15 14
76 14 12
76 14 13
76 21 20
76 20 19
76 19 16
76 19 18
76 18 17
76 26 25
77 34 30
77 30 3
77 3 1
77 1 0
77 3 2
77 30 29
77 29 17
77 17 6
77 6 4
77 6 5
77 17 16
77 16 15
77 15 12
77 12 7
77 12 11
77 11 8
77 11 10
77 10 9
77 15 14
77 14 13
77 29 28
77 28 24
77 24 22
77 22 20
77 20 19
77 19 18
77 22 21
77 24 23
77 28 27
77 27 25
77 27 26
77 34 33
77 33 31
77 33 32
78 33 25
78 25 19
78 19 18
78 18 16
78 16 14
78 14 1
78 1 0
78 14 13
78 13 9
78 9 5
78 5 4
78 4 3
78 3 2
78 9 8
78 8 7
78 7 6
78 13 12
78 12 10
78 12 11
78 16 15
78 18 17
78 25 24
78 24 23
78 23 20
78 23 22
78 22 21
78 33 32
78 32 28
78 28 26
78 28 27
78 32 31
78 31 29
78 31 30
79 33 0
79 33 32
79 32 11
79 11 10
79 10 9
79 9 8
79 8 1
79 8 7
79 7 6
79 6 5
79 5 3
79 3 2
79 5 4
79 32 31
79 31 12
79 31 30
79 30 27
79 27 13
79 27 26
79 26 14
79 26 25
79 25 24
79 24 22
79 22 20
79 20 15
79 20 19
79 19 16
79 19 18
79 18 17
79 22 21
79 24 23
79 30 29
79 29 28
80 32 31
80 31 30
80 30 29
80 29 27
80 27 10
80 10 9
80 9 7
80 7 5
80 5 3
80 3 2
80 2 1
80 1 0
80 5 4
80 7 6
80 9 8
80 27 26
80 26 25
80 25 16
80 16 15
80 15 11
80 15 14
80 14 13
80 13 12
80 25 24
80 24 23
80 23 21
80 21 19
80 19 18
80 18 17
80 21 20
80 23 22
80 29 28
81 34 28
81 28 0
81 28 27
81 27 5
81 5 4
81 4 3
81 3 1
81 3 2
81 27 26
81 26 25
81 25 24
81 24 23
81 23 21
81 21 20
81 20 19
81 19 18
81 18 10
81 10 9
81 9 8
81 8 6
81 8 7
81 18 17
81 17 11
81 17 16
81 16 14
81 14 12
81 14 13
81 16 15
81 23 22
81 34 33
81 33 32
81 32 30
81 30 29
81 32 31
82 30 0
82 30 29
82 29 28
82 28 26
82 26 22
82 22 19
82 19 17
82 17 16
82 16 2
82 2 1
82 16 15
82 15 11
82 11 9
82 9 7
82 7 3
82 7 6
82 6 4
82 6 5
82 9 8
82 11 10
82 15 14
82 14 13
82 13 12
82 19 18
82 22 21
82 21 20
82 26 25
82 25 24
82 24 23
82 28 27
83 29 0
83 29 28
83 28 26
83 26 25
83 25 1
83 25 24
83 24 23
83 23 22
83 22 3
83 3 2
83 22 21
83 21 4
83 21 20
83 20 19
83 19 8
83 8 5
83 8 7
83 7 6
83 19 18
83 18 16
83 16 15
83 15 10
83 10 9
83 15 14
83 14 12
83 12 11
83 14 13
83 18 17
83 28 27
84 33 7
84 7 0
84 7 6
84 6 5
84 5 4
84 4 3
84 3 1
84 3 2
84 33 32
84 32 27
84 27 8
84 27 26
84 26 20
84 20 9
84 20 19
84 19 11
84 11 10
84 19 18
84 18 17
84 17 16
84 16 14
84 14 13
84 13 12
84 16 15
84 26 25
84 25 23
84 23 22
84 22 21
84 25 24
84 32 31
84 31 28
84 31 30
84 30 29
85 32 2
85 2 0
85 2 1
85 32 31
85 31 30
85 30 29
85 29 28
85 28 27
85 27 3
85 27 26
85 26 22
85 22 21
85 21 4
85 21 20
85 20 10
85 10 9
85 9 7
85 7 5
85 7 6
85 9 8
85 20 19
85 19 17
85 17 16
85 16 15
85 15 14
85 14 12
85 12 11
85 14 13
85 19 18
85 26 25
85 25 23
85 25 24
86 32 8
86 8 7
86 7 4
86 4 1
86 1 0
86 4 3
86 3 2
86 7 6
86 6 5
86 32 31
86 31 9
86 31 30
86 30 11
86 11 10
86 30 29
86 29 28
86 28 24
86 24 13
86 13 12
86 24 23
86 23 21
86 21 19
86 19 18
86 18 17
86 17 16
86 16 14
86 16 15
86 21 20
86 23 22
86 28 27
86 27 25
86 27 26
87 33 10
87 10 1
87 1 0
87 10 9
87 9 7
87 7 6
87 6 5
87 5 4
87 4 2
87 4 3
87 9 8
87 33 32
87 32 27
87 27 25
87 25 24
87 24 23
87 23 19
87 19 18
87 18 13
87 13 11
87 13 12
87 18 17
87 17 15
87 15 14
87 17 16
87 23 22
87 22 20
87 22 21
87 27 26
87 32 31
87 31 30
87 30 29
87 29 28
88 31 0
88 31 30
88 30 29
88 29 6
88 6 5
88 5 1
88 5 4
88 4 2
88 4 3
88 29 28
88 28 25
88 25 24
88 24 8
88 8 7
88 24 23
88 23 10
88 10 9
88 23 22
88 22 20
88 20 13
88 13 11
88 13 12
88 20 19
88 19 18
88 18 17
88 17 16
88 16 14
88 16 15
88 22 21
88 28 27
88 27 26
89 30 19
89 19 0
89 19 18
89 18 1
89 18 17
89 17 2
89 17 16
89 16 3
89 16 15
89 15 13
89 13 12
89 12 10
89 10 8
89 8 4
89 8 7
89 7 5
89 7 6
89 10 9
89 12 11
89 15 14
89 30 29
89 29 20
89 29 28
89 28 25
89 25 24
89 24 22
89 22 21
89 24 23
89 28 27
89 27 26
90 32 25
90 25 1
90 1 0
90 25 24
90 24 4
90 4 2
90 4 3
90 24 23
90 23 11
90 11 7
90 7 5
90 7 6
90 11 10
90 10 8
90 10 9
90 23 22
90 22 12
90 22 21
90 21 19
90 19 16
90 16 13
90 16 15
90 15 14
90 19 18
90 18 17
90 21 20
90 32 31
90 31 26
90 31 30
90 30 29
90 29 28
90 28 27
91 31 29
91 29 11
91 11 1
91 1 0
91 11 10
91 10 9
91 9 8
91 8 7
91 7 2
91 7 6
91 6 4
91 4 3
91 6 5
91 29 28
91 28 14
91 14 13
91 13 12
91 28 27
91 27 15
91 27 26
91 26 24
91 24 22
91 22 16
91 22 21
91 21 17
91 21 20
91 20 18
91 20 19
91 24 23
91 26 25
91 31 30
92 30 20
92 20 11
92 11 1
92 1 0
92 11 10
92 10 7
92 7 6
92 6 5
92 5 4
92 4 2
92 4 3
92 10 9
92 9 8
92 20 19
92 19 17
92 17 13
92 13 12
92 17 16
92 16 15
92 15 14
92 19 18
92 30 29
92 29 28
92 28 24
92 24 23
92 23 22
92 22 21
92 28 27
92 27 25
92 27 26
93 30 28
93 28 26
93 26 17
93 17 3
93 3 2
93 2 0
93 2 1
93 17 16
93 16 15
93 15 13
93 13 11
93 11 10
93 10 9
93 9 5
93 5 4
93 9 8
93 8 6
93 8 7
93 13 12
93 15 14
93 26 25
93 25 24
93 24 19
93 19 18
93 24 23
93 23 21
93 21 20
93 23 22
93 28 27
93 30 29
94 32 14
94 14 9
94 9 7
94 7 0
94 7 6
94 6 4
94 4 3
94 3 1
94 3 2
94 6 5
94 9 8
94 14 13
94 13 10
94 13 12
94 12 11
94 32 31
94 31 19
94 19 15
94 19 18
94 18 16
94 18 17
94 31 30
94 30 21
94 21 20
94 30 29
94 29 28
94 28 24
94 24 22
94 24 23
94 28 27
94 27 26
94 26 25
95 30 27
95 27 25
95 25 5
95 5 3
95 3 2
95 2 1
95 1 0
95 5 4
95 25 24
95 24 23
95 23 20
95 20 18
95 18 17
95 17 14
95 14 13
95 13 11
95 11 7
95 7 6
95 11 10
95 10 9
95 9 8
95 13 12
95 17 16
95 16 15
95 20 19
95 23 22
95 22 21
95 27 26
95 30 29
95 29 28
96 33 32
96 32 30
96 30 0
96 30 29
96 29 28
96 28 18
96 18 17
96 17 16
96 16 5
96 5 1
96 5 4
96 4 3
96 3 2
96 16 15
96 15 6
96 15 14
96 14 12
96 12 10
96 10 9
96 9 8
96 8 7
96 12 11
96 14 13
96 28 27
96 27 23
96 23 21
96 21 20
96 20 19
96 23 22
96 27 26
96 26 24
96 26 25
96 32 31
97 32 31
97 31 27
97 27 25
97 25 0
97 25 24
97 24 23
97 23 19
97 19 1
97 19 18
97 18 17
97 17 15
97 15 2
97 15 14
97 14 4
97 4 3
97 14 13
97 13 7
97 7 6
97 6 5
97 13 12
97 12 9
97 9 8
97 12 11
97 11 10
97 17 16
97 23 22
97 22 21
97 21 20
97 27 26
97 31 30
97 30 29
97 29 28
98 29 27
98 27 22
98 22 21
98 21 20
98 20 19
98 19 0
98 19 18
98 18 2
98 2 1
98 18 17
98 17 12
98 12 11
98 11 4
98 4 3
98 11 10
98 10 8
98 8 7
98 7 6
98 6 5
98 10 9
98 17 16
98 16 15
98 15 14
98 14 13
98 27 26
98 26 25
98 25 23
98 25 24
98 29 28
99 33 0
99 33 32
99 32 29
99 29 28
99 28 11
99 11 1
99 11 10
99 10 9
99 9 2
99 9 8
99 8 7
99 7 6
99 6 5
99 5 3
99 5 4
99 28 27
99 27 26
99 26 24
99 24 12
99 24 23
99 23 15
99 15 14
99 14 13
99 23 22
99 22 19
99 19 18
99 18 16
99 18 17
99 22 21
99 21 20
99 26 25
99 32 31
99 31 30
100 29 10
100 10 9
100 9 4
100 4 0
100 4 3
100 3 2
100 2 1
100 9 8
100 8 7
100 7 6
100 6 5
100 29 28
100 28 16
100 16 15
100 15 12
100 12 11
100 15 14
100 14 13
100 28 27
100 27 17
100 27 26
100 26 25
100 25 24
100 24 22
100 22 21
100 21 19
100 19 18
100 21 20
100 24 23
101 33 32
101 32 31
101 31 28
101 28 27
101 27 26
101 26 1
101 1 0
101 26 25
101 25 6
101 6 5
101 5 2
101 5 4
101 4 3
101 25 24
101 24 23
101 23 22
101 22 20
101 20 19
101 19 15
101 15 12
101 12 11
101 11 10
101 10 7
101 10 9
101 9 8
101 15 14
101 14 13
101 19 18
101 18 16
101 18 17
101 22 21
101 31 30
101 30 29
