1 34 33
1 33 26
1 26 25
1 25 1
1 1 0
1 25 24
1 24 23
1 23 9
1 9 3
1 3 2
1 9 8
1 8 5
1 5 4
1 8 7
1 7 6
1 23 22
1 22 11
1 11 10
1 22 21
1 21 19
1 19 13
1 13 12
1 19 18
1 18 17
1 17 16
1 16 15
1 15 14
1 21 20
1 33 32
1 32 30
1 30 27
1 30 29
1 29 28
1 32 31
2 34 33
2 33 32
2 32 31
2 31 29
2 29 28
2 28 0
2 28 27
2 27 21
2 21 17
2 17 2
2 2 1
2 17 16
2 16 14
2 14 13
2 13 12
2 12 11
2 11 3
2 11 10
2 10 4
2 10 9
2 9 6
2 6 5
2 9 8
2 8 7
2 16 15
2 21 20
2 20 19
2 19 18
2 27 26
2 26 22
2 26 25
2 25 24
2 24 23
2 31 30
3 33 1
3 1 0
3 33 32
3 32 8
3 8 6
3 6 5
3 5 3
3 3 2
3 5 4
3 8 7
3 32 31
3 31 28
3 28 27
3 27 26
3 26 25
3 25 24
3 24 23
3 23 22
3 22 18
3 18 9
3 18 17
3 17 11
3 11 10
3 17 16
3 16 13
3 13 12
3 16 15
3 15 14
3 22 21
3 21 20
3 20 19
3 31 30
3 30 29
4 33 30
4 30 6
4 6 0
4 6 5
4 5 3
4 3 1
4 3 2
4 5 4
4 30 29
4 29 27
4 27 9
4 9 8
4 8 7
4 27 26
4 26 25
4 25 23
4 23 10
4 23 22
4 22 15
4 15 11
4 15 14
4 14 12
4 14 13
4 22 21
4 21 20
4 20 16
4 20 19
4 19 18
4 18 17
4 25 24
4 29 28
4 33 32
4 32 31
5 30 29
5 29 9
5 9 5
5 5 4
5 4 1
5 1 0
5 4 3
5 3 2
5 9 8
5 8 7
5 7 6
5 29 28
5 28 27
5 27 10
5 27 26
5 26 12
5 12 11
5 26 25
5 25 17
5 17 16
5 16 15
5 15 14
5 14 13
5 25 24
5 24 23
5 23 20
5 20 18
5 20 19
5 23 22
5 22 21
6 33 0
6 33 32
6 32 29
6 29 9
6 9 8
6 8 7
6 7 5
6 5 1
6 5 4
6 4 2
6 4 3
6 7 6
6 29 28
6 28 27
6 27 24
6 24 22
6 22 21
6 21 17
6 17 15
6 15 14
6 14 13
6 13 12
6 12 11
6 11 10
6 17 16
6 21 20
6 20 18
6 20 19
6 24 23
6 27 26
6 26 25
6 32 31
6 31 30
7 29 28
7 28 5
7 5 3
7 3 0
7 3 2
7 2 1
7 5 4
7 28 27
7 27 24
7 24 23
7 23 6
7 23 22
7 22 11
7 11 9
7 9 8
7 8 7
7 11 10
7 22 21
7 21 20
7 20 13
7 13 12
7 20 19
7 19 16
7 16 14
7 16 15
7 19 18
7 18 17
7 27 26
7 26 25
8 34 3
8 3 2
8 2 0
8 2 1
8 34 33
8 33 29
8 29 11
8 11 6
8 6 4
8 6 5
8 11 10
8 10 9
8 9 7
8 9 8
8 29 28
8 28 24
8 24 23
8 23 22
8 22 17
8 17 15
8 15 13
8 13 12
8 15 14
8 17 16
8 22 21
8 21 20
8 20 19
8 19 18
8 28 27
8 27 26
8 26 25
8 33 32
8 32 30
8 32 31
9 29 28
9 28 27
9 27 25
9 25 24
9 24 1
9 1 0
9 24 23
9 23 22
9 22 20
9 20 18
9 18 2
9 18 17
9 17 16
9 16 15
9 15 10
9 10 3
9 10 9
9 9 8
9 8 7
9 7 6
9 6 5
9 5 4
9 15 14
9 14 13
9 13 12
9 12 11
9 20 19
9 22 21
9 27 26
10 32 0
10 32 31
10 31 29
10 29 26
10 26 19
10 19 17
10 17 1
10 17 16
10 16 14
10 14 13
10 13 8
10 8 7
10 7 5
10 5 2
10 5 4
10 4 3
10 7 6
10 13 12
10 12 10
10 10 9
10 12 11
10 16 15
10 19 18
10 26 25
10 25 24
10 24 23
10 23 21
10 21 20
10 23 22
10 29 28
10 28 27
10 31 30
11 30 0
11 30 29
11 29 5
11 5 1
11 5 4
11 4 2
11 4 3
11 29 28
11 28 27
11 27 6
11 27 26
11 26 25
11 25 7
11 25 24
11 24 22
11 22 8
11 22 21
11 21 20
11 20 13
11 13 12
11 12 10
11 10 9
11 12 11
11 20 19
11 19 18
11 18 17
11 17 15
11 15 14
11 17 16
11 24 23
12 30 17
12 17 15
12 15 7
12 7 0
12 7 6
12 6 5
12 5 4
12 4 3
12 3 1
12 3 2
12 15 14
12 14 13
12 13 9
12 9 8
12 13 12
12 12 10
12 12 11
12 17 16
12 30 29
12 29 26
12 26 22
12 22 19
12 19 18
12 22 21
12 21 20
12 26 25
12 25 24
12 24 23
12 29 28
12 28 27
13 29 27
13 27 2
13 2 1
13 1 0
13 27 26
13 26 6
13 6 3
13 6 5
13 5 4
13 26 25
13 25 24
13 24 23
13 23 22
13 22 21
13 21 20
13 20 19
13 19 7
13 19 18
13 18 8
13 18 17
13 17 15
13 15 13
13 13 12
13 12 11
13 11 9
13 11 10
13 15 14
13 17 16
13 29 28
14 29 27
14 27 21
14 21 20
14 20 4
14 4 0
14 4 3
14 3 2
14 2 1
14 20 19
14 19 18
14 18 17
14 17 16
14 16 14
14 14 5
14 14 13
14 13 12
14 12 8
14 8 6
14 8 7
14 12 11
14 11 9
14 11 10
14 16 15
14 27 26
14 26 22
14 26 25
14 25 24
14 24 23
14 29 28
15 29 4
15 4 2
15 2 0
15 2 1
15 4 3
15 29 28
15 28 25
15 25 23
15 23 8
15 8 5
15 8 7
15 7 6
15 23 22
15 22 12
15 12 9
15 12 11
15 11 10
15 22 21
15 21 19
15 19 18
15 18 15
15 15 13
15 15 14
15 18 17
15 17 16
15 21 20
15 25 24
15 28 27
15 27 26
16 33 29
16 29 28
16 28 26
16 26 2
16 2 1
16 1 0
16 26 25
16 25 10
16 10 8
16 8 3
16 8 7
16 7 6
16 6 5
16 5 4
16 10 9
16 25 24
16 24 23
16 23 19
16 19 18
16 18 17
16 17 15
16 15 14
16 14 13
16 13 12
16 12 11
16 17 16
16 23 22
16 22 20
16 22 21
16 28 27
16 33 32
16 32 30
16 32 31
17 31 27
17 27 26
17 26 25
17 25 23
17 23 22
17 22 21
17 21 20
17 20 18
17 18 17
17 17 0
17 17 16
17 16 15
17 15 13
17 13 1
17 13 12
17 12 4
17 4 3
17 3 2
17 12 11
17 11 10
17 10 7
17 7 6
17 6 5
17 10 9
17 9 8
17 15 14
17 20 19
17 25 24
17 31 30
17 30 28
17 30 29
18 34 29
18 29 9
18 9 7
18 7 3
18 3 1
18 1 0
18 3 2
18 7 6
18 6 5
18 5 4
18 9 8
18 29 28
18 28 17
18 17 10
18 17 16
18 16 11
18 16 15
18 15 13
18 13 12
18 15 14
18 28 27
18 27 21
18 21 20
18 20 19
18 19 18
18 27 26
18 26 25
18 25 22
18 25 24
18 24 23
18 34 33
18 33 31
18 31 30
18 33 32
19 32 4
19 4 3
19 3 2
19 2 1
19 1 0
19 32 31
19 31 7
19 7 6
19 6 5
19 31 30
19 30 8
19 30 29
19 29 28
19 28 26
19 26 10
19 10 9
19 26 25
19 25 13
19 13 12
19 12 11
19 25 24
19 24 14
19 24 23
19 23 22
19 22 15
19 22 21
19 21 16
19 21 20
19 20 17
19 20 19
19 19 18
19 28 27
20 31 30
20 30 29
20 29 26
20 26 1
20 1 0
20 26 25
20 25 22
20 22 5
20 5 4
20 4 3
20 3 2
20 22 21
20 21 9
20 9 7
20 7 6
20 9 8
20 21 20
20 20 19
20 19 18
20 18 11
20 11 10
20 18 17
20 17 13
20 13 12
20 17 16
20 16 14
20 16 15
20 25 24
20 24 23
20 29 28
20 28 27
21 33 2
21 2 1
21 1 0
21 33 32
21 32 30
21 30 3
21 30 29
21 29 28
21 28 20
21 20 18
21 18 17
21 17 16
21 16 14
21 14 13
21 13 11
21 11 9
21 9 4
21 9 8
21 8 7
21 7 6
21 6 5
21 11 10
21 13 12
21 16 15
21 20 19
21 28 27
21 27 26
21 26 25
21 25 21
21 25 24
21 24 23
21 23 22
21 32 31
22 30 29
22 29 18
22 18 0
22 18 17
22 17 1
22 17 16
22 16 15
22 15 13
22 13 12
22 12 10
22 10 7
22 7 6
22 6 2
22 6 5
22 5 4
22 4 3
22 10 9
22 9 8
22 12 11
22 15 14
22 29 28
22 28 25
22 25 24
22 24 23
22 23 19
22 23 22
22 22 21
22 21 20
22 28 27
22 27 26
23 29 27
23 27 26
23 26 25
23 25 0
23 25 24
23 24 23
23 23 22
23 22 20
23 20 16
23 16 13
23 13 12
23 12 10
23 10 8
23 8 2
23 2 1
23 8 7
23 7 4
23 4 3
23 7 6
23 6 5
23 10 9
23 12 11
23 16 15
23 15 14
23 20 19
23 19 18
23 18 17
23 22 21
23 29 28
24 32 31
24 31 0
24 31 30
24 30 29
24 29 28
24 28 27
24 27 1
24 27 26
24 26 2
24 26 25
24 25 18
24 18 12
24 12 8
24 8 7
24 7 6
24 6 3
24 6 5
24 5 4
24 12 11
24 11 9
24 11 10
24 18 17
24 17 13
24 17 16
24 16 14
24 16 15
24 25 24
24 24 21
24 21 19
24 21 20
24 24 23
24 23 22
25 34 15
25 15 11
25 11 0
25 11 10
25 10 6
25 6 2
25 2 1
25 6 5
25 5 3
25 5 4
25 10 9
25 9 7
25 9 8
25 15 14
25 14 12
25 14 13
25 34 33
25 33 32
25 32 30
25 30 29
25 29 28
25 28 26
25 26 24
25 24 16
25 24 23
25 23 22
25 22 21
25 21 17
25 21 20
25 20 19
25 19 18
25 26 25
25 28 27
25 32 31
26 30 29
26 29 28
26 28 25
26 25 0
26 25 24
26 24 2
26 2 1
26 24 23
26 23 19
26 19 18
26 18 17
26 17 16
26 16 15
26 15 3
26 15 14
26 14 4
26 14 13
26 13 11
26 11 5
26 11 10
26 10 9
26 9 7
26 7 6
26 9 8
26 13 12
26 23 22
26 22 20
26 22 21
26 28 27
26 27 26
27 30 29
27 29 3
27 3 2
27 2 0
27 2 1
27 29 28
27 28 27
27 27 25
27 25 24
27 24 23
27 23 22
27 22 20
27 20 19
27 19 4
27 19 18
27 18 17
27 17 13
27 13 12
27 12 11
27 11 6
27 6 5
27 11 10
27 10 9
27 9 7
27 9 8
27 17 16
27 16 15
27 15 14
27 22 21
27 27 26
28 29 9
28 9 0
28 9 8
28 8 1
28 8 7
28 7 2
28 7 6
28 6 4
28 4 3
28 6 5
28 29 28
28 28 25
28 25 23
28 23 22
28 22 21
28 21 20
28 20 18
28 18 17
28 17 15
28 15 14
28 14 12
28 12 10
28 12 11
28 14 13
28 17 16
28 20 19
28 25 24
28 28 27
28 27 26
29 34 3
29 3 2
29 2 1
29 1 0
29 34 33
29 33 6
29 6 5
29 5 4
29 33 32
29 32 15
29 15 14
29 14 11
29 11 9
29 9 7
29 9 8
29 11 10
29 14 13
29 13 12
29 32 31
29 31 30
29 30 29
29 29 26
29 26 21
29 21 19
29 19 17
29 17 16
29 19 18
29 21 20
29 26 25
29 25 23
29 23 22
29 25 24
29 29 28
29 28 27
30 32 0
30 32 31
30 31 23
30 23 18
30 18 13
30 13 11
30 11 10
30 10 1
30 10 9
30 9 2
30 9 8
30 8 3
30 8 7
30 7 6
30 6 5
30 5 4
30 13 12
30 18 17
30 17 16
30 16 14
30 16 15
30 23 22
30 22 20
30 20 19
30 22 21
30 31 30
30 30 29
30 29 28
30 28 27
30 27 24
30 27 26
30 26 25
31 34 31
31 31 30
31 30 28
31 28 23
31 23 22
31 22 2
31 2 1
31 1 0
31 22 21
31 21 20
31 20 19
31 19 3
31 19 18
31 18 17
31 17 6
31 6 4
31 6 5
31 17 16
31 16 14
31 14 11
31 11 9
31 9 8
31 8 7
31 11 10
31 14 13
31 13 12
31 16 15
31 28 27
31 27 24
31 27 26
31 26 25
31 30 29
31 34 33
31 33 32
32 29 2
32 2 0
32 2 1
32 29 28
32 28 27
32 27 17
32 17 14
32 14 6
32 6 4
32 4 3
32 6 5
32 14 13
32 13 12
32 12 9
32 9 8
32 8 7
32 12 11
32 11 10
32 17 16
32 16 15
32 27 26
32 26 25
32 25 24
32 24 22
32 22 21
32 21 18
32 21 20
32 20 19
32 24 23
33 32 31
33 31 30
33 30 29
33 29 11
33 11 10
33 10 4
33 4 0
33 4 3
33 3 1
33 3 2
33 10 9
33 9 5
33 9 8
33 8 6
33 8 7
33 29 28
33 28 27
33 27 22
33 22 12
33 22 21
33 21 17
33 17 14
33 14 13
33 17 16
33 16 15
33 21 20
33 20 18
33 20 19
33 27 26
33 26 24
33 24 23
33 26 25
34 33 30
34 30 28
34 28 10
34 10 2
34 2 0
34 2 1
34 10 9
34 9 8
34 8 7
34 7 4
34 4 3
34 7 6
34 6 5
34 28 27
34 27 18
34 18 17
34 17 16
34 16 15
34 15 14
34 14 12
34 12 11
34 14 13
34 27 26
34 26 25
34 25 20
34 20 19
34 25 24
34 24 23
34 23 22
34 22 21
34 30 29
34 33 32
34 32 31
35 33 32
35 32 0
35 32 31
35 31 30
35 30 12
35 12 5
35 5 4
35 4 2
35 2 1
35 4 3
35 12 11
35 11 6
35 11 10
35 10 9
35 9 8
35 8 7
35 30 29
35 29 26
35 26 25
35 25 15
35 15 14
35 14 13
35 25 24
35 24 19
35 19 18
35 18 16
35 18 17
35 24 23
35 23 22
35 22 20
35 22 21
35 29 28
35 28 27
36 33 32
36 32 28
36 28 23
36 23 22
36 22 18
36 18 1
36 1 0
36 18 17
36 17 14
36 14 2
36 14 13
36 13 8
36 8 4
36 4 3
36 8 7
36 7 6
36 6 5
36 13 12
36 12 9
36 12 11
36 11 10
36 17 16
36 16 15
36 22 21
36 21 20
36 20 19
36 28 27
36 27 26
36 26 25
36 25 24
36 32 31
36 31 30
36 30 29
37 29 2
37 2 1
37 1 0
37 29 28
37 28 26
37 26 25
37 25 24
37 24 23
37 23 15
37 15 14
37 14 7
37 7 6
37 6 5
37 5 3
37 5 4
37 14 13
37 13 9
37 9 8
37 13 12
37 12 11
37 11 10
37 23 22
37 22 18
37 18 16
37 18 17
37 22 21
37 21 20
37 20 19
37 28 27
38 30 7
38 7 6
38 6 5
38 5 3
38 3 2
38 2 1
38 1 0
38 5 4
38 30 29
38 29 11
38 11 8
38 11 10
38 10 9
38 29 28
38 28 27
38 27 26
38 26 12
38 26 25
38 25 23
38 23 22
38 22 14
38 14 13
38 22 21
38 21 15
38 21 20
38 20 19
38 19 16
38 19 18
38 18 17
38 25 24
39 34 13
39 13 2
39 2 0
39 2 1
39 13 12
39 12 11
39 11 10
39 10 9
39 9 7
39 7 6
39 6 3
39 6 5
39 5 4
39 9 8
39 34 33
39 33 28
39 28 27
39 27 26
39 26 25
39 25 24
39 24 22
39 22 21
39 21 17
39 17 14
39 17 16
39 16 15
39 21 20
39 20 18
39 20 19
39 24 23
39 33 32
39 32 31
39 31 29
39 31 30
40 32 0
40 32 31
40 31 16
40 16 2
40 2 1
40 16 15
40 15 3
40 15 14
40 14 11
40 11 8
40 8 7
40 7 6
40 6 4
40 6 5
40 11 10
40 10 9
40 14 13
40 13 12
40 31 30
40 30 17
40 30 29
40 29 18
40 29 28
40 28 27
40 27 25
40 25 24
40 24 23
40 23 21
40 21 20
40 20 19
40 23 22
40 27 26
41 32 31
41 31 0
41 31 30
41 30 27
41 27 26
41 26 18
41 18 17
41 17 1
41 17 16
41 16 15
41 15 10
41 10 4
41 4 2
41 4 3
41 10 9
41 9 5
41 9 8
41 8 6
41 8 7
41 15 14
41 14 13
41 13 12
41 12 11
41 26 25
41 25 19
41 25 24
41 24 22
41 22 21
41 21 20
41 24 23
41 30 29
41 29 28
42 30 28
42 28 27
42 27 1
42 1 0
42 27 26
42 26 14
42 14 12
42 12 10
42 10 2
42 10 9
42 9 8
42 8 7
42 7 5
42 5 4
42 4 3
42 7 6
42 12 11
42 14 13
42 26 25
42 25 24
42 24 22
42 22 21
42 21 15
42 21 20
42 20 16
42 20 19
42 19 17
42 19 18
42 24 23
42 30 29
43 29 28
43 28 27
43 27 24
43 24 0
43 24 23
43 23 21
43 21 20
43 20 12
43 12 3
43 3 2
43 2 1
43 12 11
43 11 9
43 9 8
43 8 7
43 7 6
43 6 4
43 6 5
43 11 10
43 20 19
43 19 13
43 19 18
43 18 14
43 18 17
43 17 16
43 16 15
43 23 22
43 27 26
43 26 25
44 29 28
44 28 13
44 13 12
44 12 8
44 8 7
44 7 2
44 2 0
44 2 1
44 7 6
44 6 5
44 5 4
44 4 3
44 12 11
44 11 9
44 11 10
44 28 27
44 27 23
44 23 14
44 23 22
44 22 18
44 18 16
44 16 15
44 18 17
44 22 21
44 21 20
44 20 19
44 27 26
44 26 24
44 26 25
45 34 1
45 1 0
45 34 33
45 33 17
45 17 16
45 16 15
45 15 13
45 13 9
45 9 5
45 5 4
45 4 3
45 3 2
45 9 8
45 8 6
45 8 7
45 13 12
45 12 10
45 12 11
45 15 14
45 33 32
45 32 18
45 32 31
45 31 21
45 21 20
45 20 19
45 31 30
45 30 25
45 25 23
45 23 22
45 25 24
45 30 29
45 29 26
45 29 28
45 28 27
46 31 5
46 5 4
46 4 3
46 3 0
46 3 2
46 2 1
46 31 30
46 30 29
46 29 8
46 8 7
46 7 6
46 29 28
46 28 27
46 27 26
46 26 25
46 25 10
46 10 9
46 25 24
46 24 19
46 19 12
46 12 11
46 19 18
46 18 17
46 17 16
46 16 15
46 15 13
46 15 14
46 24 23
46 23 21
46 21 20
46 23 22
47 29 0
47 29 28
47 28 27
47 27 1
47 27 26
47 26 2
47 26 25
47 25 4
47 4 3
47 25 24
47 24 5
47 24 23
47 23 22
47 22 17
47 17 15
47 15 13
47 13 7
47 7 6
47 13 12
47 12 8
47 12 11
47 11 9
47 11 10
47 15 14
47 17 16
47 22 21
47 21 20
47 20 19
47 19 18
48 33 28
48 28 27
48 27 4
48 4 2
48 2 1
48 1 0
48 4 3
48 27 26
48 26 24
48 24 19
48 19 5
48 19 18
48 18 17
48 17 16
48 16 15
48 15 14
48 14 13
48 13 6
48 13 12
48 12 10
48 10 9
48 9 7
48 9 8
48 12 11
48 24 23
48 23 20
48 23 22
48 22 21
48 26 25
48 33 32
48 32 29
48 32 31
48 31 30
49 32 16
49 16 15
49 15 4
49 4 2
49 2 0
49 2 1
49 4 3
49 15 14
49 14 13
49 13 11
49 11 10
49 10 7
49 7 6
49 6 5
49 10 9
49 9 8
49 13 12
49 32 31
49 31 17
49 31 30
49 30 29
49 29 26
49 26 23
49 23 21
49 21 18
49 21 20
49 20 19
49 23 22
49 26 25
49 25 24
49 29 28
49 28 27
50 30 29
50 29 27
50 27 3
50 3 0
50 3 2
50 2 1
50 27 26
50 26 25
50 25 24
50 24 18
50 18 17
50 17 13
50 13 11
50 11 6
50 6 5
50 5 4
50 11 10
50 10 7
50 10 9
50 9 8
50 13 12
50 17 16
50 16 15
50 15 14
50 24 23
50 23 22
50 22 21
50 21 19
50 21 20
50 29 28
51 33 0
51 33 32
51 32 31
51 31 30
51 30 29
51 29 24
51 24 11
51 11 2
51 2 1
51 11 10
51 10 5
51 5 3
51 5 4
51 10 9
51 9 7
51 7 6
51 9 8
51 24 23
51 23 22
51 22 12
51 22 21
51 21 13
51 21 20
51 20 18
51 18 16
51 16 15
51 15 14
51 18 17
51 20 19
51 29 28
51 28 26
51 26 25
51 28 27
52 29 26
52 26 25
52 25 24
52 24 23
52 23 9
52 9 7
52 7 5
52 5 1
52 1 0
52 5 4
52 4 2
52 4 3
52 7 6
52 9 8
52 23 22
52 22 16
52 16 10
52 16 15
52 15 11
52 15 14
52 14 13
52 13 12
52 22 21
52 21 20
52 20 19
52 19 18
52 18 17
52 29 28
52 28 27
53 29 28
53 28 0
53 28 27
53 27 25
53 25 16
53 16 13
53 13 1
53 13 12
53 12 10
53 10 9
53 9 2
53 9 8
53 8 7
53 7 6
53 6 5
53 5 4
53 4 3
53 12 11
53 16 15
53 15 14
53 25 24
53 24 20
53 20 17
53 20 19
53 19 18
53 24 23
53 23 22
53 22 21
53 27 26
54 29 27
54 27 25
54 25 2
54 2 0
54 2 1
54 25 24
54 24 21
54 21 3
54 21 20
54 20 19
54 19 18
54 18 6
54 6 4
54 6 5
54 18 17
54 17 15
54 15 7
54 15 14
54 14 13
54 13 12
54 12 8
54 12 11
54 11 10
54 10 9
54 17 16
54 24 23
54 23 22
54 27 26
54 29 28
55 33 32
55 32 4
55 4 3
55 3 1
55 1 0
55 3 2
55 32 31
55 31 5
55 31 30
55 30 28
55 28 27
55 27 26
55 26 8
55 8 7
55 7 6
55 26 25
55 25 16
55 16 15
55 15 9
55 15 14
55 14 12
55 12 11
55 11 10
55 14 13
55 25 24
55 24 23
55 23 18
55 18 17
55 23 22
55 22 21
55 21 20
55 20 19
55 30 29
56 33 1
56 1 0
56 33 32
56 32 31
56 31 2
56 31 30
56 30 29
56 29 28
56 28 27
56 27 26
56 26 6
56 6 3
56 6 5
56 5 4
56 26 25
56 25 16
56 16 8
56 8 7
56 16 15
56 15 13
56 13 12
56 12 11
56 11 10
56 10 9
56 15 14
56 25 24
56 24 23
56 23 19
56 19 18
56 18 17
56 23 22
56 22 21
56 21 20
57 29 16
57 16 2
57 2 1
57 1 0
57 16 15
57 15 14
57 14 8
57 8 7
57 7 4
57 4 3
57 7 6
57 6 5
57 14 13
57 13 12
57 12 10
57 10 9
57 12 11
57 29 28
57 28 17
57 28 27
57 27 26
57 26 25
57 25 23
57 23 18
57 23 22
57 22 21
57 21 19
57 21 20
57 25 24
58 34 31
58 31 1
58 1 0
58 31 30
58 30 29
58 29 22
58 22 9
58 9 4
58 4 3
58 3 2
58 9 8
58 8 5
58 8 7
58 7 6
58 22 21
58 21 20
58 20 12
58 12 11
58 11 10
58 20 19
58 19 18
58 18 16
58 16 13
58 16 15
58 15 14
58 18 17
58 29 28
58 28 23
58 28 27
58 27 25
58 25 24
58 27 26
58 34 33
58 33 32
59 34 0
59 34 33
59 33 7
59 7 1
59 7 6
59 6 5
59 5 4
59 4 2
59 4 3
59 33 32
59 32 30
59 30 20
59 20 19
59 19 18
59 18 10
59 10 9
59 9 8
59 18 17
59 17 16
59 16 14
59 14 12
59 12 11
59 14 13
59 16 15
59 30 29
59 29 26
59 26 25
59 25 24
59 24 23
59 23 21
59 23 22
59 29 28
59 28 27
59 32 31
60 30 19
60 19 2
60 2 1
60 1 0
60 19 18
60 18 17
60 17 14
60 14 9
60 9 6
60 6 3
60 6 5
60 5 4
60 9 8
60 8 7
60 14 13
60 13 10
60 13 12
60 12 11
60 17 16
60 16 15
60 30 29
60 29 27
60 27 26
60 26 25
60 25 24
60 24 22
60 22 20
60 22 21
60 24 23
60 29 28
61 29 24
61 24 20
61 20 1
61 1 0
61 20 19
61 19 18
61 18 3
61 3 2
61 18 17
61 17 5
61 5 4
61 17 16
61 16 6
61 16 15
61 15 7
61 15 14
61 14 12
61 12 11
61 11 10
61 10 8
61 10 9
61 14 13
61 24 23
61 23 21
61 23 22
61 29 28
61 28 27
61 27 26
61 26 25
62 32 4
62 4 1
62 1 0
62 4 3
62 3 2
62 32 31
62 31 30
62 30 28
62 28 23
62 23 5
62 23 22
62 22 9
62 9 7
62 7 6
62 9 8
62 22 21
62 21 10
62 21 20
62 20 19
62 19 18
62 18 16
62 16 11
62 16 15
62 15 13
62 13 12
62 15 14
62 18 17
62 28 27
62 27 26
62 26 24
62 26 25
62 30 29
63 31 30
63 30 29
63 29 4
63 4 2
63 2 0
63 2 1
63 4 3
63 29 28
63 28 5
63 28 27
63 27 6
63 27 26
63 26 25
63 25 7
63 25 24
63 24 10
63 10 8
63 10 9
63 24 23
63 23 12
63 12 11
63 23 22
63 22 13
63 22 21
63 21 17
63 17 15
63 15 14
63 17 16
63 21 20
63 20 18
63 20 19
64 34 33
64 33 3
64 3 2
64 2 1
64 1 0
64 33 32
64 32 31
64 31 29
64 29 4
64 29 28
64 28 18
64 18 16
64 16 9
64 9 7
64 7 6
64 6 5
64 9 8
64 16 15
64 15 13
64 13 12
64 12 10
64 12 11
64 15 14
64 18 17
64 28 27
64 27 26
64 26 24
64 24 21
64 21 20
64 20 19
64 24 23
64 23 22
64 26 25
64 31 30
65 34 33
65 33 2
65 2 0
65 2 1
65 33 32
65 32 30
65 30 17
65 17 3
65 17 16
65 16 12
65 12 11
65 11 6
65 6 4
65 6 5
65 11 10
65 10 8
65 8 7
65 10 9
65 16 15
65 15 13
65 15 14
65 30 29
65 29 19
65 19 18
65 29 28
65 28 27
65 27 21
65 21 20
65 27 26
65 26 24
65 24 22
65 24 23
65 26 25
65 32 31
66 34 0
66 34 33
66 33 7
66 7 6
66 6 5
66 5 1
66 5 4
66 4 2
66 4 3
66 33 32
66 32 9
66 9 8
66 32 31
66 31 26
66 26 25
66 25 23
66 23 10
66 23 22
66 22 12
66 12 11
66 22 21
66 21 20
66 20 19
66 19 16
66 16 13
66 16 15
66 15 14
66 19 18
66 18 17
66 25 24
66 31 30
66 30 29
66 29 28
66 28 27
67 30 29
67 29 14
67 14 1
67 1 0
67 14 13
67 13 6
67 6 5
67 5 4
67 4 2
67 4 3
67 13 12
67 12 11
67 11 9
67 9 8
67 8 7
67 11 10
67 29 28
67 28 16
67 16 15
67 28 27
67 27 17
67 27 26
67 26 25
67 25 20
67 20 18
67 20 19
67 25 24
67 24 22
67 22 21
67 24 23
68 34 0
68 34 33
68 33 1
68 33 32
68 32 31
68 31 30
68 30 6
68 6 4
68 4 2
68 4 3
68 6 5
68 30 29
68 29 22
68 22 21
68 21 20
68 20 18
68 18 12
68 12 7
68 12 11
68 11 10
68 10 9
68 9 8
68 18 17
68 17 15
68 15 14
68 14 13
68 17 16
68 20 19
68 29 28
68 28 23
68 28 27
68 27 25
68 25 24
68 27 26
69 34 33
69 33 32
69 32 31
69 31 30
69 30 1
69 1 0
69 30 29
69 29 21
69 21 19
69 19 18
69 18 17
69 17 16
69 16 2
69 16 15
69 15 7
69 7 6
69 6 5
69 5 4
69 4 3
69 15 14
69 14 13
69 13 12
69 12 10
69 10 8
69 10 9
69 12 11
69 21 20
69 29 28
69 28 27
69 27 26
69 26 25
69 25 22
69 25 24
69 24 23
70 29 2
70 2 1
70 1 0
70 29 28
70 28 4
70 4 3
70 28 27
70 27 26
70 26 14
70 14 5
70 14 13
70 13 7
70 7 6
70 13 12
70 12 8
70 12 11
70 11 10
70 10 9
70 26 25
70 25 16
70 16 15
70 25 24
70 24 17
70 24 23
70 23 21
70 21 20
70 20 19
70 19 18
70 23 22
71 34 33
71 33 0
71 33 32
71 32 31
71 31 18
71 18 17
71 17 16
71 16 13
71 13 12
71 12 2
71 2 1
71 12 11
71 11 9
71 9 4
71 4 3
71 9 8
71 8 7
71 7 6
71 6 5
71 11 10
71 16 15
71 15 14
71 31 30
71 30 28
71 28 27
71 27 19
71 27 26
71 26 21
71 21 20
71 26 25
71 25 22
71 25 24
71 24 23
71 30 29
72 34 27
72 27 26
72 26 25
72 25 22
72 22 14
72 14 5
72 5 4
72 4 1
72 1 0
72 4 3
72 3 2
72 14 13
72 13 6
72 13 12
72 12 11
72 11 10
72 10 8
72 8 7
72 10 9
72 22 21
72 21 17
72 17 16
72 16 15
72 21 20
72 20 19
72 19 18
72 25 24
72 24 23
72 34 33
72 33 28
72 33 32
72 32 31
72 31 30
72 30 29
73 29 0
73 29 28
73 28 27
73 27 4
73 4 3
73 3 1
73 3 2
73 27 26
73 26 25
73 25 13
73 13 9
73 9 5
73 9 8
73 8 7
73 7 6
73 13 12
73 12 11
73 11 10
73 25 24
73 24 23
73 23 22
73 22 18
73 18 17
73 17 16
73 16 14
73 16 15
73 22 21
73 21 19
73 21 20
74 32 31
74 31 1
74 1 0
74 31 30
74 30 2
74 30 29
74 29 24
74 24 8
74 8 7
74 7 6
74 6 5
74 5 3
74 5 4
74 24 23
74 23 9
74 23 22
74 22 10
74 22 21
74 21 17
74 17 16
74 16 15
74 15 14
74 14 13
74 13 11
74 13 12
74 21 20
74 20 18
74 20 19
74 29 28
74 28 26
74 26 25
74 28 27
75 31 0
75 31 30
75 30 1
75 30 29
75 29 3
75 3 2
75 29 28
75 28 4
75 28 27
75 27 26
75 26 5
75 26 25
75 25 23
75 23 9
75 9 8
75 8 6
75 8 7
75 23 22
75 22 21
75 21 10
75 21 20
75 20 18
75 18 17
75 17 11
75 17 16
75 16 13
75 13 12
75 16 15
75 15 14
75 20 19
75 25 24
76 30 23
76 23 22
76 22 20
76 20 17
76 17 0
76 17 16
76 16 5
76 5 1
76 5 4
76 4 3
76 3 2
76 16 15
76 15 14
76 14 9
76 9 7
76 7 6
76 9 8
76 14 13
76 13 12
76 12 10
76 12 11
76 20 19
76 19 18
76 22 21
76 30 29
76 29 28
76 28 26
76 26 25
76 25 24
76 28 27
77 32 1
77 1 0
77 32 31
77 31 30
77 30 29
77 29 27
77 27 12
77 12 3
77 3 2
77 12 11
77 11 4
77 11 10
77 10 6
77 6 5
77 10 9
77 9 7
77 9 8
77 27 26
77 26 18
77 18 14
77 14 13
77 18 17
77 17 15
77 17 16
77 26 25
77 25 24
77 24 23
77 23 22
77 22 21
77 21 20
77 20 19
77 29 28
78 31 29
78 29 28
78 28 27
78 27 26
78 26 1
78 1 0
78 26 25
78 25 22
78 22 18
78 18 17
78 17 15
78 15 2
78 15 14
78 14 13
78 13 12
78 12 11
78 11 10
78 10 6
78 6 5
78 5 4
78 4 3
78 10 9
78 9 7
78 9 8
78 17 16
78 22 21
78 21 19
78 21 20
78 25 24
78 24 23
78 31 30
79 30 29
79 29 27
79 27 24
79 24 23
79 23 22
79 22 21
79 21 17
79 17 0
79 17 16
79 16 15
79 15 14
79 14 11
79 11 9
79 9 8
79 8 5
79 5 3
79 3 1
79 3 2
79 5 4
79 8 7
79 7 6
79 11 10
79 14 13
79 13 12
79 21 20
79 20 19
79 19 18
79 27 26
79 26 25
79 29 28
80 31 29
80 29 0
80 29 28
80 28 25
80 25 22
80 22 10
80 10 7
80 7 5
80 5 2
80 2 1
80 5 4
80 4 3
80 7 6
80 10 9
80 9 8
80 22 21
80 21 20
80 20 19
80 19 15
80 15 14
80 14 12
80 12 11
80 14 13
80 19 18
80 18 17
80 17 16
80 25 24
80 24 23
80 28 27
80 27 26
80 31 30
81 31 20
81 20 19
81 19 14
81 14 5
81 5 4
81 4 3
81 3 0
81 3 2
81 2 1
81 14 13
81 13 11
81 11 6
81 11 10
81 10 7
81 10 9
81 9 8
81 13 12
81 19 18
81 18 16
81 16 15
81 18 17
81 31 30
81 30 29
81 29 22
81 22 21
81 29 28
81 28 26
81 26 24
81 24 23
81 26 25
81 28 27
82 29 28
82 28 17
82 17 16
82 16 12
82 12 6
82 6 1
82 1 0
82 6 5
82 5 4
82 4 2
82 4 3
82 12 11
82 11 8
82 8 7
82 11 10
82 10 9
82 16 15
82 15 13
82 15 14
82 28 27
82 27 26
82 26 21
82 21 20
82 20 18
82 20 19
82 26 25
82 25 24
82 24 22
82 24 23
83 29 0
83 29 28
83 28 7
83 7 3
83 3 2
83 2 1
83 7 6
83 6 4
83 6 5
83 28 27
83 27 20
83 20 17
83 17 16
83 16 13
83 13 11
83 11 10
83 10 8
83 10 9
83 13 12
83 16 15
83 15 14
83 20 19
83 19 18
83 27 26
83 26 21
83 26 25
83 25 22
83 25 24
83 24 23
84 29 2
84 2 1
84 1 0
84 29 28
84 28 8
84 8 7
84 7 6
84 6 4
84 4 3
84 6 5
84 28 27
84 27 25
84 25 24
84 24 15
84 15 11
84 11 10
84 10 9
84 15 14
84 14 12
84 14 13
84 24 23
84 23 16
84 23 22
84 22 17
84 22 21
84 21 20
84 20 18
84 20 19
84 27 26
85 30 8
85 8 6
85 6 5
85 5 1
85 1 0
85 5 4
85 4 2
85 4 3
85 8 7
85 30 29
85 29 28
85 28 26
85 26 22
85 22 20
85 20 14
85 14 9
85 14 13
85 13 12
85 12 10
85 12 11
85 20 19
85 19 16
85 16 15
85 19 18
85 18 17
85 22 21
85 26 25
85 25 24
85 24 23
85 28 27
86 30 1
86 1 0
86 30 29
86 29 4
86 4 3
86 3 2
86 29 28
86 28 27
86 27 22
86 22 21
86 21 19
86 19 18
86 18 5
86 18 17
86 17 14
86 14 12
86 12 9
86 9 8
86 8 6
86 8 7
86 12 11
86 11 10
86 14 13
86 17 16
86 16 15
86 21 20
86 27 26
86 26 25
86 25 23
86 25 24
87 32 30
87 30 29
87 29 27
87 27 23
87 23 2
87 2 1
87 1 0
87 23 22
87 22 21
87 21 20
87 20 4
87 4 3
87 20 19
87 19 17
87 17 16
87 16 15
87 15 14
87 14 12
87 12 6
87 6 5
87 12 11
87 11 10
87 10 7
87 10 9
87 9 8
87 14 13
87 19 18
87 27 26
87 26 25
87 25 24
87 29 28
87 32 31
88 33 32
88 32 31
88 31 30
88 30 28
88 28 5
88 5 3
88 3 2
88 2 1
88 1 0
88 5 4
88 28 27
88 27 25
88 25 24
88 24 6
88 24 23
88 23 22
88 22 21
88 21 19
88 19 17
88 17 16
88 16 13
88 13 12
88 12 11
88 11 10
88 10 9
88 9 7
88 9 8
88 16 15
88 15 14
88 19 18
88 21 20
88 27 26
88 30 29
89 30 3
89 3 2
89 2 0
89 2 1
89 30 29
89 29 28
89 28 27
89 27 21
89 21 19
89 19 17
89 17 16
89 16 13
89 13 12
89 12 7
89 7 5
89 5 4
89 7 6
89 12 11
89 11 10
89 10 9
89 9 8
89 16 15
89 15 14
89 19 18
89 21 20
89 27 26
89 26 23
89 23 22
89 26 25
89 25 24
90 31 30
90 30 0
90 30 29
90 29 20
90 20 6
90 6 5
90 5 3
90 3 1
90 3 2
90 5 4
90 20 19
90 19 18
90 18 7
90 18 17
90 17 16
90 16 14
90 14 13
90 13 12
90 12 11
90 11 8
90 11 10
90 10 9
90 16 15
90 29 28
90 28 22
90 22 21
90 28 27
90 27 25
90 25 23
90 25 24
90 27 26
91 30 27
91 27 26
91 26 23
91 23 0
91 23 22
91 22 21
91 21 20
91 20 19
91 19 18
91 18 16
91 16 6
91 6 2
91 2 1
91 6 5
91 5 4
91 4 3
91 16 15
91 15 8
91 8 7
91 15 14
91 14 12
91 12 10
91 10 9
91 12 11
91 14 13
91 18 17
91 26 25
91 25 24
91 30 29
91 29 28
92 29 0
92 29 28
92 28 27
92 27 9
92 9 7
92 7 6
92 6 5
92 5 4
92 4 3
92 3 2
92 2 1
92 9 8
92 27 26
92 26 25
92 25 21
92 21 17
92 17 10
92 17 16
92 16 15
92 15 11
92 15 14
92 14 12
92 14 13
92 21 20
92 20 19
92 19 18
92 25 24
92 24 23
92 23 22
93 34 32
93 32 31
93 31 30
93 30 12
93 12 11
93 11 7
93 7 3
93 3 2
93 2 1
93 1 0
93 7 6
93 6 5
93 5 4
93 11 10
93 10 8
93 10 9
93 30 29
93 29 28
93 28 27
93 27 25
93 25 24
93 24 21
93 21 13
93 21 20
93 20 14
93 20 19
93 19 15
93 19 18
93 18 17
93 17 16
93 24 23
93 23 22
93 27 26
93 34 33
94 32 31
94 31 27
94 27 24
94 24 22
94 22 21
94 21 20
94 20 0
94 20 19
94 19 18
94 18 14
94 14 5
94 5 3
94 3 2
94 2 1
94 5 4
94 14 13
94 13 11
94 11 8
94 8 7
94 7 6
94 11 10
94 10 9
94 13 12
94 18 17
94 17 15
94 17 16
94 24 23
94 27 26
94 26 25
94 31 30
94 30 28
94 30 29
95 31 30
95 30 29
95 29 28
95 28 27
95 27 26
95 26 9
95 9 8
95 8 7
95 7 1
95 1 0
95 7 6
95 6 4
95 4 2
95 4 3
95 6 5
95 26 25
95 25 24
95 24 10
95 24 23
95 23 22
95 22 13
95 13 12
95 12 11
95 22 21
95 21 15
95 15 14
95 21 20
95 20 16
95 20 19
95 19 17
95 19 18
96 31 9
96 9 8
96 8 7
96 7 0
96 7 6
96 6 5
96 5 4
96 4 1
96 4 3
96 3 2
96 31 30
96 30 27
96 27 26
96 26 25
96 25 22
96 22 20
96 20 19
96 19 11
96 11 10
96 19 18
96 18 16
96 16 15
96 15 12
96 15 14
96 14 13
96 18 17
96 22 21
96 25 24
96 24 23
96 30 29
96 29 28
97 33 32
97 32 31
97 31 0
97 31 30
97 30 2
97 2 1
97 30 29
97 29 28
97 28 6
97 6 3
97 6 5
97 5 4
97 28 27
97 27 25
97 25 24
97 24 22
97 22 21
97 21 7
97 21 20
97 20 16
97 16 8
97 16 15
97 15 14
97 14 12
97 12 10
97 10 9
97 12 11
97 14 13
97 20 19
97 19 17
97 19 18
97 24 23
97 27 26
98 33 32
98 32 31
98 31 30
98 30 1
98 1 0
98 30 29
98 29 28
98 28 27
98 27 25
98 25 24
98 24 2
98 24 23
98 23 22
98 22 17
98 17 16
98 16 15
98 15 14
98 14 13
98 13 11
98 11 9
98 9 7
98 7 6
98 6 5
98 5 3
98 5 4
98 9 8
98 11 10
98 13 12
98 22 21
98 21 20
98 20 19
98 19 18
98 27 26
99 33 4
99 4 0
99 4 3
99 3 2
99 2 1
99 33 32
99 32 31
99 31 30
99 30 29
99 29 28
99 28 27
99 27 14
99 14 8
99 8 7
99 7 6
99 6 5
99 14 13
99 13 9
99 13 12
99 12 11
99 11 10
99 27 26
99 26 23
99 23 20
99 20 15
99 20 19
99 19 18
99 18 17
99 17 16
99 23 22
99 22 21
99 26 25
99 25 24
100 30 27
100 27 24
100 24 22
100 22 4
100 4 0
100 4 3
100 3 1
100 3 2
100 22 21
100 21 14
100 14 6
100 6 5
100 14 13
100 13 12
100 12 11
100 11 9
100 9 8
100 8 7
100 11 10
100 21 20
100 20 15
100 20 19
100 19 18
100 18 17
100 17 16
100 24 23
100 27 26
100 26 25
100 30 29
100 29 28
101 31 29
101 29 27
101 27 26
101 26 3
101 3 1
101 1 0
101 3 2
101 26 25
101 25 4
101 25 24
101 24 22
101 22 20
101 20 19
101 19 17
101 17 15
101 15 7
101 7 5
101 7 6
101 15 14
101 14 13
101 13 12
101 12 8
101 12 11
101 11 10
101 10 9
101 17 16
101 19 18
101 22 21
101 24 23
101 29 28
101 31 30
