1 32 7
1 7 6
1 6 2
1 2 0
1 2 1
1 6 5
1 5 4
1 4 3
1 32 31
1 31 30
1 30 28
1 28 27
1 27 24
1 24 23
1 23 21
1 21 20
1 20 19
1 19 16
1 16 8
1 16 15
1 15 11
1 11 9
1 11 10
1 15 14
1 14 13
1 13 12
1 19 18
1 18 17
1 23 22
1 27 26
1 26 25
1 30 29
2 34 33
2 33 7
2 7 3
2 3 0
2 3 2
2 2 1
2 7 6
2 6 4
2 6 5
2 33 32
2 32 26
2 26 22
2 22 16
2 16 10
2 10 9
2 9 8
2 16 15
2 15 13
2 13 11
2 13 12
2 15 14
2 22 21
2 21 20
2 20 18
2 18 17
2 20 19
2 26 25
2 25 23
2 25 24
2 32 31
2 31 30
2 30 29
2 29 28
2 28 27
3 30 29
3 29 28
3 28 27
3 27 26
3 26 2
3 2 1
3 1 0
3 26 25
3 25 22
3 22 21
3 21 20
3 20 8
3 8 7
3 7 4
3 4 3
3 7 6
3 6 5
3 20 19
3 19 12
3 12 10
3 10 9
3 12 11
3 19 18
3 18 17
3 17 16
3 16 15
3 15 14
3 14 13
3 25 24
3 24 23
4 34 6
4 6 2
4 2 1
4 1 0
4 6 5
4 5 3
4 5 4
4 34 33
4 33 32
4 32 26
4 26 25
4 25 24
4 24 23
4 23 13
4 13 12
4 12 11
4 11 9
4 9 7
4 9 8
4 11 10
4 23 22
4 22 21
4 21 17
4 17 14
4 17 16
4 16 15
4 21 20
4 20 18
4 20 19
4 32 31
4 31 29
4 29 27
4 29 28
4 31 30
5 32 0
5 32 31
5 31 29
5 29 1
5 29 28
5 28 27
5 27 26
5 26 5
5 5 4
5 4 2
5 4 3
5 26 25
5 25 24
5 24 8
5 8 6
5 8 7
5 24 23
5 23 14
5 14 9
5 14 13
5 13 10
5 13 12
5 12 11
5 23 22
5 22 20
5 20 18
5 18 17
5 17 16
5 16 15
5 20 19
5 22 21
5 31 30
6 34 30
6 30 10
6 10 7
6 7 3
6 3 2
6 2 0
6 2 1
6 7 6
6 6 5
6 5 4
6 10 9
6 9 8
6 30 29
6 29 27
6 27 26
6 26 14
6 14 11
6 14 13
6 13 12
6 26 25
6 25 16
6 16 15
6 25 24
6 24 18
6 18 17
6 24 23
6 23 20
6 20 19
6 23 22
6 22 21
6 29 28
6 34 33
6 33 31
6 33 32
7 33 32
7 32 30
7 30 29
7 29 28
7 28 27
7 27 1
7 1 0
7 27 26
7 26 2
7 26 25
7 25 22
7 22 19
7 19 3
7 19 18
7 18 4
7 18 17
7 17 16
7 16 12
7 12 11
7 11 10
7 10 7
7 7 5
7 7 6
7 10 9
7 9 8
7 16 15
7 15 13
7 15 14
7 22 21
7 21 20
7 25 24
7 24 23
7 32 31
8 34 33
8 33 1
8 1 0
8 33 32
8 32 31
8 31 30
8 30 10
8 10 3
8 3 2
8 10 9
8 9 5
8 5 4
8 9 8
8 8 7
8 7 6
8 30 29
8 29 24
8 24 11
8 24 23
8 23 22
8 22 21
8 21 20
8 20 14
8 14 13
8 13 12
8 20 19
8 19 15
8 19 18
8 18 16
8 18 17
8 29 28
8 28 26
8 26 25
8 28 27
9 30 29
9 29 0
9 29 28
9 28 1
9 28 27
9 27 2
9 27 26
9 26 25
9 25 24
9 24 22
9 22 6
9 6 4
9 4 3
9 6 5
9 22 21
9 21 20
9 20 7
9 20 19
9 19 8
9 19 18
9 18 9
9 18 17
9 17 16
9 16 11
9 11 10
9 16 15
9 15 12
9 15 14
9 14 13
9 24 23
10 29 27
10 27 23
10 23 22
10 22 21
10 21 6
10 6 4
10 4 3
10 3 2
10 2 0
10 2 1
10 6 5
10 21 20
10 20 8
10 8 7
10 20 19
10 19 18
10 18 15
10 15 14
10 14 9
10 14 13
10 13 10
10 13 12
10 12 11
10 18 17
10 17 16
10 27 26
10 26 24
10 26 25
10 29 28
11 30 29
11 29 14
11 14 0
11 14 13
11 13 3
11 3 1
11 3 2
11 13 12
11 12 4
11 12 11
11 11 10
11 10 5
11 10 9
11 9 8
11 8 6
11 8 7
11 29 28
11 28 27
11 27 22
11 22 15
11 22 21
11 21 18
11 18 16
11 18 17
11 21 20
11 20 19
11 27 26
11 26 25
11 25 23
11 25 24
12 30 4
12 4 3
12 3 1
12 1 0
12 3 2
12 30 29
12 29 5
12 29 28
12 28 7
12 7 6
12 28 27
12 27 26
12 26 25
12 25 8
12 25 24
12 24 23
12 23 10
12 10 9
12 23 22
12 22 20
12 20 19
12 19 11
12 19 18
12 18 16
12 16 14
12 14 13
12 13 12
12 16 15
12 18 17
12 22 21
13 30 29
13 29 3
13 3 2
13 2 0
13 2 1
13 29 28
13 28 4
13 28 27
13 27 25
13 25 10
13 10 8
13 8 7
13 7 5
13 7 6
13 10 9
13 25 24
13 24 15
13 15 11
13 15 14
13 14 12
13 14 13
13 24 23
13 23 22
13 22 21
13 21 20
13 20 19
13 19 18
13 18 16
13 18 17
13 27 26
14 34 33
14 33 32
14 32 31
14 31 29
14 29 24
14 24 0
14 24 23
14 23 21
14 21 20
14 20 19
14 19 18
14 18 17
14 17 16
14 16 2
14 2 1
14 16 15
14 15 3
14 15 14
14 14 4
14 14 13
14 13 12
14 12 11
14 11 5
14 11 10
14 10 7
14 7 6
14 10 9
14 9 8
14 23 22
14 29 28
14 28 25
14 28 27
14 27 26
14 31 30
15 34 32
15 32 31
15 31 2
15 2 0
15 2 1
15 31 30
15 30 29
15 29 27
15 27 26
15 26 24
15 24 6
15 6 3
15 6 5
15 5 4
15 24 23
15 23 7
15 23 22
15 22 20
15 20 19
15 19 18
15 18 10
15 10 8
15 10 9
15 18 17
15 17 15
15 15 12
15 12 11
15 15 14
15 14 13
15 17 16
15 22 21
15 26 25
15 29 28
15 34 33
16 31 30
16 30 13
16 13 12
16 12 11
16 11 10
16 10 8
16 8 1
16 1 0
16 8 7
16 7 4
16 4 2
16 4 3
16 7 6
16 6 5
16 10 9
16 30 29
16 29 22
16 22 21
16 21 16
16 16 15
16 15 14
16 21 20
16 20 19
16 19 17
16 19 18
16 29 28
16 28 26
16 26 25
16 25 24
16 24 23
16 28 27
17 34 33
17 33 1
17 1 0
17 33 32
17 32 2
17 32 31
17 31 28
17 28 6
17 6 5
17 5 3
17 5 4
17 28 27
17 27 7
17 27 26
17 26 25
17 25 21
17 21 19
17 19 10
17 10 9
17 9 8
17 19 18
17 18 17
17 17 14
17 14 13
17 13 12
17 12 11
17 17 16
17 16 15
17 21 20
17 25 24
17 24 22
17 24 23
17 31 30
17 30 29
18 29 2
18 2 0
18 2 1
18 29 28
18 28 26
18 26 19
18 19 17
18 17 3
18 17 16
18 16 12
18 12 5
18 5 4
18 12 11
18 11 10
18 10 9
18 9 7
18 7 6
18 9 8
18 16 15
18 15 13
18 15 14
18 19 18
18 26 25
18 25 20
18 25 24
18 24 23
18 23 22
18 22 21
18 28 27
19 32 29
19 29 0
19 29 28
19 28 26
19 26 1
19 26 25
19 25 23
19 23 22
19 22 20
19 20 3
19 3 2
19 20 19
19 19 18
19 18 12
19 12 11
19 11 5
19 5 4
19 11 10
19 10 9
19 9 6
19 9 8
19 8 7
19 18 17
19 17 13
19 17 16
19 16 15
19 15 14
19 22 21
19 25 24
19 28 27
19 32 31
19 31 30
20 34 33
20 33 32
20 32 30
20 30 28
20 28 27
20 27 0
20 27 26
20 26 25
20 25 24
20 24 21
20 21 5
20 5 2
20 2 1
20 5 4
20 4 3
20 21 20
20 20 17
20 17 6
20 17 16
20 16 15
20 15 10
20 10 8
20 8 7
20 10 9
20 15 14
20 14 13
20 13 11
20 13 12
20 20 19
20 19 18
20 24 23
20 23 22
20 30 29
20 32 31
21 33 32
21 32 2
21 2 0
21 2 1
21 32 31
21 31 29
21 29 3
21 29 28
21 28 27
21 27 5
21 5 4
21 27 26
21 26 22
21 22 21
21 21 20
21 20 19
21 19 18
21 18 7
21 7 6
21 18 17
21 17 16
21 16 15
21 15 14
21 14 13
21 13 8
21 13 12
21 12 10
21 10 9
21 12 11
21 26 25
21 25 24
21 24 23
21 31 30
22 32 30
22 30 29
22 29 28
22 28 9
22 9 4
22 4 0
22 4 3
22 3 1
22 3 2
22 9 8
22 8 5
22 8 7
22 7 6
22 28 27
22 27 10
22 27 26
22 26 11
22 26 25
22 25 24
22 24 13
22 13 12
22 24 23
22 23 21
22 21 20
22 20 15
22 15 14
22 20 19
22 19 18
22 18 17
22 17 16
22 23 22
22 32 31
23 32 31
23 31 24
23 24 0
23 24 23
23 23 13
23 13 12
23 12 10
23 10 5
23 5 4
23 4 2
23 2 1
23 4 3
23 10 9
23 9 7
23 7 6
23 9 8
23 12 11
23 23 22
23 22 18
23 18 17
23 17 16
23 16 14
23 16 15
23 22 21
23 21 19
23 21 20
23 31 30
23 30 29
23 29 26
23 26 25
23 29 28
23 28 27
24 30 1
24 1 0
24 30 29
24 29 22
24 22 21
24 21 19
24 19 4
24 4 3
24 3 2
24 19 18
24 18 5
24 18 17
24 17 16
24 16 15
24 15 7
24 7 6
24 15 14
24 14 9
24 9 8
24 14 13
24 13 10
24 13 12
24 12 11
24 21 20
24 29 28
24 28 27
24 27 26
24 26 23
24 26 25
24 25 24
25 31 23
25 23 0
25 23 22
25 22 20
25 20 18
25 18 16
25 16 15
25 15 13
25 13 12
25 12 11
25 11 9
25 9 5
25 5 4
25 4 2
25 2 1
25 4 3
25 9 8
25 8 7
25 7 6
25 11 10
25 15 14
25 18 17
25 20 19
25 22 21
25 31 30
25 30 29
25 29 24
25 29 28
25 28 27
25 27 25
25 27 26
26 34 8
26 8 7
26 7 6
26 6 5
26 5 4
26 4 3
26 3 2
26 2 1
26 1 0
26 34 33
26 33 26
26 26 18
26 18 17
26 17 15
26 15 14
26 14 11
26 11 9
26 11 10
26 14 13
26 13 12
26 17 16
26 26 25
26 25 24
26 24 23
26 23 22
26 22 21
26 21 19
26 21 20
26 33 32
26 32 27
26 32 31
26 31 29
26 29 28
26 31 30
27 34 27
27 27 26
27 26 0
27 26 25
27 25 23
27 23 13
27 13 10
27 10 8
27 8 6
27 6 1
27 6 5
27 5 4
27 4 3
27 3 2
27 8 7
27 10 9
27 13 12
27 12 11
27 23 22
27 22 21
27 21 14
27 21 20
27 20 19
27 19 17
27 17 16
27 16 15
27 19 18
27 25 24
27 34 33
27 33 32
27 32 30
27 30 29
27 29 28
27 32 31
28 29 23
28 23 3
28 3 1
28 1 0
28 3 2
28 23 22
28 22 4
28 22 21
28 21 15
28 15 7
28 7 5
28 7 6
28 15 14
28 14 10
28 10 8
28 10 9
28 14 13
28 13 12
28 12 11
28 21 20
28 20 16
28 20 19
28 19 18
28 18 17
28 29 28
28 28 27
28 27 24
28 27 26
28 26 25
29 30 27
29 27 26
29 26 24
29 24 23
29 23 22
29 22 21
29 21 0
29 21 20
29 20 19
29 19 18
29 18 1
29 18 17
29 17 8
29 8 6
29 6 5
29 5 4
29 4 2
29 4 3
29 8 7
29 17 16
29 16 15
29 15 11
29 11 9
29 11 10
29 15 14
29 14 12
29 14 13
29 26 25
29 30 29
29 29 28
30 29 28
30 28 24
30 24 23
30 23 22
30 22 3
30 3 2
30 2 0
30 2 1
30 22 21
30 21 11
30 11 5
30 5 4
30 11 10
30 10 6
30 10 9
30 9 7
30 9 8
30 21 20
30 20 13
30 13 12
30 20 19
30 19 18
30 18 16
30 16 14
30 16 15
30 18 17
30 28 27
30 27 26
30 26 25
31 29 6
31 6 5
31 5 3
31 3 1
31 1 0
31 3 2
31 5 4
31 29 28
31 28 13
31 13 8
31 8 7
31 13 12
31 12 10
31 10 9
31 12 11
31 28 27
31 27 25
31 25 23
31 23 22
31 22 21
31 21 20
31 20 19
31 19 18
31 18 16
31 16 15
31 15 14
31 18 17
31 25 24
31 27 26
32 32 31
32 31 30
32 30 3
32 3 2
32 2 1
32 1 0
32 30 29
32 29 28
32 28 15
32 15 13
32 13 12
32 12 10
32 10 4
32 10 9
32 9 8
32 8 5
32 8 7
32 7 6
32 12 11
32 15 14
32 28 27
32 27 25
32 25 21
32 21 16
32 21 20
32 20 17
32 20 19
32 19 18
32 25 24
32 24 22
32 24 23
32 27 26
33 29 28
33 28 27
33 27 26
33 26 24
33 24 22
33 22 11
33 11 4
33 4 0
33 4 3
33 3 1
33 3 2
33 11 10
33 10 9
33 9 5
33 9 8
33 8 7
33 7 6
33 22 21
33 21 20
33 20 13
33 13 12
33 20 19
33 19 17
33 17 15
33 15 14
33 17 16
33 19 18
33 24 23
33 26 25
34 33 32
34 32 0
34 32 31
34 31 1
34 31 30
34 30 3
34 3 2
34 30 29
34 29 28
34 28 26
34 26 25
34 25 4
34 25 24
34 24 5
34 24 23
34 23 16
34 16 9
34 9 8
34 8 7
34 7 6
34 16 15
34 15 10
34 15 14
34 14 12
34 12 11
34 14 13
34 23 22
34 22 18
34 18 17
34 22 21
34 21 20
34 20 19
34 28 27
35 29 3
35 3 1
35 1 0
35 3 2
35 29 28
35 28 27
35 27 13
35 13 9
35 9 7
35 7 6
35 6 5
35 5 4
35 9 8
35 13 12
35 12 10
35 12 11
35 27 26
35 26 25
35 25 23
35 23 21
35 21 20
35 20 14
35 20 19
35 19 15
35 19 18
35 18 17
35 17 16
35 23 22
35 25 24
36 33 0
36 33 32
36 32 29
36 29 21
36 21 15
36 15 13
36 13 1
36 13 12
36 12 9
36 9 8
36 8 4
36 4 2
36 4 3
36 8 7
36 7 6
36 6 5
36 12 11
36 11 10
36 15 14
36 21 20
36 20 18
36 18 17
36 17 16
36 20 19
36 29 28
36 28 27
36 27 25
36 25 23
36 23 22
36 25 24
36 27 26
36 32 31
36 31 30
37 31 30
37 30 5
37 5 4
37 4 3
37 3 2
37 2 0
37 2 1
37 30 29
37 29 10
37 10 8
37 8 7
37 7 6
37 10 9
37 29 28
37 28 27
37 27 26
37 26 20
37 20 19
37 19 16
37 16 14
37 14 11
37 14 13
37 13 12
37 16 15
37 19 18
37 18 17
37 26 25
37 25 23
37 23 22
37 22 21
37 25 24
38 29 17
38 17 8
38 8 6
38 6 1
38 1 0
38 6 5
38 5 3
38 3 2
38 5 4
38 8 7
38 17 16
38 16 15
38 15 9
38 15 14
38 14 13
38 13 10
38 13 12
38 12 11
38 29 28
38 28 18
38 28 27
38 27 26
38 26 19
38 26 25
38 25 24
38 24 22
38 22 20
38 22 21
38 24 23
39 34 7
39 7 6
39 6 3
39 3 2
39 2 0
39 2 1
39 6 5
39 5 4
39 34 33
39 33 31
39 31 17
39 17 16
39 16 15
39 15 14
39 14 12
39 12 8
39 12 11
39 11 10
39 10 9
39 14 13
39 31 30
39 30 27
39 27 19
39 19 18
39 27 26
39 26 22
39 22 21
39 21 20
39 26 25
39 25 23
39 25 24
39 30 29
39 29 28
39 33 32
40 31 0
40 31 30
40 30 28
40 28 1
40 28 27
40 27 26
40 26 25
40 25 4
40 4 3
40 3 2
40 25 24
40 24 11
40 11 9
40 9 8
40 8 6
40 6 5
40 8 7
40 11 10
40 24 23
40 23 18
40 18 17
40 17 13
40 13 12
40 17 16
40 16 15
40 15 14
40 23 22
40 22 21
40 21 19
40 21 20
40 30 29
41 34 1
41 1 0
41 34 33
41 33 2
41 33 32
41 32 31
41 31 19
41 19 18
41 18 15
41 15 7
41 7 6
41 6 3
41 6 5
41 5 4
41 15 14
41 14 13
41 13 12
41 12 9
41 9 8
41 12 11
41 11 10
41 18 17
41 17 16
41 31 30
41 30 29
41 29 22
41 22 20
41 22 21
41 29 28
41 28 26
41 26 23
41 26 25
41 25 24
41 28 27
42 32 0
42 32 31
42 31 27
42 27 2
42 2 1
42 27 26
42 26 24
42 24 23
42 23 22
42 22 20
42 20 17
42 17 12
42 12 10
42 10 9
42 9 3
42 9 8
42 8 4
42 8 7
42 7 6
42 6 5
42 12 11
42 17 16
42 16 15
42 15 14
42 14 13
42 20 19
42 19 18
42 22 21
42 26 25
42 31 30
42 30 29
42 29 28
43 34 0
43 34 33
43 33 32
43 32 1
43 32 31
43 31 26
43 26 24
43 24 21
43 21 12
43 12 10
43 10 9
43 9 8
43 8 6
43 6 5
43 5 2
43 5 4
43 4 3
43 8 7
43 12 11
43 21 20
43 20 14
43 14 13
43 20 19
43 19 18
43 18 15
43 18 17
43 17 16
43 24 23
43 23 22
43 26 25
43 31 30
43 30 27
43 30 29
43 29 28
44 29 0
44 29 28
44 28 27
44 27 25
44 25 24
44 24 23
44 23 21
44 21 20
44 20 2
44 2 1
44 20 19
44 19 18
44 18 6
44 6 3
44 6 5
44 5 4
44 18 17
44 17 15
44 15 7
44 15 14
44 14 8
44 14 13
44 13 9
44 13 12
44 12 11
44 11 10
44 17 16
44 23 22
44 27 26
45 30 29
45 29 26
45 26 25
45 25 23
45 23 5
45 5 2
45 2 1
45 1 0
45 5 4
45 4 3
45 23 22
45 22 12
45 12 10
45 10 9
45 9 8
45 8 6
45 8 7
45 12 11
45 22 21
45 21 20
45 20 17
45 17 16
45 16 15
45 15 14
45 14 13
45 20 19
45 19 18
45 25 24
45 29 28
45 28 27
46 32 0
46 32 31
46 31 26
46 26 19
46 19 1
46 19 18
46 18 17
46 17 16
46 16 15
46 15 3
46 3 2
46 15 14
46 14 12
46 12 11
46 11 4
46 11 10
46 10 8
46 8 7
46 7 6
46 6 5
46 10 9
46 14 13
46 26 25
46 25 24
46 24 23
46 23 21
46 21 20
46 23 22
46 31 30
46 30 28
46 28 27
46 30 29
47 30 2
47 2 1
47 1 0
47 30 29
47 29 28
47 28 27
47 27 8
47 8 6
47 6 5
47 5 3
47 5 4
47 8 7
47 27 26
47 26 25
47 25 18
47 18 9
47 18 17
47 17 16
47 16 15
47 15 10
47 15 14
47 14 13
47 13 11
47 13 12
47 25 24
47 24 21
47 21 20
47 20 19
47 24 23
47 23 22
48 30 28
48 28 17
48 17 2
48 2 1
48 1 0
48 17 16
48 16 15
48 15 3
48 15 14
48 14 13
48 13 12
48 12 4
48 12 11
48 11 6
48 6 5
48 11 10
48 10 9
48 9 8
48 8 7
48 28 27
48 27 26
48 26 22
48 22 20
48 20 18
48 20 19
48 22 21
48 26 25
48 25 23
48 25 24
48 30 29
49 31 0
49 31 30
49 30 1
49 30 29
49 29 10
49 10 8
49 8 7
49 7 6
49 6 5
49 5 4
49 4 2
49 4 3
49 10 9
49 29 28
49 28 11
49 28 27
49 27 26
49 26 25
49 25 19
49 19 15
49 15 14
49 14 13
49 13 12
49 19 18
49 18 17
49 17 16
49 25 24
49 24 23
49 23 20
49 23 22
49 22 21
50 29 17
50 17 1
50 1 0
50 17 16
50 16 14
50 14 7
50 7 6
50 6 4
50 4 3
50 3 2
50 6 5
50 14 13
50 13 10
50 10 9
50 9 8
50 13 12
50 12 11
50 16 15
50 29 28
50 28 25
50 25 24
50 24 22
50 22 21
50 21 20
50 20 18
50 20 19
50 24 23
50 28 27
50 27 26
51 32 31
51 31 28
51 28 5
51 5 4
51 4 3
51 3 0
51 3 2
51 2 1
51 28 27
51 27 6
51 27 26
51 26 25
51 25 7
51 25 24
51 24 23
51 23 8
51 23 22
51 22 21
51 21 20
51 20 11
51 11 9
51 11 10
51 20 19
51 19 18
51 18 14
51 14 13
51 13 12
51 18 17
51 17 15
51 17 16
51 31 30
51 30 29
52 32 31
52 31 27
52 27 0
52 27 26
52 26 2
52 2 1
52 26 25
52 25 24
52 24 22
52 22 13
52 13 10
52 10 9
52 9 3
52 9 8
52 8 7
52 7 6
52 6 4
52 6 5
52 13 12
52 12 11
52 22 21
52 21 20
52 20 14
52 20 19
52 19 18
52 18 15
52 18 17
52 17 16
52 24 23
52 31 30
52 30 29
52 29 28
53 34 33
53 33 19
53 19 6
53 6 3
53 3 1
53 1 0
53 3 2
53 6 5
53 5 4
53 19 18
53 18 8
53 8 7
53 18 17
53 17 11
53 11 9
53 11 10
53 17 16
53 16 15
53 15 14
53 14 13
53 13 12
53 33 32
53 32 31
53 31 20
53 31 30
53 30 21
53 30 29
53 29 28
53 28 27
53 27 26
53 26 24
53 24 22
53 24 23
53 26 25
54 30 0
54 30 29
54 29 1
54 29 28
54 28 22
54 22 20
54 20 19
54 19 5
54 5 4
54 4 2
54 4 3
54 19 18
54 18 8
54 8 7
54 7 6
54 18 17
54 17 15
54 15 14
54 14 13
54 13 9
54 13 12
54 12 10
54 12 11
54 17 16
54 22 21
54 28 27
54 27 26
54 26 24
54 24 23
54 26 25
55 32 5
55 5 4
55 4 3
55 3 2
55 2 1
55 1 0
55 32 31
55 31 6
55 31 30
55 30 28
55 28 17
55 17 16
55 16 7
55 16 15
55 15 13
55 13 12
55 12 8
55 12 11
55 11 9
55 11 10
55 15 14
55 28 27
55 27 18
55 27 26
55 26 19
55 26 25
55 25 24
55 24 20
55 24 23
55 23 21
55 23 22
55 30 29
56 33 32
56 32 31
56 31 30
56 30 26
56 26 23
56 23 1
56 1 0
56 23 22
56 22 20
56 20 2
56 20 19
56 19 11
56 11 8
56 8 6
56 6 5
56 5 3
56 5 4
56 8 7
56 11 10
56 10 9
56 19 18
56 18 14
56 14 13
56 13 12
56 18 17
56 17 16
56 16 15
56 22 21
56 26 25
56 25 24
56 30 29
56 29 27
56 29 28
57 31 7
57 7 0
57 7 6
57 6 1
57 6 5
57 5 3
57 3 2
57 5 4
57 31 30
57 30 14
57 14 10
57 10 8
57 10 9
57 14 13
57 13 12
57 12 11
57 30 29
57 29 28
57 28 26
57 26 15
57 26 25
57 25 21
57 21 20
57 20 16
57 20 19
57 19 18
57 18 17
57 25 24
57 24 22
57 24 23
57 28 27
58 30 23
58 23 21
58 21 20
58 20 4
58 4 2
58 2 0
58 2 1
58 4 3
58 20 19
58 19 8
58 8 7
58 7 5
58 7 6
58 19 18
58 18 12
58 12 10
58 10 9
58 12 11
58 18 17
58 17 13
58 17 16
58 16 14
58 16 15
58 23 22
58 30 29
58 29 24
58 29 28
58 28 27
58 27 25
58 27 26
59 29 28
59 28 25
59 25 24
59 24 20
59 20 13
59 13 11
59 11 9
59 9 7
59 7 2
59 2 1
59 1 0
59 7 6
59 6 4
59 4 3
59 6 5
59 9 8
59 11 10
59 13 12
59 20 19
59 19 14
59 19 18
59 18 16
59 16 15
59 18 17
59 24 23
59 23 21
59 23 22
59 28 27
59 27 26
60 30 29
60 29 28
60 28 22
60 22 21
60 21 14
60 14 12
60 12 9
60 9 8
60 8 7
60 7 2
60 2 1
60 1 0
60 7 6
60 6 3
60 6 5
60 5 4
60 12 11
60 11 10
60 14 13
60 21 20
60 20 15
60 20 19
60 19 17
60 17 16
60 19 18
60 28 27
60 27 24
60 24 23
60 27 26
60 26 25
61 31 0
61 31 30
61 30 3
61 3 1
61 3 2
61 30 29
61 29 9
61 9 6
61 6 5
61 5 4
61 9 8
61 8 7
61 29 28
61 28 27
61 27 26
61 26 23
61 23 20
61 20 19
61 19 10
61 19 18
61 18 15
61 15 14
61 14 13
61 13 11
61 13 12
61 18 17
61 17 16
61 23 22
61 22 21
61 26 25
61 25 24
62 33 31
62 31 30
62 30 0
62 30 29
62 29 19
62 19 18
62 18 5
62 5 3
62 3 2
62 2 1
62 5 4
62 18 17
62 17 16
62 16 15
62 15 13
62 13 12
62 12 6
62 12 11
62 11 10
62 10 8
62 8 7
62 10 9
62 15 14
62 29 28
62 28 20
62 28 27
62 27 26
62 26 25
62 25 24
62 24 21
62 24 23
62 23 22
62 33 32
63 31 27
63 27 6
63 6 5
63 5 3
63 3 2
63 2 0
63 2 1
63 5 4
63 27 26
63 26 19
63 19 18
63 18 17
63 17 8
63 8 7
63 17 16
63 16 14
63 14 9
63 14 13
63 13 11
63 11 10
63 13 12
63 16 15
63 26 25
63 25 23
63 23 21
63 21 20
63 23 22
63 25 24
63 31 30
63 30 28
63 30 29
64 30 2
64 2 1
64 1 0
64 30 29
64 29 9
64 9 8
64 8 5
64 5 3
64 5 4
64 8 7
64 7 6
64 29 28
64 28 10
64 28 27
64 27 19
64 19 15
64 15 13
64 13 12
64 12 11
64 15 14
64 19 18
64 18 17
64 17 16
64 27 26
64 26 25
64 25 24
64 24 21
64 21 20
64 24 23
64 23 22
65 29 27
65 27 26
65 26 0
65 26 25
65 25 24
65 24 1
65 24 23
65 23 21
65 21 13
65 13 3
65 3 2
65 13 12
65 12 6
65 6 5
65 5 4
65 12 11
65 11 10
65 10 9
65 9 7
65 9 8
65 21 20
65 20 18
65 18 16
65 16 14
65 16 15
65 18 17
65 20 19
65 23 22
65 29 28
66 32 4
66 4 3
66 3 2
66 2 1
66 1 0
66 32 31
66 31 29
66 29 8
66 8 6
66 6 5
66 8 7
66 29 28
66 28 9
66 28 27
66 27 16
66 16 13
66 13 11
66 11 10
66 13 12
66 16 15
66 15 14
66 27 26
66 26 25
66 25 24
66 24 17
66 24 23
66 23 20
66 20 19
66 19 18
66 23 22
66 22 21
66 31 30
67 31 0
67 31 30
67 30 12
67 12 10
67 10 9
67 9 6
67 6 3
67 3 1
67 3 2
67 6 5
67 5 4
67 9 8
67 8 7
67 12 11
67 30 29
67 29 28
67 28 27
67 27 26
67 26 13
67 26 25
67 25 20
67 20 19
67 19 18
67 18 17
67 17 15
67 15 14
67 17 16
67 25 24
67 24 23
67 23 22
67 22 21
68 33 32
68 32 3
68 3 2
68 2 1
68 1 0
68 32 31
68 31 29
68 29 27
68 27 26
68 26 16
68 16 15
68 15 7
68 7 6
68 6 4
68 6 5
68 15 14
68 14 12
68 12 11
68 11 9
68 9 8
68 11 10
68 14 13
68 26 25
68 25 24
68 24 21
68 21 20
68 20 18
68 18 17
68 20 19
68 24 23
68 23 22
68 29 28
68 31 30
69 33 0
69 33 32
69 32 15
69 15 9
69 9 8
69 8 1
69 8 7
69 7 2
69 7 6
69 6 4
69 4 3
69 6 5
69 15 14
69 14 13
69 13 10
69 13 12
69 12 11
69 32 31
69 31 16
69 31 30
69 30 28
69 28 27
69 27 25
69 25 20
69 20 18
69 18 17
69 20 19
69 25 24
69 24 23
69 23 22
69 22 21
69 27 26
69 30 29
70 32 31
70 31 5
70 5 3
70 3 1
70 1 0
70 3 2
70 5 4
70 31 30
70 30 14
70 14 13
70 13 6
70 13 12
70 12 9
70 9 8
70 8 7
70 12 11
70 11 10
70 30 29
70 29 26
70 26 23
70 23 19
70 19 17
70 17 16
70 16 15
70 19 18
70 23 22
70 22 21
70 21 20
70 26 25
70 25 24
70 29 28
70 28 27
71 33 0
71 33 32
71 32 31
71 31 30
71 30 1
71 30 29
71 29 3
71 3 2
71 29 28
71 28 6
71 6 5
71 5 4
71 28 27
71 27 16
71 16 15
71 15 7
71 15 14
71 14 13
71 13 12
71 12 8
71 12 11
71 11 10
71 10 9
71 27 26
71 26 24
71 24 23
71 23 17
71 23 22
71 22 20
71 20 18
71 20 19
71 22 21
71 26 25
72 31 30
72 30 5
72 5 4
72 4 3
72 3 2
72 2 1
72 1 0
72 30 29
72 29 23
72 23 22
72 22 21
72 21 6
72 21 20
72 20 11
72 11 9
72 9 7
72 9 8
72 11 10
72 20 19
72 19 16
72 16 13
72 13 12
72 16 15
72 15 14
72 19 18
72 18 17
72 29 28
72 28 25
72 25 24
72 28 27
72 27 26
73 33 32
73 32 0
73 32 31
73 31 20
73 20 19
73 19 1
73 19 18
73 18 17
73 17 16
73 16 15
73 15 14
73 14 13
73 13 12
73 12 6
73 6 2
73 6 5
73 5 4
73 4 3
73 12 11
73 11 7
73 11 10
73 10 9
73 9 8
73 31 30
73 30 29
73 29 21
73 29 28
73 28 25
73 25 24
73 24 22
73 24 23
73 28 27
73 27 26
74 29 28
74 28 27
74 27 1
74 1 0
74 27 26
74 26 22
74 22 21
74 21 20
74 20 18
74 18 17
74 17 2
74 17 16
74 16 14
74 14 10
74 10 9
74 9 3
74 9 8
74 8 6
74 6 5
74 5 4
74 8 7
74 14 13
74 13 12
74 12 11
74 16 15
74 20 19
74 26 25
74 25 24
74 24 23
75 34 33
75 33 31
75 31 2
75 2 1
75 1 0
75 31 30
75 30 29
75 29 3
75 29 28
75 28 27
75 27 22
75 22 13
75 13 11
75 11 9
75 9 8
75 8 4
75 8 7
75 7 5
75 7 6
75 11 10
75 13 12
75 22 21
75 21 19
75 19 15
75 15 14
75 19 18
75 18 16
75 18 17
75 21 20
75 27 26
75 26 24
75 24 23
75 26 25
75 33 32
76 32 18
76 18 17
76 17 14
76 14 0
76 14 13
76 13 1
76 13 12
76 12 9
76 9 7
76 7 6
76 6 4
76 4 3
76 3 2
76 6 5
76 9 8
76 12 11
76 11 10
76 17 16
76 16 15
76 32 31
76 31 24
76 24 23
76 23 21
76 21 19
76 21 20
76 23 22
76 31 30
76 30 29
76 29 28
76 28 25
76 28 27
76 27 26
77 34 33
77 33 32
77 32 11
77 11 10
77 10 0
77 10 9
77 9 8
77 8 7
77 7 2
77 2 1
77 7 6
77 6 5
77 5 4
77 4 3
77 32 31
77 31 29
77 29 27
77 27 26
77 26 25
77 25 22
77 22 21
77 21 20
77 20 16
77 16 15
77 15 12
77 15 14
77 14 13
77 20 19
77 19 17
77 19 18
77 25 24
77 24 23
77 29 28
77 31 30
78 33 30
78 30 29
78 29 8
78 8 5
78 5 0
78 5 4
78 4 3
78 3 1
78 3 2
78 8 7
78 7 6
78 29 28
78 28 26
78 26 25
78 25 9
78 25 24
78 24 18
78 18 12
78 12 10
78 12 11
78 18 17
78 17 14
78 14 13
78 17 16
78 16 15
78 24 23
78 23 19
78 23 22
78 22 21
78 21 20
78 28 27
78 33 32
78 32 31
79 31 29
79 29 27
79 27 25
79 25 2
79 2 1
79 1 0
79 25 24
79 24 17
79 17 12
79 12 11
79 11 10
79 10 3
79 10 9
79 9 7
79 7 4
79 7 6
79 6 5
79 9 8
79 17 16
79 16 14
79 14 13
79 16 15
79 24 23
79 23 20
79 20 19
79 19 18
79 23 22
79 22 21
79 27 26
79 29 28
79 31 30
80 31 29
80 29 15
80 15 9
80 9 7
80 7 1
80 1 0
80 7 6
80 6 4
80 4 3
80 3 2
80 6 5
80 9 8
80 15 14
80 14 12
80 12 11
80 11 10
80 14 13
80 29 28
80 28 27
80 27 26
80 26 25
80 25 24
80 24 17
80 17 16
80 24 23
80 23 22
80 22 21
80 21 20
80 20 18
80 20 19
80 31 30
81 31 9
81 9 8
81 8 7
81 7 5
81 5 3
81 3 1
81 1 0
81 3 2
81 5 4
81 7 6
81 31 30
81 30 25
81 25 24
81 24 22
81 22 18
81 18 16
81 16 15
81 15 11
81 11 10
81 15 14
81 14 12
81 14 13
81 18 17
81 22 21
81 21 20
81 20 19
81 24 23
81 30 29
81 29 27
81 27 26
81 29 28
82 30 27
82 27 26
82 26 0
82 26 25
82 25 13
82 13 4
82 4 3
82 3 2
82 2 1
82 13 12
82 12 11
82 11 10
82 10 6
82 6 5
82 10 9
82 9 8
82 8 7
82 25 24
82 24 18
82 18 17
82 17 15
82 15 14
82 17 16
82 24 23
82 23 19
82 23 22
82 22 20
82 22 21
82 30 29
82 29 28
83 32 23
83 23 22
83 22 0
83 22 21
83 21 14
83 14 13
83 13 12
83 12 10
83 10 9
83 9 7
83 7 6
83 6 5
83 5 2
83 2 1
83 5 4
83 4 3
83 9 8
83 12 11
83 21 20
83 20 19
83 19 18
83 18 15
83 18 17
83 17 16
83 32 31
83 31 30
83 30 24
83 30 29
83 29 28
83 28 27
83 27 25
83 27 26
84 31 0
84 31 30
84 30 26
84 26 20
84 20 18
84 18 16
84 16 15
84 15 14
84 14 13
84 13 12
84 12 7
84 7 1
84 7 6
84 6 2
84 6 5
84 5 3
84 5 4
84 12 11
84 11 10
84 10 8
84 10 9
84 18 17
84 20 19
84 26 25
84 25 24
84 24 23
84 23 22
84 22 21
84 30 29
84 29 27
84 29 28
85 33 29
85 29 22
85 22 1
85 1 0
85 22 21
85 21 19
85 19 7
85 7 5
85 5 2
85 5 4
85 4 3
85 7 6
85 19 18
85 18 16
85 16 8
85 16 15
85 15 14
85 14 13
85 13 9
85 13 12
85 12 11
85 11 10
85 18 17
85 21 20
85 29 28
85 28 24
85 24 23
85 28 27
85 27 25
85 27 26
85 33 32
85 32 30
85 32 31
86 34 0
86 34 33
86 33 6
86 6 5
86 5 4
86 4 2
86 2 1
86 4 3
86 33 32
86 32 16
86 16 8
86 8 7
86 16 15
86 15 12
86 12 11
86 11 10
86 10 9
86 15 14
86 14 13
86 32 31
86 31 30
86 30 28
86 28 25
86 25 24
86 24 17
86 24 23
86 23 19
86 19 18
86 23 22
86 22 20
86 22 21
86 28 27
86 27 26
86 30 29
87 31 7
87 7 0
87 7 6
87 6 3
87 3 1
87 3 2
87 6 5
87 5 4
87 31 30
87 30 29
87 29 28
87 28 8
87 28 27
87 27 11
87 11 9
87 11 10
87 27 26
87 26 12
87 26 25
87 25 13
87 25 24
87 24 22
87 22 21
87 21 20
87 20 16
87 16 15
87 15 14
87 20 19
87 19 17
87 19 18
87 24 23
88 29 28
88 28 2
88 2 0
88 2 1
88 28 27
88 27 12
88 12 5
88 5 3
88 5 4
88 12 11
88 11 9
88 9 8
88 8 6
88 8 7
88 11 10
88 27 26
88 26 13
88 26 25
88 25 14
88 25 24
88 24 23
88 23 19
88 19 18
88 18 17
88 17 16
88 16 15
88 23 22
88 22 21
88 21 20
89 29 25
89 25 22
89 22 4
89 4 3
89 3 2
89 2 1
89 1 0
89 22 21
89 21 12
89 12 11
89 11 10
89 10 8
89 8 6
89 6 5
89 8 7
89 10 9
89 21 20
89 20 13
89 20 19
89 19 18
89 18 17
89 17 14
89 17 16
89 16 15
89 25 24
89 24 23
89 29 28
89 28 27
89 27 26
90 31 17
90 17 15
90 15 13
90 13 3
90 3 2
90 2 1
90 1 0
90 13 12
90 12 8
90 8 7
90 7 4
90 7 6
90 6 5
90 12 11
90 11 10
90 10 9
90 15 14
90 17 16
90 31 30
90 30 29
90 29 28
90 28 27
90 27 19
90 19 18
90 27 26
90 26 25
90 25 22
90 22 20
90 22 21
90 25 24
90 24 23
91 32 30
91 30 28
91 28 27
91 27 19
91 19 17
91 17 15
91 15 9
91 9 8
91 8 7
91 7 6
91 6 4
91 4 3
91 3 1
91 1 0
91 3 2
91 6 5
91 15 14
91 14 10
91 14 13
91 13 12
91 12 11
91 17 16
91 19 18
91 27 26
91 26 22
91 22 20
91 22 21
91 26 25
91 25 23
91 25 24
91 30 29
91 32 31
92 34 33
92 33 8
92 8 7
92 7 5
92 5 0
92 5 4
92 4 2
92 2 1
92 4 3
92 7 6
92 33 32
92 32 9
92 32 31
92 31 29
92 29 21
92 21 16
92 16 15
92 15 10
92 15 14
92 14 13
92 13 12
92 12 11
92 21 20
92 20 19
92 19 18
92 18 17
92 29 28
92 28 25
92 25 23
92 23 22
92 25 24
92 28 27
92 27 26
92 31 30
93 30 29
93 29 27
93 27 26
93 26 25
93 25 1
93 1 0
93 25 24
93 24 13
93 13 12
93 12 2
93 12 11
93 11 5
93 5 3
93 5 4
93 11 10
93 10 6
93 10 9
93 9 8
93 8 7
93 24 23
93 23 22
93 22 18
93 18 14
93 18 17
93 17 16
93 16 15
93 22 21
93 21 20
93 20 19
93 29 28
94 34 0
94 34 33
94 33 28
94 28 1
94 28 27
94 27 2
94 27 26
94 26 3
94 26 25
94 25 24
94 24 21
94 21 7
94 7 5
94 5 4
94 7 6
94 21 20
94 20 8
94 20 19
94 19 18
94 18 15
94 15 14
94 14 13
94 13 9
94 13 12
94 12 11
94 11 10
94 18 17
94 17 16
94 24 23
94 23 22
94 33 32
94 32 31
94 31 29
94 31 30
95 33 29
95 29 19
95 19 18
95 18 0
95 18 17
95 17 11
95 11 10
95 10 1
95 10 9
95 9 8
95 8 2
95 8 7
95 7 6
95 6 5
95 5 4
95 4 3
95 17 16
95 16 14
95 14 12
95 14 13
95 16 15
95 29 28
95 28 20
95 28 27
95 27 26
95 26 25
95 25 24
95 24 23
95 23 22
95 22 21
95 33 32
95 32 31
95 31 30
96 30 0
96 30 29
96 29 28
96 28 27
96 27 6
96 6 5
96 5 1
96 5 4
96 4 3
96 3 2
96 27 26
96 26 24
96 24 18
96 18 7
96 18 17
96 17 8
96 17 16
96 16 9
96 16 15
96 15 13
96 13 10
96 13 12
96 12 11
96 15 14
96 24 23
96 23 21
96 21 20
96 20 19
96 23 22
96 26 25
97 29 28
97 28 0
97 28 27
97 27 26
97 26 25
97 25 24
97 24 4
97 4 2
97 2 1
97 4 3
97 24 23
97 23 19
97 19 18
97 18 17
97 17 13
97 13 12
97 12 10
97 10 5
97 10 9
97 9 8
97 8 7
97 7 6
97 12 11
97 17 16
97 16 15
97 15 14
97 23 22
97 22 20
97 22 21
98 31 16
98 16 14
98 14 13
98 13 12
98 12 1
98 1 0
98 12 11
98 11 2
98 11 10
98 10 6
98 6 5
98 5 4
98 4 3
98 10 9
98 9 8
98 8 7
98 16 15
98 31 30
98 30 23
98 23 17
98 23 22
98 22 20
98 20 19
98 19 18
98 22 21
98 30 29
98 29 27
98 27 26
98 26 24
98 26 25
98 29 28
99 33 32
99 32 31
99 31 30
99 30 29
99 29 0
99 29 28
99 28 5
99 5 1
99 5 4
99 4 2
99 4 3
99 28 27
99 27 7
99 7 6
99 27 26
99 26 20
99 20 10
99 10 9
99 9 8
99 20 19
99 19 18
99 18 14
99 14 13
99 13 11
99 13 12
99 18 17
99 17 16
99 16 15
99 26 25
99 25 24
99 24 23
99 23 21
99 23 22
100 31 30
100 30 29
100 29 0
100 29 28
100 28 27
100 27 26
100 26 4
100 4 1
100 4 3
100 3 2
100 26 25
100 25 5
100 25 24
100 24 19
100 19 18
100 18 8
100 8 7
100 7 6
100 18 17
100 17 15
100 15 9
100 15 14
100 14 11
100 11 10
100 14 13
100 13 12
100 17 16
100 24 23
100 23 22
100 22 20
100 22 21
101 33 27
101 27 0
101 27 26
101 26 3
101 3 1
101 3 2
101 26 25
101 25 24
101 24 20
101 20 19
101 19 4
101 19 18
101 18 17
101 17 8
101 8 7
101 7 6
101 6 5
101 17 16
101 16 10
101 10 9
101 16 15
101 15 11
101 15 14
101 14 13
101 13 12
101 24 23
101 23 22
101 22 21
101 33 32
101 32 28
101 32 31
101 31 30
101 30 29
