1 34 0
1 34 33
1 33 19
1 19 17
1 17 6
1 6 5
1 5 1
1 5 4
1 4 2
1 4 3
1 17 16
1 16 15
1 15 14
1 14 9
1 9 8
1 8 7
1 14 13
1 13 12
1 12 11
1 11 10
1 19 18
1 33 32
1 32 31
1 31 24
1 24 22
1 22 21
1 21 20
1 24 23
1 31 30
1 30 25
1 30 29
1 29 28
1 28 26
1 28 27
2 33 31
2 31 16
2 16 11
2 11 9
2 9 8
2 8 7
2 7 6
2 6 5
2 5 4
2 4 3
2 3 0
2 3 2
2 2 1
2 11 10
2 16 15
2 15 14
2 14 13
2 13 12
2 31 30
2 30 28
2 28 22
2 22 21
2 21 20
2 20 18
2 18 17
2 20 19
2 28 27
2 27 25
2 25 24
2 24 23
2 27 26
2 30 29
2 33 32
3 32 31
3 31 0
3 31 30
3 30 2
3 2 1
3 30 29
3 29 27
3 27 26
3 26 25
3 25 3
3 25 24
3 24 22
3 22 4
3 22 21
3 21 6
3 6 5
3 21 20
3 20 10
3 10 8
3 8 7
3 10 9
3 20 19
3 19 18
3 18 12
3 12 11
3 18 17
3 17 16
3 16 14
3 14 13
3 16 15
3 24 23
3 29 28
4 31 12
4 12 10
4 10 9
4 9 4
4 4 3
4 3 0
4 3 2
4 2 1
4 9 8
4 8 7
4 7 6
4 6 5
4 12 11
4 31 30
4 30 26
4 26 25
4 25 13
4 25 24
4 24 23
4 23 22
4 22 21
4 21 18
4 18 14
4 18 17
4 17 16
4 16 15
4 21 20
4 20 19
4 30 29
4 29 27
4 29 28
5 33 32
5 32 31
5 31 14
5 14 4
5 4 3
5 3 0
5 3 2
5 2 1
5 14 13
5 13 12
5 12 11
5 11 6
5 6 5
5 11 10
5 10 8
5 8 7
5 10 9
5 31 30
5 30 21
5 21 15
5 21 20
5 20 19
5 19 18
5 18 16
5 18 17
5 30 29
5 29 28
5 28 24
5 24 22
5 24 23
5 28 27
5 27 26
5 26 25
6 29 28
6 28 27
6 27 3
6 3 0
6 3 2
6 2 1
6 27 26
6 26 25
6 25 4
6 25 24
6 24 23
6 23 22
6 22 7
6 7 6
6 6 5
6 22 21
6 21 8
6 21 20
6 20 19
6 19 9
6 19 18
6 18 10
6 18 17
6 17 16
6 16 15
6 15 14
6 14 11
6 14 13
6 13 12
7 33 32
7 32 30
7 30 29
7 29 1
7 1 0
7 29 28
7 28 27
7 27 24
7 24 5
7 5 3
7 3 2
7 5 4
7 24 23
7 23 22
7 22 19
7 19 18
7 18 15
7 15 14
7 14 6
7 14 13
7 13 12
7 12 11
7 11 9
7 9 8
7 8 7
7 11 10
7 18 17
7 17 16
7 22 21
7 21 20
7 27 26
7 26 25
7 32 31
8 33 0
8 33 32
8 32 28
8 28 27
8 27 26
8 26 22
8 22 21
8 21 12
8 12 11
8 11 2
8 2 1
8 11 10
8 10 7
8 7 5
8 5 3
8 5 4
8 7 6
8 10 9
8 9 8
8 21 20
8 20 17
8 17 16
8 16 15
8 15 14
8 14 13
8 20 19
8 19 18
8 26 25
8 25 23
8 25 24
8 32 31
8 31 29
8 31 30
9 32 21
9 21 3
9 3 2
9 2 1
9 1 0
9 21 20
9 20 19
9 19 9
9 9 5
9 5 4
9 9 8
9 8 7
9 7 6
9 19 18
9 18 10
9 18 17
9 17 13
9 13 11
9 13 12
9 17 16
9 16 15
9 15 14
9 32 31
9 31 23
9 23 22
9 31 30
9 30 24
9 30 29
9 29 28
9 28 27
9 27 25
9 27 26
10 30 16
10 16 13
10 13 0
10 13 12
10 12 11
10 11 2
10 2 1
10 11 10
10 10 9
10 9 7
10 7 6
10 6 3
10 6 5
10 5 4
10 9 8
10 16 15
10 15 14
10 30 29
10 29 28
10 28 27
10 27 17
10 27 26
10 26 18
10 26 25
10 25 24
10 24 23
10 23 21
10 21 20
10 20 19
10 23 22
11 34 3
11 3 0
11 3 2
11 2 1
11 34 33
11 33 30
11 30 4
11 30 29
11 29 28
11 28 26
11 26 5
11 26 25
11 25 6
11 25 24
11 24 22
11 22 17
11 17 14
11 14 12
11 12 10
11 10 9
11 9 8
11 8 7
11 12 11
11 14 13
11 17 16
11 16 15
11 22 21
11 21 19
11 19 18
11 21 20
11 24 23
11 28 27
11 33 32
11 32 31
12 30 2
12 2 0
12 2 1
12 30 29
12 29 22
12 22 21
12 21 20
12 20 19
12 19 17
12 17 5
12 5 4
12 4 3
12 17 16
12 16 7
12 7 6
12 16 15
12 15 8
12 15 14
12 14 13
12 13 12
12 12 10
12 10 9
12 12 11
12 19 18
12 29 28
12 28 27
12 27 26
12 26 25
12 25 24
12 24 23
13 32 29
13 29 28
13 28 2
13 2 1
13 1 0
13 28 27
13 27 20
13 20 3
13 20 19
13 19 4
13 19 18
13 18 8
13 8 6
13 6 5
13 8 7
13 18 17
13 17 11
13 11 9
13 11 10
13 17 16
13 16 12
13 16 15
13 15 14
13 14 13
13 27 26
13 26 25
13 25 24
13 24 23
13 23 21
13 23 22
13 32 31
13 31 30
14 29 16
14 16 7
14 7 5
14 5 2
14 2 1
14 1 0
14 5 4
14 4 3
14 7 6
14 16 15
14 15 14
14 14 12
14 12 10
14 10 8
14 10 9
14 12 11
14 14 13
14 29 28
14 28 25
14 25 19
14 19 18
14 18 17
14 25 24
14 24 23
14 23 22
14 22 21
14 21 20
14 28 27
14 27 26
15 30 27
15 27 1
15 1 0
15 27 26
15 26 18
15 18 15
15 15 13
15 13 12
15 12 11
15 11 10
15 10 3
15 3 2
15 10 9
15 9 8
15 8 7
15 7 6
15 6 4
15 6 5
15 15 14
15 18 17
15 17 16
15 26 25
15 25 24
15 24 23
15 23 22
15 22 19
15 22 21
15 21 20
15 30 29
15 29 28
16 34 6
16 6 5
16 5 2
16 2 0
16 2 1
16 5 4
16 4 3
16 34 33
16 33 30
16 30 17
16 17 16
16 16 8
16 8 7
16 16 15
16 15 11
16 11 9
16 11 10
16 15 14
16 14 12
16 14 13
16 30 29
16 29 28
16 28 23
16 23 18
16 23 22
16 22 19
16 22 21
16 21 20
16 28 27
16 27 26
16 26 24
16 26 25
16 33 32
16 32 31
17 32 31
17 31 30
17 30 0
17 30 29
17 29 28
17 28 27
17 27 26
17 26 11
17 11 10
17 10 1
17 10 9
17 9 5
17 5 4
17 4 3
17 3 2
17 9 8
17 8 6
17 8 7
17 26 25
17 25 15
17 15 13
17 13 12
17 15 14
17 25 24
17 24 17
17 17 16
17 24 23
17 23 22
17 22 18
17 22 21
17 21 19
17 21 20
18 32 31
18 31 29
18 29 5
18 5 4
18 4 3
18 3 2
18 2 1
18 1 0
18 29 28
18 28 20
18 20 7
18 7 6
18 20 19
18 19 11
18 11 9
18 9 8
18 11 10
18 19 18
18 18 17
18 17 12
18 17 16
18 16 13
18 16 15
18 15 14
18 28 27
18 27 24
18 24 23
18 23 22
18 22 21
18 27 26
18 26 25
18 31 30
19 33 32
19 32 15
19 15 14
19 14 11
19 11 0
19 11 10
19 10 9
19 9 1
19 9 8
19 8 6
19 6 2
19 6 5
19 5 3
19 5 4
19 8 7
19 14 13
19 13 12
19 32 31
19 31 27
19 27 24
19 24 23
19 23 18
19 18 17
19 17 16
19 23 22
19 22 20
19 20 19
19 22 21
19 27 26
19 26 25
19 31 30
19 30 29
19 29 28
20 29 28
20 28 8
20 8 0
20 8 7
20 7 5
20 5 1
20 5 4
20 4 3
20 3 2
20 7 6
20 28 27
20 27 26
20 26 25
20 25 24
20 24 9
20 24 23
20 23 11
20 11 10
20 23 22
20 22 21
20 21 20
20 20 19
20 19 18
20 18 17
20 17 15
20 15 12
20 15 14
20 14 13
20 17 16
21 30 2
21 2 1
21 1 0
21 30 29
21 29 28
21 28 26
21 26 18
21 18 17
21 17 16
21 16 15
21 15 13
21 13 12
21 12 11
21 11 10
21 10 6
21 6 5
21 5 3
21 5 4
21 10 9
21 9 8
21 8 7
21 15 14
21 26 25
21 25 23
21 23 22
21 22 21
21 21 20
21 20 19
21 25 24
21 28 27
22 34 31
22 31 30
22 30 0
22 30 29
22 29 11
22 11 8
22 8 4
22 4 2
22 2 1
22 4 3
22 8 7
22 7 5
22 7 6
22 11 10
22 10 9
22 29 28
22 28 20
22 20 19
22 19 13
22 13 12
22 19 18
22 18 16
22 16 15
22 15 14
22 18 17
22 28 27
22 27 25
22 25 24
22 24 21
22 24 23
22 23 22
22 27 26
22 34 33
22 33 32
23 33 20
23 20 19
23 19 0
23 19 18
23 18 16
23 16 6
23 6 5
23 5 4
23 4 3
23 3 2
23 2 1
23 16 15
23 15 12
23 12 9
23 9 7
23 9 8
23 12 11
23 11 10
23 15 14
23 14 13
23 18 17
23 33 32
23 32 31
23 31 23
23 23 22
23 22 21
23 31 30
23 30 29
23 29 28
23 28 25
23 25 24
23 28 27
23 27 26
24 29 27
24 27 26
24 26 25
24 25 9
24 9 8
24 8 7
24 7 6
24 6 4
24 4 0
24 4 3
24 3 1
24 3 2
24 6 5
24 25 24
24 24 22
24 22 17
24 17 10
24 17 16
24 16 11
24 16 15
24 15 14
24 14 12
24 14 13
24 22 21
24 21 19
24 19 18
24 21 20
24 24 23
24 29 28
25 30 29
25 29 0
25 29 28
25 28 3
25 3 2
25 2 1
25 28 27
25 27 4
25 27 26
25 26 5
25 26 25
25 25 24
25 24 21
25 21 20
25 20 15
25 15 14
25 14 12
25 12 11
25 11 10
25 10 9
25 9 7
25 7 6
25 9 8
25 14 13
25 20 19
25 19 16
25 19 18
25 18 17
25 24 23
25 23 22
26 31 21
26 21 20
26 20 17
26 17 14
26 14 13
26 13 11
26 11 1
26 1 0
26 11 10
26 10 3
26 3 2
26 10 9
26 9 7
26 7 4
26 7 6
26 6 5
26 9 8
26 13 12
26 17 16
26 16 15
26 20 19
26 19 18
26 31 30
26 30 22
26 30 29
26 29 27
26 27 24
26 24 23
26 27 26
26 26 25
26 29 28
27 30 28
27 28 26
27 26 25
27 25 24
27 24 0
27 24 23
27 23 22
27 22 5
27 5 3
27 3 2
27 2 1
27 5 4
27 22 21
27 21 20
27 20 18
27 18 6
27 18 17
27 17 11
27 11 10
27 10 9
27 9 7
27 9 8
27 17 16
27 16 15
27 15 14
27 14 13
27 13 12
27 20 19
27 28 27
27 30 29
28 32 30
28 30 26
28 26 25
28 25 24
28 24 23
28 23 20
28 20 0
28 20 19
28 19 17
28 17 16
28 16 13
28 13 1
28 13 12
28 12 2
28 12 11
28 11 4
28 4 3
28 11 10
28 10 6
28 6 5
28 10 9
28 9 8
28 8 7
28 16 15
28 15 14
28 19 18
28 23 22
28 22 21
28 30 29
28 29 27
28 29 28
28 32 31
29 33 2
29 2 0
29 2 1
29 33 32
29 32 31
29 31 29
29 29 8
29 8 3
29 8 7
29 7 6
29 6 4
29 6 5
29 29 28
29 28 9
29 28 27
29 27 26
29 26 25
29 25 24
29 24 10
29 24 23
29 23 22
29 22 20
29 20 12
29 12 11
29 20 19
29 19 15
29 15 13
29 15 14
29 19 18
29 18 17
29 17 16
29 22 21
29 31 30
30 34 33
30 33 8
30 8 2
30 2 0
30 2 1
30 8 7
30 7 5
30 5 4
30 4 3
30 7 6
30 33 32
30 32 30
30 30 16
30 16 9
30 16 15
30 15 13
30 13 10
30 13 12
30 12 11
30 15 14
30 30 29
30 29 27
30 27 17
30 27 26
30 26 18
30 26 25
30 25 23
30 23 21
30 21 19
30 21 20
30 23 22
30 25 24
30 29 28
30 32 31
31 30 29
31 29 1
31 1 0
31 29 28
31 28 17
31 17 16
31 16 15
31 15 13
31 13 10
31 10 9
31 9 7
31 7 6
31 6 5
31 5 3
31 3 2
31 5 4
31 9 8
31 13 12
31 12 11
31 15 14
31 28 27
31 27 22
31 22 20
31 20 19
31 19 18
31 22 21
31 27 26
31 26 25
31 25 24
31 24 23
32 29 24
32 24 5
32 5 4
32 4 0
32 4 3
32 3 1
32 3 2
32 24 23
32 23 22
32 22 18
32 18 14
32 14 12
32 12 11
32 11 7
32 7 6
32 11 10
32 10 9
32 9 8
32 14 13
32 18 17
32 17 16
32 16 15
32 22 21
32 21 20
32 20 19
32 29 28
32 28 25
32 28 27
32 27 26
33 33 16
33 16 4
33 4 2
33 2 1
33 1 0
33 4 3
33 16 15
33 15 13
33 13 10
33 10 5
33 10 9
33 9 7
33 7 6
33 9 8
33 13 12
33 12 11
33 15 14
33 33 32
33 32 17
33 32 31
33 31 30
33 30 28
33 28 27
33 27 26
33 26 19
33 19 18
33 26 25
33 25 24
33 24 23
33 23 22
33 22 21
33 21 20
33 30 29
34 34 33
34 33 32
34 32 0
34 32 31
34 31 30
34 30 29
34 29 3
34 3 2
34 2 1
34 29 28
34 28 27
34 27 7
34 7 4
34 7 6
34 6 5
34 27 26
34 26 21
34 21 20
34 20 18
34 18 8
34 18 17
34 17 13
34 13 9
34 13 12
34 12 10
34 12 11
34 17 16
34 16 15
34 15 14
34 20 19
34 26 25
34 25 24
34 24 23
34 23 22
35 33 29
35 29 27
35 27 26
35 26 24
35 24 16
35 16 15
35 15 14
35 14 0
35 14 13
35 13 12
35 12 11
35 11 10
35 10 8
35 8 7
35 7 6
35 6 2
35 2 1
35 6 5
35 5 4
35 4 3
35 10 9
35 24 23
35 23 20
35 20 19
35 19 17
35 19 18
35 23 22
35 22 21
35 26 25
35 29 28
35 33 32
35 32 31
35 31 30
36 34 7
36 7 6
36 6 0
36 6 5
36 5 3
36 3 2
36 2 1
36 5 4
36 34 33
36 33 32
36 32 31
36 31 27
36 27 13
36 13 11
36 11 10
36 10 9
36 9 8
36 13 12
36 27 26
36 26 14
36 26 25
36 25 15
36 25 24
36 24 22
36 22 21
36 21 16
36 21 20
36 20 19
36 19 18
36 18 17
36 24 23
36 31 30
36 30 28
36 30 29
37 29 25
37 25 4
37 4 3
37 3 2
37 2 0
37 2 1
37 25 24
37 24 23
37 23 5
37 23 22
37 22 21
37 21 7
37 7 6
37 21 20
37 20 19
37 19 18
37 18 16
37 16 12
37 12 8
37 12 11
37 11 10
37 10 9
37 16 15
37 15 13
37 15 14
37 18 17
37 29 28
37 28 26
37 28 27
38 31 30
38 30 0
38 30 29
38 29 25
38 25 24
38 24 23
38 23 19
38 19 10
38 10 4
38 4 3
38 3 2
38 2 1
38 10 9
38 9 8
38 8 6
38 6 5
38 8 7
38 19 18
38 18 17
38 17 15
38 15 13
38 13 12
38 12 11
38 15 14
38 17 16
38 23 22
38 22 20
38 22 21
38 29 28
38 28 26
38 28 27
39 29 25
39 25 24
39 24 21
39 21 20
39 20 5
39 5 4
39 4 1
39 1 0
39 4 3
39 3 2
39 20 19
39 19 6
39 19 18
39 18 7
39 18 17
39 17 11
39 11 9
39 9 8
39 11 10
39 17 16
39 16 12
39 16 15
39 15 14
39 14 13
39 24 23
39 23 22
39 29 28
39 28 26
39 28 27
40 34 4
40 4 3
40 3 2
40 2 0
40 2 1
40 34 33
40 33 14
40 14 12
40 12 11
40 11 10
40 10 7
40 7 6
40 6 5
40 10 9
40 9 8
40 14 13
40 33 32
40 32 31
40 31 30
40 30 29
40 29 28
40 28 15
40 28 27
40 27 26
40 26 25
40 25 24
40 24 21
40 21 17
40 17 16
40 21 20
40 20 19
40 19 18
40 24 23
40 23 22
41 31 30
41 30 29
41 29 28
41 28 8
41 8 7
41 7 5
41 5 1
41 1 0
41 5 4
41 4 2
41 4 3
41 7 6
41 28 27
41 27 25
41 25 11
41 11 9
41 11 10
41 25 24
41 24 12
41 24 23
41 23 13
41 23 22
41 22 14
41 22 21
41 21 20
41 20 19
41 19 15
41 19 18
41 18 17
41 17 16
41 27 26
42 30 18
42 18 10
42 10 2
42 2 1
42 1 0
42 10 9
42 9 8
42 8 3
42 8 7
42 7 4
42 7 6
42 6 5
42 18 17
42 17 16
42 16 11
42 16 15
42 15 12
42 15 14
42 14 13
42 30 29
42 29 19
42 29 28
42 28 20
42 28 27
42 27 24
42 24 23
42 23 22
42 22 21
42 27 26
42 26 25
43 30 6
43 6 5
43 5 0
43 5 4
43 4 2
43 2 1
43 4 3
43 30 29
43 29 28
43 28 7
43 28 27
43 27 10
43 10 9
43 9 8
43 27 26
43 26 21
43 21 20
43 20 19
43 19 16
43 16 15
43 15 13
43 13 12
43 12 11
43 15 14
43 19 18
43 18 17
43 26 25
43 25 22
43 25 24
43 24 23
44 33 32
44 32 3
44 3 2
44 2 0
44 2 1
44 32 31
44 31 5
44 5 4
44 31 30
44 30 28
44 28 9
44 9 8
44 8 7
44 7 6
44 28 27
44 27 14
44 14 12
44 12 11
44 11 10
44 14 13
44 27 26
44 26 17
44 17 15
44 17 16
44 26 25
44 25 24
44 24 18
44 24 23
44 23 19
44 23 22
44 22 20
44 22 21
44 30 29
45 33 32
45 32 0
45 32 31
45 31 4
45 4 3
45 3 2
45 2 1
45 31 30
45 30 29
45 29 24
45 24 18
45 18 5
45 18 17
45 17 7
45 7 6
45 17 16
45 16 9
45 9 8
45 16 15
45 15 14
45 14 10
45 14 13
45 13 12
45 12 11
45 24 23
45 23 19
45 23 22
45 22 21
45 21 20
45 29 28
45 28 27
45 27 26
45 26 25
46 31 30
46 30 29
46 29 20
46 20 14
46 14 13
46 13 1
46 1 0
46 13 12
46 12 7
46 7 6
46 6 3
46 3 2
46 6 5
46 5 4
46 12 11
46 11 9
46 9 8
46 11 10
46 20 19
46 19 18
46 18 17
46 17 16
46 16 15
46 29 28
46 28 27
46 27 25
46 25 23
46 23 21
46 23 22
46 25 24
46 27 26
47 34 27
47 27 0
47 27 26
47 26 1
47 26 25
47 25 19
47 19 18
47 18 15
47 15 6
47 6 2
47 6 5
47 5 3
47 5 4
47 15 14
47 14 13
47 13 9
47 9 8
47 8 7
47 13 12
47 12 11
47 11 10
47 18 17
47 17 16
47 25 24
47 24 22
47 22 20
47 22 21
47 24 23
47 34 33
47 33 30
47 30 29
47 29 28
47 33 32
47 32 31
48 29 23
48 23 14
48 14 13
48 13 12
48 12 9
48 9 8
48 8 7
48 7 5
48 5 0
48 5 4
48 4 2
48 2 1
48 4 3
48 7 6
48 12 11
48 11 10
48 23 22
48 22 21
48 21 20
48 20 18
48 18 17
48 17 16
48 16 15
48 20 19
48 29 28
48 28 25
48 25 24
48 28 27
48 27 26
49 33 32
49 32 2
49 2 0
49 2 1
49 32 31
49 31 28
49 28 25
49 25 19
49 19 6
49 6 3
49 6 5
49 5 4
49 19 18
49 18 17
49 17 16
49 16 15
49 15 13
49 13 12
49 12 10
49 10 9
49 9 8
49 8 7
49 12 11
49 15 14
49 25 24
49 24 21
49 21 20
49 24 23
49 23 22
49 28 27
49 27 26
49 31 30
49 30 29
50 33 0
50 33 32
50 32 31
50 31 18
50 18 17
50 17 7
50 7 6
50 6 5
50 5 4
50 4 3
50 3 2
50 2 1
50 17 16
50 16 15
50 15 14
50 14 13
50 13 11
50 11 10
50 10 8
50 10 9
50 13 12
50 31 30
50 30 23
50 23 22
50 22 19
50 22 21
50 21 20
50 30 29
50 29 28
50 28 26
50 26 24
50 26 25
50 28 27
51 30 7
51 7 4
51 4 1
51 1 0
51 4 3
51 3 2
51 7 6
51 6 5
51 30 29
51 29 28
51 28 27
51 27 24
51 24 23
51 23 21
51 21 20
51 20 8
51 20 19
51 19 12
51 12 9
51 12 11
51 11 10
51 19 18
51 18 17
51 17 16
51 16 15
51 15 13
51 15 14
51 23 22
51 27 26
51 26 25
52 29 26
52 26 1
52 1 0
52 26 25
52 25 24
52 24 23
52 23 2
52 23 22
52 22 13
52 13 12
52 12 11
52 11 9
52 9 6
52 6 5
52 5 3
52 5 4
52 9 8
52 8 7
52 11 10
52 22 21
52 21 14
52 21 20
52 20 18
52 18 15
52 18 17
52 17 16
52 20 19
52 29 28
52 28 27
53 34 0
53 34 33
53 33 5
53 5 4
53 4 1
53 4 3
53 3 2
53 33 32
53 32 7
53 7 6
53 32 31
53 31 8
53 31 30
53 30 29
53 29 28
53 28 26
53 26 12
53 12 10
53 10 9
53 12 11
53 26 25
53 25 19
53 19 18
53 18 17
53 17 15
53 15 13
53 15 14
53 17 16
53 25 24
53 24 23
53 23 21
53 21 20
53 23 22
53 28 27
54 33 32
54 32 0
54 32 31
54 31 15
54 15 10
54 10 9
54 9 1
54 9 8
54 8 5
54 5 4
54 4 2
54 4 3
54 8 7
54 7 6
54 15 14
54 14 11
54 14 13
54 13 12
54 31 30
54 30 25
54 25 24
54 24 20
54 20 18
54 18 16
54 18 17
54 20 19
54 24 23
54 23 22
54 22 21
54 30 29
54 29 28
54 28 27
54 27 26
55 30 0
55 30 29
55 29 15
55 15 10
55 10 1
55 10 9
55 9 8
55 8 2
55 8 7
55 7 3
55 7 6
55 6 5
55 5 4
55 15 14
55 14 12
55 12 11
55 14 13
55 29 28
55 28 27
55 27 18
55 18 16
55 18 17
55 27 26
55 26 24
55 24 19
55 24 23
55 23 21
55 21 20
55 23 22
55 26 25
56 30 29
56 29 1
56 1 0
56 29 28
56 28 26
56 26 2
56 26 25
56 25 22
56 22 20
56 20 10
56 10 9
56 9 8
56 8 4
56 4 3
56 8 7
56 7 6
56 6 5
56 20 19
56 19 14
56 14 13
56 13 11
56 13 12
56 19 18
56 18 15
56 18 17
56 17 16
56 22 21
56 25 24
56 24 23
56 28 27
57 29 28
57 28 27
57 27 20
57 20 19
57 19 18
57 18 17
57 17 16
57 16 14
57 14 5
57 5 2
57 2 1
57 1 0
57 5 4
57 4 3
57 14 13
57 13 9
57 9 6
57 9 8
57 8 7
57 13 12
57 12 10
57 12 11
57 16 15
57 27 26
57 26 25
57 25 23
57 23 22
57 22 21
57 25 24
58 32 28
58 28 27
58 27 26
58 26 8
58 8 1
58 1 0
58 8 7
58 7 6
58 6 4
58 4 2
58 4 3
58 6 5
58 26 25
58 25 9
58 25 24
58 24 10
58 24 23
58 23 21
58 21 12
58 12 11
58 21 20
58 20 18
58 18 17
58 17 16
58 16 15
58 15 14
58 14 13
58 20 19
58 23 22
58 32 31
58 31 29
58 31 30
59 29 28
59 28 11
59 11 2
59 2 1
59 1 0
59 11 10
59 10 9
59 9 7
59 7 6
59 6 5
59 5 4
59 4 3
59 9 8
59 28 27
59 27 26
59 26 24
59 24 13
59 13 12
59 24 23
59 23 14
59 23 22
59 22 21
59 21 20
59 20 19
59 19 18
59 18 17
59 17 16
59 16 15
59 26 25
60 29 28
60 28 27
60 27 5
60 5 4
60 4 0
60 4 3
60 3 2
60 2 1
60 27 26
60 26 7
60 7 6
60 26 25
60 25 22
60 22 21
60 21 17
60 17 16
60 16 14
60 14 13
60 13 12
60 12 11
60 11 9
60 9 8
60 11 10
60 16 15
60 21 20
60 20 19
60 19 18
60 25 24
60 24 23
61 33 32
61 32 30
61 30 28
61 28 20
61 20 0
61 20 19
61 19 18
61 18 17
61 17 16
61 16 2
61 2 1
61 16 15
61 15 14
61 14 13
61 13 12
61 12 8
61 8 6
61 6 5
61 5 3
61 5 4
61 8 7
61 12 11
61 11 10
61 10 9
61 28 27
61 27 25
61 25 23
61 23 22
61 22 21
61 25 24
61 27 26
61 30 29
61 32 31
62 32 13
62 13 12
62 12 11
62 11 9
62 9 6
62 6 0
62 6 5
62 5 4
62 4 1
62 4 3
62 3 2
62 9 8
62 8 7
62 11 10
62 32 31
62 31 30
62 30 29
62 29 28
62 28 15
62 15 14
62 28 27
62 27 26
62 26 25
62 25 17
62 17 16
62 25 24
62 24 20
62 20 18
62 20 19
62 24 23
62 23 22
62 22 21
63 32 31
63 31 30
63 30 4
63 4 1
63 1 0
63 4 3
63 3 2
63 30 29
63 29 12
63 12 6
63 6 5
63 12 11
63 11 10
63 10 9
63 9 7
63 9 8
63 29 28
63 28 27
63 27 25
63 25 24
63 24 13
63 24 23
63 23 22
63 22 20
63 20 18
63 18 14
63 18 17
63 17 16
63 16 15
63 20 19
63 22 21
63 27 26
64 34 32
64 32 31
64 31 8
64 8 7
64 7 5
64 5 3
64 3 2
64 2 0
64 2 1
64 5 4
64 7 6
64 31 30
64 30 29
64 29 26
64 26 25
64 25 22
64 22 21
64 21 19
64 19 17
64 17 9
64 17 16
64 16 11
64 11 10
64 16 15
64 15 14
64 14 12
64 14 13
64 19 18
64 21 20
64 25 24
64 24 23
64 29 28
64 28 27
64 34 33
65 33 32
65 32 26
65 26 6
65 6 5
65 5 4
65 4 3
65 3 1
65 1 0
65 3 2
65 26 25
65 25 22
65 22 21
65 21 20
65 20 7
65 20 19
65 19 18
65 18 17
65 17 16
65 16 14
65 14 10
65 10 9
65 9 8
65 14 13
65 13 11
65 13 12
65 16 15
65 25 24
65 24 23
65 32 31
65 31 30
65 30 27
65 30 29
65 29 28
66 29 2
66 2 0
66 2 1
66 29 28
66 28 3
66 28 27
66 27 25
66 25 5
66 5 4
66 25 24
66 24 22
66 22 21
66 21 20
66 20 18
66 18 15
66 15 9
66 9 7
66 7 6
66 9 8
66 15 14
66 14 11
66 11 10
66 14 13
66 13 12
66 18 17
66 17 16
66 20 19
66 24 23
66 27 26
67 30 29
67 29 0
67 29 28
67 28 25
67 25 24
67 24 17
67 17 16
67 16 7
67 7 1
67 7 6
67 6 5
67 5 3
67 3 2
67 5 4
67 16 15
67 15 12
67 12 11
67 11 10
67 10 9
67 9 8
67 15 14
67 14 13
67 24 23
67 23 21
67 21 19
67 19 18
67 21 20
67 23 22
67 28 27
67 27 26
68 32 1
68 1 0
68 32 31
68 31 25
68 25 2
68 25 24
68 24 23
68 23 5
68 5 3
68 5 4
68 23 22
68 22 21
68 21 20
68 20 7
68 7 6
68 20 19
68 19 17
68 17 15
68 15 11
68 11 10
68 10 9
68 9 8
68 15 14
68 14 13
68 13 12
68 17 16
68 19 18
68 31 30
68 30 29
68 29 27
68 27 26
68 29 28
69 34 0
69 34 33
69 33 32
69 32 15
69 15 9
69 9 2
69 2 1
69 9 8
69 8 5
69 5 4
69 4 3
69 8 7
69 7 6
69 15 14
69 14 11
69 11 10
69 14 13
69 13 12
69 32 31
69 31 30
69 30 29
69 29 27
69 27 26
69 26 25
69 25 24
69 24 22
69 22 21
69 21 18
69 18 17
69 17 16
69 21 20
69 20 19
69 24 23
69 29 28
70 30 12
70 12 0
70 12 11
70 11 6
70 6 1
70 6 5
70 5 3
70 3 2
70 5 4
70 11 10
70 10 9
70 9 8
70 8 7
70 30 29
70 29 28
70 28 26
70 26 25
70 25 24
70 24 14
70 14 13
70 24 23
70 23 21
70 21 19
70 19 15
70 19 18
70 18 16
70 18 17
70 21 20
70 23 22
70 28 27
71 29 0
71 29 28
71 28 8
71 8 7
71 7 4
71 4 2
71 2 1
71 4 3
71 7 6
71 6 5
71 28 27
71 27 26
71 26 15
71 15 13
71 13 12
71 12 9
71 12 11
71 11 10
71 15 14
71 26 25
71 25 24
71 24 16
71 24 23
71 23 21
71 21 17
71 21 20
71 20 18
71 20 19
71 23 22
72 33 0
72 33 32
72 32 3
72 3 1
72 3 2
72 32 31
72 31 29
72 29 25
72 25 24
72 24 23
72 23 13
72 13 11
72 11 10
72 10 7
72 7 6
72 6 5
72 5 4
72 10 9
72 9 8
72 13 12
72 23 22
72 22 16
72 16 15
72 15 14
72 22 21
72 21 20
72 20 19
72 19 17
72 19 18
72 29 28
72 28 27
72 27 26
72 31 30
73 31 29
73 29 11
73 11 10
73 10 9
73 9 8
73 8 7
73 7 4
73 4 0
73 4 3
73 3 2
73 2 1
73 7 6
73 6 5
73 29 28
73 28 26
73 26 14
73 14 13
73 13 12
73 26 25
73 25 16
73 16 15
73 25 24
73 24 21
73 21 20
73 20 19
73 19 17
73 19 18
73 24 23
73 23 22
73 28 27
73 31 30
74 32 30
74 30 29
74 29 6
74 6 5
74 5 4
74 4 3
74 3 1
74 1 0
74 3 2
74 29 28
74 28 14
74 14 12
74 12 10
74 10 9
74 9 8
74 8 7
74 12 11
74 14 13
74 28 27
74 27 19
74 19 17
74 17 16
74 16 15
74 19 18
74 27 26
74 26 22
74 22 20
74 22 21
74 26 25
74 25 23
74 25 24
74 32 31
75 33 0
75 33 32
75 32 28
75 28 1
75 28 27
75 27 26
75 26 17
75 17 16
75 16 14
75 14 12
75 12 11
75 11 2
75 11 10
75 10 8
75 8 7
75 7 5
75 5 3
75 5 4
75 7 6
75 10 9
75 14 13
75 16 15
75 26 25
75 25 24
75 24 22
75 22 18
75 22 21
75 21 19
75 21 20
75 24 23
75 32 31
75 31 29
75 31 30
76 32 28
76 28 0
76 28 27
76 27 1
76 27 26
76 26 24
76 24 9
76 9 6
76 6 4
76 4 2
76 4 3
76 6 5
76 9 8
76 8 7
76 24 23
76 23 19
76 19 18
76 18 17
76 17 16
76 16 13
76 13 12
76 12 11
76 11 10
76 16 15
76 15 14
76 23 22
76 22 20
76 22 21
76 26 25
76 32 31
76 31 30
76 30 29
77 34 9
77 9 7
77 7 6
77 6 4
77 4 0
77 4 3
77 3 2
77 2 1
77 6 5
77 9 8
77 34 33
77 33 14
77 14 13
77 13 10
77 13 12
77 12 11
77 33 32
77 32 17
77 17 16
77 16 15
77 32 31
77 31 29
77 29 23
77 23 21
77 21 19
77 19 18
77 21 20
77 23 22
77 29 28
77 28 25
77 25 24
77 28 27
77 27 26
77 31 30
78 29 27
78 27 21
78 21 20
78 20 18
78 18 17
78 17 1
78 1 0
78 17 16
78 16 15
78 15 14
78 14 11
78 11 8
78 8 7
78 7 6
78 6 4
78 4 3
78 3 2
78 6 5
78 11 10
78 10 9
78 14 13
78 13 12
78 20 19
78 27 26
78 26 22
78 26 25
78 25 24
78 24 23
78 29 28
79 32 30
79 30 28
79 28 27
79 27 1
79 1 0
79 27 26
79 26 22
79 22 21
79 21 9
79 9 2
79 9 8
79 8 7
79 7 4
79 4 3
79 7 6
79 6 5
79 21 20
79 20 10
79 20 19
79 19 11
79 19 18
79 18 17
79 17 16
79 16 13
79 13 12
79 16 15
79 15 14
79 26 25
79 25 24
79 24 23
79 30 29
79 32 31
80 33 28
80 28 17
80 17 15
80 15 6
80 6 3
80 3 0
80 3 2
80 2 1
80 6 5
80 5 4
80 15 14
80 14 7
80 14 13
80 13 11
80 11 9
80 9 8
80 11 10
80 13 12
80 17 16
80 28 27
80 27 26
80 26 21
80 21 20
80 20 18
80 20 19
80 26 25
80 25 23
80 23 22
80 25 24
80 33 32
80 32 31
80 31 29
80 31 30
81 34 33
81 33 25
81 25 23
81 23 22
81 22 0
81 22 21
81 21 20
81 20 18
81 18 17
81 17 14
81 14 13
81 13 12
81 12 9
81 9 8
81 8 1
81 8 7
81 7 6
81 6 2
81 6 5
81 5 3
81 5 4
81 12 11
81 11 10
81 17 16
81 16 15
81 20 19
81 25 24
81 33 32
81 32 31
81 31 30
81 30 29
81 29 26
81 29 28
81 28 27
82 30 6
82 6 3
82 3 1
82 1 0
82 3 2
82 6 5
82 5 4
82 30 29
82 29 28
82 28 11
82 11 7
82 11 10
82 10 9
82 9 8
82 28 27
82 27 26
82 26 25
82 25 24
82 24 18
82 18 12
82 18 17
82 17 16
82 16 14
82 14 13
82 16 15
82 24 23
82 23 21
82 21 20
82 20 19
82 23 22
83 31 30
83 30 20
83 20 7
83 7 6
83 6 5
83 5 0
83 5 4
83 4 1
83 4 3
83 3 2
83 20 19
83 19 17
83 17 10
83 10 8
83 10 9
83 17 16
83 16 15
83 15 14
83 14 13
83 13 11
83 13 12
83 19 18
83 30 29
83 29 21
83 29 28
83 28 27
83 27 26
83 26 23
83 23 22
83 26 25
83 25 24
84 30 29
84 29 15
84 15 14
84 14 9
84 9 3
84 3 1
84 1 0
84 3 2
84 9 8
84 8 4
84 8 7
84 7 6
84 6 5
84 14 13
84 13 12
84 12 10
84 12 11
84 29 28
84 28 16
84 28 27
84 27 26
84 26 24
84 24 23
84 23 17
84 23 22
84 22 21
84 21 19
84 19 18
84 21 20
84 26 25
85 31 28
85 28 1
85 1 0
85 28 27
85 27 2
85 27 26
85 26 5
85 5 3
85 5 4
85 26 25
85 25 24
85 24 18
85 18 16
85 16 7
85 7 6
85 16 15
85 15 14
85 14 13
85 13 11
85 11 10
85 10 8
85 10 9
85 13 12
85 18 17
85 24 23
85 23 22
85 22 20
85 20 19
85 22 21
85 31 30
85 30 29
86 30 29
86 29 1
86 1 0
86 29 28
86 28 27
86 27 26
86 26 25
86 25 2
86 25 24
86 24 18
86 18 14
86 14 4
86 4 3
86 14 13
86 13 12
86 12 11
86 11 10
86 10 9
86 9 7
86 7 5
86 7 6
86 9 8
86 18 17
86 17 15
86 17 16
86 24 23
86 23 22
86 22 20
86 20 19
86 22 21
87 29 0
87 29 28
87 28 27
87 27 1
87 27 26
87 26 24
87 24 23
87 23 2
87 23 22
87 22 21
87 21 20
87 20 19
87 19 18
87 18 9
87 9 4
87 4 3
87 9 8
87 8 6
87 6 5
87 8 7
87 18 17
87 17 16
87 16 15
87 15 14
87 14 13
87 13 10
87 13 12
87 12 11
87 26 25
88 34 9
88 9 6
88 6 4
88 4 2
88 2 0
88 2 1
88 4 3
88 6 5
88 9 8
88 8 7
88 34 33
88 33 32
88 32 10
88 32 31
88 31 12
88 12 11
88 31 30
88 30 13
88 30 29
88 29 24
88 24 22
88 22 15
88 15 14
88 22 21
88 21 18
88 18 16
88 18 17
88 21 20
88 20 19
88 24 23
88 29 28
88 28 25
88 28 27
88 27 26
89 30 0
89 30 29
89 29 27
89 27 26
89 26 25
89 25 24
89 24 23
89 23 22
89 22 20
89 20 19
89 19 18
89 18 17
89 17 5
89 5 1
89 5 4
89 4 3
89 3 2
89 17 16
89 16 9
89 9 6
89 9 8
89 8 7
89 16 15
89 15 11
89 11 10
89 15 14
89 14 12
89 14 13
89 22 21
89 29 28
90 30 29
90 29 5
90 5 4
90 4 2
90 2 1
90 1 0
90 4 3
90 29 28
90 28 27
90 27 6
90 27 26
90 26 25
90 25 24
90 24 23
90 23 15
90 15 14
90 14 8
90 8 7
90 14 13
90 13 9
90 13 12
90 12 10
90 12 11
90 23 22
90 22 20
90 20 19
90 19 18
90 18 17
90 17 16
90 22 21
91 29 1
91 1 0
91 29 28
91 28 27
91 27 6
91 6 4
91 4 3
91 3 2
91 6 5
91 27 26
91 26 7
91 26 25
91 25 8
91 25 24
91 24 14
91 14 12
91 12 9
91 12 11
91 11 10
91 14 13
91 24 23
91 23 21
91 21 20
91 20 19
91 19 18
91 18 15
91 18 17
91 17 16
91 23 22
92 32 17
92 17 4
92 4 2
92 2 0
92 2 1
92 4 3
92 17 16
92 16 12
92 12 11
92 11 5
92 11 10
92 10 6
92 10 9
92 9 7
92 9 8
92 16 15
92 15 13
92 15 14
92 32 31
92 31 29
92 29 18
92 29 28
92 28 27
92 27 26
92 26 20
92 20 19
92 26 25
92 25 21
92 25 24
92 24 22
92 24 23
92 31 30
93 34 5
93 5 0
93 5 4
93 4 2
93 2 1
93 4 3
93 34 33
93 33 31
93 31 9
93 9 8
93 8 6
93 8 7
93 31 30
93 30 29
93 29 10
93 29 28
93 28 26
93 26 14
93 14 13
93 13 11
93 13 12
93 26 25
93 25 17
93 17 15
93 17 16
93 25 24
93 24 23
93 23 18
93 23 22
93 22 21
93 21 19
93 21 20
93 28 27
93 33 32
94 29 26
94 26 25
94 25 20
94 20 4
94 4 0
94 4 3
94 3 1
94 3 2
94 20 19
94 19 8
94 8 7
94 7 6
94 6 5
94 19 18
94 18 9
94 18 17
94 17 14
94 14 13
94 13 12
94 12 11
94 11 10
94 17 16
94 16 15
94 25 24
94 24 22
94 22 21
94 24 23
94 29 28
94 28 27
95 30 29
95 29 25
95 25 13
95 13 8
95 8 7
95 7 6
95 6 5
95 5 0
95 5 4
95 4 1
95 4 3
95 3 2
95 13 12
95 12 9
95 12 11
95 11 10
95 25 24
95 24 14
95 24 23
95 23 21
95 21 16
95 16 15
95 21 20
95 20 19
95 19 17
95 19 18
95 23 22
95 29 28
95 28 26
95 28 27
96 34 3
96 3 0
96 3 2
96 2 1
96 34 33
96 33 23
96 23 21
96 21 20
96 20 4
96 20 19
96 19 18
96 18 13
96 13 6
96 6 5
96 13 12
96 12 11
96 11 10
96 10 7
96 10 9
96 9 8
96 18 17
96 17 16
96 16 15
96 15 14
96 23 22
96 33 32
96 32 31
96 31 26
96 26 24
96 26 25
96 31 30
96 30 28
96 28 27
96 30 29
97 32 1
97 1 0
97 32 31
97 31 16
97 16 12
97 12 11
97 11 8
97 8 7
97 7 5
97 5 4
97 4 2
97 4 3
97 7 6
97 11 10
97 10 9
97 16 15
97 15 14
97 14 13
97 31 30
97 30 21
97 21 20
97 20 17
97 20 19
97 19 18
97 30 29
97 29 28
97 28 27
97 27 26
97 26 22
97 26 25
97 25 24
97 24 23
98 31 26
98 26 24
98 24 6
98 6 3
98 3 2
98 2 0
98 2 1
98 6 5
98 5 4
98 24 23
98 23 21
98 21 9
98 9 7
98 9 8
98 21 20
98 20 18
98 18 10
98 18 17
98 17 16
98 16 14
98 14 13
98 13 11
98 13 12
98 16 15
98 20 19
98 23 22
98 26 25
98 31 30
98 30 27
98 30 29
98 29 28
99 30 29
99 29 28
99 28 3
99 3 1
99 1 0
99 3 2
99 28 27
99 27 26
99 26 25
99 25 23
99 23 22
99 22 6
99 6 4
99 6 5
99 22 21
99 21 20
99 20 17
99 17 16
99 16 15
99 15 14
99 14 13
99 13 9
99 9 8
99 8 7
99 13 12
99 12 10
99 12 11
99 20 19
99 19 18
99 25 24
100 31 30
100 30 1
100 1 0
100 30 29
100 29 6
100 6 5
100 5 4
100 4 3
100 3 2
100 29 28
100 28 27
100 27 25
100 25 21
100 21 17
100 17 13
100 13 7
100 13 12
100 12 11
100 11 10
100 10 9
100 9 8
100 17 16
100 16 14
100 16 15
100 21 20
100 20 18
100 20 19
100 25 24
100 24 22
100 24 23
100 27 26
101 34 28
101 28 25
101 25 24
101 24 22
101 22 21
101 21 17
101 17 0
101 17 16
101 16 14
101 14 13
101 13 1
101 13 12
101 12 11
101 11 5
101 5 3
101 3 2
101 5 4
101 11 10
101 10 9
101 9 7
101 7 6
101 9 8
101 16 15
101 21 20
101 20 19
101 19 18
101 24 23
101 28 27
101 27 26
101 34 33
101 33 32
101 32 31
101 31 29
101 31 30
