1 29 0
1 29 28
1 28 26
1 26 2
1 2 1
1 26 25
1 25 24
1 24 21
1 21 3
1 21 20
1 20 14
1 14 13
1 13 12
1 12 5
1 5 4
1 12 11
1 11 8
1 8 7
1 7 6
1 11 10
1 10 9
1 20 19
1 19 15
1 19 18
1 18 17
1 17 16
1 24 23
1 23 22
1 28 27
2 30 29
2 29 23
2 23 22
2 22 20
2 20 2
2 2 1
2 1 0
2 20 19
2 19 3
2 19 18
2 18 7
2 7 6
2 6 5
2 5 4
2 18 17
2 17 9
2 9 8
2 17 16
2 16 14
2 14 13
2 13 11
2 11 10
2 13 12
2 16 15
2 22 21
2 29 28
2 28 26
2 26 25
2 25 24
2 28 27
3 34 5
3 5 4
3 4 3
3 3 0
3 3 2
3 2 1
3 34 33
3 33 10
3 10 9
3 9 7
3 7 6
3 9 8
3 33 32
3 32 12
3 12 11
3 32 31
3 31 27
3 27 23
3 23 14
3 14 13
3 23 22
3 22 19
3 19 16
3 16 15
3 19 18
3 18 17
3 22 21
3 21 20
3 27 26
3 26 24
3 26 25
3 31 30
3 30 29
3 29 28
4 33 10
4 10 8
4 8 6
4 6 0
4 6 5
4 5 4
4 4 1
4 4 3
4 3 2
4 8 7
4 10 9
4 33 32
4 32 31
4 31 17
4 17 16
4 16 13
4 13 11
4 13 12
4 16 15
4 15 14
4 31 30
4 30 21
4 21 20
4 20 18
4 20 19
4 30 29
4 29 25
4 25 22
4 25 24
4 24 23
4 29 28
4 28 26
4 28 27
5 29 20
5 20 19
5 19 18
5 18 17
5 17 16
5 16 15
5 15 13
5 13 12
5 12 7
5 7 6
5 6 4
5 4 2
5 2 0
5 2 1
5 4 3
5 6 5
5 12 11
5 11 9
5 9 8
5 11 10
5 15 14
5 29 28
5 28 26
5 26 24
5 24 22
5 22 21
5 24 23
5 26 25
5 28 27
6 30 29
6 29 23
6 23 21
6 21 0
6 21 20
6 20 1
6 20 19
6 19 18
6 18 2
6 18 17
6 17 5
6 5 3
6 5 4
6 17 16
6 16 9
6 9 6
6 9 8
6 8 7
6 16 15
6 15 13
6 13 12
6 12 11
6 11 10
6 15 14
6 23 22
6 29 28
6 28 25
6 25 24
6 28 27
6 27 26
7 34 33
7 33 5
7 5 1
7 1 0
7 5 4
7 4 2
7 4 3
7 33 32
7 32 6
7 32 31
7 31 26
7 26 25
7 25 23
7 23 22
7 22 20
7 20 12
7 12 11
7 11 9
7 9 7
7 9 8
7 11 10
7 20 19
7 19 18
7 18 14
7 14 13
7 18 17
7 17 15
7 17 16
7 22 21
7 25 24
7 31 30
7 30 27
7 30 29
7 29 28
8 34 29
8 29 22
8 22 14
8 14 12
8 12 11
8 11 10
8 10 9
8 9 8
8 8 6
8 6 4
8 4 3
8 3 1
8 1 0
8 3 2
8 6 5
8 8 7
8 14 13
8 22 21
8 21 17
8 17 15
8 17 16
8 21 20
8 20 18
8 20 19
8 29 28
8 28 23
8 28 27
8 27 25
8 25 24
8 27 26
8 34 33
8 33 30
8 33 32
8 32 31
9 34 33
9 33 0
9 33 32
9 32 31
9 31 28
9 28 20
9 20 19
9 19 3
9 3 2
9 2 1
9 19 18
9 18 17
9 17 13
9 13 4
9 13 12
9 12 7
9 7 5
9 7 6
9 12 11
9 11 10
9 10 8
9 10 9
9 17 16
9 16 15
9 15 14
9 28 27
9 27 26
9 26 22
9 22 21
9 26 25
9 25 23
9 25 24
9 31 30
9 30 29
10 33 4
10 4 3
10 3 2
10 2 0
10 2 1
10 33 32
10 32 31
10 31 8
10 8 7
10 7 5
10 7 6
10 31 30
10 30 26
10 26 24
10 24 11
10 11 9
10 11 10
10 24 23
10 23 12
10 23 22
10 22 13
10 22 21
10 21 14
10 21 20
10 20 19
10 19 15
10 19 18
10 18 17
10 17 16
10 26 25
10 30 29
10 29 28
10 28 27
11 33 31
11 31 0
11 31 30
11 30 29
11 29 5
11 5 1
11 5 4
11 4 3
11 3 2
11 29 28
11 28 12
11 12 10
11 10 9
11 9 6
11 9 8
11 8 7
11 12 11
11 28 27
11 27 18
11 18 16
11 16 15
11 15 14
11 14 13
11 18 17
11 27 26
11 26 24
11 24 23
11 23 22
11 22 20
11 20 19
11 22 21
11 26 25
11 33 32
12 33 32
12 32 3
12 3 1
12 1 0
12 3 2
12 32 31
12 31 30
12 30 4
12 30 29
12 29 28
12 28 27
12 27 5
12 27 26
12 26 6
12 26 25
12 25 10
12 10 9
12 9 8
12 8 7
12 25 24
12 24 11
12 24 23
12 23 21
12 21 14
12 14 12
12 14 13
12 21 20
12 20 15
12 20 19
12 19 18
12 18 17
12 17 16
12 23 22
13 32 27
13 27 25
13 25 10
13 10 9
13 9 1
13 1 0
13 9 8
13 8 7
13 7 2
13 7 6
13 6 5
13 5 3
13 5 4
13 25 24
13 24 13
13 13 12
13 12 11
13 24 23
13 23 22
13 22 21
13 21 17
13 17 14
13 17 16
13 16 15
13 21 20
13 20 18
13 20 19
13 27 26
13 32 31
13 31 30
13 30 29
13 29 28
14 29 2
14 2 0
14 2 1
14 29 28
14 28 10
14 10 9
14 9 7
14 7 4
14 4 3
14 7 6
14 6 5
14 9 8
14 28 27
14 27 22
14 22 19
14 19 11
14 19 18
14 18 17
14 17 14
14 14 13
14 13 12
14 17 16
14 16 15
14 22 21
14 21 20
14 27 26
14 26 25
14 25 23
14 25 24
15 34 0
15 34 33
15 33 32
15 32 23
15 23 21
15 21 16
15 16 1
15 16 15
15 15 4
15 4 3
15 3 2
15 15 14
15 14 5
15 14 13
15 13 10
15 10 8
15 8 6
15 8 7
15 10 9
15 13 12
15 12 11
15 21 20
15 20 17
15 20 19
15 19 18
15 23 22
15 32 31
15 31 30
15 30 29
15 29 28
15 28 27
15 27 25
15 25 24
15 27 26
16 34 25
16 25 5
16 5 0
16 5 4
16 4 1
16 4 3
16 3 2
16 25 24
16 24 22
16 22 18
16 18 16
16 16 12
16 12 6
16 12 11
16 11 10
16 10 7
16 10 9
16 9 8
16 16 15
16 15 13
16 15 14
16 18 17
16 22 21
16 21 20
16 20 19
16 24 23
16 34 33
16 33 31
16 31 26
16 31 30
16 30 29
16 29 28
16 28 27
16 33 32
17 32 30
17 30 29
17 29 27
17 27 26
17 26 23
17 23 0
17 23 22
17 22 21
17 21 20
17 20 19
17 19 18
17 18 17
17 17 5
17 5 1
17 5 4
17 4 2
17 4 3
17 17 16
17 16 6
17 16 15
17 15 14
17 14 13
17 13 12
17 12 7
17 12 11
17 11 10
17 10 8
17 10 9
17 26 25
17 25 24
17 29 28
17 32 31
18 31 27
18 27 3
18 3 0
18 3 2
18 2 1
18 27 26
18 26 22
18 22 5
18 5 4
18 22 21
18 21 20
18 20 19
18 19 9
18 9 6
18 9 8
18 8 7
18 19 18
18 18 10
18 18 17
18 17 15
18 15 14
18 14 12
18 12 11
18 14 13
18 17 16
18 26 25
18 25 24
18 24 23
18 31 30
18 30 28
18 30 29
19 29 28
19 28 26
19 26 25
19 25 0
19 25 24
19 24 23
19 23 12
19 12 11
19 11 10
19 10 8
19 8 5
19 5 4
19 4 1
19 4 3
19 3 2
19 8 7
19 7 6
19 10 9
19 23 22
19 22 13
19 22 21
19 21 20
19 20 19
19 19 18
19 18 14
19 18 17
19 17 16
19 16 15
19 28 27
20 29 0
20 29 28
20 28 26
20 26 25
20 25 18
20 18 15
20 15 14
20 14 9
20 9 4
20 4 2
20 2 1
20 4 3
20 9 8
20 8 7
20 7 6
20 6 5
20 14 13
20 13 10
20 13 12
20 12 11
20 18 17
20 17 16
20 25 24
20 24 21
20 21 19
20 21 20
20 24 23
20 23 22
20 28 27
21 33 26
21 26 21
21 21 20
21 20 1
21 1 0
21 20 19
21 19 16
21 16 10
21 10 3
21 3 2
21 10 9
21 9 8
21 8 5
21 5 4
21 8 7
21 7 6
21 16 15
21 15 11
21 15 14
21 14 13
21 13 12
21 19 18
21 18 17
21 26 25
21 25 24
21 24 23
21 23 22
21 33 32
21 32 31
21 31 27
21 31 30
21 30 29
21 29 28
22 34 33
22 33 30
22 30 0
22 30 29
22 29 24
22 24 22
22 22 15
22 15 1
22 15 14
22 14 12
22 12 11
22 11 10
22 10 5
22 5 3
22 3 2
22 5 4
22 10 9
22 9 6
22 9 8
22 8 7
22 14 13
22 22 21
22 21 19
22 19 16
22 19 18
22 18 17
22 21 20
22 24 23
22 29 28
22 28 27
22 27 25
22 27 26
22 33 32
22 32 31
23 34 33
23 33 32
23 32 31
23 31 30
23 30 0
23 30 29
23 29 1
23 29 28
23 28 27
23 27 26
23 26 24
23 24 18
23 18 2
23 18 17
23 17 16
23 16 15
23 15 14
23 14 7
23 7 3
23 7 6
23 6 4
23 6 5
23 14 13
23 13 9
23 9 8
23 13 12
23 12 11
23 11 10
23 24 23
23 23 22
23 22 21
23 21 19
23 21 20
23 26 25
24 32 31
24 31 26
24 26 25
24 25 24
24 24 23
24 23 0
24 23 22
24 22 20
24 20 19
24 19 18
24 18 7
24 7 6
24 6 5
24 5 4
24 4 3
24 3 2
24 2 1
24 18 17
24 17 15
24 15 10
24 10 8
24 10 9
24 15 14
24 14 13
24 13 12
24 12 11
24 17 16
24 22 21
24 31 30
24 30 29
24 29 28
24 28 27
25 30 29
25 29 0
25 29 28
25 28 4
25 4 3
25 3 1
25 3 2
25 28 27
25 27 26
25 26 25
25 25 5
25 25 24
25 24 23
25 23 6
25 23 22
25 22 21
25 21 7
25 21 20
25 20 19
25 19 18
25 18 13
25 13 12
25 12 11
25 11 8
25 11 10
25 10 9
25 18 17
25 17 16
25 16 15
25 15 14
26 33 0
26 33 32
26 32 31
26 31 10
26 10 1
26 10 9
26 9 3
26 3 2
26 9 8
26 8 5
26 5 4
26 8 7
26 7 6
26 31 30
26 30 11
26 30 29
26 29 28
26 28 25
26 25 24
26 24 23
26 23 20
26 20 18
26 18 14
26 14 13
26 13 12
26 18 17
26 17 16
26 16 15
26 20 19
26 23 22
26 22 21
26 28 27
26 27 26
27 32 30
27 30 29
27 29 28
27 28 24
27 24 1
27 1 0
27 24 23
27 23 22
27 22 18
27 18 16
27 16 15
27 15 2
27 15 14
27 14 13
27 13 12
27 12 3
27 12 11
27 11 6
27 6 5
27 5 4
27 11 10
27 10 9
27 9 8
27 8 7
27 18 17
27 22 21
27 21 20
27 20 19
27 28 27
27 27 25
27 27 26
27 32 31
28 29 0
28 29 28
28 28 3
28 3 2
28 2 1
28 28 27
28 27 26
28 26 8
28 8 4
28 8 7
28 7 5
28 7 6
28 26 25
28 25 24
28 24 9
28 24 23
28 23 17
28 17 16
28 16 13
28 13 10
28 13 12
28 12 11
28 16 15
28 15 14
28 23 22
28 22 21
28 21 19
28 19 18
28 21 20
29 31 2
29 2 0
29 2 1
29 31 30
29 30 6
29 6 5
29 5 4
29 4 3
29 30 29
29 29 28
29 28 27
29 27 26
29 26 7
29 26 25
29 25 9
29 9 8
29 25 24
29 24 10
29 24 23
29 23 22
29 22 18
29 18 13
29 13 12
29 12 11
29 18 17
29 17 16
29 16 15
29 15 14
29 22 21
29 21 20
29 20 19
30 34 26
30 26 0
30 26 25
30 25 2
30 2 1
30 25 24
30 24 22
30 22 15
30 15 10
30 10 9
30 9 6
30 6 3
30 6 5
30 5 4
30 9 8
30 8 7
30 15 14
30 14 11
30 14 13
30 13 12
30 22 21
30 21 19
30 19 17
30 17 16
30 19 18
30 21 20
30 24 23
30 34 33
30 33 27
30 33 32
30 32 31
30 31 28
30 31 30
30 30 29
31 30 0
31 30 29
31 29 28
31 28 2
31 2 1
31 28 27
31 27 26
31 26 25
31 25 23
31 23 3
31 23 22
31 22 20
31 20 9
31 9 4
31 9 8
31 8 5
31 8 7
31 7 6
31 20 19
31 19 18
31 18 16
31 16 15
31 15 13
31 13 12
31 12 10
31 12 11
31 15 14
31 18 17
31 22 21
31 25 24
32 29 28
32 28 27
32 27 3
32 3 2
32 2 0
32 2 1
32 27 26
32 26 25
32 25 6
32 6 5
32 5 4
32 25 24
32 24 23
32 23 22
32 22 7
32 22 21
32 21 20
32 20 18
32 18 17
32 17 15
32 15 14
32 14 12
32 12 8
32 12 11
32 11 10
32 10 9
32 14 13
32 17 16
32 20 19
33 31 0
33 31 30
33 30 23
33 23 22
33 22 1
33 22 21
33 21 20
33 20 5
33 5 4
33 4 3
33 3 2
33 20 19
33 19 8
33 8 6
33 8 7
33 19 18
33 18 9
33 18 17
33 17 13
33 13 10
33 13 12
33 12 11
33 17 16
33 16 14
33 16 15
33 30 29
33 29 28
33 28 27
33 27 26
33 26 24
33 26 25
34 33 30
34 30 20
34 20 19
34 19 8
34 8 0
34 8 7
34 7 6
34 6 5
34 5 2
34 2 1
34 5 4
34 4 3
34 19 18
34 18 17
34 17 9
34 17 16
34 16 15
34 15 13
34 13 10
34 13 12
34 12 11
34 15 14
34 30 29
34 29 27
34 27 24
34 24 23
34 23 21
34 23 22
34 27 26
34 26 25
34 29 28
34 33 32
34 32 31
35 33 32
35 32 27
35 27 0
35 27 26
35 26 25
35 25 24
35 24 3
35 3 1
35 3 2
35 24 23
35 23 22
35 22 21
35 21 4
35 21 20
35 20 18
35 18 17
35 17 16
35 16 15
35 15 5
35 15 14
35 14 10
35 10 6
35 10 9
35 9 8
35 8 7
35 14 13
35 13 12
35 12 11
35 20 19
35 32 31
35 31 30
35 30 28
35 30 29
36 31 30
36 30 0
36 30 29
36 29 5
36 5 4
36 4 3
36 3 2
36 2 1
36 29 28
36 28 27
36 27 6
36 27 26
36 26 22
36 22 11
36 11 8
36 8 7
36 11 10
36 10 9
36 22 21
36 21 12
36 21 20
36 20 19
36 19 14
36 14 13
36 19 18
36 18 16
36 16 15
36 18 17
36 26 25
36 25 24
36 24 23
37 33 32
37 32 31
37 31 0
37 31 30
37 30 17
37 17 6
37 6 5
37 5 4
37 4 1
37 4 3
37 3 2
37 17 16
37 16 7
37 16 15
37 15 14
37 14 8
37 14 13
37 13 12
37 12 10
37 10 9
37 12 11
37 30 29
37 29 28
37 28 22
37 22 21
37 21 18
37 21 20
37 20 19
37 28 27
37 27 24
37 24 23
37 27 26
37 26 25
38 30 3
38 3 1
38 1 0
38 3 2
38 30 29
38 29 4
38 29 28
38 28 26
38 26 14
38 14 13
38 13 11
38 11 10
38 10 5
38 10 9
38 9 8
38 8 6
38 8 7
38 13 12
38 26 25
38 25 18
38 18 16
38 16 15
38 18 17
38 25 24
38 24 23
38 23 22
38 22 21
38 21 20
38 20 19
38 28 27
39 30 29
39 29 28
39 28 27
39 27 9
39 9 0
39 9 8
39 8 2
39 2 1
39 8 7
39 7 6
39 6 5
39 5 3
39 5 4
39 27 26
39 26 25
39 25 21
39 21 20
39 20 19
39 19 17
39 17 14
39 14 10
39 14 13
39 13 12
39 12 11
39 17 16
39 16 15
39 19 18
39 25 24
39 24 23
39 23 22
40 31 30
40 30 7
40 7 5
40 5 4
40 4 3
40 3 1
40 1 0
40 3 2
40 7 6
40 30 29
40 29 28
40 28 27
40 27 8
40 27 26
40 26 25
40 25 23
40 23 21
40 21 20
40 20 17
40 17 16
40 16 12
40 12 9
40 12 11
40 11 10
40 16 15
40 15 14
40 14 13
40 20 19
40 19 18
40 23 22
40 25 24
41 29 28
41 28 0
41 28 27
41 27 4
41 4 1
41 4 3
41 3 2
41 27 26
41 26 5
41 26 25
41 25 10
41 10 9
41 9 6
41 9 8
41 8 7
41 25 24
41 24 12
41 12 11
41 24 23
41 23 22
41 22 21
41 21 15
41 15 13
41 15 14
41 21 20
41 20 16
41 20 19
41 19 18
41 18 17
42 32 27
42 27 26
42 26 25
42 25 0
42 25 24
42 24 4
42 4 1
42 4 3
42 3 2
42 24 23
42 23 22
42 22 17
42 17 16
42 16 6
42 6 5
42 16 15
42 15 14
42 14 10
42 10 8
42 8 7
42 10 9
42 14 13
42 13 12
42 12 11
42 22 21
42 21 20
42 20 18
42 20 19
42 32 31
42 31 30
42 30 28
42 30 29
43 31 23
43 23 22
43 22 21
43 21 17
43 17 1
43 1 0
43 17 16
43 16 14
43 14 13
43 13 8
43 8 5
43 5 3
43 3 2
43 5 4
43 8 7
43 7 6
43 13 12
43 12 10
43 10 9
43 12 11
43 16 15
43 21 20
43 20 19
43 19 18
43 31 30
43 30 24
43 30 29
43 29 28
43 28 27
43 27 26
43 26 25
44 29 28
44 28 2
44 2 0
44 2 1
44 28 27
44 27 3
44 27 26
44 26 17
44 17 4
44 17 16
44 16 5
44 16 15
44 15 14
44 14 12
44 12 6
44 12 11
44 11 8
44 8 7
44 11 10
44 10 9
44 14 13
44 26 25
44 25 22
44 22 21
44 21 20
44 20 19
44 19 18
44 25 24
44 24 23
45 30 29
45 29 26
45 26 25
45 25 24
45 24 3
45 3 2
45 2 1
45 1 0
45 24 23
45 23 21
45 21 20
45 20 19
45 19 4
45 19 18
45 18 5
45 18 17
45 17 16
45 16 14
45 14 13
45 13 12
45 12 9
45 9 7
45 7 6
45 9 8
45 12 11
45 11 10
45 16 15
45 23 22
45 29 28
45 28 27
46 30 29
46 29 28
46 28 26
46 26 1
46 1 0
46 26 25
46 25 24
46 24 23
46 23 22
46 22 14
46 14 11
46 11 10
46 10 8
46 8 7
46 7 2
46 7 6
46 6 5
46 5 4
46 4 3
46 10 9
46 14 13
46 13 12
46 22 21
46 21 20
46 20 19
46 19 17
46 17 15
46 17 16
46 19 18
46 28 27
47 30 29
47 29 28
47 28 27
47 27 26
47 26 25
47 25 24
47 24 23
47 23 22
47 22 0
47 22 21
47 21 9
47 9 2
47 2 1
47 9 8
47 8 7
47 7 6
47 6 5
47 5 4
47 4 3
47 21 20
47 20 14
47 14 13
47 13 10
47 13 12
47 12 11
47 20 19
47 19 15
47 19 18
47 18 17
47 17 16
48 32 30
48 30 25
48 25 24
48 24 0
48 24 23
48 23 1
48 23 22
48 22 21
48 21 20
48 20 19
48 19 18
48 18 5
48 5 4
48 4 3
48 3 2
48 18 17
48 17 15
48 15 8
48 8 6
48 8 7
48 15 14
48 14 13
48 13 9
48 13 12
48 12 11
48 11 10
48 17 16
48 30 29
48 29 28
48 28 27
48 27 26
48 32 31
49 31 6
49 6 4
49 4 2
49 2 0
49 2 1
49 4 3
49 6 5
49 31 30
49 30 29
49 29 28
49 28 25
49 25 23
49 23 20
49 20 10
49 10 9
49 9 8
49 8 7
49 20 19
49 19 14
49 14 12
49 12 11
49 14 13
49 19 18
49 18 15
49 18 17
49 17 16
49 23 22
49 22 21
49 25 24
49 28 27
49 27 26
50 31 30
50 30 22
50 22 21
50 21 19
50 19 8
50 8 5
50 5 1
50 1 0
50 5 4
50 4 3
50 3 2
50 8 7
50 7 6
50 19 18
50 18 17
50 17 9
50 17 16
50 16 14
50 14 13
50 13 12
50 12 11
50 11 10
50 16 15
50 21 20
50 30 29
50 29 28
50 28 23
50 28 27
50 27 26
50 26 25
50 25 24
51 31 3
51 3 2
51 2 1
51 1 0
51 31 30
51 30 29
51 29 5
51 5 4
51 29 28
51 28 14
51 14 13
51 13 12
51 12 7
51 7 6
51 12 11
51 11 10
51 10 8
51 10 9
51 28 27
51 27 24
51 24 22
51 22 15
51 22 21
51 21 20
51 20 18
51 18 16
51 18 17
51 20 19
51 24 23
51 27 26
51 26 25
52 31 30
52 30 10
52 10 6
52 6 3
52 3 2
52 2 0
52 2 1
52 6 5
52 5 4
52 10 9
52 9 8
52 8 7
52 30 29
52 29 27
52 27 13
52 13 12
52 12 11
52 27 26
52 26 25
52 25 14
52 25 24
52 24 15
52 24 23
52 23 19
52 19 18
52 18 17
52 17 16
52 23 22
52 22 21
52 21 20
52 29 28
53 31 23
53 23 21
53 21 20
53 20 14
53 14 8
53 8 7
53 7 6
53 6 2
53 2 1
53 1 0
53 6 5
53 5 4
53 4 3
53 14 13
53 13 10
53 10 9
53 13 12
53 12 11
53 20 19
53 19 17
53 17 15
53 17 16
53 19 18
53 23 22
53 31 30
53 30 29
53 29 27
53 27 25
53 25 24
53 27 26
53 29 28
54 32 3
54 3 2
54 2 0
54 2 1
54 32 31
54 31 28
54 28 26
54 26 25
54 25 4
54 25 24
54 24 22
54 22 17
54 17 6
54 6 5
54 17 16
54 16 15
54 15 8
54 8 7
54 15 14
54 14 13
54 13 12
54 12 11
54 11 10
54 10 9
54 22 21
54 21 20
54 20 19
54 19 18
54 24 23
54 28 27
54 31 30
54 30 29
55 34 30
55 30 27
55 27 26
55 26 8
55 8 3
55 3 1
55 1 0
55 3 2
55 8 7
55 7 4
55 7 6
55 6 5
55 26 25
55 25 24
55 24 12
55 12 11
55 11 9
55 11 10
55 24 23
55 23 22
55 22 20
55 20 13
55 20 19
55 19 15
55 15 14
55 19 18
55 18 17
55 17 16
55 22 21
55 30 29
55 29 28
55 34 33
55 33 31
55 33 32
56 29 28
56 28 26
56 26 22
56 22 2
56 2 1
56 1 0
56 22 21
56 21 3
56 21 20
56 20 19
56 19 16
56 16 15
56 15 14
56 14 13
56 13 12
56 12 4
56 12 11
56 11 7
56 7 6
56 6 5
56 11 10
56 10 9
56 9 8
56 19 18
56 18 17
56 26 25
56 25 24
56 24 23
56 28 27
57 33 0
57 33 32
57 32 20
57 20 1
57 20 19
57 19 2
57 19 18
57 18 17
57 17 5
57 5 4
57 4 3
57 17 16
57 16 7
57 7 6
57 16 15
57 15 14
57 14 8
57 14 13
57 13 12
57 12 10
57 10 9
57 12 11
57 32 31
57 31 21
57 31 30
57 30 29
57 29 22
57 29 28
57 28 25
57 25 24
57 24 23
57 28 27
57 27 26
58 31 0
58 31 30
58 30 1
58 30 29
58 29 28
58 28 19
58 19 18
58 18 10
58 10 8
58 8 3
58 3 2
58 8 7
58 7 6
58 6 4
58 6 5
58 10 9
58 18 17
58 17 12
58 12 11
58 17 16
58 16 13
58 16 15
58 15 14
58 28 27
58 27 26
58 26 24
58 24 23
58 23 22
58 22 20
58 22 21
58 26 25
59 30 28
59 28 26
59 26 18
59 18 17
59 17 1
59 1 0
59 17 16
59 16 15
59 15 2
59 15 14
59 14 10
59 10 4
59 4 3
59 10 9
59 9 7
59 7 6
59 6 5
59 9 8
59 14 13
59 13 12
59 12 11
59 26 25
59 25 24
59 24 23
59 23 19
59 23 22
59 22 20
59 22 21
59 28 27
59 30 29
60 32 31
60 31 0
60 31 30
60 30 3
60 3 2
60 2 1
60 30 29
60 29 28
60 28 27
60 27 21
60 21 19
60 19 18
60 18 15
60 15 14
60 14 12
60 12 4
60 12 11
60 11 10
60 10 5
60 10 9
60 9 8
60 8 7
60 7 6
60 14 13
60 18 17
60 17 16
60 21 20
60 27 26
60 26 25
60 25 23
60 23 22
60 25 24
61 31 0
61 31 30
61 30 1
61 30 29
61 29 28
61 28 25
61 25 3
61 3 2
61 25 24
61 24 21
61 21 20
61 20 19
61 19 10
61 10 6
61 6 5
61 5 4
61 10 9
61 9 8
61 8 7
61 19 18
61 18 17
61 17 15
61 15 11
61 15 14
61 14 13
61 13 12
61 17 16
61 24 23
61 23 22
61 28 27
61 27 26
62 34 32
62 32 28
62 28 1
62 1 0
62 28 27
62 27 26
62 26 24
62 24 10
62 10 9
62 9 7
62 7 6
62 6 5
62 5 2
62 5 4
62 4 3
62 9 8
62 24 23
62 23 22
62 22 12
62 12 11
62 22 21
62 21 20
62 20 16
62 16 14
62 14 13
62 16 15
62 20 19
62 19 18
62 18 17
62 26 25
62 32 31
62 31 29
62 31 30
62 34 33
63 31 30
63 30 29
63 29 27
63 27 12
63 12 11
63 11 10
63 10 0
63 10 9
63 9 8
63 8 6
63 6 5
63 5 1
63 5 4
63 4 2
63 4 3
63 8 7
63 27 26
63 26 25
63 25 15
63 15 13
63 15 14
63 25 24
63 24 23
63 23 17
63 17 16
63 23 22
63 22 18
63 22 21
63 21 20
63 20 19
63 29 28
64 29 21
64 21 20
64 20 10
64 10 7
64 7 6
64 6 5
64 5 0
64 5 4
64 4 1
64 4 3
64 3 2
64 10 9
64 9 8
64 20 19
64 19 11
64 19 18
64 18 12
64 18 17
64 17 13
64 17 16
64 16 14
64 16 15
64 29 28
64 28 26
64 26 23
64 23 22
64 26 25
64 25 24
64 28 27
65 31 30
65 30 28
65 28 27
65 27 26
65 26 24
65 24 23
65 23 22
65 22 1
65 1 0
65 22 21
65 21 17
65 17 15
65 15 3
65 3 2
65 15 14
65 14 5
65 5 4
65 14 13
65 13 6
65 13 12
65 12 7
65 12 11
65 11 9
65 9 8
65 11 10
65 17 16
65 21 20
65 20 18
65 20 19
65 26 25
65 30 29
66 30 11
66 11 9
66 9 0
66 9 8
66 8 5
66 5 4
66 4 2
66 2 1
66 4 3
66 8 7
66 7 6
66 11 10
66 30 29
66 29 28
66 28 21
66 21 17
66 17 14
66 14 13
66 13 12
66 17 16
66 16 15
66 21 20
66 20 19
66 19 18
66 28 27
66 27 25
66 25 22
66 25 24
66 24 23
66 27 26
67 32 27
67 27 1
67 1 0
67 27 26
67 26 24
67 24 2
67 24 23
67 23 15
67 15 14
67 14 13
67 13 11
67 11 4
67 4 3
67 11 10
67 10 9
67 9 8
67 8 7
67 7 5
67 7 6
67 13 12
67 23 22
67 22 21
67 21 18
67 18 17
67 17 16
67 21 20
67 20 19
67 26 25
67 32 31
67 31 30
67 30 29
67 29 28
68 33 29
68 29 0
68 29 28
68 28 11
68 11 10
68 10 1
68 10 9
68 9 7
68 7 6
68 6 5
68 5 4
68 4 3
68 3 2
68 9 8
68 28 27
68 27 26
68 26 12
68 26 25
68 25 15
68 15 14
68 14 13
68 25 24
68 24 23
68 23 22
68 22 18
68 18 16
68 18 17
68 22 21
68 21 20
68 20 19
68 33 32
68 32 30
68 32 31
69 32 31
69 31 30
69 30 29
69 29 1
69 1 0
69 29 28
69 28 2
69 28 27
69 27 23
69 23 7
69 7 3
69 7 6
69 6 5
69 5 4
69 23 22
69 22 8
69 22 21
69 21 19
69 19 17
69 17 16
69 16 10
69 10 9
69 16 15
69 15 11
69 15 14
69 14 13
69 13 12
69 19 18
69 21 20
69 27 26
69 26 25
69 25 24
70 30 24
70 24 22
70 22 19
70 19 17
70 17 0
70 17 16
70 16 14
70 14 6
70 6 1
70 6 5
70 5 4
70 4 2
70 4 3
70 14 13
70 13 12
70 12 11
70 11 7
70 11 10
70 10 8
70 10 9
70 16 15
70 19 18
70 22 21
70 21 20
70 24 23
70 30 29
70 29 25
70 29 28
70 28 26
70 28 27
71 34 23
71 23 22
71 22 20
71 20 17
71 17 13
71 13 12
71 12 11
71 11 7
71 7 0
71 7 6
71 6 5
71 5 1
71 5 4
71 4 3
71 3 2
71 11 10
71 10 8
71 10 9
71 17 16
71 16 14
71 16 15
71 20 19
71 19 18
71 22 21
71 34 33
71 33 28
71 28 25
71 25 24
71 28 27
71 27 26
71 33 32
71 32 31
71 31 29
71 31 30
72 33 23
72 23 22
72 22 21
72 21 20
72 20 19
72 19 18
72 18 17
72 17 0
72 17 16
72 16 5
72 5 1
72 5 4
72 4 2
72 4 3
72 16 15
72 15 13
72 13 12
72 12 10
72 10 8
72 8 6
72 8 7
72 10 9
72 12 11
72 15 14
72 33 32
72 32 24
72 32 31
72 31 30
72 30 28
72 28 27
72 27 26
72 26 25
72 30 29
73 33 16
73 16 15
73 15 3
73 3 2
73 2 1
73 1 0
73 15 14
73 14 11
73 11 10
73 10 9
73 9 8
73 8 7
73 7 4
73 7 6
73 6 5
73 14 13
73 13 12
73 33 32
73 32 29
73 29 18
73 18 17
73 29 28
73 28 26
73 26 25
73 25 24
73 24 22
73 22 21
73 21 19
73 21 20
73 24 23
73 28 27
73 32 31
73 31 30
74 29 28
74 28 27
74 27 0
74 27 26
74 26 2
74 2 1
74 26 25
74 25 4
74 4 3
74 25 24
74 24 9
74 9 7
74 7 6
74 6 5
74 9 8
74 24 23
74 23 14
74 14 13
74 13 11
74 11 10
74 13 12
74 23 22
74 22 15
74 22 21
74 21 19
74 19 18
74 18 17
74 17 16
74 21 20
75 30 21
75 21 0
75 21 20
75 20 19
75 19 15
75 15 8
75 8 1
75 8 7
75 7 2
75 7 6
75 6 5
75 5 4
75 4 3
75 15 14
75 14 13
75 13 12
75 12 10
75 10 9
75 12 11
75 19 18
75 18 17
75 17 16
75 30 29
75 29 28
75 28 26
75 26 24
75 24 22
75 24 23
75 26 25
75 28 27
76 32 30
76 30 29
76 29 28
76 28 26
76 26 22
76 22 0
76 22 21
76 21 20
76 20 15
76 15 14
76 14 13
76 13 11
76 11 3
76 3 2
76 2 1
76 11 10
76 10 5
76 5 4
76 10 9
76 9 8
76 8 7
76 7 6
76 13 12
76 20 19
76 19 16
76 19 18
76 18 17
76 26 25
76 25 23
76 25 24
76 28 27
76 32 31
77 32 31
77 31 27
77 27 25
77 25 24
77 24 23
77 23 13
77 13 11
77 11 10
77 10 4
77 4 2
77 2 1
77 1 0
77 4 3
77 10 9
77 9 5
77 9 8
77 8 6
77 8 7
77 13 12
77 23 22
77 22 20
77 20 14
77 20 19
77 19 18
77 18 15
77 18 17
77 17 16
77 22 21
77 27 26
77 31 30
77 30 28
77 30 29
78 34 0
78 34 33
78 33 1
78 33 32
78 32 31
78 31 27
78 27 25
78 25 20
78 20 19
78 19 14
78 14 11
78 11 9
78 9 2
78 9 8
78 8 3
78 8 7
78 7 6
78 6 5
78 5 4
78 11 10
78 14 13
78 13 12
78 19 18
78 18 17
78 17 15
78 17 16
78 25 24
78 24 22
78 22 21
78 24 23
78 27 26
78 31 30
78 30 29
78 29 28
79 30 0
79 30 29
79 29 1
79 29 28
79 28 7
79 7 6
79 6 4
79 4 2
79 4 3
79 6 5
79 28 27
79 27 16
79 16 15
79 15 14
79 14 12
79 12 11
79 11 10
79 10 8
79 10 9
79 14 13
79 27 26
79 26 25
79 25 24
79 24 20
79 20 18
79 18 17
79 20 19
79 24 23
79 23 22
79 22 21
80 31 1
80 1 0
80 31 30
80 30 28
80 28 27
80 27 26
80 26 24
80 24 23
80 23 2
80 23 22
80 22 19
80 19 17
80 17 15
80 15 12
80 12 7
80 7 6
80 6 3
80 6 5
80 5 4
80 12 11
80 11 8
80 11 10
80 10 9
80 15 14
80 14 13
80 17 16
80 19 18
80 22 21
80 21 20
80 26 25
80 30 29
81 31 24
81 24 23
81 23 22
81 22 21
81 21 12
81 12 11
81 11 9
81 9 0
81 9 8
81 8 7
81 7 6
81 6 2
81 2 1
81 6 5
81 5 3
81 5 4
81 11 10
81 21 20
81 20 17
81 17 16
81 16 14
81 14 13
81 16 15
81 20 19
81 19 18
81 31 30
81 30 28
81 28 27
81 27 26
81 26 25
81 30 29
82 32 30
82 30 29
82 29 0
82 29 28
82 28 27
82 27 26
82 26 25
82 25 24
82 24 12
82 12 3
82 3 1
82 3 2
82 12 11
82 11 8
82 8 7
82 7 6
82 6 4
82 6 5
82 11 10
82 10 9
82 24 23
82 23 18
82 18 16
82 16 15
82 15 14
82 14 13
82 18 17
82 23 22
82 22 21
82 21 19
82 21 20
82 32 31
83 33 31
83 31 30
83 30 3
83 3 0
83 3 2
83 2 1
83 30 29
83 29 4
83 29 28
83 28 23
83 23 22
83 22 8
83 8 5
83 8 7
83 7 6
83 22 21
83 21 9
83 21 20
83 20 10
83 20 19
83 19 18
83 18 13
83 13 12
83 12 11
83 18 17
83 17 16
83 16 15
83 15 14
83 28 27
83 27 26
83 26 24
83 26 25
83 33 32
84 33 25
84 25 0
84 25 24
84 24 22
84 22 20
84 20 19
84 19 18
84 18 17
84 17 16
84 16 14
84 14 13
84 13 4
84 4 3
84 3 1
84 3 2
84 13 12
84 12 11
84 11 7
84 7 5
84 7 6
84 11 10
84 10 9
84 9 8
84 16 15
84 22 21
84 24 23
84 33 32
84 32 31
84 31 29
84 29 28
84 28 27
84 27 26
84 31 30
85 32 31
85 31 29
85 29 27
85 27 0
85 27 26
85 26 1
85 26 25
85 25 19
85 19 12
85 12 11
85 11 8
85 8 7
85 7 2
85 7 6
85 6 3
85 6 5
85 5 4
85 11 10
85 10 9
85 19 18
85 18 17
85 17 14
85 14 13
85 17 16
85 16 15
85 25 24
85 24 23
85 23 20
85 23 22
85 22 21
85 29 28
85 31 30
86 33 1
86 1 0
86 33 32
86 32 31
86 31 13
86 13 4
86 4 2
86 4 3
86 13 12
86 12 10
86 10 9
86 9 8
86 8 7
86 7 5
86 7 6
86 12 11
86 31 30
86 30 14
86 30 29
86 29 28
86 28 27
86 27 24
86 24 20
86 20 15
86 20 19
86 19 18
86 18 17
86 17 16
86 24 23
86 23 21
86 23 22
86 27 26
86 26 25
87 33 1
87 1 0
87 33 32
87 32 4
87 4 3
87 3 2
87 32 31
87 31 29
87 29 28
87 28 7
87 7 5
87 7 6
87 28 27
87 27 18
87 18 11
87 11 10
87 10 8
87 10 9
87 18 17
87 17 13
87 13 12
87 17 16
87 16 15
87 15 14
87 27 26
87 26 25
87 25 24
87 24 19
87 24 23
87 23 21
87 21 20
87 23 22
87 31 30
88 33 0
88 33 32
88 32 28
88 28 2
88 2 1
88 28 27
88 27 13
88 13 11
88 11 8
88 8 6
88 6 5
88 5 3
88 5 4
88 8 7
88 11 10
88 10 9
88 13 12
88 27 26
88 26 25
88 25 14
88 25 24
88 24 18
88 18 16
88 16 15
88 18 17
88 24 23
88 23 22
88 22 21
88 21 19
88 21 20
88 32 31
88 31 30
88 30 29
89 34 33
89 33 32
89 32 29
89 29 28
89 28 25
89 25 24
89 24 16
89 16 15
89 15 13
89 13 10
89 10 4
89 4 3
89 3 2
89 2 1
89 1 0
89 10 9
89 9 6
89 6 5
89 9 8
89 8 7
89 13 12
89 12 11
89 15 14
89 24 23
89 23 20
89 20 18
89 18 17
89 20 19
89 23 22
89 22 21
89 28 27
89 27 26
89 32 31
89 31 30
90 29 28
90 28 27
90 27 26
90 26 25
90 25 24
90 24 0
90 24 23
90 23 6
90 6 4
90 4 1
90 4 3
90 3 2
90 6 5
90 23 22
90 22 21
90 21 10
90 10 9
90 9 7
90 9 8
90 21 20
90 20 18
90 18 17
90 17 16
90 16 15
90 15 13
90 13 11
90 13 12
90 15 14
90 20 19
91 31 30
91 30 29
91 29 27
91 27 25
91 25 23
91 23 21
91 21 11
91 11 9
91 9 8
91 8 2
91 2 1
91 1 0
91 8 7
91 7 5
91 5 4
91 4 3
91 7 6
91 11 10
91 21 20
91 20 19
91 19 17
91 17 16
91 16 15
91 15 14
91 14 12
91 14 13
91 19 18
91 23 22
91 25 24
91 27 26
91 29 28
92 30 24
92 24 21
92 21 1
92 1 0
92 21 20
92 20 7
92 7 5
92 5 4
92 4 2
92 4 3
92 7 6
92 20 19
92 19 12
92 12 11
92 11 9
92 9 8
92 11 10
92 19 18
92 18 17
92 17 16
92 16 15
92 15 14
92 14 13
92 24 23
92 23 22
92 30 29
92 29 27
92 27 25
92 27 26
92 29 28
93 31 14
93 14 0
93 14 13
93 13 1
93 13 12
93 12 11
93 11 10
93 10 8
93 8 7
93 7 5
93 5 4
93 4 2
93 4 3
93 7 6
93 10 9
93 31 30
93 30 29
93 29 16
93 16 15
93 29 28
93 28 27
93 27 26
93 26 25
93 25 17
93 25 24
93 24 22
93 22 21
93 21 19
93 19 18
93 21 20
93 24 23
94 29 2
94 2 1
94 1 0
94 29 28
94 28 27
94 27 3
94 27 26
94 26 25
94 25 24
94 24 23
94 23 10
94 10 9
94 9 8
94 8 7
94 7 6
94 6 5
94 5 4
94 23 22
94 22 11
94 22 21
94 21 16
94 16 14
94 14 13
94 13 12
94 16 15
94 21 20
94 20 19
94 19 18
94 18 17
95 33 32
95 32 30
95 30 0
95 30 29
95 29 28
95 28 26
95 26 1
95 26 25
95 25 23
95 23 22
95 22 3
95 3 2
95 22 21
95 21 9
95 9 8
95 8 7
95 7 6
95 6 4
95 6 5
95 21 20
95 20 19
95 19 16
95 16 10
95 16 15
95 15 14
95 14 13
95 13 11
95 13 12
95 19 18
95 18 17
95 25 24
95 28 27
95 32 31
96 31 30
96 30 3
96 3 0
96 3 2
96 2 1
96 30 29
96 29 6
96 6 4
96 6 5
96 29 28
96 28 26
96 26 23
96 23 22
96 22 15
96 15 7
96 15 14
96 14 11
96 11 10
96 10 8
96 10 9
96 14 13
96 13 12
96 22 21
96 21 20
96 20 17
96 17 16
96 20 19
96 19 18
96 26 25
96 25 24
96 28 27
97 34 30
97 30 27
97 27 2
97 2 1
97 1 0
97 27 26
97 26 23
97 23 22
97 22 20
97 20 19
97 19 7
97 7 6
97 6 5
97 5 3
97 5 4
97 19 18
97 18 16
97 16 15
97 15 14
97 14 13
97 13 8
97 13 12
97 12 11
97 11 10
97 10 9
97 18 17
97 22 21
97 26 25
97 25 24
97 30 29
97 29 28
97 34 33
97 33 31
97 33 32
98 29 0
98 29 28
98 28 5
98 5 3
98 3 1
98 3 2
98 5 4
98 28 27
98 27 10
98 10 6
98 10 9
98 9 8
98 8 7
98 27 26
98 26 17
98 17 11
98 17 16
98 16 14
98 14 12
98 14 13
98 16 15
98 26 25
98 25 19
98 19 18
98 25 24
98 24 23
98 23 20
98 23 22
98 22 21
99 30 1
99 1 0
99 30 29
99 29 2
99 29 28
99 28 23
99 23 20
99 20 19
99 19 10
99 10 7
99 7 3
99 7 6
99 6 5
99 5 4
99 10 9
99 9 8
99 19 18
99 18 16
99 16 15
99 15 13
99 13 11
99 13 12
99 15 14
99 18 17
99 23 22
99 22 21
99 28 27
99 27 26
99 26 24
99 26 25
100 34 32
100 32 25
100 25 24
100 24 23
100 23 0
100 23 22
100 22 21
100 21 13
100 13 12
100 12 11
100 11 10
100 10 1
100 10 9
100 9 8
100 8 7
100 7 3
100 3 2
100 7 6
100 6 5
100 5 4
100 21 20
100 20 19
100 19 15
100 15 14
100 19 18
100 18 17
100 17 16
100 32 31
100 31 28
100 28 27
100 27 26
100 31 30
100 30 29
100 34 33
101 29 28
101 28 0
101 28 27
101 27 12
101 12 11
101 11 4
101 4 1
101 4 3
101 3 2
101 11 10
101 10 9
101 9 7
101 7 6
101 6 5
101 9 8
101 27 26
101 26 14
101 14 13
101 26 25
101 25 24
101 24 20
101 20 19
101 19 16
101 16 15
101 19 18
101 18 17
101 24 23
101 23 22
101 22 21
