1 30 2
1 2 1
1 1 0
1 30 29
1 29 3
1 29 28
1 28 27
1 27 26
1 26 25
1 25 5
1 5 4
1 25 24
1 24 23
1 23 22
1 22 19
1 19 13
1 13 12
1 12 11
1 11 10
1 10 9
1 9 7
1 7 6
1 9 8
1 19 18
1 18 14
1 18 17
1 17 16
1 16 15
1 22 21
1 21 20
2 30 0
2 30 29
2 29 28
2 28 24
2 24 23
2 23 22
2 22 1
2 22 21
2 21 11
2 11 9
2 9 7
2 7 5
2 5 4
2 4 2
2 4 3
2 7 6
2 9 8
2 11 10
2 21 20
2 20 18
2 18 17
2 17 15
2 15 13
2 13 12
2 15 14
2 17 16
2 20 19
2 28 27
2 27 26
2 26 25
3 29 28
3 28 19
3 19 14
3 14 13
3 13 12
3 12 11
3 11 10
3 10 0
3 10 9
3 9 6
3 6 1
3 6 5
3 5 4
3 4 3
3 3 2
3 9 8
3 8 7
3 19 18
3 18 16
3 16 15
3 18 17
3 28 27
3 27 26
3 26 25
3 25 24
3 24 23
3 23 21
3 21 20
3 23 22
4 31 28
4 28 26
4 26 25
4 25 20
4 20 19
4 19 17
4 17 16
4 16 13
4 13 0
4 13 12
4 12 11
4 11 10
4 10 7
4 7 6
4 6 2
4 2 1
4 6 5
4 5 4
4 4 3
4 10 9
4 9 8
4 16 15
4 15 14
4 19 18
4 25 24
4 24 22
4 22 21
4 24 23
4 28 27
4 31 30
4 30 29
5 32 1
5 1 0
5 32 31
5 31 30
5 30 2
5 30 29
5 29 3
5 29 28
5 28 24
5 24 21
5 21 19
5 19 14
5 14 13
5 13 12
5 12 8
5 8 7
5 7 4
5 7 6
5 6 5
5 12 11
5 11 10
5 10 9
5 19 18
5 18 16
5 16 15
5 18 17
5 21 20
5 24 23
5 23 22
5 28 27
5 27 25
5 27 26
6 31 2
6 2 1
6 1 0
6 31 30
6 30 3
6 30 29
6 29 28
6 28 11
6 11 6
6 6 5
6 5 4
6 11 10
6 10 8
6 8 7
6 10 9
6 28 27
6 27 23
6 23 22
6 22 21
6 21 20
6 20 12
6 20 19
6 19 14
6 14 13
6 19 18
6 18 15
6 18 17
6 17 16
6 27 26
6 26 24
6 26 25
7 32 31
7 31 29
7 29 28
7 28 0
7 28 27
7 27 2
7 2 1
7 27 26
7 26 25
7 25 8
7 8 6
7 6 4
7 4 3
7 6 5
7 8 7
7 25 24
7 24 12
7 12 11
7 11 10
7 10 9
7 24 23
7 23 22
7 22 20
7 20 19
7 19 18
7 18 16
7 16 15
7 15 14
7 14 13
7 18 17
7 22 21
7 31 30
8 30 20
8 20 19
8 19 15
8 15 0
8 15 14
8 14 1
8 14 13
8 13 12
8 12 11
8 11 10
8 10 8
8 8 4
8 4 2
8 4 3
8 8 7
8 7 6
8 6 5
8 10 9
8 19 18
8 18 16
8 18 17
8 30 29
8 29 27
8 27 25
8 25 21
8 25 24
8 24 23
8 23 22
8 27 26
8 29 28
9 33 0
9 33 32
9 32 31
9 31 30
9 30 28
9 28 26
9 26 2
9 2 1
9 26 25
9 25 24
9 24 5
9 5 3
9 5 4
9 24 23
9 23 13
9 13 11
9 11 10
9 10 7
9 7 6
9 10 9
9 9 8
9 13 12
9 23 22
9 22 15
9 15 14
9 22 21
9 21 17
9 17 16
9 21 20
9 20 19
9 19 18
9 28 27
9 30 29
10 30 28
10 28 27
10 27 11
10 11 10
10 10 4
10 4 0
10 4 3
10 3 2
10 2 1
10 10 9
10 9 7
10 7 5
10 7 6
10 9 8
10 27 26
10 26 12
10 26 25
10 25 23
10 23 21
10 21 19
10 19 17
10 17 14
10 14 13
10 17 16
10 16 15
10 19 18
10 21 20
10 23 22
10 25 24
10 30 29
11 30 29
11 29 25
11 25 24
11 24 1
11 1 0
11 24 23
11 23 2
11 23 22
11 22 15
11 15 13
11 13 5
11 5 3
11 5 4
11 13 12
11 12 11
11 11 9
11 9 6
11 9 8
11 8 7
11 11 10
11 15 14
11 22 21
11 21 19
11 19 16
11 19 18
11 18 17
11 21 20
11 29 28
11 28 26
11 28 27
12 34 33
12 33 32
12 32 31
12 31 29
12 29 0
12 29 28
12 28 12
12 12 3
12 3 2
12 2 1
12 12 11
12 11 10
12 10 6
12 6 4
12 6 5
12 10 9
12 9 8
12 8 7
12 28 27
12 27 25
12 25 17
12 17 15
12 15 14
12 14 13
12 17 16
12 25 24
12 24 23
12 23 22
12 22 20
12 20 18
12 20 19
12 22 21
12 27 26
12 31 30
13 34 33
13 33 32
13 32 5
13 5 1
13 1 0
13 5 4
13 4 2
13 4 3
13 32 31
13 31 30
13 30 7
13 7 6
13 30 29
13 29 11
13 11 9
13 9 8
13 11 10
13 29 28
13 28 27
13 27 26
13 26 23
13 23 21
13 21 18
13 18 17
13 17 15
13 15 14
13 14 12
13 14 13
13 17 16
13 21 20
13 20 19
13 23 22
13 26 25
13 25 24
14 29 28
14 28 27
14 27 0
14 27 26
14 26 1
14 26 25
14 25 24
14 24 22
14 22 17
14 17 15
14 15 12
14 12 7
14 7 2
14 7 6
14 6 3
14 6 5
14 5 4
14 12 11
14 11 10
14 10 9
14 9 8
14 15 14
14 14 13
14 17 16
14 22 21
14 21 19
14 19 18
14 21 20
14 24 23
15 32 31
15 31 25
15 25 1
15 1 0
15 25 24
15 24 2
15 24 23
15 23 3
15 23 22
15 22 21
15 21 8
15 8 7
15 7 5
15 5 4
15 7 6
15 21 20
15 20 19
15 19 18
15 18 17
15 17 14
15 14 12
15 12 9
15 12 11
15 11 10
15 14 13
15 17 16
15 16 15
15 31 30
15 30 29
15 29 26
15 29 28
15 28 27
16 34 10
16 10 6
16 6 3
16 3 1
16 1 0
16 3 2
16 6 5
16 5 4
16 10 9
16 9 7
16 9 8
16 34 33
16 33 32
16 32 31
16 31 14
16 14 13
16 13 12
16 12 11
16 31 30
16 30 17
16 17 15
16 17 16
16 30 29
16 29 28
16 28 24
16 24 20
16 20 19
16 19 18
16 24 23
16 23 22
16 22 21
16 28 27
16 27 26
16 26 25
17 32 17
17 17 15
17 15 2
17 2 0
17 2 1
17 15 14
17 14 12
17 12 11
17 11 10
17 10 4
17 4 3
17 10 9
17 9 8
17 8 6
17 6 5
17 8 7
17 14 13
17 17 16
17 32 31
17 31 26
17 26 25
17 25 24
17 24 19
17 19 18
17 24 23
17 23 21
17 21 20
17 23 22
17 31 30
17 30 29
17 29 28
17 28 27
18 31 30
18 30 0
18 30 29
18 29 28
18 28 24
18 24 22
18 22 9
18 9 3
18 3 2
18 2 1
18 9 8
18 8 7
18 7 5
18 5 4
18 7 6
18 22 21
18 21 11
18 11 10
18 21 20
18 20 12
18 20 19
18 19 17
18 17 16
18 16 14
18 14 13
18 16 15
18 19 18
18 24 23
18 28 27
18 27 25
18 27 26
19 33 32
19 32 2
19 2 0
19 2 1
19 32 31
19 31 8
19 8 7
19 7 3
19 7 6
19 6 4
19 6 5
19 31 30
19 30 29
19 29 9
19 29 28
19 28 25
19 25 19
19 19 12
19 12 10
19 12 11
19 19 18
19 18 16
19 16 13
19 16 15
19 15 14
19 18 17
19 25 24
19 24 22
19 22 21
19 21 20
19 24 23
19 28 27
19 27 26
20 34 33
20 33 32
20 32 21
20 21 13
20 13 9
20 9 1
20 1 0
20 9 8
20 8 7
20 7 6
20 6 5
20 5 4
20 4 3
20 3 2
20 13 12
20 12 10
20 12 11
20 21 20
20 20 19
20 19 18
20 18 16
20 16 15
20 15 14
20 18 17
20 32 31
20 31 22
20 31 30
20 30 24
20 24 23
20 30 29
20 29 28
20 28 27
20 27 26
20 26 25
21 34 0
21 34 33
21 33 31
21 31 30
21 30 26
21 26 1
21 26 25
21 25 9
21 9 8
21 8 6
21 6 2
21 6 5
21 5 3
21 5 4
21 8 7
21 25 24
21 24 23
21 23 16
21 16 14
21 14 10
21 14 13
21 13 11
21 13 12
21 16 15
21 23 22
21 22 18
21 18 17
21 22 21
21 21 19
21 21 20
21 30 29
21 29 28
21 28 27
21 33 32
22 31 30
22 30 26
22 26 19
22 19 16
22 16 15
22 15 14
22 14 13
22 13 12
22 12 11
22 11 5
22 5 3
22 3 1
22 1 0
22 3 2
22 5 4
22 11 10
22 10 8
22 8 7
22 7 6
22 10 9
22 19 18
22 18 17
22 26 25
22 25 24
22 24 21
22 21 20
22 24 23
22 23 22
22 30 29
22 29 27
22 29 28
23 31 8
23 8 5
23 5 4
23 4 3
23 3 2
23 2 0
23 2 1
23 8 7
23 7 6
23 31 30
23 30 12
23 12 10
23 10 9
23 12 11
23 30 29
23 29 18
23 18 13
23 18 17
23 17 16
23 16 14
23 16 15
23 29 28
23 28 27
23 27 26
23 26 24
23 24 22
23 22 21
23 21 20
23 20 19
23 24 23
23 26 25
24 29 0
24 29 28
24 28 18
24 18 16
24 16 15
24 15 14
24 14 13
24 13 11
24 11 10
24 10 9
24 9 1
24 9 8
24 8 7
24 7 5
24 5 4
24 4 2
24 4 3
24 7 6
24 13 12
24 18 17
24 28 27
24 27 26
24 26 23
24 23 22
24 22 21
24 21 20
24 20 19
24 26 25
24 25 24
25 29 5
25 5 4
25 4 1
25 1 0
25 4 3
25 3 2
25 29 28
25 28 9
25 9 6
25 9 8
25 8 7
25 28 27
25 27 26
25 26 17
25 17 12
25 12 10
25 12 11
25 17 16
25 16 13
25 16 15
25 15 14
25 26 25
25 25 18
25 25 24
25 24 19
25 24 23
25 23 21
25 21 20
25 23 22
26 32 29
26 29 0
26 29 28
26 28 27
26 27 26
26 26 20
26 20 18
26 18 17
26 17 16
26 16 14
26 14 10
26 10 4
26 4 2
26 2 1
26 4 3
26 10 9
26 9 7
26 7 6
26 6 5
26 9 8
26 14 13
26 13 12
26 12 11
26 16 15
26 20 19
26 26 25
26 25 24
26 24 22
26 22 21
26 24 23
26 32 31
26 31 30
27 33 32
27 32 5
27 5 0
27 5 4
27 4 3
27 3 1
27 3 2
27 32 31
27 31 16
27 16 15
27 15 14
27 14 7
27 7 6
27 14 13
27 13 12
27 12 8
27 12 11
27 11 10
27 10 9
27 31 30
27 30 28
27 28 22
27 22 17
27 22 21
27 21 20
27 20 19
27 19 18
27 28 27
27 27 25
27 25 23
27 25 24
27 27 26
27 30 29
28 31 30
28 30 29
28 29 15
28 15 12
28 12 7
28 7 0
28 7 6
28 6 5
28 5 4
28 4 3
28 3 2
28 2 1
28 12 11
28 11 9
28 9 8
28 11 10
28 15 14
28 14 13
28 29 28
28 28 16
28 28 27
28 27 26
28 26 19
28 19 18
28 18 17
28 26 25
28 25 24
28 24 23
28 23 21
28 21 20
28 23 22
29 31 0
29 31 30
29 30 1
29 30 29
29 29 26
29 26 8
29 8 2
29 8 7
29 7 5
29 5 3
29 5 4
29 7 6
29 26 25
29 25 11
29 11 9
29 11 10
29 25 24
29 24 23
29 23 17
29 17 12
29 17 16
29 16 15
29 15 13
29 15 14
29 23 22
29 22 21
29 21 18
29 21 20
29 20 19
29 29 28
29 28 27
30 34 0
30 34 33
30 33 32
30 32 31
30 31 30
30 30 1
30 30 29
30 29 2
30 29 28
30 28 26
30 26 25
30 25 20
30 20 18
30 18 7
30 7 6
30 6 5
30 5 3
30 5 4
30 18 17
30 17 9
30 9 8
30 17 16
30 16 14
30 14 13
30 13 12
30 12 10
30 12 11
30 16 15
30 20 19
30 25 24
30 24 21
30 24 23
30 23 22
30 28 27
31 32 0
31 32 31
31 31 11
31 11 8
31 8 6
31 6 5
31 5 4
31 4 1
31 4 3
31 3 2
31 8 7
31 11 10
31 10 9
31 31 30
31 30 12
31 30 29
31 29 21
31 21 20
31 20 19
31 19 17
31 17 15
31 15 13
31 15 14
31 17 16
31 19 18
31 29 28
31 28 27
31 27 26
31 26 22
31 26 25
31 25 24
31 24 23
32 33 30
32 30 8
32 8 2
32 2 1
32 1 0
32 8 7
32 7 5
32 5 4
32 4 3
32 7 6
32 30 29
32 29 28
32 28 9
32 28 27
32 27 26
32 26 13
32 13 12
32 12 11
32 11 10
32 26 25
32 25 23
32 23 14
32 23 22
32 22 21
32 21 20
32 20 19
32 19 18
32 18 17
32 17 15
32 17 16
32 25 24
32 33 32
32 32 31
33 30 0
33 30 29
33 29 26
33 26 24
33 24 1
33 24 23
33 23 14
33 14 4
33 4 2
33 4 3
33 14 13
33 13 12
33 12 11
33 11 10
33 10 8
33 8 5
33 8 7
33 7 6
33 10 9
33 23 22
33 22 20
33 20 15
33 20 19
33 19 18
33 18 16
33 18 17
33 22 21
33 26 25
33 29 28
33 28 27
34 31 30
34 30 28
34 28 15
34 15 14
34 14 13
34 13 12
34 12 11
34 11 2
34 2 1
34 1 0
34 11 10
34 10 3
34 10 9
34 9 6
34 6 4
34 6 5
34 9 8
34 8 7
34 28 27
34 27 26
34 26 16
34 26 25
34 25 23
34 23 22
34 22 20
34 20 18
34 18 17
34 20 19
34 22 21
34 25 24
34 30 29
35 31 20
35 20 16
35 16 1
35 1 0
35 16 15
35 15 14
35 14 3
35 3 2
35 14 13
35 13 12
35 12 7
35 7 4
35 7 6
35 6 5
35 12 11
35 11 10
35 10 8
35 10 9
35 20 19
35 19 18
35 18 17
35 31 30
35 30 29
35 29 25
35 25 24
35 24 21
35 24 23
35 23 22
35 29 28
35 28 27
35 27 26
36 32 30
36 30 5
36 5 4
36 4 3
36 3 0
36 3 2
36 2 1
36 30 29
36 29 7
36 7 6
36 29 28
36 28 27
36 27 26
36 26 25
36 25 24
36 24 23
36 23 8
36 23 22
36 22 21
36 21 20
36 20 18
36 18 9
36 18 17
36 17 16
36 16 15
36 15 10
36 15 14
36 14 11
36 14 13
36 13 12
36 20 19
36 32 31
37 34 31
37 31 4
37 4 1
37 1 0
37 4 3
37 3 2
37 31 30
37 30 9
37 9 8
37 8 7
37 7 5
37 7 6
37 30 29
37 29 25
37 25 10
37 25 24
37 24 12
37 12 11
37 24 23
37 23 13
37 23 22
37 22 21
37 21 15
37 15 14
37 21 20
37 20 16
37 20 19
37 19 17
37 19 18
37 29 28
37 28 27
37 27 26
37 34 33
37 33 32
38 34 0
38 34 33
38 33 30
38 30 29
38 29 26
38 26 15
38 15 14
38 14 10
38 10 2
38 2 1
38 10 9
38 9 7
38 7 6
38 6 5
38 5 4
38 4 3
38 9 8
38 14 13
38 13 11
38 13 12
38 26 25
38 25 16
38 25 24
38 24 17
38 24 23
38 23 21
38 21 20
38 20 18
38 20 19
38 23 22
38 29 28
38 28 27
38 33 32
38 32 31
39 29 20
39 20 7
39 7 0
39 7 6
39 6 5
39 5 1
39 5 4
39 4 2
39 4 3
39 20 19
39 19 8
39 19 18
39 18 9
39 18 17
39 17 13
39 13 10
39 13 12
39 12 11
39 17 16
39 16 14
39 16 15
39 29 28
39 28 26
39 26 22
39 22 21
39 26 25
39 25 24
39 24 23
39 28 27
40 30 29
40 29 17
40 17 0
40 17 16
40 16 15
40 15 13
40 13 2
40 2 1
40 13 12
40 12 4
40 4 3
40 12 11
40 11 8
40 8 7
40 7 6
40 6 5
40 11 10
40 10 9
40 15 14
40 29 28
40 28 20
40 20 18
40 20 19
40 28 27
40 27 22
40 22 21
40 27 26
40 26 24
40 24 23
40 26 25
41 31 0
41 31 30
41 30 29
41 29 1
41 29 28
41 28 22
41 22 17
41 17 16
41 16 15
41 15 8
41 8 5
41 5 4
41 4 2
41 4 3
41 8 7
41 7 6
41 15 14
41 14 12
41 12 11
41 11 9
41 11 10
41 14 13
41 22 21
41 21 20
41 20 19
41 19 18
41 28 27
41 27 26
41 26 25
41 25 23
41 25 24
42 29 0
42 29 28
42 28 1
42 28 27
42 27 12
42 12 10
42 10 9
42 9 8
42 8 2
42 8 7
42 7 6
42 6 4
42 4 3
42 6 5
42 12 11
42 27 26
42 26 13
42 26 25
42 25 14
42 25 24
42 24 15
42 24 23
42 23 21
42 21 16
42 21 20
42 20 19
42 19 17
42 19 18
42 23 22
43 34 24
43 24 23
43 23 22
43 22 15
43 15 0
43 15 14
43 14 11
43 11 1
43 11 10
43 10 9
43 9 7
43 7 6
43 6 5
43 5 4
43 4 2
43 4 3
43 9 8
43 14 13
43 13 12
43 22 21
43 21 16
43 21 20
43 20 17
43 20 19
43 19 18
43 34 33
43 33 29
43 29 25
43 29 28
43 28 26
43 28 27
43 33 32
43 32 31
43 31 30
44 29 27
44 27 13
44 13 7
44 7 3
44 3 0
44 3 2
44 2 1
44 7 6
44 6 5
44 5 4
44 13 12
44 12 9
44 9 8
44 12 11
44 11 10
44 27 26
44 26 14
44 26 25
44 25 23
44 23 22
44 22 15
44 22 21
44 21 20
44 20 19
44 19 16
44 19 18
44 18 17
44 25 24
44 29 28
45 33 32
45 32 30
45 30 16
45 16 9
45 9 8
45 8 7
45 7 6
45 6 0
45 6 5
45 5 3
45 3 2
45 2 1
45 5 4
45 16 15
45 15 14
45 14 10
45 14 13
45 13 11
45 13 12
45 30 29
45 29 28
45 28 26
45 26 19
45 19 18
45 18 17
45 26 25
45 25 22
45 22 21
45 21 20
45 25 24
45 24 23
45 28 27
45 32 31
46 33 32
46 32 25
46 25 15
46 15 13
46 13 12
46 12 10
46 10 8
46 8 7
46 7 0
46 7 6
46 6 1
46 6 5
46 5 4
46 4 2
46 4 3
46 10 9
46 12 11
46 15 14
46 25 24
46 24 22
46 22 21
46 21 20
46 20 19
46 19 18
46 18 16
46 18 17
46 24 23
46 32 31
46 31 28
46 28 27
46 27 26
46 31 30
46 30 29
47 30 29
47 29 28
47 28 13
47 13 6
47 6 5
47 5 0
47 5 4
47 4 1
47 4 3
47 3 2
47 13 12
47 12 11
47 11 10
47 10 7
47 10 9
47 9 8
47 28 27
47 27 17
47 17 16
47 16 15
47 15 14
47 27 26
47 26 25
47 25 21
47 21 19
47 19 18
47 21 20
47 25 24
47 24 22
47 24 23
48 31 30
48 30 28
48 28 27
48 27 25
48 25 24
48 24 0
48 24 23
48 23 22
48 22 16
48 16 12
48 12 9
48 9 8
48 8 7
48 7 1
48 7 6
48 6 3
48 3 2
48 6 5
48 5 4
48 12 11
48 11 10
48 16 15
48 15 14
48 14 13
48 22 21
48 21 19
48 19 18
48 18 17
48 21 20
48 27 26
48 30 29
49 31 0
49 31 30
49 30 27
49 27 24
49 24 22
49 22 21
49 21 4
49 4 3
49 3 1
49 3 2
49 21 20
49 20 19
49 19 18
49 18 17
49 17 15
49 15 7
49 7 5
49 7 6
49 15 14
49 14 9
49 9 8
49 14 13
49 13 10
49 13 12
49 12 11
49 17 16
49 24 23
49 27 26
49 26 25
49 30 29
49 29 28
50 33 0
50 33 32
50 32 30
50 30 28
50 28 26
50 26 2
50 2 1
50 26 25
50 25 23
50 23 11
50 11 4
50 4 3
50 11 10
50 10 5
50 10 9
50 9 8
50 8 6
50 8 7
50 23 22
50 22 21
50 21 20
50 20 19
50 19 18
50 18 12
50 18 17
50 17 16
50 16 13
50 16 15
50 15 14
50 25 24
50 28 27
50 30 29
50 32 31
51 33 23
51 23 20
51 20 19
51 19 18
51 18 17
51 17 16
51 16 15
51 15 14
51 14 13
51 13 12
51 12 1
51 1 0
51 12 11
51 11 9
51 9 8
51 8 5
51 5 4
51 4 2
51 4 3
51 8 7
51 7 6
51 11 10
51 23 22
51 22 21
51 33 32
51 32 31
51 31 29
51 29 28
51 28 25
51 25 24
51 28 27
51 27 26
51 31 30
52 32 31
52 31 23
52 23 22
52 22 20
52 20 17
52 17 16
52 16 15
52 15 2
52 2 1
52 1 0
52 15 14
52 14 13
52 13 3
52 13 12
52 12 5
52 5 4
52 12 11
52 11 9
52 9 8
52 8 7
52 7 6
52 11 10
52 20 19
52 19 18
52 22 21
52 31 30
52 30 28
52 28 27
52 27 26
52 26 25
52 25 24
52 30 29
53 30 28
53 28 26
53 26 0
53 26 25
53 25 14
53 14 13
53 13 11
53 11 4
53 4 3
53 3 2
53 2 1
53 11 10
53 10 9
53 9 8
53 8 5
53 8 7
53 7 6
53 13 12
53 25 24
53 24 20
53 20 19
53 19 18
53 18 17
53 17 16
53 16 15
53 24 23
53 23 21
53 23 22
53 28 27
53 30 29
54 34 33
54 33 25
54 25 22
54 22 21
54 21 20
54 20 1
54 1 0
54 20 19
54 19 9
54 9 8
54 8 7
54 7 6
54 6 5
54 5 2
54 5 4
54 4 3
54 19 18
54 18 10
54 18 17
54 17 14
54 14 13
54 13 11
54 13 12
54 17 16
54 16 15
54 25 24
54 24 23
54 33 32
54 32 26
54 32 31
54 31 29
54 29 27
54 29 28
54 31 30
55 29 3
55 3 1
55 1 0
55 3 2
55 29 28
55 28 26
55 26 24
55 24 23
55 23 8
55 8 7
55 7 4
55 7 6
55 6 5
55 23 22
55 22 16
55 16 15
55 15 12
55 12 10
55 10 9
55 12 11
55 15 14
55 14 13
55 22 21
55 21 17
55 21 20
55 20 18
55 20 19
55 26 25
55 28 27
56 34 12
56 12 11
56 11 6
56 6 5
56 5 2
56 2 0
56 2 1
56 5 4
56 4 3
56 11 10
56 10 7
56 10 9
56 9 8
56 34 33
56 33 29
56 29 27
56 27 26
56 26 13
56 26 25
56 25 24
56 24 14
56 24 23
56 23 18
56 18 16
56 16 15
56 18 17
56 23 22
56 22 21
56 21 20
56 20 19
56 29 28
56 33 32
56 32 30
56 32 31
57 30 20
57 20 0
57 20 19
57 19 18
57 18 17
57 17 13
57 13 1
57 13 12
57 12 11
57 11 10
57 10 3
57 3 2
57 10 9
57 9 8
57 8 4
57 8 7
57 7 5
57 7 6
57 17 16
57 16 15
57 15 14
57 30 29
57 29 27
57 27 24
57 24 21
57 24 23
57 23 22
57 27 26
57 26 25
57 29 28
58 33 27
58 27 6
58 6 5
58 5 0
58 5 4
58 4 2
58 2 1
58 4 3
58 27 26
58 26 21
58 21 19
58 19 9
58 9 8
58 8 7
58 19 18
58 18 10
58 18 17
58 17 16
58 16 15
58 15 13
58 13 12
58 12 11
58 15 14
58 21 20
58 26 25
58 25 22
58 25 24
58 24 23
58 33 32
58 32 28
58 32 31
58 31 30
58 30 29
59 29 6
59 6 4
59 4 3
59 3 1
59 1 0
59 3 2
59 6 5
59 29 28
59 28 7
59 28 27
59 27 26
59 26 8
59 26 25
59 25 23
59 23 15
59 15 14
59 14 10
59 10 9
59 14 13
59 13 11
59 13 12
59 23 22
59 22 20
59 20 16
59 20 19
59 19 17
59 19 18
59 22 21
59 25 24
60 29 24
60 24 22
60 22 21
60 21 20
60 20 17
60 17 11
60 11 10
60 10 9
60 9 1
60 1 0
60 9 8
60 8 7
60 7 5
60 5 3
60 3 2
60 5 4
60 7 6
60 17 16
60 16 13
60 13 12
60 16 15
60 15 14
60 20 19
60 19 18
60 24 23
60 29 28
60 28 25
60 28 27
60 27 26
61 33 0
61 33 32
61 32 25
61 25 24
61 24 23
61 23 21
61 21 5
61 5 4
61 4 1
61 4 3
61 3 2
61 21 20
61 20 19
61 19 16
61 16 8
61 8 6
61 8 7
61 16 15
61 15 14
61 14 13
61 13 12
61 12 10
61 10 9
61 12 11
61 19 18
61 18 17
61 23 22
61 32 31
61 31 29
61 29 28
61 28 26
61 28 27
61 31 30
62 32 31
62 31 28
62 28 9
62 9 8
62 8 7
62 7 6
62 6 4
62 4 0
62 4 3
62 3 1
62 3 2
62 6 5
62 28 27
62 27 26
62 26 23
62 23 21
62 21 20
62 20 19
62 19 17
62 17 16
62 16 12
62 12 10
62 12 11
62 16 15
62 15 14
62 14 13
62 19 18
62 23 22
62 26 25
62 25 24
62 31 30
62 30 29
63 30 26
63 26 0
63 26 25
63 25 24
63 24 1
63 24 23
63 23 22
63 22 20
63 20 4
63 4 2
63 4 3
63 20 19
63 19 13
63 13 5
63 13 12
63 12 11
63 11 6
63 11 10
63 10 9
63 9 8
63 8 7
63 19 18
63 18 16
63 16 15
63 15 14
63 18 17
63 22 21
63 30 29
63 29 27
63 29 28
64 32 29
64 29 0
64 29 28
64 28 26
64 26 24
64 24 23
64 23 19
64 19 5
64 5 4
64 4 1
64 4 3
64 3 2
64 19 18
64 18 17
64 17 6
64 17 16
64 16 15
64 15 10
64 10 8
64 8 7
64 10 9
64 15 14
64 14 13
64 13 11
64 13 12
64 23 22
64 22 20
64 22 21
64 26 25
64 28 27
64 32 31
64 31 30
65 32 31
65 31 29
65 29 28
65 28 27
65 27 26
65 26 2
65 2 1
65 1 0
65 26 25
65 25 3
65 25 24
65 24 22
65 22 18
65 18 16
65 16 15
65 15 4
65 15 14
65 14 10
65 10 6
65 6 5
65 10 9
65 9 8
65 8 7
65 14 13
65 13 11
65 13 12
65 18 17
65 22 21
65 21 20
65 20 19
65 24 23
65 31 30
66 32 31
66 31 30
66 30 29
66 29 25
66 25 9
66 9 8
66 8 6
66 6 5
66 5 3
66 3 1
66 1 0
66 3 2
66 5 4
66 8 7
66 25 24
66 24 23
66 23 21
66 21 13
66 13 12
66 12 11
66 11 10
66 21 20
66 20 16
66 16 14
66 16 15
66 20 19
66 19 18
66 18 17
66 23 22
66 29 28
66 28 27
66 27 26
67 32 31
67 31 30
67 30 29
67 29 4
67 4 3
67 3 0
67 3 2
67 2 1
67 29 28
67 28 5
67 28 27
67 27 10
67 10 7
67 7 6
67 10 9
67 9 8
67 27 26
67 26 24
67 24 23
67 23 21
67 21 11
67 21 20
67 20 18
67 18 17
67 17 16
67 16 12
67 16 15
67 15 14
67 14 13
67 20 19
67 23 22
67 26 25
68 33 32
68 32 31
68 31 11
68 11 5
68 5 1
68 1 0
68 5 4
68 4 2
68 4 3
68 11 10
68 10 9
68 9 8
68 8 7
68 7 6
68 31 30
68 30 29
68 29 18
68 18 16
68 16 12
68 16 15
68 15 13
68 15 14
68 18 17
68 29 28
68 28 20
68 20 19
68 28 27
68 27 22
68 22 21
68 27 26
68 26 24
68 24 23
68 26 25
69 33 30
69 30 29
69 29 28
69 28 26
69 26 3
69 3 0
69 3 2
69 2 1
69 26 25
69 25 22
69 22 16
69 16 15
69 15 14
69 14 13
69 13 12
69 12 10
69 10 9
69 9 8
69 8 6
69 6 4
69 6 5
69 8 7
69 12 11
69 22 21
69 21 20
69 20 18
69 18 17
69 20 19
69 25 24
69 24 23
69 28 27
69 33 32
69 32 31
70 32 31
70 31 5
70 5 4
70 4 1
70 1 0
70 4 3
70 3 2
70 31 30
70 30 22
70 22 21
70 21 11
70 11 7
70 7 6
70 11 10
70 10 9
70 9 8
70 21 20
70 20 18
70 18 17
70 17 16
70 16 15
70 15 12
70 15 14
70 14 13
70 20 19
70 30 29
70 29 27
70 27 26
70 26 24
70 24 23
70 26 25
70 29 28
71 33 32
71 32 31
71 31 4
71 4 3
71 3 2
71 2 0
71 2 1
71 31 30
71 30 29
71 29 5
71 29 28
71 28 12
71 12 11
71 11 6
71 11 10
71 10 7
71 10 9
71 9 8
71 28 27
71 27 13
71 27 26
71 26 25
71 25 23
71 23 17
71 17 14
71 17 16
71 16 15
71 23 22
71 22 18
71 22 21
71 21 20
71 20 19
71 25 24
72 30 29
72 29 1
72 1 0
72 29 28
72 28 25
72 25 13
72 13 12
72 12 6
72 6 2
72 6 5
72 5 3
72 5 4
72 12 11
72 11 9
72 9 8
72 8 7
72 11 10
72 25 24
72 24 23
72 23 22
72 22 14
72 22 21
72 21 20
72 20 15
72 20 19
72 19 18
72 18 16
72 18 17
72 28 27
72 27 26
73 33 31
73 31 29
73 29 28
73 28 0
73 28 27
73 27 2
73 2 1
73 27 26
73 26 25
73 25 3
73 25 24
73 24 22
73 22 21
73 21 20
73 20 17
73 17 8
73 8 6
73 6 4
73 6 5
73 8 7
73 17 16
73 16 10
73 10 9
73 16 15
73 15 14
73 14 12
73 12 11
73 14 13
73 20 19
73 19 18
73 24 23
73 31 30
73 33 32
74 30 28
74 28 26
74 26 23
74 23 0
74 23 22
74 22 1
74 22 21
74 21 20
74 20 2
74 20 19
74 19 17
74 17 4
74 4 3
74 17 16
74 16 14
74 14 11
74 11 9
74 9 8
74 8 5
74 8 7
74 7 6
74 11 10
74 14 13
74 13 12
74 16 15
74 19 18
74 26 25
74 25 24
74 28 27
74 30 29
75 32 0
75 32 31
75 31 28
75 28 3
75 3 1
75 3 2
75 28 27
75 27 12
75 12 7
75 7 6
75 6 4
75 6 5
75 12 11
75 11 10
75 10 9
75 9 8
75 27 26
75 26 25
75 25 14
75 14 13
75 25 24
75 24 23
75 23 21
75 21 20
75 20 19
75 19 18
75 18 17
75 17 15
75 17 16
75 23 22
75 31 30
75 30 29
76 31 25
76 25 2
76 2 1
76 1 0
76 25 24
76 24 9
76 9 8
76 8 3
76 8 7
76 7 6
76 6 5
76 5 4
76 24 23
76 23 16
76 16 15
76 15 13
76 13 12
76 12 10
76 12 11
76 15 14
76 23 22
76 22 21
76 21 20
76 20 18
76 18 17
76 20 19
76 31 30
76 30 29
76 29 27
76 27 26
76 29 28
77 32 31
77 31 9
77 9 8
77 8 5
77 5 3
77 3 2
77 2 1
77 1 0
77 5 4
77 8 7
77 7 6
77 31 30
77 30 29
77 29 21
77 21 18
77 18 16
77 16 13
77 13 12
77 12 10
77 12 11
77 16 15
77 15 14
77 18 17
77 21 20
77 20 19
77 29 28
77 28 23
77 23 22
77 28 27
77 27 26
77 26 24
77 26 25
78 31 20
78 20 5
78 5 1
78 1 0
78 5 4
78 4 2
78 4 3
78 20 19
78 19 18
78 18 9
78 9 6
78 9 8
78 8 7
78 18 17
78 17 15
78 15 14
78 14 13
78 13 11
78 11 10
78 13 12
78 17 16
78 31 30
78 30 21
78 30 29
78 29 27
78 27 26
78 26 25
78 25 23
78 23 22
78 25 24
78 29 28
79 32 21
79 21 19
79 19 0
79 19 18
79 18 17
79 17 16
79 16 14
79 14 12
79 12 3
79 3 1
79 3 2
79 12 11
79 11 10
79 10 8
79 8 4
79 8 7
79 7 5
79 7 6
79 10 9
79 14 13
79 16 15
79 21 20
79 32 31
79 31 29
79 29 22
79 29 28
79 28 27
79 27 24
79 24 23
79 27 26
79 26 25
79 31 30
80 34 33
80 33 32
80 32 31
80 31 30
80 30 10
80 10 1
80 1 0
80 10 9
80 9 4
80 4 2
80 4 3
80 9 8
80 8 7
80 7 6
80 6 5
80 30 29
80 29 28
80 28 23
80 23 21
80 21 20
80 20 19
80 19 13
80 13 12
80 12 11
80 19 18
80 18 14
80 18 17
80 17 16
80 16 15
80 23 22
80 28 27
80 27 25
80 25 24
80 27 26
81 33 26
81 26 1
81 1 0
81 26 25
81 25 23
81 23 21
81 21 20
81 20 14
81 14 4
81 4 3
81 3 2
81 14 13
81 13 6
81 6 5
81 13 12
81 12 11
81 11 8
81 8 7
81 11 10
81 10 9
81 20 19
81 19 18
81 18 17
81 17 16
81 16 15
81 23 22
81 25 24
81 33 32
81 32 28
81 28 27
81 32 31
81 31 30
81 30 29
82 30 6
82 6 0
82 6 5
82 5 4
82 4 1
82 4 3
82 3 2
82 30 29
82 29 27
82 27 26
82 26 13
82 13 12
82 12 10
82 10 9
82 9 8
82 8 7
82 12 11
82 26 25
82 25 23
82 23 14
82 23 22
82 22 16
82 16 15
82 22 21
82 21 17
82 21 20
82 20 19
82 19 18
82 25 24
82 29 28
83 33 27
83 27 21
83 21 1
83 1 0
83 21 20
83 20 19
83 19 2
83 19 18
83 18 14
83 14 10
83 10 7
83 7 4
83 4 3
83 7 6
83 6 5
83 10 9
83 9 8
83 14 13
83 13 11
83 13 12
83 18 17
83 17 16
83 16 15
83 27 26
83 26 22
83 26 25
83 25 24
83 24 23
83 33 32
83 32 31
83 31 30
83 30 29
83 29 28
84 30 26
84 26 25
84 25 5
84 5 1
84 1 0
84 5 4
84 4 2
84 4 3
84 25 24
84 24 14
84 14 12
84 12 11
84 11 8
84 8 7
84 7 6
84 11 10
84 10 9
84 14 13
84 24 23
84 23 22
84 22 15
84 22 21
84 21 20
84 20 16
84 20 19
84 19 18
84 18 17
84 30 29
84 29 28
84 28 27
85 32 30
85 30 28
85 28 9
85 9 0
85 9 8
85 8 7
85 7 6
85 6 5
85 5 4
85 4 1
85 4 3
85 3 2
85 28 27
85 27 25
85 25 10
85 25 24
85 24 17
85 17 16
85 16 15
85 15 12
85 12 11
85 15 14
85 14 13
85 24 23
85 23 19
85 19 18
85 23 22
85 22 20
85 22 21
85 27 26
85 30 29
85 32 31
86 33 0
86 33 32
86 32 1
86 32 31
86 31 30
86 30 18
86 18 17
86 17 16
86 16 15
86 15 10
86 10 5
86 5 2
86 5 4
86 4 3
86 10 9
86 9 8
86 8 7
86 7 6
86 15 14
86 14 12
86 12 11
86 14 13
86 30 29
86 29 28
86 28 19
86 28 27
86 27 21
86 21 20
86 27 26
86 26 23
86 23 22
86 26 25
86 25 24
87 34 31
87 31 29
87 29 0
87 29 28
87 28 26
87 26 25
87 25 1
87 25 24
87 24 2
87 24 23
87 23 22
87 22 21
87 21 19
87 19 18
87 18 6
87 6 3
87 6 5
87 5 4
87 18 17
87 17 7
87 17 16
87 16 15
87 15 8
87 15 14
87 14 11
87 11 9
87 11 10
87 14 13
87 13 12
87 21 20
87 28 27
87 31 30
87 34 33
87 33 32
88 29 22
88 22 21
88 21 2
88 2 0
88 2 1
88 21 20
88 20 16
88 16 15
88 15 14
88 14 13
88 13 10
88 10 7
88 7 6
88 6 5
88 5 3
88 5 4
88 10 9
88 9 8
88 13 12
88 12 11
88 20 19
88 19 18
88 18 17
88 29 28
88 28 27
88 27 23
88 27 26
88 26 25
88 25 24
89 32 31
89 31 29
89 29 1
89 1 0
89 29 28
89 28 24
89 24 4
89 4 2
89 4 3
89 24 23
89 23 20
89 20 19
89 19 14
89 14 6
89 6 5
89 14 13
89 13 7
89 13 12
89 12 10
89 10 8
89 10 9
89 12 11
89 19 18
89 18 16
89 16 15
89 18 17
89 23 22
89 22 21
89 28 27
89 27 26
89 26 25
89 31 30
90 29 7
90 7 6
90 6 3
90 3 2
90 2 0
90 2 1
90 6 5
90 5 4
90 29 28
90 28 27
90 27 8
90 27 26
90 26 10
90 10 9
90 26 25
90 25 23
90 23 13
90 13 12
90 12 11
90 23 22
90 22 15
90 15 14
90 22 21
90 21 20
90 20 19
90 19 18
90 18 17
90 17 16
90 25 24
91 32 31
91 31 0
91 31 30
91 30 29
91 29 3
91 3 2
91 2 1
91 29 28
91 28 26
91 26 25
91 25 11
91 11 4
91 11 10
91 10 9
91 9 5
91 9 8
91 8 6
91 8 7
91 25 24
91 24 23
91 23 22
91 22 21
91 21 13
91 13 12
91 21 20
91 20 19
91 19 18
91 18 17
91 17 16
91 16 15
91 15 14
91 28 27
92 34 33
92 33 32
92 32 18
92 18 16
92 16 15
92 15 13
92 13 11
92 11 10
92 10 1
92 1 0
92 10 9
92 9 7
92 7 4
92 4 3
92 3 2
92 7 6
92 6 5
92 9 8
92 13 12
92 15 14
92 18 17
92 32 31
92 31 22
92 22 21
92 21 19
92 21 20
92 31 30
92 30 28
92 28 23
92 28 27
92 27 24
92 27 26
92 26 25
92 30 29
93 31 2
93 2 0
93 2 1
93 31 30
93 30 13
93 13 12
93 12 8
93 8 7
93 7 6
93 6 5
93 5 4
93 4 3
93 12 11
93 11 10
93 10 9
93 30 29
93 29 28
93 28 14
93 28 27
93 27 23
93 23 18
93 18 15
93 18 17
93 17 16
93 23 22
93 22 20
93 20 19
93 22 21
93 27 26
93 26 25
93 25 24
94 33 0
94 33 32
94 32 31
94 31 5
94 5 3
94 3 2
94 2 1
94 5 4
94 31 30
94 30 29
94 29 26
94 26 25
94 25 22
94 22 21
94 21 16
94 16 8
94 8 6
94 8 7
94 16 15
94 15 13
94 13 9
94 13 12
94 12 11
94 11 10
94 15 14
94 21 20
94 20 18
94 18 17
94 20 19
94 25 24
94 24 23
94 29 28
94 28 27
95 32 9
95 9 8
95 8 1
95 1 0
95 8 7
95 7 2
95 7 6
95 6 3
95 6 5
95 5 4
95 32 31
95 31 30
95 30 29
95 29 10
95 29 28
95 28 27
95 27 26
95 26 11
95 26 25
95 25 24
95 24 16
95 16 12
95 16 15
95 15 13
95 15 14
95 24 23
95 23 22
95 22 17
95 22 21
95 21 19
95 19 18
95 21 20
96 34 33
96 33 31
96 31 26
96 26 25
96 25 24
96 24 22
96 22 21
96 21 19
96 19 15
96 15 13
96 13 7
96 7 6
96 6 0
96 6 5
96 5 4
96 4 2
96 2 1
96 4 3
96 13 12
96 12 8
96 12 11
96 11 9
96 11 10
96 15 14
96 19 18
96 18 16
96 18 17
96 21 20
96 24 23
96 31 30
96 30 27
96 30 29
96 29 28
96 33 32
97 30 11
97 11 7
97 7 6
97 6 5
97 5 0
97 5 4
97 4 3
97 3 1
97 3 2
97 11 10
97 10 8
97 10 9
97 30 29
97 29 26
97 26 25
97 25 12
97 25 24
97 24 13
97 24 23
97 23 22
97 22 16
97 16 15
97 15 14
97 22 21
97 21 18
97 18 17
97 21 20
97 20 19
97 29 28
97 28 27
98 31 0
98 31 30
98 30 29
98 29 23
98 23 22
98 22 17
98 17 1
98 17 16
98 16 15
98 15 14
98 14 12
98 12 9
98 9 8
98 8 4
98 4 2
98 4 3
98 8 7
98 7 5
98 7 6
98 12 11
98 11 10
98 14 13
98 22 21
98 21 19
98 19 18
98 21 20
98 29 28
98 28 27
98 27 24
98 27 26
98 26 25
99 29 28
99 28 26
99 26 25
99 25 22
99 22 21
99 21 20
99 20 0
99 20 19
99 19 2
99 2 1
99 19 18
99 18 12
99 12 10
99 10 9
99 9 3
99 9 8
99 8 4
99 8 7
99 7 5
99 7 6
99 12 11
99 18 17
99 17 16
99 16 13
99 16 15
99 15 14
99 25 24
99 24 23
99 28 27
100 32 3
100 3 1
100 1 0
100 3 2
100 32 31
100 31 24
100 24 22
100 22 5
100 5 4
100 22 21
100 21 20
100 20 19
100 19 18
100 18 10
100 10 9
100 9 7
100 7 6
100 9 8
100 18 17
100 17 16
100 16 15
100 15 13
100 13 12
100 12 11
100 15 14
100 24 23
100 31 30
100 30 29
100 29 28
100 28 26
100 26 25
100 28 27
101 31 11
101 11 0
101 11 10
101 10 9
101 9 1
101 9 8
101 8 3
101 3 2
101 8 7
101 7 6
101 6 4
101 6 5
101 31 30
101 30 13
101 13 12
101 30 29
101 29 14
101 29 28
101 28 27
101 27 26
101 26 18
101 18 15
101 18 17
101 17 16
101 26 25
101 25 23
101 23 20
101 20 19
101 23 22
101 22 21
101 25 24
