1 29 16
1 16 0
1 16 15
1 15 5
1 5 3
1 3 1
1 3 2
1 5 4
1 15 14
1 14 10
1 10 9
1 9 6
1 9 8
1 8 7
1 14 13
1 13 11
1 13 12
1 29 28
1 28 17
1 28 27
1 27 18
1 27 26
1 26 22
1 22 21
1 21 19
1 21 20
1 26 25
1 25 23
1 25 24
2 34 33
2 33 25
2 25 1
2 1 0
2 25 24
2 24 22
2 22 21
2 21 4
2 4 2
2 4 3
2 21 20
2 20 19
2 19 5
2 19 18
2 18 15
2 15 14
2 14 13
2 13 12
2 12 11
2 11 10
2 10 6
2 10 9
2 9 7
2 9 8
2 18 17
2 17 16
2 24 23
2 33 32
2 32 31
2 31 29
2 29 28
2 28 26
2 28 27
2 31 30
3 30 29
3 29 28
3 28 14
3 14 9
3 9 6
3 6 0
3 6 5
3 5 4
3 4 3
3 3 2
3 2 1
3 9 8
3 8 7
3 14 13
3 13 12
3 12 11
3 11 10
3 28 27
3 27 15
3 27 26
3 26 22
3 22 16
3 22 21
3 21 20
3 20 17
3 20 19
3 19 18
3 26 25
3 25 23
3 25 24
4 29 17
4 17 0
4 17 16
4 16 15
4 15 9
4 9 8
4 8 7
4 7 6
4 6 5
4 5 4
4 4 2
4 2 1
4 4 3
4 15 14
4 14 10
4 14 13
4 13 12
4 12 11
4 29 28
4 28 22
4 22 21
4 21 18
4 21 20
4 20 19
4 28 27
4 27 25
4 25 23
4 25 24
4 27 26
5 29 0
5 29 28
5 28 1
5 28 27
5 27 26
5 26 23
5 23 22
5 22 5
5 5 3
5 3 2
5 5 4
5 22 21
5 21 20
5 20 8
5 8 6
5 8 7
5 20 19
5 19 14
5 14 12
5 12 11
5 11 9
5 11 10
5 14 13
5 19 18
5 18 17
5 17 15
5 17 16
5 26 25
5 25 24
6 33 31
6 31 20
6 20 0
6 20 19
6 19 18
6 18 16
6 16 3
6 3 1
6 3 2
6 16 15
6 15 9
6 9 8
6 8 7
6 7 6
6 6 5
6 5 4
6 15 14
6 14 13
6 13 10
6 13 12
6 12 11
6 18 17
6 31 30
6 30 28
6 28 27
6 27 26
6 26 24
6 24 21
6 24 23
6 23 22
6 26 25
6 30 29
6 33 32
7 29 27
7 27 20
7 20 0
7 20 19
7 19 1
7 19 18
7 18 7
7 7 4
7 4 3
7 3 2
7 7 6
7 6 5
7 18 17
7 17 14
7 14 13
7 13 12
7 12 11
7 11 8
7 11 10
7 10 9
7 17 16
7 16 15
7 27 26
7 26 25
7 25 24
7 24 21
7 24 23
7 23 22
7 29 28
8 32 30
8 30 6
8 6 4
8 4 3
8 3 2
8 2 1
8 1 0
8 6 5
8 30 29
8 29 28
8 28 17
8 17 16
8 16 10
8 10 9
8 9 7
8 9 8
8 16 15
8 15 13
8 13 11
8 13 12
8 15 14
8 28 27
8 27 26
8 26 19
8 19 18
8 26 25
8 25 24
8 24 23
8 23 22
8 22 20
8 22 21
8 32 31
9 32 23
9 23 0
9 23 22
9 22 2
9 2 1
9 22 21
9 21 19
9 19 18
9 18 16
9 16 15
9 15 11
9 11 10
9 10 5
9 5 4
9 4 3
9 10 9
9 9 8
9 8 6
9 8 7
9 15 14
9 14 13
9 13 12
9 18 17
9 21 20
9 32 31
9 31 26
9 26 24
9 26 25
9 31 30
9 30 29
9 29 28
9 28 27
10 31 30
10 30 29
10 29 1
10 1 0
10 29 28
10 28 27
10 27 26
10 26 25
10 25 24
10 24 11
10 11 10
10 10 7
10 7 6
10 6 2
10 6 5
10 5 4
10 4 3
10 10 9
10 9 8
10 24 23
10 23 22
10 22 21
10 21 12
10 21 20
10 20 19
10 19 13
10 19 18
10 18 17
10 17 15
10 15 14
10 17 16
11 30 0
11 30 29
11 29 3
11 3 1
11 3 2
11 29 28
11 28 14
11 14 13
11 13 11
11 11 10
11 10 8
11 8 4
11 8 7
11 7 5
11 7 6
11 10 9
11 13 12
11 28 27
11 27 26
11 26 25
11 25 23
11 23 22
11 22 21
11 21 18
11 18 17
11 17 15
11 17 16
11 21 20
11 20 19
11 25 24
12 29 28
12 28 27
12 27 26
12 26 25
12 25 24
12 24 1
12 1 0
12 24 23
12 23 22
12 22 5
12 5 4
12 4 2
12 4 3
12 22 21
12 21 18
12 18 17
12 17 16
12 16 15
12 15 13
12 13 8
12 8 6
12 8 7
12 13 12
12 12 9
12 12 11
12 11 10
12 15 14
12 21 20
12 20 19
13 31 5
13 5 1
13 1 0
13 5 4
13 4 3
13 3 2
13 31 30
13 30 28
13 28 12
13 12 9
13 9 7
13 7 6
13 9 8
13 12 11
13 11 10
13 28 27
13 27 26
13 26 14
13 14 13
13 26 25
13 25 23
13 23 15
13 23 22
13 22 21
13 21 20
13 20 17
13 17 16
13 20 19
13 19 18
13 25 24
13 30 29
14 30 28
14 28 27
14 27 8
14 8 7
14 7 1
14 1 0
14 7 6
14 6 5
14 5 4
14 4 2
14 4 3
14 27 26
14 26 24
14 24 9
14 24 23
14 23 21
14 21 20
14 20 19
14 19 18
14 18 16
14 16 13
14 13 12
14 12 10
14 12 11
14 16 15
14 15 14
14 18 17
14 23 22
14 26 25
14 30 29
15 29 28
15 28 27
15 27 22
15 22 21
15 21 18
15 18 17
15 17 2
15 2 1
15 1 0
15 17 16
15 16 9
15 9 6
15 6 4
15 4 3
15 6 5
15 9 8
15 8 7
15 16 15
15 15 12
15 12 10
15 12 11
15 15 14
15 14 13
15 21 20
15 20 19
15 27 26
15 26 25
15 25 24
15 24 23
16 30 25
16 25 23
16 23 5
16 5 0
16 5 4
16 4 1
16 4 3
16 3 2
16 23 22
16 22 21
16 21 20
16 20 17
16 17 16
16 16 6
16 16 15
16 15 13
16 13 12
16 12 7
16 12 11
16 11 9
16 9 8
16 11 10
16 15 14
16 20 19
16 19 18
16 25 24
16 30 29
16 29 28
16 28 26
16 28 27
17 30 29
17 29 28
17 28 6
17 6 5
17 5 4
17 4 0
17 4 3
17 3 1
17 3 2
17 28 27
17 27 26
17 26 23
17 23 12
17 12 11
17 11 9
17 9 7
17 9 8
17 11 10
17 23 22
17 22 20
17 20 13
17 20 19
17 19 15
17 15 14
17 19 18
17 18 16
17 18 17
17 22 21
17 26 25
17 25 24
18 30 26
18 26 22
18 22 20
18 20 19
18 19 18
18 18 17
18 17 15
18 15 0
18 15 14
18 14 11
18 11 4
18 4 3
18 3 2
18 2 1
18 11 10
18 10 5
18 10 9
18 9 7
18 7 6
18 9 8
18 14 13
18 13 12
18 17 16
18 22 21
18 26 25
18 25 24
18 24 23
18 30 29
18 29 28
18 28 27
19 33 31
19 31 0
19 31 30
19 30 5
19 5 4
19 4 1
19 4 3
19 3 2
19 30 29
19 29 17
19 17 14
19 14 10
19 10 9
19 9 8
19 8 7
19 7 6
19 14 13
19 13 12
19 12 11
19 17 16
19 16 15
19 29 28
19 28 18
19 28 27
19 27 25
19 25 24
19 24 23
19 23 22
19 22 21
19 21 19
19 21 20
19 27 26
19 33 32
20 33 31
20 31 30
20 30 28
20 28 27
20 27 26
20 26 25
20 25 23
20 23 21
20 21 20
20 20 19
20 19 13
20 13 12
20 12 11
20 11 10
20 10 7
20 7 4
20 4 0
20 4 3
20 3 2
20 2 1
20 7 6
20 6 5
20 10 9
20 9 8
20 19 18
20 18 16
20 16 15
20 15 14
20 18 17
20 23 22
20 25 24
20 30 29
20 33 32
21 31 30
21 30 20
21 20 3
21 3 2
21 2 1
21 1 0
21 20 19
21 19 4
21 19 18
21 18 17
21 17 13
21 13 11
21 11 10
21 10 7
21 7 6
21 6 5
21 10 9
21 9 8
21 13 12
21 17 16
21 16 14
21 16 15
21 30 29
21 29 28
21 28 23
21 23 22
21 22 21
21 28 27
21 27 26
21 26 24
21 26 25
22 32 30
22 30 28
22 28 27
22 27 2
22 2 1
22 1 0
22 27 26
22 26 25
22 25 24
22 24 23
22 23 3
22 23 22
22 22 15
22 15 14
22 14 5
22 5 4
22 14 13
22 13 12
22 12 6
22 12 11
22 11 7
22 11 10
22 10 9
22 9 8
22 22 21
22 21 20
22 20 19
22 19 17
22 17 16
22 19 18
22 30 29
22 32 31
23 32 30
23 30 2
23 2 0
23 2 1
23 30 29
23 29 27
23 27 3
23 27 26
23 26 25
23 25 4
23 25 24
23 24 5
23 24 23
23 23 7
23 7 6
23 23 22
23 22 20
23 20 18
23 18 12
23 12 11
23 11 10
23 10 8
23 10 9
23 18 17
23 17 14
23 14 13
23 17 16
23 16 15
23 20 19
23 22 21
23 29 28
23 32 31
24 33 32
24 32 27
24 27 26
24 26 25
24 25 4
24 4 0
24 4 3
24 3 1
24 3 2
24 25 24
24 24 22
24 22 19
24 19 5
24 19 18
24 18 8
24 8 7
24 7 6
24 18 17
24 17 16
24 16 9
24 16 15
24 15 13
24 13 10
24 13 12
24 12 11
24 15 14
24 22 21
24 21 20
24 24 23
24 32 31
24 31 30
24 30 29
24 29 28
25 31 29
25 29 0
25 29 28
25 28 26
25 26 22
25 22 21
25 21 4
25 4 3
25 3 2
25 2 1
25 21 20
25 20 16
25 16 6
25 6 5
25 16 15
25 15 11
25 11 10
25 10 9
25 9 7
25 9 8
25 15 14
25 14 12
25 14 13
25 20 19
25 19 17
25 19 18
25 26 25
25 25 23
25 25 24
25 28 27
25 31 30
26 34 30
26 30 14
26 14 13
26 13 8
26 8 7
26 7 0
26 7 6
26 6 1
26 6 5
26 5 3
26 3 2
26 5 4
26 13 12
26 12 9
26 12 11
26 11 10
26 30 29
26 29 28
26 28 27
26 27 16
26 16 15
26 27 26
26 26 25
26 25 24
26 24 23
26 23 22
26 22 17
26 22 21
26 21 20
26 20 19
26 19 18
26 34 33
26 33 31
26 33 32
27 31 30
27 30 29
27 29 23
27 23 0
27 23 22
27 22 21
27 21 13
27 13 12
27 12 9
27 9 1
27 9 8
27 8 7
27 7 2
27 7 6
27 6 4
27 4 3
27 6 5
27 12 11
27 11 10
27 21 20
27 20 19
27 19 15
27 15 14
27 19 18
27 18 17
27 17 16
27 29 28
27 28 25
27 25 24
27 28 27
27 27 26
28 34 1
28 1 0
28 34 33
28 33 21
28 21 3
28 3 2
28 21 20
28 20 17
28 17 16
28 16 5
28 5 4
28 16 15
28 15 13
28 13 10
28 10 7
28 7 6
28 10 9
28 9 8
28 13 12
28 12 11
28 15 14
28 20 19
28 19 18
28 33 32
28 32 29
28 29 28
28 28 27
28 27 24
28 24 22
28 24 23
28 27 26
28 26 25
28 32 31
28 31 30
29 32 14
29 14 6
29 6 4
29 4 0
29 4 3
29 3 2
29 2 1
29 6 5
29 14 13
29 13 12
29 12 9
29 9 7
29 9 8
29 12 11
29 11 10
29 32 31
29 31 18
29 18 17
29 17 16
29 16 15
29 31 30
29 30 27
29 27 22
29 22 20
29 20 19
29 22 21
29 27 26
29 26 25
29 25 24
29 24 23
29 30 29
29 29 28
30 34 4
30 4 0
30 4 3
30 3 1
30 3 2
30 34 33
30 33 5
30 33 32
30 32 28
30 28 6
30 28 27
30 27 7
30 27 26
30 26 18
30 18 15
30 15 14
30 14 11
30 11 10
30 10 9
30 9 8
30 14 13
30 13 12
30 18 17
30 17 16
30 26 25
30 25 24
30 24 23
30 23 21
30 21 19
30 21 20
30 23 22
30 32 31
30 31 29
30 31 30
31 32 17
31 17 13
31 13 7
31 7 4
31 4 2
31 2 0
31 2 1
31 4 3
31 7 6
31 6 5
31 13 12
31 12 11
31 11 9
31 9 8
31 11 10
31 17 16
31 16 14
31 16 15
31 32 31
31 31 30
31 30 29
31 29 28
31 28 27
31 27 26
31 26 18
31 26 25
31 25 24
31 24 23
31 23 22
31 22 19
31 22 21
31 21 20
32 31 27
32 27 10
32 10 0
32 10 9
32 9 6
32 6 1
32 6 5
32 5 4
32 4 2
32 4 3
32 9 8
32 8 7
32 27 26
32 26 25
32 25 18
32 18 17
32 17 11
32 17 16
32 16 15
32 15 13
32 13 12
32 15 14
32 25 24
32 24 19
32 24 23
32 23 22
32 22 20
32 22 21
32 31 30
32 30 29
32 29 28
33 32 31
33 31 2
33 2 0
33 2 1
33 31 30
33 30 27
33 27 11
33 11 3
33 11 10
33 10 9
33 9 8
33 8 7
33 7 4
33 7 6
33 6 5
33 27 26
33 26 25
33 25 24
33 24 23
33 23 22
33 22 14
33 14 12
33 14 13
33 22 21
33 21 20
33 20 19
33 19 15
33 19 18
33 18 17
33 17 16
33 30 29
33 29 28
34 34 3
34 3 0
34 3 2
34 2 1
34 34 33
34 33 4
34 33 32
34 32 7
34 7 6
34 6 5
34 32 31
34 31 8
34 31 30
34 30 29
34 29 27
34 27 26
34 26 9
34 26 25
34 25 24
34 24 23
34 23 12
34 12 11
34 11 10
34 23 22
34 22 18
34 18 17
34 17 16
34 16 15
34 15 13
34 15 14
34 22 21
34 21 19
34 21 20
34 29 28
35 30 1
35 1 0
35 30 29
35 29 28
35 28 2
35 28 27
35 27 26
35 26 23
35 23 22
35 22 17
35 17 16
35 16 15
35 15 14
35 14 12
35 12 11
35 11 9
35 9 3
35 9 8
35 8 7
35 7 6
35 6 4
35 6 5
35 11 10
35 14 13
35 22 21
35 21 20
35 20 18
35 20 19
35 26 25
35 25 24
36 30 28
36 28 15
36 15 12
36 12 11
36 11 10
36 10 0
36 10 9
36 9 1
36 9 8
36 8 7
36 7 3
36 3 2
36 7 6
36 6 5
36 5 4
36 15 14
36 14 13
36 28 27
36 27 26
36 26 25
36 25 22
36 22 18
36 18 17
36 17 16
36 22 21
36 21 20
36 20 19
36 25 24
36 24 23
36 30 29
37 33 28
37 28 27
37 27 21
37 21 20
37 20 19
37 19 18
37 18 8
37 8 0
37 8 7
37 7 1
37 7 6
37 6 5
37 5 4
37 4 3
37 3 2
37 18 17
37 17 12
37 12 10
37 10 9
37 12 11
37 17 16
37 16 13
37 16 15
37 15 14
37 27 26
37 26 22
37 26 25
37 25 23
37 25 24
37 33 32
37 32 30
37 30 29
37 32 31
38 31 28
38 28 27
38 27 26
38 26 25
38 25 24
38 24 0
38 24 23
38 23 22
38 22 1
38 22 21
38 21 20
38 20 19
38 19 2
38 19 18
38 18 14
38 14 13
38 13 12
38 12 7
38 7 5
38 5 3
38 5 4
38 7 6
38 12 11
38 11 9
38 9 8
38 11 10
38 18 17
38 17 15
38 17 16
38 31 30
38 30 29
39 32 31
39 31 30
39 30 0
39 30 29
39 29 28
39 28 27
39 27 1
39 27 26
39 26 11
39 11 10
39 10 2
39 10 9
39 9 6
39 6 5
39 5 3
39 5 4
39 9 8
39 8 7
39 26 25
39 25 24
39 24 22
39 22 21
39 21 12
39 21 20
39 20 19
39 19 18
39 18 15
39 15 13
39 15 14
39 18 17
39 17 16
39 24 23
40 34 5
40 5 0
40 5 4
40 4 2
40 2 1
40 4 3
40 34 33
40 33 32
40 32 29
40 29 28
40 28 12
40 12 10
40 10 7
40 7 6
40 10 9
40 9 8
40 12 11
40 28 27
40 27 24
40 24 21
40 21 19
40 19 17
40 17 15
40 15 13
40 15 14
40 17 16
40 19 18
40 21 20
40 24 23
40 23 22
40 27 26
40 26 25
40 32 31
40 31 30
41 33 32
41 32 29
41 29 27
41 27 26
41 26 25
41 25 8
41 8 0
41 8 7
41 7 4
41 4 1
41 4 3
41 3 2
41 7 6
41 6 5
41 25 24
41 24 22
41 22 21
41 21 20
41 20 16
41 16 9
41 16 15
41 15 11
41 11 10
41 15 14
41 14 13
41 13 12
41 20 19
41 19 18
41 18 17
41 24 23
41 29 28
41 32 31
41 31 30
42 29 2
42 2 0
42 2 1
42 29 28
42 28 27
42 27 26
42 26 3
42 26 25
42 25 6
42 6 4
42 6 5
42 25 24
42 24 21
42 21 19
42 19 17
42 17 16
42 16 11
42 11 10
42 10 9
42 9 7
42 9 8
42 16 15
42 15 13
42 13 12
42 15 14
42 19 18
42 21 20
42 24 23
42 23 22
43 31 28
43 28 0
43 28 27
43 27 25
43 25 1
43 25 24
43 24 23
43 23 6
43 6 4
43 4 2
43 4 3
43 6 5
43 23 22
43 22 21
43 21 7
43 21 20
43 20 18
43 18 8
43 18 17
43 17 9
43 17 16
43 16 12
43 12 10
43 12 11
43 16 15
43 15 14
43 14 13
43 20 19
43 27 26
43 31 30
43 30 29
44 33 32
44 32 26
44 26 1
44 1 0
44 26 25
44 25 2
44 25 24
44 24 23
44 23 5
44 5 4
44 4 3
44 23 22
44 22 10
44 10 9
44 9 7
44 7 6
44 9 8
44 22 21
44 21 20
44 20 19
44 19 17
44 17 16
44 16 12
44 12 11
44 16 15
44 15 14
44 14 13
44 19 18
44 32 31
44 31 28
44 28 27
44 31 30
44 30 29
45 29 28
45 28 1
45 1 0
45 28 27
45 27 26
45 26 24
45 24 23
45 23 20
45 20 10
45 10 9
45 9 7
45 7 6
45 6 5
45 5 4
45 4 3
45 3 2
45 9 8
45 20 19
45 19 11
45 19 18
45 18 12
45 18 17
45 17 16
45 16 14
45 14 13
45 16 15
45 23 22
45 22 21
45 26 25
46 34 33
46 33 6
46 6 5
46 5 1
46 1 0
46 5 4
46 4 3
46 3 2
46 33 32
46 32 7
46 32 31
46 31 29
46 29 28
46 28 27
46 27 10
46 10 8
46 10 9
46 27 26
46 26 25
46 25 21
46 21 13
46 13 11
46 13 12
46 21 20
46 20 14
46 20 19
46 19 18
46 18 17
46 17 15
46 17 16
46 25 24
46 24 23
46 23 22
46 31 30
47 30 8
47 8 4
47 4 0
47 4 3
47 3 1
47 3 2
47 8 7
47 7 5
47 7 6
47 30 29
47 29 9
47 29 28
47 28 27
47 27 24
47 24 11
47 11 10
47 24 23
47 23 12
47 23 22
47 22 20
47 20 19
47 19 14
47 14 13
47 19 18
47 18 16
47 16 15
47 18 17
47 22 21
47 27 26
47 26 25
48 34 26
48 26 25
48 25 1
48 1 0
48 25 24
48 24 3
48 3 2
48 24 23
48 23 16
48 16 5
48 5 4
48 16 15
48 15 13
48 13 12
48 12 9
48 9 6
48 9 8
48 8 7
48 12 11
48 11 10
48 15 14
48 23 22
48 22 21
48 21 19
48 19 17
48 19 18
48 21 20
48 34 33
48 33 31
48 31 30
48 30 28
48 28 27
48 30 29
48 33 32
49 31 30
49 30 23
49 23 21
49 21 20
49 20 19
49 19 16
49 16 2
49 2 0
49 2 1
49 16 15
49 15 14
49 14 13
49 13 11
49 11 5
49 5 4
49 4 3
49 11 10
49 10 6
49 10 9
49 9 7
49 9 8
49 13 12
49 19 18
49 18 17
49 23 22
49 30 29
49 29 27
49 27 26
49 26 24
49 26 25
49 29 28
50 33 16
50 16 14
50 14 9
50 9 8
50 8 0
50 8 7
50 7 1
50 7 6
50 6 4
50 4 2
50 4 3
50 6 5
50 14 13
50 13 12
50 12 11
50 11 10
50 16 15
50 33 32
50 32 30
50 30 29
50 29 28
50 28 22
50 22 21
50 21 17
50 21 20
50 20 18
50 20 19
50 28 27
50 27 26
50 26 23
50 26 25
50 25 24
50 32 31
51 29 28
51 28 27
51 27 25
51 25 0
51 25 24
51 24 23
51 23 2
51 2 1
51 23 22
51 22 21
51 21 19
51 19 3
51 19 18
51 18 16
51 16 15
51 15 5
51 5 4
51 15 14
51 14 11
51 11 10
51 10 6
51 10 9
51 9 7
51 9 8
51 14 13
51 13 12
51 18 17
51 21 20
51 27 26
52 34 33
52 33 32
52 32 30
52 30 3
52 3 0
52 3 2
52 2 1
52 30 29
52 29 21
52 21 4
52 21 20
52 20 18
52 18 17
52 17 16
52 16 15
52 15 14
52 14 13
52 13 10
52 10 7
52 7 6
52 6 5
52 10 9
52 9 8
52 13 12
52 12 11
52 20 19
52 29 28
52 28 26
52 26 23
52 23 22
52 26 25
52 25 24
52 28 27
52 32 31
53 33 0
53 33 32
53 32 4
53 4 3
53 3 1
53 3 2
53 32 31
53 31 29
53 29 28
53 28 27
53 27 26
53 26 25
53 25 24
53 24 9
53 9 8
53 8 7
53 7 6
53 6 5
53 24 23
53 23 22
53 22 21
53 21 15
53 15 14
53 14 12
53 12 11
53 11 10
53 14 13
53 21 20
53 20 19
53 19 17
53 17 16
53 19 18
53 31 30
54 29 28
54 28 27
54 27 5
54 5 2
54 2 1
54 1 0
54 5 4
54 4 3
54 27 26
54 26 7
54 7 6
54 26 25
54 25 10
54 10 9
54 9 8
54 25 24
54 24 22
54 22 15
54 15 14
54 14 13
54 13 12
54 12 11
54 22 21
54 21 20
54 20 16
54 20 19
54 19 17
54 19 18
54 24 23
55 33 32
55 32 31
55 31 30
55 30 0
55 30 29
55 29 11
55 11 7
55 7 6
55 6 5
55 5 1
55 5 4
55 4 3
55 3 2
55 11 10
55 10 8
55 10 9
55 29 28
55 28 26
55 26 25
55 25 24
55 24 14
55 14 13
55 13 12
55 24 23
55 23 15
55 23 22
55 22 20
55 20 16
55 20 19
55 19 18
55 18 17
55 22 21
55 28 27
56 33 31
56 31 2
56 2 1
56 1 0
56 31 30
56 30 29
56 29 3
56 29 28
56 28 20
56 20 10
56 10 4
56 10 9
56 9 8
56 8 5
56 8 7
56 7 6
56 20 19
56 19 18
56 18 14
56 14 13
56 13 12
56 12 11
56 18 17
56 17 16
56 16 15
56 28 27
56 27 26
56 26 25
56 25 24
56 24 22
56 22 21
56 24 23
56 33 32
57 30 26
57 26 25
57 25 24
57 24 0
57 24 23
57 23 20
57 20 19
57 19 5
57 5 3
57 3 1
57 3 2
57 5 4
57 19 18
57 18 6
57 18 17
57 17 7
57 17 16
57 16 15
57 15 14
57 14 13
57 13 12
57 12 9
57 9 8
57 12 11
57 11 10
57 23 22
57 22 21
57 30 29
57 29 27
57 29 28
58 33 26
58 26 23
58 23 9
58 9 8
58 8 1
58 1 0
58 8 7
58 7 2
58 7 6
58 6 5
58 5 4
58 4 3
58 23 22
58 22 20
58 20 19
58 19 12
58 12 11
58 11 10
58 19 18
58 18 15
58 15 14
58 14 13
58 18 17
58 17 16
58 22 21
58 26 25
58 25 24
58 33 32
58 32 31
58 31 27
58 31 30
58 30 29
58 29 28
59 31 30
59 30 28
59 28 0
59 28 27
59 27 3
59 3 2
59 2 1
59 27 26
59 26 24
59 24 23
59 23 4
59 23 22
59 22 20
59 20 5
59 20 19
59 19 17
59 17 16
59 16 15
59 15 10
59 10 8
59 8 6
59 8 7
59 10 9
59 15 14
59 14 11
59 14 13
59 13 12
59 19 18
59 22 21
59 26 25
59 30 29
60 30 28
60 28 27
60 27 11
60 11 2
60 2 0
60 2 1
60 11 10
60 10 4
60 4 3
60 10 9
60 9 5
60 9 8
60 8 7
60 7 6
60 27 26
60 26 25
60 25 24
60 24 12
60 24 23
60 23 22
60 22 21
60 21 17
60 17 16
60 16 15
60 15 13
60 15 14
60 21 20
60 20 19
60 19 18
60 30 29
61 33 32
61 32 31
61 31 30
61 30 15
61 15 13
61 13 12
61 12 11
61 11 0
61 11 10
61 10 6
61 6 5
61 5 4
61 4 1
61 4 3
61 3 2
61 10 9
61 9 8
61 8 7
61 15 14
61 30 29
61 29 27
61 27 26
61 26 16
61 26 25
61 25 21
61 21 18
61 18 17
61 21 20
61 20 19
61 25 24
61 24 23
61 23 22
61 29 28
62 34 33
62 33 1
62 1 0
62 33 32
62 32 2
62 32 31
62 31 30
62 30 7
62 7 6
62 6 5
62 5 4
62 4 3
62 30 29
62 29 14
62 14 13
62 13 8
62 13 12
62 12 11
62 11 9
62 11 10
62 29 28
62 28 16
62 16 15
62 28 27
62 27 18
62 18 17
62 27 26
62 26 25
62 25 23
62 23 22
62 22 21
62 21 19
62 21 20
62 25 24
63 33 30
63 30 28
63 28 27
63 27 26
63 26 25
63 25 24
63 24 23
63 23 22
63 22 20
63 20 19
63 19 14
63 14 13
63 13 12
63 12 10
63 10 9
63 9 4
63 4 3
63 3 2
63 2 1
63 1 0
63 9 8
63 8 5
63 8 7
63 7 6
63 12 11
63 19 18
63 18 17
63 17 16
63 16 15
63 22 21
63 30 29
63 33 32
63 32 31
64 33 32
64 32 31
64 31 2
64 2 0
64 2 1
64 31 30
64 30 29
64 29 6
64 6 4
64 4 3
64 6 5
64 29 28
64 28 27
64 27 26
64 26 24
64 24 13
64 13 12
64 12 10
64 10 9
64 9 8
64 8 7
64 12 11
64 24 23
64 23 15
64 15 14
64 23 22
64 22 16
64 22 21
64 21 20
64 20 19
64 19 17
64 19 18
64 26 25
65 30 28
65 28 0
65 28 27
65 27 26
65 26 25
65 25 24
65 24 16
65 16 3
65 3 2
65 2 1
65 16 15
65 15 14
65 14 5
65 5 4
65 14 13
65 13 12
65 12 11
65 11 10
65 10 9
65 9 7
65 7 6
65 9 8
65 24 23
65 23 21
65 21 20
65 20 19
65 19 18
65 18 17
65 23 22
65 30 29
66 30 26
66 26 6
66 6 5
66 5 2
66 2 0
66 2 1
66 5 4
66 4 3
66 26 25
66 25 24
66 24 7
66 24 23
66 23 22
66 22 17
66 17 15
66 15 11
66 11 10
66 10 8
66 10 9
66 15 14
66 14 13
66 13 12
66 17 16
66 22 21
66 21 20
66 20 18
66 20 19
66 30 29
66 29 28
66 28 27
67 29 1
67 1 0
67 29 28
67 28 27
67 27 25
67 25 18
67 18 17
67 17 16
67 16 15
67 15 13
67 13 12
67 12 10
67 10 3
67 3 2
67 10 9
67 9 6
67 6 4
67 6 5
67 9 8
67 8 7
67 12 11
67 15 14
67 25 24
67 24 22
67 22 21
67 21 19
67 21 20
67 24 23
67 27 26
68 31 14
68 14 13
68 13 0
68 13 12
68 12 2
68 2 1
68 12 11
68 11 10
68 10 8
68 8 6
68 6 3
68 6 5
68 5 4
68 8 7
68 10 9
68 31 30
68 30 17
68 17 16
68 16 15
68 30 29
68 29 18
68 29 28
68 28 27
68 27 26
68 26 25
68 25 24
68 24 23
68 23 22
68 22 19
68 22 21
68 21 20
69 29 28
69 28 26
69 26 21
69 21 19
69 19 13
69 13 3
69 3 2
69 2 0
69 2 1
69 13 12
69 12 11
69 11 6
69 6 4
69 6 5
69 11 10
69 10 8
69 8 7
69 10 9
69 19 18
69 18 14
69 18 17
69 17 15
69 17 16
69 21 20
69 26 25
69 25 24
69 24 22
69 24 23
69 28 27
70 33 18
70 18 0
70 18 17
70 17 16
70 16 9
70 9 3
70 3 1
70 3 2
70 9 8
70 8 7
70 7 6
70 6 5
70 5 4
70 16 15
70 15 14
70 14 13
70 13 10
70 13 12
70 12 11
70 33 32
70 32 19
70 32 31
70 31 30
70 30 28
70 28 27
70 27 26
70 26 25
70 25 21
70 21 20
70 25 24
70 24 22
70 24 23
70 30 29
71 29 3
71 3 1
71 1 0
71 3 2
71 29 28
71 28 26
71 26 9
71 9 4
71 9 8
71 8 6
71 6 5
71 8 7
71 26 25
71 25 24
71 24 11
71 11 10
71 24 23
71 23 16
71 16 15
71 15 14
71 14 13
71 13 12
71 23 22
71 22 21
71 21 20
71 20 18
71 18 17
71 20 19
71 28 27
72 31 30
72 30 29
72 29 28
72 28 27
72 27 22
72 22 3
72 3 0
72 3 2
72 2 1
72 22 21
72 21 20
72 20 7
72 7 5
72 5 4
72 7 6
72 20 19
72 19 8
72 19 18
72 18 17
72 17 15
72 15 13
72 13 12
72 12 9
72 12 11
72 11 10
72 15 14
72 17 16
72 27 26
72 26 25
72 25 24
72 24 23
73 33 32
73 32 27
73 27 26
73 26 23
73 23 13
73 13 5
73 5 3
73 3 2
73 2 1
73 1 0
73 5 4
73 13 12
73 12 9
73 9 6
73 9 8
73 8 7
73 12 11
73 11 10
73 23 22
73 22 18
73 18 17
73 17 16
73 16 14
73 16 15
73 22 21
73 21 19
73 21 20
73 26 25
73 25 24
73 32 31
73 31 30
73 30 29
73 29 28
74 29 3
74 3 2
74 2 0
74 2 1
74 29 28
74 28 18
74 18 4
74 18 17
74 17 16
74 16 15
74 15 5
74 15 14
74 14 12
74 12 9
74 9 7
74 7 6
74 9 8
74 12 11
74 11 10
74 14 13
74 28 27
74 27 26
74 26 19
74 26 25
74 25 24
74 24 21
74 21 20
74 24 23
74 23 22
75 29 28
75 28 26
75 26 0
75 26 25
75 25 24
75 24 12
75 12 2
75 2 1
75 12 11
75 11 4
75 4 3
75 11 10
75 10 8
75 8 5
75 8 7
75 7 6
75 10 9
75 24 23
75 23 21
75 21 20
75 20 19
75 19 18
75 18 16
75 16 15
75 15 14
75 14 13
75 18 17
75 23 22
75 28 27
76 34 33
76 33 20
76 20 3
76 3 0
76 3 2
76 2 1
76 20 19
76 19 18
76 18 17
76 17 13
76 13 12
76 12 11
76 11 4
76 11 10
76 10 8
76 8 7
76 7 6
76 6 5
76 10 9
76 17 16
76 16 14
76 16 15
76 33 32
76 32 31
76 31 30
76 30 21
76 30 29
76 29 27
76 27 26
76 26 24
76 24 22
76 24 23
76 26 25
76 29 28
77 33 0
77 33 32
77 32 31
77 31 29
77 29 1
77 29 28
77 28 2
77 28 27
77 27 26
77 26 5
77 5 3
77 5 4
77 26 25
77 25 6
77 25 24
77 24 15
77 15 14
77 14 7
77 14 13
77 13 12
77 12 11
77 11 10
77 10 9
77 9 8
77 24 23
77 23 22
77 22 16
77 22 21
77 21 17
77 21 20
77 20 19
77 19 18
77 31 30
78 33 31
78 31 27
78 27 1
78 1 0
78 27 26
78 26 25
78 25 18
78 18 2
78 18 17
78 17 16
78 16 12
78 12 11
78 11 10
78 10 9
78 9 7
78 7 6
78 6 4
78 4 3
78 6 5
78 9 8
78 16 15
78 15 13
78 15 14
78 25 24
78 24 19
78 24 23
78 23 22
78 22 21
78 21 20
78 31 30
78 30 29
78 29 28
78 33 32
79 30 28
79 28 27
79 27 26
79 26 25
79 25 24
79 24 23
79 23 22
79 22 0
79 22 21
79 21 18
79 18 8
79 8 2
79 2 1
79 8 7
79 7 6
79 6 3
79 6 5
79 5 4
79 18 17
79 17 16
79 16 15
79 15 14
79 14 13
79 13 12
79 12 11
79 11 10
79 10 9
79 21 20
79 20 19
79 30 29
80 31 30
80 30 15
80 15 14
80 14 13
80 13 0
80 13 12
80 12 11
80 11 9
80 9 3
80 3 1
80 3 2
80 9 8
80 8 5
80 5 4
80 8 7
80 7 6
80 11 10
80 30 29
80 29 28
80 28 27
80 27 21
80 21 17
80 17 16
80 21 20
80 20 19
80 19 18
80 27 26
80 26 22
80 26 25
80 25 24
80 24 23
81 34 33
81 33 32
81 32 27
81 27 8
81 8 7
81 7 6
81 6 5
81 5 0
81 5 4
81 4 3
81 3 2
81 2 1
81 27 26
81 26 9
81 26 25
81 25 20
81 20 12
81 12 11
81 11 10
81 20 19
81 19 18
81 18 17
81 17 14
81 14 13
81 17 16
81 16 15
81 25 24
81 24 23
81 23 22
81 22 21
81 32 31
81 31 30
81 30 29
81 29 28
82 31 28
82 28 26
82 26 0
82 26 25
82 25 24
82 24 19
82 19 1
82 19 18
82 18 17
82 17 7
82 7 5
82 5 3
82 3 2
82 5 4
82 7 6
82 17 16
82 16 10
82 10 8
82 10 9
82 16 15
82 15 12
82 12 11
82 15 14
82 14 13
82 24 23
82 23 22
82 22 21
82 21 20
82 28 27
82 31 30
82 30 29
83 31 30
83 30 0
83 30 29
83 29 9
83 9 8
83 8 7
83 7 6
83 6 5
83 5 4
83 4 2
83 2 1
83 4 3
83 29 28
83 28 26
83 26 24
83 24 13
83 13 12
83 12 10
83 12 11
83 24 23
83 23 20
83 20 19
83 19 17
83 17 15
83 15 14
83 17 16
83 19 18
83 23 22
83 22 21
83 26 25
83 28 27
84 29 3
84 3 0
84 3 2
84 2 1
84 29 28
84 28 27
84 27 26
84 26 24
84 24 22
84 22 21
84 21 20
84 20 17
84 17 16
84 16 15
84 15 11
84 11 8
84 8 7
84 7 6
84 6 5
84 5 4
84 11 10
84 10 9
84 15 14
84 14 12
84 14 13
84 20 19
84 19 18
84 24 23
84 26 25
85 32 31
85 31 27
85 27 7
85 7 3
85 3 0
85 3 2
85 2 1
85 7 6
85 6 4
85 6 5
85 27 26
85 26 19
85 19 15
85 15 8
85 15 14
85 14 9
85 14 13
85 13 11
85 11 10
85 13 12
85 19 18
85 18 17
85 17 16
85 26 25
85 25 24
85 24 21
85 21 20
85 24 23
85 23 22
85 31 30
85 30 28
85 30 29
86 32 29
86 29 22
86 22 21
86 21 2
86 2 1
86 1 0
86 21 20
86 20 19
86 19 17
86 17 14
86 14 13
86 13 8
86 8 7
86 7 5
86 5 4
86 4 3
86 7 6
86 13 12
86 12 9
86 12 11
86 11 10
86 17 16
86 16 15
86 19 18
86 29 28
86 28 27
86 27 23
86 27 26
86 26 24
86 26 25
86 32 31
86 31 30
87 29 27
87 27 26
87 26 25
87 25 19
87 19 18
87 18 16
87 16 2
87 2 0
87 2 1
87 16 15
87 15 13
87 13 12
87 12 10
87 10 4
87 4 3
87 10 9
87 9 8
87 8 5
87 8 7
87 7 6
87 12 11
87 15 14
87 18 17
87 25 24
87 24 22
87 22 20
87 22 21
87 24 23
87 29 28
88 32 31
88 31 30
88 30 29
88 29 28
88 28 27
88 27 1
88 1 0
88 27 26
88 26 3
88 3 2
88 26 25
88 25 24
88 24 23
88 23 4
88 23 22
88 22 21
88 21 18
88 18 17
88 17 16
88 16 15
88 15 6
88 6 5
88 15 14
88 14 11
88 11 10
88 10 9
88 9 7
88 9 8
88 14 13
88 13 12
88 21 20
88 20 19
89 31 0
89 31 30
89 30 27
89 27 13
89 13 12
89 12 11
89 11 10
89 10 4
89 4 3
89 3 2
89 2 1
89 10 9
89 9 7
89 7 6
89 6 5
89 9 8
89 27 26
89 26 19
89 19 18
89 18 15
89 15 14
89 18 17
89 17 16
89 26 25
89 25 21
89 21 20
89 25 24
89 24 23
89 23 22
89 30 29
89 29 28
90 33 1
90 1 0
90 33 32
90 32 31
90 31 29
90 29 9
90 9 5
90 5 2
90 5 4
90 4 3
90 9 8
90 8 6
90 8 7
90 29 28
90 28 26
90 26 25
90 25 24
90 24 14
90 14 10
90 14 13
90 13 12
90 12 11
90 24 23
90 23 22
90 22 19
90 19 15
90 19 18
90 18 16
90 18 17
90 22 21
90 21 20
90 28 27
90 31 30
91 32 30
91 30 0
91 30 29
91 29 27
91 27 20
91 20 19
91 19 18
91 18 2
91 2 1
91 18 17
91 17 16
91 16 11
91 11 10
91 10 8
91 8 7
91 7 6
91 6 3
91 6 5
91 5 4
91 10 9
91 16 15
91 15 14
91 14 12
91 14 13
91 27 26
91 26 24
91 24 21
91 24 23
91 23 22
91 26 25
91 29 28
91 32 31
92 33 32
92 32 31
92 31 18
92 18 0
92 18 17
92 17 2
92 2 1
92 17 16
92 16 15
92 15 13
92 13 12
92 12 9
92 9 3
92 9 8
92 8 7
92 7 5
92 5 4
92 7 6
92 12 11
92 11 10
92 15 14
92 31 30
92 30 24
92 24 19
92 24 23
92 23 22
92 22 21
92 21 20
92 30 29
92 29 27
92 27 26
92 26 25
92 29 28
93 30 26
93 26 0
93 26 25
93 25 11
93 11 9
93 9 8
93 8 6
93 6 1
93 6 5
93 5 4
93 4 2
93 4 3
93 8 7
93 11 10
93 25 24
93 24 20
93 20 19
93 19 17
93 17 16
93 16 15
93 15 12
93 15 14
93 14 13
93 19 18
93 24 23
93 23 21
93 23 22
93 30 29
93 29 28
93 28 27
94 34 0
94 34 33
94 33 3
94 3 2
94 2 1
94 33 32
94 32 28
94 28 27
94 27 26
94 26 25
94 25 24
94 24 23
94 23 22
94 22 8
94 8 6
94 6 5
94 5 4
94 8 7
94 22 21
94 21 9
94 21 20
94 20 17
94 17 15
94 15 14
94 14 13
94 13 11
94 11 10
94 13 12
94 17 16
94 20 19
94 19 18
94 32 31
94 31 30
94 30 29
95 34 33
95 33 32
95 32 31
95 31 29
95 29 28
95 28 7
95 7 2
95 2 0
95 2 1
95 7 6
95 6 5
95 5 3
95 5 4
95 28 27
95 27 14
95 14 13
95 13 8
95 13 12
95 12 10
95 10 9
95 12 11
95 27 26
95 26 25
95 25 24
95 24 22
95 22 21
95 21 20
95 20 16
95 16 15
95 20 19
95 19 17
95 19 18
95 24 23
95 31 30
96 30 29
96 29 0
96 29 28
96 28 22
96 22 11
96 11 10
96 10 9
96 9 4
96 4 1
96 4 3
96 3 2
96 9 8
96 8 6
96 6 5
96 8 7
96 22 21
96 21 14
96 14 13
96 13 12
96 21 20
96 20 16
96 16 15
96 20 19
96 19 18
96 18 17
96 28 27
96 27 25
96 25 24
96 24 23
96 27 26
97 29 0
97 29 28
97 28 27
97 27 26
97 26 24
97 24 23
97 23 4
97 4 3
97 3 2
97 2 1
97 23 22
97 22 19
97 19 18
97 18 17
97 17 16
97 16 13
97 13 9
97 9 5
97 9 8
97 8 7
97 7 6
97 13 12
97 12 10
97 12 11
97 16 15
97 15 14
97 22 21
97 21 20
97 26 25
98 34 24
98 24 2
98 2 1
98 1 0
98 24 23
98 23 22
98 22 18
98 18 4
98 4 3
98 18 17
98 17 16
98 16 15
98 15 14
98 14 13
98 13 12
98 12 9
98 9 8
98 8 6
98 6 5
98 8 7
98 12 11
98 11 10
98 22 21
98 21 19
98 21 20
98 34 33
98 33 25
98 33 32
98 32 30
98 30 29
98 29 28
98 28 27
98 27 26
98 32 31
99 32 29
99 29 14
99 14 13
99 13 9
99 9 8
99 8 1
99 1 0
99 8 7
99 7 6
99 6 5
99 5 4
99 4 2
99 4 3
99 13 12
99 12 10
99 12 11
99 29 28
99 28 26
99 26 25
99 25 15
99 25 24
99 24 23
99 23 18
99 18 17
99 17 16
99 23 22
99 22 20
99 20 19
99 22 21
99 28 27
99 32 31
99 31 30
100 30 25
100 25 23
100 23 1
100 1 0
100 23 22
100 22 3
100 3 2
100 22 21
100 21 18
100 18 4
100 18 17
100 17 11
100 11 10
100 10 9
100 9 5
100 9 8
100 8 7
100 7 6
100 17 16
100 16 14
100 14 12
100 14 13
100 16 15
100 21 20
100 20 19
100 25 24
100 30 29
100 29 28
100 28 27
100 27 26
101 33 0
101 33 32
101 32 11
101 11 5
101 5 4
101 4 3
101 3 1
101 3 2
101 11 10
101 10 6
101 10 9
101 9 8
101 8 7
101 32 31
101 31 25
101 25 24
101 24 17
101 17 14
101 14 12
101 14 13
101 17 16
101 16 15
101 24 23
101 23 22
101 22 18
101 22 21
101 21 20
101 20 19
101 31 30
101 30 28
101 28 26
101 28 27
101 30 29
