1 30 29
1 29 28
1 28 26
1 26 25
1 25 24
1 24 23
1 23 20
1 20 1
1 1 0
1 20 19
1 19 7
1 7 2
1 7 6
1 6 5
1 5 4
1 4 3
1 19 18
1 18 17
1 17 16
1 16 10
1 10 8
1 10 9
1 16 15
1 15 14
1 14 11
1 14 13
1 13 12
1 23 22
1 22 21
1 28 27
2 29 25
2 25 18
2 18 0
2 18 17
2 17 11
2 11 10
2 10 5
2 5 3
2 3 1
2 3 2
2 5 4
2 10 9
2 9 6
2 9 8
2 8 7
2 17 16
2 16 15
2 15 12
2 15 14
2 14 13
2 25 24
2 24 22
2 22 21
2 21 20
2 20 19
2 24 23
2 29 28
2 28 26
2 28 27
3 31 0
3 31 30
3 30 29
3 29 1
3 29 28
3 28 20
3 20 8
3 8 7
3 7 3
3 3 2
3 7 6
3 6 5
3 5 4
3 20 19
3 19 18
3 18 17
3 17 9
3 17 16
3 16 12
3 12 11
3 11 10
3 16 15
3 15 13
3 15 14
3 28 27
3 27 23
3 23 22
3 22 21
3 27 26
3 26 24
3 26 25
4 30 24
4 24 23
4 23 22
4 22 0
4 22 21
4 21 12
4 12 11
4 11 7
4 7 3
4 3 1
4 3 2
4 7 6
4 6 4
4 6 5
4 11 10
4 10 9
4 9 8
4 21 20
4 20 16
4 16 15
4 15 13
4 15 14
4 20 19
4 19 18
4 18 17
4 30 29
4 29 26
4 26 25
4 29 28
4 28 27
5 32 30
5 30 0
5 30 29
5 29 27
5 27 24
5 24 2
5 2 1
5 24 23
5 23 4
5 4 3
5 23 22
5 22 21
5 21 20
5 20 15
5 15 8
5 8 5
5 8 7
5 7 6
5 15 14
5 14 9
5 14 13
5 13 12
5 12 10
5 12 11
5 20 19
5 19 18
5 18 16
5 18 17
5 27 26
5 26 25
5 29 28
5 32 31
6 30 23
6 23 2
6 2 1
6 1 0
6 23 22
6 22 20
6 20 18
6 18 16
6 16 9
6 9 7
6 7 3
6 7 6
6 6 4
6 6 5
6 9 8
6 16 15
6 15 13
6 13 10
6 13 12
6 12 11
6 15 14
6 18 17
6 20 19
6 22 21
6 30 29
6 29 28
6 28 26
6 26 25
6 25 24
6 28 27
7 33 5
7 5 2
7 2 0
7 2 1
7 5 4
7 4 3
7 33 32
7 32 26
7 26 23
7 23 6
7 23 22
7 22 14
7 14 9
7 9 8
7 8 7
7 14 13
7 13 12
7 12 11
7 11 10
7 22 21
7 21 19
7 19 15
7 19 18
7 18 17
7 17 16
7 21 20
7 26 25
7 25 24
7 32 31
7 31 29
7 29 28
7 28 27
7 31 30
8 30 29
8 29 24
8 24 15
8 15 0
8 15 14
8 14 1
8 14 13
8 13 12
8 12 4
8 4 3
8 3 2
8 12 11
8 11 5
8 11 10
8 10 9
8 9 6
8 9 8
8 8 7
8 24 23
8 23 21
8 21 20
8 20 16
8 20 19
8 19 18
8 18 17
8 23 22
8 29 28
8 28 27
8 27 25
8 27 26
9 29 25
9 25 24
9 24 21
9 21 19
9 19 8
9 8 3
9 3 1
9 1 0
9 3 2
9 8 7
9 7 6
9 6 4
9 6 5
9 19 18
9 18 16
9 16 14
9 14 10
9 10 9
9 14 13
9 13 12
9 12 11
9 16 15
9 18 17
9 21 20
9 24 23
9 23 22
9 29 28
9 28 26
9 28 27
10 31 7
10 7 1
10 1 0
10 7 6
10 6 5
10 5 4
10 4 3
10 3 2
10 31 30
10 30 8
10 30 29
10 29 16
10 16 14
10 14 13
10 13 12
10 12 11
10 11 10
10 10 9
10 16 15
10 29 28
10 28 18
10 18 17
10 28 27
10 27 26
10 26 20
10 20 19
10 26 25
10 25 21
10 25 24
10 24 23
10 23 22
11 33 32
11 32 22
11 22 5
11 5 1
11 1 0
11 5 4
11 4 3
11 3 2
11 22 21
11 21 6
11 21 20
11 20 7
11 20 19
11 19 17
11 17 16
11 16 15
11 15 13
11 13 12
11 12 10
11 10 9
11 9 8
11 12 11
11 15 14
11 19 18
11 32 31
11 31 27
11 27 25
11 25 23
11 25 24
11 27 26
11 31 30
11 30 28
11 30 29
12 30 29
12 29 28
12 28 27
12 27 0
12 27 26
12 26 25
12 25 15
12 15 3
12 3 1
12 3 2
12 15 14
12 14 10
12 10 4
12 10 9
12 9 7
12 7 6
12 6 5
12 9 8
12 14 13
12 13 12
12 12 11
12 25 24
12 24 16
12 24 23
12 23 17
12 23 22
12 22 19
12 19 18
12 22 21
12 21 20
13 33 32
13 32 31
13 31 29
13 29 25
13 25 1
13 1 0
13 25 24
13 24 23
13 23 8
13 8 4
13 4 2
13 4 3
13 8 7
13 7 6
13 6 5
13 23 22
13 22 12
13 12 11
13 11 10
13 10 9
13 22 21
13 21 14
13 14 13
13 21 20
13 20 19
13 19 17
13 17 15
13 17 16
13 19 18
13 29 28
13 28 27
13 27 26
13 31 30
14 30 1
14 1 0
14 30 29
14 29 2
14 29 28
14 28 10
14 10 9
14 9 3
14 9 8
14 8 7
14 7 6
14 6 4
14 6 5
14 28 27
14 27 26
14 26 23
14 23 11
14 23 22
14 22 21
14 21 17
14 17 13
14 13 12
14 17 16
14 16 15
14 15 14
14 21 20
14 20 19
14 19 18
14 26 25
14 25 24
15 34 26
15 26 25
15 25 21
15 21 20
15 20 15
15 15 14
15 14 13
15 13 1
15 1 0
15 13 12
15 12 7
15 7 6
15 6 4
15 4 2
15 4 3
15 6 5
15 12 11
15 11 10
15 10 9
15 9 8
15 20 19
15 19 18
15 18 16
15 18 17
15 25 24
15 24 22
15 24 23
15 34 33
15 33 32
15 32 30
15 30 29
15 29 27
15 29 28
15 32 31
16 31 22
16 22 10
16 10 8
16 8 1
16 1 0
16 8 7
16 7 4
16 4 3
16 3 2
16 7 6
16 6 5
16 10 9
16 22 21
16 21 13
16 13 11
16 13 12
16 21 20
16 20 19
16 19 18
16 18 14
16 18 17
16 17 15
16 17 16
16 31 30
16 30 24
16 24 23
16 30 29
16 29 28
16 28 27
16 27 25
16 27 26
17 30 29
17 29 28
17 28 18
17 18 12
17 12 11
17 11 10
17 10 9
17 9 8
17 8 7
17 7 1
17 1 0
17 7 6
17 6 5
17 5 4
17 4 3
17 3 2
17 18 17
17 17 16
17 16 15
17 15 13
17 15 14
17 28 27
17 27 26
17 26 25
17 25 20
17 20 19
17 25 24
17 24 22
17 22 21
17 24 23
18 34 4
18 4 3
18 3 0
18 3 2
18 2 1
18 34 33
18 33 25
18 25 24
18 24 23
18 23 9
18 9 8
18 8 7
18 7 6
18 6 5
18 23 22
18 22 21
18 21 20
18 20 15
18 15 13
18 13 10
18 13 12
18 12 11
18 15 14
18 20 19
18 19 16
18 19 18
18 18 17
18 33 32
18 32 31
18 31 30
18 30 27
18 27 26
18 30 29
18 29 28
19 32 31
19 31 30
19 30 29
19 29 2
19 2 1
19 1 0
19 29 28
19 28 27
19 27 26
19 26 19
19 19 18
19 18 15
19 15 14
19 14 12
19 12 8
19 8 7
19 7 5
19 5 4
19 4 3
19 7 6
19 12 11
19 11 9
19 11 10
19 14 13
19 18 17
19 17 16
19 26 25
19 25 24
19 24 23
19 23 20
19 23 22
19 22 21
20 30 27
20 27 1
20 1 0
20 27 26
20 26 25
20 25 23
20 23 18
20 18 17
20 17 8
20 8 7
20 7 2
20 7 6
20 6 3
20 6 5
20 5 4
20 17 16
20 16 13
20 13 12
20 12 9
20 12 11
20 11 10
20 16 15
20 15 14
20 23 22
20 22 21
20 21 19
20 21 20
20 25 24
20 30 29
20 29 28
21 29 28
21 28 27
21 27 10
21 10 7
21 7 1
21 1 0
21 7 6
21 6 4
21 4 3
21 3 2
21 6 5
21 10 9
21 9 8
21 27 26
21 26 24
21 24 23
21 23 22
21 22 20
21 20 19
21 19 15
21 15 11
21 15 14
21 14 12
21 14 13
21 19 18
21 18 16
21 18 17
21 22 21
21 26 25
22 29 4
22 4 2
22 2 0
22 2 1
22 4 3
22 29 28
22 28 11
22 11 9
22 9 6
22 6 5
22 9 8
22 8 7
22 11 10
22 28 27
22 27 17
22 17 16
22 16 14
22 14 13
22 13 12
22 16 15
22 27 26
22 26 18
22 26 25
22 25 24
22 24 23
22 23 22
22 22 20
22 20 19
22 22 21
23 34 31
23 31 26
23 26 0
23 26 25
23 25 24
23 24 23
23 23 14
23 14 6
23 6 4
23 4 1
23 4 3
23 3 2
23 6 5
23 14 13
23 13 12
23 12 11
23 11 10
23 10 9
23 9 7
23 9 8
23 23 22
23 22 20
23 20 15
23 20 19
23 19 18
23 18 16
23 18 17
23 22 21
23 31 30
23 30 29
23 29 28
23 28 27
23 34 33
23 33 32
24 29 27
24 27 26
24 26 25
24 25 0
24 25 24
24 24 23
24 23 22
24 22 18
24 18 17
24 17 16
24 16 15
24 15 1
24 15 14
24 14 13
24 13 4
24 4 2
24 4 3
24 13 12
24 12 11
24 11 5
24 11 10
24 10 8
24 8 6
24 8 7
24 10 9
24 22 21
24 21 20
24 20 19
24 29 28
25 30 29
25 29 3
25 3 2
25 2 1
25 1 0
25 29 28
25 28 27
25 27 8
25 8 5
25 5 4
25 8 7
25 7 6
25 27 26
25 26 9
25 26 25
25 25 24
25 24 11
25 11 10
25 24 23
25 23 21
25 21 20
25 20 14
25 14 13
25 13 12
25 20 19
25 19 15
25 19 18
25 18 16
25 18 17
25 23 22
26 34 0
26 34 33
26 33 15
26 15 13
26 13 12
26 12 9
26 9 8
26 8 6
26 6 5
26 5 1
26 5 4
26 4 3
26 3 2
26 8 7
26 12 11
26 11 10
26 15 14
26 33 32
26 32 16
26 32 31
26 31 24
26 24 17
26 24 23
26 23 22
26 22 18
26 22 21
26 21 20
26 20 19
26 31 30
26 30 28
26 28 27
26 27 26
26 26 25
26 30 29
27 29 20
27 20 17
27 17 16
27 16 3
27 3 2
27 2 0
27 2 1
27 16 15
27 15 13
27 13 4
27 13 12
27 12 11
27 11 5
27 11 10
27 10 6
27 10 9
27 9 8
27 8 7
27 15 14
27 20 19
27 19 18
27 29 28
27 28 21
27 28 27
27 27 23
27 23 22
27 27 26
27 26 24
27 26 25
28 29 28
28 28 27
28 27 21
28 21 20
28 20 19
28 19 17
28 17 16
28 16 15
28 15 14
28 14 13
28 13 12
28 12 6
28 6 5
28 5 4
28 4 3
28 3 2
28 2 1
28 1 0
28 12 11
28 11 10
28 10 8
28 8 7
28 10 9
28 19 18
28 27 26
28 26 23
28 23 22
28 26 25
28 25 24
29 34 28
29 28 27
29 27 0
29 27 26
29 26 1
29 26 25
29 25 18
29 18 17
29 17 16
29 16 14
29 14 13
29 13 12
29 12 7
29 7 4
29 4 3
29 3 2
29 7 6
29 6 5
29 12 11
29 11 10
29 10 8
29 10 9
29 16 15
29 25 24
29 24 22
29 22 20
29 20 19
29 22 21
29 24 23
29 34 33
29 33 31
29 31 29
29 31 30
29 33 32
30 33 32
30 32 1
30 1 0
30 32 31
30 31 30
30 30 5
30 5 4
30 4 3
30 3 2
30 30 29
30 29 28
30 28 7
30 7 6
30 28 27
30 27 8
30 27 26
30 26 25
30 25 9
30 25 24
30 24 23
30 23 21
30 21 16
30 16 14
30 14 13
30 13 12
30 12 10
30 12 11
30 16 15
30 21 20
30 20 19
30 19 17
30 19 18
30 23 22
31 31 0
31 31 30
31 30 1
31 30 29
31 29 28
31 28 27
31 27 13
31 13 2
31 13 12
31 12 11
31 11 3
31 11 10
31 10 9
31 9 6
31 6 5
31 5 4
31 9 8
31 8 7
31 27 26
31 26 25
31 25 24
31 24 23
31 23 22
31 22 20
31 20 19
31 19 15
31 15 14
31 19 18
31 18 16
31 18 17
31 22 21
32 30 29
32 29 27
32 27 26
32 26 24
32 24 0
32 24 23
32 23 3
32 3 1
32 3 2
32 23 22
32 22 10
32 10 5
32 5 4
32 10 9
32 9 6
32 9 8
32 8 7
32 22 21
32 21 19
32 19 18
32 18 17
32 17 14
32 14 13
32 13 12
32 12 11
32 17 16
32 16 15
32 21 20
32 26 25
32 29 28
33 31 24
33 24 23
33 23 22
33 22 8
33 8 4
33 4 3
33 3 2
33 2 1
33 1 0
33 8 7
33 7 6
33 6 5
33 22 21
33 21 10
33 10 9
33 21 20
33 20 15
33 15 13
33 13 12
33 12 11
33 15 14
33 20 19
33 19 18
33 18 16
33 18 17
33 31 30
33 30 27
33 27 25
33 27 26
33 30 29
33 29 28
34 34 30
34 30 29
34 29 24
34 24 3
34 3 2
34 2 0
34 2 1
34 24 23
34 23 8
34 8 6
34 6 5
34 5 4
34 8 7
34 23 22
34 22 11
34 11 9
34 11 10
34 22 21
34 21 20
34 20 19
34 19 14
34 14 13
34 13 12
34 19 18
34 18 17
34 17 15
34 17 16
34 29 28
34 28 26
34 26 25
34 28 27
34 34 33
34 33 32
34 32 31
35 34 33
35 33 32
35 32 29
35 29 28
35 28 5
35 5 2
35 2 1
35 1 0
35 5 4
35 4 3
35 28 27
35 27 26
35 26 23
35 23 20
35 20 19
35 19 18
35 18 13
35 13 12
35 12 10
35 10 8
35 8 6
35 8 7
35 10 9
35 12 11
35 18 17
35 17 16
35 16 15
35 15 14
35 23 22
35 22 21
35 26 25
35 25 24
35 32 31
35 31 30
36 31 20
36 20 18
36 18 17
36 17 0
36 17 16
36 16 14
36 14 13
36 13 12
36 12 10
36 10 1
36 10 9
36 9 7
36 7 2
36 7 6
36 6 5
36 5 4
36 4 3
36 9 8
36 12 11
36 16 15
36 20 19
36 31 30
36 30 26
36 26 25
36 25 24
36 24 21
36 24 23
36 23 22
36 30 29
36 29 27
36 29 28
37 32 3
37 3 1
37 1 0
37 3 2
37 32 31
37 31 30
37 30 21
37 21 19
37 19 17
37 17 16
37 16 14
37 14 12
37 12 11
37 11 7
37 7 5
37 5 4
37 7 6
37 11 10
37 10 8
37 10 9
37 14 13
37 16 15
37 19 18
37 21 20
37 30 29
37 29 27
37 27 26
37 26 22
37 26 25
37 25 23
37 25 24
37 29 28
38 29 28
38 28 27
38 27 4
38 4 2
38 2 0
38 2 1
38 4 3
38 27 26
38 26 25
38 25 24
38 24 21
38 21 13
38 13 12
38 12 5
38 12 11
38 11 10
38 10 6
38 10 9
38 9 7
38 9 8
38 21 20
38 20 18
38 18 17
38 17 16
38 16 15
38 15 14
38 20 19
38 24 23
38 23 22
39 30 28
39 28 27
39 27 26
39 26 0
39 26 25
39 25 6
39 6 5
39 5 1
39 5 4
39 4 2
39 4 3
39 25 24
39 24 10
39 10 8
39 8 7
39 10 9
39 24 23
39 23 22
39 22 21
39 21 14
39 14 13
39 13 11
39 13 12
39 21 20
39 20 18
39 18 17
39 17 16
39 16 15
39 20 19
39 30 29
40 34 2
40 2 1
40 1 0
40 34 33
40 33 3
40 33 32
40 32 4
40 32 31
40 31 11
40 11 9
40 9 8
40 8 6
40 6 5
40 8 7
40 11 10
40 31 30
40 30 26
40 26 21
40 21 20
40 20 18
40 18 17
40 17 15
40 15 14
40 14 13
40 13 12
40 17 16
40 20 19
40 26 25
40 25 24
40 24 23
40 23 22
40 30 29
40 29 27
40 29 28
41 30 14
41 14 13
41 13 12
41 12 11
41 11 10
41 10 8
41 8 6
41 6 5
41 5 4
41 4 2
41 2 0
41 2 1
41 4 3
41 8 7
41 10 9
41 30 29
41 29 28
41 28 27
41 27 15
41 27 26
41 26 20
41 20 19
41 19 18
41 18 16
41 18 17
41 26 25
41 25 24
41 24 22
41 22 21
41 24 23
42 33 0
42 33 32
42 32 30
42 30 29
42 29 28
42 28 16
42 16 1
42 16 15
42 15 14
42 14 13
42 13 12
42 12 11
42 11 2
42 11 10
42 10 8
42 8 6
42 6 5
42 5 4
42 4 3
42 8 7
42 10 9
42 28 27
42 27 17
42 27 26
42 26 18
42 26 25
42 25 23
42 23 21
42 21 19
42 21 20
42 23 22
42 25 24
42 32 31
43 30 2
43 2 1
43 1 0
43 30 29
43 29 28
43 28 27
43 27 26
43 26 15
43 15 11
43 11 9
43 9 6
43 6 4
43 4 3
43 6 5
43 9 8
43 8 7
43 11 10
43 15 14
43 14 13
43 13 12
43 26 25
43 25 23
43 23 21
43 21 18
43 18 16
43 18 17
43 21 20
43 20 19
43 23 22
43 25 24
44 29 23
44 23 22
44 22 21
44 21 0
44 21 20
44 20 19
44 19 17
44 17 6
44 6 5
44 5 3
44 3 1
44 3 2
44 5 4
44 17 16
44 16 7
44 16 15
44 15 13
44 13 11
44 11 10
44 10 8
44 10 9
44 13 12
44 15 14
44 19 18
44 29 28
44 28 27
44 27 26
44 26 24
44 26 25
45 32 31
45 31 30
45 30 18
45 18 0
45 18 17
45 17 13
45 13 12
45 12 11
45 11 10
45 10 9
45 9 4
45 4 3
45 3 1
45 3 2
45 9 8
45 8 7
45 7 6
45 6 5
45 17 16
45 16 14
45 16 15
45 30 29
45 29 19
45 29 28
45 28 20
45 28 27
45 27 26
45 26 25
45 25 24
45 24 23
45 23 21
45 23 22
46 34 33
46 33 32
46 32 21
46 21 19
46 19 18
46 18 17
46 17 1
46 1 0
46 17 16
46 16 15
46 15 14
46 14 9
46 9 7
46 7 6
46 6 3
46 3 2
46 6 5
46 5 4
46 9 8
46 14 13
46 13 12
46 12 11
46 11 10
46 21 20
46 32 31
46 31 25
46 25 24
46 24 22
46 24 23
46 31 30
46 30 29
46 29 28
46 28 27
46 27 26
47 30 1
47 1 0
47 30 29
47 29 24
47 24 23
47 23 22
47 22 20
47 20 18
47 18 17
47 17 7
47 7 6
47 6 2
47 6 5
47 5 4
47 4 3
47 17 16
47 16 14
47 14 13
47 13 12
47 12 11
47 11 9
47 9 8
47 11 10
47 16 15
47 20 19
47 22 21
47 29 28
47 28 25
47 28 27
47 27 26
48 32 0
48 32 31
48 31 30
48 30 29
48 29 28
48 28 6
48 6 4
48 4 1
48 4 3
48 3 2
48 6 5
48 28 27
48 27 11
48 11 8
48 8 7
48 11 10
48 10 9
48 27 26
48 26 15
48 15 14
48 14 13
48 13 12
48 26 25
48 25 23
48 23 18
48 18 17
48 17 16
48 23 22
48 22 21
48 21 19
48 21 20
48 25 24
49 33 32
49 32 7
49 7 5
49 5 4
49 4 0
49 4 3
49 3 2
49 2 1
49 7 6
49 32 31
49 31 8
49 31 30
49 30 13
49 13 10
49 10 9
49 13 12
49 12 11
49 30 29
49 29 24
49 24 23
49 23 14
49 23 22
49 22 21
49 21 20
49 20 18
49 18 17
49 17 16
49 16 15
49 20 19
49 29 28
49 28 25
49 28 27
49 27 26
50 29 1
50 1 0
50 29 28
50 28 27
50 27 25
50 25 24
50 24 23
50 23 21
50 21 19
50 19 18
50 18 16
50 16 2
50 16 15
50 15 14
50 14 3
50 14 13
50 13 4
50 13 12
50 12 11
50 11 7
50 7 6
50 6 5
50 11 10
50 10 9
50 9 8
50 18 17
50 21 20
50 23 22
50 27 26
51 34 20
51 20 18
51 18 0
51 18 17
51 17 1
51 17 16
51 16 15
51 15 5
51 5 4
51 4 2
51 4 3
51 15 14
51 14 11
51 11 10
51 10 6
51 10 9
51 9 7
51 9 8
51 14 13
51 13 12
51 20 19
51 34 33
51 33 32
51 32 23
51 23 21
51 23 22
51 32 31
51 31 24
51 31 30
51 30 28
51 28 27
51 27 25
51 27 26
51 30 29
52 30 0
52 30 29
52 29 27
52 27 26
52 26 3
52 3 1
52 3 2
52 26 25
52 25 5
52 5 4
52 25 24
52 24 23
52 23 20
52 20 19
52 19 18
52 18 14
52 14 13
52 13 12
52 12 11
52 11 10
52 10 9
52 9 8
52 8 6
52 8 7
52 18 17
52 17 16
52 16 15
52 23 22
52 22 21
52 29 28
53 29 28
53 28 27
53 27 26
53 26 23
53 23 22
53 22 21
53 21 5
53 5 2
53 2 0
53 2 1
53 5 4
53 4 3
53 21 20
53 20 12
53 12 11
53 11 6
53 11 10
53 10 7
53 10 9
53 9 8
53 20 19
53 19 16
53 16 14
53 14 13
53 16 15
53 19 18
53 18 17
53 26 25
53 25 24
54 31 25
54 25 9
54 9 5
54 5 3
54 3 1
54 1 0
54 3 2
54 5 4
54 9 8
54 8 6
54 8 7
54 25 24
54 24 21
54 21 20
54 20 15
54 15 12
54 12 10
54 12 11
54 15 14
54 14 13
54 20 19
54 19 16
54 19 18
54 18 17
54 24 23
54 23 22
54 31 30
54 30 27
54 27 26
54 30 29
54 29 28
55 30 22
55 22 0
55 22 21
55 21 20
55 20 18
55 18 13
55 13 2
55 2 1
55 13 12
55 12 11
55 11 6
55 6 3
55 6 5
55 5 4
55 11 10
55 10 9
55 9 8
55 8 7
55 18 17
55 17 15
55 15 14
55 17 16
55 20 19
55 30 29
55 29 23
55 29 28
55 28 26
55 26 25
55 25 24
55 28 27
56 33 32
56 32 27
56 27 8
56 8 6
56 6 5
56 5 4
56 4 3
56 3 0
56 3 2
56 2 1
56 8 7
56 27 26
56 26 9
56 26 25
56 25 20
56 20 18
56 18 17
56 17 15
56 15 14
56 14 13
56 13 12
56 12 11
56 11 10
56 17 16
56 20 19
56 25 24
56 24 22
56 22 21
56 24 23
56 32 31
56 31 30
56 30 29
56 29 28
57 31 29
57 29 22
57 22 0
57 22 21
57 21 20
57 20 1
57 20 19
57 19 2
57 19 18
57 18 3
57 18 17
57 17 5
57 5 4
57 17 16
57 16 6
57 16 15
57 15 14
57 14 8
57 8 7
57 14 13
57 13 12
57 12 9
57 12 11
57 11 10
57 29 28
57 28 27
57 27 26
57 26 25
57 25 23
57 25 24
57 31 30
58 33 24
58 24 16
58 16 14
58 14 8
58 8 0
58 8 7
58 7 6
58 6 2
58 2 1
58 6 5
58 5 3
58 5 4
58 14 13
58 13 11
58 11 10
58 10 9
58 13 12
58 16 15
58 24 23
58 23 21
58 21 17
58 21 20
58 20 18
58 20 19
58 23 22
58 33 32
58 32 28
58 28 26
58 26 25
58 28 27
58 32 31
58 31 29
58 31 30
59 34 0
59 34 33
59 33 17
59 17 12
59 12 11
59 11 8
59 8 7
59 7 6
59 6 2
59 2 1
59 6 5
59 5 4
59 4 3
59 11 10
59 10 9
59 17 16
59 16 13
59 16 15
59 15 14
59 33 32
59 32 30
59 30 29
59 29 28
59 28 27
59 27 26
59 26 25
59 25 24
59 24 23
59 23 22
59 22 21
59 21 20
59 20 18
59 20 19
59 32 31
60 31 7
60 7 0
60 7 6
60 6 4
60 4 3
60 3 1
60 3 2
60 6 5
60 31 30
60 30 25
60 25 8
60 25 24
60 24 23
60 23 12
60 12 10
60 10 9
60 12 11
60 23 22
60 22 21
60 21 19
60 19 14
60 14 13
60 19 18
60 18 17
60 17 15
60 17 16
60 21 20
60 30 29
60 29 28
60 28 26
60 28 27
61 29 28
61 28 27
61 27 26
61 26 25
61 25 0
61 25 24
61 24 23
61 23 21
61 21 17
61 17 16
61 16 11
61 11 10
61 10 8
61 8 6
61 6 4
61 4 2
61 2 1
61 4 3
61 6 5
61 8 7
61 10 9
61 16 15
61 15 13
61 13 12
61 15 14
61 21 20
61 20 18
61 20 19
61 23 22
62 30 29
62 29 21
62 21 4
62 4 3
62 3 2
62 2 1
62 1 0
62 21 20
62 20 7
62 7 6
62 6 5
62 20 19
62 19 18
62 18 17
62 17 16
62 16 15
62 15 10
62 10 9
62 9 8
62 15 14
62 14 11
62 14 13
62 13 12
62 29 28
62 28 25
62 25 22
62 25 24
62 24 23
62 28 27
62 27 26
63 30 29
63 29 0
63 29 28
63 28 1
63 28 27
63 27 24
63 24 3
63 3 2
63 24 23
63 23 15
63 15 4
63 15 14
63 14 13
63 13 10
63 10 5
63 10 9
63 9 8
63 8 7
63 7 6
63 13 12
63 12 11
63 23 22
63 22 20
63 20 19
63 19 18
63 18 17
63 17 16
63 22 21
63 27 26
63 26 25
64 31 6
64 6 4
64 4 0
64 4 3
64 3 1
64 3 2
64 6 5
64 31 30
64 30 7
64 30 29
64 29 8
64 29 28
64 28 27
64 27 10
64 10 9
64 27 26
64 26 20
64 20 19
64 19 11
64 19 18
64 18 17
64 17 16
64 16 15
64 15 12
64 15 14
64 14 13
64 26 25
64 25 23
64 23 22
64 22 21
64 25 24
65 29 5
65 5 4
65 4 3
65 3 0
65 3 2
65 2 1
65 29 28
65 28 26
65 26 25
65 25 15
65 15 13
65 13 11
65 11 10
65 10 6
65 10 9
65 9 7
65 9 8
65 13 12
65 15 14
65 25 24
65 24 16
65 24 23
65 23 22
65 22 20
65 20 18
65 18 17
65 20 19
65 22 21
65 28 27
66 31 30
66 30 26
66 26 25
66 25 24
66 24 20
66 20 3
66 3 2
66 2 1
66 1 0
66 20 19
66 19 18
66 18 17
66 17 13
66 13 7
66 7 6
66 6 4
66 6 5
66 13 12
66 12 8
66 12 11
66 11 9
66 11 10
66 17 16
66 16 14
66 16 15
66 24 23
66 23 22
66 22 21
66 30 29
66 29 27
66 29 28
67 32 1
67 1 0
67 32 31
67 31 22
67 22 19
67 19 7
67 7 2
67 7 6
67 6 3
67 6 5
67 5 4
67 19 18
67 18 9
67 9 8
67 18 17
67 17 16
67 16 10
67 16 15
67 15 14
67 14 13
67 13 12
67 12 11
67 22 21
67 21 20
67 31 30
67 30 29
67 29 28
67 28 26
67 26 23
67 26 25
67 25 24
67 28 27
68 29 4
68 4 3
68 3 2
68 2 1
68 1 0
68 29 28
68 28 24
68 24 22
68 22 20
68 20 18
68 18 16
68 16 14
68 14 5
68 14 13
68 13 11
68 11 8
68 8 7
68 7 6
68 11 10
68 10 9
68 13 12
68 16 15
68 18 17
68 20 19
68 22 21
68 24 23
68 28 27
68 27 25
68 27 26
69 33 7
69 7 4
69 4 3
69 3 2
69 2 1
69 1 0
69 7 6
69 6 5
69 33 32
69 32 31
69 31 30
69 30 29
69 29 12
69 12 8
69 12 11
69 11 10
69 10 9
69 29 28
69 28 26
69 26 25
69 25 16
69 16 14
69 14 13
69 16 15
69 25 24
69 24 23
69 23 17
69 23 22
69 22 19
69 19 18
69 22 21
69 21 20
69 28 27
70 34 33
70 33 15
70 15 9
70 9 8
70 8 7
70 7 6
70 6 0
70 6 5
70 5 1
70 5 4
70 4 2
70 4 3
70 15 14
70 14 13
70 13 12
70 12 10
70 12 11
70 33 32
70 32 30
70 30 29
70 29 16
70 29 28
70 28 22
70 22 17
70 22 21
70 21 19
70 19 18
70 21 20
70 28 27
70 27 25
70 25 24
70 24 23
70 27 26
70 32 31
71 32 18
71 18 17
71 17 10
71 10 9
71 9 0
71 9 8
71 8 1
71 8 7
71 7 2
71 7 6
71 6 3
71 6 5
71 5 4
71 17 16
71 16 15
71 15 13
71 13 11
71 13 12
71 15 14
71 32 31
71 31 29
71 29 26
71 26 19
71 26 25
71 25 24
71 24 23
71 23 22
71 22 21
71 21 20
71 29 28
71 28 27
71 31 30
72 31 5
72 5 4
72 4 2
72 2 0
72 2 1
72 4 3
72 31 30
72 30 29
72 29 6
72 29 28
72 28 10
72 10 7
72 10 9
72 9 8
72 28 27
72 27 14
72 14 12
72 12 11
72 14 13
72 27 26
72 26 15
72 26 25
72 25 24
72 24 17
72 17 16
72 24 23
72 23 18
72 23 22
72 22 21
72 21 19
72 21 20
73 31 3
73 3 0
73 3 2
73 2 1
73 31 30
73 30 28
73 28 27
73 27 26
73 26 8
73 8 5
73 5 4
73 8 7
73 7 6
73 26 25
73 25 13
73 13 10
73 10 9
73 13 12
73 12 11
73 25 24
73 24 14
73 24 23
73 23 16
73 16 15
73 23 22
73 22 18
73 18 17
73 22 21
73 21 19
73 21 20
73 30 29
74 31 30
74 30 29
74 29 25
74 25 0
74 25 24
74 24 23
74 23 10
74 10 7
74 7 5
74 5 2
74 2 1
74 5 4
74 4 3
74 7 6
74 10 9
74 9 8
74 23 22
74 22 19
74 19 16
74 16 14
74 14 12
74 12 11
74 14 13
74 16 15
74 19 18
74 18 17
74 22 21
74 21 20
74 29 28
74 28 27
74 27 26
75 31 30
75 30 29
75 29 10
75 10 1
75 1 0
75 10 9
75 9 7
75 7 2
75 7 6
75 6 5
75 5 3
75 5 4
75 9 8
75 29 28
75 28 26
75 26 21
75 21 20
75 20 14
75 14 13
75 13 11
75 13 12
75 20 19
75 19 16
75 16 15
75 19 18
75 18 17
75 26 25
75 25 24
75 24 23
75 23 22
75 28 27
76 34 32
76 32 0
76 32 31
76 31 30
76 30 29
76 29 2
76 2 1
76 29 28
76 28 27
76 27 5
76 5 4
76 4 3
76 27 26
76 26 20
76 20 14
76 14 6
76 14 13
76 13 11
76 11 7
76 11 10
76 10 8
76 10 9
76 13 12
76 20 19
76 19 17
76 17 16
76 16 15
76 19 18
76 26 25
76 25 21
76 25 24
76 24 23
76 23 22
76 34 33
77 31 1
77 1 0
77 31 30
77 30 17
77 17 16
77 16 15
77 15 12
77 12 11
77 11 10
77 10 3
77 3 2
77 10 9
77 9 8
77 8 6
77 6 4
77 6 5
77 8 7
77 15 14
77 14 13
77 30 29
77 29 27
77 27 19
77 19 18
77 27 26
77 26 25
77 25 23
77 23 21
77 21 20
77 23 22
77 25 24
77 29 28
78 32 31
78 31 26
78 26 2
78 2 1
78 1 0
78 26 25
78 25 3
78 25 24
78 24 4
78 24 23
78 23 21
78 21 20
78 20 18
78 18 17
78 17 10
78 10 5
78 10 9
78 9 7
78 7 6
78 9 8
78 17 16
78 16 15
78 15 12
78 12 11
78 15 14
78 14 13
78 20 19
78 23 22
78 31 30
78 30 29
78 29 27
78 29 28
79 31 26
79 26 21
79 21 0
79 21 20
79 20 2
79 2 1
79 20 19
79 19 17
79 17 15
79 15 3
79 15 14
79 14 13
79 13 12
79 12 10
79 10 9
79 9 7
79 7 4
79 7 6
79 6 5
79 9 8
79 12 11
79 17 16
79 19 18
79 26 25
79 25 24
79 24 23
79 23 22
79 31 30
79 30 27
79 30 29
79 29 28
80 29 28
80 28 27
80 27 26
80 26 25
80 25 0
80 25 24
80 24 17
80 17 14
80 14 13
80 13 4
80 4 3
80 3 1
80 3 2
80 13 12
80 12 8
80 8 7
80 7 6
80 6 5
80 12 11
80 11 9
80 11 10
80 17 16
80 16 15
80 24 23
80 23 21
80 21 19
80 19 18
80 21 20
80 23 22
81 33 2
81 2 0
81 2 1
81 33 32
81 32 30
81 30 29
81 29 6
81 6 5
81 5 4
81 4 3
81 29 28
81 28 27
81 27 22
81 22 19
81 19 14
81 14 8
81 8 7
81 14 13
81 13 12
81 12 11
81 11 10
81 10 9
81 19 18
81 18 17
81 17 15
81 17 16
81 22 21
81 21 20
81 27 26
81 26 24
81 24 23
81 26 25
81 32 31
82 30 29
82 29 27
82 27 4
82 4 0
82 4 3
82 3 1
82 3 2
82 27 26
82 26 23
82 23 22
82 22 20
82 20 5
82 20 19
82 19 18
82 18 11
82 11 8
82 8 7
82 7 6
82 11 10
82 10 9
82 18 17
82 17 15
82 15 14
82 14 13
82 13 12
82 17 16
82 22 21
82 26 25
82 25 24
82 29 28
83 33 8
83 8 1
83 1 0
83 8 7
83 7 6
83 6 5
83 5 3
83 3 2
83 5 4
83 33 32
83 32 31
83 31 30
83 30 9
83 30 29
83 29 28
83 28 26
83 26 25
83 25 10
83 25 24
83 24 22
83 22 11
83 22 21
83 21 20
83 20 15
83 15 14
83 14 12
83 14 13
83 20 19
83 19 16
83 19 18
83 18 17
83 24 23
83 28 27
84 30 29
84 29 0
84 29 28
84 28 27
84 27 13
84 13 5
84 5 3
84 3 1
84 3 2
84 5 4
84 13 12
84 12 10
84 10 8
84 8 6
84 8 7
84 10 9
84 12 11
84 27 26
84 26 15
84 15 14
84 26 25
84 25 24
84 24 22
84 22 18
84 18 16
84 18 17
84 22 21
84 21 19
84 21 20
84 24 23
85 34 1
85 1 0
85 34 33
85 33 31
85 31 29
85 29 19
85 19 13
85 13 12
85 12 11
85 11 10
85 10 9
85 9 8
85 8 4
85 4 3
85 3 2
85 8 7
85 7 6
85 6 5
85 19 18
85 18 17
85 17 15
85 15 14
85 17 16
85 29 28
85 28 24
85 24 23
85 23 22
85 22 21
85 21 20
85 28 27
85 27 25
85 27 26
85 31 30
85 33 32
86 34 32
86 32 0
86 32 31
86 31 14
86 14 13
86 13 12
86 12 5
86 5 1
86 5 4
86 4 3
86 3 2
86 12 11
86 11 9
86 9 8
86 8 6
86 8 7
86 11 10
86 31 30
86 30 29
86 29 26
86 26 25
86 25 23
86 23 21
86 21 19
86 19 16
86 16 15
86 19 18
86 18 17
86 21 20
86 23 22
86 25 24
86 29 28
86 28 27
86 34 33
87 32 31
87 31 0
87 31 30
87 30 11
87 11 10
87 10 9
87 9 8
87 8 7
87 7 1
87 7 6
87 6 2
87 6 5
87 5 4
87 4 3
87 30 29
87 29 27
87 27 26
87 26 25
87 25 24
87 24 22
87 22 15
87 15 12
87 15 14
87 14 13
87 22 21
87 21 20
87 20 17
87 17 16
87 20 19
87 19 18
87 24 23
87 29 28
88 31 2
88 2 1
88 1 0
88 31 30
88 30 5
88 5 4
88 4 3
88 30 29
88 29 28
88 28 27
88 27 26
88 26 23
88 23 22
88 22 18
88 18 17
88 17 10
88 10 7
88 7 6
88 10 9
88 9 8
88 17 16
88 16 15
88 15 14
88 14 13
88 13 11
88 13 12
88 22 21
88 21 19
88 21 20
88 26 25
88 25 24
89 30 29
89 29 0
89 29 28
89 28 1
89 28 27
89 27 24
89 24 2
89 24 23
89 23 22
89 22 10
89 10 8
89 8 6
89 6 4
89 4 3
89 6 5
89 8 7
89 10 9
89 22 21
89 21 18
89 18 15
89 15 11
89 15 14
89 14 12
89 14 13
89 18 17
89 17 16
89 21 20
89 20 19
89 27 26
89 26 25
90 33 31
90 31 29
90 29 27
90 27 0
90 27 26
90 26 25
90 25 24
90 24 23
90 23 22
90 22 21
90 21 20
90 20 1
90 20 19
90 19 6
90 6 5
90 5 2
90 5 4
90 4 3
90 19 18
90 18 16
90 16 7
90 16 15
90 15 14
90 14 13
90 13 12
90 12 8
90 12 11
90 11 10
90 10 9
90 18 17
90 29 28
90 31 30
90 33 32
91 32 2
91 2 0
91 2 1
91 32 31
91 31 30
91 30 29
91 29 3
91 29 28
91 28 25
91 25 24
91 24 23
91 23 22
91 22 20
91 20 19
91 19 11
91 11 10
91 10 4
91 10 9
91 9 5
91 9 8
91 8 6
91 8 7
91 19 18
91 18 12
91 18 17
91 17 16
91 16 15
91 15 14
91 14 13
91 22 21
91 28 27
91 27 26
92 31 0
92 31 30
92 30 28
92 28 19
92 19 18
92 18 1
92 18 17
92 17 16
92 16 15
92 15 7
92 7 6
92 6 5
92 5 4
92 4 2
92 4 3
92 15 14
92 14 13
92 13 12
92 12 11
92 11 8
92 11 10
92 10 9
92 28 27
92 27 24
92 24 21
92 21 20
92 24 23
92 23 22
92 27 26
92 26 25
92 30 29
93 33 19
93 19 18
93 18 0
93 18 17
93 17 16
93 16 2
93 2 1
93 16 15
93 15 14
93 14 12
93 12 3
93 12 11
93 11 10
93 10 9
93 9 8
93 8 6
93 6 4
93 6 5
93 8 7
93 14 13
93 33 32
93 32 30
93 30 21
93 21 20
93 30 29
93 29 28
93 28 27
93 27 23
93 23 22
93 27 26
93 26 24
93 26 25
93 32 31
94 34 32
94 32 6
94 6 5
94 5 3
94 3 2
94 2 1
94 1 0
94 5 4
94 32 31
94 31 30
94 30 21
94 21 19
94 19 17
94 17 16
94 16 9
94 9 8
94 8 7
94 16 15
94 15 14
94 14 13
94 13 12
94 12 10
94 12 11
94 19 18
94 21 20
94 30 29
94 29 28
94 28 27
94 27 22
94 27 26
94 26 24
94 24 23
94 26 25
94 34 33
95 33 2
95 2 0
95 2 1
95 33 32
95 32 30
95 30 10
95 10 7
95 7 6
95 6 5
95 5 3
95 5 4
95 10 9
95 9 8
95 30 29
95 29 11
95 29 28
95 28 27
95 27 26
95 26 14
95 14 12
95 14 13
95 26 25
95 25 24
95 24 19
95 19 15
95 19 18
95 18 16
95 18 17
95 24 23
95 23 22
95 22 21
95 21 20
95 32 31
96 34 0
96 34 33
96 33 31
96 31 30
96 30 29
96 29 28
96 28 5
96 5 3
96 3 1
96 3 2
96 5 4
96 28 27
96 27 26
96 26 24
96 24 13
96 13 10
96 10 6
96 10 9
96 9 8
96 8 7
96 13 12
96 12 11
96 24 23
96 23 22
96 22 15
96 15 14
96 22 21
96 21 20
96 20 18
96 18 17
96 17 16
96 20 19
96 26 25
96 33 32
97 34 0
97 34 33
97 33 5
97 5 4
97 4 1
97 4 3
97 3 2
97 33 32
97 32 31
97 31 12
97 12 10
97 10 7
97 7 6
97 10 9
97 9 8
97 12 11
97 31 30
97 30 24
97 24 19
97 19 18
97 18 13
97 18 17
97 17 16
97 16 14
97 16 15
97 24 23
97 23 22
97 22 20
97 22 21
97 30 29
97 29 28
97 28 26
97 26 25
97 28 27
98 29 28
98 28 26
98 26 5
98 5 4
98 4 3
98 3 0
98 3 2
98 2 1
98 26 25
98 25 24
98 24 7
98 7 6
98 24 23
98 23 17
98 17 16
98 16 15
98 15 9
98 9 8
98 15 14
98 14 13
98 13 10
98 13 12
98 12 11
98 23 22
98 22 21
98 21 20
98 20 18
98 20 19
98 28 27
99 34 32
99 32 20
99 20 0
99 20 19
99 19 17
99 17 16
99 16 15
99 15 14
99 14 12
99 12 2
99 2 1
99 12 11
99 11 9
99 9 5
99 5 4
99 4 3
99 9 8
99 8 6
99 8 7
99 11 10
99 14 13
99 19 18
99 32 31
99 31 24
99 24 23
99 23 22
99 22 21
99 31 30
99 30 26
99 26 25
99 30 29
99 29 27
99 29 28
99 34 33
100 34 32
100 32 13
100 13 6
100 6 4
100 4 3
100 3 1
100 1 0
100 3 2
100 6 5
100 13 12
100 12 11
100 11 10
100 10 9
100 9 7
100 9 8
100 32 31
100 31 28
100 28 27
100 27 19
100 19 17
100 17 14
100 17 16
100 16 15
100 19 18
100 27 26
100 26 22
100 22 20
100 22 21
100 26 25
100 25 23
100 25 24
100 31 30
100 30 29
100 34 33
101 30 0
101 30 29
101 29 28
101 28 27
101 27 1
101 27 26
101 26 23
101 23 17
101 17 16
101 16 4
101 4 2
101 4 3
101 16 15
101 15 14
101 14 5
101 14 13
101 13 6
101 13 12
101 12 11
101 11 10
101 10 7
101 10 9
101 9 8
101 23 22
101 22 20
101 20 18
101 20 19
101 22 21
101 26 25
101 25 24
