1 34 30
1 30 29
1 29 27
1 27 26
1 26 2
1 2 1
1 1 0
1 26 25
1 25 3
1 25 24
1 24 12
1 12 11
1 11 10
1 10 4
1 10 9
1 9 8
1 8 7
1 7 6
1 6 5
1 24 23
1 23 22
1 22 20
1 20 19
1 19 16
1 16 14
1 14 13
1 16 15
1 19 18
1 18 17
1 22 21
1 29 28
1 34 33
1 33 31
1 33 32
2 30 29
2 29 28
2 28 24
2 24 23
2 23 17
2 17 16
2 16 12
2 12 10
2 10 0
2 10 9
2 9 8
2 8 7
2 7 3
2 3 1
2 3 2
2 7 6
2 6 4
2 6 5
2 12 11
2 16 15
2 15 13
2 15 14
2 23 22
2 22 18
2 22 21
2 21 20
2 20 19
2 28 27
2 27 26
2 26 25
3 33 32
3 32 1
3 1 0
3 32 31
3 31 30
3 30 29
3 29 2
3 29 28
3 28 27
3 27 26
3 26 24
3 24 6
3 6 4
3 4 3
3 6 5
3 24 23
3 23 15
3 15 13
3 13 10
3 10 8
3 8 7
3 10 9
3 13 12
3 12 11
3 15 14
3 23 22
3 22 21
3 21 20
3 20 16
3 20 19
3 19 17
3 19 18
3 26 25
4 29 9
4 9 0
4 9 8
4 8 1
4 8 7
4 7 5
4 5 3
4 3 2
4 5 4
4 7 6
4 29 28
4 28 27
4 27 12
4 12 10
4 12 11
4 27 26
4 26 25
4 25 18
4 18 13
4 18 17
4 17 16
4 16 14
4 16 15
4 25 24
4 24 19
4 24 23
4 23 22
4 22 20
4 22 21
5 30 3
5 3 2
5 2 1
5 1 0
5 30 29
5 29 19
5 19 17
5 17 16
5 16 15
5 15 13
5 13 6
5 6 5
5 5 4
5 13 12
5 12 7
5 12 11
5 11 9
5 9 8
5 11 10
5 15 14
5 19 18
5 29 28
5 28 27
5 27 20
5 27 26
5 26 21
5 26 25
5 25 24
5 24 22
5 24 23
6 30 29
6 29 0
6 29 28
6 28 27
6 27 13
6 13 5
6 5 3
6 3 1
6 3 2
6 5 4
6 13 12
6 12 10
6 10 8
6 8 6
6 8 7
6 10 9
6 12 11
6 27 26
6 26 15
6 15 14
6 26 25
6 25 24
6 24 22
6 22 18
6 18 16
6 18 17
6 22 21
6 21 19
6 21 20
6 24 23
7 29 28
7 28 27
7 27 2
7 2 0
7 2 1
7 27 26
7 26 21
7 21 10
7 10 9
7 9 3
7 9 8
7 8 4
7 8 7
7 7 6
7 6 5
7 21 20
7 20 19
7 19 18
7 18 11
7 18 17
7 17 16
7 16 12
7 16 15
7 15 14
7 14 13
7 26 25
7 25 23
7 23 22
7 25 24
8 34 0
8 34 33
8 33 4
8 4 1
8 4 3
8 3 2
8 33 32
8 32 31
8 31 21
8 21 9
8 9 8
8 8 6
8 6 5
8 8 7
8 21 20
8 20 16
8 16 15
8 15 14
8 14 10
8 14 13
8 13 12
8 12 11
8 20 19
8 19 17
8 19 18
8 31 30
8 30 23
8 23 22
8 30 29
8 29 24
8 29 28
8 28 25
8 28 27
8 27 26
9 32 1
9 1 0
9 32 31
9 31 4
9 4 3
9 3 2
9 31 30
9 30 29
9 29 6
9 6 5
9 29 28
9 28 8
9 8 7
9 28 27
9 27 25
9 25 24
9 24 23
9 23 11
9 11 9
9 11 10
9 23 22
9 22 21
9 21 19
9 19 13
9 13 12
9 19 18
9 18 17
9 17 16
9 16 14
9 16 15
9 21 20
9 27 26
10 32 28
10 28 27
10 27 2
10 2 1
10 1 0
10 27 26
10 26 21
10 21 17
10 17 3
10 17 16
10 16 15
10 15 4
10 15 14
10 14 11
10 11 8
10 8 7
10 7 6
10 6 5
10 11 10
10 10 9
10 14 13
10 13 12
10 21 20
10 20 18
10 20 19
10 26 25
10 25 23
10 23 22
10 25 24
10 32 31
10 31 30
10 30 29
11 32 30
11 30 29
11 29 0
11 29 28
11 28 27
11 27 26
11 26 25
11 25 8
11 8 3
11 3 2
11 2 1
11 8 7
11 7 6
11 6 5
11 5 4
11 25 24
11 24 17
11 17 16
11 16 14
11 14 13
11 13 12
11 12 9
11 12 11
11 11 10
11 16 15
11 24 23
11 23 18
11 23 22
11 22 21
11 21 19
11 21 20
11 32 31
12 31 4
12 4 2
12 2 0
12 2 1
12 4 3
12 31 30
12 30 29
12 29 25
12 25 21
12 21 20
12 20 19
12 19 18
12 18 15
12 15 14
12 14 5
12 14 13
12 13 12
12 12 10
12 10 7
12 7 6
12 10 9
12 9 8
12 12 11
12 18 17
12 17 16
12 25 24
12 24 22
12 24 23
12 29 28
12 28 27
12 27 26
13 33 1
13 1 0
13 33 32
13 32 30
13 30 22
13 22 20
13 20 16
13 16 10
13 10 9
13 9 8
13 8 6
13 6 4
13 4 2
13 4 3
13 6 5
13 8 7
13 16 15
13 15 14
13 14 13
13 13 11
13 13 12
13 20 19
13 19 18
13 18 17
13 22 21
13 30 29
13 29 28
13 28 27
13 27 26
13 26 25
13 25 24
13 24 23
13 32 31
14 31 30
14 30 0
14 30 29
14 29 28
14 28 25
14 25 24
14 24 1
14 24 23
14 23 7
14 7 6
14 6 5
14 5 3
14 3 2
14 5 4
14 23 22
14 22 21
14 21 19
14 19 8
14 19 18
14 18 15
14 15 14
14 14 9
14 14 13
14 13 10
14 13 12
14 12 11
14 18 17
14 17 16
14 21 20
14 28 27
14 27 26
15 33 32
15 32 5
15 5 3
15 3 2
15 2 0
15 2 1
15 5 4
15 32 31
15 31 29
15 29 28
15 28 22
15 22 20
15 20 6
15 20 19
15 19 18
15 18 17
15 17 16
15 16 15
15 15 12
15 12 11
15 11 7
15 11 10
15 10 9
15 9 8
15 15 14
15 14 13
15 22 21
15 28 27
15 27 26
15 26 25
15 25 23
15 25 24
15 31 30
16 32 31
16 31 0
16 31 30
16 30 8
16 8 3
16 3 1
16 3 2
16 8 7
16 7 4
16 7 6
16 6 5
16 30 29
16 29 21
16 21 20
16 20 19
16 19 9
16 19 18
16 18 16
16 16 14
16 14 12
16 12 11
16 11 10
16 14 13
16 16 15
16 18 17
16 29 28
16 28 25
16 25 22
16 25 24
16 24 23
16 28 27
16 27 26
17 33 6
17 6 5
17 5 4
17 4 2
17 2 1
17 1 0
17 4 3
17 33 32
17 32 31
17 31 30
17 30 28
17 28 27
17 27 26
17 26 9
17 9 8
17 8 7
17 26 25
17 25 23
17 23 21
17 21 10
17 21 20
17 20 13
17 13 11
17 13 12
17 20 19
17 19 18
17 18 14
17 18 17
17 17 15
17 17 16
17 23 22
17 25 24
17 30 29
18 29 0
18 29 28
18 28 27
18 27 26
18 26 25
18 25 23
18 23 1
18 23 22
18 22 20
18 20 19
18 19 3
18 3 2
18 19 18
18 18 17
18 17 4
18 17 16
18 16 6
18 6 5
18 16 15
18 15 14
18 14 8
18 8 7
18 14 13
18 13 12
18 12 9
18 12 11
18 11 10
18 22 21
18 25 24
19 34 33
19 33 30
19 30 19
19 19 14
19 14 0
19 14 13
19 13 8
19 8 1
19 8 7
19 7 3
19 3 2
19 7 6
19 6 4
19 6 5
19 13 12
19 12 11
19 11 10
19 10 9
19 19 18
19 18 15
19 18 17
19 17 16
19 30 29
19 29 28
19 28 27
19 27 25
19 25 24
19 24 23
19 23 20
19 23 22
19 22 21
19 27 26
19 33 32
19 32 31
20 32 3
20 3 0
20 3 2
20 2 1
20 32 31
20 31 30
20 30 29
20 29 20
20 20 19
20 19 18
20 18 17
20 17 4
20 17 16
20 16 15
20 15 14
20 14 13
20 13 5
20 13 12
20 12 7
20 7 6
20 12 11
20 11 10
20 10 8
20 10 9
20 29 28
20 28 21
20 28 27
20 27 23
20 23 22
20 27 26
20 26 24
20 26 25
21 30 27
21 27 0
21 27 26
21 26 2
21 2 1
21 26 25
21 25 8
21 8 3
21 8 7
21 7 6
21 6 4
21 6 5
21 25 24
21 24 20
21 20 19
21 19 18
21 18 13
21 13 9
21 13 12
21 12 10
21 12 11
21 18 17
21 17 16
21 16 15
21 15 14
21 24 23
21 23 22
21 22 21
21 30 29
21 29 28
22 30 13
22 13 12
22 12 2
22 2 0
22 2 1
22 12 11
22 11 10
22 10 9
22 9 7
22 7 6
22 6 4
22 4 3
22 6 5
22 9 8
22 30 29
22 29 19
22 19 14
22 19 18
22 18 17
22 17 15
22 17 16
22 29 28
22 28 26
22 26 25
22 25 24
22 24 23
22 23 22
22 22 20
22 22 21
22 28 27
23 30 21
23 21 2
23 2 1
23 1 0
23 21 20
23 20 18
23 18 17
23 17 16
23 16 15
23 15 5
23 5 3
23 5 4
23 15 14
23 14 8
23 8 6
23 8 7
23 14 13
23 13 12
23 12 9
23 12 11
23 11 10
23 20 19
23 30 29
23 29 27
23 27 26
23 26 25
23 25 23
23 23 22
23 25 24
23 29 28
24 29 1
24 1 0
24 29 28
24 28 2
24 28 27
24 27 7
24 7 5
24 5 3
24 5 4
24 7 6
24 27 26
24 26 25
24 25 8
24 25 24
24 24 18
24 18 17
24 17 15
24 15 9
24 15 14
24 14 10
24 14 13
24 13 11
24 13 12
24 17 16
24 24 23
24 23 19
24 23 22
24 22 21
24 21 20
25 29 27
25 27 15
25 15 11
25 11 8
25 8 1
25 1 0
25 8 7
25 7 2
25 7 6
25 6 3
25 6 5
25 5 4
25 11 10
25 10 9
25 15 14
25 14 13
25 13 12
25 27 26
25 26 24
25 24 23
25 23 22
25 22 20
25 20 19
25 19 18
25 18 16
25 18 17
25 22 21
25 26 25
25 29 28
26 31 1
26 1 0
26 31 30
26 30 25
26 25 6
26 6 5
26 5 2
26 5 4
26 4 3
26 25 24
26 24 21
26 21 20
26 20 19
26 19 18
26 18 11
26 11 9
26 9 8
26 8 7
26 11 10
26 18 17
26 17 13
26 13 12
26 17 16
26 16 15
26 15 14
26 24 23
26 23 22
26 30 29
26 29 28
26 28 27
26 27 26
27 32 1
27 1 0
27 32 31
27 31 30
27 30 4
27 4 3
27 3 2
27 30 29
27 29 28
27 28 5
27 28 27
27 27 26
27 26 7
27 7 6
27 26 25
27 25 23
27 23 8
27 23 22
27 22 21
27 21 20
27 20 10
27 10 9
27 20 19
27 19 18
27 18 11
27 18 17
27 17 16
27 16 15
27 15 13
27 13 12
27 15 14
27 25 24
28 30 26
28 26 24
28 24 21
28 21 20
28 20 19
28 19 4
28 4 3
28 3 1
28 1 0
28 3 2
28 19 18
28 18 8
28 8 5
28 8 7
28 7 6
28 18 17
28 17 16
28 16 15
28 15 13
28 13 12
28 12 10
28 10 9
28 12 11
28 15 14
28 24 23
28 23 22
28 26 25
28 30 29
28 29 27
28 29 28
29 30 29
29 29 24
29 24 1
29 1 0
29 24 23
29 23 2
29 23 22
29 22 10
29 10 7
29 7 4
29 4 3
29 7 6
29 6 5
29 10 9
29 9 8
29 22 21
29 21 18
29 18 17
29 17 15
29 15 13
29 13 12
29 12 11
29 15 14
29 17 16
29 21 20
29 20 19
29 29 28
29 28 27
29 27 26
29 26 25
30 34 0
30 34 33
30 33 32
30 32 1
30 32 31
30 31 7
30 7 5
30 5 3
30 3 2
30 5 4
30 7 6
30 31 30
30 30 28
30 28 26
30 26 23
30 23 11
30 11 10
30 10 9
30 9 8
30 23 22
30 22 21
30 21 20
30 20 19
30 19 13
30 13 12
30 19 18
30 18 16
30 16 15
30 15 14
30 18 17
30 26 25
30 25 24
30 28 27
30 30 29
31 30 0
31 30 29
31 29 1
31 29 28
31 28 26
31 26 2
31 26 25
31 25 3
31 25 24
31 24 12
31 12 11
31 11 10
31 10 8
31 8 6
31 6 5
31 5 4
31 8 7
31 10 9
31 24 23
31 23 21
31 21 20
31 20 19
31 19 16
31 16 15
31 15 13
31 15 14
31 19 18
31 18 17
31 23 22
31 28 27
32 34 0
32 34 33
32 33 20
32 20 17
32 17 14
32 14 9
32 9 3
32 3 1
32 3 2
32 9 8
32 8 4
32 8 7
32 7 6
32 6 5
32 14 13
32 13 12
32 12 10
32 12 11
32 17 16
32 16 15
32 20 19
32 19 18
32 33 32
32 32 31
32 31 26
32 26 22
32 22 21
32 26 25
32 25 23
32 25 24
32 31 30
32 30 29
32 29 27
32 29 28
33 33 0
33 33 32
33 32 28
33 28 27
33 27 26
33 26 25
33 25 21
33 21 1
33 21 20
33 20 3
33 3 2
33 20 19
33 19 17
33 17 16
33 16 13
33 13 12
33 12 4
33 12 11
33 11 10
33 10 9
33 9 7
33 7 6
33 6 5
33 9 8
33 16 15
33 15 14
33 19 18
33 25 24
33 24 22
33 24 23
33 32 31
33 31 29
33 31 30
34 30 0
34 30 29
34 29 8
34 8 7
34 7 6
34 6 4
34 4 1
34 4 3
34 3 2
34 6 5
34 29 28
34 28 22
34 22 21
34 21 16
34 16 15
34 15 11
34 11 9
34 11 10
34 15 14
34 14 12
34 14 13
34 21 20
34 20 18
34 18 17
34 20 19
34 28 27
34 27 24
34 24 23
34 27 26
34 26 25
35 29 2
35 2 1
35 1 0
35 29 28
35 28 24
35 24 20
35 20 3
35 20 19
35 19 4
35 19 18
35 18 17
35 17 16
35 16 13
35 13 12
35 12 10
35 10 5
35 10 9
35 9 8
35 8 6
35 8 7
35 12 11
35 16 15
35 15 14
35 24 23
35 23 22
35 22 21
35 28 27
35 27 26
35 26 25
36 29 18
36 18 3
36 3 2
36 2 1
36 1 0
36 18 17
36 17 4
36 17 16
36 16 13
36 13 12
36 12 10
36 10 6
36 6 5
36 10 9
36 9 8
36 8 7
36 12 11
36 16 15
36 15 14
36 29 28
36 28 20
36 20 19
36 28 27
36 27 26
36 26 25
36 25 23
36 23 22
36 22 21
36 25 24
37 32 1
37 1 0
37 32 31
37 31 29
37 29 28
37 28 2
37 28 27
37 27 9
37 9 6
37 6 4
37 4 3
37 6 5
37 9 8
37 8 7
37 27 26
37 26 21
37 21 20
37 20 10
37 20 19
37 19 18
37 18 16
37 16 11
37 16 15
37 15 13
37 13 12
37 15 14
37 18 17
37 26 25
37 25 24
37 24 23
37 23 22
37 31 30
38 33 0
38 33 32
38 32 18
38 18 15
38 15 14
38 14 1
38 14 13
38 13 6
38 6 5
38 5 2
38 5 4
38 4 3
38 13 12
38 12 11
38 11 10
38 10 8
38 8 7
38 10 9
38 18 17
38 17 16
38 32 31
38 31 19
38 31 30
38 30 29
38 29 20
38 29 28
38 28 21
38 28 27
38 27 25
38 25 24
38 24 23
38 23 22
38 27 26
39 29 27
39 27 25
39 25 19
39 19 15
39 15 14
39 14 12
39 12 11
39 11 10
39 10 0
39 10 9
39 9 8
39 8 7
39 7 6
39 6 5
39 5 4
39 4 3
39 3 1
39 3 2
39 14 13
39 19 18
39 18 17
39 17 16
39 25 24
39 24 22
39 22 21
39 21 20
39 24 23
39 27 26
39 29 28
40 31 30
40 30 29
40 29 7
40 7 6
40 6 4
40 4 2
40 2 1
40 1 0
40 4 3
40 6 5
40 29 28
40 28 10
40 10 9
40 9 8
40 28 27
40 27 13
40 13 12
40 12 11
40 27 26
40 26 14
40 26 25
40 25 24
40 24 15
40 24 23
40 23 16
40 23 22
40 22 17
40 22 21
40 21 20
40 20 18
40 20 19
41 32 31
41 31 0
41 31 30
41 30 29
41 29 24
41 24 23
41 23 17
41 17 16
41 16 15
41 15 13
41 13 7
41 7 1
41 7 6
41 6 5
41 5 4
41 4 2
41 4 3
41 13 12
41 12 9
41 9 8
41 12 11
41 11 10
41 15 14
41 23 22
41 22 18
41 22 21
41 21 19
41 21 20
41 29 28
41 28 27
41 27 26
41 26 25
42 33 32
42 32 31
42 31 4
42 4 3
42 3 0
42 3 2
42 2 1
42 31 30
42 30 28
42 28 26
42 26 6
42 6 5
42 26 25
42 25 22
42 22 21
42 21 20
42 20 18
42 18 15
42 15 13
42 13 12
42 12 11
42 11 10
42 10 9
42 9 8
42 8 7
42 15 14
42 18 17
42 17 16
42 20 19
42 25 24
42 24 23
42 28 27
42 30 29
43 33 31
43 31 0
43 31 30
43 30 20
43 20 12
43 12 1
43 12 11
43 11 2
43 11 10
43 10 3
43 10 9
43 9 8
43 8 4
43 8 7
43 7 6
43 6 5
43 20 19
43 19 18
43 18 16
43 16 14
43 14 13
43 16 15
43 18 17
43 30 29
43 29 27
43 27 26
43 26 25
43 25 24
43 24 22
43 22 21
43 24 23
43 29 28
43 33 32
44 33 6
44 6 5
44 5 4
44 4 0
44 4 3
44 3 2
44 2 1
44 33 32
44 32 8
44 8 7
44 32 31
44 31 30
44 30 28
44 28 19
44 19 12
44 12 9
44 12 11
44 11 10
44 19 18
44 18 16
44 16 15
44 15 13
44 15 14
44 18 17
44 28 27
44 27 26
44 26 21
44 21 20
44 26 25
44 25 23
44 23 22
44 25 24
44 30 29
45 31 0
45 31 30
45 30 28
45 28 27
45 27 26
45 26 1
45 26 25
45 25 24
45 24 23
45 23 2
45 23 22
45 22 12
45 12 11
45 11 10
45 10 6
45 6 3
45 6 5
45 5 4
45 10 9
45 9 7
45 9 8
45 22 21
45 21 19
45 19 14
45 14 13
45 19 18
45 18 17
45 17 16
45 16 15
45 21 20
45 30 29
46 34 33
46 33 0
46 33 32
46 32 31
46 31 1
46 31 30
46 30 2
46 30 29
46 29 12
46 12 4
46 4 3
46 12 11
46 11 10
46 10 5
46 10 9
46 9 8
46 8 7
46 7 6
46 29 28
46 28 20
46 20 13
46 20 19
46 19 18
46 18 15
46 15 14
46 18 17
46 17 16
46 28 27
46 27 26
46 26 25
46 25 21
46 25 24
46 24 23
46 23 22
47 29 17
47 17 10
47 10 4
47 4 2
47 2 0
47 2 1
47 4 3
47 10 9
47 9 8
47 8 7
47 7 6
47 6 5
47 17 16
47 16 15
47 15 11
47 15 14
47 14 12
47 14 13
47 29 28
47 28 26
47 26 18
47 26 25
47 25 23
47 23 21
47 21 19
47 21 20
47 23 22
47 25 24
47 28 27
48 32 29
48 29 4
48 4 0
48 4 3
48 3 2
48 2 1
48 29 28
48 28 26
48 26 25
48 25 23
48 23 22
48 22 14
48 14 13
48 13 12
48 12 11
48 11 10
48 10 5
48 10 9
48 9 6
48 9 8
48 8 7
48 22 21
48 21 20
48 20 19
48 19 18
48 18 17
48 17 15
48 17 16
48 25 24
48 28 27
48 32 31
48 31 30
49 33 32
49 32 31
49 31 30
49 30 29
49 29 25
49 25 0
49 25 24
49 24 3
49 3 2
49 2 1
49 24 23
49 23 22
49 22 21
49 21 4
49 21 20
49 20 5
49 20 19
49 19 6
49 19 18
49 18 8
49 8 7
49 18 17
49 17 16
49 16 13
49 13 10
49 10 9
49 13 12
49 12 11
49 16 15
49 15 14
49 29 28
49 28 27
49 27 26
50 30 29
50 29 3
50 3 0
50 3 2
50 2 1
50 29 28
50 28 27
50 27 13
50 13 6
50 6 5
50 5 4
50 13 12
50 12 10
50 10 9
50 9 7
50 9 8
50 12 11
50 27 26
50 26 21
50 21 20
50 20 19
50 19 17
50 17 15
50 15 14
50 17 16
50 19 18
50 26 25
50 25 24
50 24 22
50 24 23
51 32 2
51 2 0
51 2 1
51 32 31
51 31 4
51 4 3
51 31 30
51 30 28
51 28 22
51 22 15
51 15 13
51 13 8
51 8 7
51 7 5
51 7 6
51 13 12
51 12 11
51 11 10
51 10 9
51 15 14
51 22 21
51 21 16
51 21 20
51 20 19
51 19 17
51 19 18
51 28 27
51 27 26
51 26 24
51 24 23
51 26 25
51 30 29
52 29 28
52 28 27
52 27 0
52 27 26
52 26 21
52 21 3
52 3 1
52 3 2
52 21 20
52 20 7
52 7 6
52 6 5
52 5 4
52 20 19
52 19 10
52 10 8
52 10 9
52 19 18
52 18 16
52 16 14
52 14 11
52 14 13
52 13 12
52 16 15
52 18 17
52 26 25
52 25 23
52 23 22
52 25 24
53 31 11
53 11 7
53 7 6
53 6 5
53 5 3
53 3 1
53 1 0
53 3 2
53 5 4
53 11 10
53 10 9
53 9 8
53 31 30
53 30 28
53 28 25
53 25 23
53 23 20
53 20 12
53 20 19
53 19 17
53 17 13
53 17 16
53 16 15
53 15 14
53 19 18
53 23 22
53 22 21
53 25 24
53 28 27
53 27 26
53 30 29
54 33 32
54 32 31
54 31 29
54 29 26
54 26 24
54 24 19
54 19 16
54 16 3
54 3 2
54 2 1
54 1 0
54 16 15
54 15 13
54 13 12
54 12 7
54 7 6
54 6 5
54 5 4
54 12 11
54 11 8
54 11 10
54 10 9
54 15 14
54 19 18
54 18 17
54 24 23
54 23 22
54 22 20
54 22 21
54 26 25
54 29 28
54 28 27
54 31 30
55 29 27
55 27 25
55 25 21
55 21 20
55 20 19
55 19 17
55 17 16
55 16 1
55 1 0
55 16 15
55 15 13
55 13 8
55 8 7
55 7 6
55 6 5
55 5 3
55 3 2
55 5 4
55 13 12
55 12 11
55 11 9
55 11 10
55 15 14
55 19 18
55 25 24
55 24 23
55 23 22
55 27 26
55 29 28
56 34 33
56 33 29
56 29 28
56 28 0
56 28 27
56 27 2
56 2 1
56 27 26
56 26 5
56 5 3
56 5 4
56 26 25
56 25 23
56 23 22
56 22 21
56 21 7
56 7 6
56 21 20
56 20 19
56 19 18
56 18 16
56 16 14
56 14 13
56 13 12
56 12 11
56 11 9
56 9 8
56 11 10
56 16 15
56 18 17
56 25 24
56 33 32
56 32 31
56 31 30
57 29 9
57 9 8
57 8 3
57 3 2
57 2 0
57 2 1
57 8 7
57 7 4
57 7 6
57 6 5
57 29 28
57 28 27
57 27 25
57 25 24
57 24 18
57 18 11
57 11 10
57 18 17
57 17 14
57 14 12
57 14 13
57 17 16
57 16 15
57 24 23
57 23 22
57 22 21
57 21 19
57 21 20
57 27 26
58 29 0
58 29 28
58 28 2
58 2 1
58 28 27
58 27 25
58 25 11
58 11 10
58 10 8
58 8 7
58 7 6
58 6 5
58 5 4
58 4 3
58 10 9
58 25 24
58 24 21
58 21 17
58 17 14
58 14 12
58 14 13
58 17 16
58 16 15
58 21 20
58 20 18
58 20 19
58 24 23
58 23 22
58 27 26
59 34 2
59 2 1
59 1 0
59 34 33
59 33 31
59 31 29
59 29 15
59 15 14
59 14 12
59 12 10
59 10 6
59 6 4
59 4 3
59 6 5
59 10 9
59 9 7
59 9 8
59 12 11
59 14 13
59 29 28
59 28 16
59 28 27
59 27 22
59 22 20
59 20 19
59 19 17
59 19 18
59 22 21
59 27 26
59 26 25
59 25 23
59 25 24
59 31 30
59 33 32
60 32 21
60 21 20
60 20 19
60 19 18
60 18 15
60 15 14
60 14 1
60 1 0
60 14 13
60 13 2
60 13 12
60 12 11
60 11 10
60 10 5
60 5 4
60 4 3
60 10 9
60 9 8
60 8 6
60 8 7
60 18 17
60 17 16
60 32 31
60 31 29
60 29 28
60 28 26
60 26 24
60 24 22
60 24 23
60 26 25
60 28 27
60 31 30
61 31 30
61 30 12
61 12 11
61 11 10
61 10 8
61 8 1
61 1 0
61 8 7
61 7 6
61 6 5
61 5 4
61 4 3
61 3 2
61 10 9
61 30 29
61 29 28
61 28 26
61 26 25
61 25 13
61 25 24
61 24 23
61 23 22
61 22 15
61 15 14
61 22 21
61 21 16
61 21 20
61 20 18
61 18 17
61 20 19
61 28 27
62 29 23
62 23 0
62 23 22
62 22 20
62 20 19
62 19 2
62 2 1
62 19 18
62 18 14
62 14 3
62 14 13
62 13 8
62 8 7
62 7 6
62 6 5
62 5 4
62 13 12
62 12 9
62 12 11
62 11 10
62 18 17
62 17 16
62 16 15
62 22 21
62 29 28
62 28 26
62 26 25
62 25 24
62 28 27
63 31 30
63 30 29
63 29 0
63 29 28
63 28 26
63 26 17
63 17 16
63 16 15
63 15 12
63 12 11
63 11 8
63 8 7
63 7 4
63 4 3
63 3 1
63 3 2
63 7 6
63 6 5
63 11 10
63 10 9
63 15 14
63 14 13
63 26 25
63 25 22
63 22 19
63 19 18
63 22 21
63 21 20
63 25 24
63 24 23
63 28 27
64 34 12
64 12 11
64 11 8
64 8 0
64 8 7
64 7 5
64 5 4
64 4 1
64 4 3
64 3 2
64 7 6
64 11 10
64 10 9
64 34 33
64 33 32
64 32 31
64 31 27
64 27 14
64 14 13
64 27 26
64 26 18
64 18 17
64 17 15
64 17 16
64 26 25
64 25 20
64 20 19
64 25 24
64 24 23
64 23 22
64 22 21
64 31 30
64 30 28
64 30 29
65 29 28
65 28 6
65 6 4
65 4 3
65 3 0
65 3 2
65 2 1
65 6 5
65 28 27
65 27 22
65 22 7
65 22 21
65 21 11
65 11 10
65 10 8
65 10 9
65 21 20
65 20 18
65 18 17
65 17 16
65 16 15
65 15 14
65 14 13
65 13 12
65 20 19
65 27 26
65 26 25
65 25 23
65 25 24
66 33 1
66 1 0
66 33 32
66 32 31
66 31 29
66 29 26
66 26 2
66 26 25
66 25 24
66 24 23
66 23 22
66 22 21
66 21 3
66 21 20
66 20 15
66 15 11
66 11 9
66 9 7
66 7 6
66 6 4
66 6 5
66 9 8
66 11 10
66 15 14
66 14 12
66 14 13
66 20 19
66 19 17
66 17 16
66 19 18
66 29 28
66 28 27
66 31 30
67 29 1
67 1 0
67 29 28
67 28 25
67 25 6
67 6 5
67 5 3
67 3 2
67 5 4
67 25 24
67 24 11
67 11 10
67 10 9
67 9 7
67 9 8
67 24 23
67 23 12
67 23 22
67 22 20
67 20 18
67 18 17
67 17 16
67 16 14
67 14 13
67 16 15
67 20 19
67 22 21
67 28 27
67 27 26
68 31 0
68 31 30
68 30 27
68 27 21
68 21 20
68 20 19
68 19 4
68 4 3
68 3 2
68 2 1
68 19 18
68 18 17
68 17 13
68 13 12
68 12 11
68 11 5
68 11 10
68 10 6
68 10 9
68 9 8
68 8 7
68 17 16
68 16 14
68 16 15
68 27 26
68 26 25
68 25 22
68 25 24
68 24 23
68 30 29
68 29 28
69 29 27
69 27 0
69 27 26
69 26 18
69 18 13
69 13 12
69 12 10
69 10 1
69 10 9
69 9 8
69 8 5
69 5 4
69 4 2
69 4 3
69 8 7
69 7 6
69 12 11
69 18 17
69 17 14
69 17 16
69 16 15
69 26 25
69 25 22
69 22 21
69 21 19
69 21 20
69 25 24
69 24 23
69 29 28
70 33 7
70 7 0
70 7 6
70 6 2
70 2 1
70 6 5
70 5 4
70 4 3
70 33 32
70 32 8
70 32 31
70 31 9
70 31 30
70 30 26
70 26 25
70 25 24
70 24 12
70 12 11
70 11 10
70 24 23
70 23 22
70 22 13
70 22 21
70 21 17
70 17 15
70 15 14
70 17 16
70 21 20
70 20 19
70 19 18
70 30 29
70 29 28
70 28 27
71 30 29
71 29 0
71 29 28
71 28 27
71 27 26
71 26 25
71 25 3
71 3 2
71 2 1
71 25 24
71 24 6
71 6 4
71 6 5
71 24 23
71 23 21
71 21 9
71 9 7
71 9 8
71 21 20
71 20 19
71 19 17
71 17 15
71 15 13
71 13 10
71 13 12
71 12 11
71 15 14
71 17 16
71 19 18
71 23 22
72 29 28
72 28 27
72 27 26
72 26 25
72 25 4
72 4 0
72 4 3
72 3 1
72 3 2
72 25 24
72 24 22
72 22 14
72 14 13
72 13 12
72 12 5
72 12 11
72 11 10
72 10 9
72 9 7
72 7 6
72 9 8
72 22 21
72 21 19
72 19 17
72 17 16
72 16 15
72 19 18
72 21 20
72 24 23
73 29 1
73 1 0
73 29 28
73 28 27
73 27 26
73 26 25
73 25 23
73 23 22
73 22 21
73 21 20
73 20 19
73 19 18
73 18 16
73 16 14
73 14 2
73 14 13
73 13 12
73 12 11
73 11 8
73 8 7
73 7 3
73 7 6
73 6 5
73 5 4
73 11 10
73 10 9
73 16 15
73 18 17
73 25 24
74 30 28
74 28 23
74 23 1
74 1 0
74 23 22
74 22 11
74 11 2
74 11 10
74 10 8
74 8 7
74 7 3
74 7 6
74 6 5
74 5 4
74 10 9
74 22 21
74 21 20
74 20 18
74 18 12
74 18 17
74 17 13
74 17 16
74 16 15
74 15 14
74 20 19
74 28 27
74 27 25
74 25 24
74 27 26
74 30 29
75 33 2
75 2 0
75 2 1
75 33 32
75 32 7
75 7 3
75 7 6
75 6 5
75 5 4
75 32 31
75 31 8
75 31 30
75 30 29
75 29 27
75 27 26
75 26 22
75 22 11
75 11 9
75 11 10
75 22 21
75 21 20
75 20 17
75 17 14
75 14 13
75 13 12
75 17 16
75 16 15
75 20 19
75 19 18
75 26 25
75 25 24
75 24 23
75 29 28
76 33 32
76 32 26
76 26 1
76 1 0
76 26 25
76 25 2
76 25 24
76 24 14
76 14 7
76 7 5
76 5 4
76 4 3
76 7 6
76 14 13
76 13 10
76 10 8
76 10 9
76 13 12
76 12 11
76 24 23
76 23 15
76 23 22
76 22 21
76 21 20
76 20 18
76 18 16
76 18 17
76 20 19
76 32 31
76 31 27
76 31 30
76 30 29
76 29 28
77 31 9
77 9 0
77 9 8
77 8 5
77 5 4
77 4 1
77 4 3
77 3 2
77 8 7
77 7 6
77 31 30
77 30 27
77 27 22
77 22 17
77 17 16
77 16 14
77 14 12
77 12 11
77 11 10
77 14 13
77 16 15
77 22 21
77 21 19
77 19 18
77 21 20
77 27 26
77 26 23
77 26 25
77 25 24
77 30 29
77 29 28
78 32 12
78 12 0
78 12 11
78 11 10
78 10 9
78 9 2
78 2 1
78 9 8
78 8 5
78 5 4
78 4 3
78 8 7
78 7 6
78 32 31
78 31 30
78 30 16
78 16 15
78 15 14
78 14 13
78 30 29
78 29 28
78 28 27
78 27 26
78 26 20
78 20 19
78 19 18
78 18 17
78 26 25
78 25 24
78 24 23
78 23 22
78 22 21
79 30 29
79 29 28
79 28 26
79 26 1
79 1 0
79 26 25
79 25 24
79 24 3
79 3 2
79 24 23
79 23 16
79 16 15
79 15 9
79 9 7
79 7 5
79 5 4
79 7 6
79 9 8
79 15 14
79 14 10
79 14 13
79 13 11
79 13 12
79 23 22
79 22 21
79 21 20
79 20 17
79 20 19
79 19 18
79 28 27
80 30 28
80 28 25
80 25 0
80 25 24
80 24 11
80 11 10
80 10 8
80 8 4
80 4 3
80 3 2
80 2 1
80 8 7
80 7 5
80 7 6
80 10 9
80 24 23
80 23 22
80 22 21
80 21 20
80 20 18
80 18 16
80 16 13
80 13 12
80 16 15
80 15 14
80 18 17
80 20 19
80 28 27
80 27 26
80 30 29
81 34 33
81 33 32
81 32 30
81 30 29
81 29 28
81 28 27
81 27 26
81 26 25
81 25 11
81 11 9
81 9 8
81 8 3
81 3 2
81 2 1
81 1 0
81 8 7
81 7 6
81 6 4
81 6 5
81 11 10
81 25 24
81 24 21
81 21 20
81 20 19
81 19 14
81 14 13
81 13 12
81 19 18
81 18 17
81 17 16
81 16 15
81 24 23
81 23 22
81 32 31
82 34 0
82 34 33
82 33 32
82 32 30
82 30 28
82 28 26
82 26 25
82 25 9
82 9 5
82 5 4
82 4 1
82 4 3
82 3 2
82 9 8
82 8 7
82 7 6
82 25 24
82 24 15
82 15 13
82 13 12
82 12 11
82 11 10
82 15 14
82 24 23
82 23 21
82 21 20
82 20 18
82 18 16
82 18 17
82 20 19
82 23 22
82 28 27
82 30 29
82 32 31
83 33 32
83 32 19
83 19 0
83 19 18
83 18 14
83 14 13
83 13 8
83 8 7
83 7 2
83 2 1
83 7 6
83 6 3
83 6 5
83 5 4
83 13 12
83 12 11
83 11 9
83 11 10
83 18 17
83 17 16
83 16 15
83 32 31
83 31 30
83 30 27
83 27 21
83 21 20
83 27 26
83 26 24
83 24 22
83 24 23
83 26 25
83 30 29
83 29 28
84 29 2
84 2 0
84 2 1
84 29 28
84 28 4
84 4 3
84 28 27
84 27 26
84 26 7
84 7 5
84 7 6
84 26 25
84 25 24
84 24 23
84 23 8
84 23 22
84 22 21
84 21 20
84 20 9
84 20 19
84 19 15
84 15 10
84 15 14
84 14 13
84 13 12
84 12 11
84 19 18
84 18 17
84 17 16
85 31 1
85 1 0
85 31 30
85 30 29
85 29 19
85 19 18
85 18 16
85 16 15
85 15 14
85 14 8
85 8 7
85 7 5
85 5 4
85 4 2
85 4 3
85 7 6
85 14 13
85 13 11
85 11 9
85 11 10
85 13 12
85 18 17
85 29 28
85 28 26
85 26 25
85 25 24
85 24 23
85 23 22
85 22 20
85 22 21
85 28 27
86 30 29
86 29 1
86 1 0
86 29 28
86 28 24
86 24 2
86 24 23
86 23 18
86 18 17
86 17 16
86 16 13
86 13 12
86 12 3
86 12 11
86 11 5
86 5 4
86 11 10
86 10 9
86 9 8
86 8 7
86 7 6
86 16 15
86 15 14
86 23 22
86 22 21
86 21 19
86 21 20
86 28 27
86 27 25
86 27 26
87 30 29
87 29 26
87 26 23
87 23 22
87 22 21
87 21 0
87 21 20
87 20 19
87 19 17
87 17 14
87 14 13
87 13 12
87 12 10
87 10 2
87 2 1
87 10 9
87 9 6
87 6 5
87 5 4
87 4 3
87 9 8
87 8 7
87 12 11
87 17 16
87 16 15
87 19 18
87 26 25
87 25 24
87 29 28
87 28 27
88 31 1
88 1 0
88 31 30
88 30 29
88 29 3
88 3 2
88 29 28
88 28 12
88 12 10
88 10 8
88 8 4
88 8 7
88 7 5
88 7 6
88 10 9
88 12 11
88 28 27
88 27 26
88 26 25
88 25 24
88 24 23
88 23 21
88 21 20
88 20 19
88 19 17
88 17 16
88 16 15
88 15 13
88 15 14
88 19 18
88 23 22
89 33 31
89 31 0
89 31 30
89 30 29
89 29 28
89 28 14
89 14 1
89 14 13
89 13 2
89 13 12
89 12 4
89 4 3
89 12 11
89 11 10
89 10 9
89 9 5
89 9 8
89 8 6
89 8 7
89 28 27
89 27 26
89 26 23
89 23 19
89 19 17
89 17 15
89 17 16
89 19 18
89 23 22
89 22 21
89 21 20
89 26 25
89 25 24
89 33 32
90 31 23
90 23 19
90 19 17
90 17 0
90 17 16
90 16 1
90 16 15
90 15 14
90 14 8
90 8 7
90 7 3
90 3 2
90 7 6
90 6 5
90 5 4
90 14 13
90 13 11
90 11 10
90 10 9
90 13 12
90 19 18
90 23 22
90 22 21
90 21 20
90 31 30
90 30 28
90 28 24
90 28 27
90 27 26
90 26 25
90 30 29
91 31 30
91 30 5
91 5 3
91 3 2
91 2 0
91 2 1
91 5 4
91 30 29
91 29 15
91 15 14
91 14 8
91 8 6
91 8 7
91 14 13
91 13 12
91 12 11
91 11 9
91 11 10
91 29 28
91 28 27
91 27 26
91 26 16
91 26 25
91 25 24
91 24 23
91 23 17
91 23 22
91 22 19
91 19 18
91 22 21
91 21 20
92 29 28
92 28 27
92 27 26
92 26 25
92 25 24
92 24 0
92 24 23
92 23 17
92 17 16
92 16 5
92 5 3
92 3 2
92 2 1
92 5 4
92 16 15
92 15 14
92 14 13
92 13 12
92 12 6
92 12 11
92 11 10
92 10 9
92 9 7
92 9 8
92 23 22
92 22 20
92 20 19
92 19 18
92 22 21
93 30 5
93 5 4
93 4 0
93 4 3
93 3 2
93 2 1
93 30 29
93 29 28
93 28 9
93 9 8
93 8 6
93 8 7
93 28 27
93 27 26
93 26 20
93 20 10
93 20 19
93 19 11
93 19 18
93 18 17
93 17 16
93 16 15
93 15 12
93 15 14
93 14 13
93 26 25
93 25 24
93 24 23
93 23 22
93 22 21
94 33 30
94 30 9
94 9 8
94 8 7
94 7 5
94 5 4
94 4 3
94 3 1
94 1 0
94 3 2
94 7 6
94 30 29
94 29 13
94 13 12
94 12 11
94 11 10
94 29 28
94 28 14
94 28 27
94 27 26
94 26 22
94 22 17
94 17 16
94 16 15
94 22 21
94 21 20
94 20 18
94 20 19
94 26 25
94 25 24
94 24 23
94 33 32
94 32 31
95 33 31
95 31 30
95 30 0
95 30 29
95 29 4
95 4 1
95 4 3
95 3 2
95 29 28
95 28 26
95 26 25
95 25 24
95 24 22
95 22 5
95 22 21
95 21 14
95 14 13
95 13 12
95 12 7
95 7 6
95 12 11
95 11 8
95 11 10
95 10 9
95 21 20
95 20 18
95 18 17
95 17 15
95 17 16
95 20 19
95 24 23
95 28 27
95 33 32
96 30 0
96 30 29
96 29 4
96 4 1
96 4 3
96 3 2
96 29 28
96 28 27
96 27 5
96 27 26
96 26 6
96 26 25
96 25 7
96 25 24
96 24 22
96 22 10
96 10 9
96 9 8
96 22 21
96 21 20
96 20 17
96 17 11
96 17 16
96 16 12
96 16 15
96 15 14
96 14 13
96 20 19
96 19 18
96 24 23
97 33 0
97 33 32
97 32 25
97 25 24
97 24 1
97 24 23
97 23 22
97 22 21
97 21 20
97 20 10
97 10 2
97 10 9
97 9 8
97 8 7
97 7 6
97 6 3
97 6 5
97 5 4
97 20 19
97 19 11
97 19 18
97 18 17
97 17 15
97 15 14
97 14 12
97 14 13
97 17 16
97 32 31
97 31 26
97 31 30
97 30 28
97 28 27
97 30 29
98 31 30
98 30 29
98 29 2
98 2 1
98 1 0
98 29 28
98 28 27
98 27 25
98 25 3
98 25 24
98 24 4
98 24 23
98 23 20
98 20 17
98 17 5
98 17 16
98 16 14
98 14 11
98 11 9
98 9 6
98 9 8
98 8 7
98 11 10
98 14 13
98 13 12
98 16 15
98 20 19
98 19 18
98 23 22
98 22 21
98 27 26
99 32 11
99 11 10
99 10 9
99 9 8
99 8 7
99 7 6
99 6 5
99 5 4
99 4 3
99 3 2
99 2 1
99 1 0
99 32 31
99 31 16
99 16 12
99 16 15
99 15 13
99 15 14
99 31 30
99 30 27
99 27 26
99 26 19
99 19 17
99 19 18
99 26 25
99 25 24
99 24 22
99 22 21
99 21 20
99 24 23
99 30 29
99 29 28
100 29 15
100 15 14
100 14 12
100 12 0
100 12 11
100 11 1
100 11 10
100 10 9
100 9 5
100 5 3
100 3 2
100 5 4
100 9 8
100 8 7
100 7 6
100 14 13
100 29 28
100 28 18
100 18 16
100 18 17
100 28 27
100 27 26
100 26 23
100 23 20
100 20 19
100 23 22
100 22 21
100 26 25
100 25 24
101 30 5
101 5 3
101 3 1
101 1 0
101 3 2
101 5 4
101 30 29
101 29 7
101 7 6
101 29 28
101 28 8
101 28 27
101 27 26
101 26 23
101 23 22
101 22 20
101 20 17
101 17 16
101 16 15
101 15 14
101 14 12
101 12 10
101 10 9
101 12 11
101 14 13
101 20 19
101 19 18
101 22 21
101 26 25
101 25 24
