1 31 0
1 31 30
1 30 29
1 29 26
1 26 1
1 26 25
1 25 23
1 23 22
1 22 18
1 18 17
1 17 14
1 14 13
1 13 5
1 5 4
1 4 3
1 3 2
1 13 12
1 12 6
1 12 11
1 11 10
1 10 7
1 10 9
1 9 8
1 17 16
1 16 15
1 22 21
1 21 20
1 20 19
1 25 24
1 29 28
1 28 27
2 31 5
2 5 4
2 4 3
2 3 2
2 2 1
2 1 0
2 31 30
2 30 11
2 11 10
2 10 9
2 9 7
2 7 6
2 9 8
2 30 29
2 29 12
2 29 28
2 28 27
2 27 25
2 25 15
2 15 13
2 15 14
2 25 24
2 24 23
2 23 16
2 23 22
2 22 21
2 21 19
2 19 17
2 19 18
2 21 20
2 27 26
3 33 32
3 32 30
3 30 29
3 29 28
3 28 0
3 28 27
3 27 2
3 2 1
3 27 26
3 26 5
3 5 3
3 5 4
3 26 25
3 25 21
3 21 19
3 19 6
3 19 18
3 18 17
3 17 15
3 15 14
3 14 12
3 12 8
3 8 7
3 12 11
3 11 9
3 11 10
3 14 13
3 17 16
3 21 20
3 25 24
3 24 23
3 23 22
3 32 31
4 33 31
4 31 30
4 30 2
4 2 0
4 2 1
4 30 29
4 29 28
4 28 27
4 27 26
4 26 25
4 25 3
4 25 24
4 24 23
4 23 5
4 5 4
4 23 22
4 22 21
4 21 8
4 8 7
4 7 6
4 21 20
4 20 19
4 19 18
4 18 16
4 16 13
4 13 12
4 12 11
4 11 10
4 10 9
4 16 15
4 15 14
4 18 17
4 33 32
5 33 2
5 2 0
5 2 1
5 33 32
5 32 31
5 31 3
5 31 30
5 30 29
5 29 5
5 5 4
5 29 28
5 28 27
5 27 6
5 27 26
5 26 25
5 25 16
5 16 15
5 15 10
5 10 7
5 10 9
5 9 8
5 15 14
5 14 13
5 13 12
5 12 11
5 25 24
5 24 23
5 23 21
5 21 20
5 20 17
5 20 19
5 19 18
5 23 22
6 32 31
6 31 5
6 5 4
6 4 2
6 2 1
6 1 0
6 4 3
6 31 30
6 30 29
6 29 28
6 28 27
6 27 24
6 24 23
6 23 20
6 20 15
6 15 14
6 14 12
6 12 11
6 11 6
6 11 10
6 10 8
6 8 7
6 10 9
6 14 13
6 20 19
6 19 17
6 17 16
6 19 18
6 23 22
6 22 21
6 27 26
6 26 25
7 34 2
7 2 1
7 1 0
7 34 33
7 33 31
7 31 8
7 8 6
7 6 3
7 6 5
7 5 4
7 8 7
7 31 30
7 30 25
7 25 16
7 16 12
7 12 9
7 12 11
7 11 10
7 16 15
7 15 13
7 15 14
7 25 24
7 24 17
7 24 23
7 23 22
7 22 21
7 21 20
7 20 18
7 20 19
7 30 29
7 29 28
7 28 27
7 27 26
7 33 32
8 31 5
8 5 4
8 4 3
8 3 1
8 1 0
8 3 2
8 31 30
8 30 13
8 13 6
8 13 12
8 12 11
8 11 9
8 9 7
8 9 8
8 11 10
8 30 29
8 29 22
8 22 16
8 16 14
8 16 15
8 22 21
8 21 18
8 18 17
8 21 20
8 20 19
8 29 28
8 28 27
8 27 26
8 26 25
8 25 23
8 25 24
9 29 5
9 5 4
9 4 0
9 4 3
9 3 1
9 3 2
9 29 28
9 28 26
9 26 24
9 24 22
9 22 19
9 19 16
9 16 8
9 8 6
9 8 7
9 16 15
9 15 11
9 11 9
9 11 10
9 15 14
9 14 12
9 14 13
9 19 18
9 18 17
9 22 21
9 21 20
9 24 23
9 26 25
9 28 27
10 29 28
10 28 0
10 28 27
10 27 25
10 25 1
10 25 24
10 24 23
10 23 21
10 21 20
10 20 19
10 19 8
10 8 7
10 7 6
10 6 4
10 4 3
10 3 2
10 6 5
10 19 18
10 18 17
10 17 16
10 16 15
10 15 14
10 14 13
10 13 11
10 11 10
10 10 9
10 13 12
10 23 22
10 27 26
11 32 31
11 31 12
11 12 0
11 12 11
11 11 8
11 8 2
11 2 1
11 8 7
11 7 3
11 7 6
11 6 5
11 5 4
11 11 10
11 10 9
11 31 30
11 30 18
11 18 17
11 17 16
11 16 14
11 14 13
11 16 15
11 30 29
11 29 28
11 28 21
11 21 19
11 21 20
11 28 27
11 27 26
11 26 22
11 26 25
11 25 23
11 25 24
12 32 30
12 30 27
12 27 25
12 25 24
12 24 22
12 22 14
12 14 13
12 13 4
12 4 3
12 3 1
12 1 0
12 3 2
12 13 12
12 12 11
12 11 7
12 7 6
12 6 5
12 11 10
12 10 8
12 10 9
12 22 21
12 21 15
12 21 20
12 20 19
12 19 16
12 19 18
12 18 17
12 24 23
12 27 26
12 30 29
12 29 28
12 32 31
13 31 30
13 30 0
13 30 29
13 29 5
13 5 1
13 5 4
13 4 3
13 3 2
13 29 28
13 28 9
13 9 7
13 7 6
13 9 8
13 28 27
13 27 16
13 16 14
13 14 11
13 11 10
13 14 13
13 13 12
13 16 15
13 27 26
13 26 17
13 26 25
13 25 20
13 20 19
13 19 18
13 25 24
13 24 22
13 22 21
13 24 23
14 30 10
14 10 9
14 9 8
14 8 7
14 7 0
14 7 6
14 6 5
14 5 1
14 5 4
14 4 2
14 4 3
14 30 29
14 29 11
14 29 28
14 28 25
14 25 24
14 24 18
14 18 12
14 18 17
14 17 14
14 14 13
14 17 16
14 16 15
14 24 23
14 23 20
14 20 19
14 23 22
14 22 21
14 28 27
14 27 26
15 30 29
15 29 17
15 17 16
15 16 13
15 13 11
15 11 7
15 7 4
15 4 3
15 3 0
15 3 2
15 2 1
15 7 6
15 6 5
15 11 10
15 10 9
15 9 8
15 13 12
15 16 15
15 15 14
15 29 28
15 28 18
15 28 27
15 27 19
15 27 26
15 26 25
15 25 24
15 24 23
15 23 20
15 23 22
15 22 21
16 30 3
16 3 0
16 3 2
16 2 1
16 30 29
16 29 6
16 6 4
16 6 5
16 29 28
16 28 27
16 27 21
16 21 20
16 20 19
16 19 18
16 18 16
16 16 15
16 15 14
16 14 9
16 9 7
16 9 8
16 14 13
16 13 11
16 11 10
16 13 12
16 18 17
16 27 26
16 26 24
16 24 23
16 23 22
16 26 25
17 33 32
17 32 0
17 32 31
17 31 30
17 30 28
17 28 27
17 27 25
17 25 1
17 25 24
17 24 19
17 19 7
17 7 2
17 7 6
17 6 4
17 4 3
17 6 5
17 19 18
17 18 16
17 16 11
17 11 8
17 11 10
17 10 9
17 16 15
17 15 14
17 14 12
17 14 13
17 18 17
17 24 23
17 23 22
17 22 21
17 21 20
17 27 26
17 30 29
18 34 33
18 33 31
18 31 0
18 31 30
18 30 7
18 7 3
18 3 2
18 2 1
18 7 6
18 6 4
18 6 5
18 30 29
18 29 28
18 28 26
18 26 25
18 25 24
18 24 23
18 23 21
18 21 20
18 20 19
18 19 18
18 18 17
18 17 9
18 9 8
18 17 16
18 16 14
18 14 13
18 13 10
18 13 12
18 12 11
18 16 15
18 23 22
18 28 27
18 33 32
19 33 1
19 1 0
19 33 32
19 32 31
19 31 2
19 31 30
19 30 29
19 29 4
19 4 3
19 29 28
19 28 26
19 26 5
19 26 25
19 25 20
19 20 19
19 19 17
19 17 15
19 15 12
19 12 7
19 7 6
19 12 11
19 11 9
19 9 8
19 11 10
19 15 14
19 14 13
19 17 16
19 19 18
19 25 24
19 24 22
19 22 21
19 24 23
19 28 27
20 31 30
20 30 29
20 29 28
20 28 16
20 16 14
20 14 1
20 1 0
20 14 13
20 13 12
20 12 11
20 11 10
20 10 9
20 9 8
20 8 7
20 7 3
20 3 2
20 7 6
20 6 5
20 5 4
20 16 15
20 28 27
20 27 17
20 27 26
20 26 25
20 25 24
20 24 23
20 23 21
20 21 18
20 21 20
20 20 19
20 23 22
21 34 28
21 28 27
21 27 26
21 26 24
21 24 2
21 2 1
21 1 0
21 24 23
21 23 22
21 22 21
21 21 18
21 18 16
21 16 3
21 16 15
21 15 13
21 13 8
21 8 6
21 6 4
21 6 5
21 8 7
21 13 12
21 12 9
21 12 11
21 11 10
21 15 14
21 18 17
21 21 20
21 20 19
21 26 25
21 34 33
21 33 29
21 33 32
21 32 30
21 32 31
22 31 3
22 3 2
22 2 0
22 2 1
22 31 30
22 30 29
22 29 5
22 5 4
22 29 28
22 28 27
22 27 26
22 26 11
22 11 10
22 10 9
22 9 6
22 9 8
22 8 7
22 26 25
22 25 14
22 14 12
22 14 13
22 25 24
22 24 23
22 23 18
22 18 17
22 17 16
22 16 15
22 23 22
22 22 21
22 21 20
22 20 19
23 30 29
23 29 0
23 29 28
23 28 4
23 4 1
23 4 3
23 3 2
23 28 27
23 27 25
23 25 5
23 25 24
23 24 23
23 23 6
23 23 22
23 22 7
23 22 21
23 21 20
23 20 19
23 19 9
23 9 8
23 19 18
23 18 16
23 16 13
23 13 10
23 13 12
23 12 11
23 16 15
23 15 14
23 18 17
23 27 26
24 30 27
24 27 25
24 25 16
24 16 15
24 15 1
24 1 0
24 15 14
24 14 13
24 13 12
24 12 9
24 9 2
24 9 8
24 8 7
24 7 5
24 5 3
24 5 4
24 7 6
24 12 11
24 11 10
24 25 24
24 24 19
24 19 17
24 19 18
24 24 23
24 23 22
24 22 20
24 22 21
24 27 26
24 30 29
24 29 28
25 30 0
25 30 29
25 29 26
25 26 23
25 23 8
25 8 6
25 6 4
25 4 3
25 3 1
25 3 2
25 6 5
25 8 7
25 23 22
25 22 14
25 14 13
25 13 11
25 11 10
25 10 9
25 13 12
25 22 21
25 21 18
25 18 15
25 18 17
25 17 16
25 21 20
25 20 19
25 26 25
25 25 24
25 29 28
25 28 27
26 30 26
26 26 25
26 25 21
26 21 0
26 21 20
26 20 15
26 15 13
26 13 9
26 9 7
26 7 6
26 6 5
26 5 1
26 5 4
26 4 3
26 3 2
26 9 8
26 13 12
26 12 10
26 12 11
26 15 14
26 20 19
26 19 16
26 19 18
26 18 17
26 25 24
26 24 22
26 24 23
26 30 29
26 29 28
26 28 27
27 32 3
27 3 1
27 1 0
27 3 2
27 32 31
27 31 29
27 29 27
27 27 6
27 6 5
27 5 4
27 27 26
27 26 8
27 8 7
27 26 25
27 25 24
27 24 23
27 23 22
27 22 14
27 14 12
27 12 9
27 12 11
27 11 10
27 14 13
27 22 21
27 21 16
27 16 15
27 21 20
27 20 18
27 18 17
27 20 19
27 29 28
27 31 30
28 31 29
28 29 27
28 27 25
28 25 24
28 24 23
28 23 21
28 21 0
28 21 20
28 20 11
28 11 10
28 10 1
28 10 9
28 9 5
28 5 4
28 4 3
28 3 2
28 9 8
28 8 7
28 7 6
28 20 19
28 19 14
28 14 12
28 14 13
28 19 18
28 18 15
28 18 17
28 17 16
28 23 22
28 27 26
28 29 28
28 31 30
29 30 16
29 16 2
29 2 0
29 2 1
29 16 15
29 15 13
29 13 12
29 12 11
29 11 10
29 10 9
29 9 8
29 8 7
29 7 5
29 5 3
29 5 4
29 7 6
29 15 14
29 30 29
29 29 27
29 27 26
29 26 20
29 20 17
29 20 19
29 19 18
29 26 25
29 25 23
29 23 22
29 22 21
29 25 24
29 29 28
30 31 29
30 29 18
30 18 16
30 16 15
30 15 14
30 14 13
30 13 10
30 10 9
30 9 8
30 8 7
30 7 6
30 6 5
30 5 1
30 1 0
30 5 4
30 4 2
30 4 3
30 13 12
30 12 11
30 18 17
30 29 28
30 28 26
30 26 24
30 24 23
30 23 22
30 22 20
30 20 19
30 22 21
30 26 25
30 28 27
30 31 30
31 33 32
31 32 1
31 1 0
31 32 31
31 31 3
31 3 2
31 31 30
31 30 4
31 30 29
31 29 18
31 18 9
31 9 5
31 9 8
31 8 6
31 8 7
31 18 17
31 17 10
31 17 16
31 16 11
31 16 15
31 15 14
31 14 12
31 14 13
31 29 28
31 28 27
31 27 26
31 26 25
31 25 24
31 24 21
31 21 19
31 21 20
31 24 23
31 23 22
32 34 30
32 30 29
32 29 18
32 18 6
32 6 5
32 5 1
32 1 0
32 5 4
32 4 3
32 3 2
32 18 17
32 17 9
32 9 7
32 9 8
32 17 16
32 16 15
32 15 14
32 14 10
32 14 13
32 13 11
32 13 12
32 29 28
32 28 27
32 27 26
32 26 20
32 20 19
32 26 25
32 25 21
32 25 24
32 24 22
32 24 23
32 34 33
32 33 32
32 32 31
33 29 28
33 28 27
33 27 22
33 22 21
33 21 16
33 16 14
33 14 10
33 10 6
33 6 5
33 5 0
33 5 4
33 4 1
33 4 3
33 3 2
33 10 9
33 9 8
33 8 7
33 14 13
33 13 11
33 13 12
33 16 15
33 21 20
33 20 19
33 19 17
33 19 18
33 27 26
33 26 23
33 26 25
33 25 24
34 29 28
34 28 19
34 19 17
34 17 15
34 15 14
34 14 0
34 14 13
34 13 12
34 12 1
34 12 11
34 11 3
34 3 2
34 11 10
34 10 7
34 7 5
34 5 4
34 7 6
34 10 9
34 9 8
34 17 16
34 19 18
34 28 27
34 27 22
34 22 20
34 22 21
34 27 26
34 26 25
34 25 23
34 25 24
35 30 29
35 29 28
35 28 27
35 27 26
35 26 21
35 21 20
35 20 1
35 1 0
35 20 19
35 19 17
35 17 15
35 15 5
35 5 3
35 3 2
35 5 4
35 15 14
35 14 11
35 11 6
35 11 10
35 10 9
35 9 7
35 9 8
35 14 13
35 13 12
35 17 16
35 19 18
35 26 25
35 25 24
35 24 23
35 23 22
36 33 0
36 33 32
36 32 31
36 31 29
36 29 16
36 16 15
36 15 13
36 13 12
36 12 5
36 5 3
36 3 2
36 2 1
36 5 4
36 12 11
36 11 9
36 9 6
36 9 8
36 8 7
36 11 10
36 15 14
36 29 28
36 28 27
36 27 26
36 26 24
36 24 17
36 24 23
36 23 22
36 22 21
36 21 20
36 20 19
36 19 18
36 26 25
36 31 30
37 30 28
37 28 26
37 26 24
37 24 3
37 3 2
37 2 1
37 1 0
37 24 23
37 23 22
37 22 19
37 19 14
37 14 13
37 13 12
37 12 6
37 6 4
37 6 5
37 12 11
37 11 7
37 11 10
37 10 9
37 9 8
37 19 18
37 18 16
37 16 15
37 18 17
37 22 21
37 21 20
37 26 25
37 28 27
37 30 29
38 32 31
38 31 0
38 31 30
38 30 8
38 8 3
38 3 2
38 2 1
38 8 7
38 7 4
38 7 6
38 6 5
38 30 29
38 29 22
38 22 20
38 20 19
38 19 18
38 18 17
38 17 16
38 16 10
38 10 9
38 16 15
38 15 14
38 14 13
38 13 12
38 12 11
38 22 21
38 29 28
38 28 26
38 26 23
38 26 25
38 25 24
38 28 27
39 32 5
39 5 4
39 4 2
39 2 1
39 1 0
39 4 3
39 32 31
39 31 29
39 29 17
39 17 8
39 8 6
39 8 7
39 17 16
39 16 13
39 13 11
39 11 10
39 10 9
39 13 12
39 16 15
39 15 14
39 29 28
39 28 25
39 25 24
39 24 22
39 22 20
39 20 18
39 20 19
39 22 21
39 24 23
39 28 27
39 27 26
39 31 30
40 29 28
40 28 27
40 27 0
40 27 26
40 26 22
40 22 1
40 22 21
40 21 18
40 18 3
40 3 2
40 18 17
40 17 15
40 15 14
40 14 4
40 14 13
40 13 12
40 12 10
40 10 9
40 9 7
40 7 5
40 7 6
40 9 8
40 12 11
40 17 16
40 21 20
40 20 19
40 26 25
40 25 23
40 25 24
41 33 20
41 20 19
41 19 4
41 4 3
41 3 2
41 2 0
41 2 1
41 19 18
41 18 17
41 17 15
41 15 14
41 14 10
41 10 9
41 9 8
41 8 7
41 7 5
41 7 6
41 14 13
41 13 11
41 13 12
41 17 16
41 33 32
41 32 29
41 29 21
41 29 28
41 28 27
41 27 22
41 27 26
41 26 25
41 25 23
41 25 24
41 32 31
41 31 30
42 31 7
42 7 0
42 7 6
42 6 5
42 5 1
42 5 4
42 4 2
42 4 3
42 31 30
42 30 8
42 30 29
42 29 27
42 27 22
42 22 10
42 10 9
42 22 21
42 21 19
42 19 18
42 18 17
42 17 16
42 16 11
42 16 15
42 15 13
42 13 12
42 15 14
42 21 20
42 27 26
42 26 24
42 24 23
42 26 25
42 29 28
43 32 8
43 8 7
43 7 0
43 7 6
43 6 5
43 5 3
43 3 2
43 2 1
43 5 4
43 32 31
43 31 29
43 29 25
43 25 10
43 10 9
43 25 24
43 24 22
43 22 21
43 21 20
43 20 11
43 20 19
43 19 15
43 15 12
43 15 14
43 14 13
43 19 18
43 18 17
43 17 16
43 24 23
43 29 28
43 28 27
43 27 26
43 31 30
44 34 27
44 27 25
44 25 24
44 24 21
44 21 18
44 18 17
44 17 16
44 16 0
44 16 15
44 15 14
44 14 13
44 13 11
44 11 9
44 9 8
44 8 6
44 6 1
44 6 5
44 5 4
44 4 3
44 3 2
44 8 7
44 11 10
44 13 12
44 21 20
44 20 19
44 24 23
44 23 22
44 27 26
44 34 33
44 33 29
44 29 28
44 33 32
44 32 31
44 31 30
45 32 29
45 29 7
45 7 0
45 7 6
45 6 1
45 6 5
45 5 2
45 5 4
45 4 3
45 29 28
45 28 16
45 16 8
45 16 15
45 15 11
45 11 9
45 11 10
45 15 14
45 14 12
45 14 13
45 28 27
45 27 26
45 26 18
45 18 17
45 26 25
45 25 22
45 22 19
45 22 21
45 21 20
45 25 24
45 24 23
45 32 31
45 31 30
46 34 33
46 33 32
46 32 30
46 30 15
46 15 14
46 14 0
46 14 13
46 13 12
46 12 11
46 11 1
46 11 10
46 10 3
46 3 2
46 10 9
46 9 5
46 5 4
46 9 8
46 8 7
46 7 6
46 30 29
46 29 27
46 27 26
46 26 25
46 25 20
46 20 19
46 19 18
46 18 16
46 18 17
46 25 24
46 24 22
46 22 21
46 24 23
46 29 28
46 32 31
47 34 30
47 30 29
47 29 28
47 28 27
47 27 12
47 12 7
47 7 5
47 5 4
47 4 2
47 2 1
47 1 0
47 4 3
47 7 6
47 12 11
47 11 9
47 9 8
47 11 10
47 27 26
47 26 24
47 24 22
47 22 21
47 21 14
47 14 13
47 21 20
47 20 15
47 20 19
47 19 17
47 17 16
47 19 18
47 24 23
47 26 25
47 34 33
47 33 31
47 33 32
48 34 2
48 2 1
48 1 0
48 34 33
48 33 31
48 31 29
48 29 3
48 29 28
48 28 24
48 24 23
48 23 21
48 21 5
48 5 4
48 21 20
48 20 17
48 17 16
48 16 15
48 15 13
48 13 12
48 12 10
48 10 9
48 9 8
48 8 7
48 7 6
48 12 11
48 15 14
48 20 19
48 19 18
48 23 22
48 28 27
48 27 25
48 27 26
48 31 30
48 33 32
49 30 0
49 30 29
49 29 27
49 27 26
49 26 25
49 25 24
49 24 23
49 23 20
49 20 2
49 2 1
49 20 19
49 19 6
49 6 5
49 5 3
49 5 4
49 19 18
49 18 13
49 13 12
49 12 11
49 11 10
49 10 7
49 10 9
49 9 8
49 18 17
49 17 14
49 17 16
49 16 15
49 23 22
49 22 21
49 29 28
50 30 28
50 28 6
50 6 4
50 4 3
50 3 2
50 2 1
50 1 0
50 6 5
50 28 27
50 27 7
50 27 26
50 26 25
50 25 24
50 24 22
50 22 21
50 21 19
50 19 17
50 17 10
50 10 9
50 9 8
50 17 16
50 16 15
50 15 13
50 13 12
50 12 11
50 15 14
50 19 18
50 21 20
50 24 23
50 30 29
51 33 31
51 31 28
51 28 27
51 27 2
51 2 1
51 1 0
51 27 26
51 26 3
51 26 25
51 25 23
51 23 4
51 23 22
51 22 21
51 21 9
51 9 5
51 9 8
51 8 6
51 8 7
51 21 20
51 20 19
51 19 18
51 18 17
51 17 13
51 13 12
51 12 11
51 11 10
51 17 16
51 16 14
51 16 15
51 25 24
51 31 30
51 30 29
51 33 32
52 31 25
52 25 24
52 24 1
52 1 0
52 24 23
52 23 7
52 7 2
52 7 6
52 6 4
52 4 3
52 6 5
52 23 22
52 22 9
52 9 8
52 22 21
52 21 17
52 17 13
52 13 10
52 13 12
52 12 11
52 17 16
52 16 14
52 16 15
52 21 20
52 20 18
52 20 19
52 31 30
52 30 29
52 29 28
52 28 26
52 28 27
53 34 0
53 34 33
53 33 32
53 32 20
53 20 1
53 20 19
53 19 2
53 19 18
53 18 17
53 17 16
53 16 10
53 10 4
53 4 3
53 10 9
53 9 7
53 7 6
53 6 5
53 9 8
53 16 15
53 15 13
53 13 11
53 13 12
53 15 14
53 32 31
53 31 29
53 29 28
53 28 27
53 27 25
53 25 21
53 25 24
53 24 22
53 24 23
53 27 26
53 31 30
54 34 17
54 17 13
54 13 11
54 11 4
54 4 0
54 4 3
54 3 1
54 3 2
54 11 10
54 10 7
54 7 6
54 6 5
54 10 9
54 9 8
54 13 12
54 17 16
54 16 15
54 15 14
54 34 33
54 33 18
54 33 32
54 32 30
54 30 28
54 28 27
54 27 24
54 24 23
54 23 22
54 22 21
54 21 19
54 21 20
54 27 26
54 26 25
54 30 29
54 32 31
55 31 27
55 27 0
55 27 26
55 26 25
55 25 9
55 9 1
55 9 8
55 8 4
55 4 3
55 3 2
55 8 7
55 7 5
55 7 6
55 25 24
55 24 22
55 22 16
55 16 15
55 15 13
55 13 11
55 11 10
55 13 12
55 15 14
55 22 21
55 21 19
55 19 17
55 19 18
55 21 20
55 24 23
55 31 30
55 30 28
55 30 29
56 34 33
56 33 32
56 32 31
56 31 7
56 7 0
56 7 6
56 6 5
56 5 4
56 4 3
56 3 1
56 3 2
56 31 30
56 30 29
56 29 19
56 19 17
56 17 16
56 16 15
56 15 13
56 13 12
56 12 9
56 9 8
56 12 11
56 11 10
56 15 14
56 19 18
56 29 28
56 28 27
56 27 26
56 26 24
56 24 21
56 21 20
56 24 23
56 23 22
56 26 25
57 31 23
57 23 0
57 23 22
57 22 21
57 21 20
57 20 3
57 3 1
57 3 2
57 20 19
57 19 18
57 18 16
57 16 13
57 13 7
57 7 6
57 6 4
57 6 5
57 13 12
57 12 11
57 11 10
57 10 9
57 9 8
57 16 15
57 15 14
57 18 17
57 31 30
57 30 29
57 29 27
57 27 26
57 26 25
57 25 24
57 29 28
58 31 21
58 21 19
58 19 2
58 2 0
58 2 1
58 19 18
58 18 13
58 13 12
58 12 10
58 10 8
58 8 7
58 7 6
58 6 3
58 6 5
58 5 4
58 10 9
58 12 11
58 18 17
58 17 16
58 16 14
58 16 15
58 21 20
58 31 30
58 30 29
58 29 28
58 28 22
58 28 27
58 27 26
58 26 23
58 26 25
58 25 24
59 29 28
59 28 27
59 27 9
59 9 8
59 8 6
59 6 2
59 2 1
59 1 0
59 6 5
59 5 4
59 4 3
59 8 7
59 27 26
59 26 24
59 24 23
59 23 15
59 15 10
59 15 14
59 14 12
59 12 11
59 14 13
59 23 22
59 22 21
59 21 20
59 20 16
59 20 19
59 19 17
59 19 18
59 26 25
60 29 14
60 14 1
60 1 0
60 14 13
60 13 12
60 12 3
60 3 2
60 12 11
60 11 9
60 9 4
60 9 8
60 8 7
60 7 6
60 6 5
60 11 10
60 29 28
60 28 16
60 16 15
60 28 27
60 27 26
60 26 24
60 24 17
60 24 23
60 23 22
60 22 18
60 22 21
60 21 20
60 20 19
60 26 25
61 29 22
61 22 21
61 21 18
61 18 0
61 18 17
61 17 16
61 16 15
61 15 14
61 14 12
61 12 11
61 11 10
61 10 3
61 3 1
61 3 2
61 10 9
61 9 4
61 9 8
61 8 5
61 8 7
61 7 6
61 14 13
61 21 20
61 20 19
61 29 28
61 28 27
61 27 26
61 26 25
61 25 24
61 24 23
62 33 24
62 24 23
62 23 21
62 21 12
62 12 11
62 11 10
62 10 5
62 5 0
62 5 4
62 4 1
62 4 3
62 3 2
62 10 9
62 9 7
62 7 6
62 9 8
62 21 20
62 20 19
62 19 18
62 18 16
62 16 13
62 16 15
62 15 14
62 18 17
62 23 22
62 33 32
62 32 25
62 32 31
62 31 29
62 29 28
62 28 26
62 28 27
62 31 30
63 31 1
63 1 0
63 31 30
63 30 5
63 5 2
63 5 4
63 4 3
63 30 29
63 29 26
63 26 13
63 13 8
63 8 7
63 7 6
63 13 12
63 12 10
63 10 9
63 12 11
63 26 25
63 25 24
63 24 22
63 22 15
63 15 14
63 22 21
63 21 16
63 21 20
63 20 19
63 19 18
63 18 17
63 24 23
63 29 28
63 28 27
64 34 33
64 33 31
64 31 2
64 2 1
64 1 0
64 31 30
64 30 8
64 8 7
64 7 6
64 6 3
64 6 5
64 5 4
64 30 29
64 29 26
64 26 13
64 13 11
64 11 10
64 10 9
64 13 12
64 26 25
64 25 20
64 20 19
64 19 17
64 17 15
64 15 14
64 17 16
64 19 18
64 25 24
64 24 22
64 22 21
64 24 23
64 29 28
64 28 27
64 33 32
65 29 0
65 29 28
65 28 27
65 27 23
65 23 22
65 22 18
65 18 17
65 17 12
65 12 10
65 10 9
65 9 4
65 4 1
65 4 3
65 3 2
65 9 8
65 8 6
65 6 5
65 8 7
65 12 11
65 17 16
65 16 13
65 16 15
65 15 14
65 22 21
65 21 19
65 21 20
65 27 26
65 26 25
65 25 24
66 29 14
66 14 8
66 8 7
66 7 1
66 1 0
66 7 6
66 6 5
66 5 4
66 4 3
66 3 2
66 14 13
66 13 9
66 13 12
66 12 11
66 11 10
66 29 28
66 28 16
66 16 15
66 28 27
66 27 26
66 26 25
66 25 22
66 22 21
66 21 19
66 19 18
66 18 17
66 21 20
66 25 24
66 24 23
67 32 31
67 31 0
67 31 30
67 30 26
67 26 24
67 24 7
67 7 6
67 6 1
67 6 5
67 5 4
67 4 3
67 3 2
67 24 23
67 23 22
67 22 8
67 22 21
67 21 9
67 21 20
67 20 17
67 17 14
67 14 13
67 13 12
67 12 10
67 12 11
67 17 16
67 16 15
67 20 19
67 19 18
67 26 25
67 30 29
67 29 27
67 29 28
68 32 5
68 5 1
68 1 0
68 5 4
68 4 3
68 3 2
68 32 31
68 31 30
68 30 22
68 22 16
68 16 15
68 15 14
68 14 13
68 13 7
68 7 6
68 13 12
68 12 9
68 9 8
68 12 11
68 11 10
68 22 21
68 21 19
68 19 18
68 18 17
68 21 20
68 30 29
68 29 28
68 28 27
68 27 25
68 25 24
68 24 23
68 27 26
69 30 29
69 29 23
69 23 20
69 20 19
69 19 18
69 18 17
69 17 16
69 16 15
69 15 13
69 13 11
69 11 9
69 9 8
69 8 6
69 6 5
69 5 1
69 1 0
69 5 4
69 4 3
69 3 2
69 8 7
69 11 10
69 13 12
69 15 14
69 23 22
69 22 21
69 29 28
69 28 27
69 27 26
69 26 25
69 25 24
70 30 29
70 29 28
70 28 27
70 27 3
70 3 2
70 2 0
70 2 1
70 27 26
70 26 14
70 14 8
70 8 5
70 5 4
70 8 7
70 7 6
70 14 13
70 13 9
70 13 12
70 12 11
70 11 10
70 26 25
70 25 16
70 16 15
70 25 24
70 24 23
70 23 21
70 21 20
70 20 19
70 19 18
70 18 17
70 23 22
71 32 1
71 1 0
71 32 31
71 31 29
71 29 4
71 4 2
71 4 3
71 29 28
71 28 20
71 20 5
71 20 19
71 19 6
71 19 18
71 18 10
71 10 9
71 9 7
71 9 8
71 18 17
71 17 15
71 15 11
71 15 14
71 14 12
71 14 13
71 17 16
71 28 27
71 27 26
71 26 25
71 25 21
71 25 24
71 24 23
71 23 22
71 31 30
72 34 0
72 34 33
72 33 30
72 30 3
72 3 1
72 3 2
72 30 29
72 29 25
72 25 9
72 9 8
72 8 4
72 8 7
72 7 6
72 6 5
72 25 24
72 24 23
72 23 21
72 21 20
72 20 19
72 19 17
72 17 10
72 17 16
72 16 15
72 15 14
72 14 12
72 12 11
72 14 13
72 19 18
72 23 22
72 29 28
72 28 27
72 27 26
72 33 32
72 32 31
73 29 28
73 28 27
73 27 4
73 4 3
73 3 0
73 3 2
73 2 1
73 27 26
73 26 8
73 8 5
73 8 7
73 7 6
73 26 25
73 25 23
73 23 22
73 22 21
73 21 11
73 11 10
73 10 9
73 21 20
73 20 13
73 13 12
73 20 19
73 19 14
73 19 18
73 18 15
73 18 17
73 17 16
73 25 24
74 33 32
74 32 31
74 31 30
74 30 28
74 28 5
74 5 4
74 4 3
74 3 1
74 1 0
74 3 2
74 28 27
74 27 26
74 26 25
74 25 23
74 23 22
74 22 10
74 10 6
74 10 9
74 9 7
74 9 8
74 22 21
74 21 13
74 13 12
74 12 11
74 21 20
74 20 18
74 18 17
74 17 14
74 17 16
74 16 15
74 20 19
74 25 24
74 30 29
75 31 0
75 31 30
75 30 29
75 29 27
75 27 26
75 26 23
75 23 3
75 3 1
75 3 2
75 23 22
75 22 5
75 5 4
75 22 21
75 21 8
75 8 7
75 7 6
75 21 20
75 20 18
75 18 17
75 17 16
75 16 11
75 11 9
75 11 10
75 16 15
75 15 12
75 15 14
75 14 13
75 20 19
75 26 25
75 25 24
75 29 28
76 29 27
76 27 26
76 26 25
76 25 0
76 25 24
76 24 23
76 23 22
76 22 8
76 8 4
76 4 1
76 4 3
76 3 2
76 8 7
76 7 6
76 6 5
76 22 21
76 21 11
76 11 10
76 10 9
76 21 20
76 20 19
76 19 14
76 14 12
76 14 13
76 19 18
76 18 17
76 17 16
76 16 15
76 29 28
77 34 8
77 8 1
77 1 0
77 8 7
77 7 3
77 3 2
77 7 6
77 6 4
77 6 5
77 34 33
77 33 31
77 31 29
77 29 28
77 28 27
77 27 9
77 27 26
77 26 15
77 15 13
77 13 10
77 13 12
77 12 11
77 15 14
77 26 25
77 25 23
77 23 22
77 22 21
77 21 20
77 20 19
77 19 18
77 18 17
77 17 16
77 25 24
77 31 30
77 33 32
78 30 4
78 4 2
78 2 1
78 1 0
78 4 3
78 30 29
78 29 28
78 28 26
78 26 23
78 23 7
78 7 6
78 6 5
78 23 22
78 22 9
78 9 8
78 22 21
78 21 19
78 19 16
78 16 14
78 14 13
78 13 12
78 12 10
78 12 11
78 16 15
78 19 18
78 18 17
78 21 20
78 26 25
78 25 24
78 28 27
79 34 0
79 34 33
79 33 28
79 28 16
79 16 15
79 15 5
79 5 4
79 4 1
79 4 3
79 3 2
79 15 14
79 14 12
79 12 11
79 11 8
79 8 7
79 7 6
79 11 10
79 10 9
79 14 13
79 28 27
79 27 25
79 25 17
79 25 24
79 24 19
79 19 18
79 24 23
79 23 22
79 22 21
79 21 20
79 27 26
79 33 32
79 32 30
79 30 29
79 32 31
80 33 32
80 32 31
80 31 30
80 30 0
80 30 29
80 29 2
80 2 1
80 29 28
80 28 4
80 4 3
80 28 27
80 27 5
80 27 26
80 26 23
80 23 22
80 22 10
80 10 7
80 7 6
80 10 9
80 9 8
80 22 21
80 21 18
80 18 17
80 17 16
80 16 14
80 14 13
80 13 12
80 12 11
80 16 15
80 21 20
80 20 19
80 26 25
80 25 24
81 29 28
81 28 0
81 28 27
81 27 2
81 2 1
81 27 26
81 26 5
81 5 4
81 4 3
81 26 25
81 25 23
81 23 9
81 9 7
81 7 6
81 9 8
81 23 22
81 22 10
81 22 21
81 21 18
81 18 17
81 17 15
81 15 12
81 12 11
81 15 14
81 14 13
81 17 16
81 21 20
81 20 19
81 25 24
82 30 28
82 28 26
82 26 15
82 15 14
82 14 12
82 12 11
82 11 9
82 9 8
82 8 0
82 8 7
82 7 5
82 5 1
82 5 4
82 4 3
82 3 2
82 7 6
82 11 10
82 14 13
82 26 25
82 25 18
82 18 17
82 17 16
82 25 24
82 24 22
82 22 21
82 21 19
82 21 20
82 24 23
82 28 27
82 30 29
83 34 32
83 32 7
83 7 6
83 6 0
83 6 5
83 5 3
83 3 1
83 3 2
83 5 4
83 32 31
83 31 24
83 24 23
83 23 8
83 23 22
83 22 20
83 20 18
83 18 13
83 13 9
83 13 12
83 12 10
83 12 11
83 18 17
83 17 14
83 17 16
83 16 15
83 20 19
83 22 21
83 31 30
83 30 29
83 29 27
83 27 26
83 26 25
83 29 28
83 34 33
84 31 3
84 3 0
84 3 2
84 2 1
84 31 30
84 30 29
84 29 25
84 25 22
84 22 8
84 8 4
84 8 7
84 7 5
84 7 6
84 22 21
84 21 20
84 20 18
84 18 17
84 17 11
84 11 9
84 11 10
84 17 16
84 16 15
84 15 14
84 14 12
84 14 13
84 20 19
84 25 24
84 24 23
84 29 28
84 28 26
84 28 27
85 34 33
85 33 29
85 29 27
85 27 26
85 26 22
85 22 21
85 21 20
85 20 18
85 18 17
85 17 0
85 17 16
85 16 1
85 16 15
85 15 2
85 15 14
85 14 13
85 13 12
85 12 11
85 11 10
85 10 6
85 6 5
85 5 3
85 5 4
85 10 9
85 9 7
85 9 8
85 20 19
85 26 25
85 25 24
85 24 23
85 29 28
85 33 32
85 32 31
85 31 30
86 33 0
86 33 32
86 32 31
86 31 7
86 7 6
86 6 5
86 5 3
86 3 2
86 2 1
86 5 4
86 31 30
86 30 29
86 29 28
86 28 25
86 25 22
86 22 8
86 22 21
86 21 19
86 19 18
86 18 16
86 16 9
86 16 15
86 15 11
86 11 10
86 15 14
86 14 12
86 14 13
86 18 17
86 21 20
86 25 24
86 24 23
86 28 27
86 27 26
87 31 30
87 30 29
87 29 28
87 28 26
87 26 24
87 24 22
87 22 20
87 20 7
87 7 5
87 5 4
87 4 3
87 3 2
87 2 0
87 2 1
87 7 6
87 20 19
87 19 18
87 18 17
87 17 12
87 12 10
87 10 8
87 10 9
87 12 11
87 17 16
87 16 14
87 14 13
87 16 15
87 22 21
87 24 23
87 26 25
87 28 27
88 33 25
88 25 21
88 21 16
88 16 15
88 15 11
88 11 1
88 1 0
88 11 10
88 10 4
88 4 3
88 3 2
88 10 9
88 9 7
88 7 5
88 7 6
88 9 8
88 15 14
88 14 12
88 14 13
88 21 20
88 20 18
88 18 17
88 20 19
88 25 24
88 24 22
88 24 23
88 33 32
88 32 27
88 27 26
88 32 31
88 31 30
88 30 28
88 30 29
89 32 30
89 30 0
89 30 29
89 29 2
89 2 1
89 29 28
89 28 4
89 4 3
89 28 27
89 27 26
89 26 25
89 25 24
89 24 23
89 23 5
89 23 22
89 22 21
89 21 20
89 20 19
89 19 17
89 17 6
89 17 16
89 16 15
89 15 12
89 12 10
89 10 8
89 8 7
89 10 9
89 12 11
89 15 14
89 14 13
89 19 18
89 32 31
90 32 31
90 31 2
90 2 1
90 1 0
90 31 30
90 30 29
90 29 25
90 25 7
90 7 4
90 4 3
90 7 6
90 6 5
90 25 24
90 24 20
90 20 9
90 9 8
90 20 19
90 19 17
90 17 11
90 11 10
90 17 16
90 16 12
90 16 15
90 15 14
90 14 13
90 19 18
90 24 23
90 23 22
90 22 21
90 29 28
90 28 27
90 27 26
91 33 1
91 1 0
91 33 32
91 32 29
91 29 2
91 29 28
91 28 3
91 28 27
91 27 4
91 27 26
91 26 25
91 25 24
91 24 22
91 22 21
91 21 19
91 19 17
91 17 16
91 16 11
91 11 10
91 10 9
91 9 8
91 8 7
91 7 5
91 7 6
91 16 15
91 15 12
91 15 14
91 14 13
91 19 18
91 21 20
91 24 23
91 32 31
91 31 30
92 29 11
92 11 9
92 9 7
92 7 5
92 5 0
92 5 4
92 4 2
92 2 1
92 4 3
92 7 6
92 9 8
92 11 10
92 29 28
92 28 27
92 27 26
92 26 21
92 21 14
92 14 13
92 13 12
92 21 20
92 20 19
92 19 16
92 16 15
92 19 18
92 18 17
92 26 25
92 25 24
92 24 23
92 23 22
93 30 29
93 29 5
93 5 4
93 4 3
93 3 2
93 2 1
93 1 0
93 29 28
93 28 22
93 22 21
93 21 13
93 13 10
93 10 9
93 9 8
93 8 6
93 8 7
93 13 12
93 12 11
93 21 20
93 20 19
93 19 14
93 19 18
93 18 17
93 17 16
93 16 15
93 28 27
93 27 26
93 26 24
93 24 23
93 26 25
94 30 0
94 30 29
94 29 28
94 28 27
94 27 19
94 19 1
94 19 18
94 18 8
94 8 7
94 7 2
94 7 6
94 6 3
94 6 5
94 5 4
94 18 17
94 17 16
94 16 12
94 12 9
94 12 11
94 11 10
94 16 15
94 15 14
94 14 13
94 27 26
94 26 25
94 25 23
94 23 20
94 23 22
94 22 21
94 25 24
95 29 28
95 28 2
95 2 0
95 2 1
95 28 27
95 27 12
95 12 3
95 12 11
95 11 9
95 9 7
95 7 4
95 7 6
95 6 5
95 9 8
95 11 10
95 27 26
95 26 25
95 25 24
95 24 23
95 23 14
95 14 13
95 23 22
95 22 20
95 20 18
95 18 16
95 16 15
95 18 17
95 20 19
95 22 21
96 30 11
96 11 10
96 10 9
96 9 8
96 8 7
96 7 1
96 1 0
96 7 6
96 6 5
96 5 3
96 3 2
96 5 4
96 30 29
96 29 28
96 28 12
96 28 27
96 27 13
96 27 26
96 26 15
96 15 14
96 26 25
96 25 23
96 23 21
96 21 19
96 19 17
96 17 16
96 19 18
96 21 20
96 23 22
96 25 24
97 33 23
97 23 4
97 4 3
97 3 1
97 1 0
97 3 2
97 23 22
97 22 20
97 20 5
97 20 19
97 19 8
97 8 6
97 8 7
97 19 18
97 18 17
97 17 16
97 16 11
97 11 9
97 11 10
97 16 15
97 15 14
97 14 12
97 14 13
97 22 21
97 33 32
97 32 31
97 31 27
97 27 24
97 27 26
97 26 25
97 31 30
97 30 28
97 30 29
98 31 4
98 4 2
98 2 1
98 1 0
98 4 3
98 31 30
98 30 5
98 30 29
98 29 15
98 15 13
98 13 12
98 12 10
98 10 6
98 10 9
98 9 7
98 9 8
98 12 11
98 15 14
98 29 28
98 28 27
98 27 26
98 26 18
98 18 17
98 17 16
98 26 25
98 25 24
98 24 19
98 24 23
98 23 20
98 23 22
98 22 21
99 33 4
99 4 3
99 3 0
99 3 2
99 2 1
99 33 32
99 32 8
99 8 6
99 6 5
99 8 7
99 32 31
99 31 9
99 31 30
99 30 26
99 26 24
99 24 23
99 23 22
99 22 21
99 21 19
99 19 12
99 12 11
99 11 10
99 19 18
99 18 17
99 17 13
99 17 16
99 16 15
99 15 14
99 21 20
99 26 25
99 30 29
99 29 28
99 28 27
100 33 9
100 9 2
100 2 0
100 2 1
100 9 8
100 8 7
100 7 3
100 7 6
100 6 5
100 5 4
100 33 32
100 32 31
100 31 30
100 30 10
100 30 29
100 29 25
100 25 24
100 24 21
100 21 11
100 21 20
100 20 19
100 19 16
100 16 14
100 14 12
100 14 13
100 16 15
100 19 18
100 18 17
100 24 23
100 23 22
100 29 28
100 28 26
100 28 27
101 34 33
101 33 32
101 32 6
101 6 0
101 6 5
101 5 2
101 2 1
101 5 4
101 4 3
101 32 31
101 31 30
101 30 7
101 30 29
101 29 25
101 25 21
101 21 19
101 19 14
101 14 12
101 12 11
101 11 10
101 10 8
101 10 9
101 14 13
101 19 18
101 18 16
101 16 15
101 18 17
101 21 20
101 25 24
101 24 22
101 24 23
101 29 28
101 28 26
101 28 27
