1 34 3
1 3 2
1 2 1
1 1 0
1 34 33
1 33 32
1 32 7
1 7 6
1 6 4
1 6 5
1 32 31
1 31 28
1 28 27
1 27 26
1 26 8
1 26 25
1 25 19
1 19 15
1 15 9
1 15 14
1 14 11
1 11 10
1 14 13
1 13 12
1 19 18
1 18 16
1 18 17
1 25 24
1 24 23
1 23 20
1 23 22
1 22 21
1 31 30
1 30 29
2 32 31
2 31 30
2 30 28
2 28 0
2 28 27
2 27 26
2 26 25
2 25 24
2 24 1
2 24 23
2 23 22
2 22 2
2 22 21
2 21 20
2 20 3
2 20 19
2 19 8
2 8 4
2 8 7
2 7 5
2 7 6
2 19 18
2 18 15
2 15 14
2 14 13
2 13 12
2 12 9
2 12 11
2 11 10
2 18 17
2 17 16
2 30 29
3 29 2
3 2 1
3 1 0
3 29 28
3 28 23
3 23 20
3 20 19
3 19 18
3 18 3
3 18 17
3 17 5
3 5 4
3 17 16
3 16 15
3 15 10
3 10 6
3 10 9
3 9 7
3 9 8
3 15 14
3 14 12
3 12 11
3 14 13
3 23 22
3 22 21
3 28 27
3 27 26
3 26 24
3 26 25
4 29 0
4 29 28
4 28 5
4 5 3
4 3 1
4 3 2
4 5 4
4 28 27
4 27 10
4 10 6
4 10 9
4 9 8
4 8 7
4 27 26
4 26 17
4 17 11
4 17 16
4 16 14
4 14 12
4 14 13
4 16 15
4 26 25
4 25 19
4 19 18
4 25 24
4 24 23
4 23 20
4 23 22
4 22 21
5 33 0
5 33 32
5 32 27
5 27 26
5 26 3
5 3 1
5 3 2
5 26 25
5 25 24
5 24 22
5 22 21
5 21 19
5 19 4
5 19 18
5 18 17
5 17 16
5 16 5
5 16 15
5 15 14
5 14 13
5 13 6
5 13 12
5 12 11
5 11 10
5 10 7
5 10 9
5 9 8
5 21 20
5 24 23
5 32 31
5 31 28
5 31 30
5 30 29
6 34 33
6 33 0
6 33 32
6 32 6
6 6 4
6 4 3
6 3 2
6 2 1
6 6 5
6 32 31
6 31 30
6 30 29
6 29 12
6 12 7
6 12 11
6 11 10
6 10 8
6 10 9
6 29 28
6 28 21
6 21 13
6 21 20
6 20 18
6 18 16
6 16 14
6 16 15
6 18 17
6 20 19
6 28 27
6 27 26
6 26 24
6 24 22
6 24 23
6 26 25
7 31 30
7 30 3
7 3 1
7 1 0
7 3 2
7 30 29
7 29 28
7 28 26
7 26 24
7 24 21
7 21 20
7 20 19
7 19 6
7 6 5
7 5 4
7 19 18
7 18 17
7 17 7
7 17 16
7 16 15
7 15 13
7 13 8
7 13 12
7 12 9
7 12 11
7 11 10
7 15 14
7 24 23
7 23 22
7 26 25
7 28 27
8 29 27
8 27 22
8 22 21
8 21 20
8 20 12
8 12 11
8 11 4
8 4 0
8 4 3
8 3 1
8 3 2
8 11 10
8 10 5
8 10 9
8 9 6
8 9 8
8 8 7
8 20 19
8 19 17
8 17 13
8 17 16
8 16 15
8 15 14
8 19 18
8 27 26
8 26 25
8 25 24
8 24 23
8 29 28
9 29 0
9 29 28
9 28 27
9 27 26
9 26 25
9 25 2
9 2 1
9 25 24
9 24 23
9 23 20
9 20 5
9 5 3
9 5 4
9 20 19
9 19 18
9 18 17
9 17 16
9 16 6
9 16 15
9 15 14
9 14 10
9 10 8
9 8 7
9 10 9
9 14 13
9 13 12
9 12 11
9 23 22
9 22 21
10 31 30
10 30 27
10 27 26
10 26 0
10 26 25
10 25 5
10 5 1
10 5 4
10 4 3
10 3 2
10 25 24
10 24 20
10 20 18
10 18 15
10 15 14
10 14 8
10 8 6
10 8 7
10 14 13
10 13 12
10 12 10
10 10 9
10 12 11
10 18 17
10 17 16
10 20 19
10 24 23
10 23 21
10 23 22
10 30 29
10 29 28
11 32 31
11 31 30
11 30 29
11 29 9
11 9 7
11 7 0
11 7 6
11 6 5
11 5 1
11 5 4
11 4 2
11 4 3
11 9 8
11 29 28
11 28 13
11 13 10
11 13 12
11 12 11
11 28 27
11 27 19
11 19 16
11 16 14
11 16 15
11 19 18
11 18 17
11 27 26
11 26 25
11 25 22
11 22 20
11 22 21
11 25 24
11 24 23
12 34 32
12 32 0
12 32 31
12 31 30
12 30 14
12 14 13
12 13 11
12 11 5
12 5 3
12 3 2
12 2 1
12 5 4
12 11 10
12 10 7
12 7 6
12 10 9
12 9 8
12 13 12
12 30 29
12 29 28
12 28 15
12 28 27
12 27 20
12 20 19
12 19 18
12 18 17
12 17 16
12 27 26
12 26 24
12 24 21
12 24 23
12 23 22
12 26 25
12 34 33
13 31 3
13 3 0
13 3 2
13 2 1
13 31 30
13 30 29
13 29 17
13 17 16
13 16 15
13 15 14
13 14 9
13 9 4
13 9 8
13 8 5
13 8 7
13 7 6
13 14 13
13 13 11
13 11 10
13 13 12
13 29 28
13 28 27
13 27 18
13 27 26
13 26 25
13 25 24
13 24 23
13 23 19
13 23 22
13 22 20
13 22 21
14 29 28
14 28 27
14 27 4
14 4 0
14 4 3
14 3 2
14 2 1
14 27 26
14 26 24
14 24 5
14 24 23
14 23 6
14 23 22
14 22 20
14 20 18
14 18 17
14 17 13
14 13 7
14 13 12
14 12 11
14 11 9
14 9 8
14 11 10
14 17 16
14 16 14
14 16 15
14 20 19
14 22 21
14 26 25
15 33 0
15 33 32
15 32 7
15 7 1
15 7 6
15 6 3
15 3 2
15 6 5
15 5 4
15 32 31
15 31 8
15 31 30
15 30 27
15 27 14
15 14 13
15 13 12
15 12 11
15 11 9
15 11 10
15 27 26
15 26 25
15 25 24
15 24 20
15 20 17
15 17 15
15 17 16
15 20 19
15 19 18
15 24 23
15 23 21
15 23 22
15 30 29
15 29 28
16 34 33
16 33 8
16 8 4
16 4 2
16 2 1
16 1 0
16 4 3
16 8 7
16 7 5
16 7 6
16 33 32
16 32 31
16 31 27
16 27 20
16 20 17
16 17 16
16 16 15
16 15 13
16 13 11
16 11 10
16 10 9
16 13 12
16 15 14
16 20 19
16 19 18
16 27 26
16 26 25
16 25 23
16 23 21
16 23 22
16 25 24
16 31 30
16 30 29
16 29 28
17 30 1
17 1 0
17 30 29
17 29 27
17 27 2
17 27 26
17 26 16
17 16 15
17 15 13
17 13 11
17 11 10
17 10 9
17 9 7
17 7 6
17 6 5
17 5 4
17 4 3
17 9 8
17 13 12
17 15 14
17 26 25
17 25 24
17 24 23
17 23 22
17 22 21
17 21 20
17 20 17
17 20 19
17 19 18
17 29 28
18 30 29
18 29 28
18 28 4
18 4 3
18 3 0
18 3 2
18 2 1
18 28 27
18 27 24
18 24 5
18 24 23
18 23 16
18 16 15
18 15 13
18 13 12
18 12 9
18 9 7
18 7 6
18 9 8
18 12 11
18 11 10
18 15 14
18 23 22
18 22 21
18 21 20
18 20 19
18 19 18
18 18 17
18 27 26
18 26 25
19 29 28
19 28 26
19 26 25
19 25 23
19 23 22
19 22 21
19 21 0
19 21 20
19 20 2
19 2 1
19 20 19
19 19 18
19 18 17
19 17 3
19 17 16
19 16 14
19 14 4
19 14 13
19 13 6
19 6 5
19 13 12
19 12 7
19 12 11
19 11 10
19 10 9
19 9 8
19 16 15
19 25 24
19 28 27
20 29 25
20 25 12
20 12 9
20 9 0
20 9 8
20 8 5
20 5 1
20 5 4
20 4 2
20 4 3
20 8 7
20 7 6
20 12 11
20 11 10
20 25 24
20 24 17
20 17 16
20 16 15
20 15 13
20 15 14
20 24 23
20 23 20
20 20 18
20 20 19
20 23 22
20 22 21
20 29 28
20 28 27
20 27 26
21 31 28
21 28 27
21 27 25
21 25 24
21 24 22
21 22 5
21 5 0
21 5 4
21 4 3
21 3 1
21 3 2
21 22 21
21 21 11
21 11 7
21 7 6
21 11 10
21 10 8
21 10 9
21 21 20
21 20 19
21 19 18
21 18 16
21 16 15
21 15 14
21 14 12
21 14 13
21 18 17
21 24 23
21 27 26
21 31 30
21 30 29
22 34 33
22 33 32
22 32 2
22 2 0
22 2 1
22 32 31
22 31 12
22 12 3
22 12 11
22 11 8
22 8 4
22 8 7
22 7 6
22 6 5
22 11 10
22 10 9
22 31 30
22 30 29
22 29 27
22 27 21
22 21 13
22 21 20
22 20 14
22 20 19
22 19 15
22 19 18
22 18 16
22 18 17
22 27 26
22 26 25
22 25 24
22 24 23
22 23 22
22 29 28
23 31 30
23 30 29
23 29 22
23 22 21
23 21 20
23 20 19
23 19 18
23 18 1
23 1 0
23 18 17
23 17 16
23 16 14
23 14 2
23 14 13
23 13 12
23 12 11
23 11 10
23 10 7
23 7 3
23 7 6
23 6 4
23 6 5
23 10 9
23 9 8
23 16 15
23 29 28
23 28 23
23 28 27
23 27 24
23 27 26
23 26 25
24 30 29
24 29 22
24 22 21
24 21 3
24 3 0
24 3 2
24 2 1
24 21 20
24 20 19
24 19 17
24 17 16
24 16 14
24 14 11
24 11 10
24 10 9
24 9 5
24 5 4
24 9 8
24 8 6
24 8 7
24 14 13
24 13 12
24 16 15
24 19 18
24 29 28
24 28 27
24 27 26
24 26 25
24 25 24
24 24 23
25 29 27
25 27 1
25 1 0
25 27 26
25 26 25
25 25 2
25 25 24
25 24 23
25 23 21
25 21 3
25 21 20
25 20 15
25 15 14
25 14 12
25 12 9
25 9 8
25 8 7
25 7 5
25 5 4
25 7 6
25 12 11
25 11 10
25 14 13
25 20 19
25 19 17
25 17 16
25 19 18
25 23 22
25 29 28
26 33 31
26 31 12
26 12 9
26 9 7
26 7 0
26 7 6
26 6 5
26 5 3
26 3 2
26 2 1
26 5 4
26 9 8
26 12 11
26 11 10
26 31 30
26 30 13
26 30 29
26 29 28
26 28 27
26 27 26
26 26 14
26 26 25
26 25 16
26 16 15
26 25 24
26 24 18
26 18 17
26 24 23
26 23 22
26 22 20
26 20 19
26 22 21
26 33 32
27 34 11
27 11 7
27 7 5
27 5 2
27 2 1
27 1 0
27 5 4
27 4 3
27 7 6
27 11 10
27 10 8
27 10 9
27 34 33
27 33 20
27 20 12
27 20 19
27 19 16
27 16 14
27 14 13
27 16 15
27 19 18
27 18 17
27 33 32
27 32 31
27 31 30
27 30 22
27 22 21
27 30 29
27 29 26
27 26 23
27 26 25
27 25 24
27 29 28
27 28 27
28 30 28
28 28 0
28 28 27
28 27 1
28 27 26
28 26 4
28 4 3
28 3 2
28 26 25
28 25 9
28 9 7
28 7 5
28 7 6
28 9 8
28 25 24
28 24 22
28 22 21
28 21 20
28 20 19
28 19 10
28 19 18
28 18 11
28 18 17
28 17 12
28 17 16
28 16 15
28 15 14
28 14 13
28 24 23
28 30 29
29 33 0
29 33 32
29 32 31
29 31 3
29 3 2
29 2 1
29 31 30
29 30 28
29 28 4
29 28 27
29 27 6
29 6 5
29 27 26
29 26 24
29 24 23
29 23 22
29 22 16
29 16 15
29 15 9
29 9 7
29 9 8
29 15 14
29 14 13
29 13 12
29 12 11
29 11 10
29 22 21
29 21 20
29 20 19
29 19 18
29 18 17
29 26 25
29 30 29
30 34 3
30 3 2
30 2 1
30 1 0
30 34 33
30 33 32
30 32 7
30 7 6
30 6 4
30 6 5
30 32 31
30 31 8
30 31 30
30 30 27
30 27 25
30 25 24
30 24 23
30 23 9
30 23 22
30 22 18
30 18 16
30 16 12
30 12 11
30 11 10
30 16 15
30 15 14
30 14 13
30 18 17
30 22 21
30 21 20
30 20 19
30 27 26
30 30 29
30 29 28
31 31 3
31 3 2
31 2 1
31 1 0
31 31 30
31 30 4
31 30 29
31 29 13
31 13 12
31 12 6
31 6 5
31 12 11
31 11 10
31 10 8
31 8 7
31 10 9
31 29 28
31 28 27
31 27 24
31 24 17
31 17 16
31 16 14
31 16 15
31 24 23
31 23 18
31 23 22
31 22 19
31 22 21
31 21 20
31 27 26
31 26 25
32 31 29
32 29 28
32 28 26
32 26 24
32 24 23
32 23 22
32 22 20
32 20 2
32 2 1
32 1 0
32 20 19
32 19 5
32 5 3
32 5 4
32 19 18
32 18 11
32 11 6
32 11 10
32 10 9
32 9 8
32 8 7
32 18 17
32 17 13
32 13 12
32 17 16
32 16 14
32 16 15
32 22 21
32 26 25
32 28 27
32 31 30
33 33 16
33 16 2
33 2 0
33 2 1
33 16 15
33 15 3
33 15 14
33 14 13
33 13 4
33 13 12
33 12 5
33 12 11
33 11 10
33 10 8
33 8 7
33 7 6
33 10 9
33 33 32
33 32 23
33 23 17
33 23 22
33 22 20
33 20 19
33 19 18
33 22 21
33 32 31
33 31 30
33 30 29
33 29 26
33 26 24
33 26 25
33 29 28
33 28 27
34 33 0
34 33 32
34 32 1
34 32 31
34 31 2
34 31 30
34 30 29
34 29 3
34 29 28
34 28 27
34 27 26
34 26 24
34 24 13
34 13 12
34 12 7
34 7 6
34 6 4
34 6 5
34 12 11
34 11 9
34 9 8
34 11 10
34 24 23
34 23 15
34 15 14
34 23 22
34 22 21
34 21 19
34 19 18
34 18 16
34 18 17
34 21 20
34 26 25
35 34 1
35 1 0
35 34 33
35 33 31
35 31 29
35 29 9
35 9 7
35 7 2
35 7 6
35 6 4
35 4 3
35 6 5
35 9 8
35 29 28
35 28 27
35 27 25
35 25 10
35 25 24
35 24 23
35 23 21
35 21 14
35 14 13
35 13 11
35 13 12
35 21 20
35 20 19
35 19 18
35 18 17
35 17 16
35 16 15
35 23 22
35 27 26
35 31 30
35 33 32
36 33 6
36 6 5
36 5 4
36 4 2
36 2 0
36 2 1
36 4 3
36 33 32
36 32 29
36 29 7
36 29 28
36 28 26
36 26 23
36 23 8
36 23 22
36 22 21
36 21 17
36 17 13
36 13 12
36 12 11
36 11 9
36 11 10
36 17 16
36 16 15
36 15 14
36 21 20
36 20 19
36 19 18
36 26 25
36 25 24
36 28 27
36 32 31
36 31 30
37 32 1
37 1 0
37 32 31
37 31 30
37 30 24
37 24 4
37 4 2
37 4 3
37 24 23
37 23 21
37 21 19
37 19 18
37 18 16
37 16 15
37 15 12
37 12 11
37 11 10
37 10 8
37 8 6
37 6 5
37 8 7
37 10 9
37 15 14
37 14 13
37 18 17
37 21 20
37 23 22
37 30 29
37 29 28
37 28 26
37 26 25
37 28 27
38 30 23
38 23 22
38 22 21
38 21 2
38 2 0
38 2 1
38 21 20
38 20 16
38 16 15
38 15 14
38 14 10
38 10 9
38 9 8
38 8 7
38 7 3
38 7 6
38 6 4
38 6 5
38 14 13
38 13 12
38 12 11
38 20 19
38 19 18
38 18 17
38 30 29
38 29 26
38 26 24
38 26 25
38 29 28
38 28 27
39 31 26
39 26 0
39 26 25
39 25 24
39 24 6
39 6 5
39 5 4
39 4 3
39 3 2
39 2 1
39 24 23
39 23 15
39 15 13
39 13 9
39 9 8
39 8 7
39 13 12
39 12 11
39 11 10
39 15 14
39 23 22
39 22 18
39 18 16
39 18 17
39 22 21
39 21 19
39 21 20
39 31 30
39 30 29
39 29 27
39 29 28
40 34 7
40 7 5
40 5 3
40 3 1
40 1 0
40 3 2
40 5 4
40 7 6
40 34 33
40 33 10
40 10 8
40 10 9
40 33 32
40 32 11
40 32 31
40 31 30
40 30 29
40 29 25
40 25 23
40 23 22
40 22 21
40 21 13
40 13 12
40 21 20
40 20 19
40 19 17
40 17 15
40 15 14
40 17 16
40 19 18
40 25 24
40 29 28
40 28 27
40 27 26
41 34 0
41 34 33
41 33 32
41 32 27
41 27 20
41 20 3
41 3 2
41 2 1
41 20 19
41 19 4
41 19 18
41 18 17
41 17 10
41 10 5
41 10 9
41 9 6
41 9 8
41 8 7
41 17 16
41 16 15
41 15 13
41 13 12
41 12 11
41 15 14
41 27 26
41 26 24
41 24 21
41 24 23
41 23 22
41 26 25
41 32 31
41 31 29
41 29 28
41 31 30
42 32 31
42 31 30
42 30 5
42 5 2
42 2 0
42 2 1
42 5 4
42 4 3
42 30 29
42 29 9
42 9 7
42 7 6
42 9 8
42 29 28
42 28 17
42 17 10
42 17 16
42 16 15
42 15 14
42 14 12
42 12 11
42 14 13
42 28 27
42 27 22
42 22 20
42 20 18
42 20 19
42 22 21
42 27 26
42 26 24
42 24 23
42 26 25
43 31 30
43 30 29
43 29 9
43 9 8
43 8 7
43 7 6
43 6 4
43 4 0
43 4 3
43 3 2
43 2 1
43 6 5
43 29 28
43 28 27
43 27 25
43 25 12
43 12 11
43 11 10
43 25 24
43 24 23
43 23 14
43 14 13
43 23 22
43 22 15
43 22 21
43 21 20
43 20 16
43 20 19
43 19 17
43 19 18
43 27 26
44 29 1
44 1 0
44 29 28
44 28 3
44 3 2
44 28 27
44 27 25
44 25 17
44 17 16
44 16 9
44 9 7
44 7 6
44 6 4
44 6 5
44 9 8
44 16 15
44 15 14
44 14 13
44 13 11
44 11 10
44 13 12
44 25 24
44 24 19
44 19 18
44 24 23
44 23 22
44 22 21
44 21 20
44 27 26
45 33 0
45 33 32
45 32 27
45 27 3
45 3 2
45 2 1
45 27 26
45 26 4
45 26 25
45 25 24
45 24 23
45 23 22
45 22 7
45 7 6
45 6 5
45 22 21
45 21 20
45 20 19
45 19 17
45 17 13
45 13 12
45 12 10
45 10 9
45 9 8
45 12 11
45 17 16
45 16 15
45 15 14
45 19 18
45 32 31
45 31 30
45 30 28
45 30 29
46 34 23
46 23 22
46 22 18
46 18 17
46 17 0
46 17 16
46 16 13
46 13 12
46 12 8
46 8 4
46 4 3
46 3 1
46 3 2
46 8 7
46 7 6
46 6 5
46 12 11
46 11 10
46 10 9
46 16 15
46 15 14
46 22 21
46 21 20
46 20 19
46 34 33
46 33 32
46 32 24
46 32 31
46 31 28
46 28 26
46 26 25
46 28 27
46 31 30
46 30 29
47 34 33
47 33 28
47 28 0
47 28 27
47 27 26
47 26 25
47 25 23
47 23 20
47 20 6
47 6 5
47 5 1
47 5 4
47 4 3
47 3 2
47 20 19
47 19 18
47 18 17
47 17 16
47 16 14
47 14 12
47 12 11
47 11 8
47 8 7
47 11 10
47 10 9
47 14 13
47 16 15
47 23 22
47 22 21
47 25 24
47 33 32
47 32 31
47 31 29
47 31 30
48 29 28
48 28 26
48 26 0
48 26 25
48 25 1
48 25 24
48 24 23
48 23 21
48 21 20
48 20 11
48 11 10
48 10 9
48 9 7
48 7 2
48 7 6
48 6 5
48 5 3
48 5 4
48 9 8
48 20 19
48 19 18
48 18 17
48 17 13
48 13 12
48 17 16
48 16 14
48 16 15
48 23 22
48 28 27
49 30 1
49 1 0
49 30 29
49 29 11
49 11 10
49 10 7
49 7 6
49 6 2
49 6 5
49 5 3
49 5 4
49 10 9
49 9 8
49 29 28
49 28 20
49 20 19
49 19 14
49 14 13
49 13 12
49 19 18
49 18 15
49 18 17
49 17 16
49 28 27
49 27 24
49 24 23
49 23 21
49 23 22
49 27 26
49 26 25
50 33 22
50 22 17
50 17 15
50 15 2
50 2 1
50 1 0
50 15 14
50 14 3
50 14 13
50 13 10
50 10 8
50 8 7
50 7 6
50 6 5
50 5 4
50 10 9
50 13 12
50 12 11
50 17 16
50 22 21
50 21 19
50 19 18
50 21 20
50 33 32
50 32 31
50 31 25
50 25 23
50 25 24
50 31 30
50 30 29
50 29 26
50 29 28
50 28 27
51 34 3
51 3 1
51 1 0
51 3 2
51 34 33
51 33 31
51 31 30
51 30 4
51 30 29
51 29 5
51 29 28
51 28 22
51 22 8
51 8 6
51 8 7
51 22 21
51 21 20
51 20 19
51 19 18
51 18 16
51 16 9
51 16 15
51 15 10
51 15 14
51 14 13
51 13 11
51 13 12
51 18 17
51 28 27
51 27 25
51 25 23
51 25 24
51 27 26
51 33 32
52 29 7
52 7 1
52 1 0
52 7 6
52 6 4
52 4 3
52 3 2
52 6 5
52 29 28
52 28 16
52 16 14
52 14 10
52 10 8
52 10 9
52 14 13
52 13 12
52 12 11
52 16 15
52 28 27
52 27 25
52 25 17
52 25 24
52 24 23
52 23 18
52 23 22
52 22 21
52 21 20
52 20 19
52 27 26
53 33 13
53 13 10
53 10 0
53 10 9
53 9 4
53 4 3
53 3 2
53 2 1
53 9 8
53 8 6
53 6 5
53 8 7
53 13 12
53 12 11
53 33 32
53 32 31
53 31 21
53 21 16
53 16 14
53 16 15
53 21 20
53 20 18
53 18 17
53 20 19
53 31 30
53 30 29
53 29 28
53 28 26
53 26 25
53 25 22
53 25 24
53 24 23
53 28 27
54 29 28
54 28 27
54 27 3
54 3 2
54 2 1
54 1 0
54 27 26
54 26 25
54 25 21
54 21 19
54 19 17
54 17 16
54 16 4
54 16 15
54 15 12
54 12 10
54 10 9
54 9 5
54 9 8
54 8 6
54 8 7
54 12 11
54 15 14
54 14 13
54 19 18
54 21 20
54 25 24
54 24 22
54 24 23
55 34 20
55 20 17
55 17 16
55 16 0
55 16 15
55 15 13
55 13 11
55 11 1
55 11 10
55 10 2
55 10 9
55 9 8
55 8 7
55 7 3
55 7 6
55 6 5
55 5 4
55 13 12
55 15 14
55 20 19
55 19 18
55 34 33
55 33 32
55 32 24
55 24 21
55 24 23
55 23 22
55 32 31
55 31 25
55 31 30
55 30 29
55 29 27
55 27 26
55 29 28
56 33 10
56 10 8
56 8 7
56 7 6
56 6 5
56 5 3
56 3 0
56 3 2
56 2 1
56 5 4
56 10 9
56 33 32
56 32 28
56 28 26
56 26 23
56 23 21
56 21 11
56 21 20
56 20 19
56 19 18
56 18 16
56 16 13
56 13 12
56 16 15
56 15 14
56 18 17
56 23 22
56 26 25
56 25 24
56 28 27
56 32 31
56 31 30
56 30 29
57 31 30
57 30 29
57 29 0
57 29 28
57 28 8
57 8 6
57 6 2
57 2 1
57 6 5
57 5 3
57 5 4
57 8 7
57 28 27
57 27 25
57 25 24
57 24 23
57 23 20
57 20 16
57 16 15
57 15 13
57 13 11
57 11 9
57 11 10
57 13 12
57 15 14
57 20 19
57 19 18
57 18 17
57 23 22
57 22 21
57 27 26
58 32 23
58 23 12
58 12 11
58 11 6
58 6 0
58 6 5
58 5 4
58 4 3
58 3 1
58 3 2
58 11 10
58 10 9
58 9 8
58 8 7
58 23 22
58 22 21
58 21 20
58 20 14
58 14 13
58 20 19
58 19 18
58 18 17
58 17 15
58 17 16
58 32 31
58 31 24
58 31 30
58 30 26
58 26 25
58 30 29
58 29 28
58 28 27
59 31 0
59 31 30
59 30 29
59 29 28
59 28 26
59 26 21
59 21 20
59 20 5
59 5 4
59 4 3
59 3 2
59 2 1
59 20 19
59 19 17
59 17 8
59 8 6
59 8 7
59 17 16
59 16 15
59 15 9
59 15 14
59 14 13
59 13 11
59 11 10
59 13 12
59 19 18
59 26 25
59 25 22
59 25 24
59 24 23
59 28 27
60 30 29
60 29 1
60 1 0
60 29 28
60 28 9
60 9 2
60 9 8
60 8 7
60 7 3
60 7 6
60 6 5
60 5 4
60 28 27
60 27 10
60 27 26
60 26 25
60 25 11
60 25 24
60 24 23
60 23 14
60 14 12
60 14 13
60 23 22
60 22 19
60 19 18
60 18 15
60 18 17
60 17 16
60 22 21
60 21 20
61 33 32
61 32 3
61 3 1
61 1 0
61 3 2
61 32 31
61 31 30
61 30 29
61 29 28
61 28 17
61 17 5
61 5 4
61 17 16
61 16 6
61 16 15
61 15 13
61 13 12
61 12 7
61 12 11
61 11 10
61 10 9
61 9 8
61 15 14
61 28 27
61 27 25
61 25 18
61 25 24
61 24 22
61 22 21
61 21 19
61 21 20
61 24 23
61 27 26
62 29 0
62 29 28
62 28 1
62 28 27
62 27 2
62 27 26
62 26 25
62 25 24
62 24 22
62 22 7
62 7 6
62 6 3
62 6 5
62 5 4
62 22 21
62 21 20
62 20 19
62 19 18
62 18 17
62 17 16
62 16 15
62 15 13
62 13 12
62 12 11
62 11 10
62 10 8
62 10 9
62 15 14
62 24 23
63 30 29
63 29 28
63 28 26
63 26 25
63 25 1
63 1 0
63 25 24
63 24 23
63 23 2
63 23 22
63 22 21
63 21 20
63 20 18
63 18 17
63 17 16
63 16 4
63 4 3
63 16 15
63 15 10
63 10 8
63 8 7
63 7 5
63 7 6
63 10 9
63 15 14
63 14 11
63 14 13
63 13 12
63 20 19
63 28 27
64 29 0
64 29 28
64 28 26
64 26 13
64 13 12
64 12 11
64 11 10
64 10 6
64 6 5
64 5 4
64 4 1
64 4 3
64 3 2
64 10 9
64 9 7
64 9 8
64 26 25
64 25 24
64 24 23
64 23 14
64 23 22
64 22 21
64 21 20
64 20 19
64 19 17
64 17 16
64 16 15
64 19 18
64 28 27
65 31 19
65 19 1
65 1 0
65 19 18
65 18 17
65 17 16
65 16 3
65 3 2
65 16 15
65 15 14
65 14 6
65 6 4
65 6 5
65 14 13
65 13 12
65 12 9
65 9 7
65 9 8
65 12 11
65 11 10
65 31 30
65 30 29
65 29 27
65 27 21
65 21 20
65 27 26
65 26 23
65 23 22
65 26 25
65 25 24
65 29 28
66 31 2
66 2 0
66 2 1
66 31 30
66 30 29
66 29 6
66 6 5
66 5 3
66 5 4
66 29 28
66 28 18
66 18 16
66 16 14
66 14 13
66 13 12
66 12 9
66 9 7
66 9 8
66 12 11
66 11 10
66 16 15
66 18 17
66 28 27
66 27 25
66 25 24
66 24 22
66 22 21
66 21 19
66 21 20
66 24 23
66 27 26
67 32 16
67 16 15
67 15 13
67 13 12
67 12 2
67 2 0
67 2 1
67 12 11
67 11 4
67 4 3
67 11 10
67 10 9
67 9 7
67 7 6
67 6 5
67 9 8
67 15 14
67 32 31
67 31 30
67 30 27
67 27 18
67 18 17
67 27 26
67 26 21
67 21 19
67 21 20
67 26 25
67 25 22
67 25 24
67 24 23
67 30 29
67 29 28
68 34 8
68 8 6
68 6 1
68 1 0
68 6 5
68 5 2
68 5 4
68 4 3
68 8 7
68 34 33
68 33 29
68 29 14
68 14 13
68 13 11
68 11 10
68 10 9
68 13 12
68 29 28
68 28 21
68 21 20
68 20 15
68 20 19
68 19 16
68 19 18
68 18 17
68 28 27
68 27 22
68 27 26
68 26 23
68 26 25
68 25 24
68 33 32
68 32 31
68 31 30
69 33 32
69 32 30
69 30 23
69 23 12
69 12 0
69 12 11
69 11 9
69 9 1
69 9 8
69 8 2
69 8 7
69 7 6
69 6 3
69 6 5
69 5 4
69 11 10
69 23 22
69 22 19
69 19 18
69 18 14
69 14 13
69 18 17
69 17 16
69 16 15
69 22 21
69 21 20
69 30 29
69 29 28
69 28 27
69 27 24
69 27 26
69 26 25
69 32 31
70 31 0
70 31 30
70 30 17
70 17 1
70 17 16
70 16 13
70 13 12
70 12 11
70 11 3
70 3 2
70 11 10
70 10 9
70 9 8
70 8 7
70 7 5
70 5 4
70 7 6
70 16 15
70 15 14
70 30 29
70 29 28
70 28 18
70 28 27
70 27 26
70 26 25
70 25 23
70 23 22
70 22 19
70 22 21
70 21 20
70 25 24
71 29 28
71 28 26
71 26 24
71 24 23
71 23 20
71 20 0
71 20 19
71 19 16
71 16 5
71 5 1
71 5 4
71 4 2
71 4 3
71 16 15
71 15 12
71 12 7
71 7 6
71 12 11
71 11 10
71 10 8
71 10 9
71 15 14
71 14 13
71 19 18
71 18 17
71 23 22
71 22 21
71 26 25
71 28 27
72 31 30
72 30 29
72 29 2
72 2 1
72 1 0
72 29 28
72 28 27
72 27 26
72 26 25
72 25 24
72 24 23
72 23 20
72 20 19
72 19 17
72 17 16
72 16 15
72 15 13
72 13 11
72 11 10
72 10 8
72 8 7
72 7 4
72 4 3
72 7 6
72 6 5
72 10 9
72 13 12
72 15 14
72 19 18
72 23 22
72 22 21
73 31 25
73 25 23
73 23 9
73 9 2
73 2 0
73 2 1
73 9 8
73 8 3
73 8 7
73 7 6
73 6 4
73 6 5
73 23 22
73 22 21
73 21 15
73 15 14
73 14 10
73 14 13
73 13 11
73 13 12
73 21 20
73 20 19
73 19 18
73 18 16
73 18 17
73 25 24
73 31 30
73 30 27
73 27 26
73 30 29
73 29 28
74 29 4
74 4 3
74 3 2
74 2 0
74 2 1
74 29 28
74 28 26
74 26 23
74 23 22
74 22 5
74 22 21
74 21 15
74 15 14
74 14 12
74 12 11
74 11 6
74 11 10
74 10 9
74 9 8
74 8 7
74 14 13
74 21 20
74 20 19
74 19 17
74 17 16
74 19 18
74 26 25
74 25 24
74 28 27
75 31 19
75 19 0
75 19 18
75 18 6
75 6 1
75 6 5
75 5 4
75 4 2
75 4 3
75 18 17
75 17 15
75 15 8
75 8 7
75 15 14
75 14 13
75 13 12
75 12 11
75 11 9
75 11 10
75 17 16
75 31 30
75 30 28
75 28 25
75 25 24
75 24 21
75 21 20
75 24 23
75 23 22
75 28 27
75 27 26
75 30 29
76 32 0
76 32 31
76 31 30
76 30 7
76 7 6
76 6 5
76 5 4
76 4 3
76 3 2
76 2 1
76 30 29
76 29 18
76 18 8
76 18 17
76 17 16
76 16 12
76 12 10
76 10 9
76 12 11
76 16 15
76 15 13
76 15 14
76 29 28
76 28 20
76 20 19
76 28 27
76 27 26
76 26 21
76 26 25
76 25 24
76 24 22
76 24 23
77 29 3
77 3 1
77 1 0
77 3 2
77 29 28
77 28 4
77 28 27
77 27 5
77 27 26
77 26 25
77 25 18
77 18 16
77 16 14
77 14 13
77 13 11
77 11 8
77 8 7
77 7 6
77 11 10
77 10 9
77 13 12
77 16 15
77 18 17
77 25 24
77 24 22
77 22 21
77 21 20
77 20 19
77 24 23
78 30 29
78 29 6
78 6 1
78 1 0
78 6 5
78 5 4
78 4 3
78 3 2
78 29 28
78 28 27
78 27 26
78 26 24
78 24 22
78 22 21
78 21 20
78 20 9
78 9 8
78 8 7
78 20 19
78 19 10
78 19 18
78 18 12
78 12 11
78 18 17
78 17 14
78 14 13
78 17 16
78 16 15
78 24 23
78 26 25
79 29 28
79 28 0
79 28 27
79 27 3
79 3 1
79 3 2
79 27 26
79 26 4
79 26 25
79 25 24
79 24 22
79 22 14
79 14 12
79 12 11
79 11 10
79 10 7
79 7 6
79 6 5
79 10 9
79 9 8
79 14 13
79 22 21
79 21 20
79 20 16
79 16 15
79 20 19
79 19 17
79 19 18
79 24 23
80 29 7
80 7 4
80 4 2
80 2 1
80 1 0
80 4 3
80 7 6
80 6 5
80 29 28
80 28 14
80 14 10
80 10 8
80 10 9
80 14 13
80 13 12
80 12 11
80 28 27
80 27 25
80 25 20
80 20 18
80 18 17
80 17 16
80 16 15
80 20 19
80 25 24
80 24 23
80 23 21
80 23 22
80 27 26
81 31 29
81 29 27
81 27 24
81 24 21
81 21 6
81 6 5
81 5 0
81 5 4
81 4 2
81 2 1
81 4 3
81 21 20
81 20 8
81 8 7
81 20 19
81 19 9
81 19 18
81 18 12
81 12 11
81 11 10
81 18 17
81 17 15
81 15 14
81 14 13
81 17 16
81 24 23
81 23 22
81 27 26
81 26 25
81 29 28
81 31 30
82 30 27
82 27 26
82 26 16
82 16 15
82 15 3
82 3 2
82 2 1
82 1 0
82 15 14
82 14 12
82 12 11
82 11 6
82 6 4
82 6 5
82 11 10
82 10 7
82 10 9
82 9 8
82 14 13
82 26 25
82 25 19
82 19 18
82 18 17
82 25 24
82 24 20
82 24 23
82 23 22
82 22 21
82 30 29
82 29 28
83 31 0
83 31 30
83 30 28
83 28 1
83 28 27
83 27 4
83 4 2
83 4 3
83 27 26
83 26 25
83 25 21
83 21 20
83 20 17
83 17 16
83 16 6
83 6 5
83 16 15
83 15 7
83 15 14
83 14 8
83 14 13
83 13 12
83 12 11
83 11 9
83 11 10
83 20 19
83 19 18
83 25 24
83 24 23
83 23 22
83 30 29
84 32 27
84 27 0
84 27 26
84 26 1
84 26 25
84 25 24
84 24 2
84 24 23
84 23 22
84 22 21
84 21 20
84 20 19
84 19 18
84 18 3
84 18 17
84 17 16
84 16 4
84 16 15
84 15 10
84 10 9
84 9 7
84 7 5
84 7 6
84 9 8
84 15 14
84 14 13
84 13 11
84 13 12
84 32 31
84 31 29
84 29 28
84 31 30
85 31 30
85 30 26
85 26 25
85 25 0
85 25 24
85 24 23
85 23 21
85 21 8
85 8 7
85 7 1
85 7 6
85 6 5
85 5 3
85 3 2
85 5 4
85 21 20
85 20 19
85 19 10
85 10 9
85 19 18
85 18 16
85 16 14
85 14 11
85 14 13
85 13 12
85 16 15
85 18 17
85 23 22
85 30 29
85 29 28
85 28 27
86 33 32
86 32 31
86 31 29
86 29 26
86 26 24
86 24 0
86 24 23
86 23 22
86 22 21
86 21 20
86 20 19
86 19 6
86 6 3
86 3 2
86 2 1
86 6 5
86 5 4
86 19 18
86 18 17
86 17 15
86 15 9
86 9 7
86 9 8
86 15 14
86 14 13
86 13 11
86 11 10
86 13 12
86 17 16
86 26 25
86 29 28
86 28 27
86 31 30
87 32 6
87 6 5
87 5 0
87 5 4
87 4 2
87 2 1
87 4 3
87 32 31
87 31 17
87 17 16
87 16 10
87 10 8
87 8 7
87 10 9
87 16 15
87 15 14
87 14 11
87 14 13
87 13 12
87 31 30
87 30 18
87 30 29
87 29 28
87 28 27
87 27 23
87 23 22
87 22 20
87 20 19
87 22 21
87 27 26
87 26 25
87 25 24
88 33 0
88 33 32
88 32 30
88 30 2
88 2 1
88 30 29
88 29 3
88 29 28
88 28 22
88 22 21
88 21 19
88 19 5
88 5 4
88 19 18
88 18 14
88 14 13
88 13 12
88 12 11
88 11 7
88 7 6
88 11 10
88 10 8
88 10 9
88 18 17
88 17 16
88 16 15
88 21 20
88 28 27
88 27 26
88 26 24
88 24 23
88 26 25
88 32 31
89 33 31
89 31 30
89 30 29
89 29 27
89 27 0
89 27 26
89 26 24
89 24 23
89 23 21
89 21 1
89 21 20
89 20 17
89 17 15
89 15 13
89 13 12
89 12 11
89 11 10
89 10 5
89 5 4
89 4 2
89 4 3
89 10 9
89 9 8
89 8 7
89 7 6
89 15 14
89 17 16
89 20 19
89 19 18
89 23 22
89 26 25
89 29 28
89 33 32
90 29 18
90 18 14
90 14 6
90 6 0
90 6 5
90 5 1
90 5 4
90 4 3
90 3 2
90 14 13
90 13 11
90 11 9
90 9 8
90 8 7
90 11 10
90 13 12
90 18 17
90 17 16
90 16 15
90 29 28
90 28 27
90 27 26
90 26 19
90 26 25
90 25 24
90 24 23
90 23 21
90 21 20
90 23 22
91 34 31
91 31 30
91 30 27
91 27 25
91 25 24
91 24 1
91 1 0
91 24 23
91 23 22
91 22 20
91 20 13
91 13 7
91 7 3
91 3 2
91 7 6
91 6 5
91 5 4
91 13 12
91 12 8
91 12 11
91 11 10
91 10 9
91 20 19
91 19 17
91 17 16
91 16 14
91 16 15
91 19 18
91 22 21
91 27 26
91 30 29
91 29 28
91 34 33
91 33 32
92 32 24
92 24 23
92 23 21
92 21 20
92 20 3
92 3 1
92 1 0
92 3 2
92 20 19
92 19 17
92 17 15
92 15 10
92 10 9
92 9 6
92 6 5
92 5 4
92 9 8
92 8 7
92 15 14
92 14 11
92 14 13
92 13 12
92 17 16
92 19 18
92 23 22
92 32 31
92 31 29
92 29 27
92 27 26
92 26 25
92 29 28
92 31 30
93 31 19
93 19 3
93 3 2
93 2 1
93 1 0
93 19 18
93 18 15
93 15 14
93 14 5
93 5 4
93 14 13
93 13 8
93 8 7
93 7 6
93 13 12
93 12 11
93 11 10
93 10 9
93 18 17
93 17 16
93 31 30
93 30 21
93 21 20
93 30 29
93 29 27
93 27 22
93 27 26
93 26 23
93 26 25
93 25 24
93 29 28
94 31 0
94 31 30
94 30 29
94 29 28
94 28 27
94 27 26
94 26 16
94 16 12
94 12 11
94 11 8
94 8 4
94 4 2
94 2 1
94 4 3
94 8 7
94 7 5
94 7 6
94 11 10
94 10 9
94 16 15
94 15 13
94 15 14
94 26 25
94 25 23
94 23 21
94 21 17
94 21 20
94 20 19
94 19 18
94 23 22
94 25 24
95 30 24
95 24 14
95 14 1
95 1 0
95 14 13
95 13 9
95 9 7
95 7 6
95 6 2
95 6 5
95 5 4
95 4 3
95 9 8
95 13 12
95 12 11
95 11 10
95 24 23
95 23 21
95 21 20
95 20 15
95 20 19
95 19 16
95 19 18
95 18 17
95 23 22
95 30 29
95 29 25
95 29 28
95 28 27
95 27 26
96 30 28
96 28 1
96 1 0
96 28 27
96 27 26
96 26 24
96 24 2
96 24 23
96 23 3
96 23 22
96 22 21
96 21 8
96 8 7
96 7 6
96 6 4
96 6 5
96 21 20
96 20 13
96 13 11
96 11 9
96 11 10
96 13 12
96 20 19
96 19 17
96 17 14
96 17 16
96 16 15
96 19 18
96 26 25
96 30 29
97 30 0
97 30 29
97 29 28
97 28 22
97 22 21
97 21 9
97 9 8
97 8 1
97 8 7
97 7 5
97 5 2
97 5 4
97 4 3
97 7 6
97 21 20
97 20 18
97 18 17
97 17 16
97 16 15
97 15 14
97 14 13
97 13 11
97 11 10
97 13 12
97 20 19
97 28 27
97 27 26
97 26 24
97 24 23
97 26 25
98 31 27
98 27 26
98 26 20
98 20 3
98 3 2
98 2 1
98 1 0
98 20 19
98 19 18
98 18 17
98 17 16
98 16 13
98 13 12
98 12 8
98 8 7
98 7 6
98 6 5
98 5 4
98 12 11
98 11 10
98 10 9
98 16 15
98 15 14
98 26 25
98 25 23
98 23 22
98 22 21
98 25 24
98 31 30
98 30 29
98 29 28
99 31 30
99 30 29
99 29 0
99 29 28
99 28 5
99 5 4
99 4 3
99 3 2
99 2 1
99 28 27
99 27 17
99 17 10
99 10 6
99 10 9
99 9 7
99 9 8
99 17 16
99 16 15
99 15 11
99 15 14
99 14 12
99 14 13
99 27 26
99 26 21
99 21 18
99 21 20
99 20 19
99 26 25
99 25 24
99 24 23
99 23 22
100 33 5
100 5 1
100 1 0
100 5 4
100 4 3
100 3 2
100 33 32
100 32 22
100 22 21
100 21 11
100 11 10
100 10 6
100 10 9
100 9 7
100 9 8
100 21 20
100 20 19
100 19 12
100 19 18
100 18 14
100 14 13
100 18 17
100 17 16
100 16 15
100 32 31
100 31 23
100 31 30
100 30 25
100 25 24
100 30 29
100 29 27
100 27 26
100 29 28
101 33 32
101 32 3
101 3 2
101 2 1
101 1 0
101 32 31
101 31 8
101 8 5
101 5 4
101 8 7
101 7 6
101 31 30
101 30 29
101 29 28
101 28 26
101 26 9
101 26 25
101 25 10
101 25 24
101 24 18
101 18 17
101 17 14
101 14 12
101 12 11
101 14 13
101 17 16
101 16 15
101 24 23
101 23 22
101 22 21
101 21 20
101 20 19
101 28 27
