1 33 31
1 31 30
1 30 29
1 29 28
1 28 25
1 25 1
1 1 0
1 25 24
1 24 2
1 24 23
1 23 9
1 9 8
1 8 3
1 8 7
1 7 6
1 6 5
1 5 4
1 23 22
1 22 21
1 21 19
1 19 10
1 19 18
1 18 17
1 17 16
1 16 14
1 14 13
1 13 11
1 13 12
1 16 15
1 21 20
1 28 27
1 27 26
1 33 32
2 32 31
2 31 30
2 30 2
2 2 1
2 1 0
2 30 29
2 29 4
2 4 3
2 29 28
2 28 25
2 25 24
2 24 9
2 9 8
2 8 5
2 8 7
2 7 6
2 24 23
2 23 17
2 17 11
2 11 10
2 17 16
2 16 15
2 15 14
2 14 13
2 13 12
2 23 22
2 22 19
2 19 18
2 22 21
2 21 20
2 28 27
2 27 26
3 32 31
3 31 0
3 31 30
3 30 24
3 24 3
3 3 1
3 3 2
3 24 23
3 23 22
3 22 20
3 20 11
3 11 6
3 6 5
3 5 4
3 11 10
3 10 9
3 9 7
3 9 8
3 20 19
3 19 13
3 13 12
3 19 18
3 18 15
3 15 14
3 18 17
3 17 16
3 22 21
3 30 29
3 29 25
3 29 28
3 28 27
3 27 26
4 33 32
4 32 31
4 31 25
4 25 1
4 1 0
4 25 24
4 24 15
4 15 12
4 12 5
4 5 2
4 5 4
4 4 3
4 12 11
4 11 10
4 10 7
4 7 6
4 10 9
4 9 8
4 15 14
4 14 13
4 24 23
4 23 16
4 23 22
4 22 21
4 21 17
4 21 20
4 20 18
4 20 19
4 31 30
4 30 29
4 29 26
4 29 28
4 28 27
5 29 28
5 28 0
5 28 27
5 27 21
5 21 4
5 4 1
5 4 3
5 3 2
5 21 20
5 20 17
5 17 11
5 11 5
5 11 10
5 10 9
5 9 7
5 7 6
5 9 8
5 17 16
5 16 15
5 15 13
5 13 12
5 15 14
5 20 19
5 19 18
5 27 26
5 26 25
5 25 24
5 24 23
5 23 22
6 30 29
6 29 28
6 28 27
6 27 26
6 26 25
6 25 14
6 14 0
6 14 13
6 13 8
6 8 4
6 4 2
6 2 1
6 4 3
6 8 7
6 7 5
6 7 6
6 13 12
6 12 10
6 10 9
6 12 11
6 25 24
6 24 22
6 22 20
6 20 19
6 19 15
6 19 18
6 18 16
6 18 17
6 22 21
6 24 23
7 33 20
7 20 6
7 6 4
7 4 2
7 2 1
7 1 0
7 4 3
7 6 5
7 20 19
7 19 8
7 8 7
7 19 18
7 18 9
7 18 17
7 17 10
7 17 16
7 16 15
7 15 13
7 13 12
7 12 11
7 15 14
7 33 32
7 32 21
7 32 31
7 31 22
7 31 30
7 30 29
7 29 25
7 25 24
7 24 23
7 29 28
7 28 27
7 27 26
8 30 24
8 24 23
8 23 22
8 22 21
8 21 20
8 20 16
8 16 2
8 2 1
8 1 0
8 16 15
8 15 3
8 15 14
8 14 13
8 13 12
8 12 11
8 11 8
8 8 5
8 5 4
8 8 7
8 7 6
8 11 10
8 10 9
8 20 19
8 19 17
8 19 18
8 30 29
8 29 28
8 28 27
8 27 25
8 27 26
9 33 1
9 1 0
9 33 32
9 32 31
9 31 25
9 25 4
9 4 2
9 4 3
9 25 24
9 24 13
9 13 9
9 9 5
9 9 8
9 8 7
9 7 6
9 13 12
9 12 11
9 11 10
9 24 23
9 23 22
9 22 21
9 21 20
9 20 18
9 18 16
9 16 14
9 16 15
9 18 17
9 20 19
9 31 30
9 30 26
9 30 29
9 29 27
9 29 28
10 34 32
10 32 31
10 31 24
10 24 22
10 22 21
10 21 1
10 1 0
10 21 20
10 20 19
10 19 2
10 19 18
10 18 17
10 17 16
10 16 14
10 14 5
10 5 4
10 4 3
10 14 13
10 13 8
10 8 7
10 7 6
10 13 12
10 12 11
10 11 10
10 10 9
10 16 15
10 24 23
10 31 30
10 30 29
10 29 28
10 28 27
10 27 25
10 27 26
10 34 33
11 32 1
11 1 0
11 32 31
11 31 17
11 17 3
11 3 2
11 17 16
11 16 7
11 7 6
11 6 5
11 5 4
11 16 15
11 15 14
11 14 12
11 12 11
11 11 10
11 10 9
11 9 8
11 14 13
11 31 30
11 30 29
11 29 18
11 29 28
11 28 27
11 27 19
11 27 26
11 26 25
11 25 24
11 24 23
11 23 22
11 22 20
11 22 21
12 32 0
12 32 31
12 31 30
12 30 4
12 4 3
12 3 2
12 2 1
12 30 29
12 29 27
12 27 8
12 8 6
12 6 5
12 8 7
12 27 26
12 26 24
12 24 23
12 23 22
12 22 20
12 20 18
12 18 14
12 14 10
12 10 9
12 14 13
12 13 12
12 12 11
12 18 17
12 17 16
12 16 15
12 20 19
12 22 21
12 26 25
12 29 28
13 34 33
13 33 0
13 33 32
13 32 5
13 5 2
13 2 1
13 5 4
13 4 3
13 32 31
13 31 9
13 9 8
13 8 6
13 8 7
13 31 30
13 30 28
13 28 18
13 18 12
13 12 11
13 11 10
13 18 17
13 17 15
13 15 13
13 15 14
13 17 16
13 28 27
13 27 26
13 26 21
13 21 20
13 20 19
13 26 25
13 25 22
13 25 24
13 24 23
13 30 29
14 30 29
14 29 28
14 28 27
14 27 1
14 1 0
14 27 26
14 26 11
14 11 10
14 10 9
14 9 7
14 7 6
14 6 5
14 5 2
14 5 4
14 4 3
14 9 8
14 26 25
14 25 18
14 18 14
14 14 12
14 14 13
14 18 17
14 17 15
14 17 16
14 25 24
14 24 23
14 23 19
14 23 22
14 22 20
14 22 21
15 30 29
15 29 14
15 14 4
15 4 3
15 3 1
15 1 0
15 3 2
15 14 13
15 13 12
15 12 8
15 8 7
15 7 6
15 6 5
15 12 11
15 11 9
15 11 10
15 29 28
15 28 16
15 16 15
15 28 27
15 27 18
15 18 17
15 27 26
15 26 22
15 22 19
15 22 21
15 21 20
15 26 25
15 25 23
15 25 24
16 31 28
16 28 10
16 10 9
16 9 8
16 8 6
16 6 0
16 6 5
16 5 1
16 5 4
16 4 3
16 3 2
16 8 7
16 28 27
16 27 20
16 20 12
16 12 11
16 20 19
16 19 18
16 18 14
16 14 13
16 18 17
16 17 16
16 16 15
16 27 26
16 26 25
16 25 23
16 23 21
16 23 22
16 25 24
16 31 30
16 30 29
17 33 32
17 32 0
17 32 31
17 31 2
17 2 1
17 31 30
17 30 4
17 4 3
17 30 29
17 29 28
17 28 27
17 27 26
17 26 25
17 25 5
17 25 24
17 24 14
17 14 11
17 11 10
17 10 8
17 8 6
17 8 7
17 10 9
17 14 13
17 13 12
17 24 23
17 23 18
17 18 17
17 17 16
17 16 15
17 23 22
17 22 21
17 21 20
17 20 19
18 29 25
18 25 0
18 25 24
18 24 1
18 24 23
18 23 22
18 22 21
18 21 18
18 18 10
18 10 2
18 10 9
18 9 3
18 9 8
18 8 7
18 7 4
18 7 6
18 6 5
18 18 17
18 17 11
18 17 16
18 16 15
18 15 14
18 14 12
18 14 13
18 21 20
18 20 19
18 29 28
18 28 26
18 28 27
19 30 4
19 4 3
19 3 1
19 1 0
19 3 2
19 30 29
19 29 27
19 27 26
19 26 25
19 25 24
19 24 22
19 22 21
19 21 19
19 19 17
19 17 5
19 17 16
19 16 15
19 15 14
19 14 12
19 12 8
19 8 6
19 8 7
19 12 11
19 11 9
19 11 10
19 14 13
19 19 18
19 21 20
19 24 23
19 29 28
20 34 0
20 34 33
20 33 32
20 32 31
20 31 30
20 30 28
20 28 27
20 27 26
20 26 2
20 2 1
20 26 25
20 25 24
20 24 3
20 24 23
20 23 4
20 23 22
20 22 19
20 19 5
20 19 18
20 18 15
20 15 14
20 14 13
20 13 10
20 10 9
20 9 8
20 8 7
20 7 6
20 13 12
20 12 11
20 18 17
20 17 16
20 22 21
20 21 20
20 30 29
21 34 2
21 2 0
21 2 1
21 34 33
21 33 32
21 32 12
21 12 11
21 11 10
21 10 5
21 5 4
21 4 3
21 10 9
21 9 7
21 7 6
21 9 8
21 32 31
21 31 18
21 18 16
21 16 15
21 15 14
21 14 13
21 18 17
21 31 30
21 30 28
21 28 20
21 20 19
21 28 27
21 27 22
21 22 21
21 27 26
21 26 24
21 24 23
21 26 25
21 30 29
22 29 28
22 28 27
22 27 10
22 10 8
22 8 5
22 5 1
22 1 0
22 5 4
22 4 3
22 3 2
22 8 7
22 7 6
22 10 9
22 27 26
22 26 21
22 21 19
22 19 12
22 12 11
22 19 18
22 18 13
22 18 17
22 17 16
22 16 14
22 16 15
22 21 20
22 26 25
22 25 24
22 24 22
22 24 23
23 33 32
23 32 29
23 29 28
23 28 26
23 26 25
23 25 23
23 23 21
23 21 19
23 19 2
23 2 1
23 1 0
23 19 18
23 18 3
23 18 17
23 17 4
23 17 16
23 16 14
23 14 7
23 7 6
23 6 5
23 14 13
23 13 12
23 12 11
23 11 10
23 10 9
23 9 8
23 16 15
23 21 20
23 23 22
23 25 24
23 28 27
23 32 31
23 31 30
24 29 28
24 28 27
24 27 26
24 26 24
24 24 4
24 4 3
24 3 2
24 2 1
24 1 0
24 24 23
24 23 7
24 7 6
24 6 5
24 23 22
24 22 13
24 13 10
24 10 9
24 9 8
24 13 12
24 12 11
24 22 21
24 21 19
24 19 16
24 16 14
24 16 15
24 19 18
24 18 17
24 21 20
24 26 25
25 29 6
25 6 5
25 5 0
25 5 4
25 4 3
25 3 2
25 2 1
25 29 28
25 28 25
25 25 15
25 15 12
25 12 10
25 10 9
25 9 8
25 8 7
25 12 11
25 15 14
25 14 13
25 25 24
25 24 23
25 23 22
25 22 21
25 21 20
25 20 18
25 18 16
25 18 17
25 20 19
25 28 27
25 27 26
26 29 14
26 14 6
26 6 5
26 5 4
26 4 2
26 2 1
26 1 0
26 4 3
26 14 13
26 13 9
26 9 7
26 9 8
26 13 12
26 12 10
26 12 11
26 29 28
26 28 27
26 27 21
26 21 20
26 20 15
26 20 19
26 19 17
26 17 16
26 19 18
26 27 26
26 26 25
26 25 22
26 25 24
26 24 23
27 33 9
27 9 8
27 8 4
27 4 2
27 2 0
27 2 1
27 4 3
27 8 7
27 7 6
27 6 5
27 33 32
27 32 30
27 30 24
27 24 23
27 23 22
27 22 18
27 18 10
27 18 17
27 17 16
27 16 12
27 12 11
27 16 15
27 15 13
27 15 14
27 22 21
27 21 19
27 21 20
27 30 29
27 29 25
27 29 28
27 28 26
27 28 27
27 32 31
28 32 27
28 27 26
28 26 0
28 26 25
28 25 23
28 23 17
28 17 10
28 10 4
28 4 3
28 3 1
28 3 2
28 10 9
28 9 8
28 8 7
28 7 5
28 7 6
28 17 16
28 16 12
28 12 11
28 16 15
28 15 14
28 14 13
28 23 22
28 22 19
28 19 18
28 22 21
28 21 20
28 25 24
28 32 31
28 31 30
28 30 28
28 30 29
29 29 28
29 28 27
29 27 0
29 27 26
29 26 24
29 24 22
29 22 1
29 22 21
29 21 20
29 20 19
29 19 2
29 19 18
29 18 17
29 17 16
29 16 7
29 7 6
29 6 3
29 6 5
29 5 4
29 16 15
29 15 11
29 11 9
29 9 8
29 11 10
29 15 14
29 14 13
29 13 12
29 24 23
29 26 25
30 33 0
30 33 32
30 32 29
30 29 28
30 28 10
30 10 1
30 10 9
30 9 7
30 7 3
30 3 2
30 7 6
30 6 5
30 5 4
30 9 8
30 28 27
30 27 26
30 26 17
30 17 11
30 17 16
30 16 12
30 16 15
30 15 13
30 15 14
30 26 25
30 25 23
30 23 19
30 19 18
30 23 22
30 22 20
30 22 21
30 25 24
30 32 31
30 31 30
31 33 32
31 32 31
31 31 30
31 30 3
31 3 2
31 2 1
31 1 0
31 30 29
31 29 25
31 25 23
31 23 8
31 8 4
31 8 7
31 7 6
31 6 5
31 23 22
31 22 16
31 16 15
31 15 9
31 15 14
31 14 11
31 11 10
31 14 13
31 13 12
31 22 21
31 21 19
31 19 18
31 18 17
31 21 20
31 25 24
31 29 28
31 28 26
31 28 27
32 31 15
32 15 6
32 6 1
32 1 0
32 6 5
32 5 2
32 5 4
32 4 3
32 15 14
32 14 13
32 13 7
32 13 12
32 12 11
32 11 10
32 10 8
32 10 9
32 31 30
32 30 29
32 29 26
32 26 18
32 18 16
32 18 17
32 26 25
32 25 19
32 25 24
32 24 20
32 24 23
32 23 22
32 22 21
32 29 28
32 28 27
33 34 32
33 32 0
33 32 31
33 31 28
33 28 2
33 2 1
33 28 27
33 27 25
33 25 3
33 25 24
33 24 21
33 21 6
33 6 4
33 6 5
33 21 20
33 20 19
33 19 11
33 11 7
33 11 10
33 10 9
33 9 8
33 19 18
33 18 17
33 17 15
33 15 14
33 14 12
33 14 13
33 17 16
33 24 23
33 23 22
33 27 26
33 31 30
33 30 29
33 34 33
34 33 15
34 15 14
34 14 5
34 5 3
34 3 1
34 1 0
34 3 2
34 5 4
34 14 13
34 13 10
34 10 9
34 9 8
34 8 6
34 8 7
34 13 12
34 12 11
34 33 32
34 32 28
34 28 22
34 22 19
34 19 18
34 18 17
34 17 16
34 22 21
34 21 20
34 28 27
34 27 26
34 26 23
34 26 25
34 25 24
34 32 31
34 31 29
34 31 30
35 30 29
35 29 28
35 28 26
35 26 16
35 16 0
35 16 15
35 15 1
35 15 14
35 14 12
35 12 10
35 10 9
35 9 8
35 8 7
35 7 3
35 3 2
35 7 6
35 6 5
35 5 4
35 12 11
35 14 13
35 26 25
35 25 17
35 25 24
35 24 19
35 19 18
35 24 23
35 23 22
35 22 20
35 22 21
35 28 27
36 30 29
36 29 27
36 27 26
36 26 24
36 24 22
36 22 0
36 22 21
36 21 2
36 2 1
36 21 20
36 20 19
36 19 17
36 17 4
36 4 3
36 17 16
36 16 5
36 16 15
36 15 6
36 15 14
36 14 7
36 14 13
36 13 11
36 11 8
36 11 10
36 10 9
36 13 12
36 19 18
36 24 23
36 26 25
36 29 28
37 29 18
37 18 2
37 2 1
37 1 0
37 18 17
37 17 14
37 14 5
37 5 4
37 4 3
37 14 13
37 13 7
37 7 6
37 13 12
37 12 10
37 10 9
37 9 8
37 12 11
37 17 16
37 16 15
37 29 28
37 28 20
37 20 19
37 28 27
37 27 23
37 23 21
37 23 22
37 27 26
37 26 24
37 26 25
38 33 0
38 33 32
38 32 31
38 31 30
38 30 24
38 24 4
38 4 1
38 4 3
38 3 2
38 24 23
38 23 22
38 22 21
38 21 18
38 18 17
38 17 9
38 9 6
38 6 5
38 9 8
38 8 7
38 17 16
38 16 10
38 16 15
38 15 14
38 14 11
38 14 13
38 13 12
38 21 20
38 20 19
38 30 29
38 29 26
38 26 25
38 29 28
38 28 27
39 32 2
39 2 0
39 2 1
39 32 31
39 31 30
39 30 3
39 30 29
39 29 28
39 28 27
39 27 25
39 25 21
39 21 19
39 19 17
39 17 5
39 5 4
39 17 16
39 16 6
39 16 15
39 15 14
39 14 13
39 13 12
39 12 7
39 12 11
39 11 10
39 10 8
39 10 9
39 19 18
39 21 20
39 25 24
39 24 22
39 24 23
39 27 26
40 33 22
40 22 1
40 1 0
40 22 21
40 21 18
40 18 16
40 16 14
40 14 13
40 13 12
40 12 10
40 10 6
40 6 5
40 5 3
40 3 2
40 5 4
40 10 9
40 9 8
40 8 7
40 12 11
40 16 15
40 18 17
40 21 20
40 20 19
40 33 32
40 32 23
40 32 31
40 31 28
40 28 27
40 27 24
40 27 26
40 26 25
40 31 30
40 30 29
41 34 33
41 33 25
41 25 17
41 17 11
41 11 10
41 10 9
41 9 8
41 8 6
41 6 3
41 3 0
41 3 2
41 2 1
41 6 5
41 5 4
41 8 7
41 17 16
41 16 15
41 15 13
41 13 12
41 15 14
41 25 24
41 24 19
41 19 18
41 24 23
41 23 20
41 23 22
41 22 21
41 33 32
41 32 31
41 31 30
41 30 26
41 30 29
41 29 28
41 28 27
42 34 33
42 33 32
42 32 2
42 2 0
42 2 1
42 32 31
42 31 29
42 29 28
42 28 21
42 21 3
42 21 20
42 20 17
42 17 16
42 16 14
42 14 13
42 13 12
42 12 6
42 6 4
42 6 5
42 12 11
42 11 9
42 9 8
42 8 7
42 11 10
42 16 15
42 20 19
42 19 18
42 28 27
42 27 22
42 27 26
42 26 24
42 24 23
42 26 25
42 31 30
43 29 9
43 9 5
43 5 2
43 2 1
43 1 0
43 5 4
43 4 3
43 9 8
43 8 7
43 7 6
43 29 28
43 28 13
43 13 12
43 12 11
43 11 10
43 28 27
43 27 25
43 25 24
43 24 18
43 18 17
43 17 16
43 16 14
43 16 15
43 24 23
43 23 22
43 22 21
43 21 20
43 20 19
43 27 26
44 31 29
44 29 28
44 28 0
44 28 27
44 27 26
44 26 25
44 25 23
44 23 20
44 20 15
44 15 1
44 15 14
44 14 10
44 10 9
44 9 8
44 8 7
44 7 4
44 4 3
44 3 2
44 7 6
44 6 5
44 14 13
44 13 11
44 13 12
44 20 19
44 19 18
44 18 16
44 18 17
44 23 22
44 22 21
44 25 24
44 31 30
45 30 13
45 13 0
45 13 12
45 12 11
45 11 10
45 10 9
45 9 8
45 8 2
45 2 1
45 8 7
45 7 5
45 5 4
45 4 3
45 7 6
45 30 29
45 29 27
45 27 14
45 27 26
45 26 23
45 23 18
45 18 16
45 16 15
45 18 17
45 23 22
45 22 19
45 22 21
45 21 20
45 26 25
45 25 24
45 29 28
46 32 31
46 31 14
46 14 13
46 13 10
46 10 8
46 8 7
46 7 1
46 1 0
46 7 6
46 6 2
46 6 5
46 5 3
46 5 4
46 10 9
46 13 12
46 12 11
46 31 30
46 30 16
46 16 15
46 30 29
46 29 28
46 28 27
46 27 26
46 26 17
46 26 25
46 25 18
46 25 24
46 24 20
46 20 19
46 24 23
46 23 21
46 23 22
47 32 31
47 31 0
47 31 30
47 30 1
47 30 29
47 29 28
47 28 27
47 27 11
47 11 10
47 10 9
47 9 7
47 7 2
47 7 6
47 6 3
47 6 5
47 5 4
47 9 8
47 27 26
47 26 13
47 13 12
47 26 25
47 25 15
47 15 14
47 25 24
47 24 22
47 22 21
47 21 20
47 20 18
47 18 17
47 17 16
47 20 19
47 24 23
48 34 32
48 32 1
48 1 0
48 32 31
48 31 30
48 30 8
48 8 7
48 7 4
48 4 3
48 3 2
48 7 6
48 6 5
48 30 29
48 29 22
48 22 20
48 20 19
48 19 17
48 17 16
48 16 15
48 15 14
48 14 13
48 13 12
48 12 9
48 12 11
48 11 10
48 19 18
48 22 21
48 29 28
48 28 26
48 26 24
48 24 23
48 26 25
48 28 27
48 34 33
49 30 26
49 26 24
49 24 9
49 9 1
49 1 0
49 9 8
49 8 7
49 7 6
49 6 5
49 5 3
49 3 2
49 5 4
49 24 23
49 23 10
49 23 22
49 22 11
49 22 21
49 21 20
49 20 12
49 20 19
49 19 18
49 18 16
49 16 13
49 16 15
49 15 14
49 18 17
49 26 25
49 30 29
49 29 27
49 29 28
50 31 30
50 30 28
50 28 7
50 7 6
50 6 1
50 1 0
50 6 5
50 5 4
50 4 3
50 3 2
50 28 27
50 27 8
50 27 26
50 26 12
50 12 11
50 11 9
50 11 10
50 26 25
50 25 22
50 22 21
50 21 20
50 20 19
50 19 17
50 17 16
50 16 15
50 15 13
50 15 14
50 19 18
50 25 24
50 24 23
50 30 29
51 29 28
51 28 27
51 27 23
51 23 3
51 3 2
51 2 1
51 1 0
51 23 22
51 22 20
51 20 6
51 6 4
51 6 5
51 20 19
51 19 18
51 18 15
51 15 11
51 11 10
51 10 8
51 8 7
51 10 9
51 15 14
51 14 12
51 14 13
51 18 17
51 17 16
51 22 21
51 27 26
51 26 25
51 25 24
52 32 31
52 31 30
52 30 28
52 28 27
52 27 26
52 26 18
52 18 0
52 18 17
52 17 16
52 16 15
52 15 13
52 13 12
52 12 6
52 6 5
52 5 3
52 3 1
52 3 2
52 5 4
52 12 11
52 11 7
52 11 10
52 10 9
52 9 8
52 15 14
52 26 25
52 25 24
52 24 22
52 22 21
52 21 19
52 21 20
52 24 23
52 30 29
53 33 3
53 3 2
53 2 1
53 1 0
53 33 32
53 32 31
53 31 10
53 10 9
53 9 7
53 7 5
53 5 4
53 7 6
53 9 8
53 31 30
53 30 11
53 30 29
53 29 22
53 22 12
53 22 21
53 21 16
53 16 15
53 15 13
53 15 14
53 21 20
53 20 17
53 20 19
53 19 18
53 29 28
53 28 23
53 28 27
53 27 26
53 26 25
53 25 24
54 34 0
54 34 33
54 33 12
54 12 4
54 4 3
54 3 2
54 2 1
54 12 11
54 11 9
54 9 8
54 8 7
54 7 5
54 7 6
54 11 10
54 33 32
54 32 13
54 32 31
54 31 30
54 30 14
54 30 29
54 29 19
54 19 17
54 17 16
54 16 15
54 19 18
54 29 28
54 28 27
54 27 24
54 24 22
54 22 21
54 21 20
54 24 23
54 27 26
54 26 25
55 34 1
55 1 0
55 34 33
55 33 4
55 4 2
55 4 3
55 33 32
55 32 31
55 31 30
55 30 28
55 28 5
55 28 27
55 27 24
55 24 23
55 23 8
55 8 6
55 8 7
55 23 22
55 22 9
55 22 21
55 21 11
55 11 10
55 21 20
55 20 19
55 19 18
55 18 17
55 17 13
55 13 12
55 17 16
55 16 15
55 15 14
55 27 26
55 26 25
55 30 29
56 32 31
56 31 1
56 1 0
56 31 30
56 30 29
56 29 27
56 27 24
56 24 19
56 19 17
56 17 16
56 16 15
56 15 11
56 11 9
56 9 2
56 9 8
56 8 3
56 8 7
56 7 5
56 5 4
56 7 6
56 11 10
56 15 14
56 14 12
56 14 13
56 19 18
56 24 23
56 23 22
56 22 21
56 21 20
56 27 26
56 26 25
56 29 28
57 33 32
57 32 31
57 31 0
57 31 30
57 30 22
57 22 20
57 20 6
57 6 5
57 5 3
57 3 2
57 2 1
57 5 4
57 20 19
57 19 18
57 18 17
57 17 15
57 15 14
57 14 12
57 12 7
57 12 11
57 11 8
57 11 10
57 10 9
57 14 13
57 17 16
57 22 21
57 30 29
57 29 28
57 28 24
57 24 23
57 28 27
57 27 26
57 26 25
58 34 33
58 33 10
58 10 8
58 8 0
58 8 7
58 7 6
58 6 1
58 6 5
58 5 2
58 5 4
58 4 3
58 10 9
58 33 32
58 32 12
58 12 11
58 32 31
58 31 13
58 31 30
58 30 25
58 25 22
58 22 14
58 22 21
58 21 15
58 21 20
58 20 19
58 19 18
58 18 16
58 18 17
58 25 24
58 24 23
58 30 29
58 29 28
58 28 27
58 27 26
59 32 31
59 31 25
59 25 2
59 2 1
59 1 0
59 25 24
59 24 23
59 23 16
59 16 6
59 6 5
59 5 3
59 5 4
59 16 15
59 15 13
59 13 9
59 9 7
59 9 8
59 13 12
59 12 11
59 11 10
59 15 14
59 23 22
59 22 21
59 21 19
59 19 18
59 18 17
59 21 20
59 31 30
59 30 29
59 29 28
59 28 27
59 27 26
60 30 0
60 30 29
60 29 28
60 28 7
60 7 6
60 6 4
60 4 2
60 2 1
60 4 3
60 6 5
60 28 27
60 27 8
60 27 26
60 26 13
60 13 9
60 13 12
60 12 10
60 12 11
60 26 25
60 25 23
60 23 20
60 20 19
60 19 15
60 15 14
60 19 18
60 18 16
60 18 17
60 23 22
60 22 21
60 25 24
61 29 0
61 29 28
61 28 2
61 2 1
61 28 27
61 27 26
61 26 17
61 17 5
61 5 3
61 5 4
61 17 16
61 16 7
61 7 6
61 16 15
61 15 14
61 14 9
61 9 8
61 14 13
61 13 10
61 13 12
61 12 11
61 26 25
61 25 20
61 20 18
61 20 19
61 25 24
61 24 23
61 23 22
61 22 21
62 31 0
62 31 30
62 30 15
62 15 14
62 14 12
62 12 3
62 3 1
62 3 2
62 12 11
62 11 7
62 7 6
62 6 5
62 5 4
62 11 10
62 10 8
62 10 9
62 14 13
62 30 29
62 29 28
62 28 27
62 27 16
62 27 26
62 26 25
62 25 23
62 23 22
62 22 21
62 21 17
62 21 20
62 20 18
62 20 19
62 25 24
63 29 28
63 28 26
63 26 21
63 21 17
63 17 16
63 16 15
63 15 14
63 14 0
63 14 13
63 13 11
63 11 10
63 10 9
63 9 1
63 9 8
63 8 5
63 5 2
63 5 4
63 4 3
63 8 7
63 7 6
63 13 12
63 21 20
63 20 19
63 19 18
63 26 25
63 25 23
63 23 22
63 25 24
63 28 27
64 32 31
64 31 29
64 29 0
64 29 28
64 28 27
64 27 26
64 26 1
64 26 25
64 25 24
64 24 2
64 24 23
64 23 21
64 21 20
64 20 16
64 16 11
64 11 8
64 8 5
64 5 4
64 4 3
64 8 7
64 7 6
64 11 10
64 10 9
64 16 15
64 15 13
64 13 12
64 15 14
64 20 19
64 19 18
64 18 17
64 23 22
64 31 30
65 29 20
65 20 18
65 18 16
65 16 15
65 15 14
65 14 13
65 13 0
65 13 12
65 12 1
65 12 11
65 11 10
65 10 9
65 9 8
65 8 4
65 4 2
65 4 3
65 8 7
65 7 6
65 6 5
65 18 17
65 20 19
65 29 28
65 28 27
65 27 26
65 26 24
65 24 22
65 22 21
65 24 23
65 26 25
66 33 32
66 32 31
66 31 30
66 30 0
66 30 29
66 29 27
66 27 1
66 27 26
66 26 25
66 25 23
66 23 20
66 20 11
66 11 4
66 4 3
66 3 2
66 11 10
66 10 8
66 8 6
66 6 5
66 8 7
66 10 9
66 20 19
66 19 14
66 14 12
66 14 13
66 19 18
66 18 15
66 18 17
66 17 16
66 23 22
66 22 21
66 25 24
66 29 28
67 31 0
67 31 30
67 30 29
67 29 27
67 27 13
67 13 2
67 2 1
67 13 12
67 12 6
67 6 5
67 5 3
67 5 4
67 12 11
67 11 9
67 9 8
67 8 7
67 11 10
67 27 26
67 26 25
67 25 24
67 24 20
67 20 14
67 20 19
67 19 17
67 17 15
67 17 16
67 19 18
67 24 23
67 23 22
67 22 21
67 29 28
68 29 2
68 2 0
68 2 1
68 29 28
68 28 5
68 5 3
68 5 4
68 28 27
68 27 26
68 26 15
68 15 14
68 14 6
68 14 13
68 13 12
68 12 11
68 11 8
68 8 7
68 11 10
68 10 9
68 26 25
68 25 20
68 20 17
68 17 16
68 20 19
68 19 18
68 25 24
68 24 22
68 22 21
68 24 23
69 29 27
69 27 7
69 7 0
69 7 6
69 6 5
69 5 2
69 2 1
69 5 4
69 4 3
69 27 26
69 26 13
69 13 12
69 12 11
69 11 10
69 10 9
69 9 8
69 26 25
69 25 15
69 15 14
69 25 24
69 24 22
69 22 16
69 22 21
69 21 20
69 20 18
69 18 17
69 20 19
69 24 23
69 29 28
70 32 30
70 30 29
70 29 28
70 28 27
70 27 26
70 26 2
70 2 0
70 2 1
70 26 25
70 25 5
70 5 4
70 4 3
70 25 24
70 24 22
70 22 21
70 21 20
70 20 19
70 19 11
70 11 7
70 7 6
70 11 10
70 10 9
70 9 8
70 19 18
70 18 17
70 17 14
70 14 12
70 14 13
70 17 16
70 16 15
70 24 23
70 32 31
71 31 30
71 30 28
71 28 0
71 28 27
71 27 1
71 27 26
71 26 25
71 25 21
71 21 20
71 20 18
71 18 2
71 18 17
71 17 4
71 4 3
71 17 16
71 16 15
71 15 5
71 15 14
71 14 13
71 13 12
71 12 8
71 8 6
71 8 7
71 12 11
71 11 10
71 10 9
71 20 19
71 25 24
71 24 23
71 23 22
71 30 29
72 29 28
72 28 27
72 27 26
72 26 25
72 25 23
72 23 0
72 23 22
72 22 21
72 21 20
72 20 2
72 2 1
72 20 19
72 19 11
72 11 9
72 9 4
72 4 3
72 9 8
72 8 7
72 7 6
72 6 5
72 11 10
72 19 18
72 18 14
72 14 13
72 13 12
72 18 17
72 17 16
72 16 15
72 25 24
73 32 30
73 30 23
73 23 0
73 23 22
73 22 20
73 20 19
73 19 1
73 19 18
73 18 2
73 18 17
73 17 5
73 5 3
73 5 4
73 17 16
73 16 15
73 15 14
73 14 13
73 13 12
73 12 6
73 12 11
73 11 7
73 11 10
73 10 9
73 9 8
73 22 21
73 30 29
73 29 27
73 27 25
73 25 24
73 27 26
73 29 28
73 32 31
74 31 30
74 30 11
74 11 4
74 4 3
74 3 2
74 2 0
74 2 1
74 11 10
74 10 9
74 9 5
74 9 8
74 8 7
74 7 6
74 30 29
74 29 21
74 21 20
74 20 15
74 15 13
74 13 12
74 15 14
74 20 19
74 19 17
74 17 16
74 19 18
74 29 28
74 28 23
74 23 22
74 28 27
74 27 25
74 25 24
74 27 26
75 32 31
75 31 29
75 29 25
75 25 23
75 23 18
75 18 16
75 16 14
75 14 11
75 11 2
75 2 1
75 1 0
75 11 10
75 10 3
75 10 9
75 9 8
75 8 5
75 5 4
75 8 7
75 7 6
75 14 13
75 13 12
75 16 15
75 18 17
75 23 22
75 22 19
75 22 21
75 21 20
75 25 24
75 29 28
75 28 26
75 28 27
75 31 30
76 30 3
76 3 1
76 1 0
76 3 2
76 30 29
76 29 4
76 29 28
76 28 24
76 24 10
76 10 8
76 8 7
76 7 6
76 6 5
76 10 9
76 24 23
76 23 22
76 22 20
76 20 11
76 20 19
76 19 18
76 18 17
76 17 15
76 15 12
76 15 14
76 14 13
76 17 16
76 22 21
76 28 27
76 27 26
76 26 25
77 33 12
77 12 3
77 3 0
77 3 2
77 2 1
77 12 11
77 11 4
77 11 10
77 10 5
77 10 9
77 9 8
77 8 7
77 7 6
77 33 32
77 32 13
77 32 31
77 31 25
77 25 24
77 24 23
77 23 21
77 21 20
77 20 14
77 20 19
77 19 18
77 18 17
77 17 15
77 17 16
77 23 22
77 31 30
77 30 28
77 28 26
77 28 27
77 30 29
78 30 26
78 26 14
78 14 4
78 4 0
78 4 3
78 3 1
78 3 2
78 14 13
78 13 7
78 7 5
78 7 6
78 13 12
78 12 11
78 11 10
78 10 9
78 9 8
78 26 25
78 25 17
78 17 15
78 17 16
78 25 24
78 24 22
78 22 21
78 21 20
78 20 18
78 20 19
78 24 23
78 30 29
78 29 28
78 28 27
79 29 28
79 28 25
79 25 24
79 24 23
79 23 9
79 9 7
79 7 6
79 6 0
79 6 5
79 5 1
79 5 4
79 4 3
79 3 2
79 9 8
79 23 22
79 22 21
79 21 20
79 20 19
79 19 11
79 11 10
79 19 18
79 18 12
79 18 17
79 17 16
79 16 15
79 15 14
79 14 13
79 28 27
79 27 26
80 31 1
80 1 0
80 31 30
80 30 9
80 9 7
80 7 6
80 6 2
80 6 5
80 5 3
80 5 4
80 9 8
80 30 29
80 29 10
80 29 28
80 28 20
80 20 13
80 13 12
80 12 11
80 20 19
80 19 18
80 18 17
80 17 16
80 16 15
80 15 14
80 28 27
80 27 21
80 27 26
80 26 25
80 25 23
80 23 22
80 25 24
81 29 28
81 28 27
81 27 0
81 27 26
81 26 22
81 22 19
81 19 17
81 17 1
81 17 16
81 16 15
81 15 14
81 14 13
81 13 2
81 13 12
81 12 10
81 10 5
81 5 4
81 4 3
81 10 9
81 9 6
81 9 8
81 8 7
81 12 11
81 19 18
81 22 21
81 21 20
81 26 25
81 25 24
81 24 23
82 33 0
82 33 32
82 32 31
82 31 30
82 30 29
82 29 27
82 27 8
82 8 2
82 2 1
82 8 7
82 7 3
82 7 6
82 6 5
82 5 4
82 27 26
82 26 11
82 11 9
82 11 10
82 26 25
82 25 23
82 23 15
82 15 12
82 15 14
82 14 13
82 23 22
82 22 21
82 21 19
82 19 17
82 17 16
82 19 18
82 21 20
82 25 24
82 29 28
83 29 28
83 28 24
83 24 23
83 23 8
83 8 7
83 7 1
83 1 0
83 7 6
83 6 2
83 6 5
83 5 3
83 5 4
83 23 22
83 22 21
83 21 18
83 18 9
83 18 17
83 17 10
83 17 16
83 16 13
83 13 11
83 13 12
83 16 15
83 15 14
83 21 20
83 20 19
83 28 27
83 27 25
83 27 26
84 31 0
84 31 30
84 30 29
84 29 22
84 22 21
84 21 1
84 21 20
84 20 13
84 13 6
84 6 5
84 5 4
84 4 3
84 3 2
84 13 12
84 12 10
84 10 9
84 9 8
84 8 7
84 12 11
84 20 19
84 19 17
84 17 15
84 15 14
84 17 16
84 19 18
84 29 28
84 28 26
84 26 23
84 26 25
84 25 24
84 28 27
85 33 8
85 8 0
85 8 7
85 7 6
85 6 5
85 5 2
85 2 1
85 5 4
85 4 3
85 33 32
85 32 28
85 28 21
85 21 16
85 16 11
85 11 10
85 10 9
85 16 15
85 15 14
85 14 12
85 14 13
85 21 20
85 20 17
85 20 19
85 19 18
85 28 27
85 27 26
85 26 25
85 25 22
85 25 24
85 24 23
85 32 31
85 31 30
85 30 29
86 29 21
86 21 18
86 18 0
86 18 17
86 17 16
86 16 15
86 15 10
86 10 9
86 9 8
86 8 5
86 5 4
86 4 3
86 3 1
86 3 2
86 8 7
86 7 6
86 15 14
86 14 13
86 13 12
86 12 11
86 21 20
86 20 19
86 29 28
86 28 22
86 28 27
86 27 23
86 27 26
86 26 24
86 26 25
87 30 29
87 29 28
87 28 27
87 27 0
87 27 26
87 26 24
87 24 16
87 16 15
87 15 14
87 14 13
87 13 12
87 12 1
87 12 11
87 11 10
87 10 9
87 9 8
87 8 2
87 8 7
87 7 3
87 7 6
87 6 4
87 6 5
87 24 23
87 23 18
87 18 17
87 23 22
87 22 20
87 20 19
87 22 21
87 26 25
88 30 28
88 28 7
88 7 6
88 6 1
88 1 0
88 6 5
88 5 4
88 4 2
88 4 3
88 28 27
88 27 8
88 27 26
88 26 25
88 25 23
88 23 9
88 23 22
88 22 16
88 16 12
88 12 11
88 11 10
88 16 15
88 15 14
88 14 13
88 22 21
88 21 17
88 21 20
88 20 19
88 19 18
88 25 24
88 30 29
89 30 9
89 9 8
89 8 6
89 6 3
89 3 1
89 1 0
89 3 2
89 6 5
89 5 4
89 8 7
89 30 29
89 29 11
89 11 10
89 29 28
89 28 23
89 23 22
89 22 13
89 13 12
89 22 21
89 21 14
89 21 20
89 20 16
89 16 15
89 20 19
89 19 17
89 19 18
89 28 27
89 27 24
89 27 26
89 26 25
90 30 29
90 29 2
90 2 1
90 1 0
90 29 28
90 28 16
90 16 3
90 16 15
90 15 14
90 14 12
90 12 7
90 7 6
90 6 4
90 6 5
90 12 11
90 11 10
90 10 9
90 9 8
90 14 13
90 28 27
90 27 25
90 25 20
90 20 19
90 19 18
90 18 17
90 25 24
90 24 23
90 23 22
90 22 21
90 27 26
91 30 29
91 29 27
91 27 26
91 26 23
91 23 5
91 5 0
91 5 4
91 4 1
91 4 3
91 3 2
91 23 22
91 22 6
91 22 21
91 21 20
91 20 12
91 12 10
91 10 9
91 9 7
91 9 8
91 12 11
91 20 19
91 19 18
91 18 17
91 17 13
91 17 16
91 16 14
91 16 15
91 26 25
91 25 24
91 29 28
92 34 0
92 34 33
92 33 1
92 33 32
92 32 23
92 23 19
92 19 2
92 19 18
92 18 15
92 15 3
92 15 14
92 14 10
92 10 7
92 7 4
92 7 6
92 6 5
92 10 9
92 9 8
92 14 13
92 13 11
92 13 12
92 18 17
92 17 16
92 23 22
92 22 21
92 21 20
92 32 31
92 31 29
92 29 28
92 28 26
92 26 24
92 26 25
92 28 27
92 31 30
93 32 0
93 32 31
93 31 30
93 30 28
93 28 26
93 26 25
93 25 24
93 24 23
93 23 22
93 22 21
93 21 19
93 19 18
93 18 6
93 6 5
93 5 4
93 4 2
93 2 1
93 4 3
93 18 17
93 17 10
93 10 9
93 9 7
93 9 8
93 17 16
93 16 12
93 12 11
93 16 15
93 15 14
93 14 13
93 21 20
93 28 27
93 30 29
94 29 28
94 28 25
94 25 24
94 24 0
94 24 23
94 23 1
94 23 22
94 22 5
94 5 4
94 4 2
94 4 3
94 22 21
94 21 20
94 20 12
94 12 11
94 11 10
94 10 7
94 7 6
94 10 9
94 9 8
94 20 19
94 19 13
94 19 18
94 18 17
94 17 15
94 15 14
94 17 16
94 28 27
94 27 26
95 29 26
95 26 13
95 13 7
95 7 6
95 6 0
95 6 5
95 5 1
95 5 4
95 4 2
95 4 3
95 13 12
95 12 10
95 10 9
95 9 8
95 12 11
95 26 25
95 25 22
95 22 14
95 22 21
95 21 17
95 17 15
95 17 16
95 21 20
95 20 19
95 19 18
95 25 24
95 24 23
95 29 28
95 28 27
96 29 28
96 28 24
96 24 20
96 20 19
96 19 14
96 14 3
96 3 2
96 2 0
96 2 1
96 14 13
96 13 12
96 12 11
96 11 10
96 10 8
96 8 7
96 7 6
96 6 4
96 6 5
96 10 9
96 19 18
96 18 17
96 17 16
96 16 15
96 24 23
96 23 21
96 23 22
96 28 27
96 27 26
96 26 25
97 30 22
97 22 21
97 21 20
97 20 6
97 6 4
97 4 3
97 3 2
97 2 1
97 1 0
97 6 5
97 20 19
97 19 8
97 8 7
97 19 18
97 18 9
97 18 17
97 17 10
97 17 16
97 16 12
97 12 11
97 16 15
97 15 13
97 15 14
97 30 29
97 29 23
97 29 28
97 28 27
97 27 26
97 26 25
97 25 24
98 32 9
98 9 8
98 8 3
98 3 2
98 2 0
98 2 1
98 8 7
98 7 6
98 6 4
98 6 5
98 32 31
98 31 25
98 25 18
98 18 14
98 14 13
98 13 10
98 13 12
98 12 11
98 18 17
98 17 16
98 16 15
98 25 24
98 24 23
98 23 22
98 22 19
98 22 21
98 21 20
98 31 30
98 30 29
98 29 28
98 28 27
98 27 26
99 29 11
99 11 4
99 4 3
99 3 0
99 3 2
99 2 1
99 11 10
99 10 9
99 9 7
99 7 6
99 6 5
99 9 8
99 29 28
99 28 27
99 27 25
99 25 23
99 23 22
99 22 21
99 21 19
99 19 18
99 18 17
99 17 15
99 15 14
99 14 12
99 14 13
99 17 16
99 21 20
99 25 24
99 27 26
100 30 26
100 26 23
100 23 22
100 22 21
100 21 20
100 20 19
100 19 18
100 18 16
100 16 15
100 15 14
100 14 13
100 13 0
100 13 12
100 12 11
100 11 8
100 8 3
100 3 2
100 2 1
100 8 7
100 7 6
100 6 4
100 6 5
100 11 10
100 10 9
100 18 17
100 26 25
100 25 24
100 30 29
100 29 27
100 29 28
101 29 28
101 28 10
101 10 7
101 7 1
101 1 0
101 7 6
101 6 5
101 5 4
101 4 3
101 3 2
101 10 9
101 9 8
101 28 27
101 27 26
101 26 11
101 26 25
101 25 24
101 24 23
101 23 22
101 22 12
101 22 21
101 21 18
101 18 13
101 18 17
101 17 16
101 16 15
101 15 14
101 21 20
101 20 19
