1 34 29
1 29 27
1 27 7
1 7 0
1 7 6
1 6 4
1 4 1
1 4 3
1 3 2
1 6 5
1 27 26
1 26 24
1 24 8
1 24 23
1 23 22
1 22 10
1 10 9
1 22 21
1 21 11
1 21 20
1 20 19
1 19 18
1 18 16
1 16 15
1 15 13
1 13 12
1 15 14
1 18 17
1 26 25
1 29 28
1 34 33
1 33 30
1 33 32
1 32 31
2 34 33
2 33 6
2 6 5
2 5 4
2 4 2
2 2 1
2 1 0
2 4 3
2 33 32
2 32 7
2 32 31
2 31 30
2 30 27
2 27 26
2 26 25
2 25 15
2 15 8
2 15 14
2 14 13
2 13 9
2 13 12
2 12 11
2 11 10
2 25 24
2 24 23
2 23 16
2 23 22
2 22 21
2 21 17
2 21 20
2 20 18
2 20 19
2 30 29
2 29 28
3 31 30
3 30 7
3 7 6
3 6 5
3 5 3
3 3 2
3 2 0
3 2 1
3 5 4
3 30 29
3 29 28
3 28 23
3 23 22
3 22 20
3 20 19
3 19 10
3 10 9
3 9 8
3 19 18
3 18 17
3 17 14
3 14 11
3 14 13
3 13 12
3 17 16
3 16 15
3 22 21
3 28 27
3 27 26
3 26 25
3 25 24
4 30 29
4 29 27
4 27 23
4 23 22
4 22 21
4 21 12
4 12 7
4 7 6
4 6 5
4 5 1
4 1 0
4 5 4
4 4 2
4 4 3
4 12 11
4 11 9
4 9 8
4 11 10
4 21 20
4 20 18
4 18 17
4 17 13
4 17 16
4 16 14
4 16 15
4 20 19
4 27 26
4 26 25
4 25 24
4 29 28
5 33 2
5 2 1
5 1 0
5 33 32
5 32 31
5 31 3
5 31 30
5 30 28
5 28 22
5 22 21
5 21 6
5 6 4
5 6 5
5 21 20
5 20 11
5 11 10
5 10 8
5 8 7
5 10 9
5 20 19
5 19 14
5 14 13
5 13 12
5 19 18
5 18 15
5 18 17
5 17 16
5 28 27
5 27 24
5 24 23
5 27 26
5 26 25
5 30 29
6 32 2
6 2 0
6 2 1
6 32 31
6 31 29
6 29 3
6 29 28
6 28 4
6 28 27
6 27 5
6 27 26
6 26 7
6 7 6
6 26 25
6 25 24
6 24 23
6 23 20
6 20 19
6 19 18
6 18 17
6 17 8
6 17 16
6 16 10
6 10 9
6 16 15
6 15 14
6 14 13
6 13 12
6 12 11
6 23 22
6 22 21
6 31 30
7 29 28
7 28 25
7 25 24
7 24 21
7 21 20
7 20 5
7 5 2
7 2 0
7 2 1
7 5 4
7 4 3
7 20 19
7 19 18
7 18 11
7 11 10
7 10 8
7 8 7
7 7 6
7 10 9
7 18 17
7 17 13
7 13 12
7 17 16
7 16 15
7 15 14
7 24 23
7 23 22
7 28 27
7 27 26
8 33 32
8 32 23
8 23 22
8 22 21
8 21 20
8 20 19
8 19 17
8 17 3
8 3 0
8 3 2
8 2 1
8 17 16
8 16 14
8 14 4
8 14 13
8 13 5
8 13 12
8 12 7
8 7 6
8 12 11
8 11 10
8 10 8
8 10 9
8 16 15
8 19 18
8 32 31
8 31 24
8 31 30
8 30 29
8 29 27
8 27 26
8 26 25
8 29 28
9 34 1
9 1 0
9 34 33
9 33 32
9 32 2
9 32 31
9 31 3
9 31 30
9 30 22
9 22 4
9 22 21
9 21 5
9 21 20
9 20 6
9 20 19
9 19 13
9 13 12
9 12 11
9 11 9
9 9 8
9 8 7
9 11 10
9 19 18
9 18 15
9 15 14
9 18 17
9 17 16
9 30 29
9 29 23
9 29 28
9 28 24
9 28 27
9 27 26
9 26 25
10 29 3
10 3 0
10 3 2
10 2 1
10 29 28
10 28 27
10 27 25
10 25 4
10 25 24
10 24 23
10 23 5
10 23 22
10 22 21
10 21 16
10 16 14
10 14 7
10 7 6
10 14 13
10 13 12
10 12 10
10 10 8
10 10 9
10 12 11
10 16 15
10 21 20
10 20 19
10 19 18
10 18 17
10 27 26
11 34 1
11 1 0
11 34 33
11 33 6
11 6 5
11 5 4
11 4 3
11 3 2
11 33 32
11 32 8
11 8 7
11 32 31
11 31 30
11 30 29
11 29 28
11 28 22
11 22 20
11 20 19
11 19 18
11 18 16
11 16 9
11 16 15
11 15 10
11 15 14
11 14 13
11 13 12
11 12 11
11 18 17
11 22 21
11 28 27
11 27 24
11 24 23
11 27 26
11 26 25
12 34 3
12 3 0
12 3 2
12 2 1
12 34 33
12 33 4
12 33 32
12 32 7
12 7 6
12 6 5
12 32 31
12 31 8
12 31 30
12 30 29
12 29 27
12 27 26
12 26 9
12 26 25
12 25 24
12 24 23
12 23 12
12 12 11
12 11 10
12 23 22
12 22 18
12 18 17
12 17 16
12 16 15
12 15 13
12 15 14
12 22 21
12 21 19
12 21 20
12 29 28
13 31 8
13 8 7
13 7 0
13 7 6
13 6 5
13 5 4
13 4 2
13 2 1
13 4 3
13 31 30
13 30 13
13 13 9
13 13 12
13 12 11
13 11 10
13 30 29
13 29 14
13 29 28
13 28 15
13 28 27
13 27 26
13 26 25
13 25 18
13 18 17
13 17 16
13 25 24
13 24 23
13 23 20
13 20 19
13 23 22
13 22 21
14 29 0
14 29 28
14 28 26
14 26 22
14 22 10
14 10 4
14 4 3
14 3 1
14 3 2
14 10 9
14 9 6
14 6 5
14 9 8
14 8 7
14 22 21
14 21 11
14 21 20
14 20 19
14 19 17
14 17 15
14 15 13
14 13 12
14 15 14
14 17 16
14 19 18
14 26 25
14 25 24
14 24 23
14 28 27
15 34 10
15 10 3
15 3 0
15 3 2
15 2 1
15 10 9
15 9 4
15 9 8
15 8 5
15 8 7
15 7 6
15 34 33
15 33 22
15 22 21
15 21 11
15 21 20
15 20 13
15 13 12
15 20 19
15 19 18
15 18 17
15 17 16
15 16 15
15 15 14
15 33 32
15 32 24
15 24 23
15 32 31
15 31 28
15 28 27
15 27 26
15 26 25
15 31 30
15 30 29
16 30 29
16 29 28
16 28 27
16 27 22
16 22 21
16 21 20
16 20 19
16 19 14
16 14 10
16 10 7
16 7 1
16 1 0
16 7 6
16 6 4
16 4 3
16 3 2
16 6 5
16 10 9
16 9 8
16 14 13
16 13 12
16 12 11
16 19 18
16 18 17
16 17 15
16 17 16
16 27 26
16 26 24
16 24 23
16 26 25
17 31 27
17 27 26
17 26 24
17 24 23
17 23 2
17 2 1
17 1 0
17 23 22
17 22 9
17 9 7
17 7 6
17 6 3
17 6 5
17 5 4
17 9 8
17 22 21
17 21 19
17 19 18
17 18 17
17 17 16
17 16 15
17 15 14
17 14 10
17 14 13
17 13 12
17 12 11
17 21 20
17 26 25
17 31 30
17 30 29
17 29 28
18 31 28
18 28 23
18 23 22
18 22 0
18 22 21
18 21 19
18 19 18
18 18 6
18 6 5
18 5 1
18 5 4
18 4 3
18 3 2
18 18 17
18 17 14
18 14 7
18 14 13
18 13 8
18 13 12
18 12 9
18 12 11
18 11 10
18 17 16
18 16 15
18 21 20
18 28 27
18 27 25
18 25 24
18 27 26
18 31 30
18 30 29
19 31 27
19 27 26
19 26 25
19 25 24
19 24 19
19 19 18
19 18 0
19 18 17
19 17 2
19 2 1
19 17 16
19 16 15
19 15 10
19 10 8
19 8 7
19 7 5
19 5 3
19 5 4
19 7 6
19 10 9
19 15 14
19 14 13
19 13 12
19 12 11
19 24 23
19 23 22
19 22 21
19 21 20
19 31 30
19 30 28
19 30 29
20 32 18
20 18 17
20 17 13
20 13 3
20 3 2
20 2 0
20 2 1
20 13 12
20 12 11
20 11 9
20 9 7
20 7 4
20 7 6
20 6 5
20 9 8
20 11 10
20 17 16
20 16 14
20 16 15
20 32 31
20 31 26
20 26 25
20 25 24
20 24 22
20 22 19
20 22 21
20 21 20
20 24 23
20 31 30
20 30 28
20 28 27
20 30 29
21 30 20
21 20 19
21 19 6
21 6 5
21 5 2
21 2 0
21 2 1
21 5 4
21 4 3
21 19 18
21 18 15
21 15 14
21 14 13
21 13 12
21 12 7
21 12 11
21 11 9
21 9 8
21 11 10
21 18 17
21 17 16
21 30 29
21 29 24
21 24 21
21 24 23
21 23 22
21 29 28
21 28 27
21 27 26
21 26 25
22 32 31
22 31 30
22 30 24
22 24 23
22 23 22
22 22 0
22 22 21
22 21 19
22 19 15
22 15 1
22 15 14
22 14 9
22 9 7
22 7 2
22 7 6
22 6 4
22 4 3
22 6 5
22 9 8
22 14 13
22 13 10
22 13 12
22 12 11
22 19 18
22 18 17
22 17 16
22 21 20
22 30 29
22 29 28
22 28 27
22 27 26
22 26 25
23 30 26
23 26 5
23 5 4
23 4 1
23 1 0
23 4 3
23 3 2
23 26 25
23 25 24
23 24 6
23 24 23
23 23 22
23 22 8
23 8 7
23 22 21
23 21 20
23 20 13
23 13 11
23 11 9
23 11 10
23 13 12
23 20 19
23 19 18
23 18 17
23 17 16
23 16 14
23 16 15
23 30 29
23 29 27
23 29 28
24 34 33
24 33 31
24 31 20
24 20 18
24 18 0
24 18 17
24 17 11
24 11 4
24 4 3
24 3 2
24 2 1
24 11 10
24 10 5
24 10 9
24 9 7
24 7 6
24 9 8
24 17 16
24 16 14
24 14 13
24 13 12
24 16 15
24 20 19
24 31 30
24 30 21
24 30 29
24 29 22
24 29 28
24 28 27
24 27 23
24 27 26
24 26 24
24 26 25
24 33 32
25 32 16
25 16 9
25 9 7
25 7 6
25 6 3
25 3 0
25 3 2
25 2 1
25 6 5
25 5 4
25 9 8
25 16 15
25 15 13
25 13 12
25 12 11
25 11 10
25 15 14
25 32 31
25 31 30
25 30 21
25 21 19
25 19 18
25 18 17
25 21 20
25 30 29
25 29 28
25 28 26
25 26 25
25 25 22
25 25 24
25 24 23
25 28 27
26 31 1
26 1 0
26 31 30
26 30 29
26 29 27
26 27 25
26 25 17
26 17 10
26 10 7
26 7 5
26 5 4
26 4 3
26 3 2
26 7 6
26 10 9
26 9 8
26 17 16
26 16 15
26 15 12
26 12 11
26 15 14
26 14 13
26 25 24
26 24 18
26 24 23
26 23 22
26 22 21
26 21 20
26 20 19
26 27 26
26 29 28
27 30 27
27 27 2
27 2 1
27 1 0
27 27 26
27 26 21
27 21 20
27 20 18
27 18 17
27 17 3
27 17 16
27 16 7
27 7 6
27 6 4
27 6 5
27 16 15
27 15 14
27 14 12
27 12 10
27 10 9
27 9 8
27 12 11
27 14 13
27 20 19
27 26 25
27 25 22
27 25 24
27 24 23
27 30 29
27 29 28
28 31 27
28 27 20
28 20 19
28 19 12
28 12 11
28 11 3
28 3 2
28 2 0
28 2 1
28 11 10
28 10 9
28 9 8
28 8 5
28 5 4
28 8 7
28 7 6
28 19 18
28 18 13
28 18 17
28 17 16
28 16 14
28 16 15
28 27 26
28 26 25
28 25 21
28 25 24
28 24 23
28 23 22
28 31 30
28 30 28
28 30 29
29 32 31
29 31 26
29 26 25
29 25 0
29 25 24
29 24 23
29 23 20
29 20 18
29 18 17
29 17 5
29 5 3
29 3 2
29 2 1
29 5 4
29 17 16
29 16 11
29 11 10
29 10 9
29 9 6
29 9 8
29 8 7
29 16 15
29 15 14
29 14 12
29 14 13
29 20 19
29 23 22
29 22 21
29 31 30
29 30 29
29 29 28
29 28 27
30 34 0
30 34 33
30 33 32
30 32 1
30 32 31
30 31 30
30 30 29
30 29 3
30 3 2
30 29 28
30 28 27
30 27 7
30 7 6
30 6 5
30 5 4
30 27 26
30 26 24
30 24 8
30 24 23
30 23 22
30 22 14
30 14 11
30 11 9
30 11 10
30 14 13
30 13 12
30 22 21
30 21 16
30 16 15
30 21 20
30 20 19
30 19 18
30 18 17
30 26 25
31 34 33
31 33 0
31 33 32
31 32 31
31 31 5
31 5 4
31 4 3
31 3 1
31 3 2
31 31 30
31 30 7
31 7 6
31 30 29
31 29 26
31 26 24
31 24 23
31 23 9
31 9 8
31 23 22
31 22 21
31 21 19
31 19 15
31 15 13
31 13 12
31 12 10
31 12 11
31 15 14
31 19 18
31 18 16
31 18 17
31 21 20
31 26 25
31 29 28
31 28 27
32 31 4
32 4 3
32 3 1
32 1 0
32 3 2
32 31 30
32 30 29
32 29 28
32 28 27
32 27 26
32 26 9
32 9 5
32 9 8
32 8 7
32 7 6
32 26 25
32 25 23
32 23 15
32 15 10
32 15 14
32 14 12
32 12 11
32 14 13
32 23 22
32 22 19
32 19 18
32 18 16
32 18 17
32 22 21
32 21 20
32 25 24
33 32 31
33 31 3
33 3 1
33 1 0
33 3 2
33 31 30
33 30 28
33 28 23
33 23 22
33 22 4
33 22 21
33 21 20
33 20 16
33 16 5
33 16 15
33 15 11
33 11 7
33 7 6
33 11 10
33 10 9
33 9 8
33 15 14
33 14 13
33 13 12
33 20 19
33 19 18
33 18 17
33 28 27
33 27 25
33 25 24
33 27 26
33 30 29
34 29 6
34 6 4
34 4 0
34 4 3
34 3 2
34 2 1
34 6 5
34 29 28
34 28 27
34 27 26
34 26 24
34 24 23
34 23 9
34 9 7
34 9 8
34 23 22
34 22 18
34 18 17
34 17 15
34 15 14
34 14 13
34 13 12
34 12 10
34 12 11
34 17 16
34 22 21
34 21 20
34 20 19
34 26 25
35 29 25
35 25 0
35 25 24
35 24 1
35 24 23
35 23 22
35 22 21
35 21 2
35 21 20
35 20 3
35 20 19
35 19 17
35 17 4
35 17 16
35 16 14
35 14 13
35 13 7
35 7 6
35 6 5
35 13 12
35 12 10
35 10 9
35 9 8
35 12 11
35 16 15
35 19 18
35 29 28
35 28 26
35 28 27
36 29 26
36 26 24
36 24 14
36 14 6
36 6 5
36 5 3
36 3 0
36 3 2
36 2 1
36 5 4
36 14 13
36 13 12
36 12 9
36 9 7
36 9 8
36 12 11
36 11 10
36 24 23
36 23 22
36 22 20
36 20 19
36 19 18
36 18 17
36 17 15
36 17 16
36 22 21
36 26 25
36 29 28
36 28 27
37 29 0
37 29 28
37 28 27
37 27 26
37 26 3
37 3 2
37 2 1
37 26 25
37 25 21
37 21 8
37 8 7
37 7 4
37 7 6
37 6 5
37 21 20
37 20 15
37 15 14
37 14 12
37 12 10
37 10 9
37 12 11
37 14 13
37 20 19
37 19 18
37 18 17
37 17 16
37 25 24
37 24 22
37 24 23
38 30 0
38 30 29
38 29 28
38 28 27
38 27 22
38 22 21
38 21 1
38 21 20
38 20 4
38 4 3
38 3 2
38 20 19
38 19 14
38 14 13
38 13 10
38 10 5
38 10 9
38 9 6
38 9 8
38 8 7
38 13 12
38 12 11
38 19 18
38 18 17
38 17 16
38 16 15
38 27 26
38 26 25
38 25 23
38 25 24
39 29 0
39 29 28
39 28 25
39 25 22
39 22 21
39 21 19
39 19 18
39 18 1
39 18 17
39 17 8
39 8 7
39 7 6
39 6 3
39 3 2
39 6 5
39 5 4
39 17 16
39 16 15
39 15 14
39 14 11
39 11 9
39 11 10
39 14 13
39 13 12
39 21 20
39 25 24
39 24 23
39 28 27
39 27 26
40 34 33
40 33 32
40 32 31
40 31 1
40 1 0
40 31 30
40 30 29
40 29 26
40 26 24
40 24 22
40 22 4
40 4 3
40 3 2
40 22 21
40 21 17
40 17 5
40 17 16
40 16 9
40 9 6
40 9 8
40 8 7
40 16 15
40 15 10
40 15 14
40 14 13
40 13 12
40 12 11
40 21 20
40 20 19
40 19 18
40 24 23
40 26 25
40 29 28
40 28 27
41 32 10
41 10 5
41 5 2
41 2 1
41 1 0
41 5 4
41 4 3
41 10 9
41 9 6
41 9 8
41 8 7
41 32 31
41 31 30
41 30 11
41 30 29
41 29 18
41 18 14
41 14 13
41 13 12
41 18 17
41 17 15
41 17 16
41 29 28
41 28 27
41 27 26
41 26 25
41 25 19
41 25 24
41 24 23
41 23 22
41 22 21
41 21 20
42 34 0
42 34 33
42 33 31
42 31 28
42 28 2
42 2 1
42 28 27
42 27 25
42 25 23
42 23 3
42 23 22
42 22 4
42 22 21
42 21 5
42 21 20
42 20 18
42 18 7
42 7 6
42 18 17
42 17 14
42 14 12
42 12 8
42 12 11
42 11 9
42 11 10
42 14 13
42 17 16
42 16 15
42 20 19
42 25 24
42 27 26
42 31 30
42 30 29
42 33 32
43 30 2
43 2 1
43 1 0
43 30 29
43 29 4
43 4 3
43 29 28
43 28 27
43 27 26
43 26 25
43 25 17
43 17 16
43 16 14
43 14 12
43 12 6
43 6 5
43 12 11
43 11 9
43 9 7
43 9 8
43 11 10
43 14 13
43 16 15
43 25 24
43 24 20
43 20 18
43 20 19
43 24 23
43 23 21
43 23 22
44 34 0
44 34 33
44 33 32
44 32 31
44 31 1
44 31 30
44 30 12
44 12 2
44 12 11
44 11 10
44 10 8
44 8 7
44 7 5
44 5 4
44 4 3
44 7 6
44 10 9
44 30 29
44 29 17
44 17 15
44 15 13
44 15 14
44 17 16
44 29 28
44 28 27
44 27 20
44 20 18
44 20 19
44 27 26
44 26 24
44 24 21
44 24 23
44 23 22
44 26 25
45 29 28
45 28 27
45 27 25
45 25 23
45 23 0
45 23 22
45 22 3
45 3 2
45 2 1
45 22 21
45 21 20
45 20 19
45 19 12
45 12 11
45 11 10
45 10 9
45 9 7
45 7 5
45 5 4
45 7 6
45 9 8
45 19 18
45 18 17
45 17 16
45 16 13
45 16 15
45 15 14
45 25 24
45 27 26
46 32 0
46 32 31
46 31 24
46 24 4
46 4 2
46 2 1
46 4 3
46 24 23
46 23 8
46 8 5
46 8 7
46 7 6
46 23 22
46 22 9
46 22 21
46 21 13
46 13 11
46 11 10
46 13 12
46 21 20
46 20 14
46 20 19
46 19 15
46 19 18
46 18 17
46 17 16
46 31 30
46 30 25
46 30 29
46 29 28
46 28 27
46 27 26
47 34 31
47 31 30
47 30 0
47 30 29
47 29 19
47 19 1
47 19 18
47 18 8
47 8 7
47 7 6
47 6 5
47 5 3
47 3 2
47 5 4
47 18 17
47 17 16
47 16 15
47 15 10
47 10 9
47 15 14
47 14 12
47 12 11
47 14 13
47 29 28
47 28 20
47 28 27
47 27 25
47 25 24
47 24 22
47 22 21
47 24 23
47 27 26
47 34 33
47 33 32
48 30 26
48 26 25
48 25 24
48 24 11
48 11 7
48 7 0
48 7 6
48 6 4
48 4 1
48 4 3
48 3 2
48 6 5
48 11 10
48 10 8
48 10 9
48 24 23
48 23 22
48 22 21
48 21 19
48 19 18
48 18 14
48 14 13
48 13 12
48 18 17
48 17 15
48 17 16
48 21 20
48 30 29
48 29 27
48 29 28
49 34 29
49 29 4
49 4 2
49 2 1
49 1 0
49 4 3
49 29 28
49 28 23
49 23 22
49 22 21
49 21 20
49 20 5
49 20 19
49 19 18
49 18 6
49 18 17
49 17 12
49 12 7
49 12 11
49 11 10
49 10 9
49 9 8
49 17 16
49 16 14
49 14 13
49 16 15
49 28 27
49 27 24
49 27 26
49 26 25
49 34 33
49 33 32
49 32 30
49 32 31
50 32 30
50 30 28
50 28 26
50 26 25
50 25 24
50 24 23
50 23 10
50 10 9
50 9 0
50 9 8
50 8 6
50 6 5
50 5 4
50 4 1
50 4 3
50 3 2
50 8 7
50 23 22
50 22 15
50 15 14
50 14 13
50 13 12
50 12 11
50 22 21
50 21 16
50 21 20
50 20 19
50 19 18
50 18 17
50 28 27
50 30 29
50 32 31
51 30 17
51 17 0
51 17 16
51 16 15
51 15 14
51 14 3
51 3 1
51 3 2
51 14 13
51 13 11
51 11 9
51 9 8
51 8 7
51 7 6
51 6 4
51 6 5
51 11 10
51 13 12
51 30 29
51 29 26
51 26 25
51 25 18
51 25 24
51 24 19
51 24 23
51 23 22
51 22 21
51 21 20
51 29 28
51 28 27
52 32 0
52 32 31
52 31 28
52 28 27
52 27 3
52 3 2
52 2 1
52 27 26
52 26 25
52 25 21
52 21 8
52 8 5
52 5 4
52 8 7
52 7 6
52 21 20
52 20 16
52 16 15
52 15 10
52 10 9
52 15 14
52 14 13
52 13 11
52 13 12
52 20 19
52 19 17
52 19 18
52 25 24
52 24 22
52 24 23
52 31 30
52 30 29
53 33 32
53 32 23
53 23 15
53 15 12
53 12 4
53 4 3
53 3 2
53 2 0
53 2 1
53 12 11
53 11 10
53 10 9
53 9 8
53 8 6
53 6 5
53 8 7
53 15 14
53 14 13
53 23 22
53 22 21
53 21 20
53 20 16
53 20 19
53 19 18
53 18 17
53 32 31
53 31 30
53 30 29
53 29 28
53 28 26
53 26 25
53 25 24
53 28 27
54 29 12
54 12 11
54 11 1
54 1 0
54 11 10
54 10 4
54 4 3
54 3 2
54 10 9
54 9 8
54 8 6
54 6 5
54 8 7
54 29 28
54 28 26
54 26 13
54 26 25
54 25 23
54 23 22
54 22 20
54 20 15
54 15 14
54 20 19
54 19 16
54 19 18
54 18 17
54 22 21
54 25 24
54 28 27
55 32 4
55 4 2
55 2 0
55 2 1
55 4 3
55 32 31
55 31 29
55 29 5
55 29 28
55 28 7
55 7 6
55 28 27
55 27 26
55 26 24
55 24 20
55 20 19
55 19 18
55 18 16
55 16 15
55 15 8
55 15 14
55 14 10
55 10 9
55 14 13
55 13 11
55 13 12
55 18 17
55 24 23
55 23 21
55 23 22
55 26 25
55 31 30
56 33 0
56 33 32
56 32 31
56 31 6
56 6 2
56 2 1
56 6 5
56 5 3
56 5 4
56 31 30
56 30 29
56 29 25
56 25 16
56 16 7
56 16 15
56 15 11
56 11 9
56 9 8
56 11 10
56 15 14
56 14 13
56 13 12
56 25 24
56 24 23
56 23 17
56 23 22
56 22 20
56 20 19
56 19 18
56 22 21
56 29 28
56 28 27
56 27 26
57 29 25
57 25 24
57 24 22
57 22 21
57 21 19
57 19 14
57 14 9
57 9 2
57 2 0
57 2 1
57 9 8
57 8 6
57 6 3
57 6 5
57 5 4
57 8 7
57 14 13
57 13 11
57 11 10
57 13 12
57 19 18
57 18 17
57 17 15
57 17 16
57 21 20
57 24 23
57 29 28
57 28 26
57 28 27
58 30 27
58 27 26
58 26 25
58 25 24
58 24 23
58 23 0
58 23 22
58 22 21
58 21 17
58 17 7
58 7 5
58 5 4
58 4 3
58 3 1
58 3 2
58 7 6
58 17 16
58 16 15
58 15 11
58 11 10
58 10 8
58 10 9
58 15 14
58 14 12
58 14 13
58 21 20
58 20 18
58 20 19
58 30 29
58 29 28
59 33 5
59 5 4
59 4 1
59 1 0
59 4 3
59 3 2
59 33 32
59 32 30
59 30 28
59 28 26
59 26 25
59 25 24
59 24 21
59 21 13
59 13 6
59 13 12
59 12 11
59 11 9
59 9 7
59 9 8
59 11 10
59 21 20
59 20 19
59 19 18
59 18 15
59 15 14
59 18 17
59 17 16
59 24 23
59 23 22
59 28 27
59 30 29
59 32 31
60 31 30
60 30 2
60 2 1
60 1 0
60 30 29
60 29 28
60 28 8
60 8 7
60 7 6
60 6 5
60 5 3
60 5 4
60 28 27
60 27 14
60 14 10
60 10 9
60 14 13
60 13 12
60 12 11
60 27 26
60 26 25
60 25 23
60 23 15
60 23 22
60 22 21
60 21 18
60 18 16
60 18 17
60 21 20
60 20 19
60 25 24
61 33 32
61 32 3
61 3 0
61 3 2
61 2 1
61 32 31
61 31 4
61 31 30
61 30 28
61 28 27
61 27 9
61 9 5
61 9 8
61 8 6
61 8 7
61 27 26
61 26 10
61 26 25
61 25 24
61 24 23
61 23 21
61 21 11
61 21 20
61 20 17
61 17 16
61 16 14
61 14 13
61 13 12
61 16 15
61 20 19
61 19 18
61 23 22
61 30 29
62 34 33
62 33 31
62 31 26
62 26 25
62 25 3
62 3 0
62 3 2
62 2 1
62 25 24
62 24 23
62 23 22
62 22 20
62 20 12
62 12 11
62 11 4
62 11 10
62 10 9
62 9 5
62 9 8
62 8 7
62 7 6
62 20 19
62 19 17
62 17 13
62 17 16
62 16 14
62 16 15
62 19 18
62 22 21
62 31 30
62 30 28
62 28 27
62 30 29
62 33 32
63 31 19
63 19 0
63 19 18
63 18 17
63 17 13
63 13 12
63 12 10
63 10 1
63 10 9
63 9 2
63 9 8
63 8 4
63 4 3
63 8 7
63 7 6
63 6 5
63 12 11
63 17 16
63 16 14
63 16 15
63 31 30
63 30 27
63 27 26
63 26 25
63 25 20
63 25 24
63 24 23
63 23 21
63 23 22
63 30 29
63 29 28
64 30 28
64 28 1
64 1 0
64 28 27
64 27 4
64 4 3
64 3 2
64 27 26
64 26 25
64 25 24
64 24 12
64 12 9
64 9 7
64 7 5
64 7 6
64 9 8
64 12 11
64 11 10
64 24 23
64 23 22
64 22 21
64 21 20
64 20 19
64 19 17
64 17 16
64 16 15
64 15 14
64 14 13
64 19 18
64 30 29
65 32 31
65 31 29
65 29 28
65 28 0
65 28 27
65 27 26
65 26 25
65 25 3
65 3 1
65 3 2
65 25 24
65 24 23
65 23 21
65 21 18
65 18 5
65 5 4
65 18 17
65 17 6
65 17 16
65 16 8
65 8 7
65 16 15
65 15 10
65 10 9
65 15 14
65 14 12
65 12 11
65 14 13
65 21 20
65 20 19
65 23 22
65 31 30
66 33 1
66 1 0
66 33 32
66 32 3
66 3 2
66 32 31
66 31 30
66 30 27
66 27 26
66 26 6
66 6 5
66 5 4
66 26 25
66 25 23
66 23 21
66 21 16
66 16 14
66 14 11
66 11 9
66 9 7
66 9 8
66 11 10
66 14 13
66 13 12
66 16 15
66 21 20
66 20 17
66 20 19
66 19 18
66 23 22
66 25 24
66 30 29
66 29 28
67 31 30
67 30 10
67 10 9
67 9 0
67 9 8
67 8 3
67 3 1
67 3 2
67 8 7
67 7 5
67 5 4
67 7 6
67 30 29
67 29 17
67 17 16
67 16 12
67 12 11
67 16 15
67 15 14
67 14 13
67 29 28
67 28 18
67 28 27
67 27 19
67 27 26
67 26 20
67 26 25
67 25 24
67 24 22
67 22 21
67 24 23
68 29 5
68 5 0
68 5 4
68 4 3
68 3 1
68 3 2
68 29 28
68 28 26
68 26 9
68 9 7
68 7 6
68 9 8
68 26 25
68 25 21
68 21 18
68 18 15
68 15 14
68 14 10
68 14 13
68 13 12
68 12 11
68 18 17
68 17 16
68 21 20
68 20 19
68 25 24
68 24 22
68 24 23
68 28 27
69 33 31
69 31 3
69 3 0
69 3 2
69 2 1
69 31 30
69 30 23
69 23 12
69 12 10
69 10 4
69 10 9
69 9 8
69 8 7
69 7 5
69 7 6
69 12 11
69 23 22
69 22 18
69 18 17
69 17 16
69 16 15
69 15 13
69 15 14
69 22 21
69 21 20
69 20 19
69 30 29
69 29 27
69 27 26
69 26 25
69 25 24
69 29 28
69 33 32
70 33 32
70 32 30
70 30 29
70 29 28
70 28 27
70 27 0
70 27 26
70 26 13
70 13 12
70 12 1
70 12 11
70 11 8
70 8 2
70 8 7
70 7 5
70 5 3
70 5 4
70 7 6
70 11 10
70 10 9
70 26 25
70 25 24
70 24 20
70 20 18
70 18 16
70 16 14
70 16 15
70 18 17
70 20 19
70 24 23
70 23 22
70 22 21
70 32 31
71 30 29
71 29 28
71 28 25
71 25 23
71 23 6
71 6 5
71 5 4
71 4 3
71 3 2
71 2 0
71 2 1
71 23 22
71 22 13
71 13 11
71 11 7
71 11 10
71 10 9
71 9 8
71 13 12
71 22 21
71 21 19
71 19 18
71 18 17
71 17 16
71 16 15
71 15 14
71 21 20
71 25 24
71 28 27
71 27 26
72 31 28
72 28 26
72 26 0
72 26 25
72 25 3
72 3 2
72 2 1
72 25 24
72 24 8
72 8 4
72 8 7
72 7 6
72 6 5
72 24 23
72 23 19
72 19 18
72 18 17
72 17 9
72 17 16
72 16 14
72 14 10
72 14 13
72 13 11
72 13 12
72 16 15
72 23 22
72 22 21
72 21 20
72 28 27
72 31 30
72 30 29
73 32 10
73 10 9
73 9 7
73 7 1
73 1 0
73 7 6
73 6 2
73 6 5
73 5 4
73 4 3
73 9 8
73 32 31
73 31 30
73 30 19
73 19 11
73 19 18
73 18 17
73 17 14
73 14 12
73 14 13
73 17 16
73 16 15
73 30 29
73 29 20
73 29 28
73 28 27
73 27 21
73 27 26
73 26 25
73 25 22
73 25 24
73 24 23
74 29 3
74 3 0
74 3 2
74 2 1
74 29 28
74 28 26
74 26 7
74 7 5
74 5 4
74 7 6
74 26 25
74 25 14
74 14 8
74 14 13
74 13 12
74 12 11
74 11 9
74 11 10
74 25 24
74 24 17
74 17 16
74 16 15
74 24 23
74 23 18
74 23 22
74 22 20
74 20 19
74 22 21
74 28 27
75 33 30
75 30 28
75 28 18
75 18 17
75 17 16
75 16 2
75 2 1
75 1 0
75 16 15
75 15 5
75 5 3
75 5 4
75 15 14
75 14 12
75 12 11
75 11 6
75 11 10
75 10 7
75 10 9
75 9 8
75 14 13
75 28 27
75 27 26
75 26 25
75 25 22
75 22 21
75 21 19
75 21 20
75 25 24
75 24 23
75 30 29
75 33 32
75 32 31
76 32 31
76 31 0
76 31 30
76 30 25
76 25 24
76 24 23
76 23 22
76 22 21
76 21 20
76 20 19
76 19 18
76 18 17
76 17 8
76 8 4
76 4 2
76 2 1
76 4 3
76 8 7
76 7 5
76 7 6
76 17 16
76 16 15
76 15 13
76 13 11
76 11 10
76 10 9
76 13 12
76 15 14
76 30 29
76 29 28
76 28 26
76 28 27
77 31 30
77 30 29
77 29 0
77 29 28
77 28 3
77 3 1
77 3 2
77 28 27
77 27 9
77 9 6
77 6 4
77 6 5
77 9 8
77 8 7
77 27 26
77 26 20
77 20 17
77 17 16
77 16 15
77 15 14
77 14 10
77 14 13
77 13 12
77 12 11
77 20 19
77 19 18
77 26 25
77 25 24
77 24 22
77 22 21
77 24 23
78 30 29
78 29 0
78 29 28
78 28 26
78 26 25
78 25 23
78 23 1
78 23 22
78 22 19
78 19 18
78 18 15
78 15 11
78 11 10
78 10 9
78 9 8
78 8 6
78 6 5
78 5 3
78 3 2
78 5 4
78 8 7
78 15 14
78 14 13
78 13 12
78 18 17
78 17 16
78 22 21
78 21 20
78 25 24
78 28 27
79 30 27
79 27 19
79 19 18
79 18 0
79 18 17
79 17 16
79 16 15
79 15 1
79 15 14
79 14 13
79 13 12
79 12 11
79 11 2
79 11 10
79 10 9
79 9 7
79 7 6
79 6 5
79 5 4
79 4 3
79 9 8
79 27 26
79 26 21
79 21 20
79 26 25
79 25 24
79 24 23
79 23 22
79 30 29
79 29 28
80 32 31
80 31 30
80 30 0
80 30 29
80 29 2
80 2 1
80 29 28
80 28 3
80 28 27
80 27 26
80 26 11
80 11 10
80 10 6
80 6 4
80 6 5
80 10 9
80 9 8
80 8 7
80 26 25
80 25 23
80 23 12
80 23 22
80 22 13
80 22 21
80 21 19
80 19 15
80 15 14
80 19 18
80 18 17
80 17 16
80 21 20
80 25 24
81 33 12
81 12 0
81 12 11
81 11 3
81 3 2
81 2 1
81 11 10
81 10 9
81 9 8
81 8 4
81 8 7
81 7 6
81 6 5
81 33 32
81 32 23
81 23 22
81 22 21
81 21 17
81 17 16
81 16 15
81 15 14
81 14 13
81 21 20
81 20 19
81 19 18
81 32 31
81 31 24
81 31 30
81 30 28
81 28 27
81 27 26
81 26 25
81 30 29
82 32 29
82 29 28
82 28 27
82 27 0
82 27 26
82 26 25
82 25 3
82 3 2
82 2 1
82 25 24
82 24 21
82 21 20
82 20 19
82 19 17
82 17 16
82 16 14
82 14 6
82 6 4
82 6 5
82 14 13
82 13 12
82 12 11
82 11 7
82 11 10
82 10 8
82 10 9
82 16 15
82 19 18
82 24 23
82 23 22
82 32 31
82 31 30
83 29 28
83 28 19
83 19 0
83 19 18
83 18 4
83 4 1
83 4 3
83 3 2
83 18 17
83 17 8
83 8 5
83 8 7
83 7 6
83 17 16
83 16 10
83 10 9
83 16 15
83 15 11
83 15 14
83 14 12
83 14 13
83 28 27
83 27 26
83 26 21
83 21 20
83 26 25
83 25 23
83 23 22
83 25 24
84 30 2
84 2 0
84 2 1
84 30 29
84 29 25
84 25 5
84 5 4
84 4 3
84 25 24
84 24 11
84 11 8
84 8 7
84 7 6
84 11 10
84 10 9
84 24 23
84 23 12
84 23 22
84 22 13
84 22 21
84 21 14
84 21 20
84 20 16
84 16 15
84 20 19
84 19 18
84 18 17
84 29 28
84 28 27
84 27 26
85 33 32
85 32 28
85 28 1
85 1 0
85 28 27
85 27 26
85 26 25
85 25 14
85 14 13
85 13 11
85 11 5
85 5 2
85 5 4
85 4 3
85 11 10
85 10 9
85 9 6
85 9 8
85 8 7
85 13 12
85 25 24
85 24 23
85 23 15
85 23 22
85 22 19
85 19 17
85 17 16
85 19 18
85 22 21
85 21 20
85 32 31
85 31 30
85 30 29
86 34 32
86 32 31
86 31 30
86 30 28
86 28 26
86 26 1
86 1 0
86 26 25
86 25 2
86 25 24
86 24 22
86 22 20
86 20 3
86 20 19
86 19 18
86 18 9
86 9 8
86 8 4
86 8 7
86 7 6
86 6 5
86 18 17
86 17 12
86 12 11
86 11 10
86 17 16
86 16 13
86 16 15
86 15 14
86 22 21
86 24 23
86 28 27
86 30 29
86 34 33
87 30 18
87 18 11
87 11 10
87 10 9
87 9 8
87 8 7
87 7 6
87 6 3
87 3 2
87 2 1
87 1 0
87 6 5
87 5 4
87 18 17
87 17 16
87 16 15
87 15 14
87 14 12
87 14 13
87 30 29
87 29 28
87 28 26
87 26 19
87 26 25
87 25 23
87 23 22
87 22 21
87 21 20
87 25 24
87 28 27
88 31 30
88 30 22
88 22 21
88 21 12
88 12 10
88 10 0
88 10 9
88 9 8
88 8 7
88 7 6
88 6 5
88 5 4
88 4 3
88 3 2
88 2 1
88 12 11
88 21 20
88 20 13
88 20 19
88 19 14
88 19 18
88 18 16
88 16 15
88 18 17
88 30 29
88 29 23
88 29 28
88 28 25
88 25 24
88 28 27
88 27 26
89 30 0
89 30 29
89 29 28
89 28 15
89 15 13
89 13 12
89 12 4
89 4 3
89 3 1
89 3 2
89 12 11
89 11 9
89 9 8
89 8 6
89 6 5
89 8 7
89 11 10
89 15 14
89 28 27
89 27 19
89 19 17
89 17 16
89 19 18
89 27 26
89 26 23
89 23 21
89 21 20
89 23 22
89 26 25
89 25 24
90 31 30
90 30 29
90 29 28
90 28 24
90 24 23
90 23 21
90 21 20
90 20 17
90 17 16
90 16 15
90 15 14
90 14 13
90 13 12
90 12 7
90 7 4
90 4 2
90 2 0
90 2 1
90 4 3
90 7 6
90 6 5
90 12 11
90 11 10
90 10 9
90 9 8
90 20 19
90 19 18
90 23 22
90 28 27
90 27 26
90 26 25
91 31 30
91 30 29
91 29 27
91 27 22
91 22 13
91 13 12
91 12 11
91 11 0
91 11 10
91 10 7
91 7 5
91 5 4
91 4 3
91 3 2
91 2 1
91 7 6
91 10 9
91 9 8
91 22 21
91 21 15
91 15 14
91 21 20
91 20 19
91 19 17
91 17 16
91 19 18
91 27 26
91 26 25
91 25 23
91 25 24
91 29 28
92 31 30
92 30 4
92 4 2
92 2 1
92 1 0
92 4 3
92 30 29
92 29 28
92 28 27
92 27 26
92 26 25
92 25 20
92 20 19
92 19 18
92 18 16
92 16 15
92 15 14
92 14 5
92 14 13
92 13 7
92 7 6
92 13 12
92 12 11
92 11 9
92 9 8
92 11 10
92 18 17
92 25 24
92 24 22
92 22 21
92 24 23
93 31 7
93 7 4
93 4 3
93 3 2
93 2 1
93 1 0
93 7 6
93 6 5
93 31 30
93 30 29
93 29 12
93 12 8
93 12 11
93 11 9
93 11 10
93 29 28
93 28 15
93 15 14
93 14 13
93 28 27
93 27 21
93 21 19
93 19 16
93 19 18
93 18 17
93 21 20
93 27 26
93 26 24
93 24 22
93 24 23
93 26 25
94 31 26
94 26 25
94 25 24
94 24 2
94 2 0
94 2 1
94 24 23
94 23 22
94 22 5
94 5 4
94 4 3
94 22 21
94 21 18
94 18 11
94 11 10
94 10 8
94 8 6
94 8 7
94 10 9
94 18 17
94 17 12
94 17 16
94 16 15
94 15 14
94 14 13
94 21 20
94 20 19
94 31 30
94 30 29
94 29 28
94 28 27
95 29 28
95 28 14
95 14 13
95 13 12
95 12 0
95 12 11
95 11 1
95 11 10
95 10 3
95 3 2
95 10 9
95 9 6
95 6 4
95 6 5
95 9 8
95 8 7
95 28 27
95 27 26
95 26 25
95 25 15
95 25 24
95 24 23
95 23 16
95 23 22
95 22 21
95 21 18
95 18 17
95 21 20
95 20 19
96 30 28
96 28 27
96 27 26
96 26 24
96 24 7
96 7 6
96 6 5
96 5 4
96 4 1
96 1 0
96 4 3
96 3 2
96 24 23
96 23 12
96 12 9
96 9 8
96 12 11
96 11 10
96 23 22
96 22 13
96 22 21
96 21 19
96 19 18
96 18 16
96 16 14
96 16 15
96 18 17
96 21 20
96 26 25
96 30 29
97 29 28
97 28 20
97 20 18
97 18 17
97 17 16
97 16 0
97 16 15
97 15 14
97 14 13
97 13 12
97 12 11
97 11 10
97 10 9
97 9 7
97 7 6
97 6 2
97 2 1
97 6 5
97 5 4
97 4 3
97 9 8
97 20 19
97 28 27
97 27 26
97 26 23
97 23 22
97 22 21
97 26 25
97 25 24
98 29 0
98 29 28
98 28 27
98 27 26
98 26 9
98 9 8
98 8 7
98 7 6
98 6 1
98 6 5
98 5 3
98 3 2
98 5 4
98 26 25
98 25 11
98 11 10
98 25 24
98 24 23
98 23 19
98 19 15
98 15 12
98 15 14
98 14 13
98 19 18
98 18 17
98 17 16
98 23 22
98 22 20
98 22 21
99 30 6
99 6 5
99 5 2
99 2 1
99 1 0
99 5 4
99 4 3
99 30 29
99 29 28
99 28 7
99 28 27
99 27 9
99 9 8
99 27 26
99 26 23
99 23 21
99 21 10
99 21 20
99 20 17
99 17 15
99 15 11
99 15 14
99 14 12
99 14 13
99 17 16
99 20 19
99 19 18
99 23 22
99 26 25
99 25 24
100 31 0
100 31 30
100 30 2
100 2 1
100 30 29
100 29 3
100 29 28
100 28 23
100 23 21
100 21 20
100 20 18
100 18 16
100 16 13
100 13 12
100 12 7
100 7 5
100 5 4
100 7 6
100 12 11
100 11 10
100 10 9
100 9 8
100 16 15
100 15 14
100 18 17
100 20 19
100 23 22
100 28 27
100 27 26
100 26 24
100 26 25
101 34 30
101 30 17
101 17 0
101 17 16
101 16 14
101 14 12
101 12 11
101 11 10
101 10 1
101 10 9
101 9 4
101 4 2
101 4 3
101 9 8
101 8 7
101 7 5
101 7 6
101 14 13
101 16 15
101 30 29
101 29 25
101 25 23
101 23 18
101 23 22
101 22 21
101 21 20
101 20 19
101 25 24
101 29 28
101 28 27
101 27 26
101 34 33
101 33 31
101 33 32
