1 33 32
1 32 31
1 31 11
1 11 9
1 9 6
1 6 1
1 1 0
1 6 5
1 5 4
1 4 2
1 4 3
1 9 8
1 8 7
1 11 10
1 31 30
1 30 29
1 29 12
1 29 28
1 28 26
1 26 25
1 25 13
1 25 24
1 24 23
1 23 21
1 21 20
1 20 19
1 19 14
1 19 18
1 18 17
1 17 16
1 16 15
1 23 22
1 28 27
2 29 0
2 29 28
2 28 22
2 22 20
2 20 18
2 18 17
2 17 16
2 16 15
2 15 12
2 12 10
2 10 9
2 9 8
2 8 1
2 8 7
2 7 2
2 7 6
2 6 5
2 5 3
2 5 4
2 12 11
2 15 14
2 14 13
2 20 19
2 22 21
2 28 27
2 27 24
2 24 23
2 27 26
2 26 25
3 34 3
3 3 2
3 2 0
3 2 1
3 34 33
3 33 32
3 32 30
3 30 6
3 6 5
3 5 4
3 30 29
3 29 22
3 22 7
3 22 21
3 21 20
3 20 10
3 10 8
3 10 9
3 20 19
3 19 17
3 17 15
3 15 14
3 14 13
3 13 12
3 12 11
3 17 16
3 19 18
3 29 28
3 28 27
3 27 26
3 26 25
3 25 23
3 25 24
3 32 31
4 32 23
4 23 21
4 21 2
4 2 0
4 2 1
4 21 20
4 20 19
4 19 4
4 4 3
4 19 18
4 18 17
4 17 16
4 16 14
4 14 11
4 11 9
4 9 8
4 8 7
4 7 5
4 7 6
4 11 10
4 14 13
4 13 12
4 16 15
4 23 22
4 32 31
4 31 30
4 30 29
4 29 25
4 25 24
4 29 28
4 28 26
4 28 27
5 32 14
5 14 12
5 12 10
5 10 0
5 10 9
5 9 8
5 8 1
5 8 7
5 7 5
5 5 4
5 4 3
5 3 2
5 7 6
5 12 11
5 14 13
5 32 31
5 31 28
5 28 27
5 27 25
5 25 23
5 23 21
5 21 19
5 19 15
5 19 18
5 18 16
5 18 17
5 21 20
5 23 22
5 25 24
5 27 26
5 31 30
5 30 29
6 31 25
6 25 24
6 24 0
6 24 23
6 23 21
6 21 19
6 19 18
6 18 14
6 14 1
6 14 13
6 13 10
6 10 9
6 9 2
6 9 8
6 8 4
6 4 3
6 8 7
6 7 6
6 6 5
6 13 12
6 12 11
6 18 17
6 17 16
6 16 15
6 21 20
6 23 22
6 31 30
6 30 26
6 30 29
6 29 27
6 29 28
7 34 33
7 33 0
7 33 32
7 32 5
7 5 3
7 3 1
7 3 2
7 5 4
7 32 31
7 31 29
7 29 24
7 24 9
7 9 8
7 8 7
7 7 6
7 24 23
7 23 20
7 20 19
7 19 10
7 19 18
7 18 16
7 16 13
7 13 12
7 12 11
7 16 15
7 15 14
7 18 17
7 23 22
7 22 21
7 29 28
7 28 26
7 26 25
7 28 27
7 31 30
8 29 1
8 1 0
8 29 28
8 28 27
8 27 2
8 27 26
8 26 6
8 6 5
8 5 3
8 5 4
8 26 25
8 25 24
8 24 23
8 23 7
8 23 22
8 22 17
8 17 8
8 17 16
8 16 14
8 14 12
8 12 10
8 10 9
8 12 11
8 14 13
8 16 15
8 22 21
8 21 20
8 20 19
8 19 18
9 32 2
9 2 1
9 1 0
9 32 31
9 31 30
9 30 3
9 30 29
9 29 4
9 29 28
9 28 27
9 27 7
9 7 5
9 7 6
9 27 26
9 26 22
9 22 21
9 21 16
9 16 15
9 15 8
9 15 14
9 14 13
9 13 12
9 12 10
9 10 9
9 12 11
9 21 20
9 20 18
9 18 17
9 20 19
9 26 25
9 25 23
9 25 24
10 30 29
10 29 27
10 27 24
10 24 0
10 24 23
10 23 2
10 2 1
10 23 22
10 22 21
10 21 3
10 21 20
10 20 4
10 20 19
10 19 5
10 19 18
10 18 6
10 18 17
10 17 14
10 14 9
10 9 8
10 8 7
10 14 13
10 13 10
10 13 12
10 12 11
10 17 16
10 16 15
10 27 26
10 26 25
10 29 28
11 34 2
11 2 1
11 1 0
11 34 33
11 33 21
11 21 20
11 20 19
11 19 18
11 18 17
11 17 16
11 16 4
11 4 3
11 16 15
11 15 5
11 15 14
11 14 7
11 7 6
11 14 13
11 13 8
11 13 12
11 12 10
11 10 9
11 12 11
11 33 32
11 32 28
11 28 24
11 24 22
11 24 23
11 28 27
11 27 25
11 27 26
11 32 31
11 31 30
11 30 29
12 29 0
12 29 28
12 28 2
12 2 1
12 28 27
12 27 20
12 20 19
12 19 18
12 18 3
12 18 17
12 17 10
12 10 8
12 8 4
12 8 7
12 7 5
12 7 6
12 10 9
12 17 16
12 16 13
12 13 12
12 12 11
12 16 15
12 15 14
12 27 26
12 26 25
12 25 22
12 22 21
12 25 24
12 24 23
13 31 17
13 17 15
13 15 14
13 14 12
13 12 8
13 8 4
13 4 0
13 4 3
13 3 1
13 3 2
13 8 7
13 7 6
13 6 5
13 12 11
13 11 10
13 10 9
13 14 13
13 17 16
13 31 30
13 30 25
13 25 23
13 23 21
13 21 19
13 19 18
13 21 20
13 23 22
13 25 24
13 30 29
13 29 28
13 28 27
13 27 26
14 33 0
14 33 32
14 32 31
14 31 30
14 30 29
14 29 28
14 28 1
14 28 27
14 27 25
14 25 21
14 21 2
14 21 20
14 20 19
14 19 16
14 16 7
14 7 6
14 6 5
14 5 4
14 4 3
14 16 15
14 15 14
14 14 8
14 14 13
14 13 9
14 13 12
14 12 11
14 11 10
14 19 18
14 18 17
14 25 24
14 24 22
14 24 23
14 27 26
15 31 11
15 11 8
15 8 7
15 7 0
15 7 6
15 6 2
15 2 1
15 6 5
15 5 4
15 4 3
15 11 10
15 10 9
15 31 30
15 30 29
15 29 14
15 14 13
15 13 12
15 29 28
15 28 15
15 28 27
15 27 25
15 25 24
15 24 20
15 20 19
15 19 18
15 18 16
15 18 17
15 24 23
15 23 21
15 23 22
15 27 26
16 33 32
16 32 31
16 31 27
16 27 22
16 22 21
16 21 16
16 16 1
16 1 0
16 16 15
16 15 14
16 14 8
16 8 6
16 6 5
16 5 3
16 3 2
16 5 4
16 8 7
16 14 13
16 13 11
16 11 9
16 11 10
16 13 12
16 21 20
16 20 19
16 19 18
16 18 17
16 27 26
16 26 24
16 24 23
16 26 25
16 31 30
16 30 28
16 30 29
17 30 29
17 29 27
17 27 25
17 25 3
17 3 1
17 1 0
17 3 2
17 25 24
17 24 22
17 22 21
17 21 12
17 12 5
17 5 4
17 12 11
17 11 8
17 8 7
17 7 6
17 11 10
17 10 9
17 21 20
17 20 14
17 14 13
17 20 19
17 19 17
17 17 15
17 17 16
17 19 18
17 24 23
17 27 26
17 29 28
18 32 30
18 30 29
18 29 28
18 28 1
18 1 0
18 28 27
18 27 2
18 27 26
18 26 3
18 26 25
18 25 15
18 15 5
18 5 4
18 15 14
18 14 13
18 13 12
18 12 6
18 12 11
18 11 9
18 9 7
18 9 8
18 11 10
18 25 24
18 24 22
18 22 21
18 21 20
18 20 19
18 19 18
18 18 16
18 18 17
18 24 23
18 32 31
19 30 13
19 13 0
19 13 12
19 12 11
19 11 6
19 6 5
19 5 3
19 3 2
19 2 1
19 5 4
19 11 10
19 10 7
19 10 9
19 9 8
19 30 29
19 29 16
19 16 15
19 15 14
19 29 28
19 28 26
19 26 20
19 20 19
19 19 18
19 18 17
19 26 25
19 25 21
19 25 24
19 24 22
19 24 23
19 28 27
20 33 31
20 31 30
20 30 25
20 25 8
20 8 7
20 7 1
20 1 0
20 7 6
20 6 5
20 5 2
20 5 4
20 4 3
20 25 24
20 24 23
20 23 22
20 22 21
20 21 18
20 18 17
20 17 15
20 15 9
20 15 14
20 14 13
20 13 12
20 12 10
20 12 11
20 17 16
20 21 20
20 20 19
20 30 29
20 29 26
20 29 28
20 28 27
20 33 32
21 32 2
21 2 0
21 2 1
21 32 31
21 31 30
21 30 27
21 27 3
21 27 26
21 26 25
21 25 24
21 24 20
21 20 16
21 16 15
21 15 14
21 14 12
21 12 4
21 12 11
21 11 6
21 6 5
21 11 10
21 10 8
21 8 7
21 10 9
21 14 13
21 20 19
21 19 17
21 19 18
21 24 23
21 23 21
21 23 22
21 30 29
21 29 28
22 30 1
22 1 0
22 30 29
22 29 28
22 28 14
22 14 12
22 12 9
22 9 6
22 6 2
22 6 5
22 5 3
22 5 4
22 9 8
22 8 7
22 12 11
22 11 10
22 14 13
22 28 27
22 27 24
22 24 23
22 23 18
22 18 15
22 18 17
22 17 16
22 23 22
22 22 19
22 22 21
22 21 20
22 27 26
22 26 25
23 30 2
23 2 0
23 2 1
23 30 29
23 29 9
23 9 8
23 8 5
23 5 4
23 4 3
23 8 7
23 7 6
23 29 28
23 28 11
23 11 10
23 28 27
23 27 23
23 23 16
23 16 15
23 15 14
23 14 12
23 14 13
23 23 22
23 22 21
23 21 17
23 21 20
23 20 18
23 20 19
23 27 26
23 26 25
23 25 24
24 29 27
24 27 0
24 27 26
24 26 23
24 23 22
24 22 5
24 5 3
24 3 2
24 2 1
24 5 4
24 22 21
24 21 16
24 16 14
24 14 13
24 13 12
24 12 9
24 9 8
24 8 7
24 7 6
24 12 11
24 11 10
24 16 15
24 21 20
24 20 17
24 20 19
24 19 18
24 26 25
24 25 24
24 29 28
25 31 15
25 15 2
25 2 1
25 1 0
25 15 14
25 14 9
25 9 7
25 7 6
25 6 4
25 4 3
25 6 5
25 9 8
25 14 13
25 13 11
25 11 10
25 13 12
25 31 30
25 30 19
25 19 16
25 19 18
25 18 17
25 30 29
25 29 27
25 27 23
25 23 22
25 22 21
25 21 20
25 27 26
25 26 24
25 26 25
25 29 28
26 29 23
26 23 22
26 22 20
26 20 18
26 18 16
26 16 5
26 5 4
26 4 1
26 1 0
26 4 3
26 3 2
26 16 15
26 15 10
26 10 8
26 8 6
26 8 7
26 10 9
26 15 14
26 14 13
26 13 12
26 12 11
26 18 17
26 20 19
26 22 21
26 29 28
26 28 27
26 27 24
26 27 26
26 26 25
27 29 1
27 1 0
27 29 28
27 28 27
27 27 26
27 26 25
27 25 24
27 24 22
27 22 21
27 21 20
27 20 2
27 20 19
27 19 18
27 18 11
27 11 6
27 6 5
27 5 3
27 5 4
27 11 10
27 10 9
27 9 8
27 8 7
27 18 17
27 17 15
27 15 14
27 14 13
27 13 12
27 17 16
27 24 23
28 29 9
28 9 0
28 9 8
28 8 3
28 3 1
28 3 2
28 8 7
28 7 4
28 7 6
28 6 5
28 29 28
28 28 19
28 19 18
28 18 15
28 15 14
28 14 12
28 12 10
28 12 11
28 14 13
28 18 17
28 17 16
28 28 27
28 27 20
28 27 26
28 26 21
28 26 25
28 25 22
28 25 24
28 24 23
29 32 31
29 31 3
29 3 0
29 3 2
29 2 1
29 31 30
29 30 29
29 29 9
29 9 8
29 8 7
29 7 6
29 6 5
29 5 4
29 29 28
29 28 26
29 26 24
29 24 23
29 23 20
29 20 12
29 12 11
29 11 10
29 20 19
29 19 15
29 15 14
29 14 13
29 19 18
29 18 17
29 17 16
29 23 22
29 22 21
29 26 25
29 28 27
30 29 27
30 27 0
30 27 26
30 26 17
30 17 3
30 3 2
30 2 1
30 17 16
30 16 4
30 16 15
30 15 8
30 8 5
30 8 7
30 7 6
30 15 14
30 14 9
30 14 13
30 13 11
30 11 10
30 13 12
30 26 25
30 25 24
30 24 23
30 23 22
30 22 18
30 22 21
30 21 20
30 20 19
30 29 28
31 34 0
31 34 33
31 33 32
31 32 30
31 30 29
31 29 1
31 29 28
31 28 14
31 14 13
31 13 10
31 10 9
31 9 4
31 4 3
31 3 2
31 9 8
31 8 6
31 6 5
31 8 7
31 13 12
31 12 11
31 28 27
31 27 15
31 27 26
31 26 23
31 23 22
31 22 21
31 21 17
31 17 16
31 21 20
31 20 19
31 19 18
31 26 25
31 25 24
31 32 31
32 34 32
32 32 2
32 2 0
32 2 1
32 32 31
32 31 29
32 29 28
32 28 25
32 25 24
32 24 8
32 8 3
32 8 7
32 7 4
32 7 6
32 6 5
32 24 23
32 23 21
32 21 14
32 14 9
32 14 13
32 13 12
32 12 10
32 12 11
32 21 20
32 20 15
32 20 19
32 19 18
32 18 16
32 18 17
32 23 22
32 28 27
32 27 26
32 31 30
32 34 33
33 33 31
33 31 30
33 30 18
33 18 17
33 17 6
33 6 5
33 5 4
33 4 0
33 4 3
33 3 2
33 2 1
33 17 16
33 16 8
33 8 7
33 16 15
33 15 9
33 15 14
33 14 10
33 14 13
33 13 11
33 13 12
33 30 29
33 29 27
33 27 20
33 20 19
33 27 26
33 26 25
33 25 24
33 24 21
33 24 23
33 23 22
33 29 28
33 33 32
34 29 0
34 29 28
34 28 27
34 27 26
34 26 13
34 13 1
34 13 12
34 12 5
34 5 3
34 3 2
34 5 4
34 12 11
34 11 10
34 10 8
34 8 6
34 8 7
34 10 9
34 26 25
34 25 14
34 25 24
34 24 22
34 22 17
34 17 15
34 17 16
34 22 21
34 21 20
34 20 19
34 19 18
34 24 23
35 32 31
35 31 30
35 30 6
35 6 2
35 2 0
35 2 1
35 6 5
35 5 4
35 4 3
35 30 29
35 29 28
35 28 26
35 26 25
35 25 24
35 24 19
35 19 17
35 17 16
35 16 15
35 15 7
35 15 14
35 14 13
35 13 8
35 13 12
35 12 9
35 12 11
35 11 10
35 19 18
35 24 23
35 23 22
35 22 20
35 22 21
35 28 27
36 31 1
36 1 0
36 31 30
36 30 2
36 30 29
36 29 26
36 26 25
36 25 19
36 19 9
36 9 5
36 5 4
36 4 3
36 9 8
36 8 7
36 7 6
36 19 18
36 18 17
36 17 14
36 14 13
36 13 12
36 12 11
36 11 10
36 17 16
36 16 15
36 25 24
36 24 20
36 24 23
36 23 21
36 23 22
36 29 28
36 28 27
37 30 26
37 26 2
37 2 1
37 1 0
37 26 25
37 25 5
37 5 3
37 5 4
37 25 24
37 24 23
37 23 12
37 12 9
37 9 8
37 8 7
37 7 6
37 12 11
37 11 10
37 23 22
37 22 14
37 14 13
37 22 21
37 21 18
37 18 17
37 17 16
37 16 15
37 21 20
37 20 19
37 30 29
37 29 27
37 29 28
38 31 30
38 30 7
38 7 6
38 6 0
38 6 5
38 5 4
38 4 3
38 3 2
38 2 1
38 30 29
38 29 23
38 23 17
38 17 16
38 16 14
38 14 12
38 12 11
38 11 10
38 10 8
38 10 9
38 14 13
38 16 15
38 23 22
38 22 19
38 19 18
38 22 21
38 21 20
38 29 28
38 28 27
38 27 26
38 26 25
38 25 24
39 29 28
39 28 27
39 27 0
39 27 26
39 26 21
39 21 19
39 19 18
39 18 16
39 16 15
39 15 14
39 14 12
39 12 1
39 12 11
39 11 2
39 11 10
39 10 9
39 9 8
39 8 3
39 8 7
39 7 6
39 6 5
39 5 4
39 14 13
39 18 17
39 21 20
39 26 25
39 25 24
39 24 23
39 23 22
40 30 28
40 28 27
40 27 0
40 27 26
40 26 25
40 25 4
40 4 3
40 3 2
40 2 1
40 25 24
40 24 23
40 23 22
40 22 16
40 16 15
40 15 9
40 9 7
40 7 6
40 6 5
40 9 8
40 15 14
40 14 12
40 12 11
40 11 10
40 14 13
40 22 21
40 21 20
40 20 17
40 20 19
40 19 18
40 30 29
41 30 29
41 29 0
41 29 28
41 28 18
41 18 7
41 7 1
41 7 6
41 6 2
41 6 5
41 5 4
41 4 3
41 18 17
41 17 16
41 16 15
41 15 14
41 14 12
41 12 11
41 11 9
41 9 8
41 11 10
41 14 13
41 28 27
41 27 22
41 22 21
41 21 20
41 20 19
41 27 26
41 26 25
41 25 23
41 25 24
42 29 28
42 28 25
42 25 24
42 24 21
42 21 3
42 3 1
42 1 0
42 3 2
42 21 20
42 20 6
42 6 4
42 6 5
42 20 19
42 19 7
42 19 18
42 18 14
42 14 13
42 13 12
42 12 8
42 12 11
42 11 10
42 10 9
42 18 17
42 17 15
42 17 16
42 24 23
42 23 22
42 28 27
42 27 26
43 34 33
43 33 8
43 8 7
43 7 5
43 5 4
43 4 3
43 3 2
43 2 1
43 1 0
43 7 6
43 33 32
43 32 10
43 10 9
43 32 31
43 31 11
43 31 30
43 30 29
43 29 28
43 28 27
43 27 16
43 16 15
43 15 14
43 14 13
43 13 12
43 27 26
43 26 20
43 20 19
43 19 18
43 18 17
43 26 25
43 25 22
43 22 21
43 25 24
43 24 23
44 30 0
44 30 29
44 29 1
44 29 28
44 28 4
44 4 3
44 3 2
44 28 27
44 27 26
44 26 25
44 25 8
44 8 5
44 8 7
44 7 6
44 25 24
44 24 23
44 23 21
44 21 9
44 21 20
44 20 10
44 20 19
44 19 12
44 12 11
44 19 18
44 18 16
44 16 14
44 14 13
44 16 15
44 18 17
44 23 22
45 31 0
45 31 30
45 30 28
45 28 27
45 27 17
45 17 1
45 17 16
45 16 11
45 11 3
45 3 2
45 11 10
45 10 9
45 9 8
45 8 7
45 7 5
45 5 4
45 7 6
45 16 15
45 15 14
45 14 13
45 13 12
45 27 26
45 26 18
45 26 25
45 25 24
45 24 20
45 20 19
45 24 23
45 23 22
45 22 21
45 30 29
46 31 9
46 9 7
46 7 5
46 5 1
46 1 0
46 5 4
46 4 2
46 4 3
46 7 6
46 9 8
46 31 30
46 30 10
46 30 29
46 29 28
46 28 11
46 28 27
46 27 12
46 27 26
46 26 20
46 20 19
46 19 18
46 18 14
46 14 13
46 18 17
46 17 16
46 16 15
46 26 25
46 25 23
46 23 22
46 22 21
46 25 24
47 31 29
47 29 26
47 26 25
47 25 20
47 20 18
47 18 0
47 18 17
47 17 15
47 15 14
47 14 13
47 13 12
47 12 4
47 4 3
47 3 1
47 3 2
47 12 11
47 11 8
47 8 7
47 7 6
47 6 5
47 11 10
47 10 9
47 17 16
47 20 19
47 25 24
47 24 23
47 23 22
47 22 21
47 29 28
47 28 27
47 31 30
48 29 28
48 28 0
48 28 27
48 27 25
48 25 7
48 7 5
48 5 4
48 4 1
48 4 3
48 3 2
48 7 6
48 25 24
48 24 23
48 23 21
48 21 12
48 12 11
48 11 8
48 11 10
48 10 9
48 21 20
48 20 19
48 19 13
48 19 18
48 18 17
48 17 16
48 16 14
48 16 15
48 23 22
48 27 26
49 31 30
49 30 0
49 30 29
49 29 9
49 9 8
49 8 1
49 8 7
49 7 5
49 5 2
49 5 4
49 4 3
49 7 6
49 29 28
49 28 26
49 26 25
49 25 11
49 11 10
49 25 24
49 24 23
49 23 21
49 21 20
49 20 12
49 20 19
49 19 18
49 18 17
49 17 13
49 17 16
49 16 15
49 15 14
49 23 22
49 28 27
50 33 27
50 27 26
50 26 25
50 25 24
50 24 2
50 2 0
50 2 1
50 24 23
50 23 22
50 22 3
50 22 21
50 21 4
50 21 20
50 20 19
50 19 17
50 17 16
50 16 12
50 12 11
50 11 5
50 11 10
50 10 8
50 8 7
50 7 6
50 10 9
50 16 15
50 15 14
50 14 13
50 19 18
50 33 32
50 32 29
50 29 28
50 32 31
50 31 30
51 34 3
51 3 0
51 3 2
51 2 1
51 34 33
51 33 10
51 10 6
51 6 4
51 6 5
51 10 9
51 9 8
51 8 7
51 33 32
51 32 11
51 32 31
51 31 30
51 30 16
51 16 15
51 15 14
51 14 12
51 14 13
51 30 29
51 29 28
51 28 27
51 27 20
51 20 17
51 20 19
51 19 18
51 27 26
51 26 23
51 23 22
51 22 21
51 26 25
51 25 24
52 31 15
52 15 6
52 6 5
52 5 0
52 5 4
52 4 2
52 2 1
52 4 3
52 15 14
52 14 7
52 14 13
52 13 12
52 12 8
52 12 11
52 11 10
52 10 9
52 31 30
52 30 28
52 28 26
52 26 25
52 25 23
52 23 21
52 21 16
52 21 20
52 20 19
52 19 18
52 18 17
52 23 22
52 25 24
52 28 27
52 30 29
53 29 10
53 10 9
53 9 0
53 9 8
53 8 3
53 3 2
53 2 1
53 8 7
53 7 6
53 6 5
53 5 4
53 29 28
53 28 27
53 27 11
53 27 26
53 26 19
53 19 18
53 18 16
53 16 15
53 15 13
53 13 12
53 15 14
53 18 17
53 26 25
53 25 23
53 23 22
53 22 20
53 22 21
53 25 24
54 29 0
54 29 28
54 28 1
54 28 27
54 27 25
54 25 7
54 7 6
54 6 3
54 3 2
54 6 5
54 5 4
54 25 24
54 24 12
54 12 11
54 11 10
54 10 9
54 9 8
54 24 23
54 23 21
54 21 18
54 18 16
54 16 14
54 14 13
54 16 15
54 18 17
54 21 20
54 20 19
54 23 22
54 27 26
55 31 9
55 9 0
55 9 8
55 8 7
55 7 5
55 5 4
55 4 1
55 4 3
55 3 2
55 7 6
55 31 30
55 30 26
55 26 25
55 25 24
55 24 23
55 23 22
55 22 21
55 21 19
55 19 11
55 11 10
55 19 18
55 18 17
55 17 14
55 14 13
55 13 12
55 17 16
55 16 15
55 21 20
55 30 29
55 29 27
55 29 28
56 30 29
56 29 20
56 20 2
56 2 0
56 2 1
56 20 19
56 19 3
56 19 18
56 18 15
56 15 14
56 14 5
56 5 4
56 14 13
56 13 11
56 11 10
56 10 6
56 10 9
56 9 8
56 8 7
56 13 12
56 18 17
56 17 16
56 29 28
56 28 27
56 27 25
56 25 24
56 24 21
56 24 23
56 23 22
56 27 26
57 31 29
57 29 28
57 28 2
57 2 1
57 1 0
57 28 27
57 27 25
57 25 24
57 24 11
57 11 9
57 9 6
57 6 5
57 5 4
57 4 3
57 9 8
57 8 7
57 11 10
57 24 23
57 23 22
57 22 20
57 20 13
57 13 12
57 20 19
57 19 14
57 19 18
57 18 15
57 18 17
57 17 16
57 22 21
57 27 26
57 31 30
58 34 33
58 33 0
58 33 32
58 32 31
58 31 4
58 4 2
58 2 1
58 4 3
58 31 30
58 30 26
58 26 5
58 26 25
58 25 22
58 22 21
58 21 6
58 21 20
58 20 19
58 19 18
58 18 17
58 17 10
58 10 9
58 9 7
58 9 8
58 17 16
58 16 11
58 16 15
58 15 13
58 13 12
58 15 14
58 25 24
58 24 23
58 30 29
58 29 27
58 29 28
59 33 32
59 32 30
59 30 13
59 13 12
59 12 8
59 8 1
59 1 0
59 8 7
59 7 2
59 7 6
59 6 4
59 4 3
59 6 5
59 12 11
59 11 10
59 10 9
59 30 29
59 29 22
59 22 21
59 21 15
59 15 14
59 21 20
59 20 16
59 20 19
59 19 17
59 19 18
59 29 28
59 28 27
59 27 26
59 26 25
59 25 24
59 24 23
59 32 31
60 31 28
60 28 13
60 13 0
60 13 12
60 12 11
60 11 1
60 11 10
60 10 9
60 9 8
60 8 7
60 7 6
60 6 5
60 5 4
60 4 2
60 4 3
60 28 27
60 27 18
60 18 16
60 16 15
60 15 14
60 18 17
60 27 26
60 26 20
60 20 19
60 26 25
60 25 24
60 24 23
60 23 22
60 22 21
60 31 30
60 30 29
61 31 2
61 2 0
61 2 1
61 31 30
61 30 29
61 29 9
61 9 4
61 4 3
61 9 8
61 8 5
61 8 7
61 7 6
61 29 28
61 28 27
61 27 23
61 23 14
61 14 12
61 12 11
61 11 10
61 14 13
61 23 22
61 22 20
61 20 19
61 19 18
61 18 16
61 16 15
61 18 17
61 22 21
61 27 26
61 26 24
61 26 25
62 33 31
62 31 24
62 24 22
62 22 21
62 21 20
62 20 0
62 20 19
62 19 1
62 19 18
62 18 8
62 8 7
62 7 5
62 5 4
62 4 2
62 4 3
62 7 6
62 18 17
62 17 10
62 10 9
62 17 16
62 16 15
62 15 14
62 14 12
62 12 11
62 14 13
62 24 23
62 31 30
62 30 29
62 29 26
62 26 25
62 29 28
62 28 27
62 33 32
63 30 12
63 12 10
63 10 8
63 8 7
63 7 0
63 7 6
63 6 5
63 5 4
63 4 3
63 3 1
63 3 2
63 10 9
63 12 11
63 30 29
63 29 28
63 28 27
63 27 26
63 26 16
63 16 13
63 16 15
63 15 14
63 26 25
63 25 18
63 18 17
63 25 24
63 24 22
63 22 19
63 22 21
63 21 20
63 24 23
64 33 6
64 6 5
64 5 1
64 1 0
64 5 4
64 4 3
64 3 2
64 33 32
64 32 30
64 30 27
64 27 26
64 26 21
64 21 17
64 17 16
64 16 15
64 15 12
64 12 11
64 11 9
64 9 8
64 8 7
64 11 10
64 15 14
64 14 13
64 21 20
64 20 19
64 19 18
64 26 25
64 25 22
64 25 24
64 24 23
64 30 29
64 29 28
64 32 31
65 31 30
65 30 29
65 29 28
65 28 0
65 28 27
65 27 5
65 5 3
65 3 2
65 2 1
65 5 4
65 27 26
65 26 25
65 25 6
65 25 24
65 24 23
65 23 10
65 10 9
65 9 7
65 9 8
65 23 22
65 22 17
65 17 16
65 16 14
65 14 11
65 14 13
65 13 12
65 16 15
65 22 21
65 21 20
65 20 19
65 19 18
66 30 29
66 29 25
66 25 0
66 25 24
66 24 23
66 23 1
66 23 22
66 22 8
66 8 5
66 5 4
66 4 2
66 4 3
66 8 7
66 7 6
66 22 21
66 21 9
66 21 20
66 20 19
66 19 18
66 18 10
66 18 17
66 17 16
66 16 15
66 15 14
66 14 11
66 14 13
66 13 12
66 29 28
66 28 26
66 28 27
67 32 6
67 6 4
67 4 1
67 1 0
67 4 3
67 3 2
67 6 5
67 32 31
67 31 23
67 23 8
67 8 7
67 23 22
67 22 21
67 21 18
67 18 16
67 16 9
67 16 15
67 15 14
67 14 13
67 13 12
67 12 11
67 11 10
67 18 17
67 21 20
67 20 19
67 31 30
67 30 24
67 30 29
67 29 28
67 28 27
67 27 26
67 26 25
68 31 1
68 1 0
68 31 30
68 30 28
68 28 4
68 4 2
68 4 3
68 28 27
68 27 24
68 24 22
68 22 18
68 18 6
68 6 5
68 18 17
68 17 16
68 16 7
68 16 15
68 15 14
68 14 13
68 13 12
68 12 11
68 11 10
68 10 8
68 10 9
68 22 21
68 21 19
68 21 20
68 24 23
68 27 26
68 26 25
68 30 29
69 30 15
69 15 14
69 14 13
69 13 5
69 5 2
69 2 1
69 1 0
69 5 4
69 4 3
69 13 12
69 12 10
69 10 9
69 9 8
69 8 6
69 8 7
69 12 11
69 30 29
69 29 27
69 27 26
69 26 16
69 26 25
69 25 21
69 21 17
69 21 20
69 20 19
69 19 18
69 25 24
69 24 22
69 24 23
69 29 28
70 31 0
70 31 30
70 30 29
70 29 16
70 16 3
70 3 2
70 2 1
70 16 15
70 15 13
70 13 7
70 7 4
70 7 6
70 6 5
70 13 12
70 12 11
70 11 9
70 9 8
70 11 10
70 15 14
70 29 28
70 28 27
70 27 26
70 26 20
70 20 17
70 20 19
70 19 18
70 26 25
70 25 23
70 23 21
70 23 22
70 25 24
71 33 7
71 7 1
71 1 0
71 7 6
71 6 5
71 5 4
71 4 3
71 3 2
71 33 32
71 32 25
71 25 23
71 23 21
71 21 17
71 17 16
71 16 13
71 13 8
71 13 12
71 12 11
71 11 10
71 10 9
71 16 15
71 15 14
71 21 20
71 20 18
71 20 19
71 23 22
71 25 24
71 32 31
71 31 30
71 30 27
71 27 26
71 30 29
71 29 28
72 33 32
72 32 31
72 31 19
72 19 0
72 19 18
72 18 14
72 14 3
72 3 2
72 2 1
72 14 13
72 13 4
72 13 12
72 12 11
72 11 8
72 8 5
72 8 7
72 7 6
72 11 10
72 10 9
72 18 17
72 17 15
72 17 16
72 31 30
72 30 29
72 29 28
72 28 27
72 27 21
72 21 20
72 27 26
72 26 22
72 26 25
72 25 24
72 24 23
73 31 22
73 22 15
73 15 12
73 12 1
73 1 0
73 12 11
73 11 9
73 9 7
73 7 6
73 6 5
73 5 4
73 4 3
73 3 2
73 9 8
73 11 10
73 15 14
73 14 13
73 22 21
73 21 20
73 20 16
73 20 19
73 19 18
73 18 17
73 31 30
73 30 23
73 30 29
73 29 25
73 25 24
73 29 28
73 28 27
73 27 26
74 32 28
74 28 17
74 17 3
74 3 2
74 2 1
74 1 0
74 17 16
74 16 14
74 14 13
74 13 4
74 13 12
74 12 9
74 9 8
74 8 7
74 7 5
74 7 6
74 12 11
74 11 10
74 16 15
74 28 27
74 27 26
74 26 24
74 24 23
74 23 18
74 23 22
74 22 20
74 20 19
74 22 21
74 26 25
74 32 31
74 31 30
74 30 29
75 31 28
75 28 10
75 10 0
75 10 9
75 9 1
75 9 8
75 8 2
75 8 7
75 7 3
75 7 6
75 6 4
75 6 5
75 28 27
75 27 24
75 24 21
75 21 20
75 20 11
75 20 19
75 19 18
75 18 17
75 17 15
75 15 13
75 13 12
75 15 14
75 17 16
75 24 23
75 23 22
75 27 26
75 26 25
75 31 30
75 30 29
76 30 0
76 30 29
76 29 28
76 28 27
76 27 26
76 26 24
76 24 22
76 22 5
76 5 1
76 5 4
76 4 2
76 4 3
76 22 21
76 21 20
76 20 19
76 19 18
76 18 6
76 18 17
76 17 15
76 15 14
76 14 13
76 13 12
76 12 8
76 8 7
76 12 11
76 11 9
76 11 10
76 17 16
76 24 23
76 26 25
77 34 25
77 25 6
77 6 5
77 5 2
77 2 0
77 2 1
77 5 4
77 4 3
77 25 24
77 24 23
77 23 22
77 22 21
77 21 7
77 21 20
77 20 19
77 19 15
77 15 11
77 11 10
77 10 8
77 10 9
77 15 14
77 14 12
77 14 13
77 19 18
77 18 17
77 17 16
77 34 33
77 33 30
77 30 26
77 30 29
77 29 27
77 29 28
77 33 32
77 32 31
78 30 29
78 29 27
78 27 5
78 5 4
78 4 3
78 3 2
78 2 1
78 1 0
78 27 26
78 26 6
78 26 25
78 25 24
78 24 7
78 24 23
78 23 22
78 22 21
78 21 8
78 21 20
78 20 19
78 19 18
78 18 11
78 11 10
78 10 9
78 18 17
78 17 16
78 16 13
78 13 12
78 16 15
78 15 14
78 29 28
79 30 29
79 29 28
79 28 26
79 26 11
79 11 10
79 10 0
79 10 9
79 9 8
79 8 3
79 3 2
79 2 1
79 8 7
79 7 6
79 6 5
79 5 4
79 26 25
79 25 13
79 13 12
79 25 24
79 24 23
79 23 21
79 21 20
79 20 18
79 18 17
79 17 16
79 16 14
79 16 15
79 20 19
79 23 22
79 28 27
80 34 33
80 33 32
80 32 13
80 13 6
80 6 0
80 6 5
80 5 3
80 3 1
80 3 2
80 5 4
80 13 12
80 12 7
80 12 11
80 11 9
80 9 8
80 11 10
80 32 31
80 31 30
80 30 15
80 15 14
80 30 29
80 29 16
80 29 28
80 28 18
80 18 17
80 28 27
80 27 21
80 21 20
80 20 19
80 27 26
80 26 24
80 24 23
80 23 22
80 26 25
81 32 29
81 29 0
81 29 28
81 28 27
81 27 24
81 24 4
81 4 1
81 4 3
81 3 2
81 24 23
81 23 22
81 22 21
81 21 12
81 12 10
81 10 9
81 9 8
81 8 7
81 7 6
81 6 5
81 12 11
81 21 20
81 20 15
81 15 13
81 15 14
81 20 19
81 19 18
81 18 16
81 18 17
81 27 26
81 26 25
81 32 31
81 31 30
82 32 31
82 31 25
82 25 23
82 23 21
82 21 17
82 17 0
82 17 16
82 16 11
82 11 10
82 10 9
82 9 8
82 8 1
82 8 7
82 7 6
82 6 3
82 3 2
82 6 5
82 5 4
82 16 15
82 15 12
82 15 14
82 14 13
82 21 20
82 20 18
82 20 19
82 23 22
82 25 24
82 31 30
82 30 28
82 28 26
82 28 27
82 30 29
83 33 29
83 29 28
83 28 0
83 28 27
83 27 23
83 23 20
83 20 2
83 2 1
83 20 19
83 19 18
83 18 16
83 16 14
83 14 13
83 13 11
83 11 3
83 11 10
83 10 8
83 8 5
83 5 4
83 8 7
83 7 6
83 10 9
83 13 12
83 16 15
83 18 17
83 23 22
83 22 21
83 27 26
83 26 25
83 25 24
83 33 32
83 32 31
83 31 30
84 30 12
84 12 9
84 9 6
84 6 2
84 2 0
84 2 1
84 6 5
84 5 4
84 4 3
84 9 8
84 8 7
84 12 11
84 11 10
84 30 29
84 29 21
84 21 20
84 20 19
84 19 18
84 18 13
84 18 17
84 17 15
84 15 14
84 17 16
84 29 28
84 28 27
84 27 25
84 25 24
84 24 23
84 23 22
84 27 26
85 30 21
85 21 20
85 20 19
85 19 15
85 15 7
85 7 6
85 6 5
85 5 3
85 3 0
85 3 2
85 2 1
85 5 4
85 15 14
85 14 13
85 13 12
85 12 10
85 10 9
85 9 8
85 12 11
85 19 18
85 18 17
85 17 16
85 30 29
85 29 28
85 28 26
85 26 25
85 25 24
85 24 23
85 23 22
85 28 27
86 30 27
86 27 25
86 25 23
86 23 22
86 22 18
86 18 16
86 16 11
86 11 9
86 9 8
86 8 7
86 7 6
86 6 5
86 5 4
86 4 0
86 4 3
86 3 1
86 3 2
86 11 10
86 16 15
86 15 12
86 15 14
86 14 13
86 18 17
86 22 21
86 21 19
86 21 20
86 25 24
86 27 26
86 30 29
86 29 28
87 33 32
87 32 30
87 30 29
87 29 28
87 28 24
87 24 23
87 23 22
87 22 3
87 3 2
87 2 1
87 1 0
87 22 21
87 21 20
87 20 4
87 20 19
87 19 18
87 18 5
87 18 17
87 17 15
87 15 14
87 14 13
87 13 12
87 12 10
87 10 6
87 10 9
87 9 7
87 9 8
87 12 11
87 17 16
87 28 27
87 27 26
87 26 25
87 32 31
88 31 0
88 31 30
88 30 26
88 26 25
88 25 24
88 24 1
88 24 23
88 23 20
88 20 16
88 16 2
88 16 15
88 15 4
88 4 3
88 15 14
88 14 10
88 10 5
88 10 9
88 9 7
88 7 6
88 9 8
88 14 13
88 13 12
88 12 11
88 20 19
88 19 18
88 18 17
88 23 22
88 22 21
88 30 29
88 29 28
88 28 27
89 34 7
89 7 1
89 1 0
89 7 6
89 6 4
89 4 3
89 3 2
89 6 5
89 34 33
89 33 17
89 17 16
89 16 15
89 15 10
89 10 8
89 10 9
89 15 14
89 14 13
89 13 11
89 13 12
89 33 32
89 32 31
89 31 28
89 28 27
89 27 20
89 20 19
89 19 18
89 27 26
89 26 25
89 25 23
89 23 22
89 22 21
89 25 24
89 31 30
89 30 29
90 32 0
90 32 31
90 31 1
90 31 30
90 30 23
90 23 22
90 22 21
90 21 19
90 19 11
90 11 2
90 11 10
90 10 9
90 9 8
90 8 6
90 6 5
90 5 3
90 5 4
90 8 7
90 19 18
90 18 17
90 17 12
90 17 16
90 16 15
90 15 14
90 14 13
90 21 20
90 30 29
90 29 24
90 29 28
90 28 27
90 27 25
90 27 26
91 29 28
91 28 0
91 28 27
91 27 6
91 6 1
91 6 5
91 5 3
91 3 2
91 5 4
91 27 26
91 26 24
91 24 23
91 23 7
91 23 22
91 22 8
91 22 21
91 21 9
91 21 20
91 20 10
91 20 19
91 19 18
91 18 17
91 17 11
91 17 16
91 16 15
91 15 14
91 14 13
91 13 12
91 26 25
92 32 30
92 30 29
92 29 27
92 27 23
92 23 4
92 4 1
92 1 0
92 4 3
92 3 2
92 23 22
92 22 5
92 22 21
92 21 6
92 21 20
92 20 7
92 20 19
92 19 13
92 13 12
92 12 11
92 11 9
92 9 8
92 11 10
92 19 18
92 18 16
92 16 15
92 15 14
92 18 17
92 27 26
92 26 25
92 25 24
92 29 28
92 32 31
93 34 33
93 33 2
93 2 0
93 2 1
93 33 32
93 32 27
93 27 26
93 26 25
93 25 10
93 10 8
93 8 3
93 8 7
93 7 6
93 6 5
93 5 4
93 10 9
93 25 24
93 24 15
93 15 14
93 14 13
93 13 11
93 13 12
93 24 23
93 23 18
93 18 16
93 18 17
93 23 22
93 22 21
93 21 19
93 21 20
93 32 31
93 31 30
93 30 28
93 30 29
94 32 31
94 31 29
94 29 28
94 28 18
94 18 4
94 4 0
94 4 3
94 3 2
94 2 1
94 18 17
94 17 16
94 16 9
94 9 7
94 7 6
94 6 5
94 9 8
94 16 15
94 15 14
94 14 12
94 12 10
94 12 11
94 14 13
94 28 27
94 27 26
94 26 19
94 26 25
94 25 24
94 24 22
94 22 20
94 22 21
94 24 23
94 31 30
95 33 0
95 33 32
95 32 31
95 31 6
95 6 5
95 5 4
95 4 3
95 3 1
95 3 2
95 31 30
95 30 28
95 28 23
95 23 21
95 21 20
95 20 17
95 17 11
95 11 7
95 11 10
95 10 8
95 10 9
95 17 16
95 16 14
95 14 13
95 13 12
95 16 15
95 20 19
95 19 18
95 23 22
95 28 27
95 27 26
95 26 24
95 26 25
95 30 29
96 29 27
96 27 0
96 27 26
96 26 1
96 26 25
96 25 23
96 23 2
96 23 22
96 22 19
96 19 18
96 18 16
96 16 15
96 15 5
96 5 3
96 5 4
96 15 14
96 14 6
96 14 13
96 13 7
96 13 12
96 12 8
96 12 11
96 11 10
96 10 9
96 18 17
96 22 21
96 21 20
96 25 24
96 29 28
97 34 30
97 30 29
97 29 28
97 28 27
97 27 26
97 26 5
97 5 3
97 3 0
97 3 2
97 2 1
97 5 4
97 26 25
97 25 15
97 15 14
97 14 13
97 13 11
97 11 9
97 9 8
97 8 6
97 8 7
97 11 10
97 13 12
97 25 24
97 24 20
97 20 16
97 20 19
97 19 18
97 18 17
97 24 23
97 23 21
97 23 22
97 34 33
97 33 31
97 33 32
98 29 26
98 26 0
98 26 25
98 25 24
98 24 3
98 3 2
98 2 1
98 24 23
98 23 21
98 21 19
98 19 13
98 13 12
98 12 10
98 10 5
98 5 4
98 10 9
98 9 6
98 9 8
98 8 7
98 12 11
98 19 18
98 18 17
98 17 16
98 16 14
98 16 15
98 21 20
98 23 22
98 29 28
98 28 27
99 31 30
99 30 16
99 16 13
99 13 0
99 13 12
99 12 1
99 12 11
99 11 2
99 11 10
99 10 3
99 10 9
99 9 5
99 5 4
99 9 8
99 8 7
99 7 6
99 16 15
99 15 14
99 30 29
99 29 28
99 28 27
99 27 18
99 18 17
99 27 26
99 26 24
99 24 22
99 22 19
99 22 21
99 21 20
99 24 23
99 26 25
100 34 31
100 31 5
100 5 0
100 5 4
100 4 3
100 3 1
100 3 2
100 31 30
100 30 9
100 9 6
100 9 8
100 8 7
100 30 29
100 29 28
100 28 12
100 12 11
100 11 10
100 28 27
100 27 26
100 26 20
100 20 19
100 19 18
100 18 16
100 16 15
100 15 14
100 14 13
100 18 17
100 26 25
100 25 22
100 22 21
100 25 24
100 24 23
100 34 33
100 33 32
101 29 24
101 24 23
101 23 2
101 2 1
101 1 0
101 23 22
101 22 4
101 4 3
101 22 21
101 21 5
101 21 20
101 20 19
101 19 13
101 13 12
101 12 9
101 9 8
101 8 7
101 7 6
101 12 11
101 11 10
101 19 18
101 18 14
101 18 17
101 17 16
101 16 15
101 29 28
101 28 26
101 26 25
101 28 27
