1 32 31
1 31 30
1 30 29
1 29 0
1 29 28
1 28 1
1 28 27
1 27 25
1 25 14
1 14 9
1 9 8
1 8 7
1 7 6
1 6 5
1 5 2
1 5 4
1 4 3
1 14 13
1 13 10
1 13 12
1 12 11
1 25 24
1 24 23
1 23 22
1 22 21
1 21 20
1 20 18
1 18 17
1 17 15
1 17 16
1 20 19
1 27 26
2 30 29
2 29 0
2 29 28
2 28 15
2 15 14
2 14 11
2 11 1
2 11 10
2 10 6
2 6 4
2 4 2
2 4 3
2 6 5
2 10 9
2 9 7
2 9 8
2 14 13
2 13 12
2 28 27
2 27 25
2 25 18
2 18 17
2 17 16
2 25 24
2 24 23
2 23 22
2 22 21
2 21 19
2 21 20
2 27 26
3 33 32
3 32 30
3 30 28
3 28 24
3 24 4
3 4 3
3 3 2
3 2 1
3 1 0
3 24 23
3 23 22
3 22 21
3 21 6
3 6 5
3 21 20
3 20 10
3 10 9
3 9 7
3 9 8
3 20 19
3 19 17
3 17 11
3 17 16
3 16 15
3 15 13
3 13 12
3 15 14
3 19 18
3 28 27
3 27 26
3 26 25
3 30 29
3 32 31
4 31 5
4 5 0
4 5 4
4 4 3
4 3 1
4 3 2
4 31 30
4 30 28
4 28 6
4 28 27
4 27 10
4 10 7
4 10 9
4 9 8
4 27 26
4 26 23
4 23 22
4 22 19
4 19 18
4 18 17
4 17 16
4 16 14
4 14 12
4 12 11
4 14 13
4 16 15
4 22 21
4 21 20
4 26 25
4 25 24
4 30 29
5 32 19
5 19 14
5 14 9
5 9 2
5 2 0
5 2 1
5 9 8
5 8 6
5 6 5
5 5 3
5 5 4
5 8 7
5 14 13
5 13 11
5 11 10
5 13 12
5 19 18
5 18 17
5 17 16
5 16 15
5 32 31
5 31 25
5 25 24
5 24 23
5 23 20
5 23 22
5 22 21
5 31 30
5 30 29
5 29 28
5 28 26
5 28 27
6 31 30
6 30 28
6 28 6
6 6 5
6 5 4
6 4 0
6 4 3
6 3 2
6 2 1
6 28 27
6 27 26
6 26 25
6 25 23
6 23 22
6 22 21
6 21 11
6 11 7
6 11 10
6 10 8
6 10 9
6 21 20
6 20 18
6 18 17
6 17 12
6 17 16
6 16 15
6 15 13
6 15 14
6 20 19
6 25 24
6 30 29
7 34 17
7 17 11
7 11 4
7 4 3
7 3 2
7 2 1
7 1 0
7 11 10
7 10 9
7 9 8
7 8 5
7 8 7
7 7 6
7 17 16
7 16 12
7 16 15
7 15 14
7 14 13
7 34 33
7 33 32
7 32 27
7 27 19
7 19 18
7 27 26
7 26 25
7 25 24
7 24 23
7 23 22
7 22 21
7 21 20
7 32 31
7 31 28
7 31 30
7 30 29
8 31 4
8 4 0
8 4 3
8 3 1
8 3 2
8 31 30
8 30 29
8 29 8
8 8 6
8 6 5
8 8 7
8 29 28
8 28 27
8 27 26
8 26 22
8 22 9
8 22 21
8 21 20
8 20 18
8 18 17
8 17 15
8 15 13
8 13 10
8 13 12
8 12 11
8 15 14
8 17 16
8 20 19
8 26 25
8 25 23
8 25 24
9 29 28
9 28 5
9 5 4
9 4 0
9 4 3
9 3 1
9 3 2
9 28 27
9 27 26
9 26 25
9 25 14
9 14 6
9 14 13
9 13 11
9 11 10
9 10 8
9 8 7
9 10 9
9 13 12
9 25 24
9 24 15
9 24 23
9 23 22
9 22 21
9 21 17
9 17 16
9 21 20
9 20 19
9 19 18
10 32 31
10 31 0
10 31 30
10 30 29
10 29 28
10 28 22
10 22 21
10 21 7
10 7 6
10 6 1
10 6 5
10 5 2
10 5 4
10 4 3
10 21 20
10 20 18
10 18 17
10 17 16
10 16 10
10 10 8
10 10 9
10 16 15
10 15 11
10 15 14
10 14 12
10 14 13
10 20 19
10 28 27
10 27 25
10 25 23
10 25 24
10 27 26
11 31 30
11 30 4
11 4 1
11 1 0
11 4 3
11 3 2
11 30 29
11 29 5
11 29 28
11 28 27
11 27 26
11 26 7
11 7 6
11 26 25
11 25 12
11 12 11
11 11 10
11 10 9
11 9 8
11 25 24
11 24 19
11 19 14
11 14 13
11 19 18
11 18 15
11 18 17
11 17 16
11 24 23
11 23 22
11 22 21
11 21 20
12 32 29
12 29 0
12 29 28
12 28 27
12 27 25
12 25 23
12 23 3
12 3 2
12 2 1
12 23 22
12 22 21
12 21 4
12 21 20
12 20 6
12 6 5
12 20 19
12 19 7
12 19 18
12 18 17
12 17 15
12 15 9
12 9 8
12 15 14
12 14 10
12 14 13
12 13 12
12 12 11
12 17 16
12 25 24
12 27 26
12 32 31
12 31 30
13 32 31
13 31 2
13 2 1
13 1 0
13 31 30
13 30 29
13 29 28
13 28 23
13 23 3
13 23 22
13 22 17
13 17 4
13 17 16
13 16 15
13 15 12
13 12 11
13 11 6
13 6 5
13 11 10
13 10 9
13 9 8
13 8 7
13 15 14
13 14 13
13 22 21
13 21 20
13 20 18
13 20 19
13 28 27
13 27 24
13 27 26
13 26 25
14 34 29
14 29 28
14 28 7
14 7 0
14 7 6
14 6 4
14 4 2
14 2 1
14 4 3
14 6 5
14 28 27
14 27 21
14 21 11
14 11 8
14 11 10
14 10 9
14 21 20
14 20 19
14 19 12
14 19 18
14 18 14
14 14 13
14 18 17
14 17 16
14 16 15
14 27 26
14 26 25
14 25 24
14 24 22
14 24 23
14 34 33
14 33 32
14 32 30
14 32 31
15 33 8
15 8 4
15 4 3
15 3 1
15 1 0
15 3 2
15 8 7
15 7 5
15 7 6
15 33 32
15 32 9
15 32 31
15 31 29
15 29 28
15 28 27
15 27 14
15 14 12
15 12 11
15 11 10
15 14 13
15 27 26
15 26 15
15 26 25
15 25 23
15 23 22
15 22 20
15 20 19
15 19 17
15 17 16
15 19 18
15 22 21
15 25 24
15 31 30
16 34 27
16 27 0
16 27 26
16 26 20
16 20 4
16 4 1
16 4 3
16 3 2
16 20 19
16 19 18
16 18 6
16 6 5
16 18 17
16 17 16
16 16 9
16 9 8
16 8 7
16 16 15
16 15 14
16 14 10
16 14 13
16 13 12
16 12 11
16 26 25
16 25 24
16 24 22
16 22 21
16 24 23
16 34 33
16 33 32
16 32 31
16 31 29
16 29 28
16 31 30
17 33 0
17 33 32
17 32 10
17 10 9
17 9 1
17 9 8
17 8 7
17 7 6
17 6 2
17 6 5
17 5 4
17 4 3
17 32 31
17 31 28
17 28 25
17 25 15
17 15 13
17 13 11
17 13 12
17 15 14
17 25 24
17 24 16
17 24 23
17 23 18
17 18 17
17 23 22
17 22 19
17 22 21
17 21 20
17 28 27
17 27 26
17 31 30
17 30 29
18 30 0
18 30 29
18 29 3
18 3 2
18 2 1
18 29 28
18 28 26
18 26 25
18 25 23
18 23 20
18 20 19
18 19 17
18 17 15
18 15 14
18 14 6
18 6 4
18 6 5
18 14 13
18 13 7
18 13 12
18 12 11
18 11 10
18 10 8
18 10 9
18 17 16
18 19 18
18 23 22
18 22 21
18 25 24
18 28 27
19 29 4
19 4 3
19 3 1
19 1 0
19 3 2
19 29 28
19 28 26
19 26 7
19 7 6
19 6 5
19 26 25
19 25 24
19 24 23
19 23 21
19 21 20
19 20 8
19 20 19
19 19 18
19 18 13
19 13 12
19 12 10
19 10 9
19 12 11
19 18 17
19 17 14
19 17 16
19 16 15
19 23 22
19 28 27
20 33 22
20 22 1
20 1 0
20 22 21
20 21 14
20 14 13
20 13 12
20 12 11
20 11 6
20 6 2
20 6 5
20 5 3
20 5 4
20 11 10
20 10 8
20 8 7
20 10 9
20 21 20
20 20 16
20 16 15
20 20 19
20 19 18
20 18 17
20 33 32
20 32 23
20 32 31
20 31 28
20 28 25
20 25 24
20 28 27
20 27 26
20 31 30
20 30 29
21 29 22
21 22 21
21 21 6
21 6 2
21 2 0
21 2 1
21 6 5
21 5 3
21 5 4
21 21 20
21 20 14
21 14 9
21 9 7
21 9 8
21 14 13
21 13 11
21 11 10
21 13 12
21 20 19
21 19 18
21 18 17
21 17 15
21 17 16
21 29 28
21 28 26
21 26 24
21 24 23
21 26 25
21 28 27
22 31 30
22 30 28
22 28 21
22 21 0
22 21 20
22 20 19
22 19 18
22 18 6
22 6 3
22 3 2
22 2 1
22 6 5
22 5 4
22 18 17
22 17 9
22 9 8
22 8 7
22 17 16
22 16 15
22 15 12
22 12 11
22 11 10
22 15 14
22 14 13
22 28 27
22 27 26
22 26 25
22 25 24
22 24 23
22 23 22
22 30 29
23 30 29
23 29 25
23 25 21
23 21 19
23 19 0
23 19 18
23 18 12
23 12 2
23 2 1
23 12 11
23 11 9
23 9 7
23 7 6
23 6 5
23 5 3
23 5 4
23 9 8
23 11 10
23 18 17
23 17 16
23 16 14
23 14 13
23 16 15
23 21 20
23 25 24
23 24 23
23 23 22
23 29 28
23 28 27
23 27 26
24 32 31
24 31 30
24 30 28
24 28 21
24 21 17
24 17 15
24 15 11
24 11 9
24 9 7
24 7 6
24 6 5
24 5 0
24 5 4
24 4 3
24 3 2
24 2 1
24 9 8
24 11 10
24 15 14
24 14 12
24 14 13
24 17 16
24 21 20
24 20 18
24 20 19
24 28 27
24 27 26
24 26 25
24 25 23
24 23 22
24 25 24
24 30 29
25 33 5
25 5 4
25 4 3
25 3 2
25 2 1
25 1 0
25 33 32
25 32 6
25 32 31
25 31 30
25 30 29
25 29 28
25 28 27
25 27 26
25 26 14
25 14 13
25 13 12
25 12 11
25 11 7
25 11 10
25 10 9
25 9 8
25 26 25
25 25 24
25 24 23
25 23 19
25 19 18
25 18 16
25 16 15
25 18 17
25 23 22
25 22 21
25 21 20
26 32 14
26 14 7
26 7 5
26 5 4
26 4 3
26 3 2
26 2 0
26 2 1
26 7 6
26 14 13
26 13 8
26 13 12
26 12 9
26 12 11
26 11 10
26 32 31
26 31 30
26 30 15
26 30 29
26 29 25
26 25 16
26 25 24
26 24 23
26 23 21
26 21 17
26 21 20
26 20 18
26 20 19
26 23 22
26 29 28
26 28 26
26 28 27
27 30 2
27 2 0
27 2 1
27 30 29
27 29 24
27 24 23
27 23 15
27 15 14
27 14 13
27 13 12
27 12 3
27 12 11
27 11 10
27 10 8
27 8 7
27 7 6
27 6 5
27 5 4
27 10 9
27 23 22
27 22 21
27 21 18
27 18 16
27 18 17
27 21 20
27 20 19
27 29 28
27 28 27
27 27 25
27 27 26
28 34 31
28 31 30
28 30 29
28 29 19
28 19 9
28 9 5
28 5 3
28 3 1
28 1 0
28 3 2
28 5 4
28 9 8
28 8 6
28 8 7
28 19 18
28 18 17
28 17 10
28 17 16
28 16 13
28 13 11
28 13 12
28 16 15
28 15 14
28 29 28
28 28 27
28 27 26
28 26 25
28 25 24
28 24 20
28 24 23
28 23 21
28 23 22
28 34 33
28 33 32
29 30 0
29 30 29
29 29 28
29 28 26
29 26 2
29 2 1
29 26 25
29 25 4
29 4 3
29 25 24
29 24 21
29 21 9
29 9 8
29 8 7
29 7 5
29 7 6
29 21 20
29 20 19
29 19 17
29 17 14
29 14 13
29 13 11
29 11 10
29 13 12
29 17 16
29 16 15
29 19 18
29 24 23
29 23 22
29 28 27
30 31 0
30 31 30
30 30 23
30 23 12
30 12 11
30 11 1
30 11 10
30 10 6
30 6 5
30 5 2
30 5 4
30 4 3
30 10 9
30 9 8
30 8 7
30 23 22
30 22 20
30 20 19
30 19 13
30 19 18
30 18 17
30 17 16
30 16 15
30 15 14
30 22 21
30 30 29
30 29 24
30 29 28
30 28 26
30 26 25
30 28 27
31 31 30
31 30 3
31 3 1
31 1 0
31 3 2
31 30 29
31 29 28
31 28 27
31 27 26
31 26 25
31 25 23
31 23 22
31 22 4
31 22 21
31 21 19
31 19 14
31 14 5
31 14 13
31 13 12
31 12 7
31 7 6
31 12 11
31 11 8
31 11 10
31 10 9
31 19 18
31 18 16
31 16 15
31 18 17
31 21 20
31 25 24
32 30 29
32 29 28
32 28 27
32 27 26
32 26 24
32 24 0
32 24 23
32 23 6
32 6 2
32 2 1
32 6 5
32 5 4
32 4 3
32 23 22
32 22 17
32 17 16
32 16 15
32 15 14
32 14 13
32 13 8
32 8 7
32 13 12
32 12 11
32 11 9
32 11 10
32 22 21
32 21 19
32 19 18
32 21 20
32 26 25
33 33 32
33 32 31
33 31 22
33 22 20
33 20 19
33 19 18
33 18 17
33 17 13
33 13 6
33 6 0
33 6 5
33 5 4
33 4 1
33 4 3
33 3 2
33 13 12
33 12 10
33 10 9
33 9 8
33 8 7
33 12 11
33 17 16
33 16 14
33 16 15
33 22 21
33 31 30
33 30 28
33 28 23
33 28 27
33 27 25
33 25 24
33 27 26
33 30 29
34 34 33
34 33 32
34 32 0
34 32 31
34 31 12
34 12 5
34 5 3
34 3 1
34 3 2
34 5 4
34 12 11
34 11 9
34 9 8
34 8 7
34 7 6
34 11 10
34 31 30
34 30 29
34 29 13
34 29 28
34 28 19
34 19 18
34 18 14
34 18 17
34 17 16
34 16 15
34 28 27
34 27 25
34 25 24
34 24 23
34 23 22
34 22 21
34 21 20
34 27 26
35 32 30
35 30 6
35 6 0
35 6 5
35 5 1
35 5 4
35 4 2
35 4 3
35 30 29
35 29 28
35 28 27
35 27 9
35 9 8
35 8 7
35 27 26
35 26 25
35 25 10
35 25 24
35 24 23
35 23 12
35 12 11
35 23 22
35 22 20
35 20 17
35 17 16
35 16 15
35 15 13
35 15 14
35 20 19
35 19 18
35 22 21
35 32 31
36 33 30
36 30 5
36 5 4
36 4 1
36 1 0
36 4 3
36 3 2
36 30 29
36 29 28
36 28 27
36 27 26
36 26 25
36 25 24
36 24 23
36 23 9
36 9 7
36 7 6
36 9 8
36 23 22
36 22 11
36 11 10
36 22 21
36 21 18
36 18 17
36 17 13
36 13 12
36 17 16
36 16 15
36 15 14
36 21 20
36 20 19
36 33 32
36 32 31
37 29 0
37 29 28
37 28 27
37 27 1
37 27 26
37 26 22
37 22 3
37 3 2
37 22 21
37 21 4
37 21 20
37 20 19
37 19 17
37 17 11
37 11 7
37 7 5
37 7 6
37 11 10
37 10 9
37 9 8
37 17 16
37 16 13
37 13 12
37 16 15
37 15 14
37 19 18
37 26 25
37 25 23
37 25 24
38 34 33
38 33 31
38 31 29
38 29 0
38 29 28
38 28 26
38 26 25
38 25 19
38 19 1
38 19 18
38 18 17
38 17 16
38 16 14
38 14 8
38 8 6
38 6 3
38 3 2
38 6 5
38 5 4
38 8 7
38 14 13
38 13 11
38 11 9
38 11 10
38 13 12
38 16 15
38 25 24
38 24 22
38 22 21
38 21 20
38 24 23
38 28 27
38 31 30
38 33 32
39 29 28
39 28 27
39 27 12
39 12 8
39 8 5
39 5 4
39 4 3
39 3 2
39 2 0
39 2 1
39 8 7
39 7 6
39 12 11
39 11 10
39 10 9
39 27 26
39 26 25
39 25 19
39 19 18
39 18 17
39 17 16
39 16 13
39 16 15
39 15 14
39 25 24
39 24 20
39 24 23
39 23 21
39 23 22
40 30 1
40 1 0
40 30 29
40 29 28
40 28 26
40 26 4
40 4 2
40 4 3
40 26 25
40 25 5
40 25 24
40 24 23
40 23 21
40 21 20
40 20 18
40 18 17
40 17 11
40 11 9
40 9 6
40 9 8
40 8 7
40 11 10
40 17 16
40 16 15
40 15 14
40 14 12
40 14 13
40 20 19
40 23 22
40 28 27
41 31 0
41 31 30
41 30 2
41 2 1
41 30 29
41 29 28
41 28 27
41 27 3
41 27 26
41 26 17
41 17 7
41 7 5
41 5 4
41 7 6
41 17 16
41 16 15
41 15 14
41 14 8
41 14 13
41 13 12
41 12 11
41 11 10
41 10 9
41 26 25
41 25 23
41 23 21
41 21 20
41 20 18
41 20 19
41 23 22
41 25 24
42 29 28
42 28 27
42 27 0
42 27 26
42 26 24
42 24 23
42 23 20
42 20 18
42 18 17
42 17 10
42 10 4
42 4 2
42 2 1
42 4 3
42 10 9
42 9 8
42 8 7
42 7 6
42 6 5
42 17 16
42 16 13
42 13 11
42 13 12
42 16 15
42 15 14
42 20 19
42 23 22
42 22 21
42 26 25
43 31 30
43 30 29
43 29 0
43 29 28
43 28 26
43 26 25
43 25 24
43 24 22
43 22 21
43 21 20
43 20 19
43 19 17
43 17 2
43 2 1
43 17 16
43 16 14
43 14 12
43 12 3
43 12 11
43 11 10
43 10 8
43 8 5
43 5 4
43 8 7
43 7 6
43 10 9
43 14 13
43 16 15
43 19 18
43 24 23
43 28 27
44 33 20
44 20 10
44 10 9
44 9 1
44 1 0
44 9 8
44 8 6
44 6 5
44 5 4
44 4 3
44 3 2
44 8 7
44 20 19
44 19 14
44 14 13
44 13 12
44 12 11
44 19 18
44 18 17
44 17 16
44 16 15
44 33 32
44 32 31
44 31 29
44 29 23
44 23 22
44 22 21
44 29 28
44 28 24
44 28 27
44 27 26
44 26 25
44 31 30
45 32 8
45 8 0
45 8 7
45 7 5
45 5 3
45 3 1
45 3 2
45 5 4
45 7 6
45 32 31
45 31 15
45 15 13
45 13 10
45 10 9
45 13 12
45 12 11
45 15 14
45 31 30
45 30 16
45 30 29
45 29 25
45 25 17
45 25 24
45 24 22
45 22 21
45 21 20
45 20 18
45 20 19
45 24 23
45 29 28
45 28 26
45 28 27
46 29 28
46 28 27
46 27 26
46 26 25
46 25 24
46 24 6
46 6 5
46 5 0
46 5 4
46 4 3
46 3 2
46 2 1
46 24 23
46 23 21
46 21 8
46 8 7
46 21 20
46 20 9
46 20 19
46 19 17
46 17 10
46 17 16
46 16 15
46 15 14
46 14 12
46 12 11
46 14 13
46 19 18
46 23 22
47 30 28
47 28 24
47 24 14
47 14 0
47 14 13
47 13 4
47 4 2
47 2 1
47 4 3
47 13 12
47 12 11
47 11 10
47 10 8
47 8 7
47 7 5
47 7 6
47 10 9
47 24 23
47 23 15
47 23 22
47 22 16
47 22 21
47 21 20
47 20 19
47 19 17
47 19 18
47 28 27
47 27 26
47 26 25
47 30 29
48 32 31
48 31 30
48 30 10
48 10 9
48 9 0
48 9 8
48 8 5
48 5 1
48 5 4
48 4 3
48 3 2
48 8 7
48 7 6
48 30 29
48 29 27
48 27 26
48 26 25
48 25 24
48 24 23
48 23 22
48 22 11
48 22 21
48 21 18
48 18 16
48 16 12
48 16 15
48 15 14
48 14 13
48 18 17
48 21 20
48 20 19
48 29 28
49 34 31
49 31 9
49 9 6
49 6 4
49 4 1
49 1 0
49 4 3
49 3 2
49 6 5
49 9 8
49 8 7
49 31 30
49 30 10
49 30 29
49 29 28
49 28 11
49 28 27
49 27 13
49 13 12
49 27 26
49 26 14
49 26 25
49 25 24
49 24 23
49 23 22
49 22 20
49 20 19
49 19 17
49 17 16
49 16 15
49 19 18
49 22 21
49 34 33
49 33 32
50 32 24
50 24 21
50 21 20
50 20 19
50 19 0
50 19 18
50 18 15
50 15 6
50 6 3
50 3 2
50 2 1
50 6 5
50 5 4
50 15 14
50 14 13
50 13 11
50 11 8
50 8 7
50 11 10
50 10 9
50 13 12
50 18 17
50 17 16
50 24 23
50 23 22
50 32 31
50 31 25
50 31 30
50 30 29
50 29 26
50 29 28
50 28 27
51 31 0
51 31 30
51 30 10
51 10 9
51 9 7
51 7 6
51 6 5
51 5 4
51 4 1
51 4 3
51 3 2
51 9 8
51 30 29
51 29 26
51 26 25
51 25 22
51 22 11
51 22 21
51 21 19
51 19 18
51 18 13
51 13 12
51 18 17
51 17 15
51 15 14
51 17 16
51 21 20
51 25 24
51 24 23
51 29 28
51 28 27
52 33 3
52 3 2
52 2 0
52 2 1
52 33 32
52 32 31
52 31 29
52 29 28
52 28 5
52 5 4
52 28 27
52 27 16
52 16 6
52 16 15
52 15 14
52 14 12
52 12 8
52 8 7
52 12 11
52 11 10
52 10 9
52 14 13
52 27 26
52 26 24
52 24 19
52 19 18
52 18 17
52 24 23
52 23 22
52 22 21
52 21 20
52 26 25
52 31 30
53 34 33
53 33 30
53 30 0
53 30 29
53 29 24
53 24 22
53 22 15
53 15 1
53 15 14
53 14 12
53 12 11
53 11 10
53 10 5
53 5 3
53 3 2
53 5 4
53 10 9
53 9 6
53 9 8
53 8 7
53 14 13
53 22 21
53 21 19
53 19 16
53 19 18
53 18 17
53 21 20
53 24 23
53 29 28
53 28 27
53 27 25
53 27 26
53 33 32
53 32 31
54 33 3
54 3 2
54 2 1
54 1 0
54 33 32
54 32 30
54 30 28
54 28 23
54 23 22
54 22 19
54 19 18
54 18 17
54 17 6
54 6 5
54 5 4
54 17 16
54 16 7
54 16 15
54 15 14
54 14 11
54 11 8
54 11 10
54 10 9
54 14 13
54 13 12
54 22 21
54 21 20
54 28 27
54 27 24
54 27 26
54 26 25
54 30 29
54 32 31
55 29 28
55 28 27
55 27 9
55 9 1
55 1 0
55 9 8
55 8 5
55 5 2
55 5 4
55 4 3
55 8 7
55 7 6
55 27 26
55 26 23
55 23 22
55 22 21
55 21 13
55 13 10
55 13 12
55 12 11
55 21 20
55 20 17
55 17 15
55 15 14
55 17 16
55 20 19
55 19 18
55 26 25
55 25 24
56 29 27
56 27 9
56 9 8
56 8 1
56 1 0
56 8 7
56 7 6
56 6 5
56 5 2
56 5 4
56 4 3
56 27 26
56 26 25
56 25 24
56 24 13
56 13 10
56 13 12
56 12 11
56 24 23
56 23 22
56 22 20
56 20 19
56 19 17
56 17 16
56 16 14
56 16 15
56 19 18
56 22 21
56 29 28
57 31 30
57 30 29
57 29 8
57 8 3
57 3 1
57 1 0
57 3 2
57 8 7
57 7 6
57 6 4
57 6 5
57 29 28
57 28 25
57 25 11
57 11 10
57 10 9
57 25 24
57 24 23
57 23 22
57 22 16
57 16 15
57 15 14
57 14 13
57 13 12
57 22 21
57 21 18
57 18 17
57 21 20
57 20 19
57 28 27
57 27 26
58 33 0
58 33 32
58 32 14
58 14 6
58 6 5
58 5 4
58 4 2
58 2 1
58 4 3
58 14 13
58 13 12
58 12 9
58 9 7
58 9 8
58 12 11
58 11 10
58 32 31
58 31 15
58 31 30
58 30 29
58 29 28
58 28 26
58 26 24
58 24 19
58 19 18
58 18 17
58 17 16
58 24 23
58 23 22
58 22 20
58 22 21
58 26 25
58 28 27
59 29 0
59 29 28
59 28 27
59 27 24
59 24 6
59 6 1
59 6 5
59 5 4
59 4 3
59 3 2
59 24 23
59 23 22
59 22 19
59 19 7
59 19 18
59 18 15
59 15 14
59 14 12
59 12 11
59 11 8
59 11 10
59 10 9
59 14 13
59 18 17
59 17 16
59 22 21
59 21 20
59 27 26
59 26 25
60 31 8
60 8 7
60 7 0
60 7 6
60 6 4
60 4 1
60 4 3
60 3 2
60 6 5
60 31 30
60 30 28
60 28 27
60 27 26
60 26 25
60 25 24
60 24 21
60 21 18
60 18 16
60 16 14
60 14 10
60 10 9
60 14 13
60 13 12
60 12 11
60 16 15
60 18 17
60 21 20
60 20 19
60 24 23
60 23 22
60 30 29
61 31 30
61 30 28
61 28 1
61 1 0
61 28 27
61 27 20
61 20 19
61 19 18
61 18 17
61 17 7
61 7 2
61 7 6
61 6 5
61 5 3
61 5 4
61 17 16
61 16 14
61 14 9
61 9 8
61 14 13
61 13 12
61 12 11
61 11 10
61 16 15
61 27 26
61 26 22
61 22 21
61 26 25
61 25 24
61 24 23
61 30 29
62 30 10
62 10 9
62 9 0
62 9 8
62 8 7
62 7 6
62 6 4
62 4 2
62 2 1
62 4 3
62 6 5
62 30 29
62 29 28
62 28 11
62 28 27
62 27 26
62 26 12
62 26 25
62 25 13
62 25 24
62 24 15
62 15 14
62 24 23
62 23 22
62 22 21
62 21 19
62 19 16
62 19 18
62 18 17
62 21 20
63 33 21
63 21 20
63 20 17
63 17 16
63 16 1
63 1 0
63 16 15
63 15 3
63 3 2
63 15 14
63 14 13
63 13 11
63 11 10
63 10 4
63 10 9
63 9 5
63 9 8
63 8 7
63 7 6
63 13 12
63 20 19
63 19 18
63 33 32
63 32 31
63 31 30
63 30 28
63 28 26
63 26 24
63 24 23
63 23 22
63 26 25
63 28 27
63 30 29
64 34 25
64 25 0
64 25 24
64 24 23
64 23 22
64 22 5
64 5 4
64 4 3
64 3 2
64 2 1
64 22 21
64 21 20
64 20 8
64 8 7
64 7 6
64 20 19
64 19 17
64 17 11
64 11 10
64 10 9
64 17 16
64 16 15
64 15 14
64 14 13
64 13 12
64 19 18
64 34 33
64 33 32
64 32 26
64 32 31
64 31 30
64 30 27
64 30 29
64 29 28
65 32 27
65 27 22
65 22 0
65 22 21
65 21 20
65 20 2
65 2 1
65 20 19
65 19 18
65 18 17
65 17 16
65 16 15
65 15 14
65 14 13
65 13 12
65 12 3
65 12 11
65 11 10
65 10 8
65 8 7
65 7 4
65 7 6
65 6 5
65 10 9
65 27 26
65 26 25
65 25 24
65 24 23
65 32 31
65 31 28
65 31 30
65 30 29
66 30 23
66 23 0
66 23 22
66 22 20
66 20 19
66 19 16
66 16 15
66 15 4
66 4 3
66 3 2
66 2 1
66 15 14
66 14 5
66 14 13
66 13 12
66 12 11
66 11 10
66 10 8
66 8 7
66 7 6
66 10 9
66 19 18
66 18 17
66 22 21
66 30 29
66 29 27
66 27 26
66 26 25
66 25 24
66 29 28
67 32 4
67 4 3
67 3 2
67 2 1
67 1 0
67 32 31
67 31 7
67 7 5
67 7 6
67 31 30
67 30 29
67 29 28
67 28 26
67 26 25
67 25 24
67 24 19
67 19 18
67 18 11
67 11 10
67 10 9
67 9 8
67 18 17
67 17 13
67 13 12
67 17 16
67 16 14
67 16 15
67 24 23
67 23 22
67 22 21
67 21 20
67 28 27
68 30 27
68 27 26
68 26 4
68 4 3
68 3 1
68 1 0
68 3 2
68 26 25
68 25 6
68 6 5
68 25 24
68 24 7
68 24 23
68 23 19
68 19 17
68 17 16
68 16 13
68 13 12
68 12 11
68 11 9
68 9 8
68 11 10
68 16 15
68 15 14
68 19 18
68 23 22
68 22 20
68 22 21
68 30 29
68 29 28
69 29 28
69 28 3
69 3 0
69 3 2
69 2 1
69 28 27
69 27 18
69 18 16
69 16 5
69 5 4
69 16 15
69 15 6
69 15 14
69 14 9
69 9 7
69 9 8
69 14 13
69 13 11
69 11 10
69 13 12
69 18 17
69 27 26
69 26 20
69 20 19
69 26 25
69 25 24
69 24 23
69 23 22
69 22 21
70 34 24
70 24 2
70 2 1
70 1 0
70 24 23
70 23 22
70 22 21
70 21 20
70 20 19
70 19 3
70 19 18
70 18 4
70 18 17
70 17 13
70 13 11
70 11 6
70 6 5
70 11 10
70 10 9
70 9 7
70 9 8
70 13 12
70 17 16
70 16 14
70 16 15
70 34 33
70 33 25
70 33 32
70 32 26
70 32 31
70 31 27
70 31 30
70 30 29
70 29 28
71 34 31
71 31 9
71 9 0
71 9 8
71 8 7
71 7 1
71 7 6
71 6 2
71 6 5
71 5 4
71 4 3
71 31 30
71 30 29
71 29 24
71 24 21
71 21 19
71 19 18
71 18 16
71 16 13
71 13 10
71 13 12
71 12 11
71 16 15
71 15 14
71 18 17
71 21 20
71 24 23
71 23 22
71 29 28
71 28 27
71 27 26
71 26 25
71 34 33
71 33 32
72 30 2
72 2 1
72 1 0
72 30 29
72 29 28
72 28 23
72 23 3
72 23 22
72 22 20
72 20 19
72 19 18
72 18 17
72 17 16
72 16 6
72 6 4
72 6 5
72 16 15
72 15 7
72 15 14
72 14 13
72 13 12
72 12 9
72 9 8
72 12 11
72 11 10
72 22 21
72 28 27
72 27 26
72 26 24
72 26 25
73 33 29
73 29 28
73 28 7
73 7 5
73 5 1
73 1 0
73 5 4
73 4 2
73 4 3
73 7 6
73 28 27
73 27 13
73 13 12
73 12 8
73 12 11
73 11 10
73 10 9
73 27 26
73 26 25
73 25 15
73 15 14
73 25 24
73 24 23
73 23 21
73 21 18
73 18 17
73 17 16
73 21 20
73 20 19
73 23 22
73 33 32
73 32 30
73 32 31
74 30 29
74 29 1
74 1 0
74 29 28
74 28 27
74 27 2
74 27 26
74 26 4
74 4 3
74 26 25
74 25 24
74 24 23
74 23 22
74 22 17
74 17 13
74 13 12
74 12 11
74 11 10
74 10 9
74 9 8
74 8 5
74 8 7
74 7 6
74 17 16
74 16 14
74 16 15
74 22 21
74 21 20
74 20 19
74 19 18
75 30 1
75 1 0
75 30 29
75 29 17
75 17 6
75 6 3
75 3 2
75 6 5
75 5 4
75 17 16
75 16 7
75 16 15
75 15 14
75 14 12
75 12 10
75 10 8
75 10 9
75 12 11
75 14 13
75 29 28
75 28 19
75 19 18
75 28 27
75 27 25
75 25 24
75 24 20
75 24 23
75 23 22
75 22 21
75 27 26
76 34 30
76 30 29
76 29 28
76 28 26
76 26 10
76 10 6
76 6 1
76 1 0
76 6 5
76 5 4
76 4 2
76 4 3
76 10 9
76 9 7
76 9 8
76 26 25
76 25 11
76 25 24
76 24 13
76 13 12
76 24 23
76 23 22
76 22 14
76 22 21
76 21 15
76 21 20
76 20 18
76 18 16
76 18 17
76 20 19
76 28 27
76 34 33
76 33 32
76 32 31
77 34 31
77 31 30
77 30 14
77 14 12
77 12 11
77 11 10
77 10 4
77 4 1
77 1 0
77 4 3
77 3 2
77 10 9
77 9 8
77 8 7
77 7 5
77 7 6
77 14 13
77 30 29
77 29 28
77 28 17
77 17 16
77 16 15
77 28 27
77 27 26
77 26 25
77 25 23
77 23 18
77 23 22
77 22 20
77 20 19
77 22 21
77 25 24
77 34 33
77 33 32
78 31 30
78 30 28
78 28 5
78 5 4
78 4 1
78 1 0
78 4 3
78 3 2
78 28 27
78 27 20
78 20 7
78 7 6
78 20 19
78 19 18
78 18 17
78 17 13
78 13 12
78 12 10
78 10 8
78 10 9
78 12 11
78 17 16
78 16 15
78 15 14
78 27 26
78 26 25
78 25 24
78 24 23
78 23 21
78 23 22
78 30 29
79 32 24
79 24 19
79 19 8
79 8 3
79 3 2
79 2 0
79 2 1
79 8 7
79 7 5
79 5 4
79 7 6
79 19 18
79 18 16
79 16 10
79 10 9
79 16 15
79 15 14
79 14 13
79 13 11
79 13 12
79 18 17
79 24 23
79 23 20
79 23 22
79 22 21
79 32 31
79 31 25
79 31 30
79 30 28
79 28 26
79 28 27
79 30 29
80 33 31
80 31 29
80 29 0
80 29 28
80 28 27
80 27 14
80 14 13
80 13 12
80 12 11
80 11 10
80 10 7
80 7 1
80 7 6
80 6 5
80 5 2
80 5 4
80 4 3
80 10 9
80 9 8
80 27 26
80 26 25
80 25 24
80 24 23
80 23 19
80 19 15
80 19 18
80 18 17
80 17 16
80 23 22
80 22 21
80 21 20
80 31 30
80 33 32
81 30 29
81 29 2
81 2 0
81 2 1
81 29 28
81 28 26
81 26 24
81 24 21
81 21 11
81 11 10
81 10 3
81 10 9
81 9 8
81 8 6
81 6 5
81 5 4
81 8 7
81 21 20
81 20 19
81 19 17
81 17 16
81 16 13
81 13 12
81 16 15
81 15 14
81 19 18
81 24 23
81 23 22
81 26 25
81 28 27
82 33 32
82 32 6
82 6 5
82 5 1
82 1 0
82 5 4
82 4 3
82 3 2
82 32 31
82 31 29
82 29 28
82 28 26
82 26 25
82 25 24
82 24 15
82 15 7
82 15 14
82 14 13
82 13 12
82 12 11
82 11 9
82 9 8
82 11 10
82 24 23
82 23 16
82 23 22
82 22 21
82 21 17
82 21 20
82 20 19
82 19 18
82 28 27
82 31 30
83 30 26
83 26 1
83 1 0
83 26 25
83 25 14
83 14 13
83 13 12
83 12 10
83 10 9
83 9 5
83 5 4
83 4 2
83 4 3
83 9 8
83 8 6
83 8 7
83 12 11
83 25 24
83 24 23
83 23 22
83 22 19
83 19 18
83 18 15
83 18 17
83 17 16
83 22 21
83 21 20
83 30 29
83 29 28
83 28 27
84 29 28
84 28 27
84 27 25
84 25 24
84 24 23
84 23 15
84 15 12
84 12 5
84 5 3
84 3 2
84 2 1
84 1 0
84 5 4
84 12 11
84 11 10
84 10 7
84 7 6
84 10 9
84 9 8
84 15 14
84 14 13
84 23 22
84 22 21
84 21 20
84 20 16
84 20 19
84 19 18
84 18 17
84 27 26
85 31 30
85 30 0
85 30 29
85 29 23
85 23 22
85 22 21
85 21 20
85 20 1
85 20 19
85 19 18
85 18 17
85 17 5
85 5 3
85 3 2
85 5 4
85 17 16
85 16 6
85 16 15
85 15 8
85 8 7
85 15 14
85 14 9
85 14 13
85 13 10
85 13 12
85 12 11
85 29 28
85 28 27
85 27 26
85 26 24
85 26 25
86 32 31
86 31 30
86 30 29
86 29 28
86 28 27
86 27 26
86 26 22
86 22 21
86 21 17
86 17 16
86 16 15
86 15 14
86 14 13
86 13 12
86 12 2
86 2 1
86 1 0
86 12 11
86 11 10
86 10 3
86 10 9
86 9 4
86 9 8
86 8 6
86 6 5
86 8 7
86 21 20
86 20 19
86 19 18
86 26 25
86 25 23
86 25 24
87 30 29
87 29 28
87 28 4
87 4 3
87 3 1
87 1 0
87 3 2
87 28 27
87 27 26
87 26 5
87 26 25
87 25 12
87 12 6
87 12 11
87 11 7
87 11 10
87 10 8
87 10 9
87 25 24
87 24 23
87 23 22
87 22 21
87 21 20
87 20 19
87 19 16
87 16 14
87 14 13
87 16 15
87 19 18
87 18 17
88 33 30
88 30 29
88 29 24
88 24 23
88 23 22
88 22 21
88 21 4
88 4 0
88 4 3
88 3 1
88 3 2
88 21 20
88 20 19
88 19 13
88 13 12
88 12 11
88 11 5
88 11 10
88 10 9
88 9 6
88 9 8
88 8 7
88 19 18
88 18 14
88 18 17
88 17 16
88 16 15
88 29 28
88 28 25
88 28 27
88 27 26
88 33 32
88 32 31
89 29 28
89 28 22
89 22 4
89 4 3
89 3 0
89 3 2
89 2 1
89 22 21
89 21 10
89 10 5
89 10 9
89 9 8
89 8 7
89 7 6
89 21 20
89 20 19
89 19 18
89 18 17
89 17 16
89 16 15
89 15 13
89 13 12
89 12 11
89 15 14
89 28 27
89 27 25
89 25 23
89 25 24
89 27 26
90 31 10
90 10 9
90 9 8
90 8 1
90 1 0
90 8 7
90 7 2
90 7 6
90 6 4
90 4 3
90 6 5
90 31 30
90 30 12
90 12 11
90 30 29
90 29 21
90 21 20
90 20 19
90 19 15
90 15 13
90 15 14
90 19 18
90 18 16
90 18 17
90 29 28
90 28 24
90 24 22
90 24 23
90 28 27
90 27 25
90 27 26
91 33 3
91 3 1
91 1 0
91 3 2
91 33 32
91 32 4
91 32 31
91 31 28
91 28 5
91 28 27
91 27 6
91 27 26
91 26 24
91 24 23
91 23 20
91 20 18
91 18 16
91 16 15
91 15 11
91 11 9
91 9 8
91 8 7
91 11 10
91 15 14
91 14 13
91 13 12
91 18 17
91 20 19
91 23 22
91 22 21
91 26 25
91 31 30
91 30 29
92 31 30
92 30 0
92 30 29
92 29 28
92 28 4
92 4 3
92 3 1
92 3 2
92 28 27
92 27 26
92 26 5
92 26 25
92 25 24
92 24 14
92 14 7
92 7 6
92 14 13
92 13 11
92 11 10
92 10 8
92 10 9
92 13 12
92 24 23
92 23 22
92 22 21
92 21 19
92 19 15
92 19 18
92 18 17
92 17 16
92 21 20
93 30 28
93 28 27
93 27 7
93 7 5
93 5 1
93 1 0
93 5 4
93 4 3
93 3 2
93 7 6
93 27 26
93 26 8
93 26 25
93 25 16
93 16 10
93 10 9
93 16 15
93 15 13
93 13 12
93 12 11
93 15 14
93 25 24
93 24 18
93 18 17
93 24 23
93 23 22
93 22 20
93 20 19
93 22 21
93 30 29
94 31 0
94 31 30
94 30 16
94 16 15
94 15 13
94 13 8
94 8 1
94 8 7
94 7 6
94 6 2
94 6 5
94 5 3
94 5 4
94 13 12
94 12 11
94 11 10
94 10 9
94 15 14
94 30 29
94 29 28
94 28 26
94 26 25
94 25 23
94 23 22
94 22 17
94 22 21
94 21 18
94 21 20
94 20 19
94 25 24
94 28 27
95 31 1
95 1 0
95 31 30
95 30 28
95 28 26
95 26 2
95 26 25
95 25 24
95 24 20
95 20 13
95 13 12
95 12 3
95 12 11
95 11 10
95 10 4
95 10 9
95 9 7
95 7 5
95 7 6
95 9 8
95 20 19
95 19 17
95 17 16
95 16 14
95 16 15
95 19 18
95 24 23
95 23 21
95 23 22
95 28 27
95 30 29
96 34 2
96 2 0
96 2 1
96 34 33
96 33 28
96 28 27
96 27 20
96 20 3
96 20 19
96 19 18
96 18 17
96 17 6
96 6 5
96 5 4
96 17 16
96 16 15
96 15 8
96 8 7
96 15 14
96 14 13
96 13 9
96 13 12
96 12 11
96 11 10
96 27 26
96 26 21
96 26 25
96 25 22
96 25 24
96 24 23
96 33 32
96 32 29
96 32 31
96 31 30
97 29 0
97 29 28
97 28 27
97 27 26
97 26 12
97 12 8
97 8 1
97 8 7
97 7 2
97 7 6
97 6 5
97 5 3
97 5 4
97 12 11
97 11 9
97 11 10
97 26 25
97 25 24
97 24 23
97 23 21
97 21 18
97 18 17
97 17 14
97 14 13
97 17 16
97 16 15
97 21 20
97 20 19
97 23 22
98 29 12
98 12 11
98 11 7
98 7 6
98 6 2
98 2 1
98 1 0
98 6 5
98 5 3
98 5 4
98 11 10
98 10 8
98 10 9
98 29 28
98 28 27
98 27 26
98 26 24
98 24 22
98 22 20
98 20 16
98 16 15
98 15 14
98 14 13
98 20 19
98 19 17
98 19 18
98 22 21
98 24 23
98 26 25
99 30 8
99 8 7
99 7 1
99 1 0
99 7 6
99 6 5
99 5 4
99 4 3
99 3 2
99 30 29
99 29 27
99 27 22
99 22 9
99 22 21
99 21 20
99 20 12
99 12 10
99 12 11
99 20 19
99 19 13
99 19 18
99 18 15
99 15 14
99 18 17
99 17 16
99 27 26
99 26 24
99 24 23
99 26 25
99 29 28
100 30 29
100 29 2
100 2 0
100 2 1
100 29 28
100 28 3
100 28 27
100 27 15
100 15 12
100 12 9
100 9 5
100 5 4
100 9 8
100 8 7
100 7 6
100 12 11
100 11 10
100 15 14
100 14 13
100 27 26
100 26 24
100 24 23
100 23 16
100 23 22
100 22 21
100 21 20
100 20 19
100 19 17
100 19 18
100 26 25
101 34 10
101 10 2
101 2 0
101 2 1
101 10 9
101 9 8
101 8 6
101 6 4
101 4 3
101 6 5
101 8 7
101 34 33
101 33 26
101 26 25
101 25 21
101 21 15
101 15 13
101 13 11
101 13 12
101 15 14
101 21 20
101 20 16
101 20 19
101 19 18
101 18 17
101 25 24
101 24 22
101 24 23
101 33 32
101 32 28
101 28 27
101 32 31
101 31 30
101 30 29
