1 31 28
1 28 27
1 27 0
1 27 26
1 26 24
1 24 3
1 3 2
1 2 1
1 24 23
1 23 22
1 22 4
1 22 21
1 21 20
1 20 6
1 6 5
1 20 19
1 19 17
1 17 16
1 16 15
1 15 8
1 8 7
1 15 14
1 14 13
1 13 9
1 13 12
1 12 11
1 11 10
1 19 18
1 26 25
1 31 30
1 30 29
2 33 32
2 32 30
2 30 28
2 28 19
2 19 18
2 18 17
2 17 16
2 16 7
2 7 3
2 3 2
2 2 1
2 1 0
2 7 6
2 6 5
2 5 4
2 16 15
2 15 14
2 14 13
2 13 8
2 13 12
2 12 11
2 11 9
2 11 10
2 28 27
2 27 23
2 23 22
2 22 21
2 21 20
2 27 26
2 26 24
2 26 25
2 30 29
2 32 31
3 29 27
3 27 25
3 25 24
3 24 1
3 1 0
3 24 23
3 23 19
3 19 3
3 3 2
3 19 18
3 18 17
3 17 12
3 12 5
3 5 4
3 12 11
3 11 9
3 9 8
3 8 6
3 8 7
3 11 10
3 17 16
3 16 13
3 16 15
3 15 14
3 23 22
3 22 21
3 21 20
3 27 26
3 29 28
4 34 33
4 33 4
4 4 3
4 3 2
4 2 0
4 2 1
4 33 32
4 32 27
4 27 18
4 18 16
4 16 6
4 6 5
4 16 15
4 15 14
4 14 12
4 12 9
4 9 7
4 9 8
4 12 11
4 11 10
4 14 13
4 18 17
4 27 26
4 26 20
4 20 19
4 26 25
4 25 22
4 22 21
4 25 24
4 24 23
4 32 31
4 31 29
4 29 28
4 31 30
5 29 28
5 28 27
5 27 21
5 21 20
5 20 19
5 19 18
5 18 17
5 17 16
5 16 11
5 11 0
5 11 10
5 10 8
5 8 6
5 6 5
5 5 4
5 4 3
5 3 1
5 3 2
5 8 7
5 10 9
5 16 15
5 15 13
5 13 12
5 15 14
5 27 26
5 26 25
5 25 24
5 24 23
5 23 22
6 34 20
6 20 19
6 19 18
6 18 14
6 14 13
6 13 12
6 12 11
6 11 2
6 2 0
6 2 1
6 11 10
6 10 8
6 8 7
6 7 3
6 7 6
6 6 4
6 6 5
6 10 9
6 18 17
6 17 15
6 17 16
6 34 33
6 33 32
6 32 31
6 31 26
6 26 25
6 25 24
6 24 23
6 23 21
6 23 22
6 31 30
6 30 27
6 30 29
6 29 28
7 30 25
7 25 5
7 5 3
7 3 1
7 1 0
7 3 2
7 5 4
7 25 24
7 24 23
7 23 16
7 16 15
7 15 6
7 15 14
7 14 13
7 13 12
7 12 8
7 8 7
7 12 11
7 11 9
7 11 10
7 23 22
7 22 20
7 20 17
7 20 19
7 19 18
7 22 21
7 30 29
7 29 28
7 28 27
7 27 26
8 29 28
8 28 27
8 27 12
8 12 11
8 11 10
8 10 2
8 2 1
8 1 0
8 10 9
8 9 5
8 5 4
8 4 3
8 9 8
8 8 6
8 8 7
8 27 26
8 26 24
8 24 23
8 23 13
8 23 22
8 22 15
8 15 14
8 22 21
8 21 18
8 18 16
8 18 17
8 21 20
8 20 19
8 26 25
9 31 30
9 30 29
9 29 22
9 22 0
9 22 21
9 21 20
9 20 19
9 19 1
9 19 18
9 18 2
9 18 17
9 17 5
9 5 3
9 5 4
9 17 16
9 16 14
9 14 11
9 11 6
9 11 10
9 10 7
9 10 9
9 9 8
9 14 13
9 13 12
9 16 15
9 29 28
9 28 27
9 27 26
9 26 24
9 24 23
9 26 25
10 33 1
10 1 0
10 33 32
10 32 17
10 17 16
10 16 3
10 3 2
10 16 15
10 15 14
10 14 13
10 13 11
10 11 9
10 9 8
10 8 6
10 6 5
10 5 4
10 8 7
10 11 10
10 13 12
10 32 31
10 31 26
10 26 19
10 19 18
10 26 25
10 25 21
10 21 20
10 25 24
10 24 23
10 23 22
10 31 30
10 30 28
10 28 27
10 30 29
11 31 12
11 12 11
11 11 9
11 9 1
11 1 0
11 9 8
11 8 4
11 4 3
11 3 2
11 8 7
11 7 6
11 6 5
11 11 10
11 31 30
11 30 25
11 25 13
11 25 24
11 24 15
11 15 14
11 24 23
11 23 20
11 20 19
11 19 17
11 17 16
11 19 18
11 23 22
11 22 21
11 30 29
11 29 27
11 27 26
11 29 28
12 33 1
12 1 0
12 33 32
12 32 29
12 29 4
12 4 3
12 3 2
12 29 28
12 28 9
12 9 8
12 8 6
12 6 5
12 8 7
12 28 27
12 27 12
12 12 10
12 12 11
12 27 26
12 26 25
12 25 24
12 24 23
12 23 13
12 23 22
12 22 21
12 21 19
12 19 14
12 19 18
12 18 17
12 17 15
12 17 16
12 21 20
12 32 31
12 31 30
13 33 31
13 31 5
13 5 0
13 5 4
13 4 1
13 4 3
13 3 2
13 31 30
13 30 29
13 29 11
13 11 10
13 10 6
13 10 9
13 9 7
13 9 8
13 29 28
13 28 27
13 27 15
13 15 14
13 14 12
13 14 13
13 27 26
13 26 17
13 17 16
13 26 25
13 25 24
13 24 18
13 24 23
13 23 22
13 22 21
13 21 20
13 20 19
13 33 32
14 32 0
14 32 31
14 31 7
14 7 1
14 7 6
14 6 3
14 3 2
14 6 5
14 5 4
14 31 30
14 30 29
14 29 10
14 10 8
14 10 9
14 29 28
14 28 12
14 12 11
14 28 27
14 27 26
14 26 25
14 25 24
14 24 23
14 23 22
14 22 20
14 20 18
14 18 17
14 17 16
14 16 14
14 14 13
14 16 15
14 20 19
14 22 21
15 32 20
15 20 18
15 18 0
15 18 17
15 17 3
15 3 1
15 3 2
15 17 16
15 16 15
15 15 6
15 6 4
15 6 5
15 15 14
15 14 11
15 11 10
15 10 7
15 10 9
15 9 8
15 14 13
15 13 12
15 20 19
15 32 31
15 31 29
15 29 28
15 28 27
15 27 21
15 27 26
15 26 25
15 25 23
15 23 22
15 25 24
15 31 30
16 32 31
16 31 30
16 30 23
16 23 21
16 21 20
16 20 19
16 19 14
16 14 11
16 11 10
16 10 9
16 9 8
16 8 6
16 6 5
16 5 3
16 3 2
16 2 1
16 1 0
16 5 4
16 8 7
16 14 13
16 13 12
16 19 18
16 18 17
16 17 16
16 16 15
16 23 22
16 30 29
16 29 24
16 29 28
16 28 27
16 27 26
16 26 25
17 31 30
17 30 29
17 29 28
17 28 18
17 18 17
17 17 16
17 16 15
17 15 6
17 6 5
17 5 4
17 4 0
17 4 3
17 3 1
17 3 2
17 15 14
17 14 13
17 13 9
17 9 8
17 8 7
17 13 12
17 12 11
17 11 10
17 28 27
17 27 26
17 26 25
17 25 23
17 23 22
17 22 21
17 21 19
17 21 20
17 25 24
18 30 3
18 3 0
18 3 2
18 2 1
18 30 29
18 29 22
18 22 20
18 20 19
18 19 11
18 11 10
18 10 7
18 7 4
18 7 6
18 6 5
18 10 9
18 9 8
18 19 18
18 18 17
18 17 14
18 14 12
18 14 13
18 17 16
18 16 15
18 22 21
18 29 28
18 28 26
18 26 23
18 26 25
18 25 24
18 28 27
19 29 1
19 1 0
19 29 28
19 28 26
19 26 2
19 26 25
19 25 24
19 24 3
19 24 23
19 23 22
19 22 7
19 7 5
19 5 4
19 7 6
19 22 21
19 21 18
19 18 16
19 16 11
19 11 8
19 11 10
19 10 9
19 16 15
19 15 14
19 14 12
19 14 13
19 18 17
19 21 20
19 20 19
19 28 27
20 34 31
20 31 29
20 29 28
20 28 1
20 1 0
20 28 27
20 27 26
20 26 25
20 25 9
20 9 4
20 4 2
20 4 3
20 9 8
20 8 7
20 7 6
20 6 5
20 25 24
20 24 21
20 21 13
20 13 10
20 13 12
20 12 11
20 21 20
20 20 15
20 15 14
20 20 19
20 19 18
20 18 16
20 18 17
20 24 23
20 23 22
20 31 30
20 34 33
20 33 32
21 30 2
21 2 0
21 2 1
21 30 29
21 29 3
21 29 28
21 28 25
21 25 8
21 8 7
21 7 6
21 6 5
21 5 4
21 25 24
21 24 21
21 21 20
21 20 18
21 18 17
21 17 16
21 16 15
21 15 14
21 14 9
21 14 13
21 13 12
21 12 10
21 12 11
21 20 19
21 24 23
21 23 22
21 28 27
21 27 26
22 30 29
22 29 28
22 28 25
22 25 12
22 12 11
22 11 10
22 10 6
22 6 4
22 4 0
22 4 3
22 3 2
22 2 1
22 6 5
22 10 9
22 9 7
22 9 8
22 25 24
22 24 22
22 22 21
22 21 20
22 20 19
22 19 17
22 17 13
22 17 16
22 16 14
22 16 15
22 19 18
22 24 23
22 28 27
22 27 26
23 29 28
23 28 27
23 27 22
23 22 20
23 20 19
23 19 16
23 16 11
23 11 7
23 7 6
23 6 4
23 4 0
23 4 3
23 3 2
23 2 1
23 6 5
23 11 10
23 10 9
23 9 8
23 16 15
23 15 14
23 14 12
23 14 13
23 19 18
23 18 17
23 22 21
23 27 26
23 26 25
23 25 23
23 25 24
24 33 23
24 23 22
24 22 3
24 3 2
24 2 0
24 2 1
24 22 21
24 21 19
24 19 17
24 17 16
24 16 4
24 16 15
24 15 14
24 14 6
24 6 5
24 14 13
24 13 9
24 9 7
24 9 8
24 13 12
24 12 11
24 11 10
24 19 18
24 21 20
24 33 32
24 32 28
24 28 27
24 27 25
24 25 24
24 27 26
24 32 31
24 31 29
24 31 30
25 31 0
25 31 30
25 30 7
25 7 6
25 6 3
25 3 1
25 3 2
25 6 5
25 5 4
25 30 29
25 29 28
25 28 15
25 15 11
25 11 10
25 10 9
25 9 8
25 15 14
25 14 12
25 14 13
25 28 27
25 27 25
25 25 24
25 24 17
25 17 16
25 24 23
25 23 18
25 23 22
25 22 20
25 20 19
25 22 21
25 27 26
26 32 30
26 30 28
26 28 27
26 27 26
26 26 25
26 25 2
26 2 1
26 1 0
26 25 24
26 24 5
26 5 4
26 4 3
26 24 23
26 23 21
26 21 8
26 8 6
26 8 7
26 21 20
26 20 19
26 19 9
26 19 18
26 18 17
26 17 15
26 15 14
26 14 10
26 14 13
26 13 11
26 13 12
26 17 16
26 23 22
26 30 29
26 32 31
27 34 33
27 33 31
27 31 0
27 31 30
27 30 1
27 30 29
27 29 3
27 3 2
27 29 28
27 28 27
27 27 4
27 27 26
27 26 17
27 17 16
27 16 12
27 12 11
27 11 10
27 10 7
27 7 6
27 6 5
27 10 9
27 9 8
27 16 15
27 15 14
27 14 13
27 26 25
27 25 23
27 23 22
27 22 18
27 22 21
27 21 19
27 21 20
27 25 24
27 33 32
28 30 4
28 4 0
28 4 3
28 3 2
28 2 1
28 30 29
28 29 27
28 27 26
28 26 24
28 24 6
28 6 5
28 24 23
28 23 7
28 23 22
28 22 21
28 21 20
28 20 8
28 20 19
28 19 18
28 18 9
28 18 17
28 17 16
28 16 15
28 15 10
28 15 14
28 14 12
28 12 11
28 14 13
28 26 25
28 29 28
29 31 30
29 30 29
29 29 25
29 25 15
29 15 14
29 14 12
29 12 10
29 10 4
29 4 0
29 4 3
29 3 1
29 3 2
29 10 9
29 9 6
29 6 5
29 9 8
29 8 7
29 12 11
29 14 13
29 25 24
29 24 22
29 22 16
29 22 21
29 21 18
29 18 17
29 21 20
29 20 19
29 24 23
29 29 28
29 28 26
29 28 27
30 30 4
30 4 3
30 3 1
30 1 0
30 3 2
30 30 29
30 29 26
30 26 5
30 26 25
30 25 19
30 19 17
30 17 15
30 15 14
30 14 12
30 12 9
30 9 8
30 8 7
30 7 6
30 12 11
30 11 10
30 14 13
30 17 16
30 19 18
30 25 24
30 24 23
30 23 22
30 22 20
30 22 21
30 29 28
30 28 27
31 32 0
31 32 31
31 31 30
31 30 3
31 3 1
31 3 2
31 30 29
31 29 4
31 29 28
31 28 7
31 7 5
31 7 6
31 28 27
31 27 26
31 26 24
31 24 23
31 23 8
31 23 22
31 22 21
31 21 9
31 21 20
31 20 19
31 19 17
31 17 16
31 16 10
31 16 15
31 15 14
31 14 12
31 12 11
31 14 13
31 19 18
31 26 25
32 30 23
32 23 22
32 22 0
32 22 21
32 21 1
32 21 20
32 20 19
32 19 18
32 18 15
32 15 14
32 14 13
32 13 5
32 5 4
32 4 3
32 3 2
32 13 12
32 12 6
32 12 11
32 11 10
32 10 9
32 9 7
32 9 8
32 18 17
32 17 16
32 30 29
32 29 28
32 28 27
32 27 26
32 26 25
32 25 24
33 33 10
33 10 9
33 9 8
33 8 5
33 5 3
33 3 2
33 2 0
33 2 1
33 5 4
33 8 7
33 7 6
33 33 32
33 32 15
33 15 12
33 12 11
33 15 14
33 14 13
33 32 31
33 31 29
33 29 16
33 29 28
33 28 18
33 18 17
33 28 27
33 27 26
33 26 23
33 23 22
33 22 20
33 20 19
33 22 21
33 26 25
33 25 24
33 31 30
34 34 25
34 25 24
34 24 11
34 11 8
34 8 0
34 8 7
34 7 2
34 2 1
34 7 6
34 6 4
34 4 3
34 6 5
34 11 10
34 10 9
34 24 23
34 23 22
34 22 20
34 20 12
34 20 19
34 19 18
34 18 17
34 17 14
34 14 13
34 17 16
34 16 15
34 22 21
34 34 33
34 33 29
34 29 28
34 28 27
34 27 26
34 33 32
34 32 30
34 32 31
35 30 0
35 30 29
35 29 28
35 28 9
35 9 8
35 8 7
35 7 3
35 3 1
35 3 2
35 7 6
35 6 4
35 6 5
35 28 27
35 27 24
35 24 23
35 23 22
35 22 21
35 21 20
35 20 19
35 19 18
35 18 16
35 16 10
35 16 15
35 15 14
35 14 11
35 14 13
35 13 12
35 18 17
35 27 26
35 26 25
36 29 27
36 27 26
36 26 25
36 25 0
36 25 24
36 24 22
36 22 14
36 14 13
36 13 12
36 12 11
36 11 10
36 10 9
36 9 8
36 8 3
36 3 2
36 2 1
36 8 7
36 7 4
36 7 6
36 6 5
36 22 21
36 21 17
36 17 15
36 17 16
36 21 20
36 20 18
36 20 19
36 24 23
36 29 28
37 31 0
37 31 30
37 30 21
37 21 20
37 20 19
37 19 18
37 18 1
37 18 17
37 17 12
37 12 11
37 11 9
37 9 7
37 7 4
37 4 2
37 4 3
37 7 6
37 6 5
37 9 8
37 11 10
37 17 16
37 16 13
37 16 15
37 15 14
37 30 29
37 29 28
37 28 25
37 25 22
37 25 24
37 24 23
37 28 27
37 27 26
38 29 5
38 5 3
38 3 2
38 2 0
38 2 1
38 5 4
38 29 28
38 28 6
38 28 27
38 27 21
38 21 20
38 20 7
38 20 19
38 19 16
38 16 15
38 15 14
38 14 12
38 12 11
38 11 9
38 9 8
38 11 10
38 14 13
38 19 18
38 18 17
38 27 26
38 26 24
38 24 23
38 23 22
38 26 25
39 33 29
39 29 5
39 5 1
39 1 0
39 5 4
39 4 3
39 3 2
39 29 28
39 28 27
39 27 25
39 25 23
39 23 6
39 23 22
39 22 21
39 21 7
39 21 20
39 20 17
39 17 10
39 10 8
39 10 9
39 17 16
39 16 15
39 15 12
39 12 11
39 15 14
39 14 13
39 20 19
39 19 18
39 25 24
39 27 26
39 33 32
39 32 30
39 32 31
40 30 29
40 29 28
40 28 24
40 24 23
40 23 13
40 13 11
40 11 10
40 10 0
40 10 9
40 9 7
40 7 1
40 7 6
40 6 5
40 5 2
40 5 4
40 4 3
40 9 8
40 13 12
40 23 22
40 22 20
40 20 19
40 19 14
40 19 18
40 18 17
40 17 15
40 17 16
40 22 21
40 28 27
40 27 25
40 27 26
41 30 29
41 29 28
41 28 27
41 27 26
41 26 25
41 25 0
41 25 24
41 24 12
41 12 11
41 11 6
41 6 3
41 3 1
41 3 2
41 6 5
41 5 4
41 11 10
41 10 7
41 10 9
41 9 8
41 24 23
41 23 22
41 22 21
41 21 20
41 20 16
41 16 14
41 14 13
41 16 15
41 20 19
41 19 17
41 19 18
42 32 25
42 25 22
42 22 21
42 21 20
42 20 19
42 19 14
42 14 6
42 6 5
42 5 1
42 1 0
42 5 4
42 4 3
42 3 2
42 14 13
42 13 12
42 12 9
42 9 8
42 8 7
42 12 11
42 11 10
42 19 18
42 18 17
42 17 15
42 17 16
42 25 24
42 24 23
42 32 31
42 31 26
42 31 30
42 30 29
42 29 28
42 28 27
43 30 4
43 4 0
43 4 3
43 3 1
43 3 2
43 30 29
43 29 10
43 10 8
43 8 7
43 7 6
43 6 5
43 10 9
43 29 28
43 28 27
43 27 13
43 13 11
43 13 12
43 27 26
43 26 14
43 26 25
43 25 23
43 23 22
43 22 21
43 21 20
43 20 16
43 16 15
43 20 19
43 19 17
43 19 18
43 25 24
44 30 28
44 28 24
44 24 20
44 20 15
44 15 14
44 14 13
44 13 10
44 10 8
44 8 7
44 7 2
44 2 1
44 1 0
44 7 6
44 6 3
44 6 5
44 5 4
44 10 9
44 13 12
44 12 11
44 20 19
44 19 17
44 17 16
44 19 18
44 24 23
44 23 22
44 22 21
44 28 27
44 27 25
44 27 26
44 30 29
45 29 1
45 1 0
45 29 28
45 28 2
45 28 27
45 27 15
45 15 12
45 12 11
45 11 3
45 11 10
45 10 5
45 5 4
45 10 9
45 9 8
45 8 6
45 8 7
45 15 14
45 14 13
45 27 26
45 26 18
45 18 17
45 17 16
45 26 25
45 25 24
45 24 20
45 20 19
45 24 23
45 23 22
45 22 21
46 31 30
46 30 24
46 24 23
46 23 16
46 16 5
46 5 4
46 4 3
46 3 1
46 1 0
46 3 2
46 16 15
46 15 12
46 12 11
46 11 10
46 10 6
46 10 9
46 9 8
46 8 7
46 15 14
46 14 13
46 23 22
46 22 21
46 21 20
46 20 19
46 19 17
46 19 18
46 30 29
46 29 26
46 26 25
46 29 28
46 28 27
47 33 4
47 4 0
47 4 3
47 3 1
47 3 2
47 33 32
47 32 31
47 31 28
47 28 27
47 27 26
47 26 25
47 25 24
47 24 23
47 23 17
47 17 13
47 13 11
47 11 8
47 8 6
47 6 5
47 8 7
47 11 10
47 10 9
47 13 12
47 17 16
47 16 15
47 15 14
47 23 22
47 22 21
47 21 19
47 19 18
47 21 20
47 31 30
47 30 29
48 30 29
48 29 25
48 25 0
48 25 24
48 24 20
48 20 18
48 18 17
48 17 16
48 16 7
48 7 5
48 5 4
48 4 3
48 3 1
48 3 2
48 7 6
48 16 15
48 15 9
48 9 8
48 15 14
48 14 12
48 12 10
48 12 11
48 14 13
48 20 19
48 24 23
48 23 22
48 22 21
48 29 28
48 28 27
48 27 26
49 33 0
49 33 32
49 32 31
49 31 30
49 30 1
49 30 29
49 29 2
49 29 28
49 28 3
49 28 27
49 27 22
49 22 13
49 13 12
49 12 10
49 10 9
49 9 4
49 9 8
49 8 7
49 7 5
49 7 6
49 12 11
49 22 21
49 21 17
49 17 16
49 16 15
49 15 14
49 21 20
49 20 19
49 19 18
49 27 26
49 26 25
49 25 23
49 25 24
50 33 32
50 32 30
50 30 29
50 29 28
50 28 22
50 22 15
50 15 0
50 15 14
50 14 12
50 12 11
50 11 8
50 8 3
50 3 2
50 2 1
50 8 7
50 7 6
50 6 4
50 6 5
50 11 10
50 10 9
50 14 13
50 22 21
50 21 19
50 19 16
50 19 18
50 18 17
50 21 20
50 28 27
50 27 26
50 26 24
50 24 23
50 26 25
50 32 31
51 34 20
51 20 0
51 20 19
51 19 18
51 18 2
51 2 1
51 18 17
51 17 16
51 16 15
51 15 14
51 14 9
51 9 8
51 8 7
51 7 5
51 5 4
51 4 3
51 7 6
51 14 13
51 13 11
51 11 10
51 13 12
51 34 33
51 33 32
51 32 21
51 32 31
51 31 25
51 25 24
51 24 23
51 23 22
51 31 30
51 30 29
51 29 28
51 28 27
51 27 26
52 34 33
52 33 32
52 32 31
52 31 3
52 3 1
52 1 0
52 3 2
52 31 30
52 30 28
52 28 10
52 10 9
52 9 8
52 8 7
52 7 6
52 6 5
52 5 4
52 28 27
52 27 11
52 27 26
52 26 23
52 23 22
52 22 16
52 16 15
52 15 13
52 13 12
52 15 14
52 22 21
52 21 20
52 20 19
52 19 17
52 19 18
52 26 25
52 25 24
52 30 29
53 33 25
53 25 24
53 24 23
53 23 6
53 6 4
53 4 3
53 3 2
53 2 0
53 2 1
53 6 5
53 23 22
53 22 8
53 8 7
53 22 21
53 21 19
53 19 15
53 15 9
53 15 14
53 14 13
53 13 10
53 13 12
53 12 11
53 19 18
53 18 16
53 18 17
53 21 20
53 33 32
53 32 26
53 32 31
53 31 27
53 31 30
53 30 28
53 30 29
54 31 26
54 26 23
54 23 22
54 22 21
54 21 19
54 19 12
54 12 11
54 11 1
54 1 0
54 11 10
54 10 5
54 5 4
54 4 3
54 3 2
54 10 9
54 9 8
54 8 7
54 7 6
54 19 18
54 18 15
54 15 14
54 14 13
54 18 17
54 17 16
54 21 20
54 26 25
54 25 24
54 31 30
54 30 27
54 30 29
54 29 28
55 31 30
55 30 13
55 13 11
55 11 10
55 10 7
55 7 6
55 6 5
55 5 4
55 4 0
55 4 3
55 3 1
55 3 2
55 10 9
55 9 8
55 13 12
55 30 29
55 29 25
55 25 19
55 19 14
55 19 18
55 18 17
55 17 15
55 17 16
55 25 24
55 24 21
55 21 20
55 24 23
55 23 22
55 29 28
55 28 26
55 28 27
56 34 33
56 33 21
56 21 20
56 20 19
56 19 18
56 18 17
56 17 0
56 17 16
56 16 15
56 15 6
56 6 1
56 6 5
56 5 4
56 4 3
56 3 2
56 15 14
56 14 13
56 13 12
56 12 11
56 11 9
56 9 7
56 9 8
56 11 10
56 33 32
56 32 31
56 31 25
56 25 22
56 25 24
56 24 23
56 31 30
56 30 26
56 30 29
56 29 28
56 28 27
57 32 31
57 31 6
57 6 5
57 5 4
57 4 3
57 3 2
57 2 0
57 2 1
57 31 30
57 30 10
57 10 7
57 10 9
57 9 8
57 30 29
57 29 28
57 28 20
57 20 11
57 20 19
57 19 14
57 14 12
57 14 13
57 19 18
57 18 17
57 17 15
57 17 16
57 28 27
57 27 25
57 25 23
57 23 21
57 23 22
57 25 24
57 27 26
58 29 2
58 2 0
58 2 1
58 29 28
58 28 27
58 27 26
58 26 25
58 25 22
58 22 19
58 19 18
58 18 17
58 17 10
58 10 4
58 4 3
58 10 9
58 9 8
58 8 7
58 7 5
58 7 6
58 17 16
58 16 14
58 14 13
58 13 12
58 12 11
58 16 15
58 22 21
58 21 20
58 25 24
58 24 23
59 30 29
59 29 27
59 27 3
59 3 2
59 2 0
59 2 1
59 27 26
59 26 25
59 25 24
59 24 4
59 24 23
59 23 22
59 22 21
59 21 13
59 13 10
59 10 8
59 8 5
59 8 7
59 7 6
59 10 9
59 13 12
59 12 11
59 21 20
59 20 19
59 19 18
59 18 16
59 16 15
59 15 14
59 18 17
59 29 28
60 32 2
60 2 0
60 2 1
60 32 31
60 31 3
60 31 30
60 30 29
60 29 26
60 26 25
60 25 16
60 16 4
60 16 15
60 15 14
60 14 13
60 13 9
60 9 8
60 8 7
60 7 6
60 6 5
60 13 12
60 12 10
60 12 11
60 25 24
60 24 18
60 18 17
60 24 23
60 23 22
60 22 20
60 20 19
60 22 21
60 29 28
60 28 27
61 34 33
61 33 1
61 1 0
61 33 32
61 32 31
61 31 17
61 17 11
61 11 10
61 10 5
61 5 2
61 5 4
61 4 3
61 10 9
61 9 7
61 7 6
61 9 8
61 17 16
61 16 14
61 14 12
61 14 13
61 16 15
61 31 30
61 30 29
61 29 28
61 28 27
61 27 24
61 24 18
61 24 23
61 23 20
61 20 19
61 23 22
61 22 21
61 27 26
61 26 25
62 30 8
62 8 0
62 8 7
62 7 5
62 5 4
62 4 3
62 3 1
62 3 2
62 7 6
62 30 29
62 29 13
62 13 12
62 12 9
62 12 11
62 11 10
62 29 28
62 28 27
62 27 19
62 19 17
62 17 14
62 17 16
62 16 15
62 19 18
62 27 26
62 26 25
62 25 23
62 23 22
62 22 21
62 21 20
62 25 24
63 30 29
63 29 27
63 27 26
63 26 25
63 25 24
63 24 23
63 23 22
63 22 21
63 21 20
63 20 0
63 20 19
63 19 7
63 7 5
63 5 1
63 5 4
63 4 2
63 4 3
63 7 6
63 19 18
63 18 17
63 17 16
63 16 9
63 9 8
63 16 15
63 15 13
63 13 10
63 13 12
63 12 11
63 15 14
63 29 28
64 32 31
64 31 30
64 30 0
64 30 29
64 29 13
64 13 5
64 5 4
64 4 3
64 3 2
64 2 1
64 13 12
64 12 11
64 11 9
64 9 7
64 7 6
64 9 8
64 11 10
64 29 28
64 28 15
64 15 14
64 28 27
64 27 26
64 26 23
64 23 21
64 21 20
64 20 19
64 19 18
64 18 17
64 17 16
64 23 22
64 26 25
64 25 24
65 31 30
65 30 5
65 5 2
65 2 1
65 1 0
65 5 4
65 4 3
65 30 29
65 29 28
65 28 27
65 27 25
65 25 17
65 17 16
65 16 13
65 13 10
65 10 6
65 10 9
65 9 7
65 9 8
65 13 12
65 12 11
65 16 15
65 15 14
65 25 24
65 24 23
65 23 22
65 22 19
65 19 18
65 22 21
65 21 20
65 27 26
66 29 0
66 29 28
66 28 1
66 28 27
66 27 2
66 27 26
66 26 21
66 21 10
66 10 9
66 9 8
66 8 6
66 6 4
66 4 3
66 6 5
66 8 7
66 21 20
66 20 19
66 19 15
66 15 14
66 14 13
66 13 12
66 12 11
66 19 18
66 18 17
66 17 16
66 26 25
66 25 24
66 24 22
66 24 23
67 30 2
67 2 1
67 1 0
67 30 29
67 29 28
67 28 20
67 20 19
67 19 15
67 15 14
67 14 13
67 13 9
67 9 6
67 6 5
67 5 3
67 5 4
67 9 8
67 8 7
67 13 12
67 12 10
67 12 11
67 19 18
67 18 17
67 17 16
67 28 27
67 27 25
67 25 21
67 25 24
67 24 22
67 24 23
67 27 26
68 34 33
68 33 32
68 32 29
68 29 28
68 28 16
68 16 14
68 14 12
68 12 0
68 12 11
68 11 10
68 10 9
68 9 8
68 8 4
68 4 3
68 3 1
68 3 2
68 8 7
68 7 5
68 7 6
68 14 13
68 16 15
68 28 27
68 27 26
68 26 25
68 25 24
68 24 23
68 23 17
68 23 22
68 22 19
68 19 18
68 22 21
68 21 20
68 32 31
68 31 30
69 30 0
69 30 29
69 29 1
69 29 28
69 28 6
69 6 4
69 4 2
69 4 3
69 6 5
69 28 27
69 27 22
69 22 7
69 22 21
69 21 8
69 21 20
69 20 16
69 16 14
69 14 13
69 13 9
69 13 12
69 12 10
69 12 11
69 16 15
69 20 19
69 19 18
69 18 17
69 27 26
69 26 24
69 24 23
69 26 25
70 33 0
70 33 32
70 32 31
70 31 1
70 31 30
70 30 29
70 29 28
70 28 5
70 5 2
70 5 4
70 4 3
70 28 27
70 27 15
70 15 14
70 14 13
70 13 6
70 13 12
70 12 11
70 11 10
70 10 7
70 10 9
70 9 8
70 27 26
70 26 22
70 22 17
70 17 16
70 22 21
70 21 20
70 20 18
70 20 19
70 26 25
70 25 24
70 24 23
71 33 22
71 22 21
71 21 19
71 19 15
71 15 14
71 14 0
71 14 13
71 13 10
71 10 9
71 9 8
71 8 7
71 7 6
71 6 2
71 2 1
71 6 5
71 5 4
71 4 3
71 13 12
71 12 11
71 19 18
71 18 16
71 18 17
71 21 20
71 33 32
71 32 31
71 31 30
71 30 28
71 28 26
71 26 24
71 24 23
71 26 25
71 28 27
71 30 29
72 31 0
72 31 30
72 30 14
72 14 8
72 8 7
72 7 5
72 5 4
72 4 2
72 2 1
72 4 3
72 7 6
72 14 13
72 13 12
72 12 9
72 12 11
72 11 10
72 30 29
72 29 15
72 29 28
72 28 24
72 24 22
72 22 17
72 17 16
72 22 21
72 21 19
72 19 18
72 21 20
72 24 23
72 28 27
72 27 26
72 26 25
73 33 0
73 33 32
73 32 31
73 31 30
73 30 29
73 29 28
73 28 7
73 7 5
73 5 2
73 2 1
73 5 4
73 4 3
73 7 6
73 28 27
73 27 25
73 25 12
73 12 11
73 11 8
73 11 10
73 10 9
73 25 24
73 24 23
73 23 16
73 16 15
73 15 14
73 14 13
73 23 22
73 22 20
73 20 17
73 20 19
73 19 18
73 22 21
73 27 26
74 33 31
74 31 30
74 30 24
74 24 23
74 23 21
74 21 20
74 20 19
74 19 3
74 3 2
74 2 0
74 2 1
74 19 18
74 18 17
74 17 4
74 17 16
74 16 15
74 15 5
74 15 14
74 14 13
74 13 12
74 12 9
74 9 8
74 8 7
74 7 6
74 12 11
74 11 10
74 23 22
74 30 29
74 29 28
74 28 25
74 28 27
74 27 26
74 33 32
75 31 2
75 2 0
75 2 1
75 31 30
75 30 28
75 28 27
75 27 3
75 27 26
75 26 25
75 25 6
75 6 4
75 6 5
75 25 24
75 24 14
75 14 13
75 13 12
75 12 7
75 12 11
75 11 10
75 10 8
75 10 9
75 24 23
75 23 15
75 23 22
75 22 21
75 21 20
75 20 19
75 19 18
75 18 16
75 18 17
75 30 29
76 32 30
76 30 0
76 30 29
76 29 2
76 2 1
76 29 28
76 28 27
76 27 26
76 26 5
76 5 4
76 4 3
76 26 25
76 25 6
76 25 24
76 24 23
76 23 11
76 11 10
76 10 9
76 9 7
76 9 8
76 23 22
76 22 15
76 15 14
76 14 13
76 13 12
76 22 21
76 21 19
76 19 18
76 18 17
76 17 16
76 21 20
76 32 31
77 32 30
77 30 24
77 24 23
77 23 8
77 8 2
77 2 0
77 2 1
77 8 7
77 7 3
77 7 6
77 6 5
77 5 4
77 23 22
77 22 11
77 11 10
77 10 9
77 22 21
77 21 19
77 19 18
77 18 17
77 17 14
77 14 13
77 13 12
77 17 16
77 16 15
77 21 20
77 30 29
77 29 27
77 27 26
77 26 25
77 29 28
77 32 31
78 34 33
78 33 31
78 31 29
78 29 27
78 27 15
78 15 0
78 15 14
78 14 10
78 10 3
78 3 1
78 3 2
78 10 9
78 9 4
78 9 8
78 8 6
78 6 5
78 8 7
78 14 13
78 13 11
78 13 12
78 27 26
78 26 17
78 17 16
78 26 25
78 25 18
78 25 24
78 24 23
78 23 21
78 21 19
78 21 20
78 23 22
78 29 28
78 31 30
78 33 32
79 30 29
79 29 1
79 1 0
79 29 28
79 28 14
79 14 11
79 11 9
79 9 8
79 8 7
79 7 6
79 6 5
79 5 3
79 3 2
79 5 4
79 11 10
79 14 13
79 13 12
79 28 27
79 27 25
79 25 18
79 18 17
79 17 15
79 17 16
79 25 24
79 24 23
79 23 19
79 23 22
79 22 21
79 21 20
79 27 26
80 30 29
80 29 0
80 29 28
80 28 23
80 23 7
80 7 1
80 7 6
80 6 5
80 5 2
80 5 4
80 4 3
80 23 22
80 22 10
80 10 9
80 9 8
80 22 21
80 21 19
80 19 18
80 18 17
80 17 12
80 12 11
80 17 16
80 16 15
80 15 14
80 14 13
80 21 20
80 28 27
80 27 26
80 26 24
80 26 25
81 34 33
81 33 1
81 1 0
81 33 32
81 32 2
81 32 31
81 31 30
81 30 26
81 26 25
81 25 24
81 24 23
81 23 22
81 22 20
81 20 7
81 7 6
81 6 5
81 5 3
81 5 4
81 20 19
81 19 14
81 14 11
81 11 9
81 9 8
81 11 10
81 14 13
81 13 12
81 19 18
81 18 17
81 17 16
81 16 15
81 22 21
81 30 29
81 29 28
81 28 27
82 33 2
82 2 1
82 1 0
82 33 32
82 32 28
82 28 3
82 28 27
82 27 24
82 24 15
82 15 6
82 6 5
82 5 4
82 15 14
82 14 13
82 13 11
82 11 10
82 10 9
82 9 8
82 8 7
82 13 12
82 24 23
82 23 18
82 18 16
82 18 17
82 23 22
82 22 19
82 22 21
82 21 20
82 27 26
82 26 25
82 32 31
82 31 29
82 31 30
83 34 32
83 32 12
83 12 9
83 9 5
83 5 4
83 4 0
83 4 3
83 3 2
83 2 1
83 9 8
83 8 6
83 8 7
83 12 11
83 11 10
83 32 31
83 31 13
83 31 30
83 30 25
83 25 24
83 24 17
83 17 16
83 16 14
83 16 15
83 24 23
83 23 18
83 23 22
83 22 21
83 21 19
83 21 20
83 30 29
83 29 28
83 28 26
83 28 27
83 34 33
84 32 30
84 30 29
84 29 12
84 12 11
84 11 9
84 9 8
84 8 7
84 7 3
84 3 2
84 2 1
84 1 0
84 7 6
84 6 5
84 5 4
84 11 10
84 29 28
84 28 26
84 26 25
84 25 21
84 21 18
84 18 17
84 17 13
84 17 16
84 16 14
84 16 15
84 21 20
84 20 19
84 25 24
84 24 23
84 23 22
84 28 27
84 32 31
85 29 0
85 29 28
85 28 1
85 28 27
85 27 12
85 12 11
85 11 10
85 10 9
85 9 8
85 8 7
85 7 6
85 6 2
85 6 5
85 5 4
85 4 3
85 27 26
85 26 23
85 23 19
85 19 17
85 17 16
85 16 13
85 16 15
85 15 14
85 19 18
85 23 22
85 22 20
85 22 21
85 26 25
85 25 24
86 34 22
86 22 21
86 21 15
86 15 14
86 14 0
86 14 13
86 13 9
86 9 2
86 2 1
86 9 8
86 8 7
86 7 5
86 5 4
86 4 3
86 7 6
86 13 12
86 12 11
86 11 10
86 21 20
86 20 16
86 20 19
86 19 18
86 18 17
86 34 33
86 33 27
86 27 23
86 27 26
86 26 24
86 26 25
86 33 32
86 32 30
86 30 28
86 30 29
86 32 31
87 31 30
87 30 29
87 29 28
87 28 26
87 26 0
87 26 25
87 25 23
87 23 21
87 21 19
87 19 18
87 18 12
87 12 1
87 12 11
87 11 2
87 11 10
87 10 7
87 7 5
87 5 3
87 5 4
87 7 6
87 10 9
87 9 8
87 18 17
87 17 14
87 14 13
87 17 16
87 16 15
87 21 20
87 23 22
87 25 24
87 28 27
88 32 9
88 9 6
88 6 5
88 5 4
88 4 3
88 3 2
88 2 1
88 1 0
88 9 8
88 8 7
88 32 31
88 31 26
88 26 11
88 11 10
88 26 25
88 25 24
88 24 23
88 23 19
88 19 15
88 15 12
88 15 14
88 14 13
88 19 18
88 18 16
88 18 17
88 23 22
88 22 21
88 21 20
88 31 30
88 30 29
88 29 27
88 29 28
89 29 28
89 28 27
89 27 24
89 24 10
89 10 8
89 8 7
89 7 5
89 5 4
89 4 0
89 4 3
89 3 2
89 2 1
89 7 6
89 10 9
89 24 23
89 23 22
89 22 13
89 13 12
89 12 11
89 22 21
89 21 20
89 20 17
89 17 16
89 16 14
89 16 15
89 20 19
89 19 18
89 27 26
89 26 25
90 31 2
90 2 1
90 1 0
90 31 30
90 30 28
90 28 13
90 13 11
90 11 10
90 10 7
90 7 6
90 6 3
90 6 5
90 5 4
90 10 9
90 9 8
90 13 12
90 28 27
90 27 14
90 27 26
90 26 25
90 25 24
90 24 23
90 23 22
90 22 19
90 19 18
90 18 17
90 17 15
90 17 16
90 22 21
90 21 20
90 30 29
91 34 0
91 34 33
91 33 32
91 32 29
91 29 7
91 7 6
91 6 5
91 5 1
91 5 4
91 4 3
91 3 2
91 29 28
91 28 27
91 27 26
91 26 22
91 22 20
91 20 18
91 18 17
91 17 13
91 13 11
91 11 9
91 9 8
91 11 10
91 13 12
91 17 16
91 16 15
91 15 14
91 20 19
91 22 21
91 26 25
91 25 24
91 24 23
91 32 31
91 31 30
92 29 27
92 27 22
92 22 7
92 7 0
92 7 6
92 6 5
92 5 4
92 4 3
92 3 1
92 3 2
92 22 21
92 21 20
92 20 15
92 15 14
92 14 11
92 11 9
92 9 8
92 11 10
92 14 13
92 13 12
92 20 19
92 19 18
92 18 16
92 18 17
92 27 26
92 26 25
92 25 23
92 25 24
92 29 28
93 34 33
93 33 23
93 23 13
93 13 3
93 3 1
93 1 0
93 3 2
93 13 12
93 12 8
93 8 7
93 7 5
93 5 4
93 7 6
93 12 11
93 11 9
93 11 10
93 23 22
93 22 14
93 22 21
93 21 15
93 21 20
93 20 19
93 19 18
93 18 16
93 18 17
93 33 32
93 32 31
93 31 24
93 31 30
93 30 27
93 27 26
93 26 25
93 30 29
93 29 28
94 31 30
94 30 27
94 27 0
94 27 26
94 26 1
94 26 25
94 25 8
94 8 4
94 4 3
94 3 2
94 8 7
94 7 6
94 6 5
94 25 24
94 24 9
94 24 23
94 23 22
94 22 19
94 19 11
94 11 10
94 19 18
94 18 17
94 17 16
94 16 12
94 16 15
94 15 14
94 14 13
94 22 21
94 21 20
94 30 29
94 29 28
95 31 30
95 30 1
95 1 0
95 30 29
95 29 27
95 27 25
95 25 24
95 24 2
95 24 23
95 23 21
95 21 15
95 15 14
95 14 13
95 13 5
95 5 3
95 5 4
95 13 12
95 12 11
95 11 9
95 9 8
95 8 6
95 8 7
95 11 10
95 21 20
95 20 18
95 18 17
95 17 16
95 20 19
95 23 22
95 27 26
95 29 28
96 33 32
96 32 28
96 28 9
96 9 8
96 8 0
96 8 7
96 7 5
96 5 4
96 4 2
96 2 1
96 4 3
96 7 6
96 28 27
96 27 11
96 11 10
96 27 26
96 26 24
96 24 23
96 23 13
96 13 12
96 23 22
96 22 16
96 16 15
96 15 14
96 22 21
96 21 18
96 18 17
96 21 20
96 20 19
96 26 25
96 32 31
96 31 30
96 30 29
97 34 23
97 23 6
97 6 5
97 5 4
97 4 3
97 3 0
97 3 2
97 2 1
97 23 22
97 22 13
97 13 8
97 8 7
97 13 12
97 12 9
97 12 11
97 11 10
97 22 21
97 21 16
97 16 14
97 16 15
97 21 20
97 20 18
97 18 17
97 20 19
97 34 33
97 33 31
97 31 29
97 29 28
97 28 26
97 26 24
97 26 25
97 28 27
97 31 30
97 33 32
98 30 29
98 29 28
98 28 22
98 22 18
98 18 17
98 17 9
98 9 8
98 8 7
98 7 5
98 5 1
98 1 0
98 5 4
98 4 3
98 3 2
98 7 6
98 17 16
98 16 15
98 15 14
98 14 11
98 11 10
98 14 13
98 13 12
98 22 21
98 21 20
98 20 19
98 28 27
98 27 25
98 25 24
98 24 23
98 27 26
99 32 0
99 32 31
99 31 30
99 30 28
99 28 27
99 27 17
99 17 16
99 16 15
99 15 9
99 9 1
99 9 8
99 8 7
99 7 4
99 4 3
99 3 2
99 7 6
99 6 5
99 15 14
99 14 10
99 14 13
99 13 12
99 12 11
99 27 26
99 26 22
99 22 18
99 22 21
99 21 19
99 21 20
99 26 25
99 25 24
99 24 23
99 30 29
100 34 33
100 33 1
100 1 0
100 33 32
100 32 30
100 30 23
100 23 22
100 22 16
100 16 9
100 9 8
100 8 7
100 7 6
100 6 4
100 4 3
100 3 2
100 6 5
100 16 15
100 15 14
100 14 12
100 12 10
100 12 11
100 14 13
100 22 21
100 21 20
100 20 19
100 19 18
100 18 17
100 30 29
100 29 27
100 27 25
100 25 24
100 27 26
100 29 28
100 32 31
101 32 29
101 29 9
101 9 0
101 9 8
101 8 3
101 3 1
101 3 2
101 8 7
101 7 6
101 6 4
101 6 5
101 29 28
101 28 27
101 27 26
101 26 21
101 21 20
101 20 18
101 18 17
101 17 16
101 16 11
101 11 10
101 16 15
101 15 14
101 14 13
101 13 12
101 20 19
101 26 25
101 25 23
101 23 22
101 25 24
101 32 31
101 31 30
