1 32 31
1 31 29
1 29 28
1 28 4
1 4 1
1 1 0
1 4 3
1 3 2
1 28 27
1 27 12
1 12 7
1 7 5
1 7 6
1 12 11
1 11 9
1 9 8
1 11 10
1 27 26
1 26 13
1 26 25
1 25 23
1 23 14
1 23 22
1 22 15
1 22 21
1 21 20
1 20 17
1 17 16
1 20 19
1 19 18
1 25 24
1 31 30
2 32 31
2 31 29
2 29 28
2 28 27
2 27 0
2 27 26
2 26 25
2 25 22
2 22 20
2 20 19
2 19 1
2 19 18
2 18 16
2 16 14
2 14 10
2 10 2
2 10 9
2 9 5
2 5 4
2 4 3
2 9 8
2 8 7
2 7 6
2 14 13
2 13 12
2 12 11
2 16 15
2 18 17
2 22 21
2 25 24
2 24 23
2 31 30
3 30 29
3 29 28
3 28 16
3 16 14
3 14 11
3 11 9
3 9 8
3 8 7
3 7 0
3 7 6
3 6 5
3 5 1
3 5 4
3 4 2
3 4 3
3 11 10
3 14 13
3 13 12
3 16 15
3 28 27
3 27 26
3 26 25
3 25 17
3 25 24
3 24 23
3 23 22
3 22 20
3 20 18
3 20 19
3 22 21
4 34 29
4 29 19
4 19 18
4 18 16
4 16 12
4 12 10
4 10 8
4 8 7
4 7 3
4 3 0
4 3 2
4 2 1
4 7 6
4 6 4
4 6 5
4 10 9
4 12 11
4 16 15
4 15 13
4 15 14
4 18 17
4 29 28
4 28 23
4 23 21
4 21 20
4 23 22
4 28 27
4 27 26
4 26 25
4 25 24
4 34 33
4 33 32
4 32 31
4 31 30
5 29 0
5 29 28
5 28 27
5 27 4
5 4 1
5 4 3
5 3 2
5 27 26
5 26 5
5 26 25
5 25 7
5 7 6
5 25 24
5 24 23
5 23 22
5 22 9
5 9 8
5 22 21
5 21 17
5 17 10
5 17 16
5 16 15
5 15 14
5 14 13
5 13 11
5 13 12
5 21 20
5 20 18
5 20 19
6 34 33
6 33 2
6 2 0
6 2 1
6 33 32
6 32 31
6 31 3
6 31 30
6 30 29
6 29 4
6 29 28
6 28 24
6 24 6
6 6 5
6 24 23
6 23 20
6 20 19
6 19 18
6 18 10
6 10 9
6 9 8
6 8 7
6 18 17
6 17 15
6 15 14
6 14 13
6 13 12
6 12 11
6 17 16
6 23 22
6 22 21
6 28 27
6 27 25
6 27 26
7 31 3
7 3 2
7 2 1
7 1 0
7 31 30
7 30 22
7 22 9
7 9 8
7 8 4
7 8 7
7 7 5
7 7 6
7 22 21
7 21 14
7 14 13
7 13 12
7 12 10
7 12 11
7 21 20
7 20 15
7 20 19
7 19 17
7 17 16
7 19 18
7 30 29
7 29 24
7 24 23
7 29 28
7 28 27
7 27 25
7 27 26
8 29 14
8 14 1
8 1 0
8 14 13
8 13 3
8 3 2
8 13 12
8 12 11
8 11 7
8 7 5
8 5 4
8 7 6
8 11 10
8 10 8
8 10 9
8 29 28
8 28 25
8 25 24
8 24 23
8 23 22
8 22 21
8 21 17
8 17 16
8 16 15
8 21 20
8 20 18
8 20 19
8 28 27
8 27 26
9 30 19
9 19 2
9 2 1
9 1 0
9 19 18
9 18 7
9 7 3
9 7 6
9 6 5
9 5 4
9 18 17
9 17 11
9 11 10
9 10 9
9 9 8
9 17 16
9 16 15
9 15 14
9 14 12
9 14 13
9 30 29
9 29 28
9 28 21
9 21 20
9 28 27
9 27 26
9 26 22
9 26 25
9 25 24
9 24 23
10 30 18
10 18 0
10 18 17
10 17 2
10 2 1
10 17 16
10 16 12
10 12 11
10 11 6
10 6 5
10 5 3
10 5 4
10 11 10
10 10 8
10 8 7
10 10 9
10 16 15
10 15 14
10 14 13
10 30 29
10 29 23
10 23 22
10 22 19
10 22 21
10 21 20
10 29 28
10 28 27
10 27 24
10 27 26
10 26 25
11 34 33
11 33 32
11 32 8
11 8 6
11 6 5
11 5 1
11 1 0
11 5 4
11 4 2
11 4 3
11 8 7
11 32 31
11 31 26
11 26 25
11 25 24
11 24 23
11 23 21
11 21 13
11 13 9
11 13 12
11 12 10
11 12 11
11 21 20
11 20 14
11 20 19
11 19 16
11 16 15
11 19 18
11 18 17
11 23 22
11 31 30
11 30 28
11 28 27
11 30 29
12 32 29
12 29 28
12 28 26
12 26 16
12 16 15
12 15 7
12 7 6
12 6 5
12 5 4
12 4 2
12 2 1
12 1 0
12 4 3
12 15 14
12 14 13
12 13 8
12 13 12
12 12 10
12 10 9
12 12 11
12 26 25
12 25 24
12 24 18
12 18 17
12 24 23
12 23 22
12 22 21
12 21 20
12 20 19
12 28 27
12 32 31
12 31 30
13 34 33
13 33 31
13 31 29
13 29 17
13 17 2
13 2 0
13 2 1
13 17 16
13 16 15
13 15 14
13 14 13
13 13 12
13 12 3
13 12 11
13 11 9
13 9 8
13 8 4
13 8 7
13 7 5
13 7 6
13 11 10
13 29 28
13 28 27
13 27 26
13 26 22
13 22 19
13 19 18
13 22 21
13 21 20
13 26 25
13 25 23
13 25 24
13 31 30
13 33 32
14 29 12
14 12 11
14 11 3
14 3 1
14 1 0
14 3 2
14 11 10
14 10 5
14 5 4
14 10 9
14 9 7
14 7 6
14 9 8
14 29 28
14 28 27
14 27 26
14 26 15
14 15 14
14 14 13
14 26 25
14 25 24
14 24 23
14 23 21
14 21 20
14 20 19
14 19 16
14 19 18
14 18 17
14 23 22
15 34 33
15 33 1
15 1 0
15 33 32
15 32 3
15 3 2
15 32 31
15 31 19
15 19 18
15 18 17
15 17 16
15 16 6
15 6 5
15 5 4
15 16 15
15 15 12
15 12 8
15 8 7
15 12 11
15 11 9
15 11 10
15 15 14
15 14 13
15 31 30
15 30 24
15 24 20
15 24 23
15 23 22
15 22 21
15 30 29
15 29 28
15 28 27
15 27 26
15 26 25
16 33 0
16 33 32
16 32 29
16 29 4
16 4 1
16 4 3
16 3 2
16 29 28
16 28 15
16 15 5
16 15 14
16 14 6
16 14 13
16 13 12
16 12 10
16 10 8
16 8 7
16 10 9
16 12 11
16 28 27
16 27 26
16 26 25
16 25 23
16 23 19
16 19 17
16 17 16
16 19 18
16 23 22
16 22 20
16 22 21
16 25 24
16 32 31
16 31 30
17 32 31
17 31 30
17 30 29
17 29 24
17 24 19
17 19 7
17 7 2
17 2 0
17 2 1
17 7 6
17 6 5
17 5 3
17 5 4
17 19 18
17 18 9
17 9 8
17 18 17
17 17 10
17 17 16
17 16 11
17 16 15
17 15 14
17 14 12
17 14 13
17 24 23
17 23 20
17 23 22
17 22 21
17 29 28
17 28 27
17 27 26
17 26 25
18 34 1
18 1 0
18 34 33
18 33 8
18 8 3
18 3 2
18 8 7
18 7 4
18 7 6
18 6 5
18 33 32
18 32 30
18 30 9
18 30 29
18 29 28
18 28 11
18 11 10
18 28 27
18 27 13
18 13 12
18 27 26
18 26 14
18 26 25
18 25 23
18 23 22
18 22 21
18 21 18
18 18 16
18 16 15
18 18 17
18 21 20
18 20 19
18 25 24
18 32 31
19 29 28
19 28 27
19 27 26
19 26 25
19 25 1
19 1 0
19 25 24
19 24 4
19 4 2
19 4 3
19 24 23
19 23 21
19 21 20
19 20 19
19 19 17
19 17 15
19 15 14
19 14 13
19 13 12
19 12 10
19 10 5
19 10 9
19 9 8
19 8 6
19 8 7
19 12 11
19 17 16
19 19 18
19 23 22
20 29 3
20 3 2
20 2 0
20 2 1
20 29 28
20 28 26
20 26 8
20 8 7
20 7 6
20 6 5
20 5 4
20 26 25
20 25 24
20 24 9
20 24 23
20 23 11
20 11 10
20 23 22
20 22 13
20 13 12
20 22 21
20 21 20
20 20 14
20 20 19
20 19 18
20 18 17
20 17 15
20 17 16
20 28 27
21 32 3
21 3 2
21 2 0
21 2 1
21 32 31
21 31 6
21 6 4
21 6 5
21 31 30
21 30 29
21 29 28
21 28 17
21 17 16
21 16 15
21 15 14
21 14 13
21 13 11
21 11 10
21 10 9
21 9 7
21 9 8
21 13 12
21 28 27
21 27 20
21 20 19
21 19 18
21 27 26
21 26 23
21 23 21
21 23 22
21 26 25
21 25 24
22 29 28
22 28 5
22 5 3
22 3 2
22 2 0
22 2 1
22 5 4
22 28 27
22 27 26
22 26 23
22 23 22
22 22 21
22 21 19
22 19 18
22 18 6
22 18 17
22 17 16
22 16 15
22 15 8
22 8 7
22 15 14
22 14 13
22 13 12
22 12 11
22 11 10
22 10 9
22 21 20
22 26 25
22 25 24
23 32 0
23 32 31
23 31 30
23 30 29
23 29 3
23 3 2
23 2 1
23 29 28
23 28 26
23 26 25
23 25 23
23 23 19
23 19 18
23 18 16
23 16 7
23 7 6
23 6 5
23 5 4
23 16 15
23 15 12
23 12 11
23 11 10
23 10 9
23 9 8
23 15 14
23 14 13
23 18 17
23 23 22
23 22 21
23 21 20
23 25 24
23 28 27
24 31 29
24 29 0
24 29 28
24 28 27
24 27 2
24 2 1
24 27 26
24 26 25
24 25 3
24 25 24
24 24 23
24 23 22
24 22 20
24 20 19
24 19 18
24 18 11
24 11 10
24 10 6
24 6 4
24 6 5
24 10 9
24 9 7
24 9 8
24 18 17
24 17 12
24 17 16
24 16 13
24 16 15
24 15 14
24 22 21
24 31 30
25 30 19
25 19 10
25 10 9
25 9 7
25 7 3
25 3 1
25 1 0
25 3 2
25 7 6
25 6 4
25 6 5
25 9 8
25 19 18
25 18 17
25 17 13
25 13 11
25 13 12
25 17 16
25 16 15
25 15 14
25 30 29
25 29 20
25 29 28
25 28 27
25 27 26
25 26 25
25 25 21
25 25 24
25 24 22
25 24 23
26 31 12
26 12 11
26 11 0
26 11 10
26 10 4
26 4 2
26 2 1
26 4 3
26 10 9
26 9 8
26 8 7
26 7 5
26 7 6
26 31 30
26 30 13
26 30 29
26 29 28
26 28 24
26 24 23
26 23 22
26 22 18
26 18 17
26 17 16
26 16 15
26 15 14
26 22 21
26 21 19
26 21 20
26 28 27
26 27 26
26 26 25
27 29 28
27 28 0
27 28 27
27 27 26
27 26 3
27 3 1
27 3 2
27 26 25
27 25 24
27 24 23
27 23 22
27 22 21
27 21 4
27 21 20
27 20 14
27 14 12
27 12 11
27 11 6
27 6 5
27 11 10
27 10 9
27 9 7
27 9 8
27 14 13
27 20 19
27 19 15
27 19 18
27 18 16
27 18 17
28 30 29
28 29 27
28 27 0
28 27 26
28 26 24
28 24 23
28 23 21
28 21 20
28 20 9
28 9 8
28 8 7
28 7 1
28 7 6
28 6 5
28 5 2
28 5 4
28 4 3
28 20 19
28 19 18
28 18 17
28 17 12
28 12 11
28 11 10
28 17 16
28 16 13
28 16 15
28 15 14
28 23 22
28 26 25
28 29 28
29 34 33
29 33 32
29 32 25
29 25 24
29 24 23
29 23 21
29 21 12
29 12 11
29 11 10
29 10 8
29 8 3
29 3 2
29 2 0
29 2 1
29 8 7
29 7 6
29 6 4
29 6 5
29 10 9
29 21 20
29 20 14
29 14 13
29 20 19
29 19 17
29 17 15
29 17 16
29 19 18
29 23 22
29 32 31
29 31 28
29 28 26
29 28 27
29 31 30
29 30 29
30 30 28
30 28 2
30 2 1
30 1 0
30 28 27
30 27 26
30 26 12
30 12 4
30 4 3
30 12 11
30 11 9
30 9 7
30 7 5
30 7 6
30 9 8
30 11 10
30 26 25
30 25 24
30 24 23
30 23 22
30 22 21
30 21 20
30 20 19
30 19 18
30 18 17
30 17 15
30 15 13
30 15 14
30 17 16
30 30 29
31 30 0
31 30 29
31 29 4
31 4 1
31 4 3
31 3 2
31 29 28
31 28 7
31 7 5
31 7 6
31 28 27
31 27 23
31 23 22
31 22 19
31 19 8
31 19 18
31 18 17
31 17 9
31 17 16
31 16 10
31 16 15
31 15 11
31 15 14
31 14 13
31 13 12
31 22 21
31 21 20
31 27 26
31 26 24
31 26 25
32 30 29
32 29 28
32 28 19
32 19 17
32 17 16
32 16 15
32 15 14
32 14 13
32 13 2
32 2 0
32 2 1
32 13 12
32 12 11
32 11 10
32 10 9
32 9 6
32 6 5
32 5 4
32 4 3
32 9 8
32 8 7
32 19 18
32 28 27
32 27 23
32 23 22
32 22 20
32 22 21
32 27 26
32 26 25
32 25 24
33 34 33
33 33 0
33 33 32
33 32 31
33 31 4
33 4 3
33 3 2
33 2 1
33 31 30
33 30 21
33 21 11
33 11 5
33 11 10
33 10 9
33 9 8
33 8 6
33 8 7
33 21 20
33 20 16
33 16 15
33 15 13
33 13 12
33 15 14
33 20 19
33 19 18
33 18 17
33 30 29
33 29 22
33 29 28
33 28 27
33 27 24
33 24 23
33 27 26
33 26 25
34 29 0
34 29 28
34 28 26
34 26 25
34 25 23
34 23 19
34 19 17
34 17 8
34 8 7
34 7 1
34 7 6
34 6 5
34 5 3
34 3 2
34 5 4
34 17 16
34 16 15
34 15 11
34 11 10
34 10 9
34 15 14
34 14 12
34 14 13
34 19 18
34 23 22
34 22 20
34 22 21
34 25 24
34 28 27
35 33 31
35 31 30
35 30 29
35 29 25
35 25 4
35 4 0
35 4 3
35 3 2
35 2 1
35 25 24
35 24 9
35 9 8
35 8 7
35 7 6
35 6 5
35 24 23
35 23 11
35 11 10
35 23 22
35 22 17
35 17 12
35 17 16
35 16 15
35 15 14
35 14 13
35 22 21
35 21 20
35 20 18
35 20 19
35 29 28
35 28 27
35 27 26
35 33 32
36 30 27
36 27 0
36 27 26
36 26 22
36 22 21
36 21 20
36 20 1
36 20 19
36 19 18
36 18 8
36 8 3
36 3 2
36 8 7
36 7 5
36 5 4
36 7 6
36 18 17
36 17 10
36 10 9
36 17 16
36 16 14
36 14 11
36 14 13
36 13 12
36 16 15
36 26 25
36 25 23
36 25 24
36 30 29
36 29 28
37 29 27
37 27 26
37 26 24
37 24 22
37 22 21
37 21 4
37 4 3
37 3 1
37 1 0
37 3 2
37 21 20
37 20 19
37 19 18
37 18 17
37 17 16
37 16 5
37 16 15
37 15 11
37 11 10
37 10 7
37 7 6
37 10 9
37 9 8
37 15 14
37 14 12
37 14 13
37 24 23
37 26 25
37 29 28
38 30 29
38 29 28
38 28 2
38 2 0
38 2 1
38 28 27
38 27 23
38 23 19
38 19 10
38 10 3
38 10 9
38 9 8
38 8 7
38 7 5
38 5 4
38 7 6
38 19 18
38 18 16
38 16 14
38 14 12
38 12 11
38 14 13
38 16 15
38 18 17
38 23 22
38 22 20
38 22 21
38 27 26
38 26 25
38 25 24
39 30 7
39 7 0
39 7 6
39 6 1
39 6 5
39 5 4
39 4 2
39 4 3
39 30 29
39 29 28
39 28 27
39 27 26
39 26 25
39 25 24
39 24 23
39 23 21
39 21 8
39 21 20
39 20 9
39 20 19
39 19 17
39 17 16
39 16 15
39 15 13
39 13 10
39 13 12
39 12 11
39 15 14
39 19 18
39 23 22
40 33 31
40 31 30
40 30 22
40 22 20
40 20 19
40 19 17
40 17 10
40 10 9
40 9 7
40 7 6
40 6 0
40 6 5
40 5 1
40 5 4
40 4 2
40 4 3
40 9 8
40 17 16
40 16 15
40 15 11
40 15 14
40 14 13
40 13 12
40 19 18
40 22 21
40 30 29
40 29 24
40 24 23
40 29 28
40 28 25
40 28 27
40 27 26
40 33 32
41 31 5
41 5 0
41 5 4
41 4 3
41 3 2
41 2 1
41 31 30
41 30 7
41 7 6
41 30 29
41 29 8
41 29 28
41 28 27
41 27 24
41 24 20
41 20 13
41 13 9
41 13 12
41 12 10
41 12 11
41 20 19
41 19 15
41 15 14
41 19 18
41 18 17
41 17 16
41 24 23
41 23 21
41 23 22
41 27 26
41 26 25
42 32 14
42 14 2
42 2 1
42 1 0
42 14 13
42 13 12
42 12 10
42 10 9
42 9 8
42 8 5
42 5 4
42 4 3
42 8 7
42 7 6
42 12 11
42 32 31
42 31 17
42 17 16
42 16 15
42 31 30
42 30 27
42 27 24
42 24 21
42 21 18
42 21 20
42 20 19
42 24 23
42 23 22
42 27 26
42 26 25
42 30 29
42 29 28
43 29 27
43 27 5
43 5 1
43 1 0
43 5 4
43 4 2
43 4 3
43 27 26
43 26 11
43 11 6
43 11 10
43 10 8
43 8 7
43 10 9
43 26 25
43 25 24
43 24 23
43 23 12
43 23 22
43 22 20
43 20 18
43 18 13
43 18 17
43 17 16
43 16 14
43 16 15
43 20 19
43 22 21
43 29 28
44 30 29
44 29 25
44 25 1
44 1 0
44 25 24
44 24 23
44 23 22
44 22 12
44 12 2
44 12 11
44 11 9
44 9 6
44 6 3
44 6 5
44 5 4
44 9 8
44 8 7
44 11 10
44 22 21
44 21 20
44 20 19
44 19 14
44 14 13
44 19 18
44 18 17
44 17 15
44 17 16
44 29 28
44 28 26
44 28 27
45 31 6
45 6 5
45 5 4
45 4 2
45 2 1
45 1 0
45 4 3
45 31 30
45 30 16
45 16 14
45 14 7
45 14 13
45 13 8
45 13 12
45 12 11
45 11 10
45 10 9
45 16 15
45 30 29
45 29 22
45 22 17
45 22 21
45 21 20
45 20 18
45 20 19
45 29 28
45 28 27
45 27 26
45 26 24
45 24 23
45 26 25
46 30 25
46 25 24
46 24 22
46 22 20
46 20 2
46 2 1
46 1 0
46 20 19
46 19 4
46 4 3
46 19 18
46 18 16
46 16 5
46 16 15
46 15 6
46 15 14
46 14 12
46 12 10
46 10 8
46 8 7
46 10 9
46 12 11
46 14 13
46 18 17
46 22 21
46 24 23
46 30 29
46 29 28
46 28 27
46 27 26
47 29 28
47 28 27
47 27 26
47 26 0
47 26 25
47 25 23
47 23 1
47 23 22
47 22 21
47 21 19
47 19 15
47 15 8
47 8 7
47 7 2
47 7 6
47 6 5
47 5 3
47 5 4
47 15 14
47 14 9
47 14 13
47 13 11
47 11 10
47 13 12
47 19 18
47 18 17
47 17 16
47 21 20
47 25 24
48 33 0
48 33 32
48 32 2
48 2 1
48 32 31
48 31 30
48 30 4
48 4 3
48 30 29
48 29 28
48 28 27
48 27 25
48 25 6
48 6 5
48 25 24
48 24 23
48 23 21
48 21 20
48 20 16
48 16 15
48 15 14
48 14 13
48 13 12
48 12 10
48 10 9
48 9 7
48 9 8
48 12 11
48 20 19
48 19 17
48 19 18
48 23 22
48 27 26
49 29 3
49 3 1
49 1 0
49 3 2
49 29 28
49 28 25
49 25 9
49 9 7
49 7 6
49 6 4
49 6 5
49 9 8
49 25 24
49 24 23
49 23 15
49 15 10
49 15 14
49 14 12
49 12 11
49 14 13
49 23 22
49 22 21
49 21 19
49 19 18
49 18 17
49 17 16
49 21 20
49 28 27
49 27 26
50 29 1
50 1 0
50 29 28
50 28 27
50 27 26
50 26 21
50 21 19
50 19 17
50 17 16
50 16 15
50 15 2
50 15 14
50 14 4
50 4 3
50 14 13
50 13 10
50 10 8
50 8 7
50 7 5
50 7 6
50 10 9
50 13 12
50 12 11
50 19 18
50 21 20
50 26 25
50 25 22
50 25 24
50 24 23
51 29 3
51 3 0
51 3 2
51 2 1
51 29 28
51 28 5
51 5 4
51 28 27
51 27 6
51 27 26
51 26 25
51 25 24
51 24 10
51 10 9
51 9 7
51 9 8
51 24 23
51 23 11
51 23 22
51 22 20
51 20 18
51 18 16
51 16 14
51 14 13
51 13 12
51 16 15
51 18 17
51 20 19
51 22 21
52 31 30
52 30 29
52 29 24
52 24 16
52 16 1
52 1 0
52 16 15
52 15 6
52 6 4
52 4 2
52 4 3
52 6 5
52 15 14
52 14 13
52 13 8
52 8 7
52 13 12
52 12 11
52 11 9
52 11 10
52 24 23
52 23 19
52 19 18
52 18 17
52 23 22
52 22 21
52 21 20
52 29 28
52 28 27
52 27 25
52 27 26
53 34 33
53 33 0
53 33 32
53 32 31
53 31 9
53 9 3
53 3 1
53 3 2
53 9 8
53 8 7
53 7 4
53 7 6
53 6 5
53 31 30
53 30 27
53 27 20
53 20 10
53 20 19
53 19 18
53 18 16
53 16 14
53 14 11
53 14 13
53 13 12
53 16 15
53 18 17
53 27 26
53 26 21
53 26 25
53 25 22
53 25 24
53 24 23
53 30 29
53 29 28
54 32 0
54 32 31
54 31 4
54 4 2
54 2 1
54 4 3
54 31 30
54 30 29
54 29 28
54 28 23
54 23 22
54 22 20
54 20 6
54 6 5
54 20 19
54 19 15
54 15 7
54 15 14
54 14 11
54 11 10
54 10 8
54 10 9
54 14 13
54 13 12
54 19 18
54 18 17
54 17 16
54 22 21
54 28 27
54 27 26
54 26 24
54 26 25
55 30 22
55 22 21
55 21 20
55 20 0
55 20 19
55 19 5
55 5 4
55 4 3
55 3 1
55 3 2
55 19 18
55 18 17
55 17 6
55 17 16
55 16 7
55 16 15
55 15 13
55 13 8
55 13 12
55 12 10
55 10 9
55 12 11
55 15 14
55 30 29
55 29 23
55 29 28
55 28 26
55 26 24
55 26 25
55 28 27
56 33 32
56 32 28
56 28 0
56 28 27
56 27 24
56 24 13
56 13 9
56 9 8
56 8 7
56 7 5
56 5 4
56 4 3
56 3 1
56 3 2
56 7 6
56 13 12
56 12 10
56 12 11
56 24 23
56 23 22
56 22 14
56 22 21
56 21 20
56 20 19
56 19 18
56 18 17
56 17 16
56 16 15
56 27 26
56 26 25
56 32 31
56 31 30
56 30 29
57 30 0
57 30 29
57 29 28
57 28 14
57 14 11
57 11 3
57 3 1
57 3 2
57 11 10
57 10 4
57 10 9
57 9 5
57 9 8
57 8 6
57 8 7
57 14 13
57 13 12
57 28 27
57 27 25
57 25 23
57 23 21
57 21 17
57 17 15
57 17 16
57 21 20
57 20 18
57 20 19
57 23 22
57 25 24
57 27 26
58 31 16
58 16 15
58 15 13
58 13 8
58 8 6
58 6 0
58 6 5
58 5 4
58 4 3
58 3 1
58 3 2
58 8 7
58 13 12
58 12 11
58 11 10
58 10 9
58 15 14
58 31 30
58 30 27
58 27 17
58 27 26
58 26 25
58 25 22
58 22 21
58 21 19
58 19 18
58 21 20
58 25 24
58 24 23
58 30 29
58 29 28
59 34 31
59 31 29
59 29 3
59 3 1
59 1 0
59 3 2
59 29 28
59 28 27
59 27 25
59 25 9
59 9 4
59 9 8
59 8 5
59 8 7
59 7 6
59 25 24
59 24 23
59 23 19
59 19 15
59 15 14
59 14 12
59 12 11
59 11 10
59 14 13
59 19 18
59 18 17
59 17 16
59 23 22
59 22 20
59 22 21
59 27 26
59 31 30
59 34 33
59 33 32
60 31 15
60 15 14
60 14 13
60 13 6
60 6 3
60 3 1
60 1 0
60 3 2
60 6 5
60 5 4
60 13 12
60 12 7
60 12 11
60 11 8
60 11 10
60 10 9
60 31 30
60 30 28
60 28 27
60 27 17
60 17 16
60 27 26
60 26 21
60 21 20
60 20 18
60 20 19
60 26 25
60 25 22
60 25 24
60 24 23
60 30 29
61 33 32
61 32 31
61 31 21
61 21 15
61 15 14
61 14 1
61 1 0
61 14 13
61 13 8
61 8 7
61 7 5
61 5 4
61 4 2
61 4 3
61 7 6
61 13 12
61 12 11
61 11 9
61 11 10
61 21 20
61 20 17
61 17 16
61 20 19
61 19 18
61 31 30
61 30 28
61 28 22
61 28 27
61 27 26
61 26 25
61 25 24
61 24 23
61 30 29
62 29 0
62 29 28
62 28 2
62 2 1
62 28 27
62 27 26
62 26 3
62 26 25
62 25 24
62 24 23
62 23 7
62 7 6
62 6 4
62 6 5
62 23 22
62 22 21
62 21 20
62 20 18
62 18 8
62 18 17
62 17 16
62 16 15
62 15 14
62 14 10
62 10 9
62 14 13
62 13 12
62 12 11
62 20 19
63 29 28
63 28 27
63 27 26
63 26 0
63 26 25
63 25 2
63 2 1
63 25 24
63 24 17
63 17 6
63 6 4
63 4 3
63 6 5
63 17 16
63 16 15
63 15 7
63 15 14
63 14 12
63 12 11
63 11 10
63 10 9
63 9 8
63 14 13
63 24 23
63 23 19
63 19 18
63 23 22
63 22 21
63 21 20
64 34 2
64 2 1
64 1 0
64 34 33
64 33 32
64 32 31
64 31 30
64 30 27
64 27 3
64 27 26
64 26 4
64 26 25
64 25 6
64 6 5
64 25 24
64 24 9
64 9 8
64 8 7
64 24 23
64 23 11
64 11 10
64 23 22
64 22 18
64 18 12
64 18 17
64 17 16
64 16 15
64 15 13
64 15 14
64 22 21
64 21 20
64 20 19
64 30 29
64 29 28
65 32 29
65 29 28
65 28 27
65 27 26
65 26 25
65 25 24
65 24 6
65 6 0
65 6 5
65 5 3
65 3 1
65 3 2
65 5 4
65 24 23
65 23 15
65 15 11
65 11 7
65 11 10
65 10 8
65 10 9
65 15 14
65 14 12
65 14 13
65 23 22
65 22 21
65 21 20
65 20 16
65 20 19
65 19 18
65 18 17
65 32 31
65 31 30
66 31 28
66 28 23
66 23 22
66 22 6
66 6 5
66 5 1
66 1 0
66 5 4
66 4 2
66 4 3
66 22 21
66 21 20
66 20 19
66 19 11
66 11 9
66 9 8
66 8 7
66 11 10
66 19 18
66 18 16
66 16 15
66 15 12
66 15 14
66 14 13
66 18 17
66 28 27
66 27 26
66 26 25
66 25 24
66 31 30
66 30 29
67 33 0
67 33 32
67 32 31
67 31 30
67 30 17
67 17 16
67 16 14
67 14 13
67 13 12
67 12 1
67 12 11
67 11 9
67 9 2
67 9 8
67 8 6
67 6 5
67 5 3
67 5 4
67 8 7
67 11 10
67 16 15
67 30 29
67 29 28
67 28 27
67 27 24
67 24 23
67 23 22
67 22 21
67 21 20
67 20 19
67 19 18
67 27 26
67 26 25
68 31 30
68 30 29
68 29 0
68 29 28
68 28 27
68 27 26
68 26 25
68 25 24
68 24 22
68 22 21
68 21 16
68 16 14
68 14 4
68 4 3
68 3 1
68 3 2
68 14 13
68 13 5
68 13 12
68 12 11
68 11 10
68 10 6
68 10 9
68 9 8
68 8 7
68 16 15
68 21 20
68 20 19
68 19 17
68 19 18
68 24 23
69 30 22
69 22 0
69 22 21
69 21 6
69 6 5
69 5 3
69 3 1
69 3 2
69 5 4
69 21 20
69 20 19
69 19 18
69 18 17
69 17 15
69 15 14
69 14 7
69 14 13
69 13 12
69 12 11
69 11 10
69 10 8
69 10 9
69 17 16
69 30 29
69 29 26
69 26 24
69 24 23
69 26 25
69 29 28
69 28 27
70 32 28
70 28 26
70 26 25
70 25 10
70 10 9
70 9 4
70 4 3
70 3 2
70 2 0
70 2 1
70 9 8
70 8 7
70 7 6
70 6 5
70 25 24
70 24 21
70 21 11
70 21 20
70 20 18
70 18 12
70 18 17
70 17 14
70 14 13
70 17 16
70 16 15
70 20 19
70 24 23
70 23 22
70 28 27
70 32 31
70 31 30
70 30 29
71 32 23
71 23 22
71 22 18
71 18 0
71 18 17
71 17 16
71 16 2
71 2 1
71 16 15
71 15 13
71 13 4
71 4 3
71 13 12
71 12 11
71 11 9
71 9 8
71 8 7
71 7 5
71 7 6
71 11 10
71 15 14
71 22 21
71 21 19
71 21 20
71 32 31
71 31 30
71 30 29
71 29 28
71 28 25
71 25 24
71 28 27
71 27 26
72 29 28
72 28 0
72 28 27
72 27 1
72 27 26
72 26 24
72 24 4
72 4 3
72 3 2
72 24 23
72 23 14
72 14 6
72 6 5
72 14 13
72 13 12
72 12 7
72 12 11
72 11 10
72 10 9
72 9 8
72 23 22
72 22 19
72 19 15
72 19 18
72 18 16
72 18 17
72 22 21
72 21 20
72 26 25
73 30 15
73 15 3
73 3 2
73 2 0
73 2 1
73 15 14
73 14 13
73 13 12
73 12 11
73 11 9
73 9 6
73 6 4
73 6 5
73 9 8
73 8 7
73 11 10
73 30 29
73 29 25
73 25 24
73 24 16
73 24 23
73 23 22
73 22 21
73 21 20
73 20 17
73 20 19
73 19 18
73 29 28
73 28 26
73 28 27
74 31 1
74 1 0
74 31 30
74 30 29
74 29 27
74 27 26
74 26 2
74 26 25
74 25 22
74 22 21
74 21 12
74 12 11
74 11 10
74 10 9
74 9 8
74 8 5
74 5 3
74 5 4
74 8 7
74 7 6
74 21 20
74 20 15
74 15 13
74 15 14
74 20 19
74 19 17
74 17 16
74 19 18
74 25 24
74 24 23
74 29 28
75 34 33
75 33 32
75 32 31
75 31 29
75 29 4
75 4 0
75 4 3
75 3 1
75 3 2
75 29 28
75 28 25
75 25 24
75 24 23
75 23 21
75 21 5
75 21 20
75 20 19
75 19 18
75 18 8
75 8 7
75 7 6
75 18 17
75 17 14
75 14 9
75 14 13
75 13 10
75 13 12
75 12 11
75 17 16
75 16 15
75 23 22
75 28 27
75 27 26
75 31 30
76 30 27
76 27 3
76 3 2
76 2 1
76 1 0
76 27 26
76 26 9
76 9 7
76 7 4
76 7 6
76 6 5
76 9 8
76 26 25
76 25 22
76 22 16
76 16 15
76 15 13
76 13 12
76 12 11
76 11 10
76 15 14
76 22 21
76 21 20
76 20 17
76 20 19
76 19 18
76 25 24
76 24 23
76 30 29
76 29 28
77 33 32
77 32 10
77 10 4
77 4 0
77 4 3
77 3 2
77 2 1
77 10 9
77 9 7
77 7 5
77 7 6
77 9 8
77 32 31
77 31 29
77 29 27
77 27 26
77 26 25
77 25 24
77 24 23
77 23 22
77 22 11
77 22 21
77 21 20
77 20 16
77 16 15
77 15 12
77 15 14
77 14 13
77 20 19
77 19 17
77 19 18
77 29 28
77 31 30
78 30 28
78 28 27
78 27 16
78 16 12
78 12 11
78 11 10
78 10 9
78 9 8
78 8 3
78 3 2
78 2 1
78 1 0
78 8 7
78 7 5
78 5 4
78 7 6
78 16 15
78 15 13
78 15 14
78 27 26
78 26 25
78 25 22
78 22 17
78 22 21
78 21 19
78 19 18
78 21 20
78 25 24
78 24 23
78 30 29
79 29 0
79 29 28
79 28 27
79 27 25
79 25 24
79 24 1
79 24 23
79 23 15
79 15 14
79 14 11
79 11 3
79 3 2
79 11 10
79 10 8
79 8 7
79 7 6
79 6 5
79 5 4
79 10 9
79 14 13
79 13 12
79 23 22
79 22 21
79 21 20
79 20 18
79 18 16
79 18 17
79 20 19
79 27 26
80 34 33
80 33 32
80 32 29
80 29 28
80 28 27
80 27 25
80 25 24
80 24 0
80 24 23
80 23 22
80 22 21
80 21 1
80 21 20
80 20 4
80 4 2
80 4 3
80 20 19
80 19 8
80 8 6
80 6 5
80 8 7
80 19 18
80 18 16
80 16 9
80 16 15
80 15 13
80 13 12
80 12 11
80 11 10
80 15 14
80 18 17
80 27 26
80 32 31
80 31 30
81 31 29
81 29 28
81 28 26
81 26 14
81 14 0
81 14 13
81 13 12
81 12 9
81 9 8
81 8 7
81 7 2
81 2 1
81 7 6
81 6 3
81 6 5
81 5 4
81 12 11
81 11 10
81 26 25
81 25 24
81 24 18
81 18 15
81 18 17
81 17 16
81 24 23
81 23 19
81 23 22
81 22 21
81 21 20
81 28 27
81 31 30
82 29 3
82 3 2
82 2 1
82 1 0
82 29 28
82 28 27
82 27 26
82 26 6
82 6 5
82 5 4
82 26 25
82 25 23
82 23 7
82 23 22
82 22 18
82 18 11
82 11 9
82 9 8
82 11 10
82 18 17
82 17 12
82 17 16
82 16 14
82 14 13
82 16 15
82 22 21
82 21 19
82 21 20
82 25 24
83 29 15
83 15 1
83 1 0
83 15 14
83 14 12
83 12 4
83 4 2
83 4 3
83 12 11
83 11 10
83 10 5
83 10 9
83 9 8
83 8 7
83 7 6
83 14 13
83 29 28
83 28 27
83 27 24
83 24 23
83 23 22
83 22 21
83 21 19
83 19 18
83 18 16
83 18 17
83 21 20
83 27 26
83 26 25
84 32 27
84 27 26
84 26 25
84 25 23
84 23 19
84 19 9
84 9 6
84 6 5
84 5 3
84 3 1
84 1 0
84 3 2
84 5 4
84 9 8
84 8 7
84 19 18
84 18 14
84 14 13
84 13 10
84 13 12
84 12 11
84 18 17
84 17 15
84 17 16
84 23 22
84 22 20
84 22 21
84 25 24
84 32 31
84 31 28
84 31 30
84 30 29
85 32 1
85 1 0
85 32 31
85 31 30
85 30 29
85 29 2
85 29 28
85 28 13
85 13 3
85 13 12
85 12 11
85 11 7
85 7 4
85 7 6
85 6 5
85 11 10
85 10 9
85 9 8
85 28 27
85 27 24
85 24 15
85 15 14
85 24 23
85 23 22
85 22 17
85 17 16
85 22 21
85 21 18
85 21 20
85 20 19
85 27 26
85 26 25
86 33 7
86 7 5
86 5 4
86 4 3
86 3 0
86 3 2
86 2 1
86 7 6
86 33 32
86 32 8
86 32 31
86 31 10
86 10 9
86 31 30
86 30 28
86 28 27
86 27 12
86 12 11
86 27 26
86 26 14
86 14 13
86 26 25
86 25 23
86 23 18
86 18 15
86 18 17
86 17 16
86 23 22
86 22 21
86 21 19
86 21 20
86 25 24
86 30 29
87 32 31
87 31 2
87 2 1
87 1 0
87 31 30
87 30 25
87 25 24
87 24 23
87 23 14
87 14 8
87 8 6
87 6 5
87 5 4
87 4 3
87 8 7
87 14 13
87 13 12
87 12 11
87 11 10
87 10 9
87 23 22
87 22 15
87 22 21
87 21 20
87 20 19
87 19 17
87 17 16
87 19 18
87 30 29
87 29 27
87 27 26
87 29 28
88 32 31
88 31 10
88 10 9
88 9 8
88 8 7
88 7 6
88 6 1
88 1 0
88 6 5
88 5 3
88 3 2
88 5 4
88 31 30
88 30 15
88 15 13
88 13 12
88 12 11
88 15 14
88 30 29
88 29 28
88 28 21
88 21 17
88 17 16
88 21 20
88 20 18
88 20 19
88 28 27
88 27 25
88 25 22
88 25 24
88 24 23
88 27 26
89 32 28
89 28 1
89 1 0
89 28 27
89 27 26
89 26 2
89 26 25
89 25 24
89 24 19
89 19 3
89 19 18
89 18 9
89 9 7
89 7 6
89 6 4
89 6 5
89 9 8
89 18 17
89 17 16
89 16 15
89 15 13
89 13 11
89 11 10
89 13 12
89 15 14
89 24 23
89 23 21
89 21 20
89 23 22
89 32 31
89 31 29
89 31 30
90 34 33
90 33 32
90 32 30
90 30 19
90 19 18
90 18 14
90 14 13
90 13 12
90 12 9
90 9 5
90 5 3
90 3 1
90 1 0
90 3 2
90 5 4
90 9 8
90 8 7
90 7 6
90 12 11
90 11 10
90 18 17
90 17 15
90 17 16
90 30 29
90 29 20
90 29 28
90 28 26
90 26 25
90 25 24
90 24 21
90 24 23
90 23 22
90 28 27
90 32 31
91 33 0
91 33 32
91 32 31
91 31 29
91 29 27
91 27 25
91 25 24
91 24 1
91 24 23
91 23 22
91 22 20
91 20 19
91 19 18
91 18 8
91 8 7
91 7 6
91 6 5
91 5 2
91 5 4
91 4 3
91 18 17
91 17 15
91 15 14
91 14 13
91 13 9
91 13 12
91 12 10
91 12 11
91 17 16
91 22 21
91 27 26
91 29 28
91 31 30
92 29 23
92 23 0
92 23 22
92 22 20
92 20 19
92 19 2
92 2 1
92 19 18
92 18 14
92 14 3
92 14 13
92 13 8
92 8 7
92 7 6
92 6 5
92 5 4
92 13 12
92 12 9
92 12 11
92 11 10
92 18 17
92 17 16
92 16 15
92 22 21
92 29 28
92 28 26
92 26 25
92 25 24
92 28 27
93 29 24
93 24 23
93 23 1
93 1 0
93 23 22
93 22 18
93 18 8
93 8 3
93 3 2
93 8 7
93 7 4
93 7 6
93 6 5
93 18 17
93 17 13
93 13 11
93 11 9
93 11 10
93 13 12
93 17 16
93 16 15
93 15 14
93 22 21
93 21 20
93 20 19
93 29 28
93 28 27
93 27 26
93 26 25
94 30 1
94 1 0
94 30 29
94 29 4
94 4 3
94 3 2
94 29 28
94 28 27
94 27 26
94 26 5
94 26 25
94 25 8
94 8 7
94 7 6
94 25 24
94 24 10
94 10 9
94 24 23
94 23 22
94 22 21
94 21 19
94 19 11
94 19 18
94 18 17
94 17 15
94 15 14
94 14 12
94 14 13
94 17 16
94 21 20
95 29 28
95 28 13
95 13 12
95 12 6
95 6 5
95 5 4
95 4 2
95 2 1
95 1 0
95 4 3
95 12 11
95 11 8
95 8 7
95 11 10
95 10 9
95 28 27
95 27 25
95 25 15
95 15 14
95 25 24
95 24 21
95 21 16
95 21 20
95 20 19
95 19 18
95 18 17
95 24 23
95 23 22
95 27 26
96 29 24
96 24 0
96 24 23
96 23 21
96 21 18
96 18 11
96 11 9
96 9 7
96 7 6
96 6 5
96 5 1
96 5 4
96 4 2
96 4 3
96 9 8
96 11 10
96 18 17
96 17 16
96 16 12
96 16 15
96 15 14
96 14 13
96 21 20
96 20 19
96 23 22
96 29 28
96 28 26
96 26 25
96 28 27
97 30 27
97 27 9
97 9 7
97 7 2
97 2 1
97 1 0
97 7 6
97 6 3
97 6 5
97 5 4
97 9 8
97 27 26
97 26 22
97 22 21
97 21 20
97 20 18
97 18 17
97 17 11
97 11 10
97 17 16
97 16 12
97 16 15
97 15 14
97 14 13
97 20 19
97 26 25
97 25 23
97 25 24
97 30 29
97 29 28
98 29 28
98 28 0
98 28 27
98 27 26
98 26 25
98 25 3
98 3 1
98 3 2
98 25 24
98 24 20
98 20 11
98 11 4
98 11 10
98 10 5
98 10 9
98 9 8
98 8 6
98 8 7
98 20 19
98 19 14
98 14 12
98 14 13
98 19 18
98 18 16
98 16 15
98 18 17
98 24 23
98 23 21
98 23 22
99 30 27
99 27 26
99 26 22
99 22 21
99 21 20
99 20 0
99 20 19
99 19 1
99 19 18
99 18 17
99 17 15
99 15 5
99 5 4
99 4 3
99 3 2
99 15 14
99 14 13
99 13 8
99 8 7
99 7 6
99 13 12
99 12 10
99 10 9
99 12 11
99 17 16
99 26 25
99 25 23
99 25 24
99 30 29
99 29 28
100 30 2
100 2 0
100 2 1
100 30 29
100 29 27
100 27 24
100 24 6
100 6 5
100 5 4
100 4 3
100 24 23
100 23 9
100 9 7
100 9 8
100 23 22
100 22 10
100 22 21
100 21 20
100 20 19
100 19 18
100 18 17
100 17 16
100 16 11
100 16 15
100 15 12
100 15 14
100 14 13
100 27 26
100 26 25
100 29 28
101 31 25
101 25 24
101 24 18
101 18 0
101 18 17
101 17 7
101 7 5
101 5 4
101 4 3
101 3 2
101 2 1
101 7 6
101 17 16
101 16 10
101 10 9
101 9 8
101 16 15
101 15 14
101 14 13
101 13 11
101 13 12
101 24 23
101 23 22
101 22 21
101 21 20
101 20 19
101 31 30
101 30 29
101 29 28
101 28 26
101 28 27
