1 31 1
1 1 0
1 31 30
1 30 2
1 30 29
1 29 11
1 11 10
1 10 3
1 10 9
1 9 8
1 8 7
1 7 4
1 7 6
1 6 5
1 29 28
1 28 26
1 26 25
1 25 24
1 24 13
1 13 12
1 24 23
1 23 22
1 22 21
1 21 17
1 17 14
1 17 16
1 16 15
1 21 20
1 20 19
1 19 18
1 28 27
2 31 28
2 28 0
2 28 27
2 27 26
2 26 25
2 25 10
2 10 8
2 8 6
2 6 5
2 5 4
2 4 3
2 3 2
2 2 1
2 8 7
2 10 9
2 25 24
2 24 23
2 23 15
2 15 12
2 12 11
2 15 14
2 14 13
2 23 22
2 22 21
2 21 16
2 21 20
2 20 19
2 19 18
2 18 17
2 31 30
2 30 29
3 32 0
3 32 31
3 31 2
3 2 1
3 31 30
3 30 29
3 29 5
3 5 3
3 5 4
3 29 28
3 28 21
3 21 20
3 20 19
3 19 7
3 7 6
3 19 18
3 18 17
3 17 16
3 16 14
3 14 9
3 9 8
3 14 13
3 13 12
3 12 10
3 12 11
3 16 15
3 28 27
3 27 22
3 27 26
3 26 24
3 24 23
3 26 25
4 33 25
4 25 22
4 22 15
4 15 14
4 14 13
4 13 0
4 13 12
4 12 10
4 10 3
4 3 2
4 2 1
4 10 9
4 9 4
4 9 8
4 8 7
4 7 5
4 7 6
4 12 11
4 22 21
4 21 18
4 18 16
4 18 17
4 21 20
4 20 19
4 25 24
4 24 23
4 33 32
4 32 30
4 30 29
4 29 27
4 27 26
4 29 28
4 32 31
5 30 29
5 29 0
5 29 28
5 28 27
5 27 16
5 16 8
5 8 1
5 8 7
5 7 6
5 6 3
5 3 2
5 6 5
5 5 4
5 16 15
5 15 10
5 10 9
5 15 14
5 14 13
5 13 12
5 12 11
5 27 26
5 26 24
5 24 23
5 23 21
5 21 20
5 20 19
5 19 17
5 19 18
5 23 22
5 26 25
6 31 6
6 6 1
6 1 0
6 6 5
6 5 4
6 4 3
6 3 2
6 31 30
6 30 29
6 29 12
6 12 11
6 11 10
6 10 7
6 10 9
6 9 8
6 29 28
6 28 17
6 17 14
6 14 13
6 17 16
6 16 15
6 28 27
6 27 21
6 21 20
6 20 18
6 20 19
6 27 26
6 26 24
6 24 23
6 23 22
6 26 25
7 30 17
7 17 1
7 1 0
7 17 16
7 16 2
7 16 15
7 15 14
7 14 13
7 13 10
7 10 4
7 4 3
7 10 9
7 9 8
7 8 5
7 8 7
7 7 6
7 13 12
7 12 11
7 30 29
7 29 28
7 28 26
7 26 25
7 25 24
7 24 22
7 22 19
7 19 18
7 22 21
7 21 20
7 24 23
7 28 27
8 32 31
8 31 30
8 30 29
8 29 0
8 29 28
8 28 1
8 28 27
8 27 4
8 4 3
8 3 2
8 27 26
8 26 5
8 26 25
8 25 17
8 17 6
8 17 16
8 16 7
8 16 15
8 15 14
8 14 13
8 13 11
8 11 9
8 9 8
8 11 10
8 13 12
8 25 24
8 24 20
8 20 18
8 20 19
8 24 23
8 23 21
8 23 22
9 29 27
9 27 20
9 20 10
9 10 9
9 9 0
9 9 8
9 8 1
9 8 7
9 7 5
9 5 2
9 5 4
9 4 3
9 7 6
9 20 19
9 19 17
9 17 15
9 15 13
9 13 12
9 12 11
9 15 14
9 17 16
9 19 18
9 27 26
9 26 25
9 25 21
9 25 24
9 24 22
9 24 23
9 29 28
10 31 30
10 30 5
10 5 3
10 3 2
10 2 1
10 1 0
10 5 4
10 30 29
10 29 28
10 28 27
10 27 16
10 16 14
10 14 11
10 11 8
10 8 6
10 8 7
10 11 10
10 10 9
10 14 13
10 13 12
10 16 15
10 27 26
10 26 25
10 25 19
10 19 17
10 19 18
10 25 24
10 24 23
10 23 20
10 23 22
10 22 21
11 29 0
11 29 28
11 28 26
11 26 2
11 2 1
11 26 25
11 25 24
11 24 23
11 23 22
11 22 19
11 19 18
11 18 17
11 17 9
11 9 8
11 8 6
11 6 5
11 5 3
11 5 4
11 8 7
11 17 16
11 16 15
11 15 13
11 13 12
11 12 11
11 11 10
11 15 14
11 22 21
11 21 20
11 28 27
12 31 2
12 2 0
12 2 1
12 31 30
12 30 22
12 22 21
12 21 20
12 20 3
12 20 19
12 19 17
12 17 15
12 15 14
12 14 9
12 9 8
12 8 7
12 7 4
12 7 6
12 6 5
12 14 13
12 13 11
12 11 10
12 13 12
12 17 16
12 19 18
12 30 29
12 29 28
12 28 24
12 24 23
12 28 27
12 27 26
12 26 25
13 34 33
13 33 31
13 31 30
13 30 4
13 4 1
13 1 0
13 4 3
13 3 2
13 30 29
13 29 15
13 15 14
13 14 6
13 6 5
13 14 13
13 13 11
13 11 7
13 11 10
13 10 9
13 9 8
13 13 12
13 29 28
13 28 26
13 26 23
13 23 16
13 23 22
13 22 17
13 22 21
13 21 18
13 21 20
13 20 19
13 26 25
13 25 24
13 28 27
13 33 32
14 31 8
14 8 6
14 6 4
14 4 2
14 2 1
14 1 0
14 4 3
14 6 5
14 8 7
14 31 30
14 30 29
14 29 23
14 23 22
14 22 21
14 21 17
14 17 10
14 10 9
14 17 16
14 16 14
14 14 13
14 13 12
14 12 11
14 16 15
14 21 20
14 20 18
14 20 19
14 29 28
14 28 27
14 27 24
14 27 26
14 26 25
15 33 1
15 1 0
15 33 32
15 32 31
15 31 6
15 6 5
15 5 4
15 4 2
15 4 3
15 31 30
15 30 29
15 29 28
15 28 27
15 27 13
15 13 8
15 8 7
15 13 12
15 12 9
15 12 11
15 11 10
15 27 26
15 26 23
15 23 14
15 23 22
15 22 19
15 19 18
15 18 17
15 17 15
15 17 16
15 22 21
15 21 20
15 26 25
15 25 24
16 32 0
16 32 31
16 31 3
16 3 1
16 3 2
16 31 30
16 30 27
16 27 5
16 5 4
16 27 26
16 26 17
16 17 15
16 15 14
16 14 13
16 13 9
16 9 8
16 8 6
16 8 7
16 13 12
16 12 11
16 11 10
16 17 16
16 26 25
16 25 18
16 25 24
16 24 19
16 24 23
16 23 22
16 22 21
16 21 20
16 30 29
16 29 28
17 30 29
17 29 23
17 23 0
17 23 22
17 22 21
17 21 17
17 17 16
17 16 10
17 10 7
17 7 5
17 5 4
17 4 3
17 3 2
17 2 1
17 7 6
17 10 9
17 9 8
17 16 15
17 15 11
17 15 14
17 14 12
17 14 13
17 21 20
17 20 18
17 20 19
17 29 28
17 28 27
17 27 24
17 27 26
17 26 25
18 30 0
18 30 29
18 29 28
18 28 27
18 27 3
18 3 2
18 2 1
18 27 26
18 26 23
18 23 22
18 22 4
18 22 21
18 21 20
18 20 19
18 19 14
18 14 6
18 6 5
18 14 13
18 13 9
18 9 8
18 8 7
18 13 12
18 12 11
18 11 10
18 19 18
18 18 17
18 17 15
18 17 16
18 26 25
18 25 24
19 33 0
19 33 32
19 32 1
19 32 31
19 31 10
19 10 9
19 9 8
19 8 3
19 3 2
19 8 7
19 7 6
19 6 4
19 6 5
19 31 30
19 30 27
19 27 23
19 23 20
19 20 18
19 18 17
19 17 15
19 15 14
19 14 11
19 14 13
19 13 12
19 17 16
19 20 19
19 23 22
19 22 21
19 27 26
19 26 24
19 26 25
19 30 29
19 29 28
20 29 0
20 29 28
20 28 27
20 27 23
20 23 5
20 5 4
20 4 2
20 2 1
20 4 3
20 23 22
20 22 7
20 7 6
20 22 21
20 21 20
20 20 16
20 16 15
20 15 14
20 14 12
20 12 9
20 9 8
20 12 11
20 11 10
20 14 13
20 20 19
20 19 18
20 18 17
20 27 26
20 26 24
20 26 25
21 33 29
21 29 23
21 23 21
21 21 19
21 19 0
21 19 18
21 18 13
21 13 12
21 12 11
21 11 10
21 10 1
21 10 9
21 9 3
21 3 2
21 9 8
21 8 6
21 6 4
21 6 5
21 8 7
21 18 17
21 17 16
21 16 14
21 16 15
21 21 20
21 23 22
21 29 28
21 28 24
21 28 27
21 27 26
21 26 25
21 33 32
21 32 31
21 31 30
22 32 31
22 31 30
22 30 2
22 2 1
22 1 0
22 30 29
22 29 26
22 26 3
22 26 25
22 25 18
22 18 4
22 18 17
22 17 11
22 11 9
22 9 8
22 8 7
22 7 6
22 6 5
22 11 10
22 17 16
22 16 13
22 13 12
22 16 15
22 15 14
22 25 24
22 24 19
22 24 23
22 23 22
22 22 20
22 22 21
22 29 28
22 28 27
23 32 30
23 30 0
23 30 29
23 29 28
23 28 27
23 27 18
23 18 17
23 17 16
23 16 15
23 15 1
23 15 14
23 14 5
23 5 4
23 4 2
23 4 3
23 14 13
23 13 9
23 9 8
23 8 6
23 8 7
23 13 12
23 12 10
23 12 11
23 27 26
23 26 24
23 24 23
23 23 19
23 23 22
23 22 21
23 21 20
23 26 25
23 32 31
24 32 0
24 32 31
24 31 3
24 3 2
24 2 1
24 31 30
24 30 11
24 11 10
24 10 9
24 9 6
24 6 4
24 6 5
24 9 8
24 8 7
24 30 29
24 29 28
24 28 27
24 27 16
24 16 13
24 13 12
24 16 15
24 15 14
24 27 26
24 26 17
24 26 25
24 25 18
24 25 24
24 24 19
24 24 23
24 23 22
24 22 20
24 22 21
25 30 28
25 28 27
25 27 9
25 9 5
25 5 4
25 4 0
25 4 3
25 3 2
25 2 1
25 9 8
25 8 6
25 8 7
25 27 26
25 26 12
25 12 11
25 11 10
25 26 25
25 25 20
25 20 13
25 20 19
25 19 18
25 18 16
25 16 15
25 15 14
25 18 17
25 25 24
25 24 23
25 23 22
25 22 21
25 30 29
26 33 29
26 29 4
26 4 3
26 3 1
26 1 0
26 3 2
26 29 28
26 28 22
26 22 21
26 21 19
26 19 5
26 19 18
26 18 17
26 17 6
26 17 16
26 16 7
26 16 15
26 15 13
26 13 8
26 13 12
26 12 9
26 12 11
26 11 10
26 15 14
26 21 20
26 28 27
26 27 25
26 25 24
26 24 23
26 27 26
26 33 32
26 32 31
26 31 30
27 30 1
27 1 0
27 30 29
27 29 28
27 28 23
27 23 22
27 22 16
27 16 15
27 15 9
27 9 3
27 3 2
27 9 8
27 8 7
27 7 6
27 6 5
27 5 4
27 15 14
27 14 12
27 12 11
27 11 10
27 14 13
27 22 21
27 21 19
27 19 18
27 18 17
27 21 20
27 28 27
27 27 26
27 26 24
27 26 25
28 32 31
28 31 30
28 30 27
28 27 24
28 24 23
28 23 0
28 23 22
28 22 21
28 21 18
28 18 12
28 12 3
28 3 1
28 3 2
28 12 11
28 11 10
28 10 5
28 5 4
28 10 9
28 9 8
28 8 6
28 8 7
28 18 17
28 17 13
28 17 16
28 16 15
28 15 14
28 21 20
28 20 19
28 27 26
28 26 25
28 30 29
28 29 28
29 33 32
29 32 30
29 30 29
29 29 28
29 28 25
29 25 23
29 23 1
29 1 0
29 23 22
29 22 20
29 20 19
29 19 18
29 18 16
29 16 2
29 16 15
29 15 14
29 14 12
29 12 9
29 9 8
29 8 7
29 7 6
29 6 5
29 5 3
29 5 4
29 12 11
29 11 10
29 14 13
29 18 17
29 22 21
29 25 24
29 28 27
29 27 26
29 32 31
30 32 31
30 31 24
30 24 20
30 20 19
30 19 13
30 13 11
30 11 10
30 10 0
30 10 9
30 9 1
30 9 8
30 8 7
30 7 6
30 6 5
30 5 3
30 3 2
30 5 4
30 13 12
30 19 18
30 18 17
30 17 14
30 17 16
30 16 15
30 24 23
30 23 22
30 22 21
30 31 30
30 30 29
30 29 27
30 27 25
30 27 26
30 29 28
31 32 0
31 32 31
31 31 13
31 13 12
31 12 11
31 11 7
31 7 6
31 6 5
31 5 2
31 2 1
31 5 4
31 4 3
31 11 10
31 10 8
31 10 9
31 31 30
31 30 28
31 28 26
31 26 24
31 24 22
31 22 20
31 20 17
31 17 16
31 16 14
31 16 15
31 20 19
31 19 18
31 22 21
31 24 23
31 26 25
31 28 27
31 30 29
32 33 32
32 32 26
32 26 24
32 24 8
32 8 7
32 7 4
32 4 1
32 1 0
32 4 3
32 3 2
32 7 6
32 6 5
32 24 23
32 23 22
32 22 20
32 20 19
32 19 18
32 18 16
32 16 11
32 11 9
32 11 10
32 16 15
32 15 14
32 14 12
32 14 13
32 18 17
32 22 21
32 26 25
32 32 31
32 31 30
32 30 27
32 30 29
32 29 28
33 32 31
33 31 30
33 30 0
33 30 29
33 29 27
33 27 26
33 26 24
33 24 22
33 22 14
33 14 12
33 12 8
33 8 3
33 3 2
33 2 1
33 8 7
33 7 4
33 7 6
33 6 5
33 12 11
33 11 9
33 11 10
33 14 13
33 22 21
33 21 17
33 17 15
33 17 16
33 21 20
33 20 19
33 19 18
33 24 23
33 26 25
33 29 28
34 30 17
34 17 16
34 16 0
34 16 15
34 15 14
34 14 3
34 3 1
34 3 2
34 14 13
34 13 11
34 11 8
34 8 5
34 5 4
34 8 7
34 7 6
34 11 10
34 10 9
34 13 12
34 30 29
34 29 28
34 28 18
34 28 27
34 27 26
34 26 25
34 25 23
34 23 21
34 21 19
34 21 20
34 23 22
34 25 24
35 30 25
35 25 24
35 24 22
35 22 17
35 17 16
35 16 3
35 3 2
35 2 1
35 1 0
35 16 15
35 15 14
35 14 13
35 13 11
35 11 10
35 10 8
35 8 7
35 7 5
35 5 4
35 7 6
35 10 9
35 13 12
35 22 21
35 21 19
35 19 18
35 21 20
35 24 23
35 30 29
35 29 28
35 28 27
35 27 26
36 32 10
36 10 8
36 8 6
36 6 5
36 5 4
36 4 3
36 3 1
36 1 0
36 3 2
36 8 7
36 10 9
36 32 31
36 31 13
36 13 12
36 12 11
36 31 30
36 30 29
36 29 24
36 24 22
36 22 18
36 18 17
36 17 14
36 17 16
36 16 15
36 22 21
36 21 20
36 20 19
36 24 23
36 29 28
36 28 25
36 28 27
36 27 26
37 29 26
37 26 25
37 25 18
37 18 7
37 7 0
37 7 6
37 6 5
37 5 3
37 3 1
37 3 2
37 5 4
37 18 17
37 17 16
37 16 13
37 13 12
37 12 11
37 11 9
37 9 8
37 11 10
37 16 15
37 15 14
37 25 24
37 24 20
37 20 19
37 24 23
37 23 21
37 23 22
37 29 28
37 28 27
38 29 28
38 28 27
38 27 26
38 26 17
38 17 14
38 14 13
38 13 7
38 7 4
38 4 3
38 3 2
38 2 1
38 1 0
38 7 6
38 6 5
38 13 12
38 12 8
38 12 11
38 11 9
38 11 10
38 17 16
38 16 15
38 26 25
38 25 24
38 24 23
38 23 21
38 21 20
38 20 18
38 20 19
38 23 22
39 33 31
39 31 0
39 31 30
39 30 2
39 2 1
39 30 29
39 29 28
39 28 4
39 4 3
39 28 27
39 27 22
39 22 5
39 22 21
39 21 19
39 19 17
39 17 16
39 16 13
39 13 6
39 13 12
39 12 11
39 11 7
39 11 10
39 10 9
39 9 8
39 16 15
39 15 14
39 19 18
39 21 20
39 27 26
39 26 24
39 24 23
39 26 25
39 33 32
40 29 1
40 1 0
40 29 28
40 28 2
40 28 27
40 27 26
40 26 25
40 25 23
40 23 6
40 6 5
40 5 4
40 4 3
40 23 22
40 22 21
40 21 19
40 19 18
40 18 7
40 18 17
40 17 16
40 16 15
40 15 14
40 14 13
40 13 12
40 12 10
40 10 9
40 9 8
40 12 11
40 21 20
40 25 24
41 29 27
41 27 21
41 21 20
41 20 0
41 20 19
41 19 18
41 18 15
41 15 9
41 9 7
41 7 5
41 5 2
41 2 1
41 5 4
41 4 3
41 7 6
41 9 8
41 15 14
41 14 13
41 13 12
41 12 11
41 11 10
41 18 17
41 17 16
41 27 26
41 26 22
41 26 25
41 25 24
41 24 23
41 29 28
42 29 27
42 27 26
42 26 25
42 25 1
42 1 0
42 25 24
42 24 23
42 23 22
42 22 21
42 21 20
42 20 3
42 3 2
42 20 19
42 19 5
42 5 4
42 19 18
42 18 9
42 9 7
42 7 6
42 9 8
42 18 17
42 17 13
42 13 11
42 11 10
42 13 12
42 17 16
42 16 15
42 15 14
42 29 28
43 29 28
43 28 26
43 26 25
43 25 0
43 25 24
43 24 23
43 23 3
43 3 1
43 3 2
43 23 22
43 22 21
43 21 17
43 17 11
43 11 8
43 8 4
43 8 7
43 7 6
43 6 5
43 11 10
43 10 9
43 17 16
43 16 15
43 15 12
43 15 14
43 14 13
43 21 20
43 20 19
43 19 18
43 28 27
44 33 30
44 30 29
44 29 27
44 27 21
44 21 18
44 18 17
44 17 2
44 2 0
44 2 1
44 17 16
44 16 3
44 16 15
44 15 12
44 12 9
44 9 7
44 7 6
44 6 4
44 6 5
44 9 8
44 12 11
44 11 10
44 15 14
44 14 13
44 21 20
44 20 19
44 27 26
44 26 25
44 25 24
44 24 23
44 23 22
44 29 28
44 33 32
44 32 31
45 34 31
45 31 27
45 27 24
45 24 23
45 23 21
45 21 15
45 15 10
45 10 4
45 4 1
45 1 0
45 4 3
45 3 2
45 10 9
45 9 6
45 6 5
45 9 8
45 8 7
45 15 14
45 14 13
45 13 11
45 13 12
45 21 20
45 20 19
45 19 17
45 17 16
45 19 18
45 23 22
45 27 26
45 26 25
45 31 30
45 30 28
45 30 29
45 34 33
45 33 32
46 29 0
46 29 28
46 28 22
46 22 18
46 18 3
46 3 1
46 3 2
46 18 17
46 17 13
46 13 4
46 13 12
46 12 10
46 10 9
46 9 6
46 6 5
46 9 8
46 8 7
46 12 11
46 17 16
46 16 14
46 16 15
46 22 21
46 21 19
46 21 20
46 28 27
46 27 23
46 27 26
46 26 25
46 25 24
47 32 31
47 31 30
47 30 29
47 29 2
47 2 0
47 2 1
47 29 28
47 28 20
47 20 3
47 20 19
47 19 18
47 18 14
47 14 13
47 13 4
47 13 12
47 12 11
47 11 10
47 10 9
47 9 8
47 8 5
47 8 7
47 7 6
47 18 17
47 17 15
47 17 16
47 28 27
47 27 21
47 27 26
47 26 22
47 26 25
47 25 24
47 24 23
48 32 15
48 15 2
48 2 0
48 2 1
48 15 14
48 14 13
48 13 11
48 11 4
48 4 3
48 11 10
48 10 9
48 9 8
48 8 5
48 8 7
48 7 6
48 13 12
48 32 31
48 31 30
48 30 29
48 29 28
48 28 24
48 24 23
48 23 21
48 21 16
48 21 20
48 20 17
48 20 19
48 19 18
48 23 22
48 28 27
48 27 25
48 27 26
49 32 0
49 32 31
49 31 5
49 5 1
49 5 4
49 4 2
49 4 3
49 31 30
49 30 28
49 28 16
49 16 8
49 8 7
49 7 6
49 16 15
49 15 13
49 13 12
49 12 11
49 11 10
49 10 9
49 15 14
49 28 27
49 27 25
49 25 24
49 24 23
49 23 21
49 21 20
49 20 19
49 19 18
49 18 17
49 23 22
49 27 26
49 30 29
50 29 18
50 18 17
50 17 15
50 15 3
50 3 1
50 1 0
50 3 2
50 15 14
50 14 13
50 13 12
50 12 4
50 12 11
50 11 5
50 11 10
50 10 8
50 8 6
50 8 7
50 10 9
50 17 16
50 29 28
50 28 27
50 27 19
50 27 26
50 26 25
50 25 24
50 24 23
50 23 22
50 22 21
50 21 20
51 30 6
51 6 0
51 6 5
51 5 1
51 5 4
51 4 3
51 3 2
51 30 29
51 29 28
51 28 8
51 8 7
51 28 27
51 27 25
51 25 23
51 23 21
51 21 13
51 13 12
51 12 9
51 12 11
51 11 10
51 21 20
51 20 19
51 19 16
51 16 15
51 15 14
51 19 18
51 18 17
51 23 22
51 25 24
51 27 26
52 30 29
52 29 24
52 24 23
52 23 19
52 19 18
52 18 17
52 17 0
52 17 16
52 16 12
52 12 11
52 11 10
52 10 3
52 3 1
52 3 2
52 10 9
52 9 4
52 9 8
52 8 7
52 7 5
52 7 6
52 16 15
52 15 14
52 14 13
52 23 22
52 22 21
52 21 20
52 29 28
52 28 25
52 28 27
52 27 26
53 30 0
53 30 29
53 29 23
53 23 22
53 22 20
53 20 19
53 19 18
53 18 1
53 18 17
53 17 16
53 16 3
53 3 2
53 16 15
53 15 14
53 14 13
53 13 8
53 8 7
53 7 6
53 6 4
53 6 5
53 13 12
53 12 11
53 11 9
53 11 10
53 22 21
53 29 28
53 28 25
53 25 24
53 28 27
53 27 26
54 29 18
54 18 12
54 12 3
54 3 0
54 3 2
54 2 1
54 12 11
54 11 5
54 5 4
54 11 10
54 10 8
54 8 6
54 8 7
54 10 9
54 18 17
54 17 16
54 16 13
54 16 15
54 15 14
54 29 28
54 28 27
54 27 21
54 21 20
54 20 19
54 27 26
54 26 23
54 23 22
54 26 25
54 25 24
55 33 2
55 2 0
55 2 1
55 33 32
55 32 30
55 30 29
55 29 27
55 27 26
55 26 9
55 9 7
55 7 6
55 6 5
55 5 4
55 4 3
55 9 8
55 26 25
55 25 24
55 24 17
55 17 10
55 17 16
55 16 15
55 15 11
55 15 14
55 14 13
55 13 12
55 24 23
55 23 22
55 22 21
55 21 19
55 19 18
55 21 20
55 29 28
55 32 31
56 30 29
56 29 12
56 12 10
56 10 9
56 9 8
56 8 7
56 7 2
56 2 0
56 2 1
56 7 6
56 6 5
56 5 4
56 4 3
56 12 11
56 29 28
56 28 13
56 28 27
56 27 26
56 26 25
56 25 24
56 24 22
56 22 15
56 15 14
56 22 21
56 21 17
56 17 16
56 21 20
56 20 19
56 19 18
56 24 23
57 31 13
57 13 3
57 3 2
57 2 0
57 2 1
57 13 12
57 12 10
57 10 8
57 8 6
57 6 5
57 5 4
57 8 7
57 10 9
57 12 11
57 31 30
57 30 29
57 29 23
57 23 22
57 22 15
57 15 14
57 22 21
57 21 17
57 17 16
57 21 20
57 20 19
57 19 18
57 29 28
57 28 26
57 26 24
57 26 25
57 28 27
58 29 28
58 28 27
58 27 18
58 18 16
58 16 1
58 1 0
58 16 15
58 15 3
58 3 2
58 15 14
58 14 12
58 12 8
58 8 7
58 7 6
58 6 4
58 6 5
58 12 11
58 11 10
58 10 9
58 14 13
58 18 17
58 27 26
58 26 19
58 26 25
58 25 20
58 25 24
58 24 23
58 23 21
58 23 22
59 33 31
59 31 30
59 30 28
59 28 26
59 26 25
59 25 24
59 24 23
59 23 18
59 18 3
59 3 0
59 3 2
59 2 1
59 18 17
59 17 16
59 16 15
59 15 13
59 13 12
59 12 11
59 11 4
59 11 10
59 10 8
59 8 7
59 7 5
59 7 6
59 10 9
59 15 14
59 23 22
59 22 21
59 21 19
59 21 20
59 28 27
59 30 29
59 33 32
60 33 32
60 32 24
60 24 6
60 6 5
60 5 0
60 5 4
60 4 3
60 3 2
60 2 1
60 24 23
60 23 21
60 21 19
60 19 17
60 17 16
60 16 12
60 12 7
60 12 11
60 11 10
60 10 8
60 10 9
60 16 15
60 15 13
60 15 14
60 19 18
60 21 20
60 23 22
60 32 31
60 31 25
60 31 30
60 30 29
60 29 27
60 27 26
60 29 28
61 32 30
61 30 2
61 2 0
61 2 1
61 30 29
61 29 28
61 28 26
61 26 3
61 26 25
61 25 23
61 23 20
61 20 17
61 17 16
61 16 15
61 15 14
61 14 4
61 14 13
61 13 6
61 6 5
61 13 12
61 12 11
61 11 9
61 9 8
61 8 7
61 11 10
61 20 19
61 19 18
61 23 22
61 22 21
61 25 24
61 28 27
61 32 31
62 32 31
62 31 29
62 29 25
62 25 22
62 22 21
62 21 16
62 16 4
62 4 0
62 4 3
62 3 2
62 2 1
62 16 15
62 15 8
62 8 7
62 7 5
62 7 6
62 15 14
62 14 12
62 12 9
62 12 11
62 11 10
62 14 13
62 21 20
62 20 17
62 20 19
62 19 18
62 25 24
62 24 23
62 29 28
62 28 26
62 28 27
62 31 30
63 31 9
63 9 0
63 9 8
63 8 1
63 8 7
63 7 2
63 7 6
63 6 4
63 4 3
63 6 5
63 31 30
63 30 29
63 29 17
63 17 15
63 15 14
63 14 13
63 13 12
63 12 10
63 12 11
63 17 16
63 29 28
63 28 27
63 27 24
63 24 23
63 23 22
63 22 21
63 21 18
63 21 20
63 20 19
63 27 26
63 26 25
64 30 27
64 27 0
64 27 26
64 26 5
64 5 4
64 4 3
64 3 1
64 3 2
64 26 25
64 25 6
64 25 24
64 24 7
64 24 23
64 23 22
64 22 21
64 21 20
64 20 17
64 17 12
64 12 8
64 12 11
64 11 10
64 10 9
64 17 16
64 16 14
64 14 13
64 16 15
64 20 19
64 19 18
64 30 29
64 29 28
65 34 33
65 33 28
65 28 0
65 28 27
65 27 26
65 26 25
65 25 24
65 24 3
65 3 2
65 2 1
65 24 23
65 23 12
65 12 11
65 11 4
65 11 10
65 10 7
65 7 6
65 6 5
65 10 9
65 9 8
65 23 22
65 22 20
65 20 18
65 18 16
65 16 15
65 15 13
65 15 14
65 18 17
65 20 19
65 22 21
65 33 32
65 32 31
65 31 29
65 31 30
66 33 32
66 32 31
66 31 27
66 27 26
66 26 0
66 26 25
66 25 1
66 25 24
66 24 3
66 3 2
66 24 23
66 23 5
66 5 4
66 23 22
66 22 21
66 21 15
66 15 6
66 15 14
66 14 9
66 9 7
66 9 8
66 14 13
66 13 10
66 13 12
66 12 11
66 21 20
66 20 18
66 18 17
66 17 16
66 20 19
66 31 30
66 30 28
66 30 29
67 30 0
67 30 29
67 29 11
67 11 10
67 10 1
67 10 9
67 9 8
67 8 7
67 7 6
67 6 2
67 6 5
67 5 4
67 4 3
67 29 28
67 28 27
67 27 13
67 13 12
67 27 26
67 26 16
67 16 15
67 15 14
67 26 25
67 25 20
67 20 18
67 18 17
67 20 19
67 25 24
67 24 23
67 23 22
67 22 21
68 32 0
68 32 31
68 31 20
68 20 5
68 5 1
68 5 4
68 4 2
68 4 3
68 20 19
68 19 18
68 18 16
68 16 15
68 15 14
68 14 6
68 14 13
68 13 11
68 11 7
68 11 10
68 10 9
68 9 8
68 13 12
68 18 17
68 31 30
68 30 21
68 30 29
68 29 26
68 26 25
68 25 23
68 23 22
68 25 24
68 29 28
68 28 27
69 31 27
69 27 26
69 26 0
69 26 25
69 25 16
69 16 2
69 2 1
69 16 15
69 15 11
69 11 4
69 4 3
69 11 10
69 10 9
69 9 5
69 9 8
69 8 6
69 8 7
69 15 14
69 14 12
69 14 13
69 25 24
69 24 20
69 20 19
69 19 17
69 19 18
69 24 23
69 23 21
69 23 22
69 31 30
69 30 29
69 29 28
70 29 28
70 28 0
70 28 27
70 27 3
70 3 2
70 2 1
70 27 26
70 26 24
70 24 22
70 22 6
70 6 5
70 5 4
70 22 21
70 21 20
70 20 19
70 19 18
70 18 13
70 13 8
70 8 7
70 13 12
70 12 9
70 12 11
70 11 10
70 18 17
70 17 16
70 16 14
70 16 15
70 24 23
70 26 25
71 32 0
71 32 31
71 31 29
71 29 2
71 2 1
71 29 28
71 28 3
71 28 27
71 27 26
71 26 21
71 21 18
71 18 17
71 17 5
71 5 4
71 17 16
71 16 15
71 15 14
71 14 10
71 10 9
71 9 6
71 9 8
71 8 7
71 14 13
71 13 12
71 12 11
71 21 20
71 20 19
71 26 25
71 25 23
71 23 22
71 25 24
71 31 30
72 32 30
72 30 24
72 24 23
72 23 20
72 20 0
72 20 19
72 19 6
72 6 5
72 5 4
72 4 3
72 3 1
72 3 2
72 19 18
72 18 17
72 17 14
72 14 8
72 8 7
72 14 13
72 13 9
72 13 12
72 12 11
72 11 10
72 17 16
72 16 15
72 23 22
72 22 21
72 30 29
72 29 25
72 29 28
72 28 26
72 28 27
72 32 31
73 29 28
73 28 7
73 7 3
73 3 2
73 2 0
73 2 1
73 7 6
73 6 5
73 5 4
73 28 27
73 27 25
73 25 8
73 25 24
73 24 23
73 23 9
73 23 22
73 22 17
73 17 15
73 15 14
73 14 12
73 12 11
73 11 10
73 14 13
73 17 16
73 22 21
73 21 20
73 20 19
73 19 18
73 27 26
74 34 0
74 34 33
74 33 32
74 32 27
74 27 26
74 26 1
74 26 25
74 25 24
74 24 2
74 24 23
74 23 3
74 23 22
74 22 21
74 21 20
74 20 4
74 20 19
74 19 18
74 18 6
74 6 5
74 18 17
74 17 16
74 16 14
74 14 13
74 13 7
74 13 12
74 12 10
74 10 8
74 10 9
74 12 11
74 16 15
74 32 31
74 31 30
74 30 28
74 30 29
75 30 29
75 29 28
75 28 9
75 9 7
75 7 1
75 1 0
75 7 6
75 6 3
75 3 2
75 6 5
75 5 4
75 9 8
75 28 27
75 27 23
75 23 22
75 22 10
75 22 21
75 21 20
75 20 11
75 20 19
75 19 18
75 18 13
75 13 12
75 18 17
75 17 16
75 16 14
75 16 15
75 27 26
75 26 24
75 26 25
76 32 31
76 31 30
76 30 14
76 14 6
76 6 4
76 4 3
76 3 1
76 1 0
76 3 2
76 6 5
76 14 13
76 13 10
76 10 9
76 9 8
76 8 7
76 13 12
76 12 11
76 30 29
76 29 28
76 28 21
76 21 20
76 20 15
76 20 19
76 19 18
76 18 16
76 18 17
76 28 27
76 27 26
76 26 24
76 24 23
76 23 22
76 26 25
77 31 30
77 30 29
77 29 24
77 24 0
77 24 23
77 23 7
77 7 6
77 6 4
77 4 3
77 3 2
77 2 1
77 6 5
77 23 22
77 22 20
77 20 8
77 20 19
77 19 18
77 18 16
77 16 14
77 14 10
77 10 9
77 14 13
77 13 11
77 13 12
77 16 15
77 18 17
77 22 21
77 29 28
77 28 25
77 28 27
77 27 26
78 29 0
78 29 28
78 28 27
78 27 26
78 26 25
78 25 1
78 25 24
78 24 2
78 24 23
78 23 20
78 20 3
78 20 19
78 19 4
78 19 18
78 18 11
78 11 10
78 10 7
78 7 5
78 7 6
78 10 9
78 9 8
78 18 17
78 17 15
78 15 14
78 14 12
78 14 13
78 17 16
78 23 22
78 22 21
79 30 7
79 7 6
79 6 5
79 5 0
79 5 4
79 4 2
79 2 1
79 4 3
79 30 29
79 29 28
79 28 25
79 25 24
79 24 21
79 21 11
79 11 9
79 9 8
79 11 10
79 21 20
79 20 19
79 19 16
79 16 12
79 16 15
79 15 13
79 15 14
79 19 18
79 18 17
79 24 23
79 23 22
79 28 27
79 27 26
80 29 1
80 1 0
80 29 28
80 28 2
80 28 27
80 27 3
80 27 26
80 26 4
80 26 25
80 25 9
80 9 6
80 6 5
80 9 8
80 8 7
80 25 24
80 24 10
80 24 23
80 23 16
80 16 11
80 16 15
80 15 12
80 15 14
80 14 13
80 23 22
80 22 21
80 21 20
80 20 19
80 19 18
80 18 17
81 29 28
81 28 20
81 20 19
81 19 18
81 18 17
81 17 16
81 16 15
81 15 14
81 14 13
81 13 3
81 3 2
81 2 1
81 1 0
81 13 12
81 12 11
81 11 6
81 6 4
81 6 5
81 11 10
81 10 8
81 8 7
81 10 9
81 28 27
81 27 21
81 27 26
81 26 22
81 26 25
81 25 24
81 24 23
82 29 28
82 28 27
82 27 26
82 26 25
82 25 22
82 22 21
82 21 9
82 9 7
82 7 6
82 6 2
82 2 0
82 2 1
82 6 5
82 5 4
82 4 3
82 9 8
82 21 20
82 20 13
82 13 12
82 12 10
82 12 11
82 20 19
82 19 18
82 18 17
82 17 16
82 16 14
82 16 15
82 25 24
82 24 23
83 33 31
83 31 30
83 30 29
83 29 28
83 28 27
83 27 1
83 1 0
83 27 26
83 26 25
83 25 24
83 24 19
83 19 18
83 18 13
83 13 2
83 13 12
83 12 4
83 4 3
83 12 11
83 11 10
83 10 8
83 8 7
83 7 5
83 7 6
83 10 9
83 18 17
83 17 16
83 16 14
83 16 15
83 24 23
83 23 22
83 22 20
83 22 21
83 33 32
84 32 1
84 1 0
84 32 31
84 31 2
84 31 30
84 30 5
84 5 4
84 4 3
84 30 29
84 29 28
84 28 26
84 26 11
84 11 10
84 10 9
84 9 7
84 7 6
84 9 8
84 26 25
84 25 13
84 13 12
84 25 24
84 24 23
84 23 22
84 22 15
84 15 14
84 22 21
84 21 20
84 20 18
84 18 16
84 18 17
84 20 19
84 28 27
85 33 22
85 22 6
85 6 0
85 6 5
85 5 4
85 4 3
85 3 2
85 2 1
85 22 21
85 21 19
85 19 18
85 18 8
85 8 7
85 18 17
85 17 11
85 11 9
85 11 10
85 17 16
85 16 15
85 15 12
85 15 14
85 14 13
85 21 20
85 33 32
85 32 23
85 32 31
85 31 24
85 31 30
85 30 29
85 29 25
85 29 28
85 28 27
85 27 26
86 32 29
86 29 3
86 3 2
86 2 1
86 1 0
86 29 28
86 28 5
86 5 4
86 28 27
86 27 7
86 7 6
86 27 26
86 26 11
86 11 9
86 9 8
86 11 10
86 26 25
86 25 19
86 19 18
86 18 12
86 18 17
86 17 13
86 17 16
86 16 14
86 16 15
86 25 24
86 24 23
86 23 22
86 22 21
86 21 20
86 32 31
86 31 30
87 29 0
87 29 28
87 28 27
87 27 24
87 24 1
87 24 23
87 23 6
87 6 2
87 6 5
87 5 4
87 4 3
87 23 22
87 22 21
87 21 7
87 21 20
87 20 19
87 19 9
87 9 8
87 19 18
87 18 17
87 17 16
87 16 15
87 15 13
87 13 12
87 12 10
87 12 11
87 15 14
87 27 26
87 26 25
88 34 33
88 33 32
88 32 31
88 31 29
88 29 28
88 28 27
88 27 26
88 26 24
88 24 23
88 23 22
88 22 20
88 20 19
88 19 0
88 19 18
88 18 17
88 17 1
88 17 16
88 16 15
88 15 12
88 12 4
88 4 2
88 4 3
88 12 11
88 11 9
88 9 6
88 6 5
88 9 8
88 8 7
88 11 10
88 15 14
88 14 13
88 22 21
88 26 25
88 31 30
89 30 3
89 3 2
89 2 0
89 2 1
89 30 29
89 29 28
89 28 4
89 28 27
89 27 6
89 6 5
89 27 26
89 26 24
89 24 12
89 12 10
89 10 9
89 9 8
89 8 7
89 12 11
89 24 23
89 23 22
89 22 18
89 18 16
89 16 15
89 15 14
89 14 13
89 18 17
89 22 21
89 21 20
89 20 19
89 26 25
90 31 1
90 1 0
90 31 30
90 30 3
90 3 2
90 30 29
90 29 9
90 9 8
90 8 4
90 8 7
90 7 5
90 7 6
90 29 28
90 28 27
90 27 25
90 25 16
90 16 14
90 14 12
90 12 11
90 11 10
90 14 13
90 16 15
90 25 24
90 24 23
90 23 22
90 22 20
90 20 18
90 18 17
90 20 19
90 22 21
90 27 26
91 31 22
91 22 20
91 20 19
91 19 0
91 19 18
91 18 16
91 16 14
91 14 8
91 8 5
91 5 4
91 4 3
91 3 2
91 2 1
91 8 7
91 7 6
91 14 13
91 13 10
91 10 9
91 13 12
91 12 11
91 16 15
91 18 17
91 22 21
91 31 30
91 30 29
91 29 23
91 29 28
91 28 27
91 27 25
91 25 24
91 27 26
92 30 14
92 14 13
92 13 12
92 12 2
92 2 0
92 2 1
92 12 11
92 11 10
92 10 9
92 9 3
92 9 8
92 8 5
92 5 4
92 8 7
92 7 6
92 30 29
92 29 28
92 28 27
92 27 25
92 25 16
92 16 15
92 25 24
92 24 18
92 18 17
92 24 23
92 23 22
92 22 19
92 22 21
92 21 20
92 27 26
93 34 33
93 33 0
93 33 32
93 32 1
93 32 31
93 31 5
93 5 4
93 4 2
93 4 3
93 31 30
93 30 21
93 21 18
93 18 6
93 18 17
93 17 15
93 15 10
93 10 8
93 8 7
93 10 9
93 15 14
93 14 13
93 13 11
93 13 12
93 17 16
93 21 20
93 20 19
93 30 29
93 29 28
93 28 25
93 25 23
93 23 22
93 25 24
93 28 27
93 27 26
94 34 33
94 33 32
94 32 17
94 17 4
94 4 2
94 2 0
94 2 1
94 4 3
94 17 16
94 16 14
94 14 7
94 7 5
94 7 6
94 14 13
94 13 8
94 13 12
94 12 11
94 11 10
94 10 9
94 16 15
94 32 31
94 31 18
94 31 30
94 30 28
94 28 19
94 28 27
94 27 22
94 22 20
94 22 21
94 27 26
94 26 23
94 26 25
94 25 24
94 30 29
95 29 0
95 29 28
95 28 1
95 28 27
95 27 3
95 3 2
95 27 26
95 26 24
95 24 6
95 6 4
95 6 5
95 24 23
95 23 7
95 23 22
95 22 21
95 21 8
95 21 20
95 20 15
95 15 14
95 14 9
95 14 13
95 13 12
95 12 10
95 12 11
95 20 19
95 19 17
95 17 16
95 19 18
95 26 25
96 31 3
96 3 1
96 1 0
96 3 2
96 31 30
96 30 29
96 29 27
96 27 26
96 26 7
96 7 4
96 7 6
96 6 5
96 26 25
96 25 24
96 24 23
96 23 22
96 22 21
96 21 18
96 18 17
96 17 16
96 16 15
96 15 14
96 14 13
96 13 12
96 12 8
96 12 11
96 11 9
96 11 10
96 21 20
96 20 19
96 29 28
97 34 10
97 10 5
97 5 1
97 1 0
97 5 4
97 4 2
97 4 3
97 10 9
97 9 6
97 9 8
97 8 7
97 34 33
97 33 30
97 30 29
97 29 28
97 28 25
97 25 11
97 25 24
97 24 12
97 24 23
97 23 22
97 22 20
97 20 18
97 18 16
97 16 13
97 16 15
97 15 14
97 18 17
97 20 19
97 22 21
97 28 27
97 27 26
97 33 32
97 32 31
98 30 28
98 28 23
98 23 22
98 22 21
98 21 20
98 20 19
98 19 13
98 13 12
98 12 5
98 5 0
98 5 4
98 4 1
98 4 3
98 3 2
98 12 11
98 11 10
98 10 8
98 8 7
98 7 6
98 10 9
98 19 18
98 18 17
98 17 15
98 15 14
98 17 16
98 28 27
98 27 26
98 26 24
98 26 25
98 30 29
99 32 28
99 28 21
99 21 20
99 20 6
99 6 2
99 2 0
99 2 1
99 6 5
99 5 4
99 4 3
99 20 19
99 19 14
99 14 12
99 12 10
99 10 9
99 9 8
99 8 7
99 12 11
99 14 13
99 19 18
99 18 17
99 17 15
99 17 16
99 28 27
99 27 24
99 24 23
99 23 22
99 27 26
99 26 25
99 32 31
99 31 29
99 31 30
100 34 33
100 33 9
100 9 8
100 8 1
100 1 0
100 8 7
100 7 6
100 6 4
100 4 3
100 3 2
100 6 5
100 33 32
100 32 22
100 22 21
100 21 20
100 20 13
100 13 11
100 11 10
100 13 12
100 20 19
100 19 18
100 18 16
100 16 15
100 15 14
100 18 17
100 32 31
100 31 26
100 26 24
100 24 23
100 26 25
100 31 30
100 30 28
100 28 27
100 30 29
101 32 30
101 30 1
101 1 0
101 30 29
101 29 4
101 4 2
101 4 3
101 29 28
101 28 5
101 28 27
101 27 26
101 26 25
101 25 24
101 24 18
101 18 17
101 17 15
101 15 14
101 14 13
101 13 6
101 13 12
101 12 11
101 11 9
101 9 7
101 9 8
101 11 10
101 17 16
101 24 23
101 23 21
101 21 19
101 21 20
101 23 22
101 32 31
