1 33 24
1 24 23
1 23 22
1 22 21
1 21 20
1 20 2
1 2 1
1 1 0
1 20 19
1 19 18
1 18 17
1 17 8
1 8 3
1 8 7
1 7 6
1 6 5
1 5 4
1 17 16
1 16 15
1 15 13
1 13 12
1 12 10
1 10 9
1 12 11
1 15 14
1 33 32
1 32 28
1 28 27
1 27 25
1 27 26
1 32 31
1 31 30
1 30 29
2 32 31
2 31 27
2 27 13
2 13 12
2 12 11
2 11 10
2 10 8
2 8 6
2 6 3
2 3 2
2 2 1
2 1 0
2 6 5
2 5 4
2 8 7
2 10 9
2 27 26
2 26 24
2 24 15
2 15 14
2 24 23
2 23 21
2 21 16
2 21 20
2 20 18
2 18 17
2 20 19
2 23 22
2 26 25
2 31 30
2 30 29
2 29 28
3 32 27
3 27 26
3 26 25
3 25 8
3 8 7
3 7 0
3 7 6
3 6 1
3 6 5
3 5 3
3 3 2
3 5 4
3 25 24
3 24 23
3 23 14
3 14 12
3 12 11
3 11 10
3 10 9
3 14 13
3 23 22
3 22 15
3 22 21
3 21 18
3 18 17
3 17 16
3 21 20
3 20 19
3 32 31
3 31 30
3 30 28
3 30 29
4 31 6
4 6 0
4 6 5
4 5 1
4 5 4
4 4 2
4 4 3
4 31 30
4 30 29
4 29 7
4 29 28
4 28 8
4 28 27
4 27 16
4 16 12
4 12 11
4 11 9
4 11 10
4 16 15
4 15 13
4 15 14
4 27 26
4 26 25
4 25 23
4 23 22
4 22 20
4 20 17
4 20 19
4 19 18
4 22 21
4 25 24
5 29 1
5 1 0
5 29 28
5 28 3
5 3 2
5 28 27
5 27 22
5 22 13
5 13 12
5 12 10
5 10 8
5 8 4
5 8 7
5 7 6
5 6 5
5 10 9
5 12 11
5 22 21
5 21 20
5 20 15
5 15 14
5 20 19
5 19 16
5 19 18
5 18 17
5 27 26
5 26 24
5 24 23
5 26 25
6 30 6
6 6 5
6 5 4
6 4 3
6 3 2
6 2 0
6 2 1
6 30 29
6 29 7
6 29 28
6 28 27
6 27 26
6 26 9
6 9 8
6 26 25
6 25 23
6 23 11
6 11 10
6 23 22
6 22 21
6 21 19
6 19 18
6 18 13
6 13 12
6 18 17
6 17 16
6 16 14
6 16 15
6 21 20
6 25 24
7 31 30
7 30 28
7 28 27
7 27 26
7 26 25
7 25 23
7 23 21
7 21 0
7 21 20
7 20 17
7 17 15
7 15 13
7 13 11
7 11 3
7 3 1
7 3 2
7 11 10
7 10 9
7 9 8
7 8 4
7 8 7
7 7 6
7 6 5
7 13 12
7 15 14
7 17 16
7 20 19
7 19 18
7 23 22
7 25 24
7 30 29
8 32 31
8 31 29
8 29 28
8 28 12
8 12 11
8 11 9
8 9 7
8 7 4
8 4 1
8 1 0
8 4 3
8 3 2
8 7 6
8 6 5
8 9 8
8 11 10
8 28 27
8 27 13
8 27 26
8 26 16
8 16 15
8 15 14
8 26 25
8 25 23
8 23 18
8 18 17
8 23 22
8 22 19
8 22 21
8 21 20
8 25 24
8 31 30
9 34 2
9 2 0
9 2 1
9 34 33
9 33 32
9 32 30
9 30 21
9 21 20
9 20 18
9 18 17
9 17 16
9 16 4
9 4 3
9 16 15
9 15 14
9 14 13
9 13 11
9 11 6
9 6 5
9 11 10
9 10 8
9 8 7
9 10 9
9 13 12
9 20 19
9 30 29
9 29 27
9 27 26
9 26 25
9 25 24
9 24 22
9 24 23
9 29 28
9 32 31
10 31 26
10 26 11
10 11 10
10 10 1
10 1 0
10 10 9
10 9 4
10 4 3
10 3 2
10 9 8
10 8 6
10 6 5
10 8 7
10 26 25
10 25 22
10 22 21
10 21 18
10 18 17
10 17 13
10 13 12
10 17 16
10 16 14
10 16 15
10 21 20
10 20 19
10 25 24
10 24 23
10 31 30
10 30 27
10 30 29
10 29 28
11 29 3
11 3 0
11 3 2
11 2 1
11 29 28
11 28 27
11 27 26
11 26 15
11 15 14
11 14 13
11 13 12
11 12 11
11 11 10
11 10 9
11 9 8
11 8 4
11 8 7
11 7 5
11 7 6
11 26 25
11 25 24
11 24 19
11 19 18
11 18 16
11 18 17
11 24 23
11 23 22
11 22 20
11 22 21
12 32 30
12 30 0
12 30 29
12 29 16
12 16 15
12 15 2
12 2 1
12 15 14
12 14 12
12 12 10
12 10 9
12 9 8
12 8 3
12 8 7
12 7 5
12 5 4
12 7 6
12 12 11
12 14 13
12 29 28
12 28 20
12 20 17
12 20 19
12 19 18
12 28 27
12 27 26
12 26 25
12 25 23
12 23 21
12 23 22
12 25 24
12 32 31
13 29 28
13 28 27
13 27 4
13 4 0
13 4 3
13 3 2
13 2 1
13 27 26
13 26 24
13 24 23
13 23 14
13 14 11
13 11 8
13 8 5
13 8 7
13 7 6
13 11 10
13 10 9
13 14 13
13 13 12
13 23 22
13 22 20
13 20 18
13 18 17
13 17 16
13 16 15
13 20 19
13 22 21
13 26 25
14 29 2
14 2 0
14 2 1
14 29 28
14 28 3
14 28 27
14 27 21
14 21 20
14 20 18
14 18 17
14 17 15
14 15 4
14 15 14
14 14 12
14 12 6
14 6 5
14 12 11
14 11 9
14 9 7
14 9 8
14 11 10
14 14 13
14 17 16
14 20 19
14 27 26
14 26 25
14 25 24
14 24 22
14 24 23
15 29 27
15 27 2
15 2 0
15 2 1
15 27 26
15 26 24
15 24 7
15 7 3
15 7 6
15 6 5
15 5 4
15 24 23
15 23 11
15 11 9
15 9 8
15 11 10
15 23 22
15 22 21
15 21 20
15 20 16
15 16 15
15 15 13
15 13 12
15 15 14
15 20 19
15 19 18
15 18 17
15 26 25
15 29 28
16 30 25
16 25 3
16 3 2
16 2 1
16 1 0
16 25 24
16 24 20
16 20 19
16 19 17
16 17 16
16 16 14
16 14 13
16 13 12
16 12 11
16 11 10
16 10 9
16 9 7
16 7 5
16 5 4
16 7 6
16 9 8
16 16 15
16 19 18
16 24 23
16 23 21
16 23 22
16 30 29
16 29 26
16 29 28
16 28 27
17 31 14
17 14 12
17 12 3
17 3 0
17 3 2
17 2 1
17 12 11
17 11 10
17 10 5
17 5 4
17 10 9
17 9 8
17 8 6
17 8 7
17 14 13
17 31 30
17 30 15
17 30 29
17 29 28
17 28 16
17 28 27
17 27 26
17 26 25
17 25 24
17 24 23
17 23 22
17 22 20
17 20 19
17 19 18
17 18 17
17 22 21
18 34 4
18 4 3
18 3 1
18 1 0
18 3 2
18 34 33
18 33 9
18 9 8
18 8 7
18 7 5
18 7 6
18 33 32
18 32 31
18 31 30
18 30 15
18 15 10
18 15 14
18 14 13
18 13 12
18 12 11
18 30 29
18 29 16
18 29 28
18 28 19
18 19 17
18 19 18
18 28 27
18 27 20
18 27 26
18 26 24
18 24 23
18 23 21
18 23 22
18 26 25
19 29 2
19 2 0
19 2 1
19 29 28
19 28 24
19 24 23
19 23 22
19 22 21
19 21 18
19 18 3
19 18 17
19 17 4
19 17 16
19 16 12
19 12 7
19 7 6
19 6 5
19 12 11
19 11 9
19 9 8
19 11 10
19 16 15
19 15 13
19 15 14
19 21 20
19 20 19
19 28 27
19 27 26
19 26 25
20 29 24
20 24 4
20 4 2
20 2 0
20 2 1
20 4 3
20 24 23
20 23 13
20 13 12
20 12 10
20 10 9
20 9 8
20 8 5
20 8 7
20 7 6
20 12 11
20 23 22
20 22 18
20 18 16
20 16 15
20 15 14
20 18 17
20 22 21
20 21 19
20 21 20
20 29 28
20 28 27
20 27 26
20 26 25
21 32 23
21 23 22
21 22 21
21 21 0
21 21 20
21 20 4
21 4 3
21 3 1
21 3 2
21 20 19
21 19 16
21 16 6
21 6 5
21 16 15
21 15 14
21 14 7
21 14 13
21 13 8
21 13 12
21 12 9
21 12 11
21 11 10
21 19 18
21 18 17
21 32 31
21 31 24
21 31 30
21 30 27
21 27 25
21 27 26
21 30 29
21 29 28
22 31 30
22 30 27
22 27 26
22 26 1
22 1 0
22 26 25
22 25 2
22 25 24
22 24 23
22 23 9
22 9 7
22 7 6
22 6 5
22 5 4
22 4 3
22 9 8
22 23 22
22 22 10
22 22 21
22 21 13
22 13 12
22 12 11
22 21 20
22 20 16
22 16 15
22 15 14
22 20 19
22 19 17
22 19 18
22 30 29
22 29 28
23 32 29
23 29 0
23 29 28
23 28 27
23 27 12
23 12 10
23 10 4
23 4 2
23 2 1
23 4 3
23 10 9
23 9 8
23 8 6
23 6 5
23 8 7
23 12 11
23 27 26
23 26 19
23 19 18
23 18 16
23 16 14
23 14 13
23 16 15
23 18 17
23 26 25
23 25 20
23 25 24
23 24 21
23 24 23
23 23 22
23 32 31
23 31 30
24 34 33
24 33 32
24 32 1
24 1 0
24 32 31
24 31 30
24 30 28
24 28 17
24 17 5
24 5 4
24 4 2
24 4 3
24 17 16
24 16 12
24 12 9
24 9 6
24 9 8
24 8 7
24 12 11
24 11 10
24 16 15
24 15 13
24 15 14
24 28 27
24 27 26
24 26 19
24 19 18
24 26 25
24 25 24
24 24 23
24 23 20
24 23 22
24 22 21
24 30 29
25 34 33
25 33 32
25 32 30
25 30 29
25 29 0
25 29 28
25 28 27
25 27 26
25 26 25
25 25 1
25 25 24
25 24 23
25 23 22
25 22 21
25 21 20
25 20 3
25 3 2
25 20 19
25 19 18
25 18 17
25 17 15
25 15 11
25 11 4
25 11 10
25 10 5
25 10 9
25 9 7
25 7 6
25 9 8
25 15 14
25 14 13
25 13 12
25 17 16
25 32 31
26 29 22
26 22 21
26 21 19
26 19 18
26 18 17
26 17 16
26 16 15
26 15 2
26 2 1
26 1 0
26 15 14
26 14 3
26 14 13
26 13 7
26 7 6
26 6 4
26 6 5
26 13 12
26 12 11
26 11 9
26 9 8
26 11 10
26 21 20
26 29 28
26 28 26
26 26 24
26 24 23
26 26 25
26 28 27
27 29 28
27 28 27
27 27 19
27 19 18
27 18 17
27 17 14
27 14 0
27 14 13
27 13 10
27 10 8
27 8 1
27 8 7
27 7 2
27 7 6
27 6 3
27 6 5
27 5 4
27 10 9
27 13 12
27 12 11
27 17 16
27 16 15
27 27 26
27 26 24
27 24 23
27 23 21
27 21 20
27 23 22
27 26 25
28 34 33
28 33 3
28 3 0
28 3 2
28 2 1
28 33 32
28 32 31
28 31 30
28 30 29
28 29 28
28 28 12
28 12 11
28 11 10
28 10 9
28 9 6
28 6 4
28 6 5
28 9 8
28 8 7
28 28 27
28 27 18
28 18 17
28 17 13
28 17 16
28 16 14
28 16 15
28 27 26
28 26 20
28 20 19
28 26 25
28 25 23
28 23 22
28 22 21
28 25 24
29 34 29
29 29 28
29 28 20
29 20 16
29 16 13
29 13 12
29 12 7
29 7 6
29 6 0
29 6 5
29 5 2
29 2 1
29 5 4
29 4 3
29 12 11
29 11 9
29 9 8
29 11 10
29 16 15
29 15 14
29 20 19
29 19 17
29 19 18
29 28 27
29 27 26
29 26 25
29 25 24
29 24 22
29 22 21
29 24 23
29 34 33
29 33 32
29 32 31
29 31 30
30 30 14
30 14 12
30 12 10
30 10 7
30 7 5
30 5 4
30 4 3
30 3 1
30 1 0
30 3 2
30 7 6
30 10 9
30 9 8
30 12 11
30 14 13
30 30 29
30 29 23
30 23 19
30 19 18
30 18 16
30 16 15
30 18 17
30 23 22
30 22 21
30 21 20
30 29 28
30 28 27
30 27 26
30 26 25
30 25 24
31 33 32
31 32 18
31 18 16
31 16 15
31 15 13
31 13 12
31 12 1
31 1 0
31 12 11
31 11 9
31 9 8
31 8 6
31 6 3
31 3 2
31 6 5
31 5 4
31 8 7
31 11 10
31 15 14
31 18 17
31 32 31
31 31 19
31 31 30
31 30 29
31 29 22
31 22 21
31 21 20
31 29 28
31 28 23
31 28 27
31 27 26
31 26 24
31 26 25
32 34 33
32 33 32
32 32 31
32 31 5
32 5 4
32 4 1
32 1 0
32 4 3
32 3 2
32 31 30
32 30 6
32 30 29
32 29 28
32 28 27
32 27 24
32 24 12
32 12 10
32 10 9
32 9 7
32 9 8
32 12 11
32 24 23
32 23 14
32 14 13
32 23 22
32 22 21
32 21 19
32 19 16
32 16 15
32 19 18
32 18 17
32 21 20
32 27 26
32 26 25
33 32 19
33 19 18
33 18 16
33 16 15
33 15 11
33 11 2
33 2 1
33 1 0
33 11 10
33 10 9
33 9 3
33 9 8
33 8 7
33 7 5
33 5 4
33 7 6
33 15 14
33 14 12
33 14 13
33 18 17
33 32 31
33 31 30
33 30 28
33 28 25
33 25 21
33 21 20
33 25 24
33 24 23
33 23 22
33 28 27
33 27 26
33 30 29
34 31 0
34 31 30
34 30 29
34 29 2
34 2 1
34 29 28
34 28 22
34 22 21
34 21 20
34 20 19
34 19 5
34 5 4
34 4 3
34 19 18
34 18 6
34 18 17
34 17 16
34 16 14
34 14 12
34 12 9
34 9 8
34 8 7
34 12 11
34 11 10
34 14 13
34 16 15
34 28 27
34 27 23
34 27 26
34 26 24
34 26 25
35 32 31
35 31 28
35 28 27
35 27 21
35 21 20
35 20 2
35 2 1
35 1 0
35 20 19
35 19 3
35 19 18
35 18 17
35 17 12
35 12 9
35 9 4
35 9 8
35 8 6
35 6 5
35 8 7
35 12 11
35 11 10
35 17 16
35 16 13
35 16 15
35 15 14
35 27 26
35 26 25
35 25 22
35 25 24
35 24 23
35 31 30
35 30 29
36 34 4
36 4 3
36 3 1
36 1 0
36 3 2
36 34 33
36 33 25
36 25 23
36 23 18
36 18 6
36 6 5
36 18 17
36 17 11
36 11 10
36 10 9
36 9 8
36 8 7
36 17 16
36 16 15
36 15 14
36 14 12
36 14 13
36 23 22
36 22 20
36 20 19
36 22 21
36 25 24
36 33 32
36 32 31
36 31 30
36 30 29
36 29 26
36 29 28
36 28 27
37 31 30
37 30 5
37 5 0
37 5 4
37 4 3
37 3 1
37 3 2
37 30 29
37 29 28
37 28 27
37 27 8
37 8 6
37 8 7
37 27 26
37 26 22
37 22 9
37 22 21
37 21 12
37 12 10
37 12 11
37 21 20
37 20 15
37 15 14
37 14 13
37 20 19
37 19 16
37 19 18
37 18 17
37 26 25
37 25 23
37 25 24
38 33 25
38 25 24
38 24 23
38 23 22
38 22 13
38 13 1
38 1 0
38 13 12
38 12 2
38 12 11
38 11 10
38 10 9
38 9 7
38 7 5
38 5 3
38 5 4
38 7 6
38 9 8
38 22 21
38 21 19
38 19 18
38 18 17
38 17 14
38 17 16
38 16 15
38 21 20
38 33 32
38 32 31
38 31 30
38 30 29
38 29 26
38 29 28
38 28 27
39 30 0
39 30 29
39 29 25
39 25 17
39 17 8
39 8 7
39 7 6
39 6 4
39 4 1
39 4 3
39 3 2
39 6 5
39 17 16
39 16 15
39 15 13
39 13 12
39 12 11
39 11 10
39 10 9
39 15 14
39 25 24
39 24 23
39 23 22
39 22 20
39 20 18
39 20 19
39 22 21
39 29 28
39 28 27
39 27 26
40 33 2
40 2 1
40 1 0
40 33 32
40 32 3
40 32 31
40 31 28
40 28 17
40 17 15
40 15 14
40 14 11
40 11 5
40 5 4
40 11 10
40 10 8
40 8 6
40 8 7
40 10 9
40 14 13
40 13 12
40 17 16
40 28 27
40 27 26
40 26 24
40 24 19
40 19 18
40 24 23
40 23 21
40 21 20
40 23 22
40 26 25
40 31 30
40 30 29
41 33 0
41 33 32
41 32 7
41 7 6
41 6 5
41 5 3
41 3 2
41 2 1
41 5 4
41 32 31
41 31 27
41 27 21
41 21 19
41 19 17
41 17 9
41 9 8
41 17 16
41 16 14
41 14 10
41 14 13
41 13 11
41 13 12
41 16 15
41 19 18
41 21 20
41 27 26
41 26 25
41 25 24
41 24 23
41 23 22
41 31 30
41 30 28
41 30 29
42 29 21
42 21 20
42 20 11
42 11 10
42 10 0
42 10 9
42 9 1
42 9 8
42 8 7
42 7 2
42 7 6
42 6 5
42 5 4
42 4 3
42 20 19
42 19 18
42 18 17
42 17 12
42 17 16
42 16 14
42 14 13
42 16 15
42 29 28
42 28 27
42 27 26
42 26 25
42 25 22
42 25 24
42 24 23
43 30 22
43 22 14
43 14 13
43 13 12
43 12 0
43 12 11
43 11 6
43 6 4
43 4 3
43 3 2
43 2 1
43 6 5
43 11 10
43 10 9
43 9 8
43 8 7
43 22 21
43 21 17
43 17 16
43 16 15
43 21 20
43 20 18
43 20 19
43 30 29
43 29 27
43 27 26
43 26 25
43 25 24
43 24 23
43 29 28
44 29 19
44 19 17
44 17 2
44 2 1
44 1 0
44 17 16
44 16 13
44 13 3
44 13 12
44 12 11
44 11 4
44 11 10
44 10 6
44 6 5
44 10 9
44 9 8
44 8 7
44 16 15
44 15 14
44 19 18
44 29 28
44 28 22
44 22 20
44 22 21
44 28 27
44 27 23
44 27 26
44 26 24
44 26 25
45 33 4
45 4 2
45 2 1
45 1 0
45 4 3
45 33 32
45 32 31
45 31 23
45 23 11
45 11 10
45 10 7
45 7 5
45 7 6
45 10 9
45 9 8
45 23 22
45 22 21
45 21 20
45 20 17
45 17 16
45 16 12
45 16 15
45 15 14
45 14 13
45 20 19
45 19 18
45 31 30
45 30 27
45 27 25
45 25 24
45 27 26
45 30 29
45 29 28
46 33 32
46 32 30
46 30 28
46 28 27
46 27 0
46 27 26
46 26 22
46 22 6
46 6 5
46 5 4
46 4 2
46 2 1
46 4 3
46 22 21
46 21 7
46 21 20
46 20 18
46 18 17
46 17 8
46 17 16
46 16 15
46 15 14
46 14 11
46 11 10
46 10 9
46 14 13
46 13 12
46 20 19
46 26 25
46 25 23
46 25 24
46 30 29
46 32 31
47 33 13
47 13 11
47 11 0
47 11 10
47 10 9
47 9 8
47 8 5
47 5 4
47 4 3
47 3 1
47 3 2
47 8 7
47 7 6
47 13 12
47 33 32
47 32 31
47 31 28
47 28 22
47 22 21
47 21 16
47 16 15
47 15 14
47 21 20
47 20 19
47 19 17
47 19 18
47 28 27
47 27 25
47 25 24
47 24 23
47 27 26
47 31 30
47 30 29
48 33 31
48 31 30
48 30 29
48 29 8
48 8 0
48 8 7
48 7 6
48 6 1
48 6 5
48 5 3
48 3 2
48 5 4
48 29 28
48 28 9
48 28 27
48 27 10
48 27 26
48 26 11
48 26 25
48 25 12
48 25 24
48 24 23
48 23 14
48 14 13
48 23 22
48 22 20
48 20 16
48 16 15
48 20 19
48 19 18
48 18 17
48 22 21
48 33 32
49 31 29
49 29 0
49 29 28
49 28 5
49 5 2
49 2 1
49 5 4
49 4 3
49 28 27
49 27 7
49 7 6
49 27 26
49 26 19
49 19 18
49 18 17
49 17 13
49 13 8
49 13 12
49 12 11
49 11 10
49 10 9
49 17 16
49 16 14
49 16 15
49 26 25
49 25 24
49 24 21
49 21 20
49 24 23
49 23 22
49 31 30
50 33 32
50 32 31
50 31 24
50 24 22
50 22 14
50 14 13
50 13 12
50 12 9
50 9 0
50 9 8
50 8 7
50 7 1
50 7 6
50 6 2
50 6 5
50 5 4
50 4 3
50 12 11
50 11 10
50 22 21
50 21 20
50 20 16
50 16 15
50 20 19
50 19 17
50 19 18
50 24 23
50 31 30
50 30 27
50 27 25
50 27 26
50 30 29
50 29 28
51 32 31
51 31 0
51 31 30
51 30 29
51 29 28
51 28 27
51 27 26
51 26 25
51 25 24
51 24 22
51 22 20
51 20 18
51 18 1
51 18 17
51 17 16
51 16 3
51 3 2
51 16 15
51 15 14
51 14 13
51 13 7
51 7 6
51 6 5
51 5 4
51 13 12
51 12 10
51 10 9
51 9 8
51 12 11
51 20 19
51 22 21
51 24 23
52 31 30
52 30 27
52 27 3
52 3 1
52 1 0
52 3 2
52 27 26
52 26 24
52 24 22
52 22 20
52 20 19
52 19 15
52 15 14
52 14 10
52 10 6
52 6 5
52 5 4
52 10 9
52 9 7
52 9 8
52 14 13
52 13 12
52 12 11
52 19 18
52 18 16
52 18 17
52 22 21
52 24 23
52 26 25
52 30 29
52 29 28
53 30 23
53 23 22
53 22 20
53 20 1
53 1 0
53 20 19
53 19 15
53 15 3
53 3 2
53 15 14
53 14 9
53 9 8
53 8 7
53 7 5
53 5 4
53 7 6
53 14 13
53 13 12
53 12 10
53 12 11
53 19 18
53 18 17
53 17 16
53 22 21
53 30 29
53 29 28
53 28 24
53 28 27
53 27 25
53 27 26
54 33 6
54 6 5
54 5 0
54 5 4
54 4 3
54 3 1
54 3 2
54 33 32
54 32 10
54 10 9
54 9 7
54 9 8
54 32 31
54 31 20
54 20 19
54 19 18
54 18 17
54 17 13
54 13 12
54 12 11
54 17 16
54 16 15
54 15 14
54 31 30
54 30 29
54 29 26
54 26 21
54 26 25
54 25 24
54 24 22
54 24 23
54 29 28
54 28 27
55 30 0
55 30 29
55 29 4
55 4 1
55 4 3
55 3 2
55 29 28
55 28 27
55 27 24
55 24 23
55 23 14
55 14 13
55 13 12
55 12 10
55 10 7
55 7 6
55 6 5
55 10 9
55 9 8
55 12 11
55 23 22
55 22 21
55 21 20
55 20 17
55 17 15
55 17 16
55 20 19
55 19 18
55 27 26
55 26 25
56 31 30
56 30 29
56 29 28
56 28 26
56 26 25
56 25 2
56 2 1
56 1 0
56 25 24
56 24 14
56 14 5
56 5 3
56 5 4
56 14 13
56 13 6
56 13 12
56 12 10
56 10 9
56 9 7
56 9 8
56 12 11
56 24 23
56 23 16
56 16 15
56 23 22
56 22 21
56 21 17
56 21 20
56 20 19
56 19 18
56 28 27
57 31 21
57 21 20
57 20 19
57 19 0
57 19 18
57 18 16
57 16 15
57 15 3
57 3 1
57 3 2
57 15 14
57 14 12
57 12 11
57 11 10
57 10 7
57 7 6
57 6 5
57 5 4
57 10 9
57 9 8
57 14 13
57 18 17
57 31 30
57 30 29
57 29 23
57 23 22
57 29 28
57 28 27
57 27 25
57 25 24
57 27 26
58 29 1
58 1 0
58 29 28
58 28 22
58 22 21
58 21 19
58 19 4
58 4 3
58 3 2
58 19 18
58 18 10
58 10 9
58 9 7
58 7 5
58 7 6
58 9 8
58 18 17
58 17 15
58 15 12
58 12 11
58 15 14
58 14 13
58 17 16
58 21 20
58 28 27
58 27 23
58 27 26
58 26 25
58 25 24
59 31 30
59 30 1
59 1 0
59 30 29
59 29 28
59 28 3
59 3 2
59 28 27
59 27 6
59 6 5
59 5 4
59 27 26
59 26 25
59 25 24
59 24 8
59 8 7
59 24 23
59 23 22
59 22 21
59 21 13
59 13 12
59 12 9
59 12 11
59 11 10
59 21 20
59 20 19
59 19 18
59 18 14
59 18 17
59 17 15
59 17 16
60 29 27
60 27 26
60 26 4
60 4 1
60 1 0
60 4 3
60 3 2
60 26 25
60 25 24
60 24 18
60 18 5
60 18 17
60 17 7
60 7 6
60 17 16
60 16 9
60 9 8
60 16 15
60 15 14
60 14 13
60 13 12
60 12 10
60 12 11
60 24 23
60 23 19
60 23 22
60 22 21
60 21 20
60 29 28
61 31 29
61 29 24
61 24 23
61 23 0
61 23 22
61 22 21
61 21 20
61 20 2
61 2 1
61 20 19
61 19 11
61 11 10
61 10 8
61 8 7
61 7 3
61 7 6
61 6 4
61 6 5
61 10 9
61 19 18
61 18 17
61 17 15
61 15 14
61 14 12
61 14 13
61 17 16
61 29 28
61 28 27
61 27 26
61 26 25
61 31 30
62 33 31
62 31 29
62 29 1
62 1 0
62 29 28
62 28 26
62 26 2
62 26 25
62 25 10
62 10 8
62 8 4
62 4 3
62 8 7
62 7 5
62 7 6
62 10 9
62 25 24
62 24 23
62 23 22
62 22 11
62 22 21
62 21 20
62 20 19
62 19 13
62 13 12
62 19 18
62 18 14
62 18 17
62 17 15
62 17 16
62 28 27
62 31 30
62 33 32
63 31 26
63 26 21
63 21 18
63 18 17
63 17 16
63 16 15
63 15 2
63 2 0
63 2 1
63 15 14
63 14 3
63 14 13
63 13 11
63 11 9
63 9 4
63 9 8
63 8 6
63 6 5
63 8 7
63 11 10
63 13 12
63 21 20
63 20 19
63 26 25
63 25 22
63 25 24
63 24 23
63 31 30
63 30 27
63 30 29
63 29 28
64 29 27
64 27 0
64 27 26
64 26 1
64 26 25
64 25 24
64 24 23
64 23 5
64 5 2
64 5 4
64 4 3
64 23 22
64 22 6
64 22 21
64 21 20
64 20 19
64 19 8
64 8 7
64 19 18
64 18 16
64 16 14
64 14 11
64 11 10
64 10 9
64 14 13
64 13 12
64 16 15
64 18 17
64 29 28
65 31 30
65 30 0
65 30 29
65 29 28
65 28 9
65 9 8
65 8 7
65 7 6
65 6 4
65 4 1
65 4 3
65 3 2
65 6 5
65 28 27
65 27 26
65 26 25
65 25 23
65 23 19
65 19 18
65 18 11
65 11 10
65 18 17
65 17 14
65 14 13
65 13 12
65 17 16
65 16 15
65 23 22
65 22 21
65 21 20
65 25 24
66 34 0
66 34 33
66 33 4
66 4 3
66 3 2
66 2 1
66 33 32
66 32 22
66 22 21
66 21 20
66 20 19
66 19 11
66 11 8
66 8 6
66 6 5
66 8 7
66 11 10
66 10 9
66 19 18
66 18 13
66 13 12
66 18 17
66 17 14
66 17 16
66 16 15
66 32 31
66 31 23
66 31 30
66 30 29
66 29 28
66 28 27
66 27 24
66 27 26
66 26 25
67 33 29
67 29 28
67 28 27
67 27 26
67 26 25
67 25 24
67 24 12
67 12 11
67 11 10
67 10 0
67 10 9
67 9 7
67 7 3
67 3 2
67 2 1
67 7 6
67 6 4
67 6 5
67 9 8
67 24 23
67 23 17
67 17 16
67 16 13
67 16 15
67 15 14
67 23 22
67 22 20
67 20 19
67 19 18
67 22 21
67 33 32
67 32 31
67 31 30
68 32 0
68 32 31
68 31 3
68 3 1
68 3 2
68 31 30
68 30 5
68 5 4
68 30 29
68 29 26
68 26 25
68 25 24
68 24 9
68 9 7
68 7 6
68 9 8
68 24 23
68 23 10
68 23 22
68 22 11
68 22 21
68 21 20
68 20 17
68 17 16
68 16 15
68 15 14
68 14 12
68 14 13
68 20 19
68 19 18
68 29 28
68 28 27
69 33 27
69 27 26
69 26 24
69 24 23
69 23 1
69 1 0
69 23 22
69 22 2
69 22 21
69 21 20
69 20 19
69 19 7
69 7 4
69 4 3
69 7 6
69 6 5
69 19 18
69 18 8
69 18 17
69 17 16
69 16 11
69 11 9
69 11 10
69 16 15
69 15 13
69 13 12
69 15 14
69 26 25
69 33 32
69 32 31
69 31 30
69 30 28
69 30 29
70 31 0
70 31 30
70 30 29
70 29 19
70 19 2
70 2 1
70 19 18
70 18 11
70 11 3
70 11 10
70 10 9
70 9 5
70 5 4
70 9 8
70 8 7
70 7 6
70 18 17
70 17 15
70 15 14
70 14 12
70 14 13
70 17 16
70 29 28
70 28 20
70 28 27
70 27 25
70 25 24
70 24 23
70 23 21
70 23 22
70 27 26
71 34 0
71 34 33
71 33 31
71 31 5
71 5 4
71 4 3
71 3 1
71 3 2
71 31 30
71 30 29
71 29 6
71 29 28
71 28 8
71 8 7
71 28 27
71 27 10
71 10 9
71 27 26
71 26 25
71 25 23
71 23 19
71 19 14
71 14 12
71 12 11
71 14 13
71 19 18
71 18 17
71 17 15
71 17 16
71 23 22
71 22 20
71 22 21
71 25 24
71 33 32
72 33 23
72 23 22
72 22 3
72 3 2
72 2 1
72 1 0
72 22 21
72 21 19
72 19 18
72 18 17
72 17 6
72 6 4
72 6 5
72 17 16
72 16 11
72 11 7
72 11 10
72 10 9
72 9 8
72 16 15
72 15 13
72 13 12
72 15 14
72 21 20
72 33 32
72 32 24
72 32 31
72 31 30
72 30 29
72 29 26
72 26 25
72 29 28
72 28 27
73 31 15
73 15 14
73 14 13
73 13 0
73 13 12
73 12 11
73 11 5
73 5 2
73 2 1
73 5 4
73 4 3
73 11 10
73 10 7
73 7 6
73 10 9
73 9 8
73 31 30
73 30 19
73 19 18
73 18 17
73 17 16
73 30 29
73 29 25
73 25 24
73 24 20
73 24 23
73 23 22
73 22 21
73 29 28
73 28 26
73 28 27
74 31 25
74 25 0
74 25 24
74 24 10
74 10 5
74 5 4
74 4 3
74 3 1
74 3 2
74 10 9
74 9 6
74 9 8
74 8 7
74 24 23
74 23 14
74 14 13
74 13 12
74 12 11
74 23 22
74 22 15
74 22 21
74 21 19
74 19 18
74 18 17
74 17 16
74 21 20
74 31 30
74 30 26
74 30 29
74 29 27
74 29 28
75 33 32
75 32 12
75 12 2
75 2 1
75 1 0
75 12 11
75 11 10
75 10 4
75 4 3
75 10 9
75 9 8
75 8 6
75 6 5
75 8 7
75 32 31
75 31 29
75 29 28
75 28 27
75 27 22
75 22 20
75 20 19
75 19 13
75 19 18
75 18 16
75 16 15
75 15 14
75 18 17
75 22 21
75 27 26
75 26 24
75 24 23
75 26 25
75 31 30
76 32 31
76 31 29
76 29 0
76 29 28
76 28 14
76 14 8
76 8 7
76 7 3
76 3 1
76 3 2
76 7 6
76 6 4
76 6 5
76 14 13
76 13 12
76 12 10
76 10 9
76 12 11
76 28 27
76 27 17
76 17 15
76 17 16
76 27 26
76 26 25
76 25 24
76 24 18
76 24 23
76 23 21
76 21 20
76 20 19
76 23 22
76 31 30
77 30 1
77 1 0
77 30 29
77 29 2
77 29 28
77 28 3
77 28 27
77 27 26
77 26 24
77 24 23
77 23 13
77 13 4
77 13 12
77 12 10
77 10 5
77 10 9
77 9 7
77 7 6
77 9 8
77 12 11
77 23 22
77 22 20
77 20 18
77 18 16
77 16 15
77 15 14
77 18 17
77 20 19
77 22 21
77 26 25
78 30 0
78 30 29
78 29 1
78 29 28
78 28 2
78 28 27
78 27 25
78 25 4
78 4 3
78 25 24
78 24 23
78 23 21
78 21 19
78 19 5
78 19 18
78 18 17
78 17 6
78 17 16
78 16 15
78 15 12
78 12 10
78 10 8
78 8 7
78 10 9
78 12 11
78 15 14
78 14 13
78 21 20
78 23 22
78 27 26
79 34 29
79 29 26
79 26 25
79 25 24
79 24 0
79 24 23
79 23 22
79 22 1
79 22 21
79 21 10
79 10 7
79 7 2
79 7 6
79 6 5
79 5 4
79 4 3
79 10 9
79 9 8
79 21 20
79 20 18
79 18 16
79 16 15
79 15 14
79 14 13
79 13 11
79 13 12
79 18 17
79 20 19
79 29 28
79 28 27
79 34 33
79 33 32
79 32 31
79 31 30
80 32 13
80 13 11
80 11 9
80 9 6
80 6 0
80 6 5
80 5 2
80 2 1
80 5 4
80 4 3
80 9 8
80 8 7
80 11 10
80 13 12
80 32 31
80 31 22
80 22 21
80 21 14
80 21 20
80 20 17
80 17 15
80 17 16
80 20 19
80 19 18
80 31 30
80 30 23
80 30 29
80 29 28
80 28 27
80 27 24
80 27 26
80 26 25
81 32 31
81 31 3
81 3 2
81 2 1
81 1 0
81 31 30
81 30 29
81 29 25
81 25 24
81 24 14
81 14 7
81 7 6
81 6 4
81 6 5
81 14 13
81 13 10
81 10 9
81 9 8
81 13 12
81 12 11
81 24 23
81 23 22
81 22 21
81 21 20
81 20 19
81 19 18
81 18 17
81 17 16
81 16 15
81 29 28
81 28 27
81 27 26
82 30 5
82 5 3
82 3 2
82 2 1
82 1 0
82 5 4
82 30 29
82 29 14
82 14 6
82 14 13
82 13 12
82 12 9
82 9 7
82 9 8
82 12 11
82 11 10
82 29 28
82 28 27
82 27 24
82 24 22
82 22 16
82 16 15
82 22 21
82 21 17
82 21 20
82 20 18
82 20 19
82 24 23
82 27 26
82 26 25
83 31 9
83 9 8
83 8 7
83 7 5
83 5 2
83 2 0
83 2 1
83 5 4
83 4 3
83 7 6
83 31 30
83 30 27
83 27 25
83 25 16
83 16 15
83 15 11
83 11 10
83 15 14
83 14 13
83 13 12
83 25 24
83 24 17
83 24 23
83 23 22
83 22 21
83 21 19
83 19 18
83 21 20
83 27 26
83 30 29
83 29 28
84 30 10
84 10 7
84 7 6
84 6 5
84 5 3
84 3 1
84 1 0
84 3 2
84 5 4
84 10 9
84 9 8
84 30 29
84 29 28
84 28 27
84 27 26
84 26 16
84 16 15
84 15 14
84 14 12
84 12 11
84 14 13
84 26 25
84 25 19
84 19 18
84 18 17
84 25 24
84 24 20
84 24 23
84 23 22
84 22 21
85 32 27
85 27 25
85 25 4
85 4 2
85 2 0
85 2 1
85 4 3
85 25 24
85 24 20
85 20 5
85 20 19
85 19 18
85 18 16
85 16 15
85 15 9
85 9 8
85 8 7
85 7 6
85 15 14
85 14 13
85 13 12
85 12 11
85 11 10
85 18 17
85 24 23
85 23 21
85 23 22
85 27 26
85 32 31
85 31 29
85 29 28
85 31 30
86 32 12
86 12 0
86 12 11
86 11 5
86 5 1
86 5 4
86 4 3
86 3 2
86 11 10
86 10 9
86 9 8
86 8 7
86 7 6
86 32 31
86 31 27
86 27 14
86 14 13
86 27 26
86 26 15
86 26 25
86 25 24
86 24 22
86 22 21
86 21 19
86 19 18
86 18 16
86 18 17
86 21 20
86 24 23
86 31 30
86 30 29
86 29 28
87 30 29
87 29 28
87 28 26
87 26 5
87 5 4
87 4 3
87 3 0
87 3 2
87 2 1
87 26 25
87 25 6
87 25 24
87 24 23
87 23 8
87 8 7
87 23 22
87 22 21
87 21 9
87 21 20
87 20 16
87 16 12
87 12 10
87 12 11
87 16 15
87 15 14
87 14 13
87 20 19
87 19 18
87 18 17
87 28 27
88 34 16
88 16 7
88 7 6
88 6 0
88 6 5
88 5 1
88 5 4
88 4 3
88 3 2
88 16 15
88 15 14
88 14 11
88 11 8
88 11 10
88 10 9
88 14 13
88 13 12
88 34 33
88 33 32
88 32 17
88 32 31
88 31 30
88 30 29
88 29 23
88 23 22
88 22 19
88 19 18
88 22 21
88 21 20
88 29 28
88 28 27
88 27 26
88 26 25
88 25 24
89 32 0
89 32 31
89 31 30
89 30 28
89 28 8
89 8 7
89 7 6
89 6 5
89 5 3
89 3 1
89 3 2
89 5 4
89 28 27
89 27 26
89 26 25
89 25 24
89 24 15
89 15 9
89 15 14
89 14 13
89 13 12
89 12 10
89 12 11
89 24 23
89 23 20
89 20 19
89 19 17
89 17 16
89 19 18
89 23 22
89 22 21
89 30 29
90 31 4
90 4 0
90 4 3
90 3 1
90 3 2
90 31 30
90 30 6
90 6 5
90 30 29
90 29 10
90 10 9
90 9 8
90 8 7
90 29 28
90 28 26
90 26 12
90 12 11
90 26 25
90 25 24
90 24 23
90 23 22
90 22 19
90 19 17
90 17 15
90 15 14
90 14 13
90 17 16
90 19 18
90 22 21
90 21 20
90 28 27
91 29 28
91 28 27
91 27 0
91 27 26
91 26 23
91 23 2
91 2 1
91 23 22
91 22 21
91 21 20
91 20 3
91 20 19
91 19 18
91 18 9
91 9 8
91 8 7
91 7 4
91 7 6
91 6 5
91 18 17
91 17 16
91 16 10
91 16 15
91 15 13
91 13 12
91 12 11
91 15 14
91 26 25
91 25 24
92 29 4
92 4 2
92 2 0
92 2 1
92 4 3
92 29 28
92 28 27
92 27 26
92 26 6
92 6 5
92 26 25
92 25 19
92 19 17
92 17 8
92 8 7
92 17 16
92 16 9
92 16 15
92 15 13
92 13 11
92 11 10
92 13 12
92 15 14
92 19 18
92 25 24
92 24 23
92 23 21
92 21 20
92 23 22
93 29 0
93 29 28
93 28 27
93 27 26
93 26 25
93 25 1
93 25 24
93 24 2
93 24 23
93 23 11
93 11 10
93 10 8
93 8 7
93 7 5
93 5 3
93 5 4
93 7 6
93 10 9
93 23 22
93 22 20
93 20 12
93 20 19
93 19 18
93 18 15
93 15 14
93 14 13
93 18 17
93 17 16
93 22 21
94 29 0
94 29 28
94 28 1
94 28 27
94 27 12
94 12 4
94 4 2
94 4 3
94 12 11
94 11 10
94 10 9
94 9 8
94 8 7
94 7 6
94 6 5
94 27 26
94 26 20
94 20 13
94 20 19
94 19 18
94 18 14
94 18 17
94 17 15
94 17 16
94 26 25
94 25 23
94 23 21
94 23 22
94 25 24
95 34 33
95 33 32
95 32 5
95 5 4
95 4 3
95 3 1
95 1 0
95 3 2
95 32 31
95 31 27
95 27 23
95 23 21
95 21 18
95 18 17
95 17 16
95 16 6
95 16 15
95 15 14
95 14 12
95 12 10
95 10 9
95 9 7
95 9 8
95 12 11
95 14 13
95 21 20
95 20 19
95 23 22
95 27 26
95 26 25
95 25 24
95 31 30
95 30 28
95 30 29
96 34 31
96 31 12
96 12 11
96 11 5
96 5 3
96 3 0
96 3 2
96 2 1
96 5 4
96 11 10
96 10 9
96 9 7
96 7 6
96 9 8
96 31 30
96 30 17
96 17 13
96 17 16
96 16 15
96 15 14
96 30 29
96 29 28
96 28 27
96 27 25
96 25 20
96 20 19
96 19 18
96 25 24
96 24 21
96 24 23
96 23 22
96 27 26
96 34 33
96 33 32
97 31 30
97 30 29
97 29 25
97 25 24
97 24 23
97 23 2
97 2 1
97 1 0
97 23 22
97 22 20
97 20 5
97 5 4
97 4 3
97 20 19
97 19 13
97 13 6
97 13 12
97 12 11
97 11 10
97 10 9
97 9 8
97 8 7
97 19 18
97 18 17
97 17 15
97 15 14
97 17 16
97 22 21
97 29 28
97 28 26
97 28 27
98 33 6
98 6 5
98 5 4
98 4 3
98 3 1
98 1 0
98 3 2
98 33 32
98 32 31
98 31 30
98 30 26
98 26 7
98 26 25
98 25 24
98 24 17
98 17 15
98 15 13
98 13 9
98 9 8
98 13 12
98 12 11
98 11 10
98 15 14
98 17 16
98 24 23
98 23 22
98 22 21
98 21 19
98 19 18
98 21 20
98 30 29
98 29 28
98 28 27
99 29 26
99 26 0
99 26 25
99 25 1
99 25 24
99 24 2
99 24 23
99 23 4
99 4 3
99 23 22
99 22 15
99 15 14
99 14 13
99 13 8
99 8 7
99 7 6
99 6 5
99 13 12
99 12 10
99 10 9
99 12 11
99 22 21
99 21 19
99 19 18
99 18 16
99 18 17
99 21 20
99 29 28
99 28 27
100 33 7
100 7 5
100 5 2
100 2 0
100 2 1
100 5 4
100 4 3
100 7 6
100 33 32
100 32 29
100 29 27
100 27 26
100 26 8
100 26 25
100 25 24
100 24 18
100 18 14
100 14 13
100 13 12
100 12 9
100 12 11
100 11 10
100 18 17
100 17 16
100 16 15
100 24 23
100 23 21
100 21 20
100 20 19
100 23 22
100 29 28
100 32 31
100 31 30
101 34 3
101 3 2
101 2 1
101 1 0
101 34 33
101 33 20
101 20 4
101 20 19
101 19 18
101 18 5
101 18 17
101 17 16
101 16 6
101 16 15
101 15 14
101 14 13
101 13 9
101 9 7
101 9 8
101 13 12
101 12 10
101 12 11
101 33 32
101 32 31
101 31 27
101 27 26
101 26 25
101 25 24
101 24 22
101 22 21
101 24 23
101 31 30
101 30 29
101 29 28
