1 29 8
1 8 7
1 7 1
1 1 0
1 7 6
1 6 5
1 5 3
1 3 2
1 5 4
1 29 28
1 28 27
1 27 26
1 26 25
1 25 19
1 19 13
1 13 12
1 12 9
1 12 11
1 11 10
1 19 18
1 18 15
1 15 14
1 18 17
1 17 16
1 25 24
1 24 21
1 21 20
1 24 23
1 23 22
2 32 17
2 17 0
2 17 16
2 16 15
2 15 10
2 10 3
2 3 1
2 3 2
2 10 9
2 9 5
2 5 4
2 9 8
2 8 7
2 7 6
2 15 14
2 14 13
2 13 12
2 12 11
2 32 31
2 31 29
2 29 18
2 29 28
2 28 19
2 28 27
2 27 24
2 24 22
2 22 21
2 21 20
2 24 23
2 27 26
2 26 25
2 31 30
3 34 32
3 32 26
3 26 25
3 25 0
3 25 24
3 24 23
3 23 22
3 22 20
3 20 15
3 15 11
3 11 6
3 6 5
3 5 4
3 4 3
3 3 1
3 3 2
3 11 10
3 10 8
3 8 7
3 10 9
3 15 14
3 14 12
3 14 13
3 20 19
3 19 16
3 19 18
3 18 17
3 22 21
3 32 31
3 31 30
3 30 27
3 30 29
3 29 28
3 34 33
4 31 30
4 30 22
4 22 21
4 21 19
4 19 0
4 19 18
4 18 17
4 17 14
4 14 13
4 13 3
4 3 2
4 2 1
4 13 12
4 12 10
4 10 9
4 9 8
4 8 7
4 7 4
4 7 6
4 6 5
4 12 11
4 17 16
4 16 15
4 21 20
4 30 29
4 29 28
4 28 23
4 28 27
4 27 25
4 25 24
4 27 26
5 33 25
5 25 22
5 22 0
5 22 21
5 21 19
5 19 18
5 18 17
5 17 10
5 10 9
5 9 3
5 3 2
5 2 1
5 9 8
5 8 7
5 7 6
5 6 4
5 6 5
5 17 16
5 16 12
5 12 11
5 16 15
5 15 13
5 15 14
5 21 20
5 25 24
5 24 23
5 33 32
5 32 31
5 31 30
5 30 28
5 28 27
5 27 26
5 30 29
6 33 32
6 32 0
6 32 31
6 31 5
6 5 2
6 2 1
6 5 4
6 4 3
6 31 30
6 30 29
6 29 24
6 24 8
6 8 6
6 8 7
6 24 23
6 23 22
6 22 9
6 22 21
6 21 20
6 20 19
6 19 18
6 18 17
6 17 16
6 16 14
6 14 12
6 12 10
6 12 11
6 14 13
6 16 15
6 29 28
6 28 25
6 28 27
6 27 26
7 30 23
7 23 1
7 1 0
7 23 22
7 22 20
7 20 2
7 20 19
7 19 3
7 19 18
7 18 11
7 11 5
7 5 4
7 11 10
7 10 8
7 8 6
7 8 7
7 10 9
7 18 17
7 17 15
7 15 13
7 13 12
7 15 14
7 17 16
7 22 21
7 30 29
7 29 25
7 25 24
7 29 28
7 28 27
7 27 26
8 32 14
8 14 13
8 13 12
8 12 11
8 11 10
8 10 4
8 4 3
8 3 1
8 1 0
8 3 2
8 10 9
8 9 8
8 8 7
8 7 5
8 7 6
8 32 31
8 31 30
8 30 29
8 29 15
8 29 28
8 28 19
8 19 17
8 17 16
8 19 18
8 28 27
8 27 21
8 21 20
8 27 26
8 26 25
8 25 24
8 24 23
8 23 22
9 33 32
9 32 19
9 19 16
9 16 13
9 13 11
9 11 2
9 2 0
9 2 1
9 11 10
9 10 9
9 9 8
9 8 3
9 8 7
9 7 6
9 6 5
9 5 4
9 13 12
9 16 15
9 15 14
9 19 18
9 18 17
9 32 31
9 31 30
9 30 28
9 28 20
9 28 27
9 27 23
9 23 22
9 22 21
9 27 26
9 26 24
9 26 25
9 30 29
10 33 19
10 19 18
10 18 4
10 4 3
10 3 2
10 2 0
10 2 1
10 18 17
10 17 16
10 16 11
10 11 7
10 7 6
10 6 5
10 11 10
10 10 9
10 9 8
10 16 15
10 15 13
10 13 12
10 15 14
10 33 32
10 32 31
10 31 22
10 22 21
10 21 20
10 31 30
10 30 29
10 29 28
10 28 25
10 25 24
10 24 23
10 28 27
10 27 26
11 34 31
11 31 28
11 28 25
11 25 17
11 17 8
11 8 6
11 6 4
11 4 2
11 2 1
11 1 0
11 4 3
11 6 5
11 8 7
11 17 16
11 16 15
11 15 13
11 13 12
11 12 11
11 11 9
11 11 10
11 15 14
11 25 24
11 24 23
11 23 19
11 19 18
11 23 22
11 22 20
11 22 21
11 28 27
11 27 26
11 31 30
11 30 29
11 34 33
11 33 32
12 33 3
12 3 1
12 1 0
12 3 2
12 33 32
12 32 31
12 31 23
12 23 22
12 22 21
12 21 20
12 20 18
12 18 15
12 15 9
12 9 8
12 8 6
12 6 4
12 6 5
12 8 7
12 15 14
12 14 12
12 12 10
12 12 11
12 14 13
12 18 17
12 17 16
12 20 19
12 31 30
12 30 27
12 27 26
12 26 24
12 26 25
12 30 29
12 29 28
13 31 30
13 30 29
13 29 10
13 10 9
13 9 0
13 9 8
13 8 4
13 4 2
13 2 1
13 4 3
13 8 7
13 7 6
13 6 5
13 29 28
13 28 27
13 27 25
13 25 11
13 25 24
13 24 23
13 23 12
13 23 22
13 22 21
13 21 17
13 17 13
13 17 16
13 16 15
13 15 14
13 21 20
13 20 19
13 19 18
13 27 26
14 33 31
14 31 0
14 31 30
14 30 13
14 13 2
14 2 1
14 13 12
14 12 6
14 6 3
14 6 5
14 5 4
14 12 11
14 11 9
14 9 8
14 8 7
14 11 10
14 30 29
14 29 19
14 19 18
14 18 17
14 17 14
14 17 16
14 16 15
14 29 28
14 28 26
14 26 25
14 25 24
14 24 23
14 23 22
14 22 21
14 21 20
14 28 27
14 33 32
15 31 30
15 30 3
15 3 2
15 2 0
15 2 1
15 30 29
15 29 15
15 15 14
15 14 13
15 13 12
15 12 11
15 11 10
15 10 9
15 9 6
15 6 4
15 6 5
15 9 8
15 8 7
15 29 28
15 28 27
15 27 24
15 24 16
15 24 23
15 23 22
15 22 21
15 21 20
15 20 17
15 20 19
15 19 18
15 27 26
15 26 25
16 30 29
16 29 28
16 28 27
16 27 0
16 27 26
16 26 22
16 22 1
16 22 21
16 21 5
16 5 2
16 5 4
16 4 3
16 21 20
16 20 7
16 7 6
16 20 19
16 19 11
16 11 9
16 9 8
16 11 10
16 19 18
16 18 17
16 17 14
16 14 12
16 14 13
16 17 16
16 16 15
16 26 25
16 25 23
16 25 24
17 33 32
17 32 30
17 30 0
17 30 29
17 29 26
17 26 24
17 24 23
17 23 22
17 22 18
17 18 17
17 17 16
17 16 4
17 4 2
17 2 1
17 4 3
17 16 15
17 15 9
17 9 7
17 7 6
17 6 5
17 9 8
17 15 14
17 14 13
17 13 10
17 13 12
17 12 11
17 22 21
17 21 19
17 21 20
17 26 25
17 29 28
17 28 27
17 32 31
18 33 32
18 32 28
18 28 26
18 26 24
18 24 23
18 23 22
18 22 21
18 21 11
18 11 5
18 5 4
18 4 3
18 3 2
18 2 0
18 2 1
18 11 10
18 10 8
18 8 6
18 8 7
18 10 9
18 21 20
18 20 19
18 19 15
18 15 14
18 14 13
18 13 12
18 19 18
18 18 16
18 18 17
18 26 25
18 28 27
18 32 31
18 31 29
18 31 30
19 31 9
19 9 0
19 9 8
19 8 6
19 6 5
19 5 3
19 3 1
19 3 2
19 5 4
19 8 7
19 31 30
19 30 28
19 28 26
19 26 11
19 11 10
19 26 25
19 25 16
19 16 14
19 14 12
19 14 13
19 16 15
19 25 24
19 24 23
19 23 20
19 20 19
19 19 18
19 18 17
19 23 22
19 22 21
19 28 27
19 30 29
20 34 13
20 13 1
20 1 0
20 13 12
20 12 8
20 8 3
20 3 2
20 8 7
20 7 5
20 5 4
20 7 6
20 12 11
20 11 9
20 11 10
20 34 33
20 33 25
20 25 24
20 24 22
20 22 14
20 22 21
20 21 16
20 16 15
20 21 20
20 20 17
20 20 19
20 19 18
20 24 23
20 33 32
20 32 31
20 31 26
20 31 30
20 30 28
20 28 27
20 30 29
21 31 29
21 29 0
21 29 28
21 28 26
21 26 23
21 23 1
21 23 22
21 22 2
21 22 21
21 21 20
21 20 3
21 20 19
21 19 18
21 18 17
21 17 14
21 14 9
21 9 8
21 8 4
21 8 7
21 7 6
21 6 5
21 14 13
21 13 12
21 12 10
21 12 11
21 17 16
21 16 15
21 26 25
21 25 24
21 28 27
21 31 30
22 30 29
22 29 28
22 28 17
22 17 16
22 16 4
22 4 0
22 4 3
22 3 1
22 3 2
22 16 15
22 15 13
22 13 12
22 12 11
22 11 5
22 11 10
22 10 6
22 10 9
22 9 8
22 8 7
22 15 14
22 28 27
22 27 18
22 27 26
22 26 25
22 25 22
22 22 19
22 22 21
22 21 20
22 25 24
22 24 23
23 32 27
23 27 26
23 26 25
23 25 0
23 25 24
23 24 22
23 22 20
23 20 19
23 19 13
23 13 12
23 12 7
23 7 4
23 4 2
23 2 1
23 4 3
23 7 6
23 6 5
23 12 11
23 11 8
23 11 10
23 10 9
23 19 18
23 18 14
23 18 17
23 17 16
23 16 15
23 22 21
23 24 23
23 32 31
23 31 30
23 30 29
23 29 28
24 29 17
24 17 14
24 14 0
24 14 13
24 13 5
24 5 2
24 2 1
24 5 4
24 4 3
24 13 12
24 12 6
24 12 11
24 11 9
24 9 7
24 9 8
24 11 10
24 17 16
24 16 15
24 29 28
24 28 23
24 23 18
24 23 22
24 22 21
24 21 20
24 20 19
24 28 27
24 27 25
24 25 24
24 27 26
25 29 0
25 29 28
25 28 22
25 22 1
25 22 21
25 21 20
25 20 19
25 19 18
25 18 17
25 17 14
25 14 13
25 13 2
25 13 12
25 12 11
25 11 10
25 10 4
25 4 3
25 10 9
25 9 8
25 8 7
25 7 5
25 7 6
25 17 16
25 16 15
25 28 27
25 27 26
25 26 25
25 25 23
25 25 24
26 34 17
26 17 4
26 4 0
26 4 3
26 3 1
26 3 2
26 17 16
26 16 14
26 14 13
26 13 12
26 12 5
26 12 11
26 11 10
26 10 8
26 8 6
26 8 7
26 10 9
26 16 15
26 34 33
26 33 27
26 27 26
26 26 25
26 25 24
26 24 23
26 23 18
26 23 22
26 22 21
26 21 20
26 20 19
26 33 32
26 32 31
26 31 28
26 31 30
26 30 29
27 31 29
27 29 27
27 27 26
27 26 6
27 6 1
27 1 0
27 6 5
27 5 2
27 5 4
27 4 3
27 26 25
27 25 13
27 13 11
27 11 7
27 11 10
27 10 8
27 10 9
27 13 12
27 25 24
27 24 23
27 23 19
27 19 18
27 18 14
27 18 17
27 17 15
27 17 16
27 23 22
27 22 21
27 21 20
27 29 28
27 31 30
28 32 31
28 31 6
28 6 2
28 2 1
28 1 0
28 6 5
28 5 4
28 4 3
28 31 30
28 30 29
28 29 7
28 29 28
28 28 8
28 28 27
28 27 26
28 26 24
28 24 23
28 23 9
28 23 22
28 22 13
28 13 12
28 12 11
28 11 10
28 22 21
28 21 14
28 21 20
28 20 19
28 19 17
28 17 15
28 17 16
28 19 18
28 26 25
29 34 1
29 1 0
29 34 33
29 33 10
29 10 7
29 7 6
29 6 5
29 5 3
29 3 2
29 5 4
29 10 9
29 9 8
29 33 32
29 32 31
29 31 14
29 14 13
29 13 11
29 13 12
29 31 30
29 30 28
29 28 26
29 26 17
29 17 15
29 17 16
29 26 25
29 25 19
29 19 18
29 25 24
29 24 23
29 23 22
29 22 21
29 21 20
29 28 27
29 30 29
30 32 26
30 26 25
30 25 0
30 25 24
30 24 10
30 10 1
30 10 9
30 9 8
30 8 6
30 6 2
30 6 5
30 5 4
30 4 3
30 8 7
30 24 23
30 23 17
30 17 15
30 15 14
30 14 13
30 13 12
30 12 11
30 17 16
30 23 22
30 22 21
30 21 19
30 19 18
30 21 20
30 32 31
30 31 30
30 30 29
30 29 27
30 29 28
31 29 11
31 11 3
31 3 2
31 2 0
31 2 1
31 11 10
31 10 9
31 9 5
31 5 4
31 9 8
31 8 6
31 8 7
31 29 28
31 28 13
31 13 12
31 28 27
31 27 20
31 20 19
31 19 14
31 19 18
31 18 17
31 17 15
31 17 16
31 27 26
31 26 21
31 26 25
31 25 24
31 24 22
31 24 23
32 29 3
32 3 0
32 3 2
32 2 1
32 29 28
32 28 27
32 27 26
32 26 25
32 25 24
32 24 22
32 22 20
32 20 9
32 9 8
32 8 7
32 7 4
32 7 6
32 6 5
32 20 19
32 19 11
32 11 10
32 19 18
32 18 16
32 16 12
32 16 15
32 15 14
32 14 13
32 18 17
32 22 21
32 24 23
33 31 30
33 30 28
33 28 13
33 13 0
33 13 12
33 12 1
33 12 11
33 11 4
33 4 2
33 4 3
33 11 10
33 10 5
33 10 9
33 9 8
33 8 7
33 7 6
33 28 27
33 27 26
33 26 24
33 24 14
33 24 23
33 23 22
33 22 20
33 20 18
33 18 17
33 17 15
33 17 16
33 20 19
33 22 21
33 26 25
33 30 29
34 30 0
34 30 29
34 29 28
34 28 25
34 25 23
34 23 22
34 22 21
34 21 20
34 20 18
34 18 17
34 17 1
34 17 16
34 16 2
34 16 15
34 15 3
34 15 14
34 14 13
34 13 12
34 12 8
34 8 4
34 8 7
34 7 6
34 6 5
34 12 11
34 11 9
34 11 10
34 20 19
34 25 24
34 28 27
34 27 26
35 31 30
35 30 21
35 21 20
35 20 14
35 14 13
35 13 0
35 13 12
35 12 1
35 12 11
35 11 2
35 11 10
35 10 8
35 8 7
35 7 3
35 7 6
35 6 4
35 6 5
35 10 9
35 20 19
35 19 17
35 17 15
35 17 16
35 19 18
35 30 29
35 29 28
35 28 26
35 26 23
35 23 22
35 26 25
35 25 24
35 28 27
36 33 32
36 32 31
36 31 0
36 31 30
36 30 1
36 30 29
36 29 7
36 7 5
36 5 4
36 4 3
36 3 2
36 7 6
36 29 28
36 28 26
36 26 9
36 9 8
36 26 25
36 25 24
36 24 23
36 23 22
36 22 21
36 21 19
36 19 16
36 16 15
36 15 10
36 15 14
36 14 13
36 13 12
36 12 11
36 19 18
36 18 17
36 21 20
36 28 27
37 31 17
37 17 16
37 16 2
37 2 0
37 2 1
37 16 15
37 15 14
37 14 10
37 10 9
37 9 7
37 7 6
37 6 4
37 4 3
37 6 5
37 9 8
37 14 13
37 13 11
37 13 12
37 31 30
37 30 25
37 25 22
37 22 21
37 21 18
37 21 20
37 20 19
37 25 24
37 24 23
37 30 29
37 29 28
37 28 27
37 27 26
38 29 18
38 18 13
38 13 11
38 11 10
38 10 2
38 2 0
38 2 1
38 10 9
38 9 7
38 7 6
38 6 4
38 4 3
38 6 5
38 9 8
38 13 12
38 18 17
38 17 15
38 15 14
38 17 16
38 29 28
38 28 26
38 26 25
38 25 24
38 24 23
38 23 22
38 22 19
38 22 21
38 21 20
38 28 27
39 32 31
39 31 28
39 28 27
39 27 26
39 26 22
39 22 19
39 19 15
39 15 13
39 13 12
39 12 11
39 11 9
39 9 4
39 4 3
39 3 2
39 2 0
39 2 1
39 9 8
39 8 5
39 8 7
39 7 6
39 11 10
39 15 14
39 19 18
39 18 17
39 17 16
39 22 21
39 21 20
39 26 25
39 25 23
39 25 24
39 31 30
39 30 29
40 30 11
40 11 1
40 1 0
40 11 10
40 10 9
40 9 2
40 9 8
40 8 7
40 7 5
40 5 3
40 5 4
40 7 6
40 30 29
40 29 28
40 28 27
40 27 26
40 26 17
40 17 16
40 16 13
40 13 12
40 16 15
40 15 14
40 26 25
40 25 18
40 25 24
40 24 19
40 24 23
40 23 21
40 21 20
40 23 22
41 29 27
41 27 6
41 6 0
41 6 5
41 5 3
41 3 2
41 2 1
41 5 4
41 27 26
41 26 15
41 15 14
41 14 7
41 14 13
41 13 12
41 12 11
41 11 10
41 10 8
41 10 9
41 26 25
41 25 24
41 24 23
41 23 21
41 21 20
41 20 18
41 18 16
41 18 17
41 20 19
41 23 22
41 29 28
42 34 17
42 17 16
42 16 1
42 1 0
42 16 15
42 15 14
42 14 4
42 4 3
42 3 2
42 14 13
42 13 9
42 9 6
42 6 5
42 9 8
42 8 7
42 13 12
42 12 10
42 12 11
42 34 33
42 33 28
42 28 20
42 20 19
42 19 18
42 28 27
42 27 26
42 26 23
42 23 22
42 22 21
42 26 25
42 25 24
42 33 32
42 32 31
42 31 30
42 30 29
43 30 29
43 29 0
43 29 28
43 28 27
43 27 26
43 26 25
43 25 24
43 24 23
43 23 22
43 22 21
43 21 2
43 2 1
43 21 20
43 20 18
43 18 3
43 18 17
43 17 13
43 13 7
43 7 6
43 6 4
43 6 5
43 13 12
43 12 11
43 11 9
43 9 8
43 11 10
43 17 16
43 16 15
43 15 14
43 20 19
44 34 3
44 3 2
44 2 0
44 2 1
44 34 33
44 33 20
44 20 18
44 18 17
44 17 4
44 17 16
44 16 5
44 16 15
44 15 12
44 12 7
44 7 6
44 12 11
44 11 8
44 11 10
44 10 9
44 15 14
44 14 13
44 20 19
44 33 32
44 32 31
44 31 23
44 23 21
44 23 22
44 31 30
44 30 29
44 29 24
44 29 28
44 28 27
44 27 25
44 27 26
45 32 25
45 25 24
45 24 2
45 2 0
45 2 1
45 24 23
45 23 22
45 22 21
45 21 8
45 8 3
45 8 7
45 7 6
45 6 5
45 5 4
45 21 20
45 20 19
45 19 12
45 12 11
45 11 9
45 11 10
45 19 18
45 18 17
45 17 13
45 17 16
45 16 14
45 16 15
45 32 31
45 31 30
45 30 29
45 29 28
45 28 27
45 27 26
46 31 0
46 31 30
46 30 24
46 24 20
46 20 15
46 15 1
46 15 14
46 14 2
46 14 13
46 13 11
46 11 10
46 10 3
46 10 9
46 9 8
46 8 6
46 6 5
46 5 4
46 8 7
46 13 12
46 20 19
46 19 18
46 18 16
46 18 17
46 24 23
46 23 21
46 23 22
46 30 29
46 29 26
46 26 25
46 29 28
46 28 27
47 33 31
47 31 30
47 30 24
47 24 22
47 22 0
47 22 21
47 21 19
47 19 18
47 18 17
47 17 16
47 16 14
47 14 2
47 2 1
47 14 13
47 13 11
47 11 3
47 11 10
47 10 9
47 9 5
47 5 4
47 9 8
47 8 7
47 7 6
47 13 12
47 16 15
47 21 20
47 24 23
47 30 29
47 29 28
47 28 27
47 27 25
47 27 26
47 33 32
48 33 32
48 32 31
48 31 29
48 29 0
48 29 28
48 28 27
48 27 1
48 27 26
48 26 21
48 21 8
48 8 5
48 5 3
48 3 2
48 5 4
48 8 7
48 7 6
48 21 20
48 20 17
48 17 12
48 12 11
48 11 9
48 11 10
48 17 16
48 16 15
48 15 14
48 14 13
48 20 19
48 19 18
48 26 25
48 25 24
48 24 23
48 23 22
48 31 30
49 29 1
49 1 0
49 29 28
49 28 2
49 28 27
49 27 26
49 26 24
49 24 22
49 22 19
49 19 18
49 18 3
49 18 17
49 17 16
49 16 11
49 11 10
49 10 9
49 9 7
49 7 6
49 6 4
49 6 5
49 9 8
49 16 15
49 15 14
49 14 13
49 13 12
49 22 21
49 21 20
49 24 23
49 26 25
50 32 31
50 31 30
50 30 29
50 29 26
50 26 25
50 25 21
50 21 20
50 20 19
50 19 18
50 18 17
50 17 16
50 16 14
50 14 13
50 13 11
50 11 10
50 10 9
50 9 8
50 8 7
50 7 5
50 5 2
50 2 1
50 1 0
50 5 4
50 4 3
50 7 6
50 13 12
50 16 15
50 25 24
50 24 23
50 23 22
50 29 28
50 28 27
51 33 7
51 7 5
51 5 3
51 3 2
51 2 0
51 2 1
51 5 4
51 7 6
51 33 32
51 32 21
51 21 20
51 20 11
51 11 9
51 9 8
51 11 10
51 20 19
51 19 17
51 17 12
51 17 16
51 16 13
51 16 15
51 15 14
51 19 18
51 32 31
51 31 30
51 30 29
51 29 22
51 29 28
51 28 24
51 24 23
51 28 27
51 27 26
51 26 25
52 34 33
52 33 32
52 32 2
52 2 1
52 1 0
52 32 31
52 31 28
52 28 27
52 27 3
52 27 26
52 26 23
52 23 20
52 20 18
52 18 17
52 17 13
52 13 12
52 12 10
52 10 4
52 10 9
52 9 7
52 7 6
52 6 5
52 9 8
52 12 11
52 17 16
52 16 15
52 15 14
52 20 19
52 23 22
52 22 21
52 26 25
52 25 24
52 31 30
52 30 29
53 30 5
53 5 4
53 4 3
53 3 1
53 1 0
53 3 2
53 30 29
53 29 7
53 7 6
53 29 28
53 28 27
53 27 24
53 24 10
53 10 9
53 9 8
53 24 23
53 23 21
53 21 18
53 18 15
53 15 14
53 14 13
53 13 11
53 13 12
53 18 17
53 17 16
53 21 20
53 20 19
53 23 22
53 27 26
53 26 25
54 33 1
54 1 0
54 33 32
54 32 27
54 27 26
54 26 2
54 26 25
54 25 14
54 14 3
54 14 13
54 13 12
54 12 11
54 11 7
54 7 5
54 5 4
54 7 6
54 11 10
54 10 8
54 10 9
54 25 24
54 24 22
54 22 20
54 20 19
54 19 17
54 17 16
54 16 15
54 19 18
54 22 21
54 24 23
54 32 31
54 31 30
54 30 28
54 30 29
55 30 28
55 28 27
55 27 26
55 26 25
55 25 17
55 17 15
55 15 12
55 12 2
55 2 0
55 2 1
55 12 11
55 11 10
55 10 3
55 10 9
55 9 8
55 8 5
55 5 4
55 8 7
55 7 6
55 15 14
55 14 13
55 17 16
55 25 24
55 24 18
55 24 23
55 23 21
55 21 19
55 21 20
55 23 22
55 30 29
56 29 28
56 28 7
56 7 1
56 1 0
56 7 6
56 6 4
56 4 3
56 3 2
56 6 5
56 28 27
56 27 26
56 26 23
56 23 8
56 23 22
56 22 11
56 11 9
56 11 10
56 22 21
56 21 15
56 15 12
56 15 14
56 14 13
56 21 20
56 20 16
56 20 19
56 19 17
56 19 18
56 26 25
56 25 24
57 31 24
57 24 8
57 8 7
57 7 6
57 6 5
57 5 2
57 2 1
57 1 0
57 5 4
57 4 3
57 24 23
57 23 9
57 23 22
57 22 18
57 18 11
57 11 10
57 18 17
57 17 13
57 13 12
57 17 16
57 16 15
57 15 14
57 22 21
57 21 19
57 21 20
57 31 30
57 30 29
57 29 28
57 28 27
57 27 26
57 26 25
58 30 28
58 28 27
58 27 20
58 20 18
58 18 17
58 17 16
58 16 15
58 15 8
58 8 0
58 8 7
58 7 5
58 5 4
58 4 3
58 3 2
58 2 1
58 7 6
58 15 14
58 14 13
58 13 9
58 13 12
58 12 11
58 11 10
58 20 19
58 27 26
58 26 22
58 22 21
58 26 25
58 25 23
58 25 24
58 30 29
59 33 0
59 33 32
59 32 13
59 13 11
59 11 10
59 10 4
59 4 3
59 3 2
59 2 1
59 10 9
59 9 8
59 8 5
59 8 7
59 7 6
59 13 12
59 32 31
59 31 14
59 31 30
59 30 29
59 29 28
59 28 17
59 17 16
59 16 15
59 28 27
59 27 22
59 22 21
59 21 18
59 21 20
59 20 19
59 27 26
59 26 25
59 25 23
59 25 24
60 33 31
60 31 13
60 13 12
60 12 11
60 11 9
60 9 7
60 7 6
60 6 5
60 5 2
60 2 0
60 2 1
60 5 4
60 4 3
60 9 8
60 11 10
60 31 30
60 30 29
60 29 28
60 28 15
60 15 14
60 28 27
60 27 26
60 26 16
60 26 25
60 25 24
60 24 21
60 21 17
60 21 20
60 20 19
60 19 18
60 24 23
60 23 22
60 33 32
61 30 1
61 1 0
61 30 29
61 29 4
61 4 3
61 3 2
61 29 28
61 28 6
61 6 5
61 28 27
61 27 24
61 24 15
61 15 14
61 14 13
61 13 9
61 9 8
61 8 7
61 13 12
61 12 11
61 11 10
61 24 23
61 23 16
61 23 22
61 22 17
61 22 21
61 21 20
61 20 18
61 20 19
61 27 26
61 26 25
62 30 29
62 29 24
62 24 23
62 23 22
62 22 20
62 20 11
62 11 8
62 8 7
62 7 0
62 7 6
62 6 1
62 6 5
62 5 3
62 3 2
62 5 4
62 11 10
62 10 9
62 20 19
62 19 16
62 16 15
62 15 14
62 14 12
62 14 13
62 19 18
62 18 17
62 22 21
62 29 28
62 28 26
62 26 25
62 28 27
63 29 28
63 28 21
63 21 0
63 21 20
63 20 18
63 18 16
63 16 14
63 14 12
63 12 11
63 11 1
63 11 10
63 10 9
63 9 7
63 7 6
63 6 5
63 5 2
63 5 4
63 4 3
63 9 8
63 14 13
63 16 15
63 18 17
63 20 19
63 28 27
63 27 25
63 25 22
63 25 24
63 24 23
63 27 26
64 33 1
64 1 0
64 33 32
64 32 31
64 31 30
64 30 29
64 29 27
64 27 3
64 3 2
64 27 26
64 26 25
64 25 22
64 22 21
64 21 20
64 20 19
64 19 16
64 16 12
64 12 10
64 10 8
64 8 4
64 8 7
64 7 6
64 6 5
64 10 9
64 12 11
64 16 15
64 15 14
64 14 13
64 19 18
64 18 17
64 25 24
64 24 23
64 29 28
65 31 0
65 31 30
65 30 26
65 26 6
65 6 1
65 6 5
65 5 4
65 4 3
65 3 2
65 26 25
65 25 24
65 24 7
65 24 23
65 23 9
65 9 8
65 23 22
65 22 20
65 20 18
65 18 17
65 17 14
65 14 10
65 14 13
65 13 11
65 13 12
65 17 16
65 16 15
65 20 19
65 22 21
65 30 29
65 29 27
65 29 28
66 32 0
66 32 31
66 31 22
66 22 19
66 19 6
66 6 5
66 5 4
66 4 3
66 3 1
66 3 2
66 19 18
66 18 16
66 16 7
66 16 15
66 15 14
66 14 12
66 12 9
66 9 8
66 12 11
66 11 10
66 14 13
66 18 17
66 22 21
66 21 20
66 31 30
66 30 29
66 29 28
66 28 23
66 28 27
66 27 26
66 26 24
66 26 25
67 31 30
67 30 3
67 3 1
67 1 0
67 3 2
67 30 29
67 29 9
67 9 8
67 8 7
67 7 6
67 6 5
67 5 4
67 29 28
67 28 26
67 26 25
67 25 12
67 12 11
67 11 10
67 25 24
67 24 23
67 23 22
67 22 20
67 20 13
67 20 19
67 19 18
67 18 15
67 15 14
67 18 17
67 17 16
67 22 21
67 28 27
68 32 31
68 31 26
68 26 24
68 24 23
68 23 20
68 20 0
68 20 19
68 19 17
68 17 16
68 16 13
68 13 1
68 13 12
68 12 11
68 11 9
68 9 6
68 6 5
68 5 4
68 4 3
68 3 2
68 9 8
68 8 7
68 11 10
68 16 15
68 15 14
68 19 18
68 23 22
68 22 21
68 26 25
68 31 30
68 30 28
68 28 27
68 30 29
69 29 26
69 26 0
69 26 25
69 25 15
69 15 1
69 15 14
69 14 13
69 13 6
69 6 4
69 4 2
69 4 3
69 6 5
69 13 12
69 12 8
69 8 7
69 12 11
69 11 10
69 10 9
69 25 24
69 24 22
69 22 16
69 22 21
69 21 20
69 20 18
69 18 17
69 20 19
69 24 23
69 29 28
69 28 27
70 34 33
70 33 28
70 28 22
70 22 0
70 22 21
70 21 19
70 19 1
70 19 18
70 18 7
70 7 4
70 4 3
70 3 2
70 7 6
70 6 5
70 18 17
70 17 16
70 16 15
70 15 13
70 13 12
70 12 11
70 11 10
70 10 9
70 9 8
70 15 14
70 21 20
70 28 27
70 27 23
70 27 26
70 26 24
70 26 25
70 33 32
70 32 30
70 30 29
70 32 31
71 31 29
71 29 28
71 28 27
71 27 16
71 16 15
71 15 14
71 14 9
71 9 5
71 5 4
71 4 3
71 3 0
71 3 2
71 2 1
71 9 8
71 8 7
71 7 6
71 14 13
71 13 11
71 11 10
71 13 12
71 27 26
71 26 25
71 25 22
71 22 21
71 21 19
71 19 18
71 18 17
71 21 20
71 25 24
71 24 23
71 31 30
72 32 31
72 31 6
72 6 5
72 5 0
72 5 4
72 4 3
72 3 1
72 3 2
72 31 30
72 30 26
72 26 22
72 22 20
72 20 7
72 20 19
72 19 16
72 16 14
72 14 8
72 14 13
72 13 12
72 12 11
72 11 9
72 11 10
72 16 15
72 19 18
72 18 17
72 22 21
72 26 25
72 25 23
72 25 24
72 30 29
72 29 27
72 29 28
73 29 28
73 28 19
73 19 4
73 4 2
73 2 1
73 1 0
73 4 3
73 19 18
73 18 16
73 16 5
73 16 15
73 15 14
73 14 8
73 8 7
73 7 6
73 14 13
73 13 11
73 11 9
73 11 10
73 13 12
73 18 17
73 28 27
73 27 26
73 26 20
73 26 25
73 25 22
73 22 21
73 25 24
73 24 23
74 34 0
74 34 33
74 33 1
74 33 32
74 32 31
74 31 8
74 8 6
74 6 4
74 4 3
74 3 2
74 6 5
74 8 7
74 31 30
74 30 10
74 10 9
74 30 29
74 29 14
74 14 12
74 12 11
74 14 13
74 29 28
74 28 27
74 27 26
74 26 25
74 25 17
74 17 16
74 16 15
74 25 24
74 24 23
74 23 18
74 23 22
74 22 20
74 20 19
74 22 21
75 30 8
75 8 2
75 2 0
75 2 1
75 8 7
75 7 5
75 5 3
75 5 4
75 7 6
75 30 29
75 29 15
75 15 14
75 14 12
75 12 10
75 10 9
75 12 11
75 14 13
75 29 28
75 28 27
75 27 19
75 19 18
75 18 17
75 17 16
75 27 26
75 26 25
75 25 22
75 22 21
75 21 20
75 25 24
75 24 23
76 32 27
76 27 0
76 27 26
76 26 25
76 25 24
76 24 20
76 20 7
76 7 6
76 6 4
76 4 2
76 2 1
76 4 3
76 6 5
76 20 19
76 19 18
76 18 8
76 18 17
76 17 16
76 16 15
76 15 14
76 14 12
76 12 11
76 11 9
76 11 10
76 14 13
76 24 23
76 23 22
76 22 21
76 32 31
76 31 30
76 30 29
76 29 28
77 31 30
77 30 29
77 29 28
77 28 19
77 19 17
77 17 3
77 3 2
77 2 0
77 2 1
77 17 16
77 16 5
77 5 4
77 16 15
77 15 7
77 7 6
77 15 14
77 14 13
77 13 12
77 12 8
77 12 11
77 11 9
77 11 10
77 19 18
77 28 27
77 27 22
77 22 20
77 22 21
77 27 26
77 26 25
77 25 24
77 24 23
78 32 14
78 14 8
78 8 3
78 3 0
78 3 2
78 2 1
78 8 7
78 7 5
78 5 4
78 7 6
78 14 13
78 13 11
78 11 9
78 11 10
78 13 12
78 32 31
78 31 16
78 16 15
78 31 30
78 30 17
78 30 29
78 29 28
78 28 18
78 28 27
78 27 26
78 26 21
78 21 19
78 21 20
78 26 25
78 25 24
78 24 22
78 24 23
79 31 26
79 26 0
79 26 25
79 25 3
79 3 2
79 2 1
79 25 24
79 24 23
79 23 16
79 16 14
79 14 4
79 14 13
79 13 12
79 12 5
79 12 11
79 11 10
79 10 9
79 9 8
79 8 7
79 7 6
79 16 15
79 23 22
79 22 20
79 20 19
79 19 18
79 18 17
79 22 21
79 31 30
79 30 29
79 29 28
79 28 27
80 34 33
80 33 1
80 1 0
80 33 32
80 32 31
80 31 30
80 30 29
80 29 2
80 29 28
80 28 3
80 28 27
80 27 24
80 24 21
80 21 18
80 18 15
80 15 14
80 14 11
80 11 9
80 9 4
80 9 8
80 8 5
80 8 7
80 7 6
80 11 10
80 14 13
80 13 12
80 18 17
80 17 16
80 21 20
80 20 19
80 24 23
80 23 22
80 27 26
80 26 25
81 33 32
81 32 31
81 31 2
81 2 0
81 2 1
81 31 30
81 30 29
81 29 7
81 7 4
81 4 3
81 7 6
81 6 5
81 29 28
81 28 19
81 19 11
81 11 9
81 9 8
81 11 10
81 19 18
81 18 15
81 15 13
81 13 12
81 15 14
81 18 17
81 17 16
81 28 27
81 27 20
81 27 26
81 26 25
81 25 21
81 25 24
81 24 22
81 24 23
82 33 32
82 32 0
82 32 31
82 31 30
82 30 29
82 29 28
82 28 27
82 27 26
82 26 24
82 24 15
82 15 14
82 14 13
82 13 8
82 8 1
82 8 7
82 7 6
82 6 2
82 6 5
82 5 4
82 4 3
82 13 12
82 12 9
82 12 11
82 11 10
82 24 23
82 23 22
82 22 17
82 17 16
82 22 21
82 21 19
82 19 18
82 21 20
82 26 25
83 30 27
83 27 26
83 26 0
83 26 25
83 25 1
83 25 24
83 24 2
83 24 23
83 23 21
83 21 13
83 13 11
83 11 5
83 5 3
83 5 4
83 11 10
83 10 8
83 8 7
83 7 6
83 10 9
83 13 12
83 21 20
83 20 14
83 20 19
83 19 17
83 17 15
83 17 16
83 19 18
83 23 22
83 30 29
83 29 28
84 32 27
84 27 26
84 26 25
84 25 0
84 25 24
84 24 4
84 4 1
84 4 3
84 3 2
84 24 23
84 23 22
84 22 17
84 17 16
84 16 6
84 6 5
84 16 15
84 15 14
84 14 10
84 10 8
84 8 7
84 10 9
84 14 13
84 13 12
84 12 11
84 22 21
84 21 20
84 20 18
84 20 19
84 32 31
84 31 30
84 30 28
84 30 29
85 29 23
85 23 21
85 21 6
85 6 5
85 5 0
85 5 4
85 4 3
85 3 2
85 2 1
85 21 20
85 20 7
85 20 19
85 19 8
85 19 18
85 18 16
85 16 14
85 14 9
85 14 13
85 13 10
85 13 12
85 12 11
85 16 15
85 18 17
85 23 22
85 29 28
85 28 26
85 26 25
85 25 24
85 28 27
86 30 7
86 7 5
86 5 4
86 4 3
86 3 0
86 3 2
86 2 1
86 7 6
86 30 29
86 29 27
86 27 26
86 26 25
86 25 20
86 20 18
86 18 15
86 15 14
86 14 13
86 13 11
86 11 10
86 10 8
86 10 9
86 13 12
86 18 17
86 17 16
86 20 19
86 25 24
86 24 21
86 24 23
86 23 22
86 29 28
87 32 4
87 4 3
87 3 0
87 3 2
87 2 1
87 32 31
87 31 13
87 13 12
87 12 11
87 11 10
87 10 8
87 8 7
87 7 5
87 7 6
87 10 9
87 31 30
87 30 26
87 26 24
87 24 14
87 24 23
87 23 17
87 17 15
87 17 16
87 23 22
87 22 21
87 21 19
87 19 18
87 21 20
87 26 25
87 30 29
87 29 28
87 28 27
88 30 4
88 4 0
88 4 3
88 3 2
88 2 1
88 30 29
88 29 8
88 8 7
88 7 6
88 6 5
88 29 28
88 28 22
88 22 18
88 18 16
88 16 12
88 12 11
88 11 9
88 11 10
88 16 15
88 15 14
88 14 13
88 18 17
88 22 21
88 21 19
88 21 20
88 28 27
88 27 26
88 26 24
88 24 23
88 26 25
89 34 33
89 33 0
89 33 32
89 32 1
89 32 31
89 31 27
89 27 26
89 26 2
89 26 25
89 25 24
89 24 21
89 21 20
89 20 15
89 15 13
89 13 12
89 12 3
89 12 11
89 11 10
89 10 9
89 9 7
89 7 6
89 6 4
89 6 5
89 9 8
89 15 14
89 20 19
89 19 18
89 18 16
89 18 17
89 24 23
89 23 22
89 31 30
89 30 28
89 30 29
90 29 9
90 9 5
90 5 1
90 1 0
90 5 4
90 4 2
90 4 3
90 9 8
90 8 6
90 8 7
90 29 28
90 28 27
90 27 18
90 18 17
90 17 12
90 12 10
90 12 11
90 17 16
90 16 13
90 16 15
90 15 14
90 27 26
90 26 19
90 26 25
90 25 23
90 23 21
90 21 20
90 23 22
90 25 24
91 30 4
91 4 3
91 3 0
91 3 2
91 2 1
91 30 29
91 29 5
91 29 28
91 28 27
91 27 26
91 26 23
91 23 21
91 21 20
91 20 18
91 18 14
91 14 12
91 12 10
91 10 7
91 7 6
91 10 9
91 9 8
91 12 11
91 14 13
91 18 17
91 17 16
91 16 15
91 20 19
91 23 22
91 26 25
91 25 24
92 30 0
92 30 29
92 29 15
92 15 1
92 15 14
92 14 13
92 13 12
92 12 11
92 11 10
92 10 9
92 9 8
92 8 6
92 6 3
92 3 2
92 6 5
92 5 4
92 8 7
92 29 28
92 28 16
92 28 27
92 27 19
92 19 18
92 18 17
92 27 26
92 26 25
92 25 24
92 24 23
92 23 20
92 23 22
92 22 21
93 29 28
93 28 27
93 27 25
93 25 23
93 23 3
93 3 0
93 3 2
93 2 1
93 23 22
93 22 8
93 8 7
93 7 4
93 7 6
93 6 5
93 22 21
93 21 9
93 21 20
93 20 16
93 16 15
93 15 14
93 14 12
93 12 11
93 11 10
93 14 13
93 20 19
93 19 17
93 19 18
93 25 24
93 27 26
94 30 17
94 17 10
94 10 9
94 9 1
94 1 0
94 9 8
94 8 7
94 7 6
94 6 4
94 4 2
94 4 3
94 6 5
94 17 16
94 16 13
94 13 11
94 13 12
94 16 15
94 15 14
94 30 29
94 29 27
94 27 26
94 26 24
94 24 23
94 23 21
94 21 20
94 20 18
94 20 19
94 23 22
94 26 25
94 29 28
95 32 31
95 31 30
95 30 22
95 22 16
95 16 4
95 4 3
95 3 2
95 2 0
95 2 1
95 16 15
95 15 10
95 10 9
95 9 7
95 7 5
95 7 6
95 9 8
95 15 14
95 14 11
95 14 13
95 13 12
95 22 21
95 21 18
95 18 17
95 21 20
95 20 19
95 30 29
95 29 28
95 28 27
95 27 23
95 27 26
95 26 24
95 26 25
96 34 33
96 33 22
96 22 20
96 20 18
96 18 15
96 15 0
96 15 14
96 14 12
96 12 4
96 4 3
96 3 1
96 3 2
96 12 11
96 11 8
96 8 6
96 6 5
96 8 7
96 11 10
96 10 9
96 14 13
96 18 17
96 17 16
96 20 19
96 22 21
96 33 32
96 32 31
96 31 30
96 30 29
96 29 23
96 29 28
96 28 27
96 27 26
96 26 24
96 26 25
97 29 21
97 21 5
97 5 4
97 4 3
97 3 1
97 1 0
97 3 2
97 21 20
97 20 15
97 15 11
97 11 10
97 10 8
97 8 6
97 8 7
97 10 9
97 15 14
97 14 12
97 14 13
97 20 19
97 19 16
97 19 18
97 18 17
97 29 28
97 28 23
97 23 22
97 28 27
97 27 26
97 26 25
97 25 24
98 30 29
98 29 27
98 27 26
98 26 11
98 11 1
98 1 0
98 11 10
98 10 8
98 8 2
98 8 7
98 7 3
98 7 6
98 6 5
98 5 4
98 10 9
98 26 25
98 25 12
98 25 24
98 24 16
98 16 13
98 16 15
98 15 14
98 24 23
98 23 17
98 23 22
98 22 20
98 20 19
98 19 18
98 22 21
98 29 28
99 32 0
99 32 31
99 31 29
99 29 28
99 28 27
99 27 23
99 23 1
99 23 22
99 22 2
99 22 21
99 21 4
99 4 3
99 21 20
99 20 19
99 19 15
99 15 14
99 14 11
99 11 10
99 10 9
99 9 7
99 7 5
99 7 6
99 9 8
99 14 13
99 13 12
99 19 18
99 18 16
99 18 17
99 27 26
99 26 25
99 25 24
99 31 30
100 29 28
100 28 2
100 2 1
100 1 0
100 28 27
100 27 3
100 27 26
100 26 4
100 26 25
100 25 24
100 24 8
100 8 7
100 7 5
100 7 6
100 24 23
100 23 21
100 21 20
100 20 19
100 19 17
100 17 16
100 16 11
100 11 10
100 10 9
100 16 15
100 15 13
100 13 12
100 15 14
100 19 18
100 23 22
101 29 0
101 29 28
101 28 24
101 24 23
101 23 3
101 3 2
101 2 1
101 23 22
101 22 15
101 15 14
101 14 4
101 14 13
101 13 12
101 12 11
101 11 5
101 11 10
101 10 8
101 8 7
101 7 6
101 10 9
101 22 21
101 21 20
101 20 19
101 19 18
101 18 16
101 18 17
101 28 27
101 27 25
101 27 26
