1 31 27
1 27 25
1 25 24
1 24 1
1 1 0
1 24 23
1 23 21
1 21 4
1 4 3
1 3 2
1 21 20
1 20 18
1 18 17
1 17 15
1 15 14
1 14 5
1 14 13
1 13 10
1 10 8
1 8 6
1 8 7
1 10 9
1 13 12
1 12 11
1 17 16
1 20 19
1 23 22
1 27 26
1 31 30
1 30 28
1 30 29
2 33 2
2 2 0
2 2 1
2 33 32
2 32 31
2 31 30
2 30 29
2 29 28
2 28 27
2 27 26
2 26 25
2 25 24
2 24 23
2 23 16
2 16 15
2 15 5
2 5 3
2 5 4
2 15 14
2 14 13
2 13 9
2 9 6
2 9 8
2 8 7
2 13 12
2 12 11
2 11 10
2 23 22
2 22 21
2 21 17
2 21 20
2 20 18
2 20 19
3 34 0
3 34 33
3 33 31
3 31 30
3 30 28
3 28 27
3 27 26
3 26 1
3 26 25
3 25 24
3 24 19
3 19 2
3 19 18
3 18 13
3 13 11
3 11 10
3 10 9
3 9 8
3 8 7
3 7 6
3 6 5
3 5 3
3 5 4
3 13 12
3 18 17
3 17 14
3 17 16
3 16 15
3 24 23
3 23 20
3 23 22
3 22 21
3 30 29
3 33 32
4 34 33
4 33 32
4 32 0
4 32 31
4 31 29
4 29 27
4 27 26
4 26 22
4 22 21
4 21 20
4 20 19
4 19 18
4 18 16
4 16 14
4 14 13
4 13 1
4 13 12
4 12 9
4 9 8
4 8 7
4 7 6
4 6 5
4 5 2
4 5 4
4 4 3
4 12 11
4 11 10
4 16 15
4 18 17
4 26 25
4 25 23
4 25 24
4 29 28
4 31 30
5 34 30
5 30 29
5 29 28
5 28 27
5 27 25
5 25 24
5 24 23
5 23 22
5 22 11
5 11 8
5 8 3
5 3 2
5 2 0
5 2 1
5 8 7
5 7 6
5 6 5
5 5 4
5 11 10
5 10 9
5 22 21
5 21 20
5 20 18
5 18 16
5 16 12
5 16 15
5 15 13
5 15 14
5 18 17
5 20 19
5 27 26
5 34 33
5 33 31
5 33 32
6 32 30
6 30 1
6 1 0
6 30 29
6 29 13
6 13 5
6 5 3
6 3 2
6 5 4
6 13 12
6 12 10
6 10 8
6 8 7
6 7 6
6 10 9
6 12 11
6 29 28
6 28 27
6 27 26
6 26 16
6 16 14
6 16 15
6 26 25
6 25 19
6 19 18
6 18 17
6 25 24
6 24 22
6 22 21
6 21 20
6 24 23
6 32 31
7 32 29
7 29 28
7 28 16
7 16 15
7 15 14
7 14 5
7 5 1
7 1 0
7 5 4
7 4 2
7 4 3
7 14 13
7 13 6
7 13 12
7 12 8
7 8 7
7 12 11
7 11 10
7 10 9
7 28 27
7 27 25
7 25 17
7 25 24
7 24 19
7 19 18
7 24 23
7 23 22
7 22 20
7 22 21
7 27 26
7 32 31
7 31 30
8 32 5
8 5 0
8 5 4
8 4 1
8 4 3
8 3 2
8 32 31
8 31 21
8 21 20
8 20 18
8 18 6
8 18 17
8 17 16
8 16 15
8 15 13
8 13 12
8 12 10
8 10 9
8 9 7
8 9 8
8 12 11
8 15 14
8 20 19
8 31 30
8 30 23
8 23 22
8 30 29
8 29 24
8 29 28
8 28 27
8 27 25
8 27 26
9 32 30
9 30 12
9 12 7
9 7 0
9 7 6
9 6 5
9 5 4
9 4 2
9 2 1
9 4 3
9 12 11
9 11 10
9 10 9
9 9 8
9 30 29
9 29 13
9 29 28
9 28 14
9 28 27
9 27 15
9 27 26
9 26 24
9 24 23
9 23 18
9 18 16
9 18 17
9 23 22
9 22 21
9 21 19
9 21 20
9 26 25
9 32 31
10 31 30
10 30 4
10 4 3
10 3 2
10 2 1
10 1 0
10 30 29
10 29 28
10 28 27
10 27 5
10 27 26
10 26 24
10 24 22
10 22 13
10 13 10
10 10 7
10 7 6
10 10 9
10 9 8
10 13 12
10 12 11
10 22 21
10 21 19
10 19 15
10 15 14
10 19 18
10 18 17
10 17 16
10 21 20
10 24 23
10 26 25
11 30 25
11 25 24
11 24 23
11 23 22
11 22 0
11 22 21
11 21 20
11 20 19
11 19 17
11 17 15
11 15 14
11 14 2
11 2 1
11 14 13
11 13 12
11 12 4
11 4 3
11 12 11
11 11 7
11 7 5
11 7 6
11 11 10
11 10 8
11 10 9
11 17 16
11 19 18
11 30 29
11 29 28
11 28 27
11 27 26
12 32 12
12 12 10
12 10 8
12 8 7
12 7 6
12 6 0
12 6 5
12 5 1
12 5 4
12 4 3
12 3 2
12 10 9
12 12 11
12 32 31
12 31 29
12 29 28
12 28 26
12 26 25
12 25 24
12 24 22
12 22 21
12 21 19
12 19 13
12 19 18
12 18 16
12 16 15
12 15 14
12 18 17
12 21 20
12 24 23
12 28 27
12 31 30
13 34 9
13 9 8
13 8 6
13 6 5
13 5 0
13 5 4
13 4 3
13 3 2
13 2 1
13 8 7
13 34 33
13 33 11
13 11 10
13 33 32
13 32 29
13 29 23
13 23 22
13 22 19
13 19 12
13 19 18
13 18 16
13 16 15
13 15 13
13 15 14
13 18 17
13 22 21
13 21 20
13 29 28
13 28 26
13 26 24
13 26 25
13 28 27
13 32 31
13 31 30
14 31 30
14 30 1
14 1 0
14 30 29
14 29 27
14 27 5
14 5 3
14 3 2
14 5 4
14 27 26
14 26 24
14 24 18
14 18 17
14 17 12
14 12 11
14 11 7
14 7 6
14 11 10
14 10 9
14 9 8
14 17 16
14 16 15
14 15 13
14 15 14
14 24 23
14 23 20
14 20 19
14 23 22
14 22 21
14 26 25
14 29 28
15 30 27
15 27 20
15 20 19
15 19 18
15 18 16
15 16 12
15 12 11
15 11 9
15 9 5
15 5 4
15 4 0
15 4 3
15 3 2
15 2 1
15 9 8
15 8 6
15 8 7
15 11 10
15 16 15
15 15 14
15 14 13
15 18 17
15 27 26
15 26 22
15 22 21
15 26 25
15 25 24
15 24 23
15 30 29
15 29 28
16 29 28
16 28 26
16 26 20
16 20 0
16 20 19
16 19 18
16 18 12
16 12 10
16 10 3
16 3 2
16 2 1
16 10 9
16 9 4
16 9 8
16 8 5
16 8 7
16 7 6
16 12 11
16 18 17
16 17 16
16 16 15
16 15 14
16 14 13
16 26 25
16 25 24
16 24 23
16 23 22
16 22 21
16 28 27
17 34 33
17 33 6
17 6 5
17 5 3
17 3 2
17 2 1
17 1 0
17 5 4
17 33 32
17 32 31
17 31 29
17 29 28
17 28 27
17 27 26
17 26 25
17 25 23
17 23 17
17 17 11
17 11 7
17 11 10
17 10 8
17 10 9
17 17 16
17 16 13
17 13 12
17 16 15
17 15 14
17 23 22
17 22 21
17 21 18
17 21 20
17 20 19
17 25 24
17 31 30
18 30 0
18 30 29
18 29 28
18 28 27
18 27 25
18 25 24
18 24 6
18 6 3
18 3 2
18 2 1
18 6 5
18 5 4
18 24 23
18 23 22
18 22 20
18 20 19
18 19 17
18 17 16
18 16 7
18 16 15
18 15 8
18 15 14
18 14 12
18 12 11
18 11 10
18 10 9
18 14 13
18 19 18
18 22 21
18 27 26
19 29 28
19 28 3
19 3 2
19 2 0
19 2 1
19 28 27
19 27 26
19 26 23
19 23 5
19 5 4
19 23 22
19 22 7
19 7 6
19 22 21
19 21 18
19 18 17
19 17 15
19 15 14
19 14 8
19 14 13
19 13 12
19 12 11
19 11 10
19 10 9
19 17 16
19 21 20
19 20 19
19 26 25
19 25 24
20 30 23
20 23 0
20 23 22
20 22 21
20 21 19
20 19 10
20 10 1
20 10 9
20 9 2
20 9 8
20 8 3
20 8 7
20 7 5
20 5 4
20 7 6
20 19 18
20 18 17
20 17 11
20 17 16
20 16 13
20 13 12
20 16 15
20 15 14
20 21 20
20 30 29
20 29 28
20 28 26
20 26 25
20 25 24
20 28 27
21 32 31
21 31 28
21 28 2
21 2 0
21 2 1
21 28 27
21 27 26
21 26 5
21 5 4
21 4 3
21 26 25
21 25 24
21 24 23
21 23 6
21 23 22
21 22 21
21 21 20
21 20 19
21 19 18
21 18 17
21 17 8
21 8 7
21 17 16
21 16 15
21 15 13
21 13 12
21 12 9
21 12 11
21 11 10
21 15 14
21 31 30
21 30 29
22 33 24
22 24 23
22 23 22
22 22 16
22 16 15
22 15 13
22 13 8
22 8 6
22 6 2
22 2 1
22 1 0
22 6 5
22 5 3
22 5 4
22 8 7
22 13 12
22 12 9
22 12 11
22 11 10
22 15 14
22 22 21
22 21 19
22 19 17
22 19 18
22 21 20
22 33 32
22 32 28
22 28 27
22 27 25
22 27 26
22 32 31
22 31 29
22 31 30
23 30 0
23 30 29
23 29 24
23 24 7
23 7 6
23 6 3
23 3 1
23 3 2
23 6 5
23 5 4
23 24 23
23 23 22
23 22 20
23 20 10
23 10 8
23 10 9
23 20 19
23 19 13
23 13 11
23 13 12
23 19 18
23 18 14
23 18 17
23 17 16
23 16 15
23 22 21
23 29 28
23 28 25
23 28 27
23 27 26
24 33 32
24 32 28
24 28 27
24 27 18
24 18 17
24 17 0
24 17 16
24 16 15
24 15 14
24 14 13
24 13 12
24 12 4
24 4 2
24 2 1
24 4 3
24 12 11
24 11 10
24 10 8
24 8 5
24 8 7
24 7 6
24 10 9
24 27 26
24 26 19
24 26 25
24 25 22
24 22 21
24 21 20
24 25 24
24 24 23
24 32 31
24 31 29
24 31 30
25 32 31
25 31 12
25 12 11
25 11 9
25 9 0
25 9 8
25 8 7
25 7 5
25 5 4
25 4 3
25 3 1
25 3 2
25 7 6
25 11 10
25 31 30
25 30 29
25 29 28
25 28 22
25 22 14
25 14 13
25 22 21
25 21 20
25 20 19
25 19 15
25 19 18
25 18 16
25 18 17
25 28 27
25 27 26
25 26 23
25 26 25
25 25 24
26 33 32
26 32 31
26 31 29
26 29 24
26 24 4
26 4 3
26 3 1
26 1 0
26 3 2
26 24 23
26 23 5
26 23 22
26 22 20
26 20 19
26 19 12
26 12 8
26 8 6
26 8 7
26 12 11
26 11 9
26 11 10
26 19 18
26 18 17
26 17 14
26 14 13
26 17 16
26 16 15
26 22 21
26 29 28
26 28 27
26 27 26
26 26 25
26 31 30
27 31 30
27 30 29
27 29 2
27 2 1
27 1 0
27 29 28
27 28 5
27 5 4
27 4 3
27 28 27
27 27 26
27 26 8
27 8 7
27 7 6
27 26 25
27 25 23
27 23 15
27 15 13
27 13 12
27 12 11
27 11 10
27 10 9
27 15 14
27 23 22
27 22 16
27 22 21
27 21 20
27 20 19
27 19 18
27 18 17
27 25 24
28 34 17
28 17 0
28 17 16
28 16 4
28 4 2
28 2 1
28 4 3
28 16 15
28 15 12
28 12 11
28 11 10
28 10 5
28 10 9
28 9 8
28 8 7
28 7 6
28 15 14
28 14 13
28 34 33
28 33 31
28 31 18
28 31 30
28 30 28
28 28 27
28 27 26
28 26 25
28 25 22
28 22 21
28 21 20
28 20 19
28 25 24
28 24 23
28 30 29
28 33 32
29 33 32
29 32 31
29 31 30
29 30 12
29 12 11
29 11 5
29 5 3
29 3 2
29 2 0
29 2 1
29 5 4
29 11 10
29 10 6
29 10 9
29 9 8
29 8 7
29 30 29
29 29 28
29 28 18
29 18 16
29 16 14
29 14 13
29 16 15
29 18 17
29 28 27
29 27 26
29 26 19
29 26 25
29 25 23
29 23 22
29 22 21
29 21 20
29 25 24
30 31 9
30 9 8
30 8 6
30 6 2
30 2 1
30 1 0
30 6 5
30 5 3
30 5 4
30 8 7
30 31 30
30 30 29
30 29 10
30 29 28
30 28 27
30 27 26
30 26 25
30 25 23
30 23 22
30 22 11
30 22 21
30 21 20
30 20 15
30 15 12
30 15 14
30 14 13
30 20 19
30 19 18
30 18 16
30 18 17
30 25 24
31 29 2
31 2 1
31 1 0
31 29 28
31 28 5
31 5 4
31 4 3
31 28 27
31 27 26
31 26 23
31 23 22
31 22 21
31 21 19
31 19 17
31 17 15
31 15 9
31 9 6
31 9 8
31 8 7
31 15 14
31 14 12
31 12 10
31 12 11
31 14 13
31 17 16
31 19 18
31 21 20
31 26 25
31 25 24
32 33 23
32 23 1
32 1 0
32 23 22
32 22 3
32 3 2
32 22 21
32 21 16
32 16 15
32 15 14
32 14 5
32 5 4
32 14 13
32 13 6
32 13 12
32 12 11
32 11 9
32 9 7
32 9 8
32 11 10
32 21 20
32 20 19
32 19 17
32 19 18
32 33 32
32 32 31
32 31 29
32 29 25
32 25 24
32 29 28
32 28 26
32 28 27
32 31 30
33 30 13
33 13 5
33 5 4
33 4 0
33 4 3
33 3 1
33 3 2
33 13 12
33 12 10
33 10 8
33 8 6
33 8 7
33 10 9
33 12 11
33 30 29
33 29 22
33 22 17
33 17 14
33 17 16
33 16 15
33 22 21
33 21 19
33 19 18
33 21 20
33 29 28
33 28 23
33 28 27
33 27 26
33 26 24
33 26 25
34 34 33
34 33 32
34 32 1
34 1 0
34 32 31
34 31 3
34 3 2
34 31 30
34 30 29
34 29 8
34 8 7
34 7 4
34 7 6
34 6 5
34 29 28
34 28 24
34 24 16
34 16 15
34 15 9
34 15 14
34 14 13
34 13 11
34 11 10
34 13 12
34 24 23
34 23 20
34 20 18
34 18 17
34 20 19
34 23 22
34 22 21
34 28 27
34 27 26
34 26 25
35 32 29
35 29 26
35 26 0
35 26 25
35 25 23
35 23 21
35 21 20
35 20 5
35 5 4
35 4 3
35 3 1
35 3 2
35 20 19
35 19 18
35 18 17
35 17 14
35 14 13
35 13 11
35 11 7
35 7 6
35 11 10
35 10 9
35 9 8
35 13 12
35 17 16
35 16 15
35 23 22
35 25 24
35 29 28
35 28 27
35 32 31
35 31 30
36 30 29
36 29 27
36 27 25
36 25 24
36 24 23
36 23 11
36 11 9
36 9 6
36 6 5
36 5 4
36 4 1
36 1 0
36 4 3
36 3 2
36 9 8
36 8 7
36 11 10
36 23 22
36 22 12
36 22 21
36 21 17
36 17 13
36 17 16
36 16 15
36 15 14
36 21 20
36 20 19
36 19 18
36 27 26
36 29 28
37 33 32
37 32 10
37 10 2
37 2 1
37 1 0
37 10 9
37 9 4
37 4 3
37 9 8
37 8 7
37 7 5
37 7 6
37 32 31
37 31 30
37 30 26
37 26 16
37 16 14
37 14 13
37 13 11
37 13 12
37 16 15
37 26 25
37 25 17
37 25 24
37 24 22
37 22 19
37 19 18
37 22 21
37 21 20
37 24 23
37 30 29
37 29 28
37 28 27
38 34 33
38 33 31
38 31 30
38 30 29
38 29 25
38 25 23
38 23 22
38 22 18
38 18 17
38 17 0
38 17 16
38 16 15
38 15 12
38 12 3
38 3 2
38 2 1
38 12 11
38 11 10
38 10 9
38 9 8
38 8 7
38 7 6
38 6 5
38 5 4
38 15 14
38 14 13
38 22 21
38 21 19
38 21 20
38 25 24
38 29 28
38 28 27
38 27 26
38 33 32
39 29 28
39 28 27
39 27 25
39 25 22
39 22 21
39 21 9
39 9 1
39 1 0
39 9 8
39 8 7
39 7 2
39 7 6
39 6 5
39 5 4
39 4 3
39 21 20
39 20 15
39 15 11
39 11 10
39 15 14
39 14 13
39 13 12
39 20 19
39 19 17
39 17 16
39 19 18
39 25 24
39 24 23
39 27 26
40 31 30
40 30 29
40 29 28
40 28 27
40 27 26
40 26 2
40 2 1
40 1 0
40 26 25
40 25 24
40 24 23
40 23 22
40 22 5
40 5 3
40 5 4
40 22 21
40 21 20
40 20 6
40 20 19
40 19 18
40 18 17
40 17 15
40 15 14
40 14 13
40 13 12
40 12 11
40 11 9
40 9 7
40 9 8
40 11 10
40 17 16
41 30 26
41 26 3
41 3 0
41 3 2
41 2 1
41 26 25
41 25 8
41 8 7
41 7 5
41 5 4
41 7 6
41 25 24
41 24 22
41 22 15
41 15 14
41 14 12
41 12 10
41 10 9
41 12 11
41 14 13
41 22 21
41 21 19
41 19 18
41 18 16
41 18 17
41 21 20
41 24 23
41 30 29
41 29 27
41 29 28
42 33 32
42 32 31
42 31 13
42 13 12
42 12 11
42 11 10
42 10 9
42 9 0
42 9 8
42 8 3
42 3 1
42 3 2
42 8 7
42 7 6
42 6 4
42 6 5
42 31 30
42 30 29
42 29 28
42 28 22
42 22 21
42 21 20
42 20 18
42 18 17
42 17 16
42 16 14
42 16 15
42 20 19
42 28 27
42 27 26
42 26 23
42 26 25
42 25 24
43 33 30
43 30 29
43 29 0
43 29 28
43 28 25
43 25 1
43 25 24
43 24 15
43 15 9
43 9 8
43 8 3
43 3 2
43 8 7
43 7 4
43 7 6
43 6 5
43 15 14
43 14 10
43 14 13
43 13 11
43 13 12
43 24 23
43 23 22
43 22 16
43 22 21
43 21 19
43 19 18
43 18 17
43 21 20
43 28 27
43 27 26
43 33 32
43 32 31
44 32 31
44 31 29
44 29 24
44 24 22
44 22 20
44 20 19
44 19 18
44 18 15
44 15 14
44 14 1
44 1 0
44 14 13
44 13 5
44 5 4
44 4 2
44 4 3
44 13 12
44 12 11
44 11 9
44 9 8
44 8 6
44 8 7
44 11 10
44 18 17
44 17 16
44 22 21
44 24 23
44 29 28
44 28 25
44 28 27
44 27 26
44 31 30
45 29 28
45 28 12
45 12 11
45 11 10
45 10 9
45 9 0
45 9 8
45 8 7
45 7 3
45 3 1
45 3 2
45 7 6
45 6 5
45 5 4
45 28 27
45 27 26
45 26 24
45 24 18
45 18 14
45 14 13
45 18 17
45 17 15
45 17 16
45 24 23
45 23 19
45 23 22
45 22 21
45 21 20
45 26 25
46 33 32
46 32 30
46 30 4
46 4 2
46 2 1
46 1 0
46 4 3
46 30 29
46 29 10
46 10 9
46 9 5
46 9 8
46 8 7
46 7 6
46 29 28
46 28 14
46 14 11
46 14 13
46 13 12
46 28 27
46 27 24
46 24 23
46 23 15
46 23 22
46 22 19
46 19 16
46 19 18
46 18 17
46 22 21
46 21 20
46 27 26
46 26 25
46 32 31
47 33 32
47 32 3
47 3 2
47 2 0
47 2 1
47 32 31
47 31 29
47 29 5
47 5 4
47 29 28
47 28 18
47 18 17
47 17 11
47 11 6
47 11 10
47 10 7
47 10 9
47 9 8
47 17 16
47 16 13
47 13 12
47 16 15
47 15 14
47 28 27
47 27 22
47 22 19
47 22 21
47 21 20
47 27 26
47 26 23
47 26 25
47 25 24
47 31 30
48 31 30
48 30 3
48 3 2
48 2 1
48 1 0
48 30 29
48 29 7
48 7 6
48 6 4
48 6 5
48 29 28
48 28 13
48 13 8
48 13 12
48 12 10
48 10 9
48 12 11
48 28 27
48 27 26
48 26 17
48 17 14
48 17 16
48 16 15
48 26 25
48 25 24
48 24 18
48 24 23
48 23 20
48 20 19
48 23 22
48 22 21
49 29 2
49 2 1
49 1 0
49 29 28
49 28 27
49 27 16
49 16 13
49 13 12
49 12 3
49 12 11
49 11 4
49 11 10
49 10 9
49 9 7
49 7 5
49 7 6
49 9 8
49 16 15
49 15 14
49 27 26
49 26 25
49 25 23
49 23 21
49 21 20
49 20 19
49 19 18
49 18 17
49 23 22
49 25 24
50 32 1
50 1 0
50 32 31
50 31 30
50 30 2
50 30 29
50 29 6
50 6 5
50 5 4
50 4 3
50 29 28
50 28 17
50 17 8
50 8 7
50 17 16
50 16 14
50 14 9
50 14 13
50 13 12
50 12 11
50 11 10
50 16 15
50 28 27
50 27 26
50 26 18
50 26 25
50 25 24
50 24 23
50 23 21
50 21 19
50 21 20
50 23 22
51 34 30
51 30 27
51 27 19
51 19 18
51 18 16
51 16 14
51 14 7
51 7 4
51 4 1
51 1 0
51 4 3
51 3 2
51 7 6
51 6 5
51 14 13
51 13 12
51 12 9
51 9 8
51 12 11
51 11 10
51 16 15
51 18 17
51 27 26
51 26 25
51 25 24
51 24 23
51 23 20
51 23 22
51 22 21
51 30 29
51 29 28
51 34 33
51 33 31
51 33 32
52 29 17
52 17 16
52 16 0
52 16 15
52 15 3
52 3 2
52 2 1
52 15 14
52 14 13
52 13 8
52 8 6
52 6 4
52 6 5
52 8 7
52 13 12
52 12 9
52 12 11
52 11 10
52 29 28
52 28 20
52 20 18
52 20 19
52 28 27
52 27 26
52 26 24
52 24 21
52 24 23
52 23 22
52 26 25
53 29 27
53 27 26
53 26 24
53 24 10
53 10 3
53 3 2
53 2 1
53 1 0
53 10 9
53 9 4
53 9 8
53 8 6
53 6 5
53 8 7
53 24 23
53 23 22
53 22 15
53 15 14
53 14 13
53 13 12
53 12 11
53 22 21
53 21 20
53 20 19
53 19 17
53 17 16
53 19 18
53 26 25
53 29 28
54 34 0
54 34 33
54 33 32
54 32 10
54 10 9
54 9 2
54 2 1
54 9 8
54 8 4
54 4 3
54 8 7
54 7 5
54 7 6
54 32 31
54 31 30
54 30 26
54 26 24
54 24 13
54 13 11
54 13 12
54 24 23
54 23 22
54 22 21
54 21 15
54 15 14
54 21 20
54 20 19
54 19 18
54 18 17
54 17 16
54 26 25
54 30 29
54 29 27
54 29 28
55 29 0
55 29 28
55 28 3
55 3 1
55 3 2
55 28 27
55 27 26
55 26 4
55 26 25
55 25 24
55 24 22
55 22 8
55 8 5
55 8 7
55 7 6
55 22 21
55 21 19
55 19 11
55 11 10
55 10 9
55 19 18
55 18 17
55 17 16
55 16 13
55 13 12
55 16 15
55 15 14
55 21 20
55 24 23
56 29 26
56 26 20
56 20 19
56 19 14
56 14 0
56 14 13
56 13 12
56 12 2
56 2 1
56 12 11
56 11 3
56 11 10
56 10 9
56 9 4
56 9 8
56 8 6
56 6 5
56 8 7
56 19 18
56 18 17
56 17 15
56 17 16
56 26 25
56 25 23
56 23 21
56 23 22
56 25 24
56 29 28
56 28 27
57 30 29
57 29 28
57 28 5
57 5 2
57 2 0
57 2 1
57 5 4
57 4 3
57 28 27
57 27 7
57 7 6
57 27 26
57 26 24
57 24 23
57 23 22
57 22 16
57 16 15
57 15 14
57 14 9
57 9 8
57 14 13
57 13 12
57 12 10
57 12 11
57 22 21
57 21 20
57 20 19
57 19 17
57 19 18
57 26 25
58 33 32
58 32 28
58 28 26
58 26 25
58 25 6
58 6 0
58 6 5
58 5 4
58 4 2
58 2 1
58 4 3
58 25 24
58 24 23
58 23 22
58 22 7
58 22 21
58 21 8
58 21 20
58 20 19
58 19 9
58 19 18
58 18 17
58 17 15
58 15 11
58 11 10
58 15 14
58 14 12
58 14 13
58 17 16
58 28 27
58 32 31
58 31 29
58 31 30
59 29 24
59 24 23
59 23 22
59 22 20
59 20 19
59 19 16
59 16 1
59 1 0
59 16 15
59 15 12
59 12 11
59 11 10
59 10 3
59 3 2
59 10 9
59 9 8
59 8 6
59 6 5
59 5 4
59 8 7
59 15 14
59 14 13
59 19 18
59 18 17
59 22 21
59 29 28
59 28 27
59 27 25
59 27 26
60 31 0
60 31 30
60 30 1
60 30 29
60 29 28
60 28 14
60 14 3
60 3 2
60 14 13
60 13 4
60 13 12
60 12 10
60 10 7
60 7 5
60 7 6
60 10 9
60 9 8
60 12 11
60 28 27
60 27 26
60 26 25
60 25 24
60 24 15
60 24 23
60 23 22
60 22 21
60 21 16
60 21 20
60 20 17
60 20 19
60 19 18
61 29 0
61 29 28
61 28 7
61 7 6
61 6 5
61 5 2
61 2 1
61 5 4
61 4 3
61 28 27
61 27 26
61 26 9
61 9 8
61 26 25
61 25 16
61 16 15
61 15 14
61 14 12
61 12 11
61 11 10
61 14 13
61 25 24
61 24 20
61 20 19
61 19 17
61 19 18
61 24 23
61 23 22
61 22 21
62 32 30
62 30 4
62 4 3
62 3 2
62 2 0
62 2 1
62 30 29
62 29 23
62 23 9
62 9 5
62 9 8
62 8 7
62 7 6
62 23 22
62 22 12
62 12 11
62 11 10
62 22 21
62 21 18
62 18 16
62 16 15
62 15 13
62 15 14
62 18 17
62 21 20
62 20 19
62 29 28
62 28 27
62 27 26
62 26 25
62 25 24
62 32 31
63 31 30
63 30 29
63 29 0
63 29 28
63 28 27
63 27 25
63 25 24
63 24 22
63 22 20
63 20 19
63 19 4
63 4 2
63 2 1
63 4 3
63 19 18
63 18 15
63 15 14
63 14 12
63 12 11
63 11 10
63 10 6
63 6 5
63 10 9
63 9 7
63 9 8
63 14 13
63 18 17
63 17 16
63 22 21
63 24 23
63 27 26
64 31 30
64 30 29
64 29 28
64 28 9
64 9 8
64 8 7
64 7 6
64 6 1
64 1 0
64 6 5
64 5 4
64 4 3
64 3 2
64 28 27
64 27 10
64 27 26
64 26 25
64 25 17
64 17 16
64 16 15
64 15 11
64 15 14
64 14 13
64 13 12
64 25 24
64 24 22
64 22 18
64 22 21
64 21 20
64 20 19
64 24 23
65 33 31
65 31 0
65 31 30
65 30 1
65 30 29
65 29 28
65 28 27
65 27 2
65 27 26
65 26 3
65 26 25
65 25 24
65 24 4
65 24 23
65 23 20
65 20 10
65 10 9
65 9 5
65 9 8
65 8 6
65 8 7
65 20 19
65 19 18
65 18 13
65 13 12
65 12 11
65 18 17
65 17 16
65 16 14
65 16 15
65 23 22
65 22 21
65 33 32
66 31 30
66 30 29
66 29 25
66 25 18
66 18 3
66 3 0
66 3 2
66 2 1
66 18 17
66 17 7
66 7 4
66 7 6
66 6 5
66 17 16
66 16 8
66 16 15
66 15 9
66 15 14
66 14 13
66 13 12
66 12 11
66 11 10
66 25 24
66 24 23
66 23 21
66 21 19
66 21 20
66 23 22
66 29 28
66 28 27
66 27 26
67 31 9
67 9 8
67 8 2
67 2 0
67 2 1
67 8 7
67 7 5
67 5 4
67 4 3
67 7 6
67 31 30
67 30 28
67 28 27
67 27 24
67 24 22
67 22 18
67 18 17
67 17 16
67 16 12
67 12 11
67 11 10
67 16 15
67 15 14
67 14 13
67 22 21
67 21 19
67 21 20
67 24 23
67 27 26
67 26 25
67 30 29
68 32 0
68 32 31
68 31 29
68 29 28
68 28 1
68 28 27
68 27 24
68 24 3
68 3 2
68 24 23
68 23 22
68 22 5
68 5 4
68 22 21
68 21 20
68 20 19
68 19 18
68 18 14
68 14 11
68 11 6
68 11 10
68 10 8
68 8 7
68 10 9
68 14 13
68 13 12
68 18 17
68 17 16
68 16 15
68 27 26
68 26 25
68 31 30
69 34 15
69 15 14
69 14 13
69 13 11
69 11 10
69 10 0
69 10 9
69 9 8
69 8 7
69 7 6
69 6 5
69 5 3
69 3 1
69 3 2
69 5 4
69 13 12
69 34 33
69 33 21
69 21 19
69 19 17
69 17 16
69 19 18
69 21 20
69 33 32
69 32 29
69 29 28
69 28 27
69 27 26
69 26 22
69 26 25
69 25 23
69 25 24
69 32 31
69 31 30
70 29 27
70 27 23
70 23 22
70 22 20
70 20 17
70 17 0
70 17 16
70 16 15
70 15 13
70 13 1
70 13 12
70 12 8
70 8 7
70 7 2
70 7 6
70 6 5
70 5 3
70 5 4
70 12 11
70 11 10
70 10 9
70 15 14
70 20 19
70 19 18
70 22 21
70 27 26
70 26 25
70 25 24
70 29 28
71 33 21
71 21 0
71 21 20
71 20 19
71 19 17
71 17 12
71 12 2
71 2 1
71 12 11
71 11 9
71 9 3
71 9 8
71 8 6
71 6 5
71 5 4
71 8 7
71 11 10
71 17 16
71 16 15
71 15 13
71 15 14
71 19 18
71 33 32
71 32 31
71 31 29
71 29 27
71 27 26
71 26 23
71 23 22
71 26 25
71 25 24
71 29 28
71 31 30
72 33 32
72 32 29
72 29 25
72 25 22
72 22 1
72 1 0
72 22 21
72 21 19
72 19 5
72 5 2
72 5 4
72 4 3
72 19 18
72 18 16
72 16 12
72 12 10
72 10 9
72 9 7
72 7 6
72 9 8
72 12 11
72 16 15
72 15 14
72 14 13
72 18 17
72 21 20
72 25 24
72 24 23
72 29 28
72 28 26
72 28 27
72 32 31
72 31 30
73 30 20
73 20 18
73 18 17
73 17 16
73 16 14
73 14 3
73 3 2
73 2 1
73 1 0
73 14 13
73 13 12
73 12 11
73 11 7
73 7 6
73 6 5
73 5 4
73 11 10
73 10 8
73 10 9
73 16 15
73 20 19
73 30 29
73 29 23
73 23 21
73 23 22
73 29 28
73 28 24
73 28 27
73 27 26
73 26 25
74 30 2
74 2 1
74 1 0
74 30 29
74 29 27
74 27 3
74 27 26
74 26 25
74 25 7
74 7 4
74 7 6
74 6 5
74 25 24
74 24 23
74 23 22
74 22 20
74 20 8
74 20 19
74 19 17
74 17 15
74 15 13
74 13 10
74 10 9
74 13 12
74 12 11
74 15 14
74 17 16
74 19 18
74 22 21
74 29 28
75 33 0
75 33 32
75 32 31
75 31 30
75 30 28
75 28 1
75 28 27
75 27 26
75 26 21
75 21 20
75 20 17
75 17 7
75 7 6
75 6 5
75 5 4
75 4 2
75 4 3
75 17 16
75 16 14
75 14 12
75 12 10
75 10 9
75 9 8
75 12 11
75 14 13
75 16 15
75 20 19
75 19 18
75 26 25
75 25 22
75 25 24
75 24 23
75 30 29
76 32 31
76 31 30
76 30 19
76 19 12
76 12 0
76 12 11
76 11 10
76 10 9
76 9 8
76 8 4
76 4 3
76 3 2
76 2 1
76 8 7
76 7 5
76 7 6
76 19 18
76 18 16
76 16 14
76 14 13
76 16 15
76 18 17
76 30 29
76 29 20
76 29 28
76 28 21
76 28 27
76 27 26
76 26 25
76 25 22
76 25 24
76 24 23
77 32 1
77 1 0
77 32 31
77 31 10
77 10 9
77 9 5
77 5 2
77 5 4
77 4 3
77 9 8
77 8 6
77 8 7
77 31 30
77 30 28
77 28 24
77 24 23
77 23 22
77 22 20
77 20 19
77 19 18
77 18 11
77 18 17
77 17 16
77 16 13
77 13 12
77 16 15
77 15 14
77 22 21
77 28 27
77 27 26
77 26 25
77 30 29
78 34 32
78 32 31
78 31 3
78 3 1
78 1 0
78 3 2
78 31 30
78 30 4
78 30 29
78 29 13
78 13 12
78 12 8
78 8 6
78 6 5
78 8 7
78 12 11
78 11 10
78 10 9
78 29 28
78 28 26
78 26 18
78 18 15
78 15 14
78 18 17
78 17 16
78 26 25
78 25 23
78 23 20
78 20 19
78 23 22
78 22 21
78 25 24
78 28 27
78 34 33
79 32 23
79 23 12
79 12 10
79 10 9
79 9 7
79 7 3
79 3 1
79 1 0
79 3 2
79 7 6
79 6 4
79 6 5
79 9 8
79 12 11
79 23 22
79 22 13
79 22 21
79 21 19
79 19 18
79 18 15
79 15 14
79 18 17
79 17 16
79 21 20
79 32 31
79 31 30
79 30 29
79 29 24
79 29 28
79 28 27
79 27 26
79 26 25
80 29 22
80 22 0
80 22 21
80 21 3
80 3 1
80 3 2
80 21 20
80 20 14
80 14 11
80 11 4
80 11 10
80 10 9
80 9 6
80 6 5
80 9 8
80 8 7
80 14 13
80 13 12
80 20 19
80 19 16
80 16 15
80 19 18
80 18 17
80 29 28
80 28 25
80 25 23
80 25 24
80 28 27
80 27 26
81 30 29
81 29 24
81 24 0
81 24 23
81 23 3
81 3 1
81 3 2
81 23 22
81 22 19
81 19 17
81 17 16
81 16 11
81 11 4
81 11 10
81 10 8
81 8 6
81 6 5
81 8 7
81 10 9
81 16 15
81 15 14
81 14 12
81 14 13
81 19 18
81 22 21
81 21 20
81 29 28
81 28 27
81 27 25
81 27 26
82 31 0
82 31 30
82 30 29
82 29 1
82 29 28
82 28 26
82 26 20
82 20 2
82 20 19
82 19 12
82 12 3
82 12 11
82 11 10
82 10 4
82 10 9
82 9 8
82 8 6
82 6 5
82 8 7
82 19 18
82 18 13
82 18 17
82 17 14
82 17 16
82 16 15
82 26 25
82 25 24
82 24 22
82 22 21
82 24 23
82 28 27
83 29 27
83 27 26
83 26 2
83 2 0
83 2 1
83 26 25
83 25 24
83 24 23
83 23 16
83 16 15
83 15 10
83 10 3
83 10 9
83 9 8
83 8 6
83 6 4
83 6 5
83 8 7
83 15 14
83 14 13
83 13 12
83 12 11
83 23 22
83 22 19
83 19 18
83 18 17
83 22 21
83 21 20
83 29 28
84 31 30
84 30 5
84 5 4
84 4 3
84 3 0
84 3 2
84 2 1
84 30 29
84 29 25
84 25 24
84 24 22
84 22 21
84 21 20
84 20 8
84 8 7
84 7 6
84 20 19
84 19 18
84 18 10
84 10 9
84 18 17
84 17 16
84 16 14
84 14 11
84 14 13
84 13 12
84 16 15
84 24 23
84 29 28
84 28 27
84 27 26
85 32 31
85 31 10
85 10 0
85 10 9
85 9 7
85 7 6
85 6 4
85 4 3
85 3 2
85 2 1
85 6 5
85 9 8
85 31 30
85 30 28
85 28 27
85 27 19
85 19 18
85 18 17
85 17 16
85 16 12
85 12 11
85 16 15
85 15 13
85 15 14
85 27 26
85 26 25
85 25 20
85 25 24
85 24 21
85 24 23
85 23 22
85 30 29
86 29 28
86 28 27
86 27 23
86 23 1
86 1 0
86 23 22
86 22 21
86 21 20
86 20 19
86 19 18
86 18 4
86 4 3
86 3 2
86 18 17
86 17 16
86 16 5
86 16 15
86 15 10
86 10 9
86 9 8
86 8 6
86 8 7
86 15 14
86 14 13
86 13 12
86 12 11
86 27 26
86 26 24
86 26 25
87 33 21
87 21 20
87 20 12
87 12 10
87 10 4
87 4 3
87 3 0
87 3 2
87 2 1
87 10 9
87 9 7
87 7 5
87 7 6
87 9 8
87 12 11
87 20 19
87 19 16
87 16 15
87 15 14
87 14 13
87 19 18
87 18 17
87 33 32
87 32 31
87 31 30
87 30 24
87 24 22
87 24 23
87 30 29
87 29 28
87 28 26
87 26 25
87 28 27
88 32 31
88 31 17
88 17 15
88 15 0
88 15 14
88 14 12
88 12 11
88 11 2
88 2 1
88 11 10
88 10 8
88 8 5
88 5 4
88 4 3
88 8 7
88 7 6
88 10 9
88 14 13
88 17 16
88 31 30
88 30 29
88 29 28
88 28 19
88 19 18
88 28 27
88 27 26
88 26 22
88 22 20
88 22 21
88 26 25
88 25 24
88 24 23
89 32 3
89 3 1
89 1 0
89 3 2
89 32 31
89 31 24
89 24 15
89 15 14
89 14 13
89 13 4
89 13 12
89 12 11
89 11 5
89 11 10
89 10 7
89 7 6
89 10 9
89 9 8
89 24 23
89 23 20
89 20 16
89 20 19
89 19 18
89 18 17
89 23 22
89 22 21
89 31 30
89 30 28
89 28 27
89 27 25
89 27 26
89 30 29
90 31 29
90 29 16
90 16 4
90 4 3
90 3 2
90 2 0
90 2 1
90 16 15
90 15 14
90 14 13
90 13 10
90 10 5
90 10 9
90 9 7
90 7 6
90 9 8
90 13 12
90 12 11
90 29 28
90 28 25
90 25 17
90 25 24
90 24 23
90 23 22
90 22 21
90 21 20
90 20 19
90 19 18
90 28 27
90 27 26
90 31 30
91 29 26
91 26 25
91 25 24
91 24 23
91 23 22
91 22 0
91 22 21
91 21 2
91 2 1
91 21 20
91 20 7
91 7 3
91 7 6
91 6 4
91 6 5
91 20 19
91 19 18
91 18 11
91 11 9
91 9 8
91 11 10
91 18 17
91 17 12
91 17 16
91 16 15
91 15 13
91 15 14
91 29 28
91 28 27
92 32 29
92 29 27
92 27 5
92 5 4
92 4 3
92 3 2
92 2 0
92 2 1
92 27 26
92 26 6
92 26 25
92 25 12
92 12 11
92 11 10
92 10 9
92 9 8
92 8 7
92 25 24
92 24 22
92 22 19
92 19 18
92 18 17
92 17 16
92 16 15
92 15 14
92 14 13
92 22 21
92 21 20
92 24 23
92 29 28
92 32 31
92 31 30
93 34 31
93 31 0
93 31 30
93 30 29
93 29 28
93 28 4
93 4 2
93 2 1
93 4 3
93 28 27
93 27 5
93 27 26
93 26 24
93 24 6
93 24 23
93 23 7
93 23 22
93 22 16
93 16 15
93 15 9
93 9 8
93 15 14
93 14 10
93 14 13
93 13 12
93 12 11
93 22 21
93 21 19
93 19 18
93 18 17
93 21 20
93 26 25
93 34 33
93 33 32
94 33 30
94 30 29
94 29 4
94 4 3
94 3 2
94 2 0
94 2 1
94 29 28
94 28 5
94 28 27
94 27 8
94 8 6
94 8 7
94 27 26
94 26 9
94 26 25
94 25 24
94 24 19
94 19 18
94 18 10
94 18 17
94 17 16
94 16 14
94 14 13
94 13 11
94 13 12
94 16 15
94 24 23
94 23 22
94 22 20
94 22 21
94 33 32
94 32 31
95 34 33
95 33 32
95 32 6
95 6 5
95 5 4
95 4 0
95 4 3
95 3 1
95 3 2
95 32 31
95 31 7
95 31 30
95 30 8
95 30 29
95 29 28
95 28 25
95 25 19
95 19 18
95 18 17
95 17 16
95 16 12
95 12 9
95 12 11
95 11 10
95 16 15
95 15 14
95 14 13
95 25 24
95 24 23
95 23 20
95 23 22
95 22 21
95 28 27
95 27 26
96 31 29
96 29 28
96 28 27
96 27 26
96 26 1
96 1 0
96 26 25
96 25 24
96 24 2
96 24 23
96 23 3
96 23 22
96 22 20
96 20 19
96 19 18
96 18 17
96 17 15
96 15 13
96 13 11
96 11 9
96 9 8
96 8 7
96 7 5
96 5 4
96 7 6
96 11 10
96 13 12
96 15 14
96 17 16
96 22 21
96 31 30
97 30 29
97 29 23
97 23 22
97 22 0
97 22 21
97 21 8
97 8 5
97 5 3
97 3 1
97 3 2
97 5 4
97 8 7
97 7 6
97 21 20
97 20 11
97 11 10
97 10 9
97 20 19
97 19 12
97 19 18
97 18 17
97 17 16
97 16 15
97 15 14
97 14 13
97 29 28
97 28 26
97 26 25
97 25 24
97 28 27
98 34 33
98 33 0
98 33 32
98 32 31
98 31 30
98 30 29
98 29 14
98 14 13
98 13 12
98 12 11
98 11 10
98 10 9
98 9 6
98 6 4
98 4 2
98 2 1
98 4 3
98 6 5
98 9 8
98 8 7
98 29 28
98 28 15
98 28 27
98 27 26
98 26 25
98 25 24
98 24 16
98 24 23
98 23 18
98 18 17
98 23 22
98 22 21
98 21 19
98 21 20
99 34 0
99 34 33
99 33 11
99 11 1
99 11 10
99 10 8
99 8 2
99 8 7
99 7 5
99 5 3
99 5 4
99 7 6
99 10 9
99 33 32
99 32 12
99 32 31
99 31 25
99 25 15
99 15 13
99 15 14
99 25 24
99 24 21
99 21 18
99 18 17
99 17 16
99 21 20
99 20 19
99 24 23
99 23 22
99 31 30
99 30 27
99 27 26
99 30 29
99 29 28
100 33 29
100 29 27
100 27 26
100 26 4
100 4 3
100 3 1
100 1 0
100 3 2
100 26 25
100 25 20
100 20 19
100 19 6
100 6 5
100 19 18
100 18 11
100 11 7
100 11 10
100 10 8
100 10 9
100 18 17
100 17 16
100 16 13
100 13 12
100 16 15
100 15 14
100 25 24
100 24 21
100 24 23
100 23 22
100 29 28
100 33 32
100 32 30
100 32 31
101 30 29
101 29 28
101 28 26
101 26 4
101 4 1
101 1 0
101 4 3
101 3 2
101 26 25
101 25 20
101 20 19
101 19 17
101 17 9
101 9 8
101 8 6
101 6 5
101 8 7
101 17 16
101 16 11
101 11 10
101 16 15
101 15 14
101 14 13
101 13 12
101 19 18
101 25 24
101 24 21
101 24 23
101 23 22
101 28 27
