1 32 30
1 30 4
1 4 3
1 3 2
1 2 0
1 2 1
1 30 29
1 29 20
1 20 19
1 19 17
1 17 7
1 7 5
1 7 6
1 17 16
1 16 12
1 12 11
1 11 9
1 9 8
1 11 10
1 16 15
1 15 14
1 14 13
1 19 18
1 29 28
1 28 22
1 22 21
1 28 27
1 27 26
1 26 23
1 26 25
1 25 24
1 32 31
2 29 28
2 28 7
2 7 3
2 3 2
2 2 1
2 1 0
2 7 6
2 6 4
2 6 5
2 28 27
2 27 24
2 24 16
2 16 8
2 16 15
2 15 10
2 10 9
2 15 14
2 14 11
2 14 13
2 13 12
2 24 23
2 23 20
2 20 18
2 18 17
2 20 19
2 23 22
2 22 21
2 27 26
2 26 25
3 31 30
3 30 0
3 30 29
3 29 27
3 27 25
3 25 14
3 14 13
3 13 12
3 12 10
3 10 9
3 9 8
3 8 1
3 8 7
3 7 6
3 6 5
3 5 3
3 3 2
3 5 4
3 12 11
3 25 24
3 24 20
3 20 19
3 19 15
3 19 18
3 18 16
3 18 17
3 24 23
3 23 21
3 23 22
3 27 26
3 29 28
4 29 1
4 1 0
4 29 28
4 28 26
4 26 5
4 5 3
4 3 2
4 5 4
4 26 25
4 25 24
4 24 20
4 20 16
4 16 10
4 10 6
4 10 9
4 9 7
4 9 8
4 16 15
4 15 12
4 12 11
4 15 14
4 14 13
4 20 19
4 19 18
4 18 17
4 24 23
4 23 22
4 22 21
4 28 27
5 33 30
5 30 23
5 23 0
5 23 22
5 22 20
5 20 1
5 20 19
5 19 14
5 14 13
5 13 11
5 11 3
5 3 2
5 11 10
5 10 8
5 8 7
5 7 5
5 5 4
5 7 6
5 10 9
5 13 12
5 19 18
5 18 17
5 17 16
5 16 15
5 22 21
5 30 29
5 29 27
5 27 24
5 27 26
5 26 25
5 29 28
5 33 32
5 32 31
6 30 29
6 29 26
6 26 24
6 24 6
6 6 2
6 2 0
6 2 1
6 6 5
6 5 3
6 5 4
6 24 23
6 23 7
6 23 22
6 22 21
6 21 20
6 20 19
6 19 11
6 11 8
6 11 10
6 10 9
6 19 18
6 18 17
6 17 14
6 14 12
6 14 13
6 17 16
6 16 15
6 26 25
6 29 28
6 28 27
7 32 8
7 8 3
7 3 0
7 3 2
7 2 1
7 8 7
7 7 6
7 6 4
7 6 5
7 32 31
7 31 9
7 31 30
7 30 22
7 22 20
7 20 19
7 19 18
7 18 16
7 16 12
7 12 11
7 11 10
7 16 15
7 15 13
7 15 14
7 18 17
7 22 21
7 30 29
7 29 25
7 25 23
7 25 24
7 29 28
7 28 26
7 28 27
8 34 33
8 33 32
8 32 28
8 28 2
8 2 1
8 1 0
8 28 27
8 27 25
8 25 4
8 4 3
8 25 24
8 24 9
8 9 8
8 8 7
8 7 6
8 6 5
8 24 23
8 23 19
8 19 11
8 11 10
8 19 18
8 18 14
8 14 13
8 13 12
8 18 17
8 17 15
8 17 16
8 23 22
8 22 21
8 21 20
8 27 26
8 32 31
8 31 29
8 31 30
9 30 27
9 27 26
9 26 0
9 26 25
9 25 24
9 24 23
9 23 4
9 4 2
9 2 1
9 4 3
9 23 22
9 22 21
9 21 9
9 9 7
9 7 5
9 7 6
9 9 8
9 21 20
9 20 19
9 19 10
9 19 18
9 18 17
9 17 16
9 16 11
9 16 15
9 15 14
9 14 12
9 14 13
9 30 29
9 29 28
10 29 0
10 29 28
10 28 22
10 22 18
10 18 3
10 3 1
10 3 2
10 18 17
10 17 16
10 16 15
10 15 4
10 15 14
10 14 13
10 13 12
10 12 8
10 8 7
10 7 6
10 6 5
10 12 11
10 11 9
10 11 10
10 22 21
10 21 20
10 20 19
10 28 27
10 27 25
10 25 23
10 25 24
10 27 26
11 31 30
11 30 29
11 29 18
11 18 10
11 10 7
11 7 6
11 6 5
11 5 4
11 4 3
11 3 2
11 2 1
11 1 0
11 10 9
11 9 8
11 18 17
11 17 16
11 16 14
11 14 13
11 13 12
11 12 11
11 16 15
11 29 28
11 28 26
11 26 25
11 25 24
11 24 22
11 22 21
11 21 20
11 20 19
11 24 23
11 28 27
12 31 6
12 6 5
12 5 4
12 4 3
12 3 2
12 2 1
12 1 0
12 31 30
12 30 28
12 28 25
12 25 7
12 25 24
12 24 23
12 23 17
12 17 8
12 17 16
12 16 14
12 14 13
12 13 9
12 13 12
12 12 11
12 11 10
12 16 15
12 23 22
12 22 20
12 20 19
12 19 18
12 22 21
12 28 27
12 27 26
12 30 29
13 33 0
13 33 32
13 32 30
13 30 19
13 19 15
13 15 13
13 13 5
13 5 4
13 4 1
13 4 3
13 3 2
13 13 12
13 12 8
13 8 7
13 7 6
13 12 11
13 11 9
13 11 10
13 15 14
13 19 18
13 18 17
13 17 16
13 30 29
13 29 28
13 28 27
13 27 20
13 27 26
13 26 23
13 23 22
13 22 21
13 26 25
13 25 24
13 32 31
14 31 28
14 28 23
14 23 19
14 19 18
14 18 3
14 3 2
14 2 0
14 2 1
14 18 17
14 17 16
14 16 10
14 10 4
14 10 9
14 9 5
14 9 8
14 8 6
14 8 7
14 16 15
14 15 14
14 14 12
14 12 11
14 14 13
14 23 22
14 22 20
14 22 21
14 28 27
14 27 24
14 27 26
14 26 25
14 31 30
14 30 29
15 30 29
15 29 28
15 28 8
15 8 7
15 7 1
15 1 0
15 7 6
15 6 5
15 5 4
15 4 3
15 3 2
15 28 27
15 27 26
15 26 23
15 23 15
15 15 9
15 15 14
15 14 13
15 13 12
15 12 11
15 11 10
15 23 22
15 22 20
15 20 18
15 18 17
15 17 16
15 20 19
15 22 21
15 26 25
15 25 24
16 34 0
16 34 33
16 33 31
16 31 30
16 30 28
16 28 20
16 20 14
16 14 12
16 12 10
16 10 9
16 9 8
16 8 7
16 7 5
16 5 4
16 4 2
16 2 1
16 4 3
16 7 6
16 12 11
16 14 13
16 20 19
16 19 18
16 18 15
16 18 17
16 17 16
16 28 27
16 27 26
16 26 25
16 25 23
16 23 21
16 23 22
16 25 24
16 30 29
16 33 32
17 31 1
17 1 0
17 31 30
17 30 29
17 29 28
17 28 23
17 23 9
17 9 8
17 8 3
17 3 2
17 8 7
17 7 4
17 7 6
17 6 5
17 23 22
17 22 12
17 12 10
17 12 11
17 22 21
17 21 13
17 21 20
17 20 18
17 18 16
17 16 14
17 16 15
17 18 17
17 20 19
17 28 27
17 27 26
17 26 24
17 26 25
18 34 0
18 34 33
18 33 32
18 32 30
18 30 29
18 29 13
18 13 11
18 11 10
18 10 9
18 9 8
18 8 4
18 4 1
18 4 3
18 3 2
18 8 7
18 7 6
18 6 5
18 13 12
18 29 28
18 28 24
18 24 23
18 23 22
18 22 21
18 21 14
18 21 20
18 20 15
18 20 19
18 19 18
18 18 17
18 17 16
18 28 27
18 27 25
18 27 26
18 32 31
19 33 0
19 33 32
19 32 14
19 14 1
19 14 13
19 13 12
19 12 11
19 11 9
19 9 7
19 7 3
19 3 2
19 7 6
19 6 4
19 6 5
19 9 8
19 11 10
19 32 31
19 31 30
19 30 25
19 25 23
19 23 18
19 18 15
19 18 17
19 17 16
19 23 22
19 22 20
19 20 19
19 22 21
19 25 24
19 30 29
19 29 28
19 28 26
19 28 27
20 31 9
20 9 8
20 8 5
20 5 3
20 3 1
20 1 0
20 3 2
20 5 4
20 8 7
20 7 6
20 31 30
20 30 27
20 27 26
20 26 25
20 25 24
20 24 23
20 23 22
20 22 16
20 16 11
20 11 10
20 16 15
20 15 13
20 13 12
20 15 14
20 22 21
20 21 19
20 19 18
20 18 17
20 21 20
20 30 29
20 29 28
21 32 31
21 31 5
21 5 1
21 1 0
21 5 4
21 4 3
21 3 2
21 31 30
21 30 10
21 10 7
21 7 6
21 10 9
21 9 8
21 30 29
21 29 28
21 28 26
21 26 24
21 24 23
21 23 22
21 22 20
21 20 19
21 19 16
21 16 15
21 15 13
21 13 11
21 13 12
21 15 14
21 19 18
21 18 17
21 22 21
21 26 25
21 28 27
22 29 26
22 26 25
22 25 0
22 25 24
22 24 17
22 17 16
22 16 13
22 13 1
22 13 12
22 12 2
22 12 11
22 11 10
22 10 8
22 8 7
22 7 3
22 7 6
22 6 4
22 6 5
22 10 9
22 16 15
22 15 14
22 24 23
22 23 18
22 23 22
22 22 20
22 20 19
22 22 21
22 29 28
22 28 27
23 33 32
23 32 0
23 32 31
23 31 29
23 29 27
23 27 26
23 26 24
23 24 1
23 24 23
23 23 3
23 3 2
23 23 22
23 22 21
23 21 18
23 18 14
23 14 13
23 13 4
23 13 12
23 12 11
23 11 10
23 10 8
23 8 7
23 7 6
23 6 5
23 10 9
23 18 17
23 17 16
23 16 15
23 21 20
23 20 19
23 26 25
23 29 28
23 31 30
24 34 31
24 31 6
24 6 0
24 6 5
24 5 3
24 3 1
24 3 2
24 5 4
24 31 30
24 30 7
24 30 29
24 29 28
24 28 27
24 27 26
24 26 20
24 20 19
24 19 17
24 17 15
24 15 13
24 13 10
24 10 8
24 10 9
24 13 12
24 12 11
24 15 14
24 17 16
24 19 18
24 26 25
24 25 21
24 25 24
24 24 23
24 23 22
24 34 33
24 33 32
25 30 10
25 10 1
25 1 0
25 10 9
25 9 8
25 8 4
25 4 2
25 4 3
25 8 7
25 7 5
25 7 6
25 30 29
25 29 28
25 28 27
25 27 26
25 26 13
25 13 12
25 12 11
25 26 25
25 25 22
25 22 17
25 17 16
25 16 15
25 15 14
25 22 21
25 21 18
25 21 20
25 20 19
25 25 24
25 24 23
26 33 2
26 2 0
26 2 1
26 33 32
26 32 3
26 32 31
26 31 28
26 28 6
26 6 4
26 6 5
26 28 27
26 27 11
26 11 9
26 9 7
26 9 8
26 11 10
26 27 26
26 26 13
26 13 12
26 26 25
26 25 17
26 17 14
26 17 16
26 16 15
26 25 24
26 24 20
26 20 19
26 19 18
26 24 23
26 23 22
26 22 21
26 31 30
26 30 29
27 32 31
27 31 22
27 22 17
27 17 16
27 16 4
27 4 2
27 2 1
27 1 0
27 4 3
27 16 15
27 15 14
27 14 5
27 14 13
27 13 6
27 13 12
27 12 7
27 12 11
27 11 9
27 9 8
27 11 10
27 22 21
27 21 19
27 19 18
27 21 20
27 31 30
27 30 27
27 27 26
27 26 25
27 25 23
27 25 24
27 30 29
27 29 28
28 32 31
28 31 30
28 30 29
28 29 23
28 23 4
28 4 3
28 3 1
28 1 0
28 3 2
28 23 22
28 22 20
28 20 15
28 15 14
28 14 6
28 6 5
28 14 13
28 13 10
28 10 9
28 9 7
28 9 8
28 13 12
28 12 11
28 20 19
28 19 17
28 17 16
28 19 18
28 22 21
28 29 28
28 28 24
28 28 27
28 27 26
28 26 25
29 34 0
29 34 33
29 33 3
29 3 2
29 2 1
29 33 32
29 32 29
29 29 28
29 28 17
29 17 4
29 17 16
29 16 10
29 10 9
29 9 8
29 8 5
29 8 7
29 7 6
29 16 15
29 15 14
29 14 12
29 12 11
29 14 13
29 28 27
29 27 18
29 27 26
29 26 25
29 25 24
29 24 23
29 23 21
29 21 20
29 20 19
29 23 22
29 32 31
29 31 30
30 31 29
30 29 27
30 27 1
30 1 0
30 27 26
30 26 25
30 25 4
30 4 2
30 4 3
30 25 24
30 24 5
30 24 23
30 23 6
30 23 22
30 22 20
30 20 19
30 19 18
30 18 14
30 14 13
30 13 7
30 13 12
30 12 9
30 9 8
30 12 11
30 11 10
30 18 17
30 17 15
30 17 16
30 22 21
30 29 28
30 31 30
31 31 0
31 31 30
31 30 28
31 28 1
31 28 27
31 27 21
31 21 20
31 20 18
31 18 17
31 17 16
31 16 9
31 9 8
31 8 6
31 6 4
31 4 3
31 3 2
31 6 5
31 8 7
31 16 15
31 15 13
31 13 12
31 12 11
31 11 10
31 15 14
31 20 19
31 27 26
31 26 22
31 26 25
31 25 23
31 25 24
31 30 29
32 32 0
32 32 31
32 31 30
32 30 1
32 30 29
32 29 28
32 28 26
32 26 2
32 26 25
32 25 24
32 24 23
32 23 15
32 15 13
32 13 5
32 5 4
32 4 3
32 13 12
32 12 7
32 7 6
32 12 11
32 11 10
32 10 9
32 9 8
32 15 14
32 23 22
32 22 20
32 20 18
32 18 16
32 18 17
32 20 19
32 22 21
32 28 27
33 30 17
33 17 16
33 16 14
33 14 5
33 5 4
33 4 1
33 1 0
33 4 3
33 3 2
33 14 13
33 13 12
33 12 10
33 10 6
33 10 9
33 9 7
33 9 8
33 12 11
33 16 15
33 30 29
33 29 23
33 23 21
33 21 19
33 19 18
33 21 20
33 23 22
33 29 28
33 28 25
33 25 24
33 28 27
33 27 26
34 29 0
34 29 28
34 28 1
34 28 27
34 27 26
34 26 25
34 25 23
34 23 22
34 22 2
34 22 21
34 21 20
34 20 19
34 19 15
34 15 5
34 5 3
34 5 4
34 15 14
34 14 6
34 14 13
34 13 10
34 10 8
34 8 7
34 10 9
34 13 12
34 12 11
34 19 18
34 18 17
34 17 16
34 25 24
35 31 0
35 31 30
35 30 9
35 9 8
35 8 4
35 4 2
35 2 1
35 4 3
35 8 7
35 7 5
35 7 6
35 30 29
35 29 18
35 18 11
35 11 10
35 18 17
35 17 16
35 16 12
35 16 15
35 15 13
35 15 14
35 29 28
35 28 27
35 27 24
35 24 19
35 24 23
35 23 21
35 21 20
35 23 22
35 27 26
35 26 25
36 31 29
36 29 25
36 25 24
36 24 8
36 8 0
36 8 7
36 7 3
36 3 2
36 2 1
36 7 6
36 6 5
36 5 4
36 24 23
36 23 21
36 21 16
36 16 15
36 15 10
36 10 9
36 15 14
36 14 13
36 13 11
36 13 12
36 21 20
36 20 19
36 19 18
36 18 17
36 23 22
36 29 28
36 28 26
36 28 27
36 31 30
37 33 0
37 33 32
37 32 31
37 31 29
37 29 28
37 28 27
37 27 25
37 25 24
37 24 2
37 2 1
37 24 23
37 23 3
37 23 22
37 22 21
37 21 15
37 15 4
37 15 14
37 14 13
37 13 12
37 12 10
37 10 9
37 9 5
37 9 8
37 8 6
37 8 7
37 12 11
37 21 20
37 20 19
37 19 18
37 18 17
37 17 16
37 27 26
37 31 30
38 31 30
38 30 29
38 29 27
38 27 26
38 26 25
38 25 13
38 13 11
38 11 10
38 10 3
38 3 1
38 1 0
38 3 2
38 10 9
38 9 8
38 8 7
38 7 6
38 6 4
38 6 5
38 13 12
38 25 24
38 24 23
38 23 19
38 19 18
38 18 16
38 16 15
38 15 14
38 18 17
38 23 22
38 22 20
38 22 21
38 29 28
39 34 33
39 33 30
39 30 0
39 30 29
39 29 3
39 3 2
39 2 1
39 29 28
39 28 27
39 27 8
39 8 7
39 7 6
39 6 5
39 5 4
39 27 26
39 26 19
39 19 16
39 16 9
39 16 15
39 15 14
39 14 12
39 12 10
39 12 11
39 14 13
39 19 18
39 18 17
39 26 25
39 25 24
39 24 20
39 24 23
39 23 22
39 22 21
39 33 32
39 32 31
40 30 26
40 26 24
40 24 7
40 7 0
40 7 6
40 6 5
40 5 1
40 5 4
40 4 2
40 4 3
40 24 23
40 23 8
40 23 22
40 22 19
40 19 11
40 11 10
40 10 9
40 19 18
40 18 17
40 17 16
40 16 12
40 16 15
40 15 14
40 14 13
40 22 21
40 21 20
40 26 25
40 30 29
40 29 28
40 28 27
41 31 30
41 30 28
41 28 27
41 27 26
41 26 15
41 15 1
41 1 0
41 15 14
41 14 13
41 13 10
41 10 7
41 7 6
41 6 5
41 5 4
41 4 3
41 3 2
41 10 9
41 9 8
41 13 12
41 12 11
41 26 25
41 25 24
41 24 17
41 17 16
41 24 23
41 23 22
41 22 20
41 20 19
41 19 18
41 22 21
41 30 29
42 32 29
42 29 16
42 16 14
42 14 4
42 4 3
42 3 0
42 3 2
42 2 1
42 14 13
42 13 6
42 6 5
42 13 12
42 12 11
42 11 9
42 9 7
42 9 8
42 11 10
42 16 15
42 29 28
42 28 21
42 21 19
42 19 17
42 19 18
42 21 20
42 28 27
42 27 26
42 26 25
42 25 22
42 25 24
42 24 23
42 32 31
42 31 30
43 29 3
43 3 1
43 1 0
43 3 2
43 29 28
43 28 26
43 26 19
43 19 8
43 8 7
43 7 5
43 5 4
43 7 6
43 19 18
43 18 16
43 16 9
43 16 15
43 15 14
43 14 13
43 13 10
43 13 12
43 12 11
43 18 17
43 26 25
43 25 24
43 24 23
43 23 22
43 22 20
43 22 21
43 28 27
44 34 31
44 31 28
44 28 27
44 27 26
44 26 25
44 25 12
44 12 6
44 6 5
44 5 4
44 4 0
44 4 3
44 3 2
44 2 1
44 12 11
44 11 7
44 11 10
44 10 9
44 9 8
44 25 24
44 24 23
44 23 16
44 16 15
44 15 13
44 15 14
44 23 22
44 22 19
44 19 18
44 18 17
44 22 21
44 21 20
44 31 30
44 30 29
44 34 33
44 33 32
45 34 29
45 29 28
45 28 26
45 26 25
45 25 20
45 20 18
45 18 7
45 7 1
45 1 0
45 7 6
45 6 5
45 5 4
45 4 2
45 4 3
45 18 17
45 17 16
45 16 15
45 15 14
45 14 8
45 14 13
45 13 12
45 12 11
45 11 10
45 10 9
45 20 19
45 25 24
45 24 23
45 23 21
45 23 22
45 28 27
45 34 33
45 33 30
45 33 32
45 32 31
46 31 30
46 30 27
46 27 9
46 9 8
46 8 7
46 7 3
46 3 0
46 3 2
46 2 1
46 7 6
46 6 5
46 5 4
46 27 26
46 26 10
46 26 25
46 25 22
46 22 21
46 21 20
46 20 19
46 19 11
46 19 18
46 18 13
46 13 12
46 18 17
46 17 15
46 15 14
46 17 16
46 25 24
46 24 23
46 30 29
46 29 28
47 31 8
47 8 4
47 4 3
47 3 1
47 1 0
47 3 2
47 8 7
47 7 6
47 6 5
47 31 30
47 30 18
47 18 15
47 15 14
47 14 12
47 12 10
47 10 9
47 12 11
47 14 13
47 18 17
47 17 16
47 30 29
47 29 28
47 28 24
47 24 19
47 24 23
47 23 21
47 21 20
47 23 22
47 28 27
47 27 25
47 27 26
48 34 33
48 33 1
48 1 0
48 33 32
48 32 28
48 28 26
48 26 18
48 18 12
48 12 8
48 8 7
48 7 6
48 6 5
48 5 4
48 4 3
48 3 2
48 12 11
48 11 10
48 10 9
48 18 17
48 17 16
48 16 13
48 16 15
48 15 14
48 26 25
48 25 23
48 23 22
48 22 21
48 21 19
48 21 20
48 25 24
48 28 27
48 32 31
48 31 29
48 31 30
49 29 4
49 4 3
49 3 2
49 2 1
49 1 0
49 29 28
49 28 27
49 27 24
49 24 23
49 23 5
49 23 22
49 22 21
49 21 6
49 21 20
49 20 14
49 14 12
49 12 7
49 12 11
49 11 9
49 9 8
49 11 10
49 14 13
49 20 19
49 19 18
49 18 16
49 16 15
49 18 17
49 27 26
49 26 25
50 32 0
50 32 31
50 31 1
50 31 30
50 30 29
50 29 3
50 3 2
50 29 28
50 28 19
50 19 18
50 18 15
50 15 13
50 13 12
50 12 4
50 12 11
50 11 6
50 6 5
50 11 10
50 10 7
50 10 9
50 9 8
50 15 14
50 18 17
50 17 16
50 28 27
50 27 25
50 25 24
50 24 20
50 24 23
50 23 21
50 23 22
50 27 26
51 30 0
51 30 29
51 29 28
51 28 27
51 27 25
51 25 24
51 24 6
51 6 3
51 3 2
51 2 1
51 6 5
51 5 4
51 24 23
51 23 22
51 22 20
51 20 19
51 19 17
51 17 16
51 16 7
51 16 15
51 15 8
51 15 14
51 14 12
51 12 11
51 11 10
51 10 9
51 14 13
51 19 18
51 22 21
51 27 26
52 30 18
52 18 13
52 13 10
52 10 3
52 3 0
52 3 2
52 2 1
52 10 9
52 9 5
52 5 4
52 9 8
52 8 7
52 7 6
52 13 12
52 12 11
52 18 17
52 17 16
52 16 14
52 16 15
52 30 29
52 29 28
52 28 27
52 27 26
52 26 24
52 24 19
52 24 23
52 23 20
52 23 22
52 22 21
52 26 25
53 30 29
53 29 1
53 1 0
53 29 28
53 28 2
53 28 27
53 27 11
53 11 10
53 10 4
53 4 3
53 10 9
53 9 8
53 8 7
53 7 5
53 7 6
53 27 26
53 26 24
53 24 23
53 23 12
53 23 22
53 22 20
53 20 16
53 16 13
53 16 15
53 15 14
53 20 19
53 19 18
53 18 17
53 22 21
53 26 25
54 30 0
54 30 29
54 29 25
54 25 20
54 20 8
54 8 2
54 2 1
54 8 7
54 7 6
54 6 4
54 4 3
54 6 5
54 20 19
54 19 18
54 18 10
54 10 9
54 18 17
54 17 16
54 16 12
54 12 11
54 16 15
54 15 14
54 14 13
54 25 24
54 24 23
54 23 22
54 22 21
54 29 28
54 28 27
54 27 26
55 29 28
55 28 0
55 28 27
55 27 26
55 26 25
55 25 24
55 24 23
55 23 22
55 22 1
55 22 21
55 21 20
55 20 2
55 20 19
55 19 17
55 17 16
55 16 15
55 15 10
55 10 9
55 9 7
55 7 3
55 7 6
55 6 4
55 6 5
55 9 8
55 15 14
55 14 13
55 13 12
55 12 11
55 19 18
56 33 32
56 32 31
56 31 2
56 2 1
56 1 0
56 31 30
56 30 4
56 4 3
56 30 29
56 29 27
56 27 5
56 27 26
56 26 7
56 7 6
56 26 25
56 25 8
56 25 24
56 24 10
56 10 9
56 24 23
56 23 22
56 22 11
56 22 21
56 21 12
56 21 20
56 20 13
56 20 19
56 19 14
56 19 18
56 18 17
56 17 15
56 17 16
56 29 28
57 33 22
57 22 0
57 22 21
57 21 17
57 17 7
57 7 4
57 4 3
57 3 1
57 3 2
57 7 6
57 6 5
57 17 16
57 16 15
57 15 8
57 15 14
57 14 12
57 12 11
57 11 9
57 11 10
57 14 13
57 21 20
57 20 18
57 20 19
57 33 32
57 32 29
57 29 27
57 27 25
57 25 24
57 24 23
57 27 26
57 29 28
57 32 31
57 31 30
58 30 29
58 29 28
58 28 0
58 28 27
58 27 1
58 27 26
58 26 25
58 25 2
58 25 24
58 24 23
58 23 10
58 10 6
58 6 4
58 4 3
58 6 5
58 10 9
58 9 8
58 8 7
58 23 22
58 22 11
58 22 21
58 21 12
58 21 20
58 20 17
58 17 15
58 15 13
58 15 14
58 17 16
58 20 19
58 19 18
59 34 1
59 1 0
59 34 33
59 33 5
59 5 4
59 4 2
59 4 3
59 33 32
59 32 31
59 31 6
59 31 30
59 30 28
59 28 16
59 16 13
59 13 12
59 12 10
59 10 7
59 10 9
59 9 8
59 12 11
59 16 15
59 15 14
59 28 27
59 27 17
59 27 26
59 26 25
59 25 23
59 23 20
59 20 19
59 19 18
59 23 22
59 22 21
59 25 24
59 30 29
60 34 33
60 33 0
60 33 32
60 32 1
60 32 31
60 31 6
60 6 5
60 5 2
60 5 4
60 4 3
60 31 30
60 30 29
60 29 11
60 11 7
60 11 10
60 10 9
60 9 8
60 29 28
60 28 27
60 27 21
60 21 19
60 19 18
60 18 17
60 17 16
60 16 14
60 14 13
60 13 12
60 16 15
60 21 20
60 27 26
60 26 24
60 24 22
60 24 23
60 26 25
61 32 0
61 32 31
61 31 30
61 30 28
61 28 27
61 27 26
61 26 14
61 14 1
61 14 13
61 13 10
61 10 8
61 8 7
61 7 4
61 4 3
61 3 2
61 7 6
61 6 5
61 10 9
61 13 12
61 12 11
61 26 25
61 25 15
61 25 24
61 24 23
61 23 22
61 22 21
61 21 20
61 20 19
61 19 18
61 18 16
61 18 17
61 30 29
62 30 22
62 22 21
62 21 6
62 6 2
62 2 0
62 2 1
62 6 5
62 5 3
62 5 4
62 21 20
62 20 18
62 18 17
62 17 14
62 14 13
62 13 11
62 11 10
62 10 8
62 8 7
62 10 9
62 13 12
62 17 16
62 16 15
62 20 19
62 30 29
62 29 23
62 29 28
62 28 27
62 27 26
62 26 25
62 25 24
63 30 28
63 28 25
63 25 0
63 25 24
63 24 23
63 23 21
63 21 13
63 13 7
63 7 6
63 6 5
63 5 4
63 4 2
63 2 1
63 4 3
63 13 12
63 12 11
63 11 8
63 11 10
63 10 9
63 21 20
63 20 19
63 19 18
63 18 17
63 17 14
63 17 16
63 16 15
63 23 22
63 28 27
63 27 26
63 30 29
64 31 30
64 30 27
64 27 18
64 18 5
64 5 3
64 3 1
64 1 0
64 3 2
64 5 4
64 18 17
64 17 16
64 16 6
64 16 15
64 15 14
64 14 12
64 12 10
64 10 9
64 9 7
64 9 8
64 12 11
64 14 13
64 27 26
64 26 25
64 25 19
64 25 24
64 24 23
64 23 22
64 22 20
64 22 21
64 30 29
64 29 28
65 31 30
65 30 29
65 29 28
65 28 6
65 6 4
65 4 0
65 4 3
65 3 2
65 2 1
65 6 5
65 28 27
65 27 7
65 27 26
65 26 24
65 24 8
65 24 23
65 23 22
65 22 12
65 12 11
65 11 9
65 11 10
65 22 21
65 21 16
65 16 15
65 15 14
65 14 13
65 21 20
65 20 18
65 18 17
65 20 19
65 26 25
66 30 5
66 5 4
66 4 0
66 4 3
66 3 1
66 3 2
66 30 29
66 29 10
66 10 8
66 8 6
66 8 7
66 10 9
66 29 28
66 28 24
66 24 23
66 23 22
66 22 11
66 22 21
66 21 12
66 21 20
66 20 18
66 18 14
66 14 13
66 18 17
66 17 16
66 16 15
66 20 19
66 28 27
66 27 25
66 27 26
67 32 28
67 28 20
67 20 0
67 20 19
67 19 17
67 17 15
67 15 14
67 14 5
67 5 3
67 3 1
67 3 2
67 5 4
67 14 13
67 13 12
67 12 9
67 9 8
67 8 7
67 7 6
67 12 11
67 11 10
67 17 16
67 19 18
67 28 27
67 27 26
67 26 22
67 22 21
67 26 25
67 25 23
67 25 24
67 32 31
67 31 30
67 30 29
68 33 0
68 33 32
68 32 18
68 18 17
68 17 15
68 15 14
68 14 12
68 12 10
68 10 7
68 7 2
68 2 1
68 7 6
68 6 5
68 5 4
68 4 3
68 10 9
68 9 8
68 12 11
68 14 13
68 17 16
68 32 31
68 31 19
68 31 30
68 30 29
68 29 25
68 25 23
68 23 22
68 22 20
68 22 21
68 25 24
68 29 28
68 28 27
68 27 26
69 30 1
69 1 0
69 30 29
69 29 2
69 29 28
69 28 11
69 11 9
69 9 5
69 5 4
69 4 3
69 9 8
69 8 6
69 8 7
69 11 10
69 28 27
69 27 18
69 18 15
69 15 12
69 15 14
69 14 13
69 18 17
69 17 16
69 27 26
69 26 25
69 25 24
69 24 22
69 22 21
69 21 19
69 21 20
69 24 23
70 32 29
70 29 28
70 28 10
70 10 2
70 2 1
70 1 0
70 10 9
70 9 8
70 8 7
70 7 6
70 6 5
70 5 4
70 4 3
70 28 27
70 27 11
70 27 26
70 26 25
70 25 17
70 17 13
70 13 12
70 17 16
70 16 15
70 15 14
70 25 24
70 24 23
70 23 21
70 21 18
70 21 20
70 20 19
70 23 22
70 32 31
70 31 30
71 32 0
71 32 31
71 31 1
71 31 30
71 30 29
71 29 26
71 26 23
71 23 2
71 23 22
71 22 3
71 22 21
71 21 18
71 18 17
71 17 16
71 16 4
71 16 15
71 15 12
71 12 10
71 10 5
71 10 9
71 9 6
71 9 8
71 8 7
71 12 11
71 15 14
71 14 13
71 21 20
71 20 19
71 26 25
71 25 24
71 29 28
71 28 27
72 33 32
72 32 31
72 31 30
72 30 4
72 4 0
72 4 3
72 3 2
72 2 1
72 30 29
72 29 6
72 6 5
72 29 28
72 28 27
72 27 16
72 16 15
72 15 12
72 12 11
72 11 9
72 9 8
72 8 7
72 11 10
72 15 14
72 14 13
72 27 26
72 26 17
72 26 25
72 25 24
72 24 20
72 20 18
72 20 19
72 24 23
72 23 22
72 22 21
73 33 30
73 30 29
73 29 28
73 28 27
73 27 26
73 26 25
73 25 21
73 21 20
73 20 19
73 19 14
73 14 0
73 14 13
73 13 1
73 13 12
73 12 10
73 10 5
73 5 4
73 4 2
73 4 3
73 10 9
73 9 8
73 8 7
73 7 6
73 12 11
73 19 18
73 18 17
73 17 16
73 16 15
73 25 24
73 24 23
73 23 22
73 33 32
73 32 31
74 30 1
74 1 0
74 30 29
74 29 28
74 28 27
74 27 20
74 20 19
74 19 9
74 9 8
74 8 7
74 7 4
74 4 2
74 4 3
74 7 6
74 6 5
74 19 18
74 18 14
74 14 13
74 13 12
74 12 11
74 11 10
74 18 17
74 17 15
74 17 16
74 27 26
74 26 24
74 24 21
74 24 23
74 23 22
74 26 25
75 32 24
75 24 1
75 1 0
75 24 23
75 23 22
75 22 21
75 21 20
75 20 19
75 19 18
75 18 17
75 17 16
75 16 9
75 9 8
75 8 4
75 4 2
75 4 3
75 8 7
75 7 6
75 6 5
75 16 15
75 15 11
75 11 10
75 15 14
75 14 12
75 14 13
75 32 31
75 31 29
75 29 28
75 28 26
75 26 25
75 28 27
75 31 30
76 31 28
76 28 21
76 21 2
76 2 1
76 1 0
76 21 20
76 20 19
76 19 4
76 4 3
76 19 18
76 18 13
76 13 11
76 11 9
76 9 6
76 6 5
76 9 8
76 8 7
76 11 10
76 13 12
76 18 17
76 17 16
76 16 14
76 16 15
76 28 27
76 27 22
76 27 26
76 26 25
76 25 24
76 24 23
76 31 30
76 30 29
77 30 1
77 1 0
77 30 29
77 29 28
77 28 25
77 25 3
77 3 2
77 25 24
77 24 23
77 23 22
77 22 10
77 10 8
77 8 6
77 6 4
77 6 5
77 8 7
77 10 9
77 22 21
77 21 11
77 21 20
77 20 19
77 19 12
77 19 18
77 18 15
77 15 13
77 15 14
77 18 17
77 17 16
77 28 27
77 27 26
78 31 30
78 30 29
78 29 27
78 27 18
78 18 8
78 8 7
78 7 5
78 5 4
78 4 0
78 4 3
78 3 1
78 3 2
78 7 6
78 18 17
78 17 16
78 16 15
78 15 14
78 14 12
78 12 11
78 11 9
78 11 10
78 14 13
78 27 26
78 26 24
78 24 22
78 22 19
78 22 21
78 21 20
78 24 23
78 26 25
78 29 28
79 33 32
79 32 31
79 31 30
79 30 28
79 28 5
79 5 4
79 4 3
79 3 2
79 2 1
79 1 0
79 28 27
79 27 26
79 26 25
79 25 24
79 24 23
79 23 6
79 23 22
79 22 20
79 20 10
79 10 9
79 9 7
79 9 8
79 20 19
79 19 17
79 17 15
79 15 14
79 14 13
79 13 12
79 12 11
79 17 16
79 19 18
79 22 21
79 30 29
80 29 28
80 28 9
80 9 8
80 8 2
80 2 0
80 2 1
80 8 7
80 7 6
80 6 5
80 5 4
80 4 3
80 28 27
80 27 18
80 18 17
80 17 10
80 17 16
80 16 15
80 15 14
80 14 12
80 12 11
80 14 13
80 27 26
80 26 24
80 24 21
80 21 20
80 20 19
80 24 23
80 23 22
80 26 25
81 30 0
81 30 29
81 29 1
81 29 28
81 28 27
81 27 10
81 10 2
81 10 9
81 9 8
81 8 3
81 8 7
81 7 6
81 6 4
81 6 5
81 27 26
81 26 11
81 26 25
81 25 24
81 24 14
81 14 12
81 14 13
81 24 23
81 23 22
81 22 21
81 21 20
81 20 19
81 19 17
81 17 16
81 16 15
81 19 18
82 31 25
82 25 24
82 24 8
82 8 7
82 7 4
82 4 3
82 3 0
82 3 2
82 2 1
82 7 6
82 6 5
82 24 23
82 23 22
82 22 15
82 15 14
82 14 13
82 13 12
82 12 11
82 11 10
82 10 9
82 22 21
82 21 16
82 21 20
82 20 19
82 19 17
82 19 18
82 31 30
82 30 29
82 29 26
82 29 28
82 28 27
83 29 28
83 28 27
83 27 9
83 9 7
83 7 6
83 6 5
83 5 4
83 4 2
83 2 1
83 1 0
83 4 3
83 9 8
83 27 26
83 26 23
83 23 22
83 22 15
83 15 13
83 13 11
83 11 10
83 13 12
83 15 14
83 22 21
83 21 19
83 19 18
83 18 17
83 17 16
83 21 20
83 26 25
83 25 24
84 32 21
84 21 20
84 20 18
84 18 13
84 13 12
84 12 11
84 11 10
84 10 9
84 9 8
84 8 5
84 5 2
84 2 1
84 1 0
84 5 4
84 4 3
84 8 7
84 7 6
84 18 17
84 17 14
84 17 16
84 16 15
84 20 19
84 32 31
84 31 30
84 30 22
84 30 29
84 29 28
84 28 26
84 26 24
84 24 23
84 26 25
84 28 27
85 33 32
85 32 0
85 32 31
85 31 15
85 15 2
85 2 1
85 15 14
85 14 6
85 6 5
85 5 4
85 4 3
85 14 13
85 13 12
85 12 11
85 11 9
85 9 8
85 8 7
85 11 10
85 31 30
85 30 29
85 29 28
85 28 18
85 18 16
85 18 17
85 28 27
85 27 26
85 26 25
85 25 24
85 24 22
85 22 19
85 22 21
85 21 20
85 24 23
86 29 27
86 27 26
86 26 11
86 11 0
86 11 10
86 10 2
86 2 1
86 10 9
86 9 7
86 7 5
86 5 3
86 5 4
86 7 6
86 9 8
86 26 25
86 25 24
86 24 18
86 18 12
86 18 17
86 17 16
86 16 15
86 15 14
86 14 13
86 24 23
86 23 19
86 23 22
86 22 21
86 21 20
86 29 28
87 32 3
87 3 2
87 2 1
87 1 0
87 32 31
87 31 30
87 30 7
87 7 4
87 7 6
87 6 5
87 30 29
87 29 10
87 10 8
87 10 9
87 29 28
87 28 13
87 13 12
87 12 11
87 28 27
87 27 16
87 16 14
87 16 15
87 27 26
87 26 17
87 26 25
87 25 18
87 25 24
87 24 23
87 23 22
87 22 21
87 21 19
87 21 20
88 34 32
88 32 31
88 31 30
88 30 7
88 7 5
88 5 0
88 5 4
88 4 3
88 3 2
88 2 1
88 7 6
88 30 29
88 29 9
88 9 8
88 29 28
88 28 23
88 23 21
88 21 10
88 21 20
88 20 19
88 19 15
88 15 14
88 14 11
88 14 13
88 13 12
88 19 18
88 18 17
88 17 16
88 23 22
88 28 27
88 27 25
88 25 24
88 27 26
88 34 33
89 30 3
89 3 2
89 2 0
89 2 1
89 30 29
89 29 6
89 6 4
89 6 5
89 29 28
89 28 27
89 27 14
89 14 10
89 10 8
89 8 7
89 10 9
89 14 13
89 13 11
89 13 12
89 27 26
89 26 25
89 25 20
89 20 19
89 19 17
89 17 16
89 16 15
89 19 18
89 25 24
89 24 23
89 23 21
89 23 22
90 30 29
90 29 27
90 27 0
90 27 26
90 26 24
90 24 4
90 4 2
90 2 1
90 4 3
90 24 23
90 23 5
90 23 22
90 22 6
90 22 21
90 21 19
90 19 12
90 12 11
90 11 7
90 11 10
90 10 8
90 10 9
90 19 18
90 18 14
90 14 13
90 18 17
90 17 15
90 17 16
90 21 20
90 26 25
90 29 28
91 31 9
91 9 1
91 1 0
91 9 8
91 8 7
91 7 6
91 6 5
91 5 4
91 4 2
91 4 3
91 31 30
91 30 12
91 12 10
91 12 11
91 30 29
91 29 28
91 28 27
91 27 26
91 26 15
91 15 14
91 14 13
91 26 25
91 25 24
91 24 16
91 24 23
91 23 17
91 23 22
91 22 20
91 20 19
91 19 18
91 22 21
92 31 22
92 22 0
92 22 21
92 21 20
92 20 14
92 14 1
92 14 13
92 13 11
92 11 9
92 9 6
92 6 5
92 5 4
92 4 2
92 4 3
92 9 8
92 8 7
92 11 10
92 13 12
92 20 19
92 19 15
92 19 18
92 18 17
92 17 16
92 31 30
92 30 29
92 29 26
92 26 25
92 25 24
92 24 23
92 29 28
92 28 27
93 32 19
93 19 6
93 6 5
93 5 3
93 3 0
93 3 2
93 2 1
93 5 4
93 19 18
93 18 16
93 16 7
93 16 15
93 15 14
93 14 13
93 13 8
93 13 12
93 12 10
93 10 9
93 12 11
93 18 17
93 32 31
93 31 30
93 30 23
93 23 20
93 23 22
93 22 21
93 30 29
93 29 27
93 27 24
93 27 26
93 26 25
93 29 28
94 30 7
94 7 6
94 6 3
94 3 1
94 1 0
94 3 2
94 6 5
94 5 4
94 30 29
94 29 9
94 9 8
94 29 28
94 28 27
94 27 25
94 25 12
94 12 11
94 11 10
94 25 24
94 24 13
94 24 23
94 23 22
94 22 21
94 21 16
94 16 15
94 15 14
94 21 20
94 20 17
94 20 19
94 19 18
94 27 26
95 29 0
95 29 28
95 28 24
95 24 16
95 16 12
95 12 1
95 12 11
95 11 8
95 8 6
95 6 5
95 5 4
95 4 2
95 4 3
95 8 7
95 11 10
95 10 9
95 16 15
95 15 13
95 15 14
95 24 23
95 23 17
95 23 22
95 22 21
95 21 18
95 21 20
95 20 19
95 28 27
95 27 25
95 27 26
96 30 29
96 29 28
96 28 27
96 27 2
96 2 1
96 1 0
96 27 26
96 26 25
96 25 24
96 24 21
96 21 3
96 21 20
96 20 18
96 18 15
96 15 14
96 14 13
96 13 12
96 12 6
96 6 5
96 5 4
96 12 11
96 11 10
96 10 7
96 10 9
96 9 8
96 18 17
96 17 16
96 20 19
96 24 23
96 23 22
97 33 32
97 32 30
97 30 29
97 29 24
97 24 23
97 23 19
97 19 2
97 2 0
97 2 1
97 19 18
97 18 16
97 16 15
97 15 14
97 14 3
97 14 13
97 13 9
97 9 8
97 8 7
97 7 6
97 6 4
97 6 5
97 13 12
97 12 11
97 11 10
97 18 17
97 23 22
97 22 21
97 21 20
97 29 28
97 28 27
97 27 25
97 27 26
97 32 31
98 32 26
98 26 25
98 25 0
98 25 24
98 24 7
98 7 1
98 7 6
98 6 5
98 5 4
98 4 2
98 4 3
98 24 23
98 23 12
98 12 11
98 11 10
98 10 8
98 10 9
98 23 22
98 22 17
98 17 16
98 16 13
98 16 15
98 15 14
98 22 21
98 21 19
98 19 18
98 21 20
98 32 31
98 31 27
98 31 30
98 30 28
98 30 29
99 33 30
99 30 29
99 29 27
99 27 9
99 9 1
99 1 0
99 9 8
99 8 7
99 7 5
99 5 4
99 4 2
99 4 3
99 7 6
99 27 26
99 26 16
99 16 15
99 15 12
99 12 11
99 11 10
99 15 14
99 14 13
99 26 25
99 25 23
99 23 21
99 21 17
99 21 20
99 20 18
99 20 19
99 23 22
99 25 24
99 29 28
99 33 32
99 32 31
100 30 8
100 8 0
100 8 7
100 7 1
100 7 6
100 6 5
100 5 2
100 5 4
100 4 3
100 30 29
100 29 21
100 21 18
100 18 13
100 13 12
100 12 10
100 10 9
100 12 11
100 18 17
100 17 15
100 15 14
100 17 16
100 21 20
100 20 19
100 29 28
100 28 24
100 24 23
100 23 22
100 28 27
100 27 25
100 27 26
101 30 29
101 29 4
101 4 3
101 3 2
101 2 1
101 1 0
101 29 28
101 28 6
101 6 5
101 28 27
101 27 26
101 26 7
101 26 25
101 25 24
101 24 21
101 21 12
101 12 10
101 10 8
101 10 9
101 12 11
101 21 20
101 20 13
101 20 19
101 19 18
101 18 15
101 15 14
101 18 17
101 17 16
101 24 23
101 23 22
