1 31 1
1 1 0
1 31 30
1 30 29
1 29 28
1 28 26
1 26 2
1 26 25
1 25 21
1 21 3
1 21 20
1 20 7
1 7 5
1 5 4
1 7 6
1 20 19
1 19 16
1 16 8
1 16 15
1 15 14
1 14 12
1 12 9
1 12 11
1 11 10
1 14 13
1 19 18
1 18 17
1 25 24
1 24 23
1 23 22
1 28 27
2 33 32
2 32 1
2 1 0
2 32 31
2 31 30
2 30 6
2 6 2
2 6 5
2 5 3
2 5 4
2 30 29
2 29 8
2 8 7
2 29 28
2 28 27
2 27 16
2 16 15
2 15 14
2 14 12
2 12 11
2 11 9
2 11 10
2 14 13
2 27 26
2 26 19
2 19 17
2 19 18
2 26 25
2 25 20
2 25 24
2 24 22
2 22 21
2 24 23
3 30 26
3 26 1
3 1 0
3 26 25
3 25 24
3 24 20
3 20 2
3 20 19
3 19 9
3 9 7
3 7 3
3 7 6
3 6 5
3 5 4
3 9 8
3 19 18
3 18 14
3 14 13
3 13 10
3 13 12
3 12 11
3 18 17
3 17 15
3 17 16
3 24 23
3 23 22
3 22 21
3 30 29
3 29 28
3 28 27
4 33 32
4 32 2
4 2 1
4 1 0
4 32 31
4 31 30
4 30 28
4 28 26
4 26 6
4 6 5
4 5 3
4 5 4
4 26 25
4 25 24
4 24 10
4 10 9
4 9 7
4 9 8
4 24 23
4 23 17
4 17 11
4 17 16
4 16 13
4 13 12
4 16 15
4 15 14
4 23 22
4 22 18
4 22 21
4 21 19
4 21 20
4 28 27
4 30 29
5 30 28
5 28 27
5 27 2
5 2 0
5 2 1
5 27 26
5 26 6
5 6 3
5 6 5
5 5 4
5 26 25
5 25 20
5 20 7
5 20 19
5 19 8
5 19 18
5 18 17
5 17 15
5 15 14
5 14 13
5 13 9
5 13 12
5 12 10
5 12 11
5 17 16
5 25 24
5 24 21
5 24 23
5 23 22
5 30 29
6 29 27
6 27 26
6 26 25
6 25 23
6 23 4
6 4 3
6 3 2
6 2 0
6 2 1
6 23 22
6 22 5
6 22 21
6 21 19
6 19 18
6 18 17
6 17 16
6 16 15
6 15 14
6 14 13
6 13 12
6 12 10
6 10 6
6 10 9
6 9 7
6 9 8
6 12 11
6 21 20
6 25 24
6 29 28
7 29 28
7 28 2
7 2 0
7 2 1
7 28 27
7 27 26
7 26 25
7 25 24
7 24 23
7 23 17
7 17 14
7 14 3
7 14 13
7 13 11
7 11 10
7 10 9
7 9 8
7 8 6
7 6 4
7 6 5
7 8 7
7 13 12
7 17 16
7 16 15
7 23 22
7 22 18
7 22 21
7 21 19
7 21 20
8 30 29
8 29 14
8 14 13
8 13 1
8 1 0
8 13 12
8 12 9
8 9 2
8 9 8
8 8 6
8 6 3
8 6 5
8 5 4
8 8 7
8 12 11
8 11 10
8 29 28
8 28 27
8 27 26
8 26 24
8 24 21
8 21 20
8 20 17
8 17 16
8 16 15
8 20 19
8 19 18
8 24 23
8 23 22
8 26 25
9 32 30
9 30 28
9 28 26
9 26 2
9 2 1
9 1 0
9 26 25
9 25 24
9 24 5
9 5 4
9 4 3
9 24 23
9 23 6
9 23 22
9 22 20
9 20 13
9 13 8
9 8 7
9 13 12
9 12 11
9 11 9
9 11 10
9 20 19
9 19 18
9 18 16
9 16 14
9 16 15
9 18 17
9 22 21
9 28 27
9 30 29
9 32 31
10 34 33
10 33 32
10 32 0
10 32 31
10 31 29
10 29 28
10 28 6
10 6 4
10 4 2
10 2 1
10 4 3
10 6 5
10 28 27
10 27 13
10 13 9
10 9 7
10 9 8
10 13 12
10 12 10
10 12 11
10 27 26
10 26 14
10 26 25
10 25 18
10 18 17
10 17 15
10 17 16
10 25 24
10 24 22
10 22 19
10 22 21
10 21 20
10 24 23
10 31 30
11 31 22
11 22 6
11 6 4
11 4 0
11 4 3
11 3 2
11 2 1
11 6 5
11 22 21
11 21 18
11 18 12
11 12 11
11 11 10
11 10 9
11 9 8
11 8 7
11 18 17
11 17 15
11 15 13
11 15 14
11 17 16
11 21 20
11 20 19
11 31 30
11 30 24
11 24 23
11 30 29
11 29 28
11 28 25
11 28 27
11 27 26
12 34 32
12 32 8
12 8 7
12 7 6
12 6 0
12 6 5
12 5 2
12 2 1
12 5 4
12 4 3
12 32 31
12 31 29
12 29 9
12 29 28
12 28 25
12 25 22
12 22 19
12 19 17
12 17 16
12 16 11
12 11 10
12 16 15
12 15 13
12 13 12
12 15 14
12 19 18
12 22 21
12 21 20
12 25 24
12 24 23
12 28 27
12 27 26
12 31 30
12 34 33
13 30 26
13 26 25
13 25 24
13 24 23
13 23 22
13 22 0
13 22 21
13 21 17
13 17 1
13 17 16
13 16 15
13 15 2
13 15 14
13 14 9
13 9 4
13 4 3
13 9 8
13 8 6
13 6 5
13 8 7
13 14 13
13 13 10
13 13 12
13 12 11
13 21 20
13 20 18
13 20 19
13 30 29
13 29 28
13 28 27
14 29 28
14 28 19
14 19 18
14 18 17
14 17 16
14 16 14
14 14 6
14 6 2
14 2 1
14 1 0
14 6 5
14 5 3
14 5 4
14 14 13
14 13 7
14 13 12
14 12 11
14 11 8
14 11 10
14 10 9
14 16 15
14 28 27
14 27 25
14 25 22
14 22 20
14 22 21
14 25 24
14 24 23
14 27 26
15 31 30
15 30 3
15 3 2
15 2 0
15 2 1
15 30 29
15 29 4
15 29 28
15 28 27
15 27 26
15 26 7
15 7 5
15 7 6
15 26 25
15 25 24
15 24 15
15 15 9
15 9 8
15 15 14
15 14 12
15 12 11
15 11 10
15 14 13
15 24 23
15 23 17
15 17 16
15 23 22
15 22 21
15 21 20
15 20 18
15 20 19
16 33 0
16 33 32
16 32 14
16 14 2
16 2 1
16 14 13
16 13 3
16 13 12
16 12 11
16 11 5
16 5 4
16 11 10
16 10 9
16 9 6
16 9 8
16 8 7
16 32 31
16 31 18
16 18 15
16 18 17
16 17 16
16 31 30
16 30 26
16 26 22
16 22 20
16 20 19
16 22 21
16 26 25
16 25 23
16 25 24
16 30 29
16 29 28
16 28 27
17 33 32
17 32 2
17 2 1
17 1 0
17 32 31
17 31 29
17 29 28
17 28 18
17 18 17
17 17 4
17 4 3
17 17 16
17 16 15
17 15 13
17 13 5
17 13 12
17 12 7
17 7 6
17 12 11
17 11 10
17 10 9
17 9 8
17 15 14
17 28 27
17 27 19
17 27 26
17 26 25
17 25 24
17 24 22
17 22 21
17 21 20
17 24 23
17 31 30
18 34 26
18 26 0
18 26 25
18 25 24
18 24 23
18 23 1
18 23 22
18 22 4
18 4 3
18 3 2
18 22 21
18 21 20
18 20 5
18 20 19
18 19 18
18 18 9
18 9 6
18 9 8
18 8 7
18 18 17
18 17 16
18 16 10
18 16 15
18 15 11
18 15 14
18 14 12
18 14 13
18 34 33
18 33 30
18 30 28
18 28 27
18 30 29
18 33 32
18 32 31
19 31 3
19 3 2
19 2 1
19 1 0
19 31 30
19 30 27
19 27 25
19 25 21
19 21 19
19 19 6
19 6 5
19 5 4
19 19 18
19 18 17
19 17 7
19 17 16
19 16 15
19 15 13
19 13 12
19 12 10
19 10 8
19 10 9
19 12 11
19 15 14
19 21 20
19 25 24
19 24 23
19 23 22
19 27 26
19 30 29
19 29 28
20 29 0
20 29 28
20 28 13
20 13 7
20 7 4
20 4 1
20 4 3
20 3 2
20 7 6
20 6 5
20 13 12
20 12 11
20 11 10
20 10 8
20 10 9
20 28 27
20 27 24
20 24 23
20 23 22
20 22 15
20 15 14
20 22 21
20 21 19
20 19 18
20 18 17
20 17 16
20 21 20
20 27 26
20 26 25
21 34 24
21 24 2
21 2 0
21 2 1
21 24 23
21 23 21
21 21 19
21 19 16
21 16 15
21 15 13
21 13 11
21 11 3
21 11 10
21 10 9
21 9 8
21 8 5
21 5 4
21 8 7
21 7 6
21 13 12
21 15 14
21 19 18
21 18 17
21 21 20
21 23 22
21 34 33
21 33 25
21 33 32
21 32 27
21 27 26
21 32 31
21 31 29
21 29 28
21 31 30
22 29 24
22 24 23
22 23 0
22 23 22
22 22 21
22 21 20
22 20 19
22 19 18
22 18 17
22 17 16
22 16 1
22 16 15
22 15 14
22 14 13
22 13 12
22 12 11
22 11 9
22 9 6
22 6 3
22 3 2
22 6 5
22 5 4
22 9 8
22 8 7
22 11 10
22 29 28
22 28 27
22 27 25
22 27 26
23 31 28
23 28 1
23 1 0
23 28 27
23 27 5
23 5 4
23 4 2
23 4 3
23 27 26
23 26 24
23 24 23
23 23 21
23 21 20
23 20 19
23 19 18
23 18 16
23 16 8
23 8 6
23 8 7
23 16 15
23 15 14
23 14 11
23 11 9
23 11 10
23 14 13
23 13 12
23 18 17
23 23 22
23 26 25
23 31 30
23 30 29
24 33 12
24 12 7
24 7 6
24 6 0
24 6 5
24 5 4
24 4 2
24 2 1
24 4 3
24 12 11
24 11 10
24 10 9
24 9 8
24 33 32
24 32 15
24 15 14
24 14 13
24 32 31
24 31 30
24 30 22
24 22 20
24 20 16
24 20 19
24 19 17
24 19 18
24 22 21
24 30 29
24 29 25
24 25 23
24 25 24
24 29 28
24 28 27
24 27 26
25 30 1
25 1 0
25 30 29
25 29 2
25 29 28
25 28 3
25 28 27
25 27 17
25 17 10
25 10 9
25 9 8
25 8 7
25 7 5
25 5 4
25 7 6
25 17 16
25 16 14
25 14 12
25 12 11
25 14 13
25 16 15
25 27 26
25 26 25
25 25 18
25 25 24
25 24 22
25 22 21
25 21 20
25 20 19
25 24 23
26 29 3
26 3 2
26 2 0
26 2 1
26 29 28
26 28 4
26 28 27
26 27 13
26 13 12
26 12 11
26 11 10
26 10 8
26 8 7
26 7 6
26 6 5
26 10 9
26 27 26
26 26 25
26 25 24
26 24 16
26 16 14
26 16 15
26 24 23
26 23 17
26 23 22
26 22 21
26 21 19
26 19 18
26 21 20
27 33 23
27 23 16
27 16 15
27 15 12
27 12 6
27 6 1
27 1 0
27 6 5
27 5 4
27 4 3
27 3 2
27 12 11
27 11 10
27 10 9
27 9 7
27 9 8
27 15 14
27 14 13
27 23 22
27 22 21
27 21 19
27 19 17
27 19 18
27 21 20
27 33 32
27 32 27
27 27 24
27 27 26
27 26 25
27 32 31
27 31 28
27 31 30
27 30 29
28 30 0
28 30 29
28 29 16
28 16 14
28 14 12
28 12 11
28 11 10
28 10 1
28 10 9
28 9 8
28 8 3
28 3 2
28 8 7
28 7 6
28 6 5
28 5 4
28 14 13
28 16 15
28 29 28
28 28 27
28 27 25
28 25 21
28 21 20
28 20 19
28 19 17
28 19 18
28 25 24
28 24 22
28 24 23
28 27 26
29 31 0
29 31 30
29 30 29
29 29 2
29 2 1
29 29 28
29 28 27
29 27 5
29 5 4
29 4 3
29 27 26
29 26 6
29 26 25
29 25 23
29 23 10
29 10 7
29 10 9
29 9 8
29 23 22
29 22 18
29 18 17
29 17 15
29 15 14
29 14 11
29 14 13
29 13 12
29 17 16
29 22 21
29 21 20
29 20 19
29 25 24
30 29 28
30 28 25
30 25 1
30 1 0
30 25 24
30 24 23
30 23 2
30 23 22
30 22 21
30 21 19
30 19 12
30 12 11
30 11 8
30 8 7
30 7 6
30 6 5
30 5 3
30 5 4
30 11 10
30 10 9
30 19 18
30 18 17
30 17 14
30 14 13
30 17 16
30 16 15
30 21 20
30 28 27
30 27 26
31 30 28
31 28 26
31 26 21
31 21 19
31 19 0
31 19 18
31 18 4
31 4 2
31 2 1
31 4 3
31 18 17
31 17 10
31 10 9
31 9 8
31 8 7
31 7 6
31 6 5
31 17 16
31 16 14
31 14 13
31 13 12
31 12 11
31 16 15
31 21 20
31 26 25
31 25 22
31 25 24
31 24 23
31 28 27
31 30 29
32 31 30
32 30 29
32 29 28
32 28 1
32 1 0
32 28 27
32 27 11
32 11 2
32 11 10
32 10 9
32 9 4
32 4 3
32 9 8
32 8 6
32 6 5
32 8 7
32 27 26
32 26 25
32 25 24
32 24 23
32 23 22
32 22 20
32 20 19
32 19 12
32 19 18
32 18 16
32 16 13
32 16 15
32 15 14
32 18 17
32 22 21
33 29 28
33 28 27
33 27 13
33 13 12
33 12 10
33 10 4
33 4 2
33 2 1
33 1 0
33 4 3
33 10 9
33 9 8
33 8 6
33 6 5
33 8 7
33 12 11
33 27 26
33 26 20
33 20 19
33 19 18
33 18 16
33 16 14
33 16 15
33 18 17
33 26 25
33 25 24
33 24 23
33 23 21
33 23 22
34 29 28
34 28 18
34 18 17
34 17 7
34 7 1
34 1 0
34 7 6
34 6 5
34 5 4
34 4 2
34 4 3
34 17 16
34 16 12
34 12 11
34 11 9
34 9 8
34 11 10
34 16 15
34 15 13
34 15 14
34 28 27
34 27 26
34 26 25
34 25 22
34 22 21
34 21 19
34 21 20
34 25 24
34 24 23
35 31 22
35 22 9
35 9 6
35 6 0
35 6 5
35 5 4
35 4 1
35 4 3
35 3 2
35 9 8
35 8 7
35 22 21
35 21 14
35 14 10
35 14 13
35 13 12
35 12 11
35 21 20
35 20 19
35 19 16
35 16 15
35 19 18
35 18 17
35 31 30
35 30 23
35 30 29
35 29 25
35 25 24
35 29 28
35 28 26
35 28 27
36 32 31
36 31 27
36 27 26
36 26 22
36 22 21
36 21 12
36 12 1
36 1 0
36 12 11
36 11 2
36 11 10
36 10 9
36 9 3
36 9 8
36 8 6
36 6 5
36 5 4
36 8 7
36 21 20
36 20 18
36 18 17
36 17 15
36 15 14
36 14 13
36 17 16
36 20 19
36 26 25
36 25 23
36 25 24
36 31 30
36 30 29
36 29 28
37 31 26
37 26 25
37 25 0
37 25 24
37 24 23
37 23 22
37 22 21
37 21 13
37 13 10
37 10 5
37 5 3
37 3 1
37 3 2
37 5 4
37 10 9
37 9 7
37 7 6
37 9 8
37 13 12
37 12 11
37 21 20
37 20 19
37 19 18
37 18 16
37 16 15
37 15 14
37 18 17
37 31 30
37 30 27
37 30 29
37 29 28
38 29 5
38 5 3
38 3 2
38 2 0
38 2 1
38 5 4
38 29 28
38 28 26
38 26 15
38 15 6
38 15 14
38 14 13
38 13 12
38 12 7
38 12 11
38 11 8
38 11 10
38 10 9
38 26 25
38 25 20
38 20 19
38 19 18
38 18 16
38 18 17
38 25 24
38 24 23
38 23 22
38 22 21
38 28 27
39 34 33
39 33 31
39 31 30
39 30 29
39 29 27
39 27 26
39 26 0
39 26 25
39 25 9
39 9 7
39 7 3
39 3 2
39 2 1
39 7 6
39 6 5
39 5 4
39 9 8
39 25 24
39 24 23
39 23 22
39 22 21
39 21 20
39 20 13
39 13 10
39 13 12
39 12 11
39 20 19
39 19 18
39 18 17
39 17 14
39 17 16
39 16 15
39 29 28
39 33 32
40 34 33
40 33 1
40 1 0
40 33 32
40 32 30
40 30 23
40 23 2
40 23 22
40 22 21
40 21 20
40 20 19
40 19 11
40 11 10
40 10 3
40 10 9
40 9 7
40 7 6
40 6 5
40 5 4
40 9 8
40 19 18
40 18 17
40 17 15
40 15 12
40 15 14
40 14 13
40 17 16
40 30 29
40 29 28
40 28 27
40 27 26
40 26 25
40 25 24
40 32 31
41 29 0
41 29 28
41 28 27
41 27 8
41 8 6
41 6 5
41 5 4
41 4 2
41 2 1
41 4 3
41 8 7
41 27 26
41 26 10
41 10 9
41 26 25
41 25 11
41 25 24
41 24 23
41 23 12
41 23 22
41 22 21
41 21 14
41 14 13
41 21 20
41 20 18
41 18 16
41 16 15
41 18 17
41 20 19
42 29 0
42 29 28
42 28 9
42 9 8
42 8 6
42 6 1
42 6 5
42 5 4
42 4 3
42 3 2
42 8 7
42 28 27
42 27 11
42 11 10
42 27 26
42 26 25
42 25 22
42 22 12
42 22 21
42 21 15
42 15 14
42 14 13
42 21 20
42 20 16
42 20 19
42 19 17
42 19 18
42 25 24
42 24 23
43 32 31
43 31 29
43 29 28
43 28 18
43 18 4
43 4 0
43 4 3
43 3 2
43 2 1
43 18 17
43 17 16
43 16 9
43 9 7
43 7 6
43 6 5
43 9 8
43 16 15
43 15 14
43 14 12
43 12 10
43 12 11
43 14 13
43 28 27
43 27 26
43 26 19
43 26 25
43 25 24
43 24 22
43 22 20
43 22 21
43 24 23
43 31 30
44 32 31
44 31 27
44 27 26
44 26 25
44 25 1
44 1 0
44 25 24
44 24 23
44 23 22
44 22 19
44 19 18
44 18 15
44 15 14
44 14 2
44 14 13
44 13 12
44 12 9
44 9 6
44 6 5
44 5 4
44 4 3
44 9 8
44 8 7
44 12 11
44 11 10
44 18 17
44 17 16
44 22 21
44 21 20
44 31 30
44 30 29
44 29 28
45 31 30
45 30 28
45 28 20
45 20 18
45 18 17
45 17 16
45 16 15
45 15 12
45 12 2
45 2 1
45 1 0
45 12 11
45 11 10
45 10 9
45 9 8
45 8 7
45 7 4
45 4 3
45 7 6
45 6 5
45 15 14
45 14 13
45 20 19
45 28 27
45 27 25
45 25 24
45 24 22
45 22 21
45 24 23
45 27 26
45 30 29
46 30 28
46 28 26
46 26 3
46 3 2
46 2 0
46 2 1
46 26 25
46 25 4
46 25 24
46 24 7
46 7 5
46 7 6
46 24 23
46 23 19
46 19 17
46 17 13
46 13 11
46 11 10
46 10 9
46 9 8
46 13 12
46 17 16
46 16 14
46 16 15
46 19 18
46 23 22
46 22 20
46 22 21
46 28 27
46 30 29
47 33 32
47 32 1
47 1 0
47 32 31
47 31 29
47 29 5
47 5 4
47 4 2
47 4 3
47 29 28
47 28 25
47 25 14
47 14 13
47 13 7
47 7 6
47 13 12
47 12 8
47 12 11
47 11 10
47 10 9
47 25 24
47 24 22
47 22 18
47 18 17
47 17 16
47 16 15
47 22 21
47 21 19
47 21 20
47 24 23
47 28 27
47 27 26
47 31 30
48 32 18
48 18 9
48 9 8
48 8 7
48 7 4
48 4 2
48 2 0
48 2 1
48 4 3
48 7 6
48 6 5
48 18 17
48 17 14
48 14 13
48 13 12
48 12 10
48 12 11
48 17 16
48 16 15
48 32 31
48 31 20
48 20 19
48 31 30
48 30 21
48 30 29
48 29 25
48 25 24
48 24 22
48 24 23
48 29 28
48 28 26
48 28 27
49 30 29
49 29 19
49 19 14
49 14 0
49 14 13
49 13 12
49 12 8
49 8 3
49 3 1
49 3 2
49 8 7
49 7 5
49 5 4
49 7 6
49 12 11
49 11 10
49 10 9
49 19 18
49 18 15
49 18 17
49 17 16
49 29 28
49 28 24
49 24 23
49 23 21
49 21 20
49 23 22
49 28 27
49 27 25
49 27 26
50 32 31
50 31 28
50 28 27
50 27 5
50 5 3
50 3 2
50 2 0
50 2 1
50 5 4
50 27 26
50 26 23
50 23 6
50 23 22
50 22 17
50 17 15
50 15 14
50 14 7
50 14 13
50 13 12
50 12 10
50 10 8
50 10 9
50 12 11
50 17 16
50 22 21
50 21 20
50 20 19
50 19 18
50 26 25
50 25 24
50 31 30
50 30 29
51 31 26
51 26 0
51 26 25
51 25 1
51 25 24
51 24 23
51 23 22
51 22 21
51 21 20
51 20 19
51 19 18
51 18 2
51 18 17
51 17 16
51 16 12
51 12 3
51 12 11
51 11 4
51 11 10
51 10 9
51 9 8
51 8 5
51 8 7
51 7 6
51 16 15
51 15 13
51 15 14
51 31 30
51 30 29
51 29 28
51 28 27
52 32 31
52 31 30
52 30 29
52 29 23
52 23 1
52 1 0
52 23 22
52 22 20
52 20 19
52 19 18
52 18 9
52 9 2
52 9 8
52 8 7
52 7 4
52 4 3
52 7 6
52 6 5
52 18 17
52 17 14
52 14 12
52 12 11
52 11 10
52 14 13
52 17 16
52 16 15
52 22 21
52 29 28
52 28 26
52 26 25
52 25 24
52 28 27
53 33 32
53 32 3
53 3 1
53 1 0
53 3 2
53 32 31
53 31 30
53 30 29
53 29 28
53 28 4
53 28 27
53 27 5
53 27 26
53 26 20
53 20 6
53 20 19
53 19 16
53 16 14
53 14 8
53 8 7
53 14 13
53 13 12
53 12 9
53 12 11
53 11 10
53 16 15
53 19 18
53 18 17
53 26 25
53 25 24
53 24 23
53 23 22
53 22 21
54 29 0
54 29 28
54 28 1
54 28 27
54 27 13
54 13 12
54 12 11
54 11 10
54 10 3
54 3 2
54 10 9
54 9 4
54 9 8
54 8 7
54 7 5
54 7 6
54 27 26
54 26 25
54 25 24
54 24 23
54 23 22
54 22 14
54 22 21
54 21 15
54 21 20
54 20 16
54 20 19
54 19 17
54 19 18
55 29 17
55 17 2
55 2 1
55 1 0
55 17 16
55 16 12
55 12 11
55 11 10
55 10 9
55 9 3
55 9 8
55 8 4
55 8 7
55 7 6
55 6 5
55 16 15
55 15 13
55 15 14
55 29 28
55 28 26
55 26 25
55 25 22
55 22 18
55 22 21
55 21 20
55 20 19
55 25 24
55 24 23
55 28 27
56 30 27
56 27 26
56 26 1
56 1 0
56 26 25
56 25 19
56 19 2
56 19 18
56 18 15
56 15 13
56 13 12
56 12 11
56 11 3
56 11 10
56 10 9
56 9 5
56 5 4
56 9 8
56 8 7
56 7 6
56 15 14
56 18 17
56 17 16
56 25 24
56 24 23
56 23 20
56 23 22
56 22 21
56 30 29
56 29 28
57 30 29
57 29 27
57 27 26
57 26 25
57 25 0
57 25 24
57 24 23
57 23 22
57 22 18
57 18 17
57 17 16
57 16 15
57 15 13
57 13 12
57 12 11
57 11 7
57 7 4
57 4 2
57 2 1
57 4 3
57 7 6
57 6 5
57 11 10
57 10 8
57 10 9
57 15 14
57 22 21
57 21 19
57 21 20
57 29 28
58 30 21
58 21 20
58 20 19
58 19 17
58 17 11
58 11 10
58 10 7
58 7 1
58 1 0
58 7 6
58 6 5
58 5 3
58 3 2
58 5 4
58 10 9
58 9 8
58 17 16
58 16 13
58 13 12
58 16 15
58 15 14
58 19 18
58 30 29
58 29 28
58 28 27
58 27 24
58 24 22
58 24 23
58 27 26
58 26 25
59 34 2
59 2 1
59 1 0
59 34 33
59 33 32
59 32 21
59 21 5
59 5 3
59 5 4
59 21 20
59 20 6
59 20 19
59 19 18
59 18 14
59 14 10
59 10 8
59 8 7
59 10 9
59 14 13
59 13 12
59 12 11
59 18 17
59 17 15
59 17 16
59 32 31
59 31 29
59 29 27
59 27 26
59 26 24
59 24 22
59 24 23
59 26 25
59 29 28
59 31 30
60 31 30
60 30 26
60 26 25
60 25 24
60 24 22
60 22 20
60 20 7
60 7 6
60 6 2
60 2 1
60 1 0
60 6 5
60 5 3
60 5 4
60 20 19
60 19 10
60 10 9
60 9 8
60 19 18
60 18 17
60 17 11
60 17 16
60 16 13
60 13 12
60 16 15
60 15 14
60 22 21
60 24 23
60 30 29
60 29 28
60 28 27
61 32 30
61 30 0
61 30 29
61 29 27
61 27 26
61 26 25
61 25 16
61 16 14
61 14 13
61 13 1
61 13 12
61 12 11
61 11 10
61 10 6
61 6 5
61 5 3
61 3 2
61 5 4
61 10 9
61 9 7
61 9 8
61 16 15
61 25 24
61 24 17
61 24 23
61 23 22
61 22 21
61 21 20
61 20 18
61 20 19
61 29 28
61 32 31
62 32 1
62 1 0
62 32 31
62 31 2
62 31 30
62 30 29
62 29 28
62 28 3
62 28 27
62 27 16
62 16 14
62 14 6
62 6 4
62 6 5
62 14 13
62 13 12
62 12 11
62 11 7
62 11 10
62 10 9
62 9 8
62 16 15
62 27 26
62 26 25
62 25 24
62 24 17
62 24 23
62 23 22
62 22 21
62 21 18
62 21 20
62 20 19
63 30 28
63 28 27
63 27 25
63 25 22
63 22 15
63 15 14
63 14 13
63 13 1
63 1 0
63 13 12
63 12 10
63 10 8
63 8 5
63 5 3
63 3 2
63 5 4
63 8 7
63 7 6
63 10 9
63 12 11
63 22 21
63 21 20
63 20 19
63 19 16
63 19 18
63 18 17
63 25 24
63 24 23
63 27 26
63 30 29
64 33 4
64 4 2
64 2 1
64 1 0
64 4 3
64 33 32
64 32 30
64 30 5
64 30 29
64 29 28
64 28 27
64 27 13
64 13 12
64 12 8
64 8 6
64 8 7
64 12 11
64 11 9
64 11 10
64 27 26
64 26 17
64 17 14
64 17 16
64 16 15
64 26 25
64 25 24
64 24 23
64 23 18
64 23 22
64 22 21
64 21 20
64 20 19
64 32 31
65 31 30
65 30 29
65 29 28
65 28 0
65 28 27
65 27 26
65 26 25
65 25 23
65 23 19
65 19 1
65 19 18
65 18 16
65 16 4
65 4 2
65 4 3
65 16 15
65 15 14
65 14 12
65 12 11
65 11 10
65 10 5
65 10 9
65 9 6
65 9 8
65 8 7
65 14 13
65 18 17
65 23 22
65 22 21
65 21 20
65 25 24
66 31 26
66 26 21
66 21 0
66 21 20
66 20 16
66 16 7
66 7 1
66 7 6
66 6 3
66 3 2
66 6 5
66 5 4
66 16 15
66 15 11
66 11 9
66 9 8
66 11 10
66 15 14
66 14 12
66 14 13
66 20 19
66 19 18
66 18 17
66 26 25
66 25 24
66 24 22
66 24 23
66 31 30
66 30 29
66 29 27
66 29 28
67 34 0
67 34 33
67 33 32
67 32 31
67 31 30
67 30 24
67 24 17
67 17 5
67 5 3
67 3 2
67 2 1
67 5 4
67 17 16
67 16 14
67 14 13
67 13 9
67 9 8
67 8 7
67 7 6
67 13 12
67 12 10
67 12 11
67 16 15
67 24 23
67 23 21
67 21 20
67 20 18
67 20 19
67 23 22
67 30 29
67 29 25
67 29 28
67 28 26
67 28 27
68 29 1
68 1 0
68 29 28
68 28 26
68 26 22
68 22 3
68 3 2
68 22 21
68 21 19
68 19 6
68 6 4
68 6 5
68 19 18
68 18 7
68 18 17
68 17 16
68 16 8
68 16 15
68 15 14
68 14 9
68 14 13
68 13 11
68 11 10
68 13 12
68 21 20
68 26 25
68 25 24
68 24 23
68 28 27
69 34 31
69 31 2
69 2 1
69 1 0
69 31 30
69 30 4
69 4 3
69 30 29
69 29 5
69 29 28
69 28 26
69 26 19
69 19 6
69 19 18
69 18 14
69 14 7
69 14 13
69 13 11
69 11 9
69 9 8
69 11 10
69 13 12
69 18 17
69 17 16
69 16 15
69 26 25
69 25 24
69 24 20
69 24 23
69 23 22
69 22 21
69 28 27
69 34 33
69 33 32
70 31 30
70 30 29
70 29 28
70 28 1
70 1 0
70 28 27
70 27 26
70 26 4
70 4 3
70 3 2
70 26 25
70 25 24
70 24 9
70 9 8
70 8 7
70 7 5
70 7 6
70 24 23
70 23 11
70 11 10
70 23 22
70 22 14
70 14 12
70 14 13
70 22 21
70 21 20
70 20 15
70 20 19
70 19 16
70 19 18
70 18 17
71 31 30
71 30 1
71 1 0
71 30 29
71 29 27
71 27 26
71 26 2
71 26 25
71 25 24
71 24 21
71 21 20
71 20 19
71 19 18
71 18 17
71 17 3
71 17 16
71 16 15
71 15 14
71 14 13
71 13 12
71 12 11
71 11 10
71 10 5
71 5 4
71 10 9
71 9 8
71 8 6
71 8 7
71 24 23
71 23 22
71 29 28
72 33 30
72 30 29
72 29 8
72 8 5
72 5 0
72 5 4
72 4 3
72 3 1
72 3 2
72 8 7
72 7 6
72 29 28
72 28 26
72 26 25
72 25 9
72 25 24
72 24 18
72 18 12
72 12 10
72 12 11
72 18 17
72 17 14
72 14 13
72 17 16
72 16 15
72 24 23
72 23 19
72 23 22
72 22 21
72 21 20
72 28 27
72 33 32
72 32 31
73 32 20
73 20 19
73 19 18
73 18 16
73 16 15
73 15 13
73 13 10
73 10 9
73 9 8
73 8 7
73 7 6
73 6 4
73 4 3
73 3 0
73 3 2
73 2 1
73 6 5
73 13 12
73 12 11
73 15 14
73 18 17
73 32 31
73 31 22
73 22 21
73 31 30
73 30 29
73 29 26
73 26 24
73 24 23
73 26 25
73 29 28
73 28 27
74 30 1
74 1 0
74 30 29
74 29 26
74 26 25
74 25 24
74 24 23
74 23 22
74 22 21
74 21 19
74 19 12
74 12 11
74 11 9
74 9 2
74 9 8
74 8 7
74 7 6
74 6 3
74 6 5
74 5 4
74 11 10
74 19 18
74 18 16
74 16 13
74 16 15
74 15 14
74 18 17
74 21 20
74 29 28
74 28 27
75 32 6
75 6 4
75 4 3
75 3 2
75 2 0
75 2 1
75 6 5
75 32 31
75 31 30
75 30 28
75 28 25
75 25 24
75 24 23
75 23 8
75 8 7
75 23 22
75 22 9
75 22 21
75 21 20
75 20 11
75 11 10
75 20 19
75 19 17
75 17 12
75 17 16
75 16 14
75 14 13
75 16 15
75 19 18
75 28 27
75 27 26
75 30 29
76 29 0
76 29 28
76 28 2
76 2 1
76 28 27
76 27 26
76 26 3
76 26 25
76 25 8
76 8 4
76 8 7
76 7 5
76 7 6
76 25 24
76 24 9
76 24 23
76 23 12
76 12 11
76 11 10
76 23 22
76 22 17
76 17 16
76 16 14
76 14 13
76 16 15
76 22 21
76 21 20
76 20 19
76 19 18
77 33 30
77 30 29
77 29 28
77 28 27
77 27 26
77 26 25
77 25 22
77 22 7
77 7 0
77 7 6
77 6 5
77 5 2
77 2 1
77 5 4
77 4 3
77 22 21
77 21 8
77 21 20
77 20 9
77 20 19
77 19 11
77 11 10
77 19 18
77 18 12
77 18 17
77 17 13
77 17 16
77 16 15
77 15 14
77 25 24
77 24 23
77 33 32
77 32 31
78 29 28
78 28 27
78 27 1
78 1 0
78 27 26
78 26 2
78 26 25
78 25 19
78 19 17
78 17 16
78 16 3
78 16 15
78 15 14
78 14 5
78 5 4
78 14 13
78 13 9
78 9 6
78 9 8
78 8 7
78 13 12
78 12 10
78 12 11
78 19 18
78 25 24
78 24 20
78 24 23
78 23 21
78 23 22
79 31 30
79 30 1
79 1 0
79 30 29
79 29 28
79 28 4
79 4 3
79 3 2
79 28 27
79 27 25
79 25 23
79 23 20
79 20 19
79 19 5
79 19 18
79 18 13
79 13 12
79 12 6
79 12 11
79 11 8
79 8 7
79 11 10
79 10 9
79 18 17
79 17 16
79 16 15
79 15 14
79 23 22
79 22 21
79 25 24
79 27 26
80 32 29
80 29 0
80 29 28
80 28 7
80 7 6
80 6 1
80 6 5
80 5 4
80 4 3
80 3 2
80 28 27
80 27 25
80 25 24
80 24 8
80 24 23
80 23 21
80 21 16
80 16 15
80 15 11
80 11 9
80 11 10
80 15 14
80 14 12
80 14 13
80 21 20
80 20 17
80 20 19
80 19 18
80 23 22
80 27 26
80 32 31
80 31 30
81 32 23
81 23 21
81 21 3
81 3 2
81 2 1
81 1 0
81 21 20
81 20 4
81 20 19
81 19 17
81 17 12
81 12 11
81 11 10
81 10 6
81 6 5
81 10 9
81 9 8
81 8 7
81 17 16
81 16 15
81 15 13
81 15 14
81 19 18
81 23 22
81 32 31
81 31 29
81 29 27
81 27 26
81 26 25
81 25 24
81 29 28
81 31 30
82 33 0
82 33 32
82 32 31
82 31 30
82 30 28
82 28 26
82 26 25
82 25 24
82 24 7
82 7 6
82 6 2
82 2 1
82 6 5
82 5 3
82 5 4
82 24 23
82 23 19
82 19 18
82 18 12
82 12 9
82 9 8
82 12 11
82 11 10
82 18 17
82 17 16
82 16 15
82 15 14
82 14 13
82 23 22
82 22 21
82 21 20
82 28 27
82 30 29
83 29 28
83 28 22
83 22 2
83 2 0
83 2 1
83 22 21
83 21 20
83 20 19
83 19 18
83 18 16
83 16 14
83 14 5
83 5 4
83 4 3
83 14 13
83 13 12
83 12 11
83 11 10
83 10 8
83 8 6
83 8 7
83 10 9
83 16 15
83 18 17
83 28 27
83 27 23
83 27 26
83 26 24
83 26 25
84 29 28
84 28 25
84 25 0
84 25 24
84 24 23
84 23 22
84 22 1
84 22 21
84 21 2
84 21 20
84 20 19
84 19 18
84 18 3
84 18 17
84 17 16
84 16 15
84 15 8
84 8 4
84 8 7
84 7 6
84 6 5
84 15 14
84 14 13
84 13 10
84 10 9
84 13 12
84 12 11
84 28 27
84 27 26
85 32 31
85 31 30
85 30 29
85 29 25
85 25 24
85 24 23
85 23 17
85 17 15
85 15 13
85 13 1
85 1 0
85 13 12
85 12 11
85 11 10
85 10 6
85 6 5
85 5 2
85 5 4
85 4 3
85 10 9
85 9 8
85 8 7
85 15 14
85 17 16
85 23 22
85 22 20
85 20 19
85 19 18
85 22 21
85 29 28
85 28 26
85 28 27
86 34 32
86 32 30
86 30 0
86 30 29
86 29 28
86 28 16
86 16 15
86 15 11
86 11 7
86 7 1
86 7 6
86 6 5
86 5 4
86 4 2
86 4 3
86 11 10
86 10 8
86 10 9
86 15 14
86 14 12
86 14 13
86 28 27
86 27 17
86 27 26
86 26 25
86 25 21
86 21 20
86 20 18
86 20 19
86 25 24
86 24 23
86 23 22
86 32 31
86 34 33
87 31 25
87 25 23
87 23 22
87 22 21
87 21 20
87 20 1
87 1 0
87 20 19
87 19 17
87 17 15
87 15 14
87 14 4
87 4 3
87 3 2
87 14 13
87 13 8
87 8 6
87 6 5
87 8 7
87 13 12
87 12 9
87 12 11
87 11 10
87 17 16
87 19 18
87 25 24
87 31 30
87 30 28
87 28 27
87 27 26
87 30 29
88 31 30
88 30 29
88 29 0
88 29 28
88 28 27
88 27 24
88 24 22
88 22 21
88 21 7
88 7 6
88 6 4
88 4 3
88 3 2
88 2 1
88 6 5
88 21 20
88 20 13
88 13 12
88 12 11
88 11 10
88 10 9
88 9 8
88 20 19
88 19 14
88 19 18
88 18 15
88 18 17
88 17 16
88 24 23
88 27 26
88 26 25
89 30 28
89 28 4
89 4 2
89 2 1
89 1 0
89 4 3
89 28 27
89 27 10
89 10 9
89 9 5
89 9 8
89 8 6
89 8 7
89 27 26
89 26 25
89 25 24
89 24 23
89 23 13
89 13 11
89 13 12
89 23 22
89 22 15
89 15 14
89 22 21
89 21 16
89 21 20
89 20 19
89 19 18
89 18 17
89 30 29
90 30 4
90 4 0
90 4 3
90 3 2
90 2 1
90 30 29
90 29 13
90 13 12
90 12 11
90 11 6
90 6 5
90 11 10
90 10 9
90 9 8
90 8 7
90 29 28
90 28 27
90 27 25
90 25 16
90 16 15
90 15 14
90 25 24
90 24 17
90 24 23
90 23 22
90 22 20
90 20 19
90 19 18
90 22 21
90 27 26
91 34 33
91 33 31
91 31 9
91 9 2
91 2 0
91 2 1
91 9 8
91 8 6
91 6 3
91 6 5
91 5 4
91 8 7
91 31 30
91 30 29
91 29 28
91 28 23
91 23 20
91 20 19
91 19 18
91 18 14
91 14 13
91 13 12
91 12 11
91 11 10
91 18 17
91 17 16
91 16 15
91 23 22
91 22 21
91 28 27
91 27 26
91 26 24
91 26 25
91 33 32
92 30 28
92 28 3
92 3 2
92 2 0
92 2 1
92 28 27
92 27 4
92 27 26
92 26 7
92 7 6
92 6 5
92 26 25
92 25 22
92 22 8
92 22 21
92 21 10
92 10 9
92 21 20
92 20 11
92 20 19
92 19 14
92 14 13
92 13 12
92 19 18
92 18 16
92 16 15
92 18 17
92 25 24
92 24 23
92 30 29
93 30 28
93 28 27
93 27 23
93 23 16
93 16 14
93 14 13
93 13 6
93 6 5
93 5 4
93 4 0
93 4 3
93 3 2
93 2 1
93 13 12
93 12 7
93 12 11
93 11 10
93 10 8
93 10 9
93 16 15
93 23 22
93 22 18
93 18 17
93 22 21
93 21 19
93 21 20
93 27 26
93 26 24
93 26 25
93 30 29
94 29 28
94 28 21
94 21 20
94 20 13
94 13 0
94 13 12
94 12 10
94 10 9
94 9 2
94 2 1
94 9 8
94 8 7
94 7 3
94 7 6
94 6 5
94 5 4
94 12 11
94 20 19
94 19 14
94 19 18
94 18 17
94 17 16
94 16 15
94 28 27
94 27 23
94 23 22
94 27 26
94 26 24
94 26 25
95 31 29
95 29 28
95 28 8
95 8 6
95 6 4
95 4 1
95 1 0
95 4 3
95 3 2
95 6 5
95 8 7
95 28 27
95 27 25
95 25 23
95 23 20
95 20 19
95 19 18
95 18 16
95 16 14
95 14 12
95 12 9
95 12 11
95 11 10
95 14 13
95 16 15
95 18 17
95 23 22
95 22 21
95 25 24
95 27 26
95 31 30
96 30 19
96 19 17
96 17 0
96 17 16
96 16 1
96 16 15
96 15 13
96 13 4
96 4 3
96 3 2
96 13 12
96 12 11
96 11 10
96 10 8
96 8 6
96 6 5
96 8 7
96 10 9
96 15 14
96 19 18
96 30 29
96 29 20
96 29 28
96 28 21
96 28 27
96 27 22
96 27 26
96 26 23
96 26 25
96 25 24
97 32 24
97 24 23
97 23 21
97 21 6
97 6 5
97 5 4
97 4 3
97 3 2
97 2 1
97 1 0
97 21 20
97 20 15
97 15 7
97 15 14
97 14 10
97 10 8
97 10 9
97 14 13
97 13 11
97 13 12
97 20 19
97 19 16
97 19 18
97 18 17
97 23 22
97 32 31
97 31 30
97 30 29
97 29 28
97 28 26
97 26 25
97 28 27
98 34 33
98 33 29
98 29 28
98 28 0
98 28 27
98 27 3
98 3 1
98 3 2
98 27 26
98 26 24
98 24 17
98 17 15
98 15 14
98 14 13
98 13 11
98 11 4
98 11 10
98 10 7
98 7 6
98 6 5
98 10 9
98 9 8
98 13 12
98 17 16
98 24 23
98 23 22
98 22 18
98 22 21
98 21 19
98 21 20
98 26 25
98 33 32
98 32 30
98 32 31
99 30 27
99 27 12
99 12 11
99 11 0
99 11 10
99 10 1
99 10 9
99 9 7
99 7 2
99 7 6
99 6 3
99 6 5
99 5 4
99 9 8
99 27 26
99 26 25
99 25 24
99 24 16
99 16 14
99 14 13
99 16 15
99 24 23
99 23 17
99 23 22
99 22 18
99 22 21
99 21 20
99 20 19
99 30 29
99 29 28
100 29 28
100 28 27
100 27 12
100 12 11
100 11 10
100 10 2
100 2 1
100 1 0
100 10 9
100 9 5
100 5 4
100 4 3
100 9 8
100 8 6
100 8 7
100 27 26
100 26 24
100 24 23
100 23 13
100 23 22
100 22 15
100 15 14
100 22 21
100 21 18
100 18 16
100 18 17
100 21 20
100 20 19
100 26 25
101 30 10
101 10 0
101 10 9
101 9 2
101 2 1
101 9 8
101 8 4
101 4 3
101 8 7
101 7 5
101 7 6
101 30 29
101 29 27
101 27 12
101 12 11
101 27 26
101 26 24
101 24 13
101 24 23
101 23 22
101 22 21
101 21 20
101 20 14
101 20 19
101 19 18
101 18 17
101 17 16
101 16 15
101 26 25
101 29 28
