1 34 33
1 33 20
1 20 19
1 19 18
1 18 12
1 12 10
1 10 9
1 9 8
1 8 7
1 7 5
1 5 3
1 3 2
1 2 1
1 1 0
1 5 4
1 7 6
1 12 11
1 18 17
1 17 15
1 15 13
1 15 14
1 17 16
1 33 32
1 32 23
1 23 22
1 22 21
1 32 31
1 31 30
1 30 29
1 29 28
1 28 24
1 28 27
1 27 26
1 26 25
2 30 29
2 29 28
2 28 26
2 26 4
2 4 1
2 1 0
2 4 3
2 3 2
2 26 25
2 25 20
2 20 19
2 19 17
2 17 9
2 9 8
2 8 6
2 6 5
2 8 7
2 17 16
2 16 11
2 11 10
2 16 15
2 15 14
2 14 13
2 13 12
2 19 18
2 25 24
2 24 21
2 24 23
2 23 22
2 28 27
3 31 30
3 30 26
3 26 16
3 16 15
3 15 13
3 13 12
3 12 8
3 8 4
3 4 3
3 3 2
3 2 0
3 2 1
3 8 7
3 7 6
3 6 5
3 12 11
3 11 9
3 11 10
3 15 14
3 26 25
3 25 20
3 20 19
3 19 18
3 18 17
3 25 24
3 24 21
3 24 23
3 23 22
3 30 29
3 29 27
3 29 28
4 29 26
4 26 25
4 25 24
4 24 20
4 20 18
4 18 17
4 17 12
4 12 10
4 10 2
4 2 0
4 2 1
4 10 9
4 9 6
4 6 5
4 5 3
4 5 4
4 9 8
4 8 7
4 12 11
4 17 16
4 16 15
4 15 13
4 15 14
4 20 19
4 24 23
4 23 22
4 22 21
4 29 28
4 28 27
5 30 28
5 28 0
5 28 27
5 27 24
5 24 21
5 21 9
5 9 2
5 2 1
5 9 8
5 8 6
5 6 4
5 4 3
5 6 5
5 8 7
5 21 20
5 20 19
5 19 11
5 11 10
5 19 18
5 18 17
5 17 16
5 16 12
5 16 15
5 15 14
5 14 13
5 24 23
5 23 22
5 27 26
5 26 25
5 30 29
6 34 33
6 33 0
6 33 32
6 32 30
6 30 29
6 29 15
6 15 6
6 6 1
6 6 5
6 5 4
6 4 3
6 3 2
6 15 14
6 14 13
6 13 8
6 8 7
6 13 12
6 12 11
6 11 10
6 10 9
6 29 28
6 28 27
6 27 16
6 27 26
6 26 25
6 25 22
6 22 17
6 22 21
6 21 20
6 20 19
6 19 18
6 25 24
6 24 23
6 32 31
7 31 30
7 30 29
7 29 28
7 28 25
7 25 1
7 1 0
7 25 24
7 24 16
7 16 9
7 9 6
7 6 3
7 3 2
7 6 5
7 5 4
7 9 8
7 8 7
7 16 15
7 15 14
7 14 10
7 14 13
7 13 12
7 12 11
7 24 23
7 23 22
7 22 21
7 21 19
7 19 18
7 18 17
7 21 20
7 28 27
7 27 26
8 30 0
8 30 29
8 29 22
8 22 21
8 21 17
8 17 14
8 14 10
8 10 8
8 8 7
8 7 4
8 4 1
8 4 3
8 3 2
8 7 6
8 6 5
8 10 9
8 14 13
8 13 11
8 13 12
8 17 16
8 16 15
8 21 20
8 20 19
8 19 18
8 29 28
8 28 27
8 27 26
8 26 25
8 25 23
8 25 24
9 29 4
9 4 2
9 2 0
9 2 1
9 4 3
9 29 28
9 28 27
9 27 5
9 27 26
9 26 25
9 25 9
9 9 7
9 7 6
9 9 8
9 25 24
9 24 23
9 23 21
9 21 19
9 19 10
9 19 18
9 18 16
9 16 15
9 15 13
9 13 12
9 12 11
9 15 14
9 18 17
9 21 20
9 23 22
10 29 27
10 27 26
10 26 0
10 26 25
10 25 16
10 16 1
10 16 15
10 15 10
10 10 9
10 9 4
10 4 3
10 3 2
10 9 8
10 8 5
10 8 7
10 7 6
10 15 14
10 14 12
10 12 11
10 14 13
10 25 24
10 24 20
10 20 19
10 19 17
10 19 18
10 24 23
10 23 22
10 22 21
10 29 28
11 33 0
11 33 32
11 32 30
11 30 29
11 29 3
11 3 1
11 3 2
11 29 28
11 28 8
11 8 7
11 7 6
11 6 5
11 5 4
11 28 27
11 27 11
11 11 10
11 10 9
11 27 26
11 26 13
11 13 12
11 26 25
11 25 23
11 23 22
11 22 19
11 19 18
11 18 15
11 15 14
11 18 17
11 17 16
11 22 21
11 21 20
11 25 24
11 32 31
12 31 20
12 20 13
12 13 12
12 12 0
12 12 11
12 11 1
12 11 10
12 10 2
12 10 9
12 9 3
12 9 8
12 8 7
12 7 4
12 7 6
12 6 5
12 20 19
12 19 18
12 18 16
12 16 15
12 15 14
12 18 17
12 31 30
12 30 29
12 29 28
12 28 21
12 28 27
12 27 25
12 25 24
12 24 22
12 24 23
12 27 26
13 31 30
13 30 29
13 29 12
13 12 6
13 6 4
13 4 0
13 4 3
13 3 2
13 2 1
13 6 5
13 12 11
13 11 7
13 11 10
13 10 8
13 10 9
13 29 28
13 28 26
13 26 20
13 20 14
13 14 13
13 20 19
13 19 18
13 18 15
13 18 17
13 17 16
13 26 25
13 25 21
13 25 24
13 24 23
13 23 22
13 28 27
14 34 23
14 23 22
14 22 20
14 20 17
14 17 3
14 3 0
14 3 2
14 2 1
14 17 16
14 16 6
14 6 5
14 5 4
14 16 15
14 15 14
14 14 13
14 13 12
14 12 11
14 11 10
14 10 9
14 9 8
14 8 7
14 20 19
14 19 18
14 22 21
14 34 33
14 33 24
14 33 32
14 32 30
14 30 26
14 26 25
14 30 29
14 29 28
14 28 27
14 32 31
15 30 29
15 29 1
15 1 0
15 29 28
15 28 2
15 28 27
15 27 25
15 25 4
15 4 3
15 25 24
15 24 18
15 18 16
15 16 14
15 14 13
15 13 12
15 12 10
15 10 9
15 9 5
15 9 8
15 8 7
15 7 6
15 12 11
15 16 15
15 18 17
15 24 23
15 23 20
15 20 19
15 23 22
15 22 21
15 27 26
16 29 18
16 18 0
16 18 17
16 17 16
16 16 15
16 15 14
16 14 13
16 13 7
16 7 2
16 2 1
16 7 6
16 6 5
16 5 3
16 5 4
16 13 12
16 12 10
16 10 9
16 9 8
16 12 11
16 29 28
16 28 19
16 28 27
16 27 25
16 25 24
16 24 23
16 23 22
16 22 20
16 22 21
16 27 26
17 30 29
17 29 25
17 25 24
17 24 1
17 1 0
17 24 23
17 23 15
17 15 13
17 13 12
17 12 11
17 11 2
17 11 10
17 10 4
17 4 3
17 10 9
17 9 8
17 8 6
17 6 5
17 8 7
17 15 14
17 23 22
17 22 21
17 21 17
17 17 16
17 21 20
17 20 18
17 20 19
17 29 28
17 28 27
17 27 26
18 32 24
18 24 20
18 20 19
18 19 0
18 19 18
18 18 16
18 16 14
18 14 13
18 13 1
18 13 12
18 12 2
18 12 11
18 11 3
18 11 10
18 10 4
18 10 9
18 9 5
18 9 8
18 8 7
18 7 6
18 16 15
18 18 17
18 24 23
18 23 21
18 23 22
18 32 31
18 31 29
18 29 25
18 29 28
18 28 26
18 28 27
18 31 30
19 30 29
19 29 2
19 2 1
19 1 0
19 29 28
19 28 27
19 27 23
19 23 22
19 22 5
19 5 3
19 5 4
19 22 21
19 21 6
19 21 20
19 20 8
19 8 7
19 20 19
19 19 18
19 18 17
19 17 11
19 11 10
19 10 9
19 17 16
19 16 13
19 13 12
19 16 15
19 15 14
19 27 26
19 26 24
19 26 25
20 34 33
20 33 2
20 2 0
20 2 1
20 33 32
20 32 3
20 32 31
20 31 30
20 30 29
20 29 28
20 28 22
20 22 21
20 21 20
20 20 6
20 6 5
20 5 4
20 20 19
20 19 15
20 15 9
20 9 8
20 8 7
20 15 14
20 14 13
20 13 12
20 12 10
20 12 11
20 19 18
20 18 16
20 18 17
20 28 27
20 27 26
20 26 25
20 25 23
20 25 24
21 30 29
21 29 28
21 28 2
21 2 0
21 2 1
21 28 27
21 27 23
21 23 19
21 19 10
21 10 3
21 10 9
21 9 8
21 8 7
21 7 5
21 5 4
21 7 6
21 19 18
21 18 16
21 16 14
21 14 12
21 12 11
21 14 13
21 16 15
21 18 17
21 23 22
21 22 20
21 22 21
21 27 26
21 26 25
21 25 24
22 32 25
22 25 0
22 25 24
22 24 22
22 22 6
22 6 3
22 3 1
22 3 2
22 6 5
22 5 4
22 22 21
22 21 15
22 15 13
22 13 10
22 10 9
22 9 8
22 8 7
22 13 12
22 12 11
22 15 14
22 21 20
22 20 19
22 19 18
22 18 16
22 18 17
22 24 23
22 32 31
22 31 27
22 27 26
22 31 30
22 30 28
22 30 29
23 32 31
23 31 29
23 29 26
23 26 2
23 2 1
23 1 0
23 26 25
23 25 18
23 18 13
23 13 11
23 11 8
23 8 7
23 7 5
23 5 4
23 4 3
23 7 6
23 11 10
23 10 9
23 13 12
23 18 17
23 17 16
23 16 15
23 15 14
23 25 24
23 24 20
23 20 19
23 24 23
23 23 22
23 22 21
23 29 28
23 28 27
23 31 30
24 33 1
24 1 0
24 33 32
24 32 19
24 19 3
24 3 2
24 19 18
24 18 17
24 17 10
24 10 9
24 9 8
24 8 7
24 7 4
24 7 6
24 6 5
24 17 16
24 16 15
24 15 14
24 14 13
24 13 12
24 12 11
24 32 31
24 31 29
24 29 25
24 25 21
24 21 20
24 25 24
24 24 22
24 24 23
24 29 28
24 28 27
24 27 26
24 31 30
25 32 0
25 32 31
25 31 29
25 29 28
25 28 4
25 4 3
25 3 1
25 3 2
25 28 27
25 27 12
25 12 11
25 11 10
25 10 8
25 8 6
25 6 5
25 8 7
25 10 9
25 27 26
25 26 24
25 24 19
25 19 18
25 18 13
25 18 17
25 17 16
25 16 14
25 16 15
25 24 23
25 23 21
25 21 20
25 23 22
25 26 25
25 31 30
26 29 28
26 28 27
26 27 26
26 26 3
26 3 2
26 2 1
26 1 0
26 26 25
26 25 24
26 24 15
26 15 14
26 14 13
26 13 6
26 6 5
26 5 4
26 13 12
26 12 10
26 10 7
26 10 9
26 9 8
26 12 11
26 24 23
26 23 22
26 22 16
26 22 21
26 21 20
26 20 19
26 19 18
26 18 17
27 32 31
27 31 30
27 30 0
27 30 29
27 29 28
27 28 4
27 4 1
27 4 3
27 3 2
27 28 27
27 27 23
27 23 22
27 22 20
27 20 15
27 15 12
27 12 5
27 12 11
27 11 10
27 10 9
27 9 6
27 9 8
27 8 7
27 15 14
27 14 13
27 20 19
27 19 16
27 19 18
27 18 17
27 22 21
27 27 26
27 26 24
27 26 25
28 32 31
28 31 4
28 4 3
28 3 0
28 3 2
28 2 1
28 31 30
28 30 5
28 30 29
28 29 28
28 28 7
28 7 6
28 28 27
28 27 24
28 24 10
28 10 9
28 9 8
28 24 23
28 23 22
28 22 21
28 21 19
28 19 18
28 18 13
28 13 11
28 13 12
28 18 17
28 17 14
28 17 16
28 16 15
28 21 20
28 27 26
28 26 25
29 33 32
29 32 6
29 6 0
29 6 5
29 5 4
29 4 2
29 2 1
29 4 3
29 32 31
29 31 30
29 30 29
29 29 27
29 27 26
29 26 8
29 8 7
29 26 25
29 25 24
29 24 23
29 23 9
29 23 22
29 22 13
29 13 10
29 13 12
29 12 11
29 22 21
29 21 16
29 16 14
29 16 15
29 21 20
29 20 19
29 19 17
29 19 18
29 29 28
30 31 4
30 4 3
30 3 2
30 2 1
30 1 0
30 31 30
30 30 6
30 6 5
30 30 29
30 29 27
30 27 26
30 26 23
30 23 22
30 22 11
30 11 8
30 8 7
30 11 10
30 10 9
30 22 21
30 21 17
30 17 15
30 15 13
30 13 12
30 15 14
30 17 16
30 21 20
30 20 18
30 20 19
30 26 25
30 25 24
30 29 28
31 32 29
31 29 27
31 27 1
31 1 0
31 27 26
31 26 2
31 26 25
31 25 23
31 23 4
31 4 3
31 23 22
31 22 20
31 20 19
31 19 5
31 19 18
31 18 14
31 14 7
31 7 6
31 14 13
31 13 12
31 12 11
31 11 8
31 11 10
31 10 9
31 18 17
31 17 16
31 16 15
31 22 21
31 25 24
31 29 28
31 32 31
31 31 30
32 30 7
32 7 0
32 7 6
32 6 1
32 6 5
32 5 4
32 4 2
32 4 3
32 30 29
32 29 28
32 28 27
32 27 26
32 26 25
32 25 24
32 24 23
32 23 21
32 21 8
32 21 20
32 20 9
32 20 19
32 19 17
32 17 16
32 16 15
32 15 13
32 13 10
32 13 12
32 12 11
32 15 14
32 19 18
32 23 22
33 29 27
33 27 0
33 27 26
33 26 17
33 17 4
33 4 2
33 2 1
33 4 3
33 17 16
33 16 15
33 15 14
33 14 13
33 13 12
33 12 11
33 11 10
33 10 8
33 8 6
33 6 5
33 8 7
33 10 9
33 26 25
33 25 18
33 25 24
33 24 21
33 21 19
33 21 20
33 24 23
33 23 22
33 29 28
34 30 29
34 29 28
34 28 0
34 28 27
34 27 24
34 24 22
34 22 20
34 20 1
34 20 19
34 19 18
34 18 3
34 3 2
34 18 17
34 17 16
34 16 15
34 15 14
34 14 13
34 13 11
34 11 8
34 8 6
34 6 5
34 5 4
34 8 7
34 11 10
34 10 9
34 13 12
34 22 21
34 24 23
34 27 26
34 26 25
35 34 28
35 28 26
35 26 25
35 25 1
35 1 0
35 25 24
35 24 23
35 23 17
35 17 13
35 13 7
35 7 2
35 7 6
35 6 5
35 5 4
35 4 3
35 13 12
35 12 11
35 11 8
35 11 10
35 10 9
35 17 16
35 16 14
35 16 15
35 23 22
35 22 21
35 21 20
35 20 19
35 19 18
35 28 27
35 34 33
35 33 31
35 31 30
35 30 29
35 33 32
36 31 0
36 31 30
36 30 14
36 14 7
36 7 6
36 6 5
36 5 1
36 5 4
36 4 3
36 3 2
36 14 13
36 13 12
36 12 8
36 12 11
36 11 10
36 10 9
36 30 29
36 29 28
36 28 20
36 20 16
36 16 15
36 20 19
36 19 18
36 18 17
36 28 27
36 27 25
36 25 24
36 24 23
36 23 22
36 22 21
36 27 26
37 30 28
37 28 24
37 24 4
37 4 2
37 2 1
37 1 0
37 4 3
37 24 23
37 23 22
37 22 5
37 22 21
37 21 11
37 11 8
37 8 6
37 8 7
37 11 10
37 10 9
37 21 20
37 20 12
37 20 19
37 19 18
37 18 16
37 16 14
37 14 13
37 16 15
37 18 17
37 28 27
37 27 25
37 27 26
37 30 29
38 31 0
38 31 30
38 30 3
38 3 2
38 2 1
38 30 29
38 29 20
38 20 18
38 18 5
38 5 4
38 18 17
38 17 16
38 16 15
38 15 12
38 12 11
38 11 10
38 10 9
38 9 8
38 8 7
38 7 6
38 15 14
38 14 13
38 20 19
38 29 28
38 28 22
38 22 21
38 28 27
38 27 26
38 26 25
38 25 24
38 24 23
39 32 31
39 31 30
39 30 29
39 29 28
39 28 27
39 27 25
39 25 23
39 23 21
39 21 20
39 20 0
39 20 19
39 19 18
39 18 4
39 4 3
39 3 2
39 2 1
39 18 17
39 17 13
39 13 5
39 13 12
39 12 6
39 12 11
39 11 7
39 11 10
39 10 8
39 10 9
39 17 16
39 16 15
39 15 14
39 23 22
39 25 24
39 27 26
40 33 1
40 1 0
40 33 32
40 32 2
40 32 31
40 31 12
40 12 10
40 10 8
40 8 3
40 8 7
40 7 5
40 5 4
40 7 6
40 10 9
40 12 11
40 31 30
40 30 28
40 28 25
40 25 18
40 18 17
40 17 15
40 15 13
40 15 14
40 17 16
40 25 24
40 24 23
40 23 22
40 22 21
40 21 20
40 20 19
40 28 27
40 27 26
40 30 29
41 33 27
41 27 26
41 26 20
41 20 19
41 19 17
41 17 0
41 17 16
41 16 12
41 12 4
41 4 3
41 3 2
41 2 1
41 12 11
41 11 7
41 7 6
41 6 5
41 11 10
41 10 9
41 9 8
41 16 15
41 15 14
41 14 13
41 19 18
41 26 25
41 25 21
41 25 24
41 24 23
41 23 22
41 33 32
41 32 30
41 30 28
41 30 29
41 32 31
42 29 0
42 29 28
42 28 26
42 26 24
42 24 23
42 23 2
42 2 1
42 23 22
42 22 20
42 20 19
42 19 12
42 12 6
42 6 5
42 5 4
42 4 3
42 12 11
42 11 10
42 10 7
42 10 9
42 9 8
42 19 18
42 18 14
42 14 13
42 18 17
42 17 15
42 17 16
42 22 21
42 26 25
42 28 27
43 30 29
43 29 28
43 28 27
43 27 26
43 26 25
43 25 24
43 24 22
43 22 2
43 2 1
43 1 0
43 22 21
43 21 19
43 19 4
43 4 3
43 19 18
43 18 5
43 18 17
43 17 16
43 16 15
43 15 6
43 15 14
43 14 13
43 13 12
43 12 8
43 8 7
43 12 11
43 11 10
43 10 9
43 21 20
43 24 23
44 33 31
44 31 7
44 7 6
44 6 0
44 6 5
44 5 1
44 5 4
44 4 2
44 4 3
44 31 30
44 30 20
44 20 18
44 18 17
44 17 16
44 16 15
44 15 9
44 9 8
44 15 14
44 14 13
44 13 12
44 12 11
44 11 10
44 20 19
44 30 29
44 29 28
44 28 26
44 26 25
44 25 24
44 24 22
44 22 21
44 24 23
44 28 27
44 33 32
45 33 31
45 31 10
45 10 0
45 10 9
45 9 7
45 7 6
45 6 2
45 2 1
45 6 5
45 5 3
45 5 4
45 9 8
45 31 30
45 30 28
45 28 11
45 28 27
45 27 25
45 25 18
45 18 16
45 16 15
45 15 14
45 14 12
45 14 13
45 18 17
45 25 24
45 24 22
45 22 21
45 21 20
45 20 19
45 24 23
45 27 26
45 30 29
45 33 32
46 34 31
46 31 28
46 28 21
46 21 1
46 1 0
46 21 20
46 20 3
46 3 2
46 20 19
46 19 18
46 18 17
46 17 16
46 16 15
46 15 12
46 12 4
46 12 11
46 11 10
46 10 8
46 8 7
46 7 5
46 7 6
46 10 9
46 15 14
46 14 13
46 28 27
46 27 26
46 26 22
46 26 25
46 25 23
46 25 24
46 31 30
46 30 29
46 34 33
46 33 32
47 31 7
47 7 3
47 3 1
47 1 0
47 3 2
47 7 6
47 6 5
47 5 4
47 31 30
47 30 29
47 29 28
47 28 8
47 28 27
47 27 14
47 14 9
47 14 13
47 13 12
47 12 10
47 12 11
47 27 26
47 26 15
47 26 25
47 25 17
47 17 16
47 25 24
47 24 22
47 22 18
47 22 21
47 21 19
47 21 20
47 24 23
48 31 26
48 26 23
48 23 22
48 22 21
48 21 6
48 6 3
48 3 0
48 3 2
48 2 1
48 6 5
48 5 4
48 21 20
48 20 19
48 19 7
48 19 18
48 18 15
48 15 12
48 12 11
48 11 8
48 11 10
48 10 9
48 15 14
48 14 13
48 18 17
48 17 16
48 26 25
48 25 24
48 31 30
48 30 27
48 30 29
48 29 28
49 32 31
49 31 30
49 30 29
49 29 20
49 20 13
49 13 12
49 12 11
49 11 10
49 10 0
49 10 9
49 9 8
49 8 1
49 8 7
49 7 2
49 7 6
49 6 5
49 5 4
49 4 3
49 20 19
49 19 18
49 18 17
49 17 16
49 16 15
49 15 14
49 29 28
49 28 27
49 27 26
49 26 25
49 25 22
49 22 21
49 25 24
49 24 23
50 31 25
50 25 3
50 3 2
50 2 0
50 2 1
50 25 24
50 24 4
50 24 23
50 23 5
50 23 22
50 22 21
50 21 6
50 21 20
50 20 7
50 20 19
50 19 9
50 9 8
50 19 18
50 18 12
50 12 11
50 11 10
50 18 17
50 17 14
50 14 13
50 17 16
50 16 15
50 31 30
50 30 27
50 27 26
50 30 29
50 29 28
51 32 31
51 31 0
51 31 30
51 30 5
51 5 4
51 4 3
51 3 2
51 2 1
51 30 29
51 29 6
51 29 28
51 28 26
51 26 21
51 21 15
51 15 14
51 14 7
51 14 13
51 13 11
51 11 10
51 10 8
51 10 9
51 13 12
51 21 20
51 20 16
51 20 19
51 19 17
51 19 18
51 26 25
51 25 24
51 24 22
51 24 23
51 28 27
52 31 30
52 30 29
52 29 27
52 27 26
52 26 1
52 1 0
52 26 25
52 25 23
52 23 22
52 22 20
52 20 2
52 20 19
52 19 3
52 19 18
52 18 14
52 14 12
52 12 11
52 11 10
52 10 6
52 6 5
52 5 4
52 10 9
52 9 7
52 9 8
52 14 13
52 18 17
52 17 16
52 16 15
52 22 21
52 25 24
52 29 28
53 29 28
53 28 26
53 26 0
53 26 25
53 25 22
53 22 15
53 15 14
53 14 10
53 10 8
53 8 7
53 7 5
53 5 4
53 4 2
53 2 1
53 4 3
53 7 6
53 10 9
53 14 13
53 13 12
53 12 11
53 22 21
53 21 17
53 17 16
53 21 20
53 20 18
53 20 19
53 25 24
53 24 23
53 28 27
54 31 1
54 1 0
54 31 30
54 30 24
54 24 2
54 24 23
54 23 10
54 10 9
54 9 8
54 8 5
54 5 4
54 4 3
54 8 7
54 7 6
54 23 22
54 22 15
54 15 14
54 14 12
54 12 11
54 14 13
54 22 21
54 21 19
54 19 18
54 18 16
54 18 17
54 21 20
54 30 29
54 29 25
54 29 28
54 28 27
54 27 26
55 31 30
55 30 28
55 28 22
55 22 20
55 20 3
55 3 0
55 3 2
55 2 1
55 20 19
55 19 8
55 8 5
55 5 4
55 8 7
55 7 6
55 19 18
55 18 15
55 15 9
55 15 14
55 14 13
55 13 12
55 12 10
55 12 11
55 18 17
55 17 16
55 22 21
55 28 27
55 27 23
55 27 26
55 26 25
55 25 24
55 30 29
56 30 26
56 26 22
56 22 21
56 21 19
56 19 5
56 5 2
56 2 1
56 1 0
56 5 4
56 4 3
56 19 18
56 18 7
56 7 6
56 18 17
56 17 12
56 12 8
56 12 11
56 11 10
56 10 9
56 17 16
56 16 15
56 15 13
56 15 14
56 21 20
56 26 25
56 25 23
56 25 24
56 30 29
56 29 27
56 29 28
57 34 32
57 32 30
57 30 18
57 18 1
57 1 0
57 18 17
57 17 16
57 16 15
57 15 2
57 15 14
57 14 13
57 13 3
57 13 12
57 12 10
57 10 7
57 7 6
57 6 4
57 6 5
57 10 9
57 9 8
57 12 11
57 30 29
57 29 28
57 28 20
57 20 19
57 28 27
57 27 24
57 24 23
57 23 22
57 22 21
57 27 26
57 26 25
57 32 31
57 34 33
58 32 31
58 31 0
58 31 30
58 30 12
58 12 1
58 12 11
58 11 10
58 10 2
58 10 9
58 9 7
58 7 6
58 6 5
58 5 3
58 5 4
58 9 8
58 30 29
58 29 27
58 27 15
58 15 13
58 15 14
58 27 26
58 26 25
58 25 16
58 25 24
58 24 23
58 23 22
58 22 20
58 20 18
58 18 17
58 20 19
58 22 21
58 29 28
59 34 31
59 31 30
59 30 0
59 30 29
59 29 28
59 28 27
59 27 4
59 4 3
59 3 2
59 2 1
59 27 26
59 26 25
59 25 10
59 10 9
59 9 8
59 8 5
59 8 7
59 7 6
59 25 24
59 24 22
59 22 11
59 22 21
59 21 14
59 14 13
59 13 12
59 21 20
59 20 15
59 20 19
59 19 17
59 17 16
59 19 18
59 24 23
59 34 33
59 33 32
60 32 30
60 30 1
60 1 0
60 30 29
60 29 28
60 28 19
60 19 3
60 3 2
60 19 18
60 18 17
60 17 4
60 17 16
60 16 15
60 15 6
60 6 5
60 15 14
60 14 12
60 12 9
60 9 7
60 9 8
60 12 11
60 11 10
60 14 13
60 28 27
60 27 24
60 24 22
60 22 20
60 22 21
60 24 23
60 27 26
60 26 25
60 32 31
61 33 32
61 32 0
61 32 31
61 31 27
61 27 25
61 25 1
61 25 24
61 24 5
61 5 3
61 3 2
61 5 4
61 24 23
61 23 6
61 23 22
61 22 7
61 22 21
61 21 14
61 14 13
61 13 12
61 12 11
61 11 9
61 9 8
61 11 10
61 21 20
61 20 18
61 18 16
61 16 15
61 18 17
61 20 19
61 27 26
61 31 30
61 30 28
61 30 29
62 33 32
62 32 31
62 31 23
62 23 0
62 23 22
62 22 7
62 7 6
62 6 5
62 5 4
62 4 2
62 2 1
62 4 3
62 22 21
62 21 10
62 10 9
62 9 8
62 21 20
62 20 11
62 20 19
62 19 15
62 15 13
62 13 12
62 15 14
62 19 18
62 18 16
62 18 17
62 31 30
62 30 29
62 29 24
62 29 28
62 28 27
62 27 25
62 27 26
63 30 26
63 26 9
63 9 8
63 8 4
63 4 2
63 2 0
63 2 1
63 4 3
63 8 7
63 7 6
63 6 5
63 26 25
63 25 11
63 11 10
63 25 24
63 24 23
63 23 22
63 22 21
63 21 20
63 20 18
63 18 17
63 17 14
63 14 13
63 13 12
63 17 16
63 16 15
63 20 19
63 30 29
63 29 28
63 28 27
64 32 29
64 29 28
64 28 27
64 27 24
64 24 18
64 18 17
64 17 15
64 15 14
64 14 12
64 12 8
64 8 7
64 7 6
64 6 5
64 5 4
64 4 3
64 3 2
64 2 0
64 2 1
64 12 11
64 11 9
64 11 10
64 14 13
64 17 16
64 24 23
64 23 19
64 23 22
64 22 21
64 21 20
64 27 26
64 26 25
64 32 31
64 31 30
65 34 33
65 33 32
65 32 31
65 31 3
65 3 0
65 3 2
65 2 1
65 31 30
65 30 7
65 7 5
65 5 4
65 7 6
65 30 29
65 29 28
65 28 25
65 25 24
65 24 19
65 19 10
65 10 8
65 10 9
65 19 18
65 18 14
65 14 13
65 13 12
65 12 11
65 18 17
65 17 15
65 17 16
65 24 23
65 23 21
65 21 20
65 23 22
65 28 27
65 27 26
66 34 31
66 31 18
66 18 16
66 16 0
66 16 15
66 15 13
66 13 4
66 4 3
66 3 1
66 3 2
66 13 12
66 12 9
66 9 5
66 9 8
66 8 7
66 7 6
66 12 11
66 11 10
66 15 14
66 18 17
66 31 30
66 30 29
66 29 24
66 24 19
66 24 23
66 23 21
66 21 20
66 23 22
66 29 28
66 28 27
66 27 25
66 27 26
66 34 33
66 33 32
67 30 17
67 17 15
67 15 14
67 14 5
67 5 0
67 5 4
67 4 3
67 3 1
67 3 2
67 14 13
67 13 10
67 10 8
67 8 6
67 8 7
67 10 9
67 13 12
67 12 11
67 17 16
67 30 29
67 29 18
67 29 28
67 28 27
67 27 26
67 26 19
67 26 25
67 25 21
67 21 20
67 25 24
67 24 22
67 24 23
68 34 1
68 1 0
68 34 33
68 33 32
68 32 31
68 31 10
68 10 8
68 8 3
68 3 2
68 8 7
68 7 5
68 5 4
68 7 6
68 10 9
68 31 30
68 30 29
68 29 28
68 28 14
68 14 13
68 13 11
68 13 12
68 28 27
68 27 25
68 25 24
68 24 23
68 23 19
68 19 15
68 19 18
68 18 16
68 18 17
68 23 22
68 22 21
68 21 20
68 27 26
69 33 1
69 1 0
69 33 32
69 32 27
69 27 3
69 3 2
69 27 26
69 26 25
69 25 4
69 25 24
69 24 23
69 23 21
69 21 20
69 20 19
69 19 17
69 17 15
69 15 14
69 14 12
69 12 9
69 9 7
69 7 5
69 7 6
69 9 8
69 12 11
69 11 10
69 14 13
69 17 16
69 19 18
69 23 22
69 32 31
69 31 30
69 30 28
69 30 29
70 33 0
70 33 32
70 32 4
70 4 2
70 2 1
70 4 3
70 32 31
70 31 24
70 24 23
70 23 22
70 22 6
70 6 5
70 22 21
70 21 20
70 20 19
70 19 16
70 16 14
70 14 11
70 11 9
70 9 7
70 9 8
70 11 10
70 14 13
70 13 12
70 16 15
70 19 18
70 18 17
70 31 30
70 30 25
70 30 29
70 29 28
70 28 27
70 27 26
71 29 28
71 28 26
71 26 14
71 14 13
71 13 12
71 12 7
71 7 5
71 5 0
71 5 4
71 4 2
71 2 1
71 4 3
71 7 6
71 12 11
71 11 9
71 9 8
71 11 10
71 26 25
71 25 24
71 24 20
71 20 19
71 19 15
71 19 18
71 18 16
71 18 17
71 24 23
71 23 21
71 23 22
71 28 27
72 30 0
72 30 29
72 29 28
72 28 27
72 27 26
72 26 25
72 25 1
72 25 24
72 24 2
72 24 23
72 23 10
72 10 3
72 10 9
72 9 8
72 8 4
72 8 7
72 7 6
72 6 5
72 23 22
72 22 18
72 18 17
72 17 16
72 16 15
72 15 14
72 14 11
72 14 13
72 13 12
72 22 21
72 21 19
72 21 20
73 33 31
73 31 24
73 24 0
73 24 23
73 23 1
73 23 22
73 22 20
73 20 2
73 20 19
73 19 7
73 7 6
73 6 4
73 4 3
73 6 5
73 19 18
73 18 8
73 18 17
73 17 16
73 16 15
73 15 9
73 15 14
73 14 13
73 13 12
73 12 10
73 12 11
73 22 21
73 31 30
73 30 25
73 30 29
73 29 28
73 28 26
73 28 27
73 33 32
74 30 27
74 27 0
74 27 26
74 26 11
74 11 4
74 4 2
74 2 1
74 4 3
74 11 10
74 10 6
74 6 5
74 10 9
74 9 8
74 8 7
74 26 25
74 25 12
74 25 24
74 24 23
74 23 22
74 22 21
74 21 20
74 20 13
74 20 19
74 19 18
74 18 17
74 17 15
74 15 14
74 17 16
74 30 29
74 29 28
75 30 28
75 28 27
75 27 17
75 17 16
75 16 14
75 14 10
75 10 2
75 2 0
75 2 1
75 10 9
75 9 8
75 8 3
75 8 7
75 7 6
75 6 4
75 6 5
75 14 13
75 13 11
75 13 12
75 16 15
75 27 26
75 26 24
75 24 21
75 21 18
75 21 20
75 20 19
75 24 23
75 23 22
75 26 25
75 30 29
76 32 0
76 32 31
76 31 29
76 29 27
76 27 26
76 26 4
76 4 3
76 3 1
76 3 2
76 26 25
76 25 24
76 24 7
76 7 5
76 7 6
76 24 23
76 23 8
76 23 22
76 22 21
76 21 11
76 11 9
76 11 10
76 21 20
76 20 19
76 19 12
76 19 18
76 18 17
76 17 16
76 16 15
76 15 14
76 14 13
76 29 28
76 31 30
77 31 30
77 30 29
77 29 26
77 26 1
77 1 0
77 26 25
77 25 2
77 25 24
77 24 22
77 22 13
77 13 5
77 5 3
77 5 4
77 13 12
77 12 9
77 9 8
77 8 6
77 8 7
77 12 11
77 11 10
77 22 21
77 21 19
77 19 18
77 18 17
77 17 15
77 15 14
77 17 16
77 21 20
77 24 23
77 29 28
77 28 27
78 33 32
78 32 2
78 2 1
78 1 0
78 32 31
78 31 30
78 30 3
78 30 29
78 29 4
78 29 28
78 28 26
78 26 25
78 25 24
78 24 23
78 23 15
78 15 10
78 10 9
78 9 7
78 7 5
78 7 6
78 9 8
78 15 14
78 14 12
78 12 11
78 14 13
78 23 22
78 22 16
78 22 21
78 21 20
78 20 18
78 18 17
78 20 19
78 28 27
79 32 0
79 32 31
79 31 30
79 30 1
79 30 29
79 29 12
79 12 11
79 11 10
79 10 8
79 8 2
79 8 7
79 7 3
79 7 6
79 6 4
79 6 5
79 10 9
79 29 28
79 28 14
79 14 13
79 28 27
79 27 26
79 26 16
79 16 15
79 26 25
79 25 17
79 25 24
79 24 23
79 23 22
79 22 21
79 21 18
79 21 20
79 20 19
80 32 31
80 31 21
80 21 0
80 21 20
80 20 18
80 18 16
80 16 15
80 15 14
80 14 2
80 2 1
80 14 13
80 13 10
80 10 8
80 8 7
80 7 6
80 6 5
80 5 4
80 4 3
80 10 9
80 13 12
80 12 11
80 18 17
80 20 19
80 31 30
80 30 29
80 29 22
80 29 28
80 28 26
80 26 23
80 26 25
80 25 24
80 28 27
81 33 1
81 1 0
81 33 32
81 32 29
81 29 28
81 28 27
81 27 9
81 9 6
81 6 2
81 6 5
81 5 3
81 5 4
81 9 8
81 8 7
81 27 26
81 26 23
81 23 22
81 22 17
81 17 15
81 15 14
81 14 10
81 14 13
81 13 12
81 12 11
81 17 16
81 22 21
81 21 20
81 20 18
81 20 19
81 26 25
81 25 24
81 32 31
81 31 30
82 32 12
82 12 11
82 11 10
82 10 9
82 9 6
82 6 5
82 5 0
82 5 4
82 4 3
82 3 2
82 2 1
82 9 8
82 8 7
82 32 31
82 31 22
82 22 21
82 21 20
82 20 17
82 17 16
82 16 15
82 15 13
82 15 14
82 20 19
82 19 18
82 31 30
82 30 29
82 29 28
82 28 23
82 28 27
82 27 26
82 26 25
82 25 24
83 29 25
83 25 19
83 19 0
83 19 18
83 18 17
83 17 16
83 16 15
83 15 14
83 14 13
83 13 1
83 13 12
83 12 11
83 11 3
83 3 2
83 11 10
83 10 5
83 5 4
83 10 9
83 9 8
83 8 6
83 8 7
83 25 24
83 24 23
83 23 20
83 23 22
83 22 21
83 29 28
83 28 27
83 27 26
84 30 28
84 28 26
84 26 24
84 24 4
84 4 3
84 3 1
84 1 0
84 3 2
84 24 23
84 23 21
84 21 20
84 20 5
84 20 19
84 19 9
84 9 8
84 8 6
84 8 7
84 19 18
84 18 17
84 17 16
84 16 15
84 15 14
84 14 12
84 12 11
84 11 10
84 14 13
84 23 22
84 26 25
84 28 27
84 30 29
85 33 30
85 30 29
85 29 0
85 29 28
85 28 25
85 25 24
85 24 1
85 24 23
85 23 21
85 21 20
85 20 14
85 14 8
85 8 3
85 3 2
85 8 7
85 7 4
85 7 6
85 6 5
85 14 13
85 13 9
85 13 12
85 12 11
85 11 10
85 20 19
85 19 18
85 18 16
85 16 15
85 18 17
85 23 22
85 28 27
85 27 26
85 33 32
85 32 31
86 30 4
86 4 3
86 3 0
86 3 2
86 2 1
86 30 29
86 29 15
86 15 5
86 15 14
86 14 9
86 9 8
86 8 7
86 7 6
86 14 13
86 13 10
86 13 12
86 12 11
86 29 28
86 28 16
86 28 27
86 27 26
86 26 25
86 25 24
86 24 17
86 24 23
86 23 20
86 20 18
86 20 19
86 23 22
86 22 21
87 31 6
87 6 1
87 1 0
87 6 5
87 5 2
87 5 4
87 4 3
87 31 30
87 30 25
87 25 7
87 25 24
87 24 15
87 15 10
87 10 8
87 10 9
87 15 14
87 14 11
87 14 13
87 13 12
87 24 23
87 23 21
87 21 16
87 21 20
87 20 18
87 18 17
87 20 19
87 23 22
87 30 29
87 29 26
87 29 28
87 28 27
88 33 12
88 12 10
88 10 9
88 9 3
88 3 0
88 3 2
88 2 1
88 9 8
88 8 4
88 8 7
88 7 5
88 7 6
88 12 11
88 33 32
88 32 25
88 25 24
88 24 20
88 20 13
88 20 19
88 19 18
88 18 17
88 17 16
88 16 15
88 15 14
88 24 23
88 23 22
88 22 21
88 32 31
88 31 30
88 30 29
88 29 28
88 28 27
88 27 26
89 31 30
89 30 29
89 29 5
89 5 0
89 5 4
89 4 3
89 3 2
89 2 1
89 29 28
89 28 26
89 26 19
89 19 18
89 18 17
89 17 13
89 13 8
89 8 7
89 7 6
89 13 12
89 12 11
89 11 10
89 10 9
89 17 16
89 16 14
89 16 15
89 26 25
89 25 20
89 25 24
89 24 23
89 23 21
89 23 22
89 28 27
90 34 33
90 33 2
90 2 1
90 1 0
90 33 32
90 32 25
90 25 10
90 10 9
90 9 7
90 7 6
90 6 5
90 5 4
90 4 3
90 9 8
90 25 24
90 24 22
90 22 21
90 21 18
90 18 13
90 13 12
90 12 11
90 18 17
90 17 15
90 15 14
90 17 16
90 21 20
90 20 19
90 24 23
90 32 31
90 31 29
90 29 28
90 28 26
90 28 27
90 31 30
91 34 33
91 33 32
91 32 31
91 31 11
91 11 10
91 10 9
91 9 0
91 9 8
91 8 7
91 7 1
91 7 6
91 6 4
91 4 2
91 4 3
91 6 5
91 31 30
91 30 13
91 13 12
91 30 29
91 29 17
91 17 16
91 16 15
91 15 14
91 29 28
91 28 27
91 27 25
91 25 24
91 24 21
91 21 20
91 20 18
91 20 19
91 24 23
91 23 22
91 27 26
92 30 29
92 29 28
92 28 8
92 8 7
92 7 2
92 2 0
92 2 1
92 7 6
92 6 5
92 5 3
92 5 4
92 28 27
92 27 26
92 26 24
92 24 17
92 17 16
92 16 12
92 12 10
92 10 9
92 12 11
92 16 15
92 15 13
92 15 14
92 24 23
92 23 21
92 21 20
92 20 19
92 19 18
92 23 22
92 26 25
93 29 24
93 24 2
93 2 0
93 2 1
93 24 23
93 23 22
93 22 21
93 21 20
93 20 3
93 20 19
93 19 4
93 19 18
93 18 14
93 14 13
93 13 6
93 6 5
93 13 12
93 12 11
93 11 10
93 10 9
93 9 7
93 9 8
93 18 17
93 17 15
93 17 16
93 29 28
93 28 26
93 26 25
93 28 27
94 29 27
94 27 4
94 4 2
94 2 0
94 2 1
94 4 3
94 27 26
94 26 24
94 24 23
94 23 22
94 22 21
94 21 20
94 20 19
94 19 18
94 18 13
94 13 8
94 8 6
94 6 5
94 8 7
94 13 12
94 12 11
94 11 10
94 10 9
94 18 17
94 17 16
94 16 15
94 15 14
94 26 25
94 29 28
95 31 29
95 29 1
95 1 0
95 29 28
95 28 8
95 8 7
95 7 3
95 3 2
95 7 6
95 6 4
95 6 5
95 28 27
95 27 10
95 10 9
95 27 26
95 26 25
95 25 24
95 24 23
95 23 22
95 22 21
95 21 17
95 17 16
95 16 14
95 14 13
95 13 11
95 13 12
95 16 15
95 21 20
95 20 18
95 20 19
95 31 30
96 34 33
96 33 2
96 2 1
96 1 0
96 33 32
96 32 3
96 32 31
96 31 10
96 10 5
96 5 4
96 10 9
96 9 8
96 8 7
96 7 6
96 31 30
96 30 28
96 28 27
96 27 13
96 13 11
96 13 12
96 27 26
96 26 25
96 25 14
96 25 24
96 24 17
96 17 15
96 17 16
96 24 23
96 23 22
96 22 21
96 21 20
96 20 18
96 20 19
96 30 29
97 31 29
97 29 20
97 20 3
97 3 0
97 3 2
97 2 1
97 20 19
97 19 18
97 18 4
97 18 17
97 17 9
97 9 5
97 9 8
97 8 6
97 8 7
97 17 16
97 16 15
97 15 14
97 14 11
97 11 10
97 14 13
97 13 12
97 29 28
97 28 23
97 23 21
97 23 22
97 28 27
97 27 26
97 26 24
97 26 25
97 31 30
98 29 28
98 28 27
98 27 0
98 27 26
98 26 22
98 22 18
98 18 1
98 18 17
98 17 10
98 10 9
98 9 7
98 7 6
98 6 4
98 4 2
98 4 3
98 6 5
98 9 8
98 17 16
98 16 11
98 16 15
98 15 12
98 15 14
98 14 13
98 22 21
98 21 19
98 21 20
98 26 25
98 25 23
98 25 24
99 30 0
99 30 29
99 29 25
99 25 9
99 9 6
99 6 5
99 5 4
99 4 3
99 3 2
99 2 1
99 9 8
99 8 7
99 25 24
99 24 23
99 23 22
99 22 20
99 20 11
99 11 10
99 20 19
99 19 16
99 16 14
99 14 13
99 13 12
99 16 15
99 19 18
99 18 17
99 22 21
99 29 28
99 28 27
99 27 26
100 30 17
100 17 14
100 14 13
100 13 11
100 11 10
100 10 8
100 8 5
100 5 3
100 3 2
100 2 1
100 1 0
100 5 4
100 8 7
100 7 6
100 10 9
100 13 12
100 17 16
100 16 15
100 30 29
100 29 28
100 28 20
100 20 18
100 20 19
100 28 27
100 27 26
100 26 24
100 24 23
100 23 22
100 22 21
100 26 25
101 31 30
101 30 4
101 4 3
101 3 1
101 1 0
101 3 2
101 30 29
101 29 27
101 27 13
101 13 7
101 7 6
101 6 5
101 13 12
101 12 11
101 11 9
101 9 8
101 11 10
101 27 26
101 26 25
101 25 22
101 22 21
101 21 20
101 20 17
101 17 16
101 16 15
101 15 14
101 20 19
101 19 18
101 25 24
101 24 23
101 29 28
