1 34 32
1 32 31
1 31 29
1 29 5
1 5 1
1 1 0
1 5 4
1 4 3
1 3 2
1 29 28
1 28 6
1 28 27
1 27 17
1 17 15
1 15 13
1 13 8
1 8 7
1 13 12
1 12 11
1 11 10
1 10 9
1 15 14
1 17 16
1 27 26
1 26 19
1 19 18
1 26 25
1 25 24
1 24 23
1 23 22
1 22 21
1 21 20
1 31 30
1 34 33
2 32 31
2 31 30
2 30 26
2 26 21
2 21 0
2 21 20
2 20 19
2 19 18
2 18 16
2 16 15
2 15 14
2 14 1
2 14 13
2 13 7
2 7 5
2 5 4
2 4 3
2 3 2
2 7 6
2 13 12
2 12 9
2 9 8
2 12 11
2 11 10
2 18 17
2 26 25
2 25 24
2 24 22
2 24 23
2 30 29
2 29 27
2 29 28
3 34 2
3 2 1
3 1 0
3 34 33
3 33 3
3 33 32
3 32 31
3 31 14
3 14 13
3 13 4
3 13 12
3 12 10
3 10 7
3 7 6
3 6 5
3 10 9
3 9 8
3 12 11
3 31 30
3 30 15
3 30 29
3 29 16
3 29 28
3 28 17
3 28 27
3 27 26
3 26 25
3 25 19
3 19 18
3 25 24
3 24 20
3 24 23
3 23 21
3 23 22
4 32 30
4 30 28
4 28 27
4 27 26
4 26 25
4 25 24
4 24 23
4 23 22
4 22 9
4 9 8
4 8 6
4 6 2
4 2 1
4 1 0
4 6 5
4 5 3
4 5 4
4 8 7
4 22 21
4 21 14
4 14 10
4 14 13
4 13 12
4 12 11
4 21 20
4 20 19
4 19 15
4 19 18
4 18 17
4 17 16
4 30 29
4 32 31
5 29 23
5 23 0
5 23 22
5 22 18
5 18 1
5 18 17
5 17 14
5 14 12
5 12 11
5 11 2
5 11 10
5 10 9
5 9 7
5 7 6
5 6 5
5 5 3
5 5 4
5 9 8
5 14 13
5 17 16
5 16 15
5 22 21
5 21 20
5 20 19
5 29 28
5 28 26
5 26 25
5 25 24
5 28 27
6 29 28
6 28 27
6 27 26
6 26 25
6 25 18
6 18 10
6 10 8
6 8 2
6 2 0
6 2 1
6 8 7
6 7 5
6 5 3
6 5 4
6 7 6
6 10 9
6 18 17
6 17 15
6 15 13
6 13 12
6 12 11
6 15 14
6 17 16
6 25 24
6 24 22
6 22 21
6 21 20
6 20 19
6 24 23
7 33 32
7 32 31
7 31 29
7 29 28
7 28 27
7 27 25
7 25 24
7 24 1
7 1 0
7 24 23
7 23 22
7 22 4
7 4 3
7 3 2
7 22 21
7 21 5
7 21 20
7 20 7
7 7 6
7 20 19
7 19 16
7 16 11
7 11 9
7 9 8
7 11 10
7 16 15
7 15 12
7 15 14
7 14 13
7 19 18
7 18 17
7 27 26
7 31 30
8 34 21
8 21 20
8 20 18
8 18 17
8 17 15
8 15 12
8 12 9
8 9 8
8 8 7
8 7 5
8 5 4
8 4 2
8 2 1
8 1 0
8 4 3
8 7 6
8 12 11
8 11 10
8 15 14
8 14 13
8 17 16
8 20 19
8 34 33
8 33 31
8 31 29
8 29 27
8 27 25
8 25 24
8 24 23
8 23 22
8 27 26
8 29 28
8 31 30
8 33 32
9 33 32
9 32 29
9 29 1
9 1 0
9 29 28
9 28 27
9 27 26
9 26 20
9 20 10
9 10 9
9 9 5
9 5 4
9 4 3
9 3 2
9 9 8
9 8 7
9 7 6
9 20 19
9 19 11
9 19 18
9 18 16
9 16 14
9 14 13
9 13 12
9 16 15
9 18 17
9 26 25
9 25 24
9 24 23
9 23 21
9 23 22
9 32 31
9 31 30
10 30 28
10 28 2
10 2 1
10 1 0
10 28 27
10 27 13
10 13 12
10 12 10
10 10 5
10 5 3
10 5 4
10 10 9
10 9 7
10 7 6
10 9 8
10 12 11
10 27 26
10 26 25
10 25 18
10 18 17
10 17 16
10 16 14
10 16 15
10 25 24
10 24 23
10 23 22
10 22 20
10 20 19
10 22 21
10 30 29
11 33 32
11 32 1
11 1 0
11 32 31
11 31 25
11 25 23
11 23 22
11 22 20
11 20 18
11 18 2
11 18 17
11 17 15
11 15 7
11 7 6
11 6 3
11 6 5
11 5 4
11 15 14
11 14 13
11 13 10
11 10 9
11 9 8
11 13 12
11 12 11
11 17 16
11 20 19
11 22 21
11 25 24
11 31 30
11 30 27
11 27 26
11 30 29
11 29 28
12 30 10
12 10 9
12 9 1
12 1 0
12 9 8
12 8 2
12 8 7
12 7 6
12 6 5
12 5 4
12 4 3
12 30 29
12 29 28
12 28 20
12 20 18
12 18 11
12 18 17
12 17 13
12 13 12
12 17 16
12 16 15
12 15 14
12 20 19
12 28 27
12 27 22
12 22 21
12 27 26
12 26 23
12 26 25
12 25 24
13 33 32
13 32 31
13 31 26
13 26 25
13 25 15
13 15 0
13 15 14
13 14 13
13 13 8
13 8 6
13 6 4
13 4 2
13 2 1
13 4 3
13 6 5
13 8 7
13 13 12
13 12 10
13 10 9
13 12 11
13 25 24
13 24 23
13 23 18
13 18 16
13 18 17
13 23 22
13 22 21
13 21 20
13 20 19
13 31 30
13 30 29
13 29 27
13 29 28
14 34 33
14 33 2
14 2 1
14 1 0
14 33 32
14 32 31
14 31 30
14 30 29
14 29 26
14 26 19
14 19 17
14 17 16
14 16 15
14 15 13
14 13 11
14 11 7
14 7 6
14 6 3
14 6 5
14 5 4
14 11 10
14 10 8
14 10 9
14 13 12
14 15 14
14 19 18
14 26 25
14 25 22
14 22 21
14 21 20
14 25 24
14 24 23
14 29 28
14 28 27
15 30 29
15 29 28
15 28 26
15 26 22
15 22 20
15 20 13
15 13 5
15 5 4
15 4 3
15 3 1
15 1 0
15 3 2
15 13 12
15 12 6
15 12 11
15 11 7
15 11 10
15 10 9
15 9 8
15 20 19
15 19 18
15 18 17
15 17 16
15 16 15
15 15 14
15 22 21
15 26 25
15 25 23
15 25 24
15 28 27
16 31 24
16 24 15
16 15 0
16 15 14
16 14 4
16 4 3
16 3 2
16 2 1
16 14 13
16 13 12
16 12 10
16 10 8
16 8 6
16 6 5
16 8 7
16 10 9
16 12 11
16 24 23
16 23 21
16 21 20
16 20 19
16 19 17
16 17 16
16 19 18
16 23 22
16 31 30
16 30 29
16 29 28
16 28 26
16 26 25
16 28 27
17 34 32
17 32 1
17 1 0
17 32 31
17 31 20
17 20 19
17 19 3
17 3 2
17 19 18
17 18 14
17 14 4
17 14 13
17 13 5
17 13 12
17 12 11
17 11 10
17 10 8
17 8 7
17 7 6
17 10 9
17 18 17
17 17 16
17 16 15
17 31 30
17 30 24
17 24 22
17 22 21
17 24 23
17 30 29
17 29 25
17 29 28
17 28 26
17 28 27
17 34 33
18 30 6
18 6 5
18 5 0
18 5 4
18 4 3
18 3 1
18 3 2
18 30 29
18 29 27
18 27 7
18 27 26
18 26 8
18 26 25
18 25 24
18 24 14
18 14 13
18 13 11
18 11 10
18 10 9
18 13 12
18 24 23
18 23 21
18 21 20
18 20 19
18 19 18
18 18 15
18 18 17
18 17 16
18 23 22
18 29 28
19 32 1
19 1 0
19 32 31
19 31 5
19 5 3
19 3 2
19 5 4
19 31 30
19 30 6
19 30 29
19 29 28
19 28 15
19 15 14
19 14 13
19 13 12
19 12 7
19 12 11
19 11 8
19 11 10
19 10 9
19 28 27
19 27 20
19 20 19
19 19 17
19 17 16
19 19 18
19 27 26
19 26 25
19 25 24
19 24 21
19 24 23
19 23 22
20 34 29
20 29 6
20 6 2
20 2 0
20 2 1
20 6 5
20 5 3
20 5 4
20 29 28
20 28 8
20 8 7
20 28 27
20 27 26
20 26 25
20 25 23
20 23 10
20 10 9
20 23 22
20 22 21
20 21 18
20 18 12
20 12 11
20 18 17
20 17 15
20 15 13
20 15 14
20 17 16
20 21 20
20 20 19
20 25 24
20 34 33
20 33 30
20 33 32
20 32 31
21 30 18
21 18 1
21 1 0
21 18 17
21 17 13
21 13 11
21 11 10
21 10 9
21 9 8
21 8 7
21 7 2
21 7 6
21 6 5
21 5 3
21 5 4
21 13 12
21 17 16
21 16 15
21 15 14
21 30 29
21 29 19
21 29 28
21 28 27
21 27 26
21 26 25
21 25 23
21 23 22
21 22 20
21 22 21
21 25 24
22 29 11
22 11 10
22 10 2
22 2 1
22 1 0
22 10 9
22 9 3
22 9 8
22 8 4
22 8 7
22 7 5
22 7 6
22 29 28
22 28 27
22 27 12
22 27 26
22 26 22
22 22 16
22 16 14
22 14 13
22 16 15
22 22 21
22 21 20
22 20 17
22 20 19
22 19 18
22 26 25
22 25 24
22 24 23
23 33 0
23 33 32
23 32 3
23 3 2
23 2 1
23 32 31
23 31 23
23 23 21
23 21 19
23 19 17
23 17 16
23 16 14
23 14 12
23 12 4
23 12 11
23 11 10
23 10 6
23 6 5
23 10 9
23 9 7
23 9 8
23 14 13
23 16 15
23 19 18
23 21 20
23 23 22
23 31 30
23 30 29
23 29 25
23 25 24
23 29 28
23 28 27
23 27 26
24 31 3
24 3 1
24 1 0
24 3 2
24 31 30
24 30 5
24 5 4
24 30 29
24 29 26
24 26 24
24 24 23
24 23 8
24 8 7
24 7 6
24 23 22
24 22 10
24 10 9
24 22 21
24 21 19
24 19 13
24 13 11
24 13 12
24 19 18
24 18 14
24 18 17
24 17 16
24 16 15
24 21 20
24 26 25
24 29 28
24 28 27
25 32 31
25 31 5
25 5 2
25 2 0
25 2 1
25 5 4
25 4 3
25 31 30
25 30 27
25 27 25
25 25 24
25 24 23
25 23 6
25 23 22
25 22 20
25 20 19
25 19 18
25 18 7
25 18 17
25 17 10
25 10 8
25 10 9
25 17 16
25 16 15
25 15 12
25 12 11
25 15 14
25 14 13
25 22 21
25 27 26
25 30 29
25 29 28
26 33 32
26 32 31
26 31 29
26 29 27
26 27 25
26 25 1
26 1 0
26 25 24
26 24 22
26 22 21
26 21 17
26 17 16
26 16 6
26 6 5
26 5 4
26 4 3
26 3 2
26 16 15
26 15 9
26 9 7
26 9 8
26 15 14
26 14 10
26 14 13
26 13 11
26 13 12
26 21 20
26 20 19
26 19 18
26 24 23
26 27 26
26 29 28
26 31 30
27 30 29
27 29 28
27 28 1
27 1 0
27 28 27
27 27 26
27 26 25
27 25 4
27 4 2
27 4 3
27 25 24
27 24 6
27 6 5
27 24 23
27 23 22
27 22 18
27 18 17
27 17 16
27 16 8
27 8 7
27 16 15
27 15 14
27 14 13
27 13 9
27 13 12
27 12 11
27 11 10
27 22 21
27 21 19
27 21 20
28 31 0
28 31 30
28 30 29
28 29 20
28 20 18
28 18 17
28 17 5
28 5 3
28 3 1
28 3 2
28 5 4
28 17 16
28 16 15
28 15 6
28 15 14
28 14 7
28 14 13
28 13 12
28 12 10
28 10 8
28 10 9
28 12 11
28 20 19
28 29 28
28 28 26
28 26 23
28 23 22
28 22 21
28 26 25
28 25 24
28 28 27
29 30 28
29 28 27
29 27 24
29 24 22
29 22 1
29 1 0
29 22 21
29 21 11
29 11 10
29 10 8
29 8 7
29 7 6
29 6 5
29 5 4
29 4 2
29 4 3
29 10 9
29 21 20
29 20 18
29 18 12
29 18 17
29 17 16
29 16 15
29 15 14
29 14 13
29 20 19
29 24 23
29 27 26
29 26 25
29 30 29
30 32 31
30 31 30
30 30 29
30 29 26
30 26 23
30 23 21
30 21 1
30 1 0
30 21 20
30 20 16
30 16 14
30 14 13
30 13 12
30 12 8
30 8 7
30 7 2
30 7 6
30 6 5
30 5 4
30 4 3
30 12 11
30 11 10
30 10 9
30 16 15
30 20 19
30 19 17
30 19 18
30 23 22
30 26 25
30 25 24
30 29 28
30 28 27
31 34 31
31 31 30
31 30 0
31 30 29
31 29 28
31 28 21
31 21 20
31 20 19
31 19 16
31 16 14
31 14 13
31 13 12
31 12 11
31 11 7
31 7 6
31 6 2
31 2 1
31 6 5
31 5 4
31 4 3
31 11 10
31 10 9
31 9 8
31 16 15
31 19 18
31 18 17
31 28 27
31 27 22
31 27 26
31 26 25
31 25 23
31 25 24
31 34 33
31 33 32
32 32 29
32 29 26
32 26 2
32 2 1
32 1 0
32 26 25
32 25 8
32 8 6
32 6 4
32 4 3
32 6 5
32 8 7
32 25 24
32 24 17
32 17 16
32 16 9
32 16 15
32 15 14
32 14 13
32 13 10
32 13 12
32 12 11
32 24 23
32 23 22
32 22 19
32 19 18
32 22 21
32 21 20
32 29 28
32 28 27
32 32 31
32 31 30
33 31 30
33 30 29
33 29 28
33 28 27
33 27 0
33 27 26
33 26 3
33 3 1
33 3 2
33 26 25
33 25 24
33 24 23
33 23 21
33 21 6
33 6 5
33 5 4
33 21 20
33 20 19
33 19 12
33 12 10
33 10 9
33 9 8
33 8 7
33 12 11
33 19 18
33 18 15
33 15 14
33 14 13
33 18 17
33 17 16
33 23 22
34 32 2
34 2 0
34 2 1
34 32 31
34 31 27
34 27 26
34 26 21
34 21 19
34 19 4
34 4 3
34 19 18
34 18 5
34 18 17
34 17 14
34 14 13
34 13 10
34 10 9
34 9 7
34 7 6
34 9 8
34 13 12
34 12 11
34 17 16
34 16 15
34 21 20
34 26 25
34 25 22
34 25 24
34 24 23
34 31 30
34 30 28
34 30 29
35 29 9
35 9 1
35 1 0
35 9 8
35 8 7
35 7 2
35 7 6
35 6 5
35 5 4
35 4 3
35 29 28
35 28 15
35 15 13
35 13 10
35 13 12
35 12 11
35 15 14
35 28 27
35 27 21
35 21 16
35 21 20
35 20 19
35 19 18
35 18 17
35 27 26
35 26 25
35 25 24
35 24 22
35 24 23
36 31 12
36 12 5
36 5 4
36 4 2
36 2 0
36 2 1
36 4 3
36 12 11
36 11 7
36 7 6
36 11 10
36 10 9
36 9 8
36 31 30
36 30 17
36 17 16
36 16 13
36 16 15
36 15 14
36 30 29
36 29 18
36 29 28
36 28 27
36 27 25
36 25 24
36 24 22
36 22 21
36 21 20
36 20 19
36 24 23
36 27 26
37 32 31
37 31 30
37 30 0
37 30 29
37 29 1
37 29 28
37 28 27
37 27 4
37 4 2
37 4 3
37 27 26
37 26 8
37 8 5
37 8 7
37 7 6
37 26 25
37 25 24
37 24 23
37 23 9
37 23 22
37 22 21
37 21 17
37 17 16
37 16 15
37 15 14
37 14 13
37 13 12
37 12 11
37 11 10
37 21 20
37 20 19
37 19 18
38 33 30
38 30 27
38 27 0
38 27 26
38 26 8
38 8 3
38 3 2
38 2 1
38 8 7
38 7 6
38 6 4
38 6 5
38 26 25
38 25 10
38 10 9
38 25 24
38 24 23
38 23 14
38 14 13
38 13 12
38 12 11
38 23 22
38 22 20
38 20 15
38 20 19
38 19 16
38 19 18
38 18 17
38 22 21
38 30 29
38 29 28
38 33 32
38 32 31
39 31 30
39 30 22
39 22 6
39 6 5
39 5 0
39 5 4
39 4 1
39 4 3
39 3 2
39 22 21
39 21 20
39 20 9
39 9 8
39 8 7
39 20 19
39 19 17
39 17 10
39 17 16
39 16 13
39 13 11
39 13 12
39 16 15
39 15 14
39 19 18
39 30 29
39 29 28
39 28 27
39 27 26
39 26 25
39 25 23
39 25 24
40 33 0
40 33 32
40 32 14
40 14 7
40 7 6
40 6 5
40 5 4
40 4 3
40 3 1
40 3 2
40 14 13
40 13 12
40 12 10
40 10 9
40 9 8
40 12 11
40 32 31
40 31 30
40 30 29
40 29 28
40 28 23
40 23 21
40 21 19
40 19 17
40 17 15
40 17 16
40 19 18
40 21 20
40 23 22
40 28 27
40 27 26
40 26 25
40 25 24
41 33 2
41 2 1
41 1 0
41 33 32
41 32 28
41 28 3
41 28 27
41 27 4
41 27 26
41 26 24
41 24 8
41 8 6
41 6 5
41 8 7
41 24 23
41 23 21
41 21 20
41 20 18
41 18 14
41 14 11
41 11 9
41 11 10
41 14 13
41 13 12
41 18 17
41 17 15
41 17 16
41 20 19
41 23 22
41 26 25
41 32 31
41 31 30
41 30 29
42 34 33
42 33 31
42 31 26
42 26 19
42 19 18
42 18 17
42 17 0
42 17 16
42 16 1
42 16 15
42 15 5
42 5 4
42 4 3
42 3 2
42 15 14
42 14 6
42 14 13
42 13 12
42 12 10
42 10 9
42 9 7
42 9 8
42 12 11
42 26 25
42 25 24
42 24 21
42 21 20
42 24 23
42 23 22
42 31 30
42 30 27
42 30 29
42 29 28
42 33 32
43 31 29
43 29 27
43 27 26
43 26 11
43 11 9
43 9 8
43 8 0
43 8 7
43 7 3
43 3 1
43 3 2
43 7 6
43 6 5
43 5 4
43 11 10
43 26 25
43 25 22
43 22 13
43 13 12
43 22 21
43 21 20
43 20 19
43 19 17
43 17 16
43 16 14
43 16 15
43 19 18
43 25 24
43 24 23
43 29 28
43 31 30
44 30 29
44 29 24
44 24 8
44 8 2
44 2 1
44 1 0
44 8 7
44 7 5
44 5 4
44 4 3
44 7 6
44 24 23
44 23 21
44 21 9
44 21 20
44 20 19
44 19 18
44 18 16
44 16 14
44 14 11
44 11 10
44 14 13
44 13 12
44 16 15
44 18 17
44 23 22
44 29 28
44 28 25
44 28 27
44 27 26
45 29 1
45 1 0
45 29 28
45 28 15
45 15 10
45 10 8
45 8 7
45 7 6
45 6 4
45 4 2
45 4 3
45 6 5
45 10 9
45 15 14
45 14 13
45 13 11
45 13 12
45 28 27
45 27 21
45 21 18
45 18 17
45 17 16
45 21 20
45 20 19
45 27 26
45 26 24
45 24 22
45 24 23
45 26 25
46 34 4
46 4 2
46 2 1
46 1 0
46 4 3
46 34 33
46 33 10
46 10 9
46 9 5
46 9 8
46 8 7
46 7 6
46 33 32
46 32 11
46 32 31
46 31 29
46 29 12
46 29 28
46 28 26
46 26 16
46 16 15
46 15 14
46 14 13
46 26 25
46 25 24
46 24 22
46 22 21
46 21 20
46 20 17
46 20 19
46 19 18
46 24 23
46 28 27
46 31 30
47 33 22
47 22 21
47 21 11
47 11 10
47 10 7
47 7 6
47 6 2
47 2 1
47 1 0
47 6 5
47 5 3
47 5 4
47 10 9
47 9 8
47 21 20
47 20 12
47 20 19
47 19 16
47 16 14
47 14 13
47 16 15
47 19 18
47 18 17
47 33 32
47 32 30
47 30 28
47 28 23
47 28 27
47 27 24
47 27 26
47 26 25
47 30 29
47 32 31
48 32 28
48 28 5
48 5 3
48 3 0
48 3 2
48 2 1
48 5 4
48 28 27
48 27 17
48 17 8
48 8 6
48 8 7
48 17 16
48 16 11
48 11 9
48 11 10
48 16 15
48 15 14
48 14 12
48 14 13
48 27 26
48 26 24
48 24 21
48 21 20
48 20 19
48 19 18
48 24 23
48 23 22
48 26 25
48 32 31
48 31 30
48 30 29
49 29 28
49 28 27
49 27 25
49 25 20
49 20 19
49 19 0
49 19 18
49 18 14
49 14 1
49 14 13
49 13 10
49 10 8
49 8 4
49 4 3
49 3 2
49 8 7
49 7 5
49 7 6
49 10 9
49 13 12
49 12 11
49 18 17
49 17 15
49 17 16
49 25 24
49 24 23
49 23 22
49 22 21
49 27 26
50 31 25
50 25 1
50 1 0
50 25 24
50 24 7
50 7 6
50 6 2
50 6 5
50 5 4
50 4 3
50 24 23
50 23 19
50 19 18
50 18 17
50 17 16
50 16 8
50 16 15
50 15 13
50 13 12
50 12 9
50 12 11
50 11 10
50 15 14
50 23 22
50 22 20
50 22 21
50 31 30
50 30 26
50 30 29
50 29 28
50 28 27
51 30 29
51 29 27
51 27 3
51 3 0
51 3 2
51 2 1
51 27 26
51 26 25
51 25 23
51 23 4
51 23 22
51 22 21
51 21 16
51 16 14
51 14 13
51 13 7
51 7 5
51 7 6
51 13 12
51 12 8
51 12 11
51 11 10
51 10 9
51 16 15
51 21 20
51 20 17
51 20 19
51 19 18
51 25 24
51 29 28
52 29 28
52 28 27
52 27 0
52 27 26
52 26 23
52 23 5
52 5 4
52 4 1
52 4 3
52 3 2
52 23 22
52 22 7
52 7 6
52 22 21
52 21 20
52 20 19
52 19 12
52 12 10
52 10 9
52 9 8
52 12 11
52 19 18
52 18 17
52 17 16
52 16 15
52 15 14
52 14 13
52 26 25
52 25 24
53 33 22
53 22 0
53 22 21
53 21 7
53 7 1
53 7 6
53 6 3
53 3 2
53 6 5
53 5 4
53 21 20
53 20 19
53 19 16
53 16 12
53 12 11
53 11 8
53 11 10
53 10 9
53 16 15
53 15 14
53 14 13
53 19 18
53 18 17
53 33 32
53 32 24
53 24 23
53 32 31
53 31 30
53 30 29
53 29 28
53 28 26
53 26 25
53 28 27
54 29 5
54 5 4
54 4 3
54 3 2
54 2 1
54 1 0
54 29 28
54 28 27
54 27 26
54 26 6
54 26 25
54 25 24
54 24 23
54 23 22
54 22 21
54 21 20
54 20 7
54 20 19
54 19 15
54 15 14
54 14 13
54 13 12
54 12 10
54 10 9
54 9 8
54 12 11
54 19 18
54 18 16
54 18 17
55 30 28
55 28 27
55 27 26
55 26 25
55 25 19
55 19 0
55 19 18
55 18 2
55 2 1
55 18 17
55 17 16
55 16 12
55 12 8
55 8 3
55 8 7
55 7 6
55 6 5
55 5 4
55 12 11
55 11 10
55 10 9
55 16 15
55 15 14
55 14 13
55 25 24
55 24 23
55 23 20
55 23 22
55 22 21
55 30 29
56 33 14
56 14 4
56 4 1
56 1 0
56 4 3
56 3 2
56 14 13
56 13 6
56 6 5
56 13 12
56 12 11
56 11 7
56 11 10
56 10 8
56 10 9
56 33 32
56 32 21
56 21 19
56 19 18
56 18 16
56 16 15
56 18 17
56 21 20
56 32 31
56 31 30
56 30 29
56 29 27
56 27 26
56 26 22
56 26 25
56 25 23
56 25 24
56 29 28
57 32 8
57 8 4
57 4 3
57 3 2
57 2 1
57 1 0
57 8 7
57 7 6
57 6 5
57 32 31
57 31 30
57 30 29
57 29 9
57 29 28
57 28 27
57 27 11
57 11 10
57 27 26
57 26 23
57 23 12
57 23 22
57 22 21
57 21 18
57 18 17
57 17 16
57 16 15
57 15 14
57 14 13
57 21 20
57 20 19
57 26 25
57 25 24
58 30 29
58 29 28
58 28 27
58 27 13
58 13 0
58 13 12
58 12 4
58 4 3
58 3 2
58 2 1
58 12 11
58 11 10
58 10 9
58 9 8
58 8 6
58 6 5
58 8 7
58 27 26
58 26 24
58 24 23
58 23 19
58 19 15
58 15 14
58 19 18
58 18 16
58 18 17
58 23 22
58 22 20
58 22 21
58 26 25
59 33 11
59 11 10
59 10 3
59 3 2
59 2 1
59 1 0
59 10 9
59 9 4
59 9 8
59 8 7
59 7 5
59 7 6
59 33 32
59 32 13
59 13 12
59 32 31
59 31 29
59 29 15
59 15 14
59 29 28
59 28 27
59 27 20
59 20 16
59 20 19
59 19 18
59 18 17
59 27 26
59 26 25
59 25 24
59 24 22
59 22 21
59 24 23
59 31 30
60 32 4
60 4 2
60 2 0
60 2 1
60 4 3
60 32 31
60 31 30
60 30 8
60 8 7
60 7 5
60 7 6
60 30 29
60 29 14
60 14 9
60 14 13
60 13 12
60 12 10
60 12 11
60 29 28
60 28 23
60 23 16
60 16 15
60 23 22
60 22 18
60 18 17
60 22 21
60 21 20
60 20 19
60 28 27
60 27 25
60 25 24
60 27 26
61 29 0
61 29 28
61 28 27
61 27 22
61 22 21
61 21 9
61 9 8
61 8 6
61 6 4
61 4 3
61 3 2
61 2 1
61 6 5
61 8 7
61 21 20
61 20 16
61 16 15
61 15 14
61 14 10
61 14 13
61 13 12
61 12 11
61 20 19
61 19 17
61 19 18
61 27 26
61 26 25
61 25 23
61 25 24
62 31 30
62 30 22
62 22 20
62 20 19
62 19 18
62 18 16
62 16 15
62 15 3
62 3 0
62 3 2
62 2 1
62 15 14
62 14 13
62 13 8
62 8 7
62 7 5
62 5 4
62 7 6
62 13 12
62 12 9
62 12 11
62 11 10
62 18 17
62 22 21
62 30 29
62 29 27
62 27 26
62 26 24
62 24 23
62 26 25
62 29 28
63 29 0
63 29 28
63 28 27
63 27 26
63 26 25
63 25 1
63 25 24
63 24 23
63 23 21
63 21 20
63 20 19
63 19 18
63 18 15
63 15 8
63 8 6
63 6 5
63 5 4
63 4 3
63 3 2
63 8 7
63 15 14
63 14 9
63 14 13
63 13 12
63 12 10
63 12 11
63 18 17
63 17 16
63 23 22
64 32 30
64 30 29
64 29 28
64 28 0
64 28 27
64 27 5
64 5 2
64 2 1
64 5 4
64 4 3
64 27 26
64 26 25
64 25 24
64 24 23
64 23 7
64 7 6
64 23 22
64 22 15
64 15 14
64 14 13
64 13 12
64 12 10
64 10 9
64 9 8
64 12 11
64 22 21
64 21 16
64 21 20
64 20 18
64 18 17
64 20 19
64 32 31
65 30 27
65 27 0
65 27 26
65 26 25
65 25 6
65 6 1
65 6 5
65 5 2
65 5 4
65 4 3
65 25 24
65 24 20
65 20 7
65 20 19
65 19 18
65 18 16
65 16 13
65 13 12
65 12 8
65 12 11
65 11 10
65 10 9
65 16 15
65 15 14
65 18 17
65 24 23
65 23 21
65 23 22
65 30 29
65 29 28
66 32 1
66 1 0
66 32 31
66 31 24
66 24 13
66 13 2
66 13 12
66 12 11
66 11 9
66 9 8
66 8 3
66 8 7
66 7 6
66 6 4
66 6 5
66 11 10
66 24 23
66 23 16
66 16 14
66 16 15
66 23 22
66 22 21
66 21 20
66 20 19
66 19 17
66 19 18
66 31 30
66 30 29
66 29 26
66 26 25
66 29 28
66 28 27
67 29 9
67 9 8
67 8 7
67 7 6
67 6 5
67 5 0
67 5 4
67 4 3
67 3 1
67 3 2
67 29 28
67 28 14
67 14 10
67 14 13
67 13 12
67 12 11
67 28 27
67 27 26
67 26 17
67 17 15
67 17 16
67 26 25
67 25 24
67 24 23
67 23 22
67 22 21
67 21 18
67 21 20
67 20 19
68 29 28
68 28 27
68 27 5
68 5 3
68 3 2
68 2 1
68 1 0
68 5 4
68 27 26
68 26 10
68 10 9
68 9 6
68 9 8
68 8 7
68 26 25
68 25 21
68 21 13
68 13 11
68 13 12
68 21 20
68 20 17
68 17 16
68 16 14
68 16 15
68 20 19
68 19 18
68 25 24
68 24 22
68 24 23
69 31 2
69 2 1
69 1 0
69 31 30
69 30 3
69 30 29
69 29 28
69 28 26
69 26 25
69 25 8
69 8 4
69 8 7
69 7 6
69 6 5
69 25 24
69 24 23
69 23 21
69 21 20
69 20 12
69 12 11
69 11 9
69 11 10
69 20 19
69 19 13
69 19 18
69 18 15
69 15 14
69 18 17
69 17 16
69 23 22
69 28 27
70 32 31
70 31 30
70 30 14
70 14 4
70 4 3
70 3 2
70 2 1
70 1 0
70 14 13
70 13 11
70 11 7
70 7 5
70 7 6
70 11 10
70 10 8
70 10 9
70 13 12
70 30 29
70 29 28
70 28 17
70 17 15
70 17 16
70 28 27
70 27 26
70 26 19
70 19 18
70 26 25
70 25 22
70 22 21
70 21 20
70 25 24
70 24 23
71 32 31
71 31 30
71 30 28
71 28 27
71 27 2
71 2 0
71 2 1
71 27 26
71 26 4
71 4 3
71 26 25
71 25 22
71 22 17
71 17 16
71 16 15
71 15 9
71 9 6
71 6 5
71 9 8
71 8 7
71 15 14
71 14 12
71 12 11
71 11 10
71 14 13
71 22 21
71 21 19
71 19 18
71 21 20
71 25 24
71 24 23
71 30 29
72 31 24
72 24 23
72 23 2
72 2 1
72 1 0
72 23 22
72 22 16
72 16 8
72 8 7
72 7 4
72 4 3
72 7 6
72 6 5
72 16 15
72 15 13
72 13 12
72 12 11
72 11 10
72 10 9
72 15 14
72 22 21
72 21 17
72 21 20
72 20 19
72 19 18
72 31 30
72 30 29
72 29 27
72 27 26
72 26 25
72 29 28
73 31 30
73 30 0
73 30 29
73 29 28
73 28 26
73 26 4
73 4 1
73 4 3
73 3 2
73 26 25
73 25 23
73 23 22
73 22 21
73 21 12
73 12 10
73 10 9
73 9 8
73 8 6
73 6 5
73 8 7
73 12 11
73 21 20
73 20 19
73 19 17
73 17 14
73 14 13
73 17 16
73 16 15
73 19 18
73 25 24
73 28 27
74 29 23
74 23 21
74 21 2
74 2 1
74 1 0
74 21 20
74 20 18
74 18 17
74 17 8
74 8 3
74 8 7
74 7 5
74 5 4
74 7 6
74 17 16
74 16 13
74 13 12
74 12 11
74 11 9
74 11 10
74 16 15
74 15 14
74 20 19
74 23 22
74 29 28
74 28 27
74 27 24
74 27 26
74 26 25
75 30 29
75 29 26
75 26 25
75 25 5
75 5 3
75 3 0
75 3 2
75 2 1
75 5 4
75 25 24
75 24 19
75 19 18
75 18 16
75 16 6
75 16 15
75 15 14
75 14 12
75 12 10
75 10 7
75 10 9
75 9 8
75 12 11
75 14 13
75 18 17
75 24 23
75 23 22
75 22 20
75 22 21
75 29 28
75 28 27
76 29 22
76 22 21
76 21 20
76 20 19
76 19 18
76 18 1
76 1 0
76 18 17
76 17 11
76 11 9
76 9 2
76 9 8
76 8 7
76 7 6
76 6 5
76 5 4
76 4 3
76 11 10
76 17 16
76 16 12
76 16 15
76 15 14
76 14 13
76 29 28
76 28 23
76 28 27
76 27 24
76 27 26
76 26 25
77 33 32
77 32 31
77 31 29
77 29 28
77 28 27
77 27 6
77 6 0
77 6 5
77 5 1
77 5 4
77 4 3
77 3 2
77 27 26
77 26 25
77 25 7
77 25 24
77 24 23
77 23 8
77 23 22
77 22 10
77 10 9
77 22 21
77 21 20
77 20 19
77 19 12
77 12 11
77 19 18
77 18 13
77 18 17
77 17 16
77 16 14
77 16 15
77 31 30
78 30 7
78 7 6
78 6 5
78 5 0
78 5 4
78 4 2
78 2 1
78 4 3
78 30 29
78 29 28
78 28 25
78 25 24
78 24 21
78 21 11
78 11 9
78 9 8
78 11 10
78 21 20
78 20 19
78 19 16
78 16 12
78 16 15
78 15 13
78 15 14
78 19 18
78 18 17
78 24 23
78 23 22
78 28 27
78 27 26
79 29 28
79 28 19
79 19 0
79 19 18
79 18 16
79 16 10
79 10 1
79 10 9
79 9 5
79 5 2
79 5 4
79 4 3
79 9 8
79 8 6
79 8 7
79 16 15
79 15 13
79 13 11
79 13 12
79 15 14
79 18 17
79 28 27
79 27 20
79 27 26
79 26 25
79 25 24
79 24 21
79 24 23
79 23 22
80 30 7
80 7 6
80 6 3
80 3 1
80 1 0
80 3 2
80 6 5
80 5 4
80 30 29
80 29 22
80 22 17
80 17 15
80 15 14
80 14 13
80 13 12
80 12 11
80 11 8
80 11 10
80 10 9
80 17 16
80 22 21
80 21 19
80 19 18
80 21 20
80 29 28
80 28 25
80 25 24
80 24 23
80 28 27
80 27 26
81 29 26
81 26 25
81 25 24
81 24 12
81 12 11
81 11 10
81 10 5
81 5 1
81 1 0
81 5 4
81 4 2
81 4 3
81 10 9
81 9 8
81 8 6
81 8 7
81 24 23
81 23 22
81 22 21
81 21 13
81 21 20
81 20 19
81 19 18
81 18 16
81 16 14
81 16 15
81 18 17
81 29 28
81 28 27
82 30 6
82 6 5
82 5 3
82 3 0
82 3 2
82 2 1
82 5 4
82 30 29
82 29 28
82 28 25
82 25 8
82 8 7
82 25 24
82 24 23
82 23 21
82 21 9
82 21 20
82 20 19
82 19 10
82 19 18
82 18 16
82 16 15
82 15 11
82 15 14
82 14 13
82 13 12
82 18 17
82 23 22
82 28 27
82 27 26
83 31 13
83 13 12
83 12 10
83 10 9
83 9 8
83 8 4
83 4 0
83 4 3
83 3 1
83 3 2
83 8 7
83 7 6
83 6 5
83 12 11
83 31 30
83 30 29
83 29 21
83 21 14
83 21 20
83 20 15
83 20 19
83 19 18
83 18 16
83 18 17
83 29 28
83 28 27
83 27 26
83 26 25
83 25 22
83 25 24
83 24 23
84 29 27
84 27 25
84 25 23
84 23 8
84 8 1
84 1 0
84 8 7
84 7 6
84 6 4
84 4 3
84 3 2
84 6 5
84 23 22
84 22 20
84 20 19
84 19 18
84 18 16
84 16 13
84 13 11
84 11 9
84 11 10
84 13 12
84 16 15
84 15 14
84 18 17
84 22 21
84 25 24
84 27 26
84 29 28
85 33 4
85 4 3
85 3 2
85 2 0
85 2 1
85 33 32
85 32 5
85 32 31
85 31 30
85 30 12
85 12 11
85 11 10
85 10 9
85 9 8
85 8 7
85 7 6
85 30 29
85 29 25
85 25 18
85 18 17
85 17 15
85 15 13
85 15 14
85 17 16
85 25 24
85 24 20
85 20 19
85 24 23
85 23 21
85 23 22
85 29 28
85 28 26
85 28 27
86 30 29
86 29 28
86 28 25
86 25 24
86 24 13
86 13 0
86 13 12
86 12 11
86 11 6
86 6 5
86 5 3
86 3 1
86 3 2
86 5 4
86 11 10
86 10 7
86 10 9
86 9 8
86 24 23
86 23 21
86 21 19
86 19 17
86 17 15
86 15 14
86 17 16
86 19 18
86 21 20
86 23 22
86 28 27
86 27 26
87 34 0
87 34 33
87 33 31
87 31 30
87 30 29
87 29 4
87 4 3
87 3 1
87 3 2
87 29 28
87 28 7
87 7 6
87 6 5
87 28 27
87 27 26
87 26 9
87 9 8
87 26 25
87 25 12
87 12 10
87 12 11
87 25 24
87 24 23
87 23 22
87 22 21
87 21 13
87 21 20
87 20 19
87 19 15
87 15 14
87 19 18
87 18 16
87 18 17
87 33 32
88 29 11
88 11 7
88 7 6
88 6 5
88 5 4
88 4 3
88 3 2
88 2 1
88 1 0
88 11 10
88 10 9
88 9 8
88 29 28
88 28 27
88 27 26
88 26 18
88 18 17
88 17 12
88 17 16
88 16 14
88 14 13
88 16 15
88 26 25
88 25 24
88 24 21
88 21 20
88 20 19
88 24 23
88 23 22
89 33 28
89 28 5
89 5 3
89 3 0
89 3 2
89 2 1
89 5 4
89 28 27
89 27 17
89 17 16
89 16 15
89 15 14
89 14 6
89 14 13
89 13 9
89 9 8
89 8 7
89 13 12
89 12 10
89 12 11
89 27 26
89 26 18
89 26 25
89 25 20
89 20 19
89 25 24
89 24 21
89 24 23
89 23 22
89 33 32
89 32 30
89 30 29
89 32 31
90 30 0
90 30 29
90 29 27
90 27 1
90 27 26
90 26 25
90 25 23
90 23 2
90 23 22
90 22 21
90 21 20
90 20 4
90 4 3
90 20 19
90 19 16
90 16 6
90 6 5
90 16 15
90 15 14
90 14 13
90 13 11
90 11 7
90 11 10
90 10 9
90 9 8
90 13 12
90 19 18
90 18 17
90 25 24
90 29 28
91 34 22
91 22 21
91 21 5
91 5 4
91 4 2
91 2 0
91 2 1
91 4 3
91 21 20
91 20 19
91 19 9
91 9 7
91 7 6
91 9 8
91 19 18
91 18 17
91 17 14
91 14 13
91 13 10
91 13 12
91 12 11
91 17 16
91 16 15
91 34 33
91 33 32
91 32 31
91 31 29
91 29 25
91 25 24
91 24 23
91 29 28
91 28 27
91 27 26
91 31 30
92 32 2
92 2 1
92 1 0
92 32 31
92 31 3
92 31 30
92 30 29
92 29 28
92 28 27
92 27 25
92 25 24
92 24 15
92 15 14
92 14 5
92 5 4
92 14 13
92 13 12
92 12 11
92 11 10
92 10 8
92 8 6
92 8 7
92 10 9
92 24 23
92 23 16
92 23 22
92 22 21
92 21 19
92 19 17
92 19 18
92 21 20
92 27 26
93 32 31
93 31 30
93 30 9
93 9 8
93 8 4
93 4 3
93 3 0
93 3 2
93 2 1
93 8 7
93 7 6
93 6 5
93 30 29
93 29 22
93 22 10
93 22 21
93 21 20
93 20 19
93 19 12
93 12 11
93 19 18
93 18 13
93 18 17
93 17 15
93 15 14
93 17 16
93 29 28
93 28 27
93 27 26
93 26 23
93 26 25
93 25 24
94 31 30
94 30 28
94 28 27
94 27 4
94 4 3
94 3 0
94 3 2
94 2 1
94 27 26
94 26 5
94 26 25
94 25 16
94 16 15
94 15 13
94 13 9
94 9 8
94 8 7
94 7 6
94 13 12
94 12 10
94 12 11
94 15 14
94 25 24
94 24 20
94 20 19
94 19 17
94 19 18
94 24 23
94 23 21
94 23 22
94 30 29
95 33 22
95 22 21
95 21 20
95 20 3
95 3 1
95 1 0
95 3 2
95 20 19
95 19 18
95 18 17
95 17 4
95 17 16
95 16 5
95 16 15
95 15 12
95 12 11
95 11 10
95 10 9
95 9 7
95 7 6
95 9 8
95 15 14
95 14 13
95 33 32
95 32 27
95 27 23
95 27 26
95 26 24
95 26 25
95 32 31
95 31 30
95 30 28
95 30 29
96 29 28
96 28 26
96 26 22
96 22 21
96 21 9
96 9 5
96 5 0
96 5 4
96 4 3
96 3 1
96 3 2
96 9 8
96 8 7
96 7 6
96 21 20
96 20 10
96 20 19
96 19 17
96 17 16
96 16 15
96 15 13
96 13 11
96 13 12
96 15 14
96 19 18
96 26 25
96 25 23
96 25 24
96 28 27
97 29 2
97 2 0
97 2 1
97 29 28
97 28 27
97 27 3
97 27 26
97 26 4
97 26 25
97 25 24
97 24 16
97 16 14
97 14 9
97 9 8
97 8 7
97 7 5
97 7 6
97 14 13
97 13 10
97 13 12
97 12 11
97 16 15
97 24 23
97 23 21
97 21 19
97 19 18
97 18 17
97 21 20
97 23 22
98 31 27
98 27 2
98 2 0
98 2 1
98 27 26
98 26 24
98 24 23
98 23 22
98 22 6
98 6 5
98 5 4
98 4 3
98 22 21
98 21 7
98 21 20
98 20 19
98 19 16
98 16 15
98 15 14
98 14 10
98 10 9
98 9 8
98 14 13
98 13 11
98 13 12
98 19 18
98 18 17
98 26 25
98 31 30
98 30 29
98 29 28
99 30 28
99 28 0
99 28 27
99 27 26
99 26 25
99 25 23
99 23 17
99 17 13
99 13 11
99 11 1
99 11 10
99 10 4
99 4 2
99 4 3
99 10 9
99 9 7
99 7 5
99 7 6
99 9 8
99 13 12
99 17 16
99 16 15
99 15 14
99 23 22
99 22 21
99 21 19
99 19 18
99 21 20
99 25 24
99 30 29
100 33 31
100 31 30
100 30 0
100 30 29
100 29 28
100 28 1
100 28 27
100 27 26
100 26 25
100 25 17
100 17 7
100 7 4
100 4 3
100 3 2
100 7 6
100 6 5
100 17 16
100 16 8
100 16 15
100 15 14
100 14 13
100 13 12
100 12 11
100 11 10
100 10 9
100 25 24
100 24 21
100 21 20
100 20 19
100 19 18
100 24 23
100 23 22
100 33 32
101 32 31
101 31 30
101 30 23
101 23 21
101 21 0
101 21 20
101 20 17
101 17 16
101 16 15
101 15 8
101 8 7
101 7 6
101 6 1
101 6 5
101 5 3
101 3 2
101 5 4
101 15 14
101 14 13
101 13 11
101 11 10
101 10 9
101 13 12
101 20 19
101 19 18
101 23 22
101 30 29
101 29 24
101 29 28
101 28 25
101 28 27
101 27 26
