1 31 25
1 25 13
1 13 9
1 9 8
1 8 3
1 3 0
1 3 2
1 2 1
1 8 7
1 7 5
1 5 4
1 7 6
1 13 12
1 12 11
1 11 10
1 25 24
1 24 16
1 16 14
1 16 15
1 24 23
1 23 18
1 18 17
1 23 22
1 22 21
1 21 20
1 20 19
1 31 30
1 30 28
1 28 26
1 28 27
1 30 29
2 30 0
2 30 29
2 29 28
2 28 27
2 27 15
2 15 3
2 3 1
2 3 2
2 15 14
2 14 12
2 12 11
2 11 4
2 11 10
2 10 5
2 10 9
2 9 8
2 8 6
2 8 7
2 14 13
2 27 26
2 26 23
2 23 17
2 17 16
2 23 22
2 22 21
2 21 19
2 19 18
2 21 20
2 26 25
2 25 24
3 29 28
3 28 26
3 26 3
3 3 0
3 3 2
3 2 1
3 26 25
3 25 16
3 16 15
3 15 14
3 14 5
3 5 4
3 14 13
3 13 6
3 13 12
3 12 8
3 8 7
3 12 11
3 11 9
3 11 10
3 25 24
3 24 23
3 23 21
3 21 20
3 20 19
3 19 18
3 18 17
3 23 22
3 28 27
4 34 0
4 34 33
4 33 8
4 8 7
4 7 5
4 5 2
4 2 1
4 5 4
4 4 3
4 7 6
4 33 32
4 32 31
4 31 15
4 15 12
4 12 9
4 12 11
4 11 10
4 15 14
4 14 13
4 31 30
4 30 19
4 19 16
4 19 18
4 18 17
4 30 29
4 29 27
4 27 20
4 27 26
4 26 24
4 24 23
4 23 22
4 22 21
4 26 25
4 29 28
5 34 0
5 34 33
5 33 32
5 32 29
5 29 16
5 16 1
5 16 15
5 15 10
5 10 2
5 10 9
5 9 8
5 8 5
5 5 4
5 4 3
5 8 7
5 7 6
5 15 14
5 14 13
5 13 11
5 13 12
5 29 28
5 28 27
5 27 26
5 26 22
5 22 21
5 21 20
5 20 19
5 19 18
5 18 17
5 26 25
5 25 23
5 25 24
5 32 31
5 31 30
6 29 28
6 28 25
6 25 0
6 25 24
6 24 1
6 24 23
6 23 22
6 22 20
6 20 15
6 15 14
6 14 2
6 14 13
6 13 10
6 10 8
6 8 5
6 5 3
6 5 4
6 8 7
6 7 6
6 10 9
6 13 12
6 12 11
6 20 19
6 19 18
6 18 16
6 18 17
6 22 21
6 28 27
6 27 26
7 31 1
7 1 0
7 31 30
7 30 28
7 28 3
7 3 2
7 28 27
7 27 26
7 26 20
7 20 18
7 18 12
7 12 10
7 10 9
7 9 8
7 8 7
7 7 5
7 5 4
7 7 6
7 12 11
7 18 17
7 17 13
7 17 16
7 16 15
7 15 14
7 20 19
7 26 25
7 25 23
7 23 22
7 22 21
7 25 24
7 30 29
8 30 29
8 29 28
8 28 27
8 27 21
8 21 19
8 19 17
8 17 15
8 15 2
8 2 1
8 1 0
8 15 14
8 14 13
8 13 12
8 12 11
8 11 10
8 10 9
8 9 8
8 8 7
8 7 5
8 5 4
8 4 3
8 7 6
8 17 16
8 19 18
8 21 20
8 27 26
8 26 25
8 25 24
8 24 23
8 23 22
9 31 1
9 1 0
9 31 30
9 30 16
9 16 14
9 14 12
9 12 2
9 12 11
9 11 10
9 10 8
9 8 7
9 7 6
9 6 4
9 4 3
9 6 5
9 10 9
9 14 13
9 16 15
9 30 29
9 29 28
9 28 17
9 28 27
9 27 26
9 26 25
9 25 20
9 20 18
9 20 19
9 25 24
9 24 22
9 22 21
9 24 23
10 34 0
10 34 33
10 33 15
10 15 2
10 2 1
10 15 14
10 14 5
10 5 3
10 5 4
10 14 13
10 13 12
10 12 11
10 11 10
10 10 6
10 10 9
10 9 8
10 8 7
10 33 32
10 32 16
10 32 31
10 31 17
10 31 30
10 30 29
10 29 28
10 28 27
10 27 26
10 26 24
10 24 20
10 20 18
10 20 19
10 24 23
10 23 21
10 23 22
10 26 25
11 32 30
11 30 29
11 29 28
11 28 27
11 27 25
11 25 21
11 21 20
11 20 19
11 19 6
11 6 4
11 4 0
11 4 3
11 3 2
11 2 1
11 6 5
11 19 18
11 18 17
11 17 7
11 17 16
11 16 14
11 14 9
11 9 8
11 14 13
11 13 12
11 12 11
11 11 10
11 16 15
11 25 24
11 24 22
11 24 23
11 27 26
11 32 31
12 30 29
12 29 25
12 25 23
12 23 22
12 22 3
12 3 2
12 2 0
12 2 1
12 22 21
12 21 12
12 12 11
12 11 4
12 11 10
12 10 7
12 7 5
12 7 6
12 10 9
12 9 8
12 21 20
12 20 16
12 16 13
12 16 15
12 15 14
12 20 19
12 19 18
12 18 17
12 25 24
12 29 28
12 28 27
12 27 26
13 32 31
13 31 30
13 30 29
13 29 14
13 14 0
13 14 13
13 13 12
13 12 11
13 11 4
13 4 3
13 3 2
13 2 1
13 11 10
13 10 9
13 9 5
13 9 8
13 8 7
13 7 6
13 29 28
13 28 16
13 16 15
13 28 27
13 27 26
13 26 19
13 19 17
13 19 18
13 26 25
13 25 20
13 25 24
13 24 21
13 24 23
13 23 22
14 34 14
14 14 3
14 3 2
14 2 1
14 1 0
14 14 13
14 13 4
14 13 12
14 12 10
14 10 5
14 10 9
14 9 7
14 7 6
14 9 8
14 12 11
14 34 33
14 33 32
14 32 15
14 32 31
14 31 19
14 19 18
14 18 17
14 17 16
14 31 30
14 30 29
14 29 27
14 27 20
14 27 26
14 26 21
14 26 25
14 25 23
14 23 22
14 25 24
14 29 28
15 31 29
15 29 0
15 29 28
15 28 27
15 27 1
15 27 26
15 26 24
15 24 2
15 24 23
15 23 3
15 23 22
15 22 21
15 21 20
15 20 18
15 18 4
15 18 17
15 17 7
15 7 6
15 6 5
15 17 16
15 16 15
15 15 9
15 9 8
15 15 14
15 14 12
15 12 11
15 11 10
15 14 13
15 20 19
15 26 25
15 31 30
16 34 30
16 30 21
16 21 20
16 20 19
16 19 18
16 18 17
16 17 3
16 3 1
16 1 0
16 3 2
16 17 16
16 16 4
16 16 15
16 15 13
16 13 12
16 12 11
16 11 7
16 7 5
16 7 6
16 11 10
16 10 8
16 10 9
16 15 14
16 30 29
16 29 28
16 28 25
16 25 23
16 23 22
16 25 24
16 28 27
16 27 26
16 34 33
16 33 32
16 32 31
17 33 30
17 30 29
17 29 28
17 28 20
17 20 8
17 8 2
17 2 1
17 1 0
17 8 7
17 7 3
17 7 6
17 6 5
17 5 4
17 20 19
17 19 18
17 18 17
17 17 16
17 16 12
17 12 9
17 12 11
17 11 10
17 16 15
17 15 14
17 14 13
17 28 27
17 27 22
17 22 21
17 27 26
17 26 25
17 25 23
17 25 24
17 33 32
17 32 31
18 33 30
18 30 1
18 1 0
18 30 29
18 29 2
18 29 28
18 28 17
18 17 16
18 16 3
18 16 15
18 15 14
18 14 12
18 12 4
18 12 11
18 11 9
18 9 6
18 6 5
18 9 8
18 8 7
18 11 10
18 14 13
18 28 27
18 27 26
18 26 18
18 26 25
18 25 24
18 24 19
18 24 23
18 23 20
18 23 22
18 22 21
18 33 32
18 32 31
19 31 28
19 28 27
19 27 26
19 26 1
19 1 0
19 26 25
19 25 24
19 24 23
19 23 22
19 22 2
19 22 21
19 21 20
19 20 3
19 20 19
19 19 13
19 13 4
19 13 12
19 12 10
19 10 5
19 10 9
19 9 8
19 8 6
19 8 7
19 12 11
19 19 18
19 18 17
19 17 15
19 15 14
19 17 16
19 31 30
19 30 29
20 33 0
20 33 32
20 32 31
20 31 3
20 3 2
20 2 1
20 31 30
20 30 16
20 16 14
20 14 13
20 13 4
20 13 12
20 12 8
20 8 5
20 8 7
20 7 6
20 12 11
20 11 10
20 10 9
20 16 15
20 30 29
20 29 17
20 29 28
20 28 19
20 19 18
20 28 27
20 27 26
20 26 25
20 25 24
20 24 22
20 22 21
20 21 20
20 24 23
21 33 15
21 15 0
21 15 14
21 14 13
21 13 9
21 9 7
21 7 2
21 2 1
21 7 6
21 6 5
21 5 3
21 5 4
21 9 8
21 13 12
21 12 10
21 12 11
21 33 32
21 32 30
21 30 16
21 30 29
21 29 28
21 28 20
21 20 19
21 19 17
21 19 18
21 28 27
21 27 23
21 23 21
21 23 22
21 27 26
21 26 24
21 26 25
21 32 31
22 32 0
22 32 31
22 31 3
22 3 1
22 3 2
22 31 30
22 30 23
22 23 21
22 21 16
22 16 15
22 15 4
22 15 14
22 14 5
22 14 13
22 13 10
22 10 7
22 7 6
22 10 9
22 9 8
22 13 12
22 12 11
22 21 20
22 20 19
22 19 17
22 19 18
22 23 22
22 30 29
22 29 24
22 29 28
22 28 25
22 28 27
22 27 26
23 32 31
23 31 28
23 28 27
23 27 0
23 27 26
23 26 25
23 25 1
23 25 24
23 24 23
23 23 2
23 23 22
23 22 3
23 22 21
23 21 4
23 21 20
23 20 5
23 20 19
23 19 18
23 18 6
23 18 17
23 17 16
23 16 15
23 15 14
23 14 11
23 11 7
23 11 10
23 10 8
23 10 9
23 14 13
23 13 12
23 31 30
23 30 29
24 33 24
24 24 18
24 18 15
24 15 14
24 14 13
24 13 10
24 10 9
24 9 4
24 4 0
24 4 3
24 3 1
24 3 2
24 9 8
24 8 6
24 6 5
24 8 7
24 13 12
24 12 11
24 18 17
24 17 16
24 24 23
24 23 19
24 23 22
24 22 20
24 22 21
24 33 32
24 32 26
24 26 25
24 32 31
24 31 30
24 30 27
24 30 29
24 29 28
25 34 0
25 34 33
25 33 32
25 32 31
25 31 1
25 31 30
25 30 2
25 30 29
25 29 3
25 29 28
25 28 27
25 27 26
25 26 25
25 25 24
25 24 4
25 24 23
25 23 7
25 7 6
25 6 5
25 23 22
25 22 19
25 19 18
25 18 17
25 17 16
25 16 15
25 15 13
25 13 12
25 12 11
25 11 8
25 11 10
25 10 9
25 15 14
25 22 21
25 21 20
26 30 0
26 30 29
26 29 28
26 28 1
26 28 27
26 27 26
26 26 24
26 24 21
26 21 3
26 3 2
26 21 20
26 20 18
26 18 5
26 5 4
26 18 17
26 17 15
26 15 14
26 14 13
26 13 6
26 13 12
26 12 10
26 10 9
26 9 8
26 8 7
26 12 11
26 17 16
26 20 19
26 24 23
26 23 22
26 26 25
27 32 31
27 31 30
27 30 0
27 30 29
27 29 28
27 28 1
27 28 27
27 27 26
27 26 25
27 25 24
27 24 23
27 23 21
27 21 20
27 20 16
27 16 2
27 16 15
27 15 3
27 15 14
27 14 13
27 13 12
27 12 10
27 10 5
27 5 4
27 10 9
27 9 8
27 8 6
27 8 7
27 12 11
27 20 19
27 19 17
27 19 18
27 23 22
28 33 32
28 32 0
28 32 31
28 31 30
28 30 28
28 28 27
28 27 23
28 23 20
28 20 18
28 18 12
28 12 1
28 12 11
28 11 6
28 6 4
28 4 2
28 4 3
28 6 5
28 11 10
28 10 7
28 10 9
28 9 8
28 18 17
28 17 16
28 16 14
28 14 13
28 16 15
28 20 19
28 23 22
28 22 21
28 27 26
28 26 24
28 26 25
28 30 29
29 29 7
29 7 6
29 6 5
29 5 3
29 3 2
29 2 0
29 2 1
29 5 4
29 29 28
29 28 27
29 27 8
29 27 26
29 26 25
29 25 24
29 24 23
29 23 15
29 15 9
29 15 14
29 14 10
29 14 13
29 13 12
29 12 11
29 23 22
29 22 17
29 17 16
29 22 21
29 21 19
29 19 18
29 21 20
30 29 27
30 27 0
30 27 26
30 26 17
30 17 16
30 16 1
30 16 15
30 15 14
30 14 12
30 12 11
30 11 3
30 3 2
30 11 10
30 10 9
30 9 8
30 8 7
30 7 4
30 7 6
30 6 5
30 14 13
30 26 25
30 25 19
30 19 18
30 25 24
30 24 23
30 23 22
30 22 20
30 22 21
30 29 28
31 33 8
31 8 6
31 6 0
31 6 5
31 5 1
31 5 4
31 4 3
31 3 2
31 8 7
31 33 32
31 32 31
31 31 9
31 31 30
31 30 12
31 12 10
31 12 11
31 30 29
31 29 26
31 26 25
31 25 24
31 24 23
31 23 22
31 22 21
31 21 20
31 20 16
31 16 13
31 16 15
31 15 14
31 20 19
31 19 17
31 19 18
31 29 28
31 28 27
32 31 20
32 20 18
32 18 16
32 16 4
32 4 1
32 1 0
32 4 3
32 3 2
32 16 15
32 15 14
32 14 13
32 13 10
32 10 9
32 9 5
32 9 8
32 8 7
32 7 6
32 13 12
32 12 11
32 18 17
32 20 19
32 31 30
32 30 29
32 29 25
32 25 22
32 22 21
32 25 24
32 24 23
32 29 28
32 28 27
32 27 26
33 31 0
33 31 30
33 30 29
33 29 28
33 28 1
33 28 27
33 27 26
33 26 23
33 23 2
33 23 22
33 22 13
33 13 3
33 13 12
33 12 11
33 11 10
33 10 7
33 7 5
33 5 4
33 7 6
33 10 9
33 9 8
33 22 21
33 21 14
33 21 20
33 20 19
33 19 18
33 18 17
33 17 15
33 17 16
33 26 25
33 25 24
34 30 29
34 29 4
34 4 2
34 2 1
34 1 0
34 4 3
34 29 28
34 28 24
34 24 17
34 17 16
34 16 15
34 15 9
34 9 8
34 8 7
34 7 5
34 7 6
34 15 14
34 14 11
34 11 10
34 14 13
34 13 12
34 24 23
34 23 18
34 23 22
34 22 20
34 20 19
34 22 21
34 28 27
34 27 26
34 26 25
35 30 28
35 28 3
35 3 2
35 2 1
35 1 0
35 28 27
35 27 26
35 26 24
35 24 22
35 22 21
35 21 9
35 9 8
35 8 7
35 7 5
35 5 4
35 7 6
35 21 20
35 20 15
35 15 11
35 11 10
35 15 14
35 14 13
35 13 12
35 20 19
35 19 17
35 17 16
35 19 18
35 24 23
35 26 25
35 30 29
36 34 0
36 34 33
36 33 32
36 32 1
36 32 31
36 31 2
36 31 30
36 30 24
36 24 23
36 23 14
36 14 10
36 10 7
36 7 5
36 5 4
36 4 3
36 7 6
36 10 9
36 9 8
36 14 13
36 13 11
36 13 12
36 23 22
36 22 21
36 21 16
36 16 15
36 21 20
36 20 19
36 19 17
36 19 18
36 30 29
36 29 26
36 26 25
36 29 28
36 28 27
37 32 31
37 31 16
37 16 7
37 7 6
37 6 4
37 4 3
37 3 2
37 2 0
37 2 1
37 6 5
37 16 15
37 15 12
37 12 8
37 12 11
37 11 10
37 10 9
37 15 14
37 14 13
37 31 30
37 30 29
37 29 27
37 27 17
37 27 26
37 26 25
37 25 20
37 20 18
37 20 19
37 25 24
37 24 23
37 23 21
37 23 22
37 29 28
38 32 26
38 26 25
38 25 9
38 9 6
38 6 4
38 4 3
38 3 0
38 3 2
38 2 1
38 6 5
38 9 8
38 8 7
38 25 24
38 24 22
38 22 19
38 19 18
38 18 17
38 17 16
38 16 15
38 15 14
38 14 10
38 14 13
38 13 12
38 12 11
38 22 21
38 21 20
38 24 23
38 32 31
38 31 30
38 30 29
38 29 27
38 29 28
39 33 32
39 32 25
39 25 24
39 24 21
39 21 3
39 3 2
39 2 1
39 1 0
39 21 20
39 20 18
39 18 17
39 17 16
39 16 14
39 14 11
39 11 7
39 7 4
39 7 6
39 6 5
39 11 10
39 10 9
39 9 8
39 14 13
39 13 12
39 16 15
39 20 19
39 24 23
39 23 22
39 32 31
39 31 26
39 31 30
39 30 28
39 28 27
39 30 29
40 30 29
40 29 27
40 27 26
40 26 25
40 25 24
40 24 0
40 24 23
40 23 20
40 20 15
40 15 14
40 14 13
40 13 7
40 7 6
40 6 5
40 5 1
40 5 4
40 4 2
40 4 3
40 13 12
40 12 10
40 10 8
40 10 9
40 12 11
40 20 19
40 19 18
40 18 17
40 17 16
40 23 22
40 22 21
40 29 28
41 30 29
41 29 28
41 28 0
41 28 27
41 27 6
41 6 4
41 4 1
41 4 3
41 3 2
41 6 5
41 27 26
41 26 13
41 13 12
41 12 10
41 10 9
41 9 7
41 9 8
41 12 11
41 26 25
41 25 23
41 23 17
41 17 14
41 17 16
41 16 15
41 23 22
41 22 18
41 22 21
41 21 20
41 20 19
41 25 24
42 33 0
42 33 32
42 32 31
42 31 28
42 28 1
42 28 27
42 27 26
42 26 10
42 10 9
42 9 2
42 9 8
42 8 6
42 6 5
42 5 3
42 5 4
42 8 7
42 26 25
42 25 24
42 24 11
42 24 23
42 23 21
42 21 12
42 21 20
42 20 13
42 20 19
42 19 18
42 18 15
42 15 14
42 18 17
42 17 16
42 23 22
42 31 30
42 30 29
43 29 26
43 26 2
43 2 1
43 1 0
43 26 25
43 25 9
43 9 7
43 7 3
43 7 6
43 6 4
43 6 5
43 9 8
43 25 24
43 24 18
43 18 10
43 18 17
43 17 13
43 13 11
43 13 12
43 17 16
43 16 14
43 16 15
43 24 23
43 23 22
43 22 21
43 21 19
43 21 20
43 29 28
43 28 27
44 30 21
44 21 19
44 19 5
44 5 0
44 5 4
44 4 2
44 2 1
44 4 3
44 19 18
44 18 17
44 17 6
44 17 16
44 16 15
44 15 7
44 15 14
44 14 10
44 10 9
44 9 8
44 14 13
44 13 11
44 13 12
44 21 20
44 30 29
44 29 25
44 25 24
44 24 22
44 24 23
44 29 28
44 28 27
44 27 26
45 29 27
45 27 26
45 26 16
45 16 13
45 13 1
45 1 0
45 13 12
45 12 2
45 12 11
45 11 10
45 10 5
45 5 4
45 4 3
45 10 9
45 9 6
45 9 8
45 8 7
45 16 15
45 15 14
45 26 25
45 25 24
45 24 21
45 21 17
45 21 20
45 20 18
45 20 19
45 24 23
45 23 22
45 29 28
46 32 8
46 8 6
46 6 5
46 5 4
46 4 3
46 3 2
46 2 0
46 2 1
46 8 7
46 32 31
46 31 20
46 20 9
46 20 19
46 19 18
46 18 17
46 17 16
46 16 10
46 16 15
46 15 14
46 14 13
46 13 12
46 12 11
46 31 30
46 30 26
46 26 25
46 25 23
46 23 22
46 22 21
46 25 24
46 30 29
46 29 27
46 29 28
47 34 0
47 34 33
47 33 32
47 32 31
47 31 30
47 30 29
47 29 10
47 10 9
47 9 8
47 8 7
47 7 2
47 2 1
47 7 6
47 6 4
47 4 3
47 6 5
47 29 28
47 28 27
47 27 22
47 22 21
47 21 20
47 20 19
47 19 14
47 14 12
47 12 11
47 14 13
47 19 18
47 18 17
47 17 15
47 17 16
47 27 26
47 26 25
47 25 23
47 25 24
48 33 32
48 32 31
48 31 0
48 31 30
48 30 1
48 30 29
48 29 28
48 28 3
48 3 2
48 28 27
48 27 4
48 27 26
48 26 25
48 25 24
48 24 23
48 23 22
48 22 17
48 17 14
48 14 9
48 9 8
48 8 7
48 7 6
48 6 5
48 14 13
48 13 12
48 12 10
48 12 11
48 17 16
48 16 15
48 22 21
48 21 19
48 19 18
48 21 20
49 31 0
49 31 30
49 30 2
49 2 1
49 30 29
49 29 28
49 28 10
49 10 9
49 9 8
49 8 6
49 6 3
49 6 5
49 5 4
49 8 7
49 28 27
49 27 11
49 27 26
49 26 24
49 24 12
49 24 23
49 23 22
49 22 13
49 22 21
49 21 20
49 20 16
49 16 14
49 16 15
49 20 19
49 19 17
49 19 18
49 26 25
50 31 30
50 30 29
50 29 0
50 29 28
50 28 27
50 27 6
50 6 2
50 2 1
50 6 5
50 5 4
50 4 3
50 27 26
50 26 13
50 13 12
50 12 7
50 12 11
50 11 10
50 10 8
50 10 9
50 26 25
50 25 23
50 23 18
50 18 17
50 17 16
50 16 14
50 16 15
50 23 22
50 22 21
50 21 19
50 21 20
50 25 24
51 31 19
51 19 1
51 1 0
51 19 18
51 18 17
51 17 14
51 14 2
51 14 13
51 13 10
51 10 3
51 10 9
51 9 7
51 7 4
51 7 6
51 6 5
51 9 8
51 13 12
51 12 11
51 17 16
51 16 15
51 31 30
51 30 29
51 29 20
51 29 28
51 28 27
51 27 26
51 26 21
51 26 25
51 25 23
51 23 22
51 25 24
52 30 29
52 29 22
52 22 16
52 16 0
52 16 15
52 15 11
52 11 9
52 9 7
52 7 3
52 3 1
52 3 2
52 7 6
52 6 5
52 5 4
52 9 8
52 11 10
52 15 14
52 14 12
52 14 13
52 22 21
52 21 19
52 19 18
52 18 17
52 21 20
52 29 28
52 28 27
52 27 24
52 24 23
52 27 26
52 26 25
53 33 0
53 33 32
53 32 1
53 32 31
53 31 25
53 25 24
53 24 23
53 23 21
53 21 15
53 15 6
53 6 5
53 5 2
53 5 4
53 4 3
53 15 14
53 14 13
53 13 12
53 12 11
53 11 9
53 9 7
53 9 8
53 11 10
53 21 20
53 20 16
53 20 19
53 19 18
53 18 17
53 23 22
53 31 30
53 30 26
53 30 29
53 29 28
53 28 27
54 34 33
54 33 32
54 32 31
54 31 30
54 30 29
54 29 1
54 1 0
54 29 28
54 28 25
54 25 11
54 11 3
54 3 2
54 11 10
54 10 9
54 9 8
54 8 7
54 7 5
54 5 4
54 7 6
54 25 24
54 24 23
54 23 22
54 22 20
54 20 19
54 19 18
54 18 17
54 17 14
54 14 12
54 14 13
54 17 16
54 16 15
54 22 21
54 28 27
54 27 26
55 32 31
55 31 0
55 31 30
55 30 26
55 26 25
55 25 24
55 24 23
55 23 19
55 19 5
55 5 3
55 3 1
55 3 2
55 5 4
55 19 18
55 18 17
55 17 16
55 16 7
55 7 6
55 16 15
55 15 8
55 15 14
55 14 13
55 13 12
55 12 11
55 11 10
55 10 9
55 23 22
55 22 20
55 22 21
55 30 29
55 29 27
55 29 28
56 29 13
56 13 12
56 12 1
56 1 0
56 12 11
56 11 8
56 8 2
56 8 7
56 7 5
56 5 4
56 4 3
56 7 6
56 11 10
56 10 9
56 29 28
56 28 25
56 25 20
56 20 18
56 18 17
56 17 15
56 15 14
56 17 16
56 20 19
56 25 24
56 24 21
56 24 23
56 23 22
56 28 27
56 27 26
57 33 32
57 32 30
57 30 8
57 8 3
57 3 0
57 3 2
57 2 1
57 8 7
57 7 4
57 7 6
57 6 5
57 30 29
57 29 28
57 28 9
57 28 27
57 27 12
57 12 11
57 11 10
57 27 26
57 26 15
57 15 13
57 15 14
57 26 25
57 25 23
57 23 21
57 21 20
57 20 19
57 19 18
57 18 16
57 18 17
57 23 22
57 25 24
57 32 31
58 34 32
58 32 31
58 31 28
58 28 23
58 23 20
58 20 0
58 20 19
58 19 1
58 19 18
58 18 17
58 17 12
58 12 11
58 11 10
58 10 4
58 4 2
58 4 3
58 10 9
58 9 6
58 6 5
58 9 8
58 8 7
58 17 16
58 16 13
58 16 15
58 15 14
58 23 22
58 22 21
58 28 27
58 27 26
58 26 24
58 26 25
58 31 30
58 30 29
58 34 33
59 29 4
59 4 1
59 1 0
59 4 3
59 3 2
59 29 28
59 28 26
59 26 19
59 19 6
59 6 5
59 19 18
59 18 17
59 17 10
59 10 9
59 9 7
59 9 8
59 17 16
59 16 15
59 15 14
59 14 11
59 14 13
59 13 12
59 26 25
59 25 24
59 24 20
59 24 23
59 23 22
59 22 21
59 28 27
60 32 3
60 3 2
60 2 1
60 1 0
60 32 31
60 31 6
60 6 4
60 6 5
60 31 30
60 30 29
60 29 28
60 28 10
60 10 9
60 9 8
60 8 7
60 28 27
60 27 21
60 21 20
60 20 19
60 19 18
60 18 11
60 18 17
60 17 16
60 16 15
60 15 13
60 13 12
60 15 14
60 27 26
60 26 25
60 25 24
60 24 22
60 24 23
61 32 31
61 31 23
61 23 22
61 22 21
61 21 20
61 20 16
61 16 2
61 2 1
61 1 0
61 16 15
61 15 9
61 9 3
61 9 8
61 8 4
61 8 7
61 7 6
61 6 5
61 15 14
61 14 13
61 13 10
61 13 12
61 12 11
61 20 19
61 19 18
61 18 17
61 31 30
61 30 29
61 29 27
61 27 25
61 25 24
61 27 26
61 29 28
62 30 29
62 29 20
62 20 19
62 19 18
62 18 17
62 17 15
62 15 14
62 14 13
62 13 12
62 12 6
62 6 0
62 6 5
62 5 1
62 5 4
62 4 3
62 3 2
62 12 11
62 11 9
62 9 8
62 8 7
62 11 10
62 17 16
62 29 28
62 28 27
62 27 26
62 26 24
62 24 22
62 22 21
62 24 23
62 26 25
63 31 30
63 30 0
63 30 29
63 29 25
63 25 8
63 8 6
63 6 5
63 5 1
63 5 4
63 4 3
63 3 2
63 8 7
63 25 24
63 24 20
63 20 19
63 19 9
63 19 18
63 18 16
63 16 13
63 13 12
63 12 11
63 11 10
63 16 15
63 15 14
63 18 17
63 24 23
63 23 21
63 23 22
63 29 28
63 28 26
63 28 27
64 29 26
64 26 25
64 25 24
64 24 8
64 8 7
64 7 0
64 7 6
64 6 5
64 5 2
64 2 1
64 5 4
64 4 3
64 24 23
64 23 20
64 20 19
64 19 12
64 12 11
64 11 10
64 10 9
64 19 18
64 18 16
64 16 13
64 16 15
64 15 14
64 18 17
64 23 22
64 22 21
64 29 28
64 28 27
65 29 28
65 28 27
65 27 6
65 6 4
65 4 3
65 3 2
65 2 0
65 2 1
65 6 5
65 27 26
65 26 7
65 26 25
65 25 24
65 24 18
65 18 17
65 17 16
65 16 11
65 11 10
65 10 8
65 10 9
65 16 15
65 15 14
65 14 13
65 13 12
65 24 23
65 23 22
65 22 21
65 21 20
65 20 19
66 30 29
66 29 7
66 7 3
66 3 0
66 3 2
66 2 1
66 7 6
66 6 4
66 6 5
66 29 28
66 28 9
66 9 8
66 28 27
66 27 21
66 21 17
66 17 14
66 14 13
66 13 10
66 13 12
66 12 11
66 17 16
66 16 15
66 21 20
66 20 18
66 20 19
66 27 26
66 26 22
66 26 25
66 25 23
66 25 24
67 29 26
67 26 25
67 25 8
67 8 7
67 7 2
67 2 1
67 1 0
67 7 6
67 6 5
67 5 4
67 4 3
67 25 24
67 24 11
67 11 10
67 10 9
67 24 23
67 23 21
67 21 19
67 19 12
67 19 18
67 18 16
67 16 13
67 16 15
67 15 14
67 18 17
67 21 20
67 23 22
67 29 28
67 28 27
68 30 28
68 28 24
68 24 0
68 24 23
68 23 12
68 12 4
68 4 3
68 3 2
68 2 1
68 12 11
68 11 9
68 9 7
68 7 5
68 7 6
68 9 8
68 11 10
68 23 22
68 22 18
68 18 16
68 16 13
68 16 15
68 15 14
68 18 17
68 22 21
68 21 20
68 20 19
68 28 27
68 27 25
68 27 26
68 30 29
69 32 0
69 32 31
69 31 29
69 29 28
69 28 27
69 27 26
69 26 9
69 9 6
69 6 4
69 4 2
69 2 1
69 4 3
69 6 5
69 9 8
69 8 7
69 26 25
69 25 24
69 24 23
69 23 19
69 19 18
69 18 17
69 17 12
69 12 10
69 12 11
69 17 16
69 16 15
69 15 13
69 15 14
69 23 22
69 22 21
69 21 20
69 31 30
70 33 19
70 19 18
70 18 4
70 4 3
70 3 2
70 2 1
70 1 0
70 18 17
70 17 11
70 11 8
70 8 7
70 7 5
70 7 6
70 11 10
70 10 9
70 17 16
70 16 14
70 14 13
70 13 12
70 16 15
70 33 32
70 32 31
70 31 30
70 30 29
70 29 27
70 27 25
70 25 20
70 25 24
70 24 21
70 24 23
70 23 22
70 27 26
70 29 28
71 30 0
71 30 29
71 29 8
71 8 1
71 8 7
71 7 6
71 6 5
71 5 3
71 3 2
71 5 4
71 29 28
71 28 26
71 26 25
71 25 24
71 24 11
71 11 9
71 11 10
71 24 23
71 23 12
71 23 22
71 22 19
71 19 13
71 19 18
71 18 15
71 15 14
71 18 17
71 17 16
71 22 21
71 21 20
71 28 27
72 34 33
72 33 31
72 31 30
72 30 5
72 5 1
72 1 0
72 5 4
72 4 3
72 3 2
72 30 29
72 29 28
72 28 9
72 9 7
72 7 6
72 9 8
72 28 27
72 27 26
72 26 24
72 24 22
72 22 21
72 21 16
72 16 15
72 15 11
72 11 10
72 15 14
72 14 13
72 13 12
72 21 20
72 20 18
72 18 17
72 20 19
72 24 23
72 26 25
72 33 32
73 33 1
73 1 0
73 33 32
73 32 31
73 31 23
73 23 8
73 8 2
73 8 7
73 7 3
73 7 6
73 6 5
73 5 4
73 23 22
73 22 20
73 20 19
73 19 14
73 14 10
73 10 9
73 14 13
73 13 12
73 12 11
73 19 18
73 18 17
73 17 15
73 17 16
73 22 21
73 31 30
73 30 25
73 25 24
73 30 29
73 29 28
73 28 27
73 27 26
74 29 9
74 9 2
74 2 1
74 1 0
74 9 8
74 8 6
74 6 4
74 4 3
74 6 5
74 8 7
74 29 28
74 28 27
74 27 10
74 27 26
74 26 14
74 14 13
74 13 12
74 12 11
74 26 25
74 25 24
74 24 18
74 18 15
74 18 17
74 17 16
74 24 23
74 23 22
74 22 21
74 21 20
74 20 19
75 29 26
75 26 5
75 5 1
75 1 0
75 5 4
75 4 3
75 3 2
75 26 25
75 25 24
75 24 13
75 13 12
75 12 6
75 12 11
75 11 10
75 10 9
75 9 8
75 8 7
75 24 23
75 23 21
75 21 19
75 19 17
75 17 15
75 15 14
75 17 16
75 19 18
75 21 20
75 23 22
75 29 28
75 28 27
76 33 32
76 32 24
76 24 23
76 23 20
76 20 0
76 20 19
76 19 1
76 19 18
76 18 17
76 17 16
76 16 4
76 4 2
76 4 3
76 16 15
76 15 11
76 11 5
76 11 10
76 10 7
76 7 6
76 10 9
76 9 8
76 15 14
76 14 13
76 13 12
76 23 22
76 22 21
76 32 31
76 31 29
76 29 28
76 28 27
76 27 25
76 27 26
76 31 30
77 29 26
77 26 25
77 25 24
77 24 23
77 23 22
77 22 5
77 5 0
77 5 4
77 4 3
77 3 2
77 2 1
77 22 21
77 21 19
77 19 18
77 18 15
77 15 10
77 10 6
77 10 9
77 9 8
77 8 7
77 15 14
77 14 13
77 13 11
77 13 12
77 18 17
77 17 16
77 21 20
77 29 28
77 28 27
78 31 2
78 2 1
78 1 0
78 31 30
78 30 22
78 22 3
78 22 21
78 21 17
78 17 15
78 15 4
78 15 14
78 14 13
78 13 11
78 11 10
78 10 5
78 10 9
78 9 8
78 8 7
78 7 6
78 13 12
78 17 16
78 21 20
78 20 18
78 20 19
78 30 29
78 29 28
78 28 25
78 25 24
78 24 23
78 28 27
78 27 26
79 31 28
79 28 27
79 27 1
79 1 0
79 27 26
79 26 7
79 7 6
79 6 5
79 5 4
79 4 2
79 4 3
79 26 25
79 25 22
79 22 20
79 20 19
79 19 18
79 18 9
79 9 8
79 18 17
79 17 10
79 17 16
79 16 12
79 12 11
79 16 15
79 15 13
79 15 14
79 22 21
79 25 24
79 24 23
79 31 30
79 30 29
80 29 9
80 9 7
80 7 6
80 6 5
80 5 1
80 1 0
80 5 4
80 4 3
80 3 2
80 9 8
80 29 28
80 28 10
80 28 27
80 27 26
80 26 19
80 19 18
80 18 14
80 14 13
80 13 12
80 12 11
80 18 17
80 17 15
80 17 16
80 26 25
80 25 23
80 23 22
80 22 20
80 22 21
80 25 24
81 30 25
81 25 8
81 8 7
81 7 0
81 7 6
81 6 1
81 6 5
81 5 2
81 5 4
81 4 3
81 25 24
81 24 11
81 11 10
81 10 9
81 24 23
81 23 21
81 21 14
81 14 13
81 13 12
81 21 20
81 20 19
81 19 18
81 18 15
81 18 17
81 17 16
81 23 22
81 30 29
81 29 28
81 28 26
81 28 27
82 34 0
82 34 33
82 33 32
82 32 31
82 31 30
82 30 1
82 30 29
82 29 2
82 29 28
82 28 26
82 26 25
82 25 20
82 20 18
82 18 7
82 7 6
82 6 5
82 5 3
82 5 4
82 18 17
82 17 9
82 9 8
82 17 16
82 16 14
82 14 13
82 13 12
82 12 10
82 12 11
82 16 15
82 20 19
82 25 24
82 24 21
82 24 23
82 23 22
82 28 27
83 31 30
83 30 17
83 17 13
83 13 1
83 1 0
83 13 12
83 12 8
83 8 6
83 6 5
83 5 3
83 3 2
83 5 4
83 8 7
83 12 11
83 11 10
83 10 9
83 17 16
83 16 14
83 16 15
83 30 29
83 29 21
83 21 20
83 20 18
83 20 19
83 29 28
83 28 27
83 27 26
83 26 25
83 25 24
83 24 22
83 24 23
84 31 30
84 30 28
84 28 27
84 27 26
84 26 22
84 22 19
84 19 7
84 7 0
84 7 6
84 6 4
84 4 1
84 4 3
84 3 2
84 6 5
84 19 18
84 18 17
84 17 16
84 16 15
84 15 14
84 14 13
84 13 11
84 11 9
84 9 8
84 11 10
84 13 12
84 22 21
84 21 20
84 26 25
84 25 23
84 25 24
84 30 29
85 32 27
85 27 26
85 26 24
85 24 23
85 23 22
85 22 16
85 16 15
85 15 12
85 12 0
85 12 11
85 11 9
85 9 8
85 8 7
85 7 3
85 3 2
85 2 1
85 7 6
85 6 4
85 6 5
85 11 10
85 15 14
85 14 13
85 22 21
85 21 20
85 20 19
85 19 18
85 18 17
85 26 25
85 32 31
85 31 28
85 31 30
85 30 29
86 30 6
86 6 0
86 6 5
86 5 3
86 3 2
86 2 1
86 5 4
86 30 29
86 29 7
86 29 28
86 28 27
86 27 26
86 26 11
86 11 10
86 10 8
86 10 9
86 26 25
86 25 22
86 22 21
86 21 20
86 20 16
86 16 14
86 14 12
86 14 13
86 16 15
86 20 19
86 19 17
86 19 18
86 25 24
86 24 23
87 34 25
87 25 24
87 24 21
87 21 20
87 20 0
87 20 19
87 19 18
87 18 1
87 18 17
87 17 13
87 13 12
87 12 3
87 3 2
87 12 11
87 11 4
87 11 10
87 10 9
87 9 8
87 8 6
87 6 5
87 8 7
87 17 16
87 16 14
87 16 15
87 24 23
87 23 22
87 34 33
87 33 31
87 31 28
87 28 26
87 28 27
87 31 30
87 30 29
87 33 32
88 31 30
88 30 28
88 28 25
88 25 24
88 24 0
88 24 23
88 23 3
88 3 1
88 3 2
88 23 22
88 22 21
88 21 4
88 21 20
88 20 16
88 16 15
88 15 12
88 12 8
88 8 7
88 7 6
88 6 5
88 12 11
88 11 9
88 11 10
88 15 14
88 14 13
88 20 19
88 19 17
88 19 18
88 28 27
88 27 26
88 30 29
89 33 0
89 33 32
89 32 3
89 3 2
89 2 1
89 32 31
89 31 30
89 30 4
89 30 29
89 29 26
89 26 25
89 25 24
89 24 5
89 24 23
89 23 22
89 22 21
89 21 20
89 20 11
89 11 6
89 11 10
89 10 7
89 10 9
89 9 8
89 20 19
89 19 16
89 16 15
89 15 14
89 14 13
89 13 12
89 19 18
89 18 17
89 29 28
89 28 27
90 29 27
90 27 26
90 26 14
90 14 12
90 12 2
90 2 1
90 1 0
90 12 11
90 11 10
90 10 8
90 8 3
90 8 7
90 7 4
90 7 6
90 6 5
90 10 9
90 14 13
90 26 25
90 25 23
90 23 19
90 19 18
90 18 17
90 17 16
90 16 15
90 23 22
90 22 20
90 22 21
90 25 24
90 29 28
91 34 0
91 34 33
91 33 32
91 32 29
91 29 1
91 29 28
91 28 7
91 7 5
91 5 4
91 4 2
91 4 3
91 7 6
91 28 27
91 27 26
91 26 25
91 25 21
91 21 20
91 20 11
91 11 9
91 9 8
91 11 10
91 20 19
91 19 18
91 18 17
91 17 14
91 14 13
91 13 12
91 17 16
91 16 15
91 25 24
91 24 22
91 24 23
91 32 31
91 31 30
92 29 28
92 28 24
92 24 0
92 24 23
92 23 22
92 22 1
92 22 21
92 21 11
92 11 8
92 8 2
92 8 7
92 7 5
92 5 3
92 5 4
92 7 6
92 11 10
92 10 9
92 21 20
92 20 17
92 17 16
92 16 15
92 15 12
92 15 14
92 14 13
92 20 19
92 19 18
92 28 27
92 27 26
92 26 25
93 31 26
93 26 25
93 25 24
93 24 2
93 2 0
93 2 1
93 24 23
93 23 22
93 22 5
93 5 4
93 4 3
93 22 21
93 21 18
93 18 11
93 11 10
93 10 8
93 8 6
93 8 7
93 10 9
93 18 17
93 17 12
93 17 16
93 16 15
93 15 14
93 14 13
93 21 20
93 20 19
93 31 30
93 30 29
93 29 28
93 28 27
94 30 29
94 29 17
94 17 1
94 1 0
94 17 16
94 16 15
94 15 4
94 4 2
94 4 3
94 15 14
94 14 5
94 14 13
94 13 6
94 13 12
94 12 11
94 11 7
94 11 10
94 10 8
94 10 9
94 29 28
94 28 18
94 28 27
94 27 22
94 22 21
94 21 19
94 21 20
94 27 26
94 26 24
94 24 23
94 26 25
95 30 27
95 27 2
95 2 0
95 2 1
95 27 26
95 26 5
95 5 4
95 4 3
95 26 25
95 25 24
95 24 12
95 12 9
95 9 8
95 8 7
95 7 6
95 12 11
95 11 10
95 24 23
95 23 20
95 20 19
95 19 18
95 18 13
95 18 17
95 17 14
95 17 16
95 16 15
95 23 22
95 22 21
95 30 29
95 29 28
96 29 1
96 1 0
96 29 28
96 28 27
96 27 22
96 22 2
96 22 21
96 21 20
96 20 17
96 17 16
96 16 11
96 11 9
96 9 8
96 8 7
96 7 6
96 6 3
96 6 5
96 5 4
96 11 10
96 16 15
96 15 12
96 15 14
96 14 13
96 20 19
96 19 18
96 27 26
96 26 25
96 25 23
96 25 24
97 31 29
97 29 14
97 14 10
97 10 9
97 9 0
97 9 8
97 8 3
97 3 1
97 3 2
97 8 7
97 7 4
97 7 6
97 6 5
97 14 13
97 13 12
97 12 11
97 29 28
97 28 27
97 27 21
97 21 17
97 17 15
97 17 16
97 21 20
97 20 18
97 20 19
97 27 26
97 26 25
97 25 23
97 23 22
97 25 24
97 31 30
98 29 27
98 27 1
98 1 0
98 27 26
98 26 18
98 18 4
98 4 2
98 4 3
98 18 17
98 17 10
98 10 7
98 7 6
98 6 5
98 10 9
98 9 8
98 17 16
98 16 15
98 15 14
98 14 13
98 13 12
98 12 11
98 26 25
98 25 19
98 25 24
98 24 21
98 21 20
98 24 23
98 23 22
98 29 28
99 30 11
99 11 2
99 2 0
99 2 1
99 11 10
99 10 9
99 9 3
99 9 8
99 8 7
99 7 6
99 6 5
99 5 4
99 30 29
99 29 28
99 28 12
99 28 27
99 27 19
99 19 13
99 19 18
99 18 17
99 17 15
99 15 14
99 17 16
99 27 26
99 26 22
99 22 21
99 21 20
99 26 25
99 25 23
99 25 24
100 29 28
100 28 25
100 25 22
100 22 7
100 7 0
100 7 6
100 6 5
100 5 4
100 4 2
100 2 1
100 4 3
100 22 21
100 21 8
100 21 20
100 20 9
100 20 19
100 19 14
100 14 12
100 12 10
100 12 11
100 14 13
100 19 18
100 18 16
100 16 15
100 18 17
100 25 24
100 24 23
100 28 27
100 27 26
101 29 27
101 27 23
101 23 22
101 22 17
101 17 16
101 16 6
101 6 1
101 1 0
101 6 5
101 5 4
101 4 3
101 3 2
101 16 15
101 15 14
101 14 9
101 9 8
101 8 7
101 14 13
101 13 11
101 11 10
101 13 12
101 22 21
101 21 18
101 21 20
101 20 19
101 27 26
101 26 24
101 26 25
101 29 28
