1 34 31
1 31 30
1 30 28
1 28 19
1 19 2
1 2 0
1 2 1
1 19 18
1 18 17
1 17 15
1 15 10
1 10 9
1 9 8
1 8 7
1 7 5
1 5 3
1 5 4
1 7 6
1 15 14
1 14 13
1 13 11
1 13 12
1 17 16
1 28 27
1 27 26
1 26 25
1 25 24
1 24 20
1 24 23
1 23 21
1 23 22
1 30 29
1 34 33
1 33 32
2 30 29
2 29 28
2 28 27
2 27 7
2 7 0
2 7 6
2 6 3
2 3 2
2 2 1
2 6 5
2 5 4
2 27 26
2 26 25
2 25 23
2 23 22
2 22 21
2 21 20
2 20 18
2 18 11
2 11 8
2 11 10
2 10 9
2 18 17
2 17 12
2 17 16
2 16 15
2 15 13
2 15 14
2 20 19
2 25 24
3 30 3
3 3 1
3 1 0
3 3 2
3 30 29
3 29 28
3 28 27
3 27 5
3 5 4
3 27 26
3 26 25
3 25 6
3 25 24
3 24 23
3 23 7
3 23 22
3 22 8
3 22 21
3 21 20
3 20 18
3 18 16
3 16 15
3 15 9
3 15 14
3 14 12
3 12 10
3 12 11
3 14 13
3 18 17
3 20 19
4 34 3
4 3 0
4 3 2
4 2 1
4 34 33
4 33 7
4 7 6
4 6 4
4 6 5
4 33 32
4 32 29
4 29 28
4 28 26
4 26 25
4 25 8
4 25 24
4 24 9
4 24 23
4 23 10
4 23 22
4 22 21
4 21 20
4 20 18
4 18 17
4 17 16
4 16 15
4 15 11
4 15 14
4 14 12
4 14 13
4 20 19
4 28 27
4 32 31
4 31 30
5 29 3
5 3 2
5 2 0
5 2 1
5 29 28
5 28 9
5 9 8
5 8 4
5 8 7
5 7 5
5 7 6
5 28 27
5 27 25
5 25 14
5 14 13
5 13 12
5 12 11
5 11 10
5 25 24
5 24 23
5 23 16
5 16 15
5 23 22
5 22 19
5 19 18
5 18 17
5 22 21
5 21 20
5 27 26
6 32 31
6 31 18
6 18 1
6 1 0
6 18 17
6 17 3
6 3 2
6 17 16
6 16 15
6 15 4
6 15 14
6 14 12
6 12 11
6 11 10
6 10 9
6 9 5
6 9 8
6 8 6
6 8 7
6 14 13
6 31 30
6 30 28
6 28 27
6 27 20
6 20 19
6 27 26
6 26 21
6 26 25
6 25 22
6 25 24
6 24 23
6 30 29
7 33 32
7 32 31
7 31 28
7 28 27
7 27 6
7 6 5
7 5 4
7 4 3
7 3 0
7 3 2
7 2 1
7 27 26
7 26 24
7 24 22
7 22 13
7 13 9
7 9 7
7 9 8
7 13 12
7 12 10
7 12 11
7 22 21
7 21 18
7 18 16
7 16 14
7 16 15
7 18 17
7 21 20
7 20 19
7 24 23
7 26 25
7 31 30
7 30 29
8 34 32
8 32 0
8 32 31
8 31 19
8 19 1
8 19 18
8 18 17
8 17 2
8 17 16
8 16 3
8 16 15
8 15 14
8 14 13
8 13 11
8 11 10
8 10 4
8 10 9
8 9 8
8 8 7
8 7 5
8 7 6
8 13 12
8 31 30
8 30 25
8 25 24
8 24 20
8 24 23
8 23 22
8 22 21
8 30 29
8 29 28
8 28 27
8 27 26
8 34 33
9 33 31
9 31 2
9 2 0
9 2 1
9 31 30
9 30 28
9 28 3
9 28 27
9 27 26
9 26 25
9 25 24
9 24 4
9 24 23
9 23 5
9 23 22
9 22 6
9 22 21
9 21 8
9 8 7
9 21 20
9 20 19
9 19 18
9 18 16
9 16 10
9 10 9
9 16 15
9 15 14
9 14 12
9 12 11
9 14 13
9 18 17
9 30 29
9 33 32
10 34 32
10 32 31
10 31 27
10 27 26
10 26 0
10 26 25
10 25 22
10 22 21
10 21 14
10 14 12
10 12 1
10 12 11
10 11 10
10 10 2
10 10 9
10 9 5
10 5 4
10 4 3
10 9 8
10 8 6
10 8 7
10 14 13
10 21 20
10 20 15
10 20 19
10 19 18
10 18 16
10 18 17
10 25 24
10 24 23
10 31 30
10 30 29
10 29 28
10 34 33
11 34 33
11 33 0
11 33 32
11 32 1
11 32 31
11 31 9
11 9 8
11 8 7
11 7 6
11 6 4
11 4 2
11 4 3
11 6 5
11 31 30
11 30 28
11 28 26
11 26 25
11 25 24
11 24 23
11 23 21
11 21 20
11 20 17
11 17 10
11 17 16
11 16 13
11 13 12
11 12 11
11 16 15
11 15 14
11 20 19
11 19 18
11 23 22
11 28 27
11 30 29
12 30 9
12 9 8
12 8 0
12 8 7
12 7 6
12 6 2
12 2 1
12 6 5
12 5 4
12 4 3
12 30 29
12 29 27
12 27 26
12 26 10
12 26 25
12 25 24
12 24 20
12 20 18
12 18 16
12 16 15
12 15 13
12 13 12
12 12 11
12 15 14
12 18 17
12 20 19
12 24 23
12 23 22
12 22 21
12 29 28
13 31 0
13 31 30
13 30 28
13 28 24
13 24 6
13 6 2
13 2 1
13 6 5
13 5 3
13 5 4
13 24 23
13 23 7
13 23 22
13 22 15
13 15 14
13 14 11
13 11 10
13 10 8
13 10 9
13 14 13
13 13 12
13 22 21
13 21 18
13 18 17
13 17 16
13 21 20
13 20 19
13 28 27
13 27 26
13 26 25
13 30 29
14 33 32
14 32 22
14 22 11
14 11 0
14 11 10
14 10 2
14 2 1
14 10 9
14 9 3
14 9 8
14 8 7
14 7 6
14 6 5
14 5 4
14 22 21
14 21 16
14 16 15
14 15 12
14 15 14
14 14 13
14 21 20
14 20 19
14 19 17
14 19 18
14 32 31
14 31 23
14 31 30
14 30 26
14 26 24
14 26 25
14 30 29
14 29 27
14 29 28
15 33 32
15 32 0
15 32 31
15 31 30
15 30 25
15 25 24
15 24 23
15 23 21
15 21 20
15 20 16
15 16 1
15 16 15
15 15 2
15 15 14
15 14 3
15 14 13
15 13 10
15 10 8
15 8 7
15 7 6
15 6 4
15 6 5
15 10 9
15 13 12
15 12 11
15 20 19
15 19 18
15 18 17
15 23 22
15 30 29
15 29 27
15 27 26
15 29 28
16 31 5
16 5 3
16 3 2
16 2 1
16 1 0
16 5 4
16 31 30
16 30 29
16 29 28
16 28 25
16 25 11
16 11 9
16 9 6
16 9 8
16 8 7
16 11 10
16 25 24
16 24 23
16 23 13
16 13 12
16 23 22
16 22 21
16 21 14
16 21 20
16 20 18
16 18 15
16 18 17
16 17 16
16 20 19
16 28 27
16 27 26
17 30 29
17 29 28
17 28 27
17 27 26
17 26 25
17 25 4
17 4 2
17 2 0
17 2 1
17 4 3
17 25 24
17 24 5
17 24 23
17 23 11
17 11 10
17 10 8
17 8 7
17 7 6
17 10 9
17 23 22
17 22 18
17 18 16
17 16 14
17 14 13
17 13 12
17 16 15
17 18 17
17 22 21
17 21 20
17 20 19
18 30 29
18 29 18
18 18 16
18 16 15
18 15 12
18 12 5
18 5 3
18 3 2
18 2 1
18 1 0
18 5 4
18 12 11
18 11 7
18 7 6
18 11 10
18 10 8
18 10 9
18 15 14
18 14 13
18 18 17
18 29 28
18 28 27
18 27 26
18 26 24
18 24 23
18 23 22
18 22 21
18 21 19
18 21 20
18 26 25
19 34 31
19 31 0
19 31 30
19 30 27
19 27 25
19 25 23
19 23 22
19 22 18
19 18 16
19 16 14
19 14 9
19 9 1
19 9 8
19 8 6
19 6 4
19 4 2
19 4 3
19 6 5
19 8 7
19 14 13
19 13 11
19 11 10
19 13 12
19 16 15
19 18 17
19 22 21
19 21 19
19 21 20
19 25 24
19 27 26
19 30 29
19 29 28
19 34 33
19 33 32
20 33 2
20 2 0
20 2 1
20 33 32
20 32 31
20 31 24
20 24 23
20 23 3
20 23 22
20 22 21
20 21 20
20 20 19
20 19 4
20 19 18
20 18 17
20 17 16
20 16 15
20 15 14
20 14 10
20 10 9
20 9 5
20 9 8
20 8 7
20 7 6
20 14 13
20 13 11
20 13 12
20 31 30
20 30 25
20 30 29
20 29 26
20 29 28
20 28 27
21 29 27
21 27 25
21 25 23
21 23 0
21 23 22
21 22 20
21 20 1
21 20 19
21 19 18
21 18 15
21 15 2
21 15 14
21 14 13
21 13 10
21 10 9
21 9 3
21 9 8
21 8 5
21 5 4
21 8 7
21 7 6
21 13 12
21 12 11
21 18 17
21 17 16
21 22 21
21 25 24
21 27 26
21 29 28
22 32 30
22 30 0
22 30 29
22 29 27
22 27 11
22 11 10
22 10 2
22 2 1
22 10 9
22 9 8
22 8 6
22 6 4
22 4 3
22 6 5
22 8 7
22 27 26
22 26 23
22 23 12
22 23 22
22 22 21
22 21 19
22 19 13
22 19 18
22 18 17
22 17 16
22 16 14
22 16 15
22 21 20
22 26 25
22 25 24
22 29 28
22 32 31
23 32 0
23 32 31
23 31 28
23 28 27
23 27 25
23 25 7
23 7 1
23 7 6
23 6 5
23 5 3
23 3 2
23 5 4
23 25 24
23 24 22
23 22 9
23 9 8
23 22 21
23 21 20
23 20 18
23 18 16
23 16 15
23 15 13
23 13 11
23 11 10
23 13 12
23 15 14
23 18 17
23 20 19
23 24 23
23 27 26
23 31 30
23 30 29
24 34 0
24 34 33
24 33 32
24 32 31
24 31 30
24 30 25
24 25 24
24 24 23
24 23 22
24 22 6
24 6 1
24 6 5
24 5 3
24 3 2
24 5 4
24 22 21
24 21 20
24 20 18
24 18 12
24 12 7
24 12 11
24 11 8
24 11 10
24 10 9
24 18 17
24 17 16
24 16 15
24 15 13
24 15 14
24 20 19
24 30 29
24 29 26
24 29 28
24 28 27
25 33 32
25 32 1
25 1 0
25 32 31
25 31 30
25 30 29
25 29 28
25 28 26
25 26 25
25 25 24
25 24 7
25 7 6
25 6 2
25 6 5
25 5 4
25 4 3
25 24 23
25 23 8
25 23 22
25 22 21
25 21 19
25 19 11
25 11 9
25 11 10
25 19 18
25 18 17
25 17 12
25 17 16
25 16 13
25 16 15
25 15 14
25 21 20
25 28 27
26 33 27
26 27 23
26 23 14
26 14 12
26 12 11
26 11 0
26 11 10
26 10 6
26 6 5
26 5 4
26 4 2
26 2 1
26 4 3
26 10 9
26 9 8
26 8 7
26 14 13
26 23 22
26 22 15
26 22 21
26 21 20
26 20 16
26 20 19
26 19 17
26 19 18
26 27 26
26 26 24
26 26 25
26 33 32
26 32 31
26 31 30
26 30 29
26 29 28
27 29 28
27 28 26
27 26 25
27 25 0
27 25 24
27 24 1
27 24 23
27 23 18
27 18 17
27 17 4
27 4 2
27 4 3
27 17 16
27 16 14
27 14 13
27 13 10
27 10 8
27 8 5
27 8 7
27 7 6
27 10 9
27 13 12
27 12 11
27 16 15
27 23 22
27 22 19
27 22 21
27 21 20
27 28 27
28 33 32
28 32 31
28 31 30
28 30 0
28 30 29
28 29 1
28 29 28
28 28 27
28 27 26
28 26 4
28 4 3
28 3 2
28 26 25
28 25 5
28 25 24
28 24 22
28 22 10
28 10 8
28 8 6
28 8 7
28 10 9
28 22 21
28 21 20
28 20 15
28 15 12
28 12 11
28 15 14
28 14 13
28 20 19
28 19 18
28 18 17
28 17 16
28 24 23
29 33 29
29 29 2
29 2 1
29 1 0
29 29 28
29 28 22
29 22 3
29 22 21
29 21 20
29 20 19
29 19 11
29 11 10
29 10 8
29 8 7
29 7 5
29 5 4
29 7 6
29 10 9
29 19 18
29 18 12
29 18 17
29 17 15
29 15 14
29 14 13
29 17 16
29 28 27
29 27 25
29 25 23
29 25 24
29 27 26
29 33 32
29 32 31
29 31 30
30 31 30
30 30 29
30 29 27
30 27 1
30 1 0
30 27 26
30 26 25
30 25 16
30 16 15
30 15 8
30 8 4
30 4 2
30 4 3
30 8 7
30 7 5
30 7 6
30 15 14
30 14 13
30 13 11
30 11 10
30 10 9
30 13 12
30 25 24
30 24 21
30 21 20
30 20 19
30 19 18
30 18 17
30 24 23
30 23 22
30 29 28
31 33 30
31 30 28
31 28 1
31 1 0
31 28 27
31 27 23
31 23 22
31 22 20
31 20 15
31 15 13
31 13 12
31 12 7
31 7 2
31 7 6
31 6 4
31 4 3
31 6 5
31 12 11
31 11 9
31 9 8
31 11 10
31 15 14
31 20 19
31 19 17
31 17 16
31 19 18
31 22 21
31 27 26
31 26 24
31 26 25
31 30 29
31 33 32
31 32 31
32 30 29
32 29 25
32 25 24
32 24 8
32 8 7
32 7 6
32 6 3
32 3 2
32 2 1
32 1 0
32 6 5
32 5 4
32 24 23
32 23 11
32 11 10
32 10 9
32 23 22
32 22 21
32 21 19
32 19 15
32 15 13
32 13 12
32 15 14
32 19 18
32 18 17
32 17 16
32 21 20
32 29 28
32 28 26
32 28 27
33 31 24
33 24 7
33 7 5
33 5 3
33 3 2
33 2 1
33 1 0
33 5 4
33 7 6
33 24 23
33 23 22
33 22 21
33 21 9
33 9 8
33 21 20
33 20 14
33 14 12
33 12 11
33 11 10
33 14 13
33 20 19
33 19 18
33 18 17
33 17 15
33 17 16
33 31 30
33 30 29
33 29 28
33 28 27
33 27 26
33 26 25
34 30 29
34 29 0
34 29 28
34 28 27
34 27 2
34 2 1
34 27 26
34 26 25
34 25 23
34 23 22
34 22 21
34 21 6
34 6 5
34 5 3
34 5 4
34 21 20
34 20 14
34 14 13
34 13 12
34 12 10
34 10 8
34 8 7
34 10 9
34 12 11
34 20 19
34 19 18
34 18 15
34 18 17
34 17 16
34 25 24
35 30 29
35 29 28
35 28 27
35 27 22
35 22 0
35 22 21
35 21 19
35 19 3
35 3 1
35 3 2
35 19 18
35 18 17
35 17 7
35 7 6
35 6 4
35 6 5
35 17 16
35 16 13
35 13 11
35 11 8
35 11 10
35 10 9
35 13 12
35 16 15
35 15 14
35 21 20
35 27 26
35 26 25
35 25 24
35 24 23
36 32 29
36 29 22
36 22 21
36 21 0
36 21 20
36 20 2
36 2 1
36 20 19
36 19 18
36 18 17
36 17 3
36 17 16
36 16 14
36 14 13
36 13 5
36 5 4
36 13 12
36 12 10
36 10 9
36 9 8
36 8 7
36 7 6
36 12 11
36 16 15
36 29 28
36 28 26
36 26 24
36 24 23
36 26 25
36 28 27
36 32 31
36 31 30
37 34 2
37 2 1
37 1 0
37 34 33
37 33 32
37 32 31
37 31 12
37 12 11
37 11 3
37 11 10
37 10 9
37 9 4
37 9 8
37 8 7
37 7 6
37 6 5
37 31 30
37 30 13
37 30 29
37 29 28
37 28 26
37 26 19
37 19 17
37 17 15
37 15 14
37 17 16
37 19 18
37 26 25
37 25 20
37 25 24
37 24 23
37 23 21
37 23 22
37 28 27
38 33 32
38 32 0
38 32 31
38 31 30
38 30 29
38 29 3
38 3 1
38 3 2
38 29 28
38 28 5
38 5 4
38 28 27
38 27 26
38 26 25
38 25 23
38 23 12
38 12 11
38 11 10
38 10 6
38 10 9
38 9 8
38 8 7
38 23 22
38 22 21
38 21 19
38 19 17
38 17 15
38 15 14
38 14 13
38 17 16
38 19 18
38 21 20
38 25 24
39 33 32
39 32 29
39 29 0
39 29 28
39 28 4
39 4 3
39 3 1
39 3 2
39 28 27
39 27 26
39 26 25
39 25 24
39 24 22
39 22 5
39 22 21
39 21 20
39 20 17
39 17 15
39 15 6
39 15 14
39 14 12
39 12 11
39 11 10
39 10 7
39 10 9
39 9 8
39 14 13
39 17 16
39 20 19
39 19 18
39 24 23
39 32 31
39 31 30
40 30 29
40 29 28
40 28 27
40 27 26
40 26 4
40 4 2
40 2 0
40 2 1
40 4 3
40 26 25
40 25 11
40 11 9
40 9 6
40 6 5
40 9 8
40 8 7
40 11 10
40 25 24
40 24 22
40 22 21
40 21 13
40 13 12
40 21 20
40 20 17
40 17 14
40 17 16
40 16 15
40 20 19
40 19 18
40 24 23
41 33 23
41 23 0
41 23 22
41 22 5
41 5 2
41 2 1
41 5 4
41 4 3
41 22 21
41 21 10
41 10 6
41 10 9
41 9 7
41 9 8
41 21 20
41 20 18
41 18 17
41 17 11
41 17 16
41 16 14
41 14 13
41 13 12
41 16 15
41 20 19
41 33 32
41 32 31
41 31 29
41 29 28
41 28 26
41 26 25
41 25 24
41 28 27
41 31 30
42 31 28
42 28 1
42 1 0
42 28 27
42 27 26
42 26 23
42 23 22
42 22 3
42 3 2
42 22 21
42 21 16
42 16 7
42 7 6
42 6 4
42 6 5
42 16 15
42 15 12
42 12 11
42 11 9
42 9 8
42 11 10
42 15 14
42 14 13
42 21 20
42 20 19
42 19 17
42 19 18
42 26 25
42 25 24
42 31 30
42 30 29
43 30 28
43 28 26
43 26 23
43 23 22
43 22 21
43 21 0
43 21 20
43 20 1
43 20 19
43 19 18
43 18 15
43 15 14
43 14 7
43 7 5
43 5 4
43 4 2
43 4 3
43 7 6
43 14 13
43 13 8
43 13 12
43 12 11
43 11 10
43 10 9
43 18 17
43 17 16
43 26 25
43 25 24
43 28 27
43 30 29
44 31 30
44 30 29
44 29 28
44 28 27
44 27 0
44 27 26
44 26 18
44 18 17
44 17 16
44 16 15
44 15 14
44 14 13
44 13 1
44 13 12
44 12 7
44 7 6
44 6 5
44 5 4
44 4 2
44 4 3
44 12 11
44 11 10
44 10 8
44 10 9
44 26 25
44 25 19
44 25 24
44 24 21
44 21 20
44 24 23
44 23 22
45 29 28
45 28 1
45 1 0
45 28 27
45 27 2
45 27 26
45 26 3
45 26 25
45 25 4
45 25 24
45 24 16
45 16 12
45 12 11
45 11 10
45 10 7
45 7 5
45 7 6
45 10 9
45 9 8
45 16 15
45 15 14
45 14 13
45 24 23
45 23 19
45 19 18
45 18 17
45 23 22
45 22 20
45 22 21
46 30 21
46 21 19
46 19 0
46 19 18
46 18 11
46 11 10
46 10 1
46 10 9
46 9 2
46 9 8
46 8 6
46 6 3
46 6 5
46 5 4
46 8 7
46 18 17
46 17 16
46 16 15
46 15 13
46 13 12
46 15 14
46 21 20
46 30 29
46 29 25
46 25 22
46 25 24
46 24 23
46 29 28
46 28 27
46 27 26
47 34 33
47 33 23
47 23 0
47 23 22
47 22 21
47 21 20
47 20 5
47 5 1
47 5 4
47 4 3
47 3 2
47 20 19
47 19 16
47 16 15
47 15 14
47 14 6
47 14 13
47 13 9
47 9 8
47 8 7
47 13 12
47 12 11
47 11 10
47 19 18
47 18 17
47 33 32
47 32 31
47 31 27
47 27 24
47 27 26
47 26 25
47 31 30
47 30 29
47 29 28
48 32 2
48 2 1
48 1 0
48 32 31
48 31 29
48 29 3
48 29 28
48 28 4
48 28 27
48 27 7
48 7 5
48 7 6
48 27 26
48 26 23
48 23 22
48 22 21
48 21 19
48 19 13
48 13 10
48 10 9
48 9 8
48 13 12
48 12 11
48 19 18
48 18 15
48 15 14
48 18 17
48 17 16
48 21 20
48 26 25
48 25 24
48 31 30
49 30 29
49 29 0
49 29 28
49 28 27
49 27 2
49 2 1
49 27 26
49 26 25
49 25 22
49 22 20
49 20 18
49 18 6
49 6 5
49 5 4
49 4 3
49 18 17
49 17 16
49 16 7
49 16 15
49 15 8
49 15 14
49 14 9
49 14 13
49 13 10
49 13 12
49 12 11
49 20 19
49 22 21
49 25 24
49 24 23
50 34 22
50 22 21
50 21 19
50 19 15
50 15 14
50 14 1
50 1 0
50 14 13
50 13 10
50 10 9
50 9 7
50 7 5
50 5 4
50 4 3
50 3 2
50 7 6
50 9 8
50 13 12
50 12 11
50 19 18
50 18 16
50 18 17
50 21 20
50 34 33
50 33 32
50 32 27
50 27 25
50 25 24
50 24 23
50 27 26
50 32 31
50 31 30
50 30 29
50 29 28
51 34 32
51 32 0
51 32 31
51 31 19
51 19 1
51 19 18
51 18 4
51 4 3
51 3 2
51 18 17
51 17 16
51 16 15
51 15 6
51 6 5
51 15 14
51 14 13
51 13 12
51 12 11
51 11 9
51 9 8
51 8 7
51 11 10
51 31 30
51 30 29
51 29 27
51 27 26
51 26 20
51 26 25
51 25 21
51 25 24
51 24 22
51 24 23
51 29 28
51 34 33
52 34 3
52 3 2
52 2 0
52 2 1
52 34 33
52 33 31
52 31 13
52 13 12
52 12 9
52 9 8
52 8 7
52 7 4
52 7 6
52 6 5
52 12 11
52 11 10
52 31 30
52 30 14
52 30 29
52 29 28
52 28 19
52 19 17
52 17 15
52 17 16
52 19 18
52 28 27
52 27 26
52 26 24
52 24 22
52 22 20
52 22 21
52 24 23
52 26 25
52 33 32
53 31 6
53 6 4
53 4 0
53 4 3
53 3 1
53 3 2
53 6 5
53 31 30
53 30 7
53 30 29
53 29 8
53 29 28
53 28 27
53 27 10
53 10 9
53 27 26
53 26 20
53 20 19
53 19 11
53 19 18
53 18 17
53 17 16
53 16 15
53 15 12
53 15 14
53 14 13
53 26 25
53 25 23
53 23 22
53 22 21
53 25 24
54 29 26
54 26 25
54 25 24
54 24 22
54 22 21
54 21 18
54 18 17
54 17 16
54 16 11
54 11 0
54 11 10
54 10 6
54 6 4
54 4 3
54 3 1
54 3 2
54 6 5
54 10 9
54 9 8
54 8 7
54 16 15
54 15 14
54 14 12
54 14 13
54 21 20
54 20 19
54 24 23
54 29 28
54 28 27
55 34 21
55 21 20
55 20 0
55 20 19
55 19 18
55 18 1
55 18 17
55 17 16
55 16 15
55 15 13
55 13 2
55 13 12
55 12 11
55 11 8
55 8 7
55 7 6
55 6 3
55 6 5
55 5 4
55 11 10
55 10 9
55 15 14
55 34 33
55 33 22
55 33 32
55 32 31
55 31 30
55 30 28
55 28 27
55 27 25
55 25 24
55 24 23
55 27 26
55 30 29
56 31 30
56 30 3
56 3 1
56 1 0
56 3 2
56 30 29
56 29 4
56 29 28
56 28 20
56 20 19
56 19 18
56 18 16
56 16 10
56 10 7
56 7 6
56 6 5
56 10 9
56 9 8
56 16 15
56 15 14
56 14 12
56 12 11
56 14 13
56 18 17
56 28 27
56 27 26
56 26 21
56 26 25
56 25 24
56 24 22
56 24 23
57 32 1
57 1 0
57 32 31
57 31 30
57 30 3
57 3 2
57 30 29
57 29 26
57 26 24
57 24 23
57 23 4
57 23 22
57 22 6
57 6 5
57 22 21
57 21 20
57 20 19
57 19 12
57 12 11
57 11 10
57 10 7
57 10 9
57 9 8
57 19 18
57 18 14
57 14 13
57 18 17
57 17 15
57 17 16
57 26 25
57 29 28
57 28 27
58 34 33
58 33 32
58 32 31
58 31 23
58 23 9
58 9 2
58 2 0
58 2 1
58 9 8
58 8 7
58 7 3
58 7 6
58 6 5
58 5 4
58 23 22
58 22 21
58 21 19
58 19 10
58 19 18
58 18 17
58 17 16
58 16 14
58 14 12
58 12 11
58 14 13
58 16 15
58 21 20
58 31 30
58 30 29
58 29 24
58 29 28
58 28 27
58 27 26
58 26 25
59 33 2
59 2 0
59 2 1
59 33 32
59 32 3
59 32 31
59 31 29
59 29 23
59 23 4
59 23 22
59 22 10
59 10 9
59 9 8
59 8 6
59 6 5
59 8 7
59 22 21
59 21 20
59 20 17
59 17 16
59 16 15
59 15 14
59 14 13
59 13 12
59 12 11
59 20 19
59 19 18
59 29 28
59 28 27
59 27 26
59 26 25
59 25 24
59 31 30
60 34 32
60 32 31
60 31 30
60 30 0
60 30 29
60 29 27
60 27 25
60 25 23
60 23 22
60 22 20
60 20 14
60 14 1
60 14 13
60 13 11
60 11 10
60 10 4
60 4 2
60 4 3
60 10 9
60 9 8
60 8 5
60 8 7
60 7 6
60 13 12
60 20 19
60 19 18
60 18 17
60 17 15
60 17 16
60 22 21
60 25 24
60 27 26
60 29 28
60 34 33
61 29 28
61 28 27
61 27 25
61 25 0
61 25 24
61 24 23
61 23 22
61 22 6
61 6 5
61 5 4
61 4 3
61 3 1
61 3 2
61 22 21
61 21 18
61 18 17
61 17 16
61 16 10
61 10 9
61 9 7
61 9 8
61 16 15
61 15 14
61 14 13
61 13 12
61 12 11
61 21 20
61 20 19
61 27 26
62 29 9
62 9 8
62 8 7
62 7 6
62 6 4
62 4 2
62 2 1
62 1 0
62 4 3
62 6 5
62 29 28
62 28 27
62 27 25
62 25 24
62 24 20
62 20 18
62 18 16
62 16 15
62 15 11
62 11 10
62 15 14
62 14 12
62 14 13
62 18 17
62 20 19
62 24 23
62 23 21
62 23 22
62 27 26
63 34 12
63 12 0
63 12 11
63 11 10
63 10 9
63 9 2
63 2 1
63 9 8
63 8 6
63 6 4
63 4 3
63 6 5
63 8 7
63 34 33
63 33 13
63 33 32
63 32 30
63 30 18
63 18 17
63 17 15
63 15 14
63 17 16
63 30 29
63 29 25
63 25 23
63 23 20
63 20 19
63 23 22
63 22 21
63 25 24
63 29 28
63 28 26
63 28 27
63 32 31
64 29 3
64 3 2
64 2 1
64 1 0
64 29 28
64 28 13
64 13 12
64 12 11
64 11 10
64 10 9
64 9 4
64 9 8
64 8 7
64 7 5
64 7 6
64 28 27
64 27 26
64 26 16
64 16 14
64 16 15
64 26 25
64 25 17
64 25 24
64 24 20
64 20 18
64 20 19
64 24 23
64 23 22
64 22 21
65 34 4
65 4 3
65 3 2
65 2 1
65 1 0
65 34 33
65 33 5
65 33 32
65 32 27
65 27 25
65 25 24
65 24 6
65 24 23
65 23 16
65 16 14
65 14 13
65 13 11
65 11 10
65 10 7
65 10 9
65 9 8
65 13 12
65 16 15
65 23 22
65 22 21
65 21 20
65 20 18
65 18 17
65 20 19
65 27 26
65 32 31
65 31 30
65 30 29
65 29 28
66 30 28
66 28 24
66 24 22
66 22 7
66 7 1
66 1 0
66 7 6
66 6 5
66 5 2
66 5 4
66 4 3
66 22 21
66 21 12
66 12 11
66 11 10
66 10 8
66 10 9
66 21 20
66 20 17
66 17 16
66 16 13
66 16 15
66 15 14
66 20 19
66 19 18
66 24 23
66 28 27
66 27 26
66 26 25
66 30 29
67 31 30
67 30 29
67 29 1
67 1 0
67 29 28
67 28 16
67 16 3
67 3 2
67 16 15
67 15 7
67 7 6
67 6 4
67 6 5
67 15 14
67 14 13
67 13 8
67 13 12
67 12 9
67 12 11
67 11 10
67 28 27
67 27 26
67 26 24
67 24 23
67 23 22
67 22 21
67 21 19
67 19 17
67 19 18
67 21 20
67 26 25
68 29 26
68 26 25
68 25 24
68 24 3
68 3 2
68 2 1
68 1 0
68 24 23
68 23 22
68 22 21
68 21 20
68 20 19
68 19 4
68 19 18
68 18 13
68 13 11
68 11 5
68 11 10
68 10 9
68 9 7
68 7 6
68 9 8
68 13 12
68 18 17
68 17 16
68 16 14
68 16 15
68 29 28
68 28 27
69 33 32
69 32 27
69 27 26
69 26 2
69 2 0
69 2 1
69 26 25
69 25 24
69 24 22
69 22 3
69 22 21
69 21 20
69 20 18
69 18 14
69 14 12
69 12 11
69 11 8
69 8 6
69 6 5
69 5 4
69 8 7
69 11 10
69 10 9
69 14 13
69 18 17
69 17 16
69 16 15
69 20 19
69 24 23
69 32 31
69 31 28
69 31 30
69 30 29
70 30 28
70 28 27
70 27 1
70 1 0
70 27 26
70 26 2
70 26 25
70 25 20
70 20 15
70 15 11
70 11 5
70 5 3
70 5 4
70 11 10
70 10 9
70 9 6
70 9 8
70 8 7
70 15 14
70 14 12
70 14 13
70 20 19
70 19 17
70 17 16
70 19 18
70 25 24
70 24 21
70 24 23
70 23 22
70 30 29
71 29 0
71 29 28
71 28 26
71 26 5
71 5 4
71 4 1
71 4 3
71 3 2
71 26 25
71 25 24
71 24 15
71 15 14
71 14 6
71 14 13
71 13 12
71 12 11
71 11 7
71 11 10
71 10 8
71 10 9
71 24 23
71 23 21
71 21 20
71 20 16
71 20 19
71 19 18
71 18 17
71 23 22
71 28 27
72 32 26
72 26 25
72 25 0
72 25 24
72 24 3
72 3 2
72 2 1
72 24 23
72 23 4
72 23 22
72 22 5
72 22 21
72 21 6
72 21 20
72 20 8
72 8 7
72 20 19
72 19 15
72 15 14
72 14 12
72 12 11
72 11 9
72 11 10
72 14 13
72 19 18
72 18 16
72 18 17
72 32 31
72 31 30
72 30 28
72 28 27
72 30 29
73 33 9
73 9 8
73 8 6
73 6 0
73 6 5
73 5 2
73 2 1
73 5 4
73 4 3
73 8 7
73 33 32
73 32 31
73 31 22
73 22 10
73 22 21
73 21 17
73 17 16
73 16 14
73 14 13
73 13 11
73 13 12
73 16 15
73 21 20
73 20 19
73 19 18
73 31 30
73 30 25
73 25 23
73 25 24
73 30 29
73 29 28
73 28 26
73 28 27
74 29 0
74 29 28
74 28 27
74 27 26
74 26 1
74 26 25
74 25 24
74 24 22
74 22 21
74 21 20
74 20 13
74 13 4
74 4 2
74 4 3
74 13 12
74 12 8
74 8 6
74 6 5
74 8 7
74 12 11
74 11 9
74 11 10
74 20 19
74 19 18
74 18 17
74 17 16
74 16 15
74 15 14
74 24 23
75 29 6
75 6 3
75 3 2
75 2 1
75 1 0
75 6 5
75 5 4
75 29 28
75 28 15
75 15 13
75 13 11
75 11 7
75 11 10
75 10 8
75 10 9
75 13 12
75 15 14
75 28 27
75 27 26
75 26 17
75 17 16
75 26 25
75 25 22
75 22 18
75 22 21
75 21 19
75 21 20
75 25 24
75 24 23
76 32 9
76 9 7
76 7 6
76 6 3
76 3 1
76 1 0
76 3 2
76 6 5
76 5 4
76 9 8
76 32 31
76 31 30
76 30 29
76 29 28
76 28 27
76 27 26
76 26 25
76 25 13
76 13 11
76 11 10
76 13 12
76 25 24
76 24 15
76 15 14
76 24 23
76 23 21
76 21 16
76 21 20
76 20 17
76 20 19
76 19 18
76 23 22
77 31 0
77 31 30
77 30 27
77 27 26
77 26 25
77 25 24
77 24 23
77 23 22
77 22 10
77 10 9
77 9 5
77 5 1
77 5 4
77 4 2
77 4 3
77 9 8
77 8 7
77 7 6
77 22 21
77 21 18
77 18 17
77 17 11
77 17 16
77 16 12
77 16 15
77 15 13
77 15 14
77 21 20
77 20 19
77 30 29
77 29 28
78 31 25
78 25 0
78 25 24
78 24 1
78 24 23
78 23 22
78 22 20
78 20 2
78 20 19
78 19 17
78 17 3
78 17 16
78 16 15
78 15 13
78 13 5
78 5 4
78 13 12
78 12 7
78 7 6
78 12 11
78 11 9
78 9 8
78 11 10
78 15 14
78 19 18
78 22 21
78 31 30
78 30 29
78 29 28
78 28 27
78 27 26
79 31 0
79 31 30
79 30 3
79 3 2
79 2 1
79 30 29
79 29 10
79 10 4
79 10 9
79 9 8
79 8 5
79 8 7
79 7 6
79 29 28
79 28 27
79 27 26
79 26 25
79 25 14
79 14 13
79 13 12
79 12 11
79 25 24
79 24 23
79 23 22
79 22 15
79 22 21
79 21 16
79 21 20
79 20 19
79 19 17
79 19 18
80 32 30
80 30 0
80 30 29
80 29 26
80 26 25
80 25 2
80 2 1
80 25 24
80 24 22
80 22 19
80 19 6
80 6 5
80 5 4
80 4 3
80 19 18
80 18 17
80 17 8
80 8 7
80 17 16
80 16 9
80 16 15
80 15 11
80 11 10
80 15 14
80 14 13
80 13 12
80 22 21
80 21 20
80 24 23
80 29 28
80 28 27
80 32 31
81 32 10
81 10 8
81 8 7
81 7 5
81 5 1
81 1 0
81 5 4
81 4 3
81 3 2
81 7 6
81 10 9
81 32 31
81 31 11
81 31 30
81 30 29
81 29 13
81 13 12
81 29 28
81 28 14
81 28 27
81 27 24
81 24 23
81 23 22
81 22 15
81 22 21
81 21 19
81 19 16
81 19 18
81 18 17
81 21 20
81 27 26
81 26 25
82 29 28
82 28 26
82 26 24
82 24 19
82 19 16
82 16 15
82 15 12
82 12 11
82 11 6
82 6 2
82 2 0
82 2 1
82 6 5
82 5 4
82 4 3
82 11 10
82 10 9
82 9 7
82 9 8
82 15 14
82 14 13
82 19 18
82 18 17
82 24 23
82 23 21
82 21 20
82 23 22
82 26 25
82 28 27
83 33 32
83 32 0
83 32 31
83 31 1
83 31 30
83 30 5
83 5 2
83 5 4
83 4 3
83 30 29
83 29 6
83 29 28
83 28 22
83 22 10
83 10 8
83 8 7
83 10 9
83 22 21
83 21 20
83 20 18
83 18 11
83 18 17
83 17 16
83 16 13
83 13 12
83 16 15
83 15 14
83 20 19
83 28 27
83 27 26
83 26 25
83 25 24
83 24 23
84 29 28
84 28 27
84 27 24
84 24 18
84 18 17
84 17 16
84 16 15
84 15 12
84 12 11
84 11 7
84 7 6
84 6 2
84 2 1
84 1 0
84 6 5
84 5 4
84 4 3
84 11 10
84 10 9
84 9 8
84 15 14
84 14 13
84 24 23
84 23 20
84 20 19
84 23 22
84 22 21
84 27 26
84 26 25
85 31 30
85 30 0
85 30 29
85 29 3
85 3 2
85 2 1
85 29 28
85 28 15
85 15 8
85 8 7
85 7 6
85 6 4
85 6 5
85 15 14
85 14 9
85 14 13
85 13 12
85 12 10
85 12 11
85 28 27
85 27 26
85 26 24
85 24 23
85 23 16
85 23 22
85 22 21
85 21 18
85 18 17
85 21 20
85 20 19
85 26 25
86 33 32
86 32 20
86 20 17
86 17 16
86 16 2
86 2 1
86 1 0
86 16 15
86 15 14
86 14 13
86 13 11
86 11 10
86 10 9
86 9 8
86 8 7
86 7 6
86 6 3
86 6 5
86 5 4
86 13 12
86 20 19
86 19 18
86 32 31
86 31 25
86 25 24
86 24 22
86 22 21
86 24 23
86 31 30
86 30 26
86 30 29
86 29 27
86 29 28
87 29 28
87 28 25
87 25 24
87 24 23
87 23 22
87 22 6
87 6 4
87 4 3
87 3 0
87 3 2
87 2 1
87 6 5
87 22 21
87 21 11
87 11 10
87 10 7
87 10 9
87 9 8
87 21 20
87 20 19
87 19 14
87 14 13
87 13 12
87 19 18
87 18 15
87 18 17
87 17 16
87 28 27
87 27 26
88 29 10
88 10 8
88 8 2
88 2 1
88 1 0
88 8 7
88 7 6
88 6 4
88 4 3
88 6 5
88 10 9
88 29 28
88 28 26
88 26 17
88 17 16
88 16 15
88 15 14
88 14 11
88 14 13
88 13 12
88 26 25
88 25 18
88 25 24
88 24 22
88 22 21
88 21 20
88 20 19
88 24 23
88 28 27
89 32 18
89 18 17
89 17 16
89 16 15
89 15 14
89 14 0
89 14 13
89 13 1
89 13 12
89 12 11
89 11 10
89 10 2
89 10 9
89 9 7
89 7 6
89 6 5
89 5 4
89 4 3
89 9 8
89 32 31
89 31 30
89 30 28
89 28 22
89 22 21
89 21 20
89 20 19
89 28 27
89 27 26
89 26 25
89 25 24
89 24 23
89 30 29
90 33 3
90 3 0
90 3 2
90 2 1
90 33 32
90 32 31
90 31 19
90 19 17
90 17 4
90 17 16
90 16 13
90 13 5
90 13 12
90 12 10
90 10 8
90 8 6
90 8 7
90 10 9
90 12 11
90 16 15
90 15 14
90 19 18
90 31 30
90 30 29
90 29 27
90 27 20
90 27 26
90 26 21
90 26 25
90 25 24
90 24 22
90 24 23
90 29 28
91 32 19
91 19 3
91 3 2
91 2 0
91 2 1
91 19 18
91 18 17
91 17 14
91 14 4
91 14 13
91 13 10
91 10 9
91 9 5
91 9 8
91 8 6
91 8 7
91 13 12
91 12 11
91 17 16
91 16 15
91 32 31
91 31 30
91 30 28
91 28 25
91 25 20
91 25 24
91 24 22
91 22 21
91 24 23
91 28 27
91 27 26
91 30 29
92 29 28
92 28 1
92 1 0
92 28 27
92 27 26
92 26 25
92 25 23
92 23 2
92 23 22
92 22 21
92 21 10
92 10 4
92 4 3
92 10 9
92 9 8
92 8 7
92 7 5
92 7 6
92 21 20
92 20 19
92 19 12
92 12 11
92 19 18
92 18 15
92 15 13
92 15 14
92 18 17
92 17 16
92 25 24
93 32 28
93 28 0
93 28 27
93 27 26
93 26 25
93 25 24
93 24 23
93 23 22
93 22 15
93 15 14
93 14 11
93 11 10
93 10 8
93 8 7
93 7 5
93 5 1
93 5 4
93 4 3
93 3 2
93 7 6
93 10 9
93 14 13
93 13 12
93 22 21
93 21 16
93 21 20
93 20 19
93 19 18
93 18 17
93 32 31
93 31 30
93 30 29
94 33 26
94 26 20
94 20 19
94 19 5
94 5 4
94 4 3
94 3 0
94 3 2
94 2 1
94 19 18
94 18 16
94 16 15
94 15 10
94 10 9
94 9 8
94 8 6
94 8 7
94 15 14
94 14 13
94 13 12
94 12 11
94 18 17
94 26 25
94 25 21
94 25 24
94 24 23
94 23 22
94 33 32
94 32 29
94 29 28
94 28 27
94 32 31
94 31 30
95 30 29
95 29 1
95 1 0
95 29 28
95 28 27
95 27 26
95 26 24
95 24 23
95 23 20
95 20 7
95 7 4
95 4 3
95 3 2
95 7 6
95 6 5
95 20 19
95 19 18
95 18 9
95 9 8
95 18 17
95 17 12
95 12 10
95 12 11
95 17 16
95 16 13
95 16 15
95 15 14
95 23 22
95 22 21
95 26 25
96 34 4
96 4 3
96 3 1
96 1 0
96 3 2
96 34 33
96 33 31
96 31 29
96 29 5
96 29 28
96 28 27
96 27 26
96 26 6
96 26 25
96 25 24
96 24 8
96 8 7
96 24 23
96 23 22
96 22 21
96 21 18
96 18 15
96 15 9
96 15 14
96 14 11
96 11 10
96 14 13
96 13 12
96 18 17
96 17 16
96 21 20
96 20 19
96 31 30
96 33 32
97 33 32
97 32 14
97 14 13
97 13 9
97 9 3
97 3 1
97 1 0
97 3 2
97 9 8
97 8 7
97 7 4
97 7 6
97 6 5
97 13 12
97 12 10
97 12 11
97 32 31
97 31 16
97 16 15
97 31 30
97 30 28
97 28 23
97 23 20
97 20 19
97 19 18
97 18 17
97 23 22
97 22 21
97 28 27
97 27 26
97 26 25
97 25 24
97 30 29
98 29 20
98 20 18
98 18 11
98 11 9
98 9 1
98 1 0
98 9 8
98 8 2
98 8 7
98 7 5
98 5 3
98 5 4
98 7 6
98 11 10
98 18 17
98 17 12
98 17 16
98 16 13
98 16 15
98 15 14
98 20 19
98 29 28
98 28 27
98 27 23
98 23 22
98 22 21
98 27 26
98 26 25
98 25 24
99 33 32
99 32 31
99 31 30
99 30 26
99 26 25
99 25 24
99 24 0
99 24 23
99 23 18
99 18 16
99 16 15
99 15 14
99 14 1
99 14 13
99 13 6
99 6 2
99 6 5
99 5 3
99 5 4
99 13 12
99 12 11
99 11 10
99 10 9
99 9 8
99 8 7
99 18 17
99 23 22
99 22 19
99 22 21
99 21 20
99 30 29
99 29 27
99 29 28
100 31 0
100 31 30
100 30 29
100 29 27
100 27 5
100 5 3
100 3 1
100 3 2
100 5 4
100 27 26
100 26 19
100 19 18
100 18 16
100 16 15
100 15 8
100 8 7
100 7 6
100 15 14
100 14 12
100 12 11
100 11 9
100 11 10
100 14 13
100 18 17
100 26 25
100 25 21
100 21 20
100 25 24
100 24 23
100 23 22
100 29 28
101 30 1
101 1 0
101 30 29
101 29 26
101 26 24
101 24 20
101 20 19
101 19 17
101 17 13
101 13 11
101 11 2
101 11 10
101 10 8
101 8 5
101 5 4
101 4 3
101 8 7
101 7 6
101 10 9
101 13 12
101 17 16
101 16 15
101 15 14
101 19 18
101 24 23
101 23 22
101 22 21
101 26 25
101 29 28
101 28 27
