1 14 4
1 4 1
1 1 0
1 4 3
1 3 2
1 14 13
1 13 12
1 12 11
1 11 6
1 6 5
1 11 10
1 10 8
1 8 7
1 10 9
2 16 15
2 15 3
2 3 2
2 2 0
2 2 1
2 15 14
2 14 8
2 8 7
2 7 4
2 7 6
2 6 5
2 14 13
2 13 9
2 13 12
2 12 10
2 12 11
3 15 13
3 13 4
3 4 0
3 4 3
3 3 2
3 2 1
3 13 12
3 12 11
3 11 10
3 10 5
3 10 9
3 9 7
3 7 6
3 9 8
3 15 14
4 19 1
4 1 0
4 19 18
4 18 2
4 18 17
4 17 12
4 12 9
4 9 8
4 8 3
4 8 7
4 7 6
4 6 4
4 6 5
4 12 11
4 11 10
4 17 16
4 16 13
4 16 15
4 15 14
5 15 14
5 14 13
5 13 11
5 11 10
5 10 9
5 9 8
5 8 7
5 7 6
5 6 5
5 5 4
5 4 0
5 4 3
5 3 2
5 2 1
5 13 12
6 17 16
6 16 15
6 15 1
6 1 0
6 15 14
6 14 2
6 14 13
6 13 12
6 12 9
6 9 3
6 9 8
6 8 7
6 7 5
6 5 4
6 7 6
6 12 11
6 11 10
7 17 8
7 8 1
7 1 0
7 8 7
7 7 6
7 6 5
7 5 4
7 4 2
7 4 3
7 17 16
7 16 12
7 12 10
7 10 9
7 12 11
7 16 15
7 15 13
7 15 14
8 16 15
8 15 10
8 10 6
8 6 4
8 4 0
8 4 3
8 3 2
8 2 1
8 6 5
8 10 9
8 9 7
8 9 8
8 15 14
8 14 11
8 14 13
8 13 12
9 17 15
9 15 14
9 14 10
9 10 1
9 1 0
9 10 9
9 9 7
9 7 6
9 6 2
9 6 5
9 5 3
9 5 4
9 9 8
9 14 13
9 13 11
9 13 12
9 17 16
10 18 17
10 17 14
10 14 13
10 13 12
10 12 5
10 5 3
10 3 2
10 2 1
10 1 0
10 5 4
10 12 11
10 11 10
10 10 9
10 9 7
10 7 6
10 9 8
10 17 16
10 16 15
11 16 15
11 15 10
11 10 0
11 10 9
11 9 4
11 4 3
11 3 1
11 3 2
11 9 8
11 8 7
11 7 5
11 7 6
11 15 14
11 14 13
11 13 11
11 13 12
12 14 13
12 13 12
12 12 0
12 12 11
12 11 1
12 11 10
12 10 7
12 7 6
12 6 2
12 6 5
12 5 4
12 4 3
12 10 9
12 9 8
13 15 7
13 7 0
13 7 6
13 6 1
13 6 5
13 5 3
13 3 2
13 5 4
13 15 14
13 14 13
13 13 9
13 9 8
13 13 12
13 12 10
13 12 11
14 16 10
14 10 9
14 9 0
14 9 8
14 8 3
14 3 1
14 3 2
14 8 7
14 7 4
14 7 6
14 6 5
14 16 15
14 15 14
14 14 13
14 13 12
14 12 11
15 14 12
15 12 10
15 10 9
15 9 0
15 9 8
15 8 2
15 2 1
15 8 7
15 7 6
15 6 4
15 4 3
15 6 5
15 12 11
15 14 13
16 17 14
16 14 0
16 14 13
16 13 1
16 13 12
16 12 10
16 10 6
16 6 4
16 4 3
16 3 2
16 6 5
16 10 9
16 9 7
16 9 8
16 12 11
16 17 16
16 16 15
17 16 15
17 15 10
17 10 9
17 9 6
17 6 0
17 6 5
17 5 1
17 5 4
17 4 3
17 3 2
17 9 8
17 8 7
17 15 14
17 14 13
17 13 11
17 13 12
18 14 12
18 12 11
18 11 10
18 10 9
18 9 8
18 8 6
18 6 5
18 5 3
18 3 2
18 2 0
18 2 1
18 5 4
18 8 7
18 14 13
19 14 0
19 14 13
19 13 12
19 12 1
19 12 11
19 11 9
19 9 7
19 7 5
19 5 4
19 4 2
19 4 3
19 7 6
19 9 8
19 11 10
20 15 2
20 2 1
20 1 0
20 15 14
20 14 4
20 4 3
20 14 13
20 13 10
20 10 7
20 7 6
20 6 5
20 10 9
20 9 8
20 13 12
20 12 11
21 17 0
21 17 16
21 16 5
21 5 4
21 4 1
21 4 3
21 3 2
21 16 15
21 15 14
21 14 13
21 13 11
21 11 9
21 9 6
21 9 8
21 8 7
21 11 10
21 13 12
22 15 0
22 15 14
22 14 13
22 13 11
22 11 8
22 8 6
22 6 4
22 4 1
22 4 3
22 3 2
22 6 5
22 8 7
22 11 10
22 10 9
22 13 12
23 19 17
23 17 13
23 13 3
23 3 2
23 2 0
23 2 1
23 13 12
23 12 6
23 6 4
23 6 5
23 12 11
23 11 8
23 8 7
23 11 10
23 10 9
23 17 16
23 16 14
23 16 15
23 19 18
24 15 14
24 14 13
24 13 11
24 11 0
24 11 10
24 10 8
24 8 7
24 7 4
24 4 3
24 3 2
24 2 1
24 7 6
24 6 5
24 10 9
24 13 12
25 16 3
25 3 2
25 2 1
25 1 0
25 16 15
25 15 14
25 14 13
25 13 8
25 8 6
25 6 5
25 5 4
25 8 7
25 13 12
25 12 11
25 11 9
25 11 10
26 14 0
26 14 13
26 13 1
26 13 12
26 12 5
26 5 4
26 4 2
26 4 3
26 12 11
26 11 7
26 7 6
26 11 10
26 10 9
26 9 8
27 16 1
27 1 0
27 16 15
27 15 2
27 15 14
27 14 13
27 13 12
27 12 4
27 4 3
27 12 11
27 11 7
27 7 6
27 6 5
27 11 10
27 10 8
27 10 9
28 19 1
28 1 0
28 19 18
28 18 16
28 16 14
28 14 2
28 14 13
28 13 11
28 11 6
28 6 4
28 4 3
28 6 5
28 11 10
28 10 9
28 9 8
28 8 7
28 13 12
28 16 15
28 18 17
29 18 16
29 16 15
29 15 14
29 14 10
29 10 0
29 10 9
29 9 7
29 7 3
29 3 2
29 2 1
29 7 6
29 6 4
29 6 5
29 9 8
29 14 13
29 13 12
29 12 11
29 18 17
30 18 5
30 5 4
30 4 0
30 4 3
30 3 1
30 3 2
30 18 17
30 17 9
30 9 8
30 8 7
30 7 6
30 17 16
30 16 14
30 14 13
30 13 10
30 13 12
30 12 11
30 16 15
31 15 14
31 14 8
31 8 1
31 1 0
31 8 7
31 7 3
31 3 2
31 7 6
31 6 5
31 5 4
31 14 13
31 13 9
31 13 12
31 12 11
31 11 10
32 15 14
32 14 10
32 10 6
32 6 0
32 6 5
32 5 4
32 4 3
32 3 2
32 2 1
32 10 9
32 9 7
32 9 8
32 14 13
32 13 12
32 12 11
33 16 15
33 15 13
33 13 1
33 1 0
33 13 12
33 12 10
33 10 2
33 10 9
33 9 3
33 9 8
33 8 6
33 6 5
33 5 4
33 8 7
33 12 11
33 15 14
34 14 13
34 13 12
34 12 10
34 10 7
34 7 4
34 4 1
34 1 0
34 4 3
34 3 2
34 7 6
34 6 5
34 10 9
34 9 8
34 12 11
35 19 8
35 8 7
35 7 5
35 5 2
35 2 1
35 1 0
35 5 4
35 4 3
35 7 6
35 19 18
35 18 13
35 13 9
35 13 12
35 12 10
35 12 11
35 18 17
35 17 16
35 16 15
35 15 14
36 17 6
36 6 0
36 6 5
36 5 4
36 4 2
36 2 1
36 4 3
36 17 16
36 16 15
36 15 13
36 13 7
36 13 12
36 12 8
36 12 11
36 11 9
36 11 10
36 15 14
37 15 14
37 14 12
37 12 11
37 11 10
37 10 7
37 7 5
37 5 4
37 4 3
37 3 1
37 1 0
37 3 2
37 7 6
37 10 9
37 9 8
37 14 13
38 15 14
38 14 11
38 11 4
38 4 3
38 3 2
38 2 0
38 2 1
38 11 10
38 10 9
38 9 8
38 8 5
38 8 7
38 7 6
38 14 13
38 13 12
39 16 3
39 3 2
39 2 1
39 1 0
39 16 15
39 15 5
39 5 4
39 15 14
39 14 6
39 14 13
39 13 7
39 13 12
39 12 9
39 9 8
39 12 11
39 11 10
40 18 16
40 16 10
40 10 1
40 1 0
40 10 9
40 9 6
40 6 2
40 6 5
40 5 3
40 5 4
40 9 8
40 8 7
40 16 15
40 15 11
40 15 14
40 14 13
40 13 12
40 18 17
41 18 0
41 18 17
41 17 16
41 16 15
41 15 13
41 13 12
41 12 3
41 3 2
41 2 1
41 12 11
41 11 6
41 6 4
41 6 5
41 11 10
41 10 8
41 8 7
41 10 9
41 15 14
42 18 13
42 13 1
42 1 0
42 13 12
42 12 8
42 8 4
42 4 3
42 3 2
42 8 7
42 7 6
42 6 5
42 12 11
42 11 10
42 10 9
42 18 17
42 17 16
42 16 14
42 16 15
43 16 0
43 16 15
43 15 13
43 13 6
43 6 3
43 3 1
43 3 2
43 6 5
43 5 4
43 13 12
43 12 8
43 8 7
43 12 11
43 11 10
43 10 9
43 15 14
44 15 12
44 12 11
44 11 0
44 11 10
44 10 1
44 10 9
44 9 2
44 9 8
44 8 6
44 6 4
44 4 3
44 6 5
44 8 7
44 15 14
44 14 13
45 17 14
45 14 12
45 12 11
45 11 10
45 10 8
45 8 7
45 7 0
45 7 6
45 6 1
45 6 5
45 5 2
45 5 4
45 4 3
45 10 9
45 14 13
45 17 16
45 16 15
46 18 17
46 17 16
46 16 15
46 15 3
46 3 1
46 1 0
46 3 2
46 15 14
46 14 13
46 13 11
46 11 10
46 10 4
46 10 9
46 9 6
46 6 5
46 9 8
46 8 7
46 13 12
47 16 3
47 3 1
47 1 0
47 3 2
47 16 15
47 15 4
47 15 14
47 14 6
47 6 5
47 14 13
47 13 12
47 12 11
47 11 8
47 8 7
47 11 10
47 10 9
48 14 12
48 12 7
48 7 5
48 5 4
48 4 3
48 3 2
48 2 1
48 1 0
48 7 6
48 12 11
48 11 10
48 10 9
48 9 8
48 14 13
49 16 13
49 13 1
49 1 0
49 13 12
49 12 2
49 12 11
49 11 10
49 10 9
49 9 4
49 4 3
49 9 8
49 8 7
49 7 6
49 6 5
49 16 15
49 15 14
50 19 9
50 9 0
50 9 8
50 8 5
50 5 1
50 5 4
50 4 2
50 4 3
50 8 7
50 7 6
50 19 18
50 18 11
50 11 10
50 18 17
50 17 15
50 15 12
50 15 14
50 14 13
50 17 16
51 18 8
51 8 7
51 7 2
51 2 1
51 1 0
51 7 6
51 6 4
51 4 3
51 6 5
51 18 17
51 17 16
51 16 9
51 16 15
51 15 14
51 14 13
51 13 11
51 11 10
51 13 12
52 16 14
52 14 13
52 13 11
52 11 10
52 10 1
52 1 0
52 10 9
52 9 7
52 7 6
52 6 5
52 5 4
52 4 2
52 4 3
52 9 8
52 13 12
52 16 15
53 17 15
53 15 14
53 14 13
53 13 11
53 11 4
53 4 3
53 3 2
53 2 0
53 2 1
53 11 10
53 10 7
53 7 6
53 6 5
53 10 9
53 9 8
53 13 12
53 17 16
54 18 1
54 1 0
54 18 17
54 17 2
54 17 16
54 16 15
54 15 12
54 12 10
54 10 3
54 10 9
54 9 8
54 8 7
54 7 6
54 6 5
54 5 4
54 12 11
54 15 14
54 14 13
55 14 12
55 12 9
55 9 8
55 8 6
55 6 4
55 4 0
55 4 3
55 3 1
55 3 2
55 6 5
55 8 7
55 12 11
55 11 10
55 14 13
56 15 14
56 14 11
56 11 9
56 9 2
56 2 0
56 2 1
56 9 8
56 8 7
56 7 6
56 6 5
56 5 4
56 4 3
56 11 10
56 14 13
56 13 12
57 18 5
57 5 3
57 3 2
57 2 1
57 1 0
57 5 4
57 18 17
57 17 16
57 16 12
57 12 10
57 10 8
57 8 6
57 8 7
57 10 9
57 12 11
57 16 15
57 15 14
57 14 13
58 15 9
58 9 8
58 8 1
58 1 0
58 8 7
58 7 4
58 4 3
58 3 2
58 7 6
58 6 5
58 15 14
58 14 12
58 12 11
58 11 10
58 14 13
59 14 0
59 14 13
59 13 5
59 5 1
59 5 4
59 4 2
59 4 3
59 13 12
59 12 8
59 8 6
59 8 7
59 12 11
59 11 9
59 11 10
60 19 17
60 17 16
60 16 14
60 14 13
60 13 11
60 11 4
60 4 3
60 3 2
60 2 1
60 1 0
60 11 10
60 10 7
60 7 5
60 7 6
60 10 9
60 9 8
60 13 12
60 16 15
60 19 18
61 14 13
61 13 1
61 1 0
61 13 12
61 12 11
61 11 10
61 10 3
61 3 2
61 10 9
61 9 8
61 8 7
61 7 5
61 5 4
61 7 6
62 14 13
62 13 12
62 12 2
62 2 1
62 1 0
62 12 11
62 11 3
62 11 10
62 10 8
62 8 7
62 7 6
62 6 4
62 6 5
62 10 9
63 15 14
63 14 13
63 13 10
63 10 0
63 10 9
63 9 5
63 5 4
63 4 1
63 4 3
63 3 2
63 9 8
63 8 6
63 8 7
63 13 12
63 12 11
64 19 18
64 18 16
64 16 0
64 16 15
64 15 3
64 3 2
64 2 1
64 15 14
64 14 6
64 6 4
64 6 5
64 14 13
64 13 7
64 13 12
64 12 9
64 9 8
64 12 11
64 11 10
64 18 17
65 16 4
65 4 1
65 1 0
65 4 3
65 3 2
65 16 15
65 15 12
65 12 8
65 8 7
65 7 6
65 6 5
65 12 11
65 11 9
65 11 10
65 15 14
65 14 13
66 17 16
66 16 9
66 9 8
66 8 3
66 3 2
66 2 0
66 2 1
66 8 7
66 7 6
66 6 5
66 5 4
66 16 15
66 15 11
66 11 10
66 15 14
66 14 12
66 14 13
67 14 0
67 14 13
67 13 12
67 12 6
67 6 5
67 5 3
67 3 2
67 2 1
67 5 4
67 12 11
67 11 10
67 10 9
67 9 7
67 9 8
68 19 13
68 13 1
68 1 0
68 13 12
68 12 10
68 10 9
68 9 7
68 7 6
68 6 5
68 5 4
68 4 3
68 3 2
68 9 8
68 12 11
68 19 18
68 18 16
68 16 14
68 16 15
68 18 17
69 17 10
69 10 9
69 9 8
69 8 1
69 1 0
69 8 7
69 7 2
69 7 6
69 6 3
69 6 5
69 5 4
69 17 16
69 16 14
69 14 13
69 13 12
69 12 11
69 16 15
70 14 9
70 9 2
70 2 1
70 1 0
70 9 8
70 8 3
70 8 7
70 7 4
70 7 6
70 6 5
70 14 13
70 13 11
70 11 10
70 13 12
71 19 17
71 17 4
71 4 0
71 4 3
71 3 1
71 3 2
71 17 16
71 16 15
71 15 5
71 15 14
71 14 7
71 7 6
71 14 13
71 13 8
71 13 12
71 12 11
71 11 9
71 11 10
71 19 18
72 15 14
72 14 13
72 13 12
72 12 7
72 7 6
72 6 5
72 5 4
72 4 3
72 3 2
72 2 1
72 1 0
72 12 11
72 11 9
72 9 8
72 11 10
73 17 16
73 16 0
73 16 15
73 15 2
73 2 1
73 15 14
73 14 4
73 4 3
73 14 13
73 13 7
73 7 6
73 6 5
73 13 12
73 12 8
73 12 11
73 11 10
73 10 9
74 17 15
74 15 11
74 11 9
74 9 8
74 8 7
74 7 1
74 1 0
74 7 6
74 6 5
74 5 2
74 5 4
74 4 3
74 11 10
74 15 14
74 14 12
74 14 13
74 17 16
75 14 11
75 11 10
75 10 7
75 7 6
75 6 5
75 5 2
75 2 0
75 2 1
75 5 4
75 4 3
75 10 9
75 9 8
75 14 13
75 13 12
76 15 11
76 11 6
76 6 1
76 1 0
76 6 5
76 5 2
76 5 4
76 4 3
76 11 10
76 10 9
76 9 7
76 9 8
76 15 14
76 14 12
76 14 13
77 16 15
77 15 0
77 15 14
77 14 13
77 13 11
77 11 10
77 10 7
77 7 6
77 6 4
77 4 1
77 4 3
77 3 2
77 6 5
77 10 9
77 9 8
77 13 12
78 15 13
78 13 11
78 11 9
78 9 8
78 8 0
78 8 7
78 7 2
78 2 1
78 7 6
78 6 4
78 4 3
78 6 5
78 11 10
78 13 12
78 15 14
79 19 18
79 18 5
79 5 4
79 4 3
79 3 1
79 1 0
79 3 2
79 18 17
79 17 6
79 17 16
79 16 15
79 15 14
79 14 13
79 13 9
79 9 8
79 8 7
79 13 12
79 12 10
79 12 11
80 19 1
80 1 0
80 19 18
80 18 6
80 6 5
80 5 3
80 3 2
80 5 4
80 18 17
80 17 15
80 15 13
80 13 7
80 13 12
80 12 11
80 11 10
80 10 9
80 9 8
80 15 14
80 17 16
81 16 2
81 2 1
81 1 0
81 16 15
81 15 4
81 4 3
81 15 14
81 14 13
81 13 7
81 7 6
81 6 5
81 13 12
81 12 11
81 11 9
81 9 8
81 11 10
82 14 0
82 14 13
82 13 8
82 8 3
82 3 2
82 2 1
82 8 7
82 7 5
82 5 4
82 7 6
82 13 12
82 12 11
82 11 10
82 10 9
83 19 1
83 1 0
83 19 18
83 18 4
83 4 3
83 3 2
83 18 17
83 17 5
83 17 16
83 16 15
83 15 14
83 14 11
83 11 6
83 11 10
83 10 8
83 8 7
83 10 9
83 14 13
83 13 12
84 14 12
84 12 11
84 11 2
84 2 0
84 2 1
84 11 10
84 10 8
84 8 5
84 5 4
84 4 3
84 8 7
84 7 6
84 10 9
84 14 13
85 16 15
85 15 9
85 9 0
85 9 8
85 8 6
85 6 5
85 5 4
85 4 1
85 4 3
85 3 2
85 8 7
85 15 14
85 14 10
85 14 13
85 13 11
85 13 12
86 19 0
86 19 18
86 18 3
86 3 1
86 3 2
86 18 17
86 17 4
86 17 16
86 16 15
86 15 5
86 15 14
86 14 6
86 14 13
86 13 10
86 10 8
86 8 7
86 10 9
86 13 12
86 12 11
87 14 2
87 2 1
87 1 0
87 14 13
87 13 12
87 12 11
87 11 10
87 10 5
87 5 4
87 4 3
87 10 9
87 9 6
87 9 8
87 8 7
88 18 0
88 18 17
88 17 10
88 10 1
88 10 9
88 9 8
88 8 6
88 6 2
88 6 5
88 5 4
88 4 3
88 8 7
88 17 16
88 16 15
88 15 11
88 15 14
88 14 13
88 13 12
89 19 18
89 18 0
89 18 17
89 17 15
89 15 13
89 13 11
89 11 6
89 6 5
89 5 1
89 5 4
89 4 3
89 3 2
89 11 10
89 10 9
89 9 7
89 9 8
89 13 12
89 15 14
89 17 16
90 19 18
90 18 3
90 3 2
90 2 1
90 1 0
90 18 17
90 17 16
90 16 10
90 10 4
90 10 9
90 9 7
90 7 6
90 6 5
90 9 8
90 16 15
90 15 14
90 14 12
90 12 11
90 14 13
91 15 0
91 15 14
91 14 10
91 10 9
91 9 8
91 8 7
91 7 1
91 7 6
91 6 3
91 3 2
91 6 5
91 5 4
91 14 13
91 13 12
91 12 11
92 17 13
92 13 12
92 12 2
92 2 1
92 1 0
92 12 11
92 11 9
92 9 6
92 6 3
92 6 5
92 5 4
92 9 8
92 8 7
92 11 10
92 17 16
92 16 14
92 16 15
93 15 11
93 11 10
93 10 3
93 3 0
93 3 2
93 2 1
93 10 9
93 9 5
93 5 4
93 9 8
93 8 6
93 8 7
93 15 14
93 14 12
93 14 13
94 18 0
94 18 17
94 17 3
94 3 2
94 2 1
94 17 16
94 16 15
94 15 6
94 6 5
94 5 4
94 15 14
94 14 13
94 13 11
94 11 9
94 9 7
94 9 8
94 11 10
94 13 12
95 18 17
95 17 2
95 2 1
95 1 0
95 17 16
95 16 3
95 16 15
95 15 14
95 14 4
95 14 13
95 13 12
95 12 7
95 7 6
95 6 5
95 12 11
95 11 10
95 10 8
95 10 9
96 14 13
96 13 5
96 5 0
96 5 4
96 4 1
96 4 3
96 3 2
96 13 12
96 12 11
96 11 10
96 10 9
96 9 7
96 7 6
96 9 8
97 16 12
97 12 9
97 9 6
97 6 2
97 2 0
97 2 1
97 6 5
97 5 3
97 5 4
97 9 8
97 8 7
97 12 11
97 11 10
97 16 15
97 15 13
97 15 14
98 15 14
98 14 13
98 13 0
98 13 12
98 12 11
98 11 9
98 9 1
98 9 8
98 8 7
98 7 2
98 7 6
98 6 5
98 5 3
98 5 4
98 11 10
99 19 0
99 19 18
99 18 17
99 17 16
99 16 15
99 15 2
99 2 1
99 15 14
99 14 13
99 13 11
99 11 3
99 11 10
99 10 9
99 9 7
99 7 4
99 7 6
99 6 5
99 9 8
99 13 12
100 16 14
100 14 9
100 9 8
100 8 7
100 7 6
100 6 5
100 5 0
100 5 4
100 4 2
100 2 1
100 4 3
100 14 13
100 13 10
100 13 12
100 12 11
100 16 15
101 16 15
101 15 0
101 15 14
101 14 3
101 3 2
101 2 1
101 14 13
101 13 12
101 12 9
101 9 8
101 8 4
101 8 7
101 7 6
101 6 5
101 12 11
101 11 10
