1 14 5
1 5 2
1 2 0
1 2 1
1 5 4
1 4 3
1 14 13
1 13 6
1 13 12
1 12 11
1 11 10
1 10 9
1 9 7
1 9 8
2 19 18
2 18 0
2 18 17
2 17 4
2 4 2
2 2 1
2 4 3
2 17 16
2 16 14
2 14 12
2 12 5
2 12 11
2 11 6
2 11 10
2 10 9
2 9 8
2 8 7
2 14 13
2 16 15
3 15 5
3 5 0
3 5 4
3 4 1
3 4 3
3 3 2
3 15 14
3 14 11
3 11 10
3 10 8
3 8 7
3 7 6
3 10 9
3 14 13
3 13 12
4 17 16
4 16 0
4 16 15
4 15 11
4 11 3
4 3 1
4 3 2
4 11 10
4 10 8
4 8 7
4 7 6
4 6 5
4 5 4
4 10 9
4 15 14
4 14 13
4 13 12
5 15 12
5 12 10
5 10 8
5 8 7
5 7 4
5 4 2
5 2 0
5 2 1
5 4 3
5 7 6
5 6 5
5 10 9
5 12 11
5 15 14
5 14 13
6 14 13
6 13 12
6 12 0
6 12 11
6 11 9
6 9 8
6 8 7
6 7 5
6 5 4
6 4 3
6 3 1
6 3 2
6 7 6
6 11 10
7 19 16
7 16 12
7 12 0
7 12 11
7 11 10
7 10 9
7 9 2
7 2 1
7 9 8
7 8 3
7 8 7
7 7 5
7 5 4
7 7 6
7 16 15
7 15 13
7 15 14
7 19 18
7 18 17
8 15 0
8 15 14
8 14 5
8 5 4
8 4 3
8 3 2
8 2 1
8 14 13
8 13 7
8 7 6
8 13 12
8 12 10
8 10 8
8 10 9
8 12 11
9 14 1
9 1 0
9 14 13
9 13 12
9 12 11
9 11 10
9 10 8
9 8 7
9 7 6
9 6 2
9 6 5
9 5 3
9 5 4
9 10 9
10 18 0
10 18 17
10 17 14
10 14 13
10 13 3
10 3 1
10 3 2
10 13 12
10 12 8
10 8 4
10 8 7
10 7 5
10 7 6
10 12 11
10 11 9
10 11 10
10 17 16
10 16 15
11 16 15
11 15 12
11 12 1
11 1 0
11 12 11
11 11 10
11 10 9
11 9 2
11 9 8
11 8 7
11 7 6
11 6 5
11 5 4
11 4 3
11 15 14
11 14 13
12 17 15
12 15 6
12 6 1
12 1 0
12 6 5
12 5 4
12 4 2
12 4 3
12 15 14
12 14 13
12 13 9
12 9 7
12 9 8
12 13 12
12 12 10
12 12 11
12 17 16
13 14 0
13 14 13
13 13 12
13 12 10
13 10 9
13 9 8
13 8 7
13 7 1
13 7 6
13 6 4
13 4 2
13 4 3
13 6 5
13 12 11
14 19 15
14 15 14
14 14 13
14 13 12
14 12 0
14 12 11
14 11 10
14 10 7
14 7 6
14 6 4
14 4 3
14 3 1
14 3 2
14 6 5
14 10 9
14 9 8
14 19 18
14 18 17
14 17 16
15 14 13
15 13 0
15 13 12
15 12 11
15 11 8
15 8 7
15 7 1
15 7 6
15 6 2
15 6 5
15 5 4
15 4 3
15 11 10
15 10 9
16 17 16
16 16 14
16 14 11
16 11 3
16 3 2
16 2 0
16 2 1
16 11 10
16 10 5
16 5 4
16 10 9
16 9 8
16 8 6
16 8 7
16 14 13
16 13 12
16 16 15
17 17 0
17 17 16
17 16 7
17 7 5
17 5 4
17 4 3
17 3 1
17 3 2
17 7 6
17 16 15
17 15 14
17 14 13
17 13 12
17 12 11
17 11 9
17 9 8
17 11 10
18 18 17
18 17 1
18 1 0
18 17 16
18 16 15
18 15 2
18 15 14
18 14 13
18 13 8
18 8 4
18 4 3
18 8 7
18 7 6
18 6 5
18 13 12
18 12 11
18 11 9
18 11 10
19 15 0
19 15 14
19 14 13
19 13 12
19 12 11
19 11 9
19 9 7
19 7 5
19 5 4
19 4 1
19 4 3
19 3 2
19 7 6
19 9 8
19 11 10
20 15 12
20 12 0
20 12 11
20 11 10
20 10 1
20 10 9
20 9 3
20 3 2
20 9 8
20 8 7
20 7 6
20 6 4
20 6 5
20 15 14
20 14 13
21 15 5
21 5 3
21 3 2
21 2 1
21 1 0
21 5 4
21 15 14
21 14 11
21 11 10
21 10 9
21 9 8
21 8 6
21 8 7
21 14 13
21 13 12
22 16 13
22 13 9
22 9 2
22 2 0
22 2 1
22 9 8
22 8 7
22 7 4
22 4 3
22 7 6
22 6 5
22 13 12
22 12 11
22 11 10
22 16 15
22 15 14
23 15 13
23 13 12
23 12 11
23 11 10
23 10 0
23 10 9
23 9 1
23 9 8
23 8 7
23 7 6
23 6 3
23 3 2
23 6 5
23 5 4
23 15 14
24 15 4
24 4 0
24 4 3
24 3 2
24 2 1
24 15 14
24 14 13
24 13 12
24 12 5
24 12 11
24 11 10
24 10 9
24 9 8
24 8 6
24 8 7
25 17 1
25 1 0
25 17 16
25 16 14
25 14 4
25 4 3
25 3 2
25 14 13
25 13 11
25 11 8
25 8 5
25 8 7
25 7 6
25 11 10
25 10 9
25 13 12
25 16 15
26 14 7
26 7 4
26 4 1
26 1 0
26 4 3
26 3 2
26 7 6
26 6 5
26 14 13
26 13 11
26 11 10
26 10 8
26 10 9
26 13 12
27 19 0
27 19 18
27 18 1
27 18 17
27 17 16
27 16 15
27 15 14
27 14 11
27 11 2
27 11 10
27 10 9
27 9 8
27 8 7
27 7 6
27 6 5
27 5 4
27 4 3
27 14 13
27 13 12
28 19 17
28 17 16
28 16 6
28 6 4
28 4 3
28 3 2
28 2 1
28 1 0
28 6 5
28 16 15
28 15 14
28 14 13
28 13 12
28 12 10
28 10 9
28 9 8
28 8 7
28 12 11
28 19 18
29 15 14
29 14 8
29 8 3
29 3 2
29 2 1
29 1 0
29 8 7
29 7 5
29 5 4
29 7 6
29 14 13
29 13 12
29 12 10
29 10 9
29 12 11
30 16 1
30 1 0
30 16 15
30 15 6
30 6 5
30 5 4
30 4 3
30 3 2
30 15 14
30 14 9
30 9 7
30 9 8
30 14 13
30 13 10
30 13 12
30 12 11
31 15 13
31 13 12
31 12 10
31 10 9
31 9 8
31 8 2
31 2 0
31 2 1
31 8 7
31 7 4
31 4 3
31 7 6
31 6 5
31 12 11
31 15 14
32 19 0
32 19 18
32 18 14
32 14 8
32 8 7
32 7 6
32 6 5
32 5 3
32 3 1
32 3 2
32 5 4
32 14 13
32 13 9
32 13 12
32 12 10
32 12 11
32 18 17
32 17 15
32 17 16
33 19 18
33 18 17
33 17 1
33 1 0
33 17 16
33 16 2
33 16 15
33 15 3
33 15 14
33 14 13
33 13 6
33 6 5
33 5 4
33 13 12
33 12 8
33 8 7
33 12 11
33 11 9
33 11 10
34 14 7
34 7 1
34 1 0
34 7 6
34 6 3
34 3 2
34 6 5
34 5 4
34 14 13
34 13 12
34 12 8
34 12 11
34 11 9
34 11 10
35 18 0
35 18 17
35 17 16
35 16 15
35 15 14
35 14 9
35 9 1
35 9 8
35 8 2
35 8 7
35 7 6
35 6 5
35 5 4
35 4 3
35 14 13
35 13 11
35 11 10
35 13 12
36 15 14
36 14 13
36 13 12
36 12 11
36 11 0
36 11 10
36 10 5
36 5 1
36 5 4
36 4 2
36 4 3
36 10 9
36 9 7
36 7 6
36 9 8
37 16 13
37 13 12
37 12 0
37 12 11
37 11 3
37 3 2
37 2 1
37 11 10
37 10 8
37 8 7
37 7 6
37 6 4
37 6 5
37 10 9
37 16 15
37 15 14
38 17 14
38 14 13
38 13 11
38 11 10
38 10 7
38 7 6
38 6 3
38 3 2
38 2 0
38 2 1
38 6 5
38 5 4
38 10 9
38 9 8
38 13 12
38 17 16
38 16 15
39 17 0
39 17 16
39 16 12
39 12 11
39 11 3
39 3 2
39 2 1
39 11 10
39 10 7
39 7 6
39 6 4
39 6 5
39 10 9
39 9 8
39 16 15
39 15 14
39 14 13
40 15 12
40 12 8
40 8 2
40 2 1
40 1 0
40 8 7
40 7 6
40 6 4
40 4 3
40 6 5
40 12 11
40 11 9
40 11 10
40 15 14
40 14 13
41 18 2
41 2 1
41 1 0
41 18 17
41 17 7
41 7 5
41 5 4
41 4 3
41 7 6
41 17 16
41 16 15
41 15 14
41 14 11
41 11 9
41 9 8
41 11 10
41 14 13
41 13 12
42 14 0
42 14 13
42 13 1
42 13 12
42 12 11
42 11 9
42 9 2
42 9 8
42 8 6
42 6 5
42 5 4
42 4 3
42 8 7
42 11 10
43 18 16
43 16 12
43 12 0
43 12 11
43 11 3
43 3 2
43 2 1
43 11 10
43 10 9
43 9 7
43 7 4
43 7 6
43 6 5
43 9 8
43 16 15
43 15 14
43 14 13
43 18 17
44 14 13
44 13 11
44 11 10
44 10 0
44 10 9
44 9 5
44 5 3
44 3 1
44 3 2
44 5 4
44 9 8
44 8 6
44 8 7
44 13 12
45 19 18
45 18 0
45 18 17
45 17 16
45 16 9
45 9 8
45 8 7
45 7 2
45 2 1
45 7 6
45 6 5
45 5 3
45 5 4
45 16 15
45 15 10
45 15 14
45 14 13
45 13 11
45 13 12
46 17 16
46 16 15
46 15 6
46 6 4
46 4 1
46 1 0
46 4 3
46 3 2
46 6 5
46 15 14
46 14 13
46 13 12
46 12 10
46 10 7
46 10 9
46 9 8
46 12 11
47 18 17
47 17 3
47 3 2
47 2 0
47 2 1
47 17 16
47 16 4
47 16 15
47 15 13
47 13 9
47 9 7
47 7 5
47 7 6
47 9 8
47 13 12
47 12 10
47 12 11
47 15 14
48 18 14
48 14 0
48 14 13
48 13 12
48 12 11
48 11 1
48 11 10
48 10 9
48 9 8
48 8 7
48 7 2
48 7 6
48 6 5
48 5 3
48 5 4
48 18 17
48 17 16
48 16 15
49 18 12
49 12 11
49 11 1
49 1 0
49 11 10
49 10 6
49 6 5
49 5 3
49 3 2
49 5 4
49 10 9
49 9 8
49 8 7
49 18 17
49 17 14
49 14 13
49 17 16
49 16 15
50 14 13
50 13 1
50 1 0
50 13 12
50 12 10
50 10 9
50 9 7
50 7 6
50 6 5
50 5 4
50 4 3
50 3 2
50 9 8
50 12 11
51 16 3
51 3 0
51 3 2
51 2 1
51 16 15
51 15 11
51 11 10
51 10 9
51 9 8
51 8 7
51 7 6
51 6 5
51 5 4
51 15 14
51 14 12
51 14 13
52 17 16
52 16 14
52 14 12
52 12 11
52 11 0
52 11 10
52 10 3
52 3 1
52 3 2
52 10 9
52 9 8
52 8 7
52 7 6
52 6 4
52 6 5
52 14 13
52 16 15
53 17 0
53 17 16
53 16 1
53 16 15
53 15 5
53 5 4
53 4 3
53 3 2
53 15 14
53 14 12
53 12 10
53 10 9
53 9 8
53 8 6
53 8 7
53 12 11
53 14 13
54 15 13
54 13 12
54 12 1
54 1 0
54 12 11
54 11 9
54 9 7
54 7 6
54 6 4
54 4 2
54 4 3
54 6 5
54 9 8
54 11 10
54 15 14
55 18 0
55 18 17
55 17 16
55 16 14
55 14 2
55 2 1
55 14 13
55 13 12
55 12 5
55 5 4
55 4 3
55 12 11
55 11 6
55 11 10
55 10 9
55 9 8
55 8 7
55 16 15
56 19 15
56 15 2
56 2 1
56 1 0
56 15 14
56 14 13
56 13 12
56 12 11
56 11 10
56 10 3
56 10 9
56 9 7
56 7 5
56 5 4
56 7 6
56 9 8
56 19 18
56 18 17
56 17 16
57 14 0
57 14 13
57 13 10
57 10 8
57 8 7
57 7 5
57 5 3
57 3 1
57 3 2
57 5 4
57 7 6
57 10 9
57 13 12
57 12 11
58 14 13
58 13 3
58 3 2
58 2 0
58 2 1
58 13 12
58 12 4
58 12 11
58 11 10
58 10 5
58 10 9
58 9 8
58 8 7
58 7 6
59 16 15
59 15 11
59 11 7
59 7 0
59 7 6
59 6 5
59 5 3
59 3 2
59 2 1
59 5 4
59 11 10
59 10 8
59 10 9
59 15 14
59 14 13
59 13 12
60 16 15
60 15 0
60 15 14
60 14 13
60 13 12
60 12 11
60 11 10
60 10 7
60 7 2
60 2 1
60 7 6
60 6 4
60 4 3
60 6 5
60 10 9
60 9 8
61 19 17
61 17 0
61 17 16
61 16 6
61 6 2
61 2 1
61 6 5
61 5 3
61 5 4
61 16 15
61 15 12
61 12 7
61 12 11
61 11 8
61 11 10
61 10 9
61 15 14
61 14 13
61 19 18
62 19 16
62 16 3
62 3 2
62 2 0
62 2 1
62 16 15
62 15 11
62 11 10
62 10 9
62 9 5
62 5 4
62 9 8
62 8 6
62 8 7
62 15 14
62 14 12
62 14 13
62 19 18
62 18 17
63 17 0
63 17 16
63 16 3
63 3 2
63 2 1
63 16 15
63 15 13
63 13 5
63 5 4
63 13 12
63 12 8
63 8 7
63 7 6
63 12 11
63 11 10
63 10 9
63 15 14
64 15 13
64 13 12
64 12 11
64 11 10
64 10 0
64 10 9
64 9 2
64 2 1
64 9 8
64 8 3
64 8 7
64 7 4
64 7 6
64 6 5
64 15 14
65 17 15
65 15 0
65 15 14
65 14 13
65 13 11
65 11 10
65 10 4
65 4 3
65 3 2
65 2 1
65 10 9
65 9 8
65 8 5
65 8 7
65 7 6
65 13 12
65 17 16
66 14 13
66 13 11
66 11 10
66 10 4
66 4 3
66 3 1
66 1 0
66 3 2
66 10 9
66 9 7
66 7 5
66 7 6
66 9 8
66 13 12
67 16 12
67 12 11
67 11 10
67 10 2
67 2 1
67 1 0
67 10 9
67 9 8
67 8 4
67 4 3
67 8 7
67 7 6
67 6 5
67 16 15
67 15 14
67 14 13
68 14 13
68 13 12
68 12 0
68 12 11
68 11 7
68 7 1
68 7 6
68 6 4
68 4 3
68 3 2
68 6 5
68 11 10
68 10 9
68 9 8
69 19 18
69 18 16
69 16 15
69 15 0
69 15 14
69 14 13
69 13 12
69 12 11
69 11 10
69 10 8
69 8 7
69 7 5
69 5 4
69 4 3
69 3 1
69 3 2
69 7 6
69 10 9
69 18 17
70 18 16
70 16 0
70 16 15
70 15 5
70 5 4
70 4 1
70 4 3
70 3 2
70 15 14
70 14 7
70 7 6
70 14 13
70 13 8
70 13 12
70 12 11
70 11 10
70 10 9
70 18 17
71 18 17
71 17 0
71 17 16
71 16 1
71 16 15
71 15 14
71 14 13
71 13 11
71 11 10
71 10 2
71 10 9
71 9 8
71 8 3
71 8 7
71 7 5
71 5 4
71 7 6
71 13 12
72 17 16
72 16 14
72 14 12
72 12 0
72 12 11
72 11 10
72 10 7
72 7 1
72 7 6
72 6 5
72 5 4
72 4 2
72 4 3
72 10 9
72 9 8
72 14 13
72 16 15
73 19 15
73 15 0
73 15 14
73 14 4
73 4 1
73 4 3
73 3 2
73 14 13
73 13 12
73 12 11
73 11 10
73 10 9
73 9 8
73 8 7
73 7 5
73 7 6
73 19 18
73 18 16
73 18 17
74 18 0
74 18 17
74 17 16
74 16 14
74 14 3
74 3 2
74 2 1
74 14 13
74 13 9
74 9 8
74 8 7
74 7 5
74 5 4
74 7 6
74 13 12
74 12 10
74 12 11
74 16 15
75 15 1
75 1 0
75 15 14
75 14 13
75 13 11
75 11 2
75 11 10
75 10 8
75 8 4
75 4 3
75 8 7
75 7 6
75 6 5
75 10 9
75 13 12
76 14 12
76 12 11
76 11 10
76 10 9
76 9 8
76 8 6
76 6 0
76 6 5
76 5 4
76 4 1
76 4 3
76 3 2
76 8 7
76 14 13
77 14 13
77 13 10
77 10 4
77 4 2
77 2 1
77 1 0
77 4 3
77 10 9
77 9 8
77 8 6
77 6 5
77 8 7
77 13 12
77 12 11
78 15 14
78 14 4
78 4 2
78 2 1
78 1 0
78 4 3
78 14 13
78 13 8
78 8 7
78 7 5
78 7 6
78 13 12
78 12 9
78 12 11
78 11 10
79 16 11
79 11 10
79 10 9
79 9 1
79 1 0
79 9 8
79 8 2
79 8 7
79 7 6
79 6 4
79 4 3
79 6 5
79 16 15
79 15 12
79 15 14
79 14 13
80 14 1
80 1 0
80 14 13
80 13 12
80 12 6
80 6 3
80 3 2
80 6 5
80 5 4
80 12 11
80 11 10
80 10 9
80 9 7
80 9 8
81 18 12
81 12 2
81 2 0
81 2 1
81 12 11
81 11 9
81 9 8
81 8 6
81 6 5
81 5 3
81 5 4
81 8 7
81 11 10
81 18 17
81 17 16
81 16 15
81 15 14
81 14 13
82 16 4
82 4 1
82 1 0
82 4 3
82 3 2
82 16 15
82 15 12
82 12 8
82 8 7
82 7 5
82 7 6
82 12 11
82 11 10
82 10 9
82 15 14
82 14 13
83 15 3
83 3 0
83 3 2
83 2 1
83 15 14
83 14 13
83 13 11
83 11 6
83 6 5
83 5 4
83 11 10
83 10 9
83 9 8
83 8 7
83 13 12
84 18 14
84 14 0
84 14 13
84 13 1
84 13 12
84 12 10
84 10 9
84 9 2
84 9 8
84 8 7
84 7 4
84 4 3
84 7 6
84 6 5
84 12 11
84 18 17
84 17 15
84 17 16
85 14 12
85 12 10
85 10 8
85 8 1
85 1 0
85 8 7
85 7 5
85 5 4
85 4 3
85 3 2
85 7 6
85 10 9
85 12 11
85 14 13
86 18 17
86 17 0
86 17 16
86 16 15
86 15 13
86 13 9
86 9 8
86 8 7
86 7 6
86 6 5
86 5 1
86 5 4
86 4 2
86 4 3
86 13 12
86 12 10
86 12 11
86 15 14
87 17 16
87 16 15
87 15 13
87 13 12
87 12 10
87 10 6
87 6 2
87 2 1
87 1 0
87 6 5
87 5 3
87 5 4
87 10 9
87 9 7
87 9 8
87 12 11
87 15 14
88 14 13
88 13 12
88 12 11
88 11 10
88 10 0
88 10 9
88 9 8
88 8 7
88 7 5
88 5 2
88 2 1
88 5 4
88 4 3
88 7 6
89 14 0
89 14 13
89 13 1
89 13 12
89 12 7
89 7 5
89 5 2
89 5 4
89 4 3
89 7 6
89 12 11
89 11 9
89 9 8
89 11 10
90 16 1
90 1 0
90 16 15
90 15 12
90 12 11
90 11 2
90 11 10
90 10 8
90 8 5
90 5 4
90 4 3
90 8 7
90 7 6
90 10 9
90 15 14
90 14 13
91 15 14
91 14 7
91 7 6
91 6 1
91 1 0
91 6 5
91 5 4
91 4 2
91 4 3
91 14 13
91 13 12
91 12 11
91 11 10
91 10 8
91 10 9
92 15 14
92 14 13
92 13 3
92 3 2
92 2 0
92 2 1
92 13 12
92 12 10
92 10 7
92 7 4
92 7 6
92 6 5
92 10 9
92 9 8
92 12 11
93 17 15
93 15 14
93 14 13
93 13 3
93 3 0
93 3 2
93 2 1
93 13 12
93 12 5
93 5 4
93 12 11
93 11 7
93 7 6
93 11 10
93 10 9
93 9 8
93 17 16
94 18 12
94 12 11
94 11 10
94 10 9
94 9 8
94 8 0
94 8 7
94 7 6
94 6 1
94 6 5
94 5 4
94 4 2
94 4 3
94 18 17
94 17 13
94 17 16
94 16 15
94 15 14
95 15 12
95 12 10
95 10 9
95 9 8
95 8 6
95 6 5
95 5 4
95 4 3
95 3 2
95 2 1
95 1 0
95 8 7
95 12 11
95 15 14
95 14 13
96 19 17
96 17 0
96 17 16
96 16 15
96 15 14
96 14 13
96 13 1
96 13 12
96 12 11
96 11 3
96 3 2
96 11 10
96 10 6
96 6 4
96 6 5
96 10 9
96 9 8
96 8 7
96 19 18
97 18 0
97 18 17
97 17 5
97 5 1
97 5 4
97 4 2
97 4 3
97 17 16
97 16 11
97 11 10
97 10 9
97 9 6
97 9 8
97 8 7
97 16 15
97 15 14
97 14 13
97 13 12
98 18 17
98 17 16
98 16 14
98 14 1
98 1 0
98 14 13
98 13 3
98 3 2
98 13 12
98 12 11
98 11 10
98 10 9
98 9 8
98 8 4
98 8 7
98 7 6
98 6 5
98 16 15
99 18 0
99 18 17
99 17 16
99 16 14
99 14 3
99 3 2
99 2 1
99 14 13
99 13 8
99 8 6
99 6 5
99 5 4
99 8 7
99 13 12
99 12 10
99 10 9
99 12 11
99 16 15
100 14 3
100 3 0
100 3 2
100 2 1
100 14 13
100 13 12
100 12 11
100 11 8
100 8 7
100 7 6
100 6 5
100 5 4
100 11 10
100 10 9
101 17 3
101 3 1
101 1 0
101 3 2
101 17 16
101 16 15
101 15 5
101 5 4
101 15 14
101 14 13
101 13 10
101 10 9
101 9 7
101 7 6
101 9 8
101 13 12
101 12 11
