1 17 13
1 13 4
1 4 0
1 4 3
1 3 1
1 3 2
1 13 12
1 12 9
1 9 8
1 8 5
1 8 7
1 7 6
1 12 11
1 11 10
1 17 16
1 16 15
1 15 14
2 19 6
2 6 5
2 5 3
2 3 0
2 3 2
2 2 1
2 5 4
2 19 18
2 18 17
2 17 16
2 16 11
2 11 9
2 9 8
2 8 7
2 11 10
2 16 15
2 15 12
2 15 14
2 14 13
3 16 15
3 15 14
3 14 12
3 12 10
3 10 3
3 3 2
3 2 1
3 1 0
3 10 9
3 9 8
3 8 7
3 7 6
3 6 4
3 6 5
3 12 11
3 14 13
4 14 12
4 12 11
4 11 2
4 2 1
4 1 0
4 11 10
4 10 9
4 9 7
4 7 6
4 6 4
4 4 3
4 6 5
4 9 8
4 14 13
5 16 15
5 15 14
5 14 13
5 13 5
5 5 1
5 1 0
5 5 4
5 4 2
5 4 3
5 13 12
5 12 7
5 7 6
5 12 11
5 11 8
5 11 10
5 10 9
6 17 5
6 5 0
6 5 4
6 4 1
6 4 3
6 3 2
6 17 16
6 16 11
6 11 6
6 11 10
6 10 8
6 8 7
6 10 9
6 16 15
6 15 12
6 15 14
6 14 13
7 16 11
7 11 10
7 10 8
7 8 7
7 7 6
7 6 5
7 5 4
7 4 3
7 3 2
7 2 1
7 1 0
7 10 9
7 16 15
7 15 13
7 13 12
7 15 14
8 19 17
8 17 15
8 15 13
8 13 10
8 10 8
8 8 7
8 7 6
8 6 5
8 5 3
8 3 2
8 2 1
8 1 0
8 5 4
8 10 9
8 13 12
8 12 11
8 15 14
8 17 16
8 19 18
9 15 14
9 14 12
9 12 5
9 5 4
9 4 3
9 3 2
9 2 0
9 2 1
9 12 11
9 11 9
9 9 6
9 9 8
9 8 7
9 11 10
9 14 13
10 16 15
10 15 14
10 14 0
10 14 13
10 13 6
10 6 3
10 3 2
10 2 1
10 6 5
10 5 4
10 13 12
10 12 11
10 11 7
10 11 10
10 10 8
10 10 9
11 18 17
11 17 15
11 15 14
11 14 12
11 12 0
11 12 11
11 11 10
11 10 9
11 9 8
11 8 6
11 6 1
11 6 5
11 5 4
11 4 2
11 4 3
11 8 7
11 14 13
11 17 16
12 14 6
12 6 5
12 5 4
12 4 0
12 4 3
12 3 2
12 2 1
12 14 13
12 13 7
12 13 12
12 12 11
12 11 8
12 11 10
12 10 9
13 17 0
13 17 16
13 16 1
13 16 15
13 15 12
13 12 7
13 7 5
13 5 2
13 5 4
13 4 3
13 7 6
13 12 11
13 11 10
13 10 9
13 9 8
13 15 14
13 14 13
14 16 11
14 11 10
14 10 2
14 2 1
14 1 0
14 10 9
14 9 8
14 8 6
14 6 4
14 4 3
14 6 5
14 8 7
14 16 15
14 15 13
14 13 12
14 15 14
15 15 14
15 14 5
15 5 4
15 4 1
15 1 0
15 4 3
15 3 2
15 14 13
15 13 8
15 8 6
15 8 7
15 13 12
15 12 9
15 12 11
15 11 10
16 15 1
16 1 0
16 15 14
16 14 7
16 7 6
16 6 3
16 3 2
16 6 5
16 5 4
16 14 13
16 13 12
16 12 8
16 12 11
16 11 10
16 10 9
17 15 0
17 15 14
17 14 6
17 6 1
17 6 5
17 5 4
17 4 3
17 3 2
17 14 13
17 13 7
17 13 12
17 12 8
17 12 11
17 11 9
17 11 10
18 14 13
18 13 6
18 6 2
18 2 0
18 2 1
18 6 5
18 5 4
18 4 3
18 13 12
18 12 11
18 11 9
18 9 8
18 8 7
18 11 10
19 17 6
19 6 4
19 4 3
19 3 0
19 3 2
19 2 1
19 6 5
19 17 16
19 16 10
19 10 9
19 9 7
19 9 8
19 16 15
19 15 14
19 14 11
19 14 13
19 13 12
20 14 3
20 3 2
20 2 0
20 2 1
20 14 13
20 13 12
20 12 10
20 10 9
20 9 7
20 7 6
20 6 4
20 6 5
20 9 8
20 12 11
21 17 0
21 17 16
21 16 4
21 4 3
21 3 1
21 3 2
21 16 15
21 15 14
21 14 13
21 13 5
21 13 12
21 12 10
21 10 6
21 10 9
21 9 8
21 8 7
21 12 11
22 15 14
22 14 13
22 13 12
22 12 11
22 11 0
22 11 10
22 10 9
22 9 7
22 7 5
22 5 2
22 2 1
22 5 4
22 4 3
22 7 6
22 9 8
23 16 11
23 11 10
23 10 0
23 10 9
23 9 8
23 8 6
23 6 5
23 5 1
23 5 4
23 4 2
23 4 3
23 8 7
23 16 15
23 15 12
23 15 14
23 14 13
24 16 9
24 9 1
24 1 0
24 9 8
24 8 2
24 8 7
24 7 4
24 4 3
24 7 6
24 6 5
24 16 15
24 15 13
24 13 10
24 13 12
24 12 11
24 15 14
25 19 8
25 8 7
25 7 5
25 5 4
25 4 0
25 4 3
25 3 1
25 3 2
25 7 6
25 19 18
25 18 9
25 18 17
25 17 15
25 15 11
25 11 10
25 15 14
25 14 13
25 13 12
25 17 16
26 16 15
26 15 0
26 15 14
26 14 11
26 11 9
26 9 1
26 9 8
26 8 6
26 6 3
26 3 2
26 6 5
26 5 4
26 8 7
26 11 10
26 14 13
26 13 12
27 14 2
27 2 0
27 2 1
27 14 13
27 13 12
27 12 9
27 9 8
27 8 7
27 7 6
27 6 5
27 5 3
27 5 4
27 12 11
27 11 10
28 19 7
28 7 5
28 5 4
28 4 2
28 2 1
28 1 0
28 4 3
28 7 6
28 19 18
28 18 17
28 17 16
28 16 14
28 14 8
28 14 13
28 13 11
28 11 10
28 10 9
28 13 12
28 16 15
29 17 16
29 16 6
29 6 5
29 5 4
29 4 3
29 3 1
29 1 0
29 3 2
29 16 15
29 15 14
29 14 7
29 14 13
29 13 9
29 9 8
29 13 12
29 12 10
29 12 11
30 18 16
30 16 4
30 4 0
30 4 3
30 3 2
30 2 1
30 16 15
30 15 14
30 14 13
30 13 5
30 13 12
30 12 11
30 11 8
30 8 6
30 8 7
30 11 10
30 10 9
30 18 17
31 16 15
31 15 14
31 14 1
31 1 0
31 14 13
31 13 8
31 8 7
31 7 6
31 6 4
31 4 2
31 4 3
31 6 5
31 13 12
31 12 11
31 11 10
31 10 9
32 18 17
32 17 0
32 17 16
32 16 15
32 15 6
32 6 5
32 5 4
32 4 1
32 4 3
32 3 2
32 15 14
32 14 9
32 9 8
32 8 7
32 14 13
32 13 11
32 11 10
32 13 12
33 16 14
33 14 10
33 10 9
33 9 6
33 6 4
33 4 3
33 3 1
33 1 0
33 3 2
33 6 5
33 9 8
33 8 7
33 14 13
33 13 12
33 12 11
33 16 15
34 17 16
34 16 0
34 16 15
34 15 14
34 14 13
34 13 11
34 11 5
34 5 4
34 4 2
34 2 1
34 4 3
34 11 10
34 10 9
34 9 8
34 8 7
34 7 6
34 13 12
35 14 11
35 11 4
35 4 3
35 3 2
35 2 0
35 2 1
35 11 10
35 10 7
35 7 6
35 6 5
35 10 9
35 9 8
35 14 13
35 13 12
36 14 13
36 13 10
36 10 4
36 4 0
36 4 3
36 3 1
36 3 2
36 10 9
36 9 5
36 9 8
36 8 6
36 8 7
36 13 12
36 12 11
37 14 11
37 11 6
37 6 5
37 5 4
37 4 1
37 1 0
37 4 3
37 3 2
37 11 10
37 10 8
37 8 7
37 10 9
37 14 13
37 13 12
38 18 0
38 18 17
38 17 9
38 9 8
38 8 2
38 2 1
38 8 7
38 7 6
38 6 3
38 6 5
38 5 4
38 17 16
38 16 14
38 14 12
38 12 11
38 11 10
38 14 13
38 16 15
39 15 6
39 6 3
39 3 2
39 2 0
39 2 1
39 6 5
39 5 4
39 15 14
39 14 13
39 13 11
39 11 10
39 10 8
39 8 7
39 10 9
39 13 12
40 19 17
40 17 15
40 15 14
40 14 5
40 5 3
40 3 1
40 1 0
40 3 2
40 5 4
40 14 13
40 13 6
40 13 12
40 12 7
40 12 11
40 11 8
40 11 10
40 10 9
40 17 16
40 19 18
41 17 0
41 17 16
41 16 15
41 15 13
41 13 1
41 13 12
41 12 11
41 11 2
41 11 10
41 10 4
41 4 3
41 10 9
41 9 8
41 8 5
41 8 7
41 7 6
41 15 14
42 18 7
42 7 6
42 6 5
42 5 0
42 5 4
42 4 3
42 3 1
42 3 2
42 18 17
42 17 16
42 16 8
42 16 15
42 15 14
42 14 10
42 10 9
42 14 13
42 13 12
42 12 11
43 19 1
43 1 0
43 19 18
43 18 5
43 5 2
43 5 4
43 4 3
43 18 17
43 17 16
43 16 15
43 15 14
43 14 6
43 14 13
43 13 12
43 12 7
43 12 11
43 11 9
43 9 8
43 11 10
44 14 11
44 11 10
44 10 9
44 9 5
44 5 2
44 2 1
44 1 0
44 5 4
44 4 3
44 9 8
44 8 7
44 7 6
44 14 13
44 13 12
45 17 16
45 16 1
45 1 0
45 16 15
45 15 2
45 15 14
45 14 7
45 7 5
45 5 3
45 5 4
45 7 6
45 14 13
45 13 11
45 11 10
45 10 8
45 10 9
45 13 12
46 14 11
46 11 5
46 5 2
46 2 0
46 2 1
46 5 4
46 4 3
46 11 10
46 10 8
46 8 6
46 8 7
46 10 9
46 14 13
46 13 12
47 16 0
47 16 15
47 15 13
47 13 10
47 10 9
47 9 8
47 8 1
47 8 7
47 7 2
47 7 6
47 6 4
47 4 3
47 6 5
47 13 12
47 12 11
47 15 14
48 16 11
48 11 9
48 9 0
48 9 8
48 8 1
48 8 7
48 7 6
48 6 2
48 6 5
48 5 3
48 5 4
48 11 10
48 16 15
48 15 13
48 13 12
48 15 14
49 17 6
49 6 5
49 5 4
49 4 0
49 4 3
49 3 1
49 3 2
49 17 16
49 16 15
49 15 14
49 14 8
49 8 7
49 14 13
49 13 12
49 12 11
49 11 10
49 10 9
50 14 12
50 12 10
50 10 5
50 5 0
50 5 4
50 4 3
50 3 1
50 3 2
50 10 9
50 9 7
50 7 6
50 9 8
50 12 11
50 14 13
51 15 0
51 15 14
51 14 8
51 8 6
51 6 4
51 4 1
51 4 3
51 3 2
51 6 5
51 8 7
51 14 13
51 13 9
51 13 12
51 12 11
51 11 10
52 14 13
52 13 11
52 11 8
52 8 5
52 5 4
52 4 2
52 2 0
52 2 1
52 4 3
52 8 7
52 7 6
52 11 10
52 10 9
52 13 12
53 16 10
53 10 9
53 9 6
53 6 5
53 5 4
53 4 0
53 4 3
53 3 2
53 2 1
53 9 8
53 8 7
53 16 15
53 15 14
53 14 13
53 13 11
53 13 12
54 15 14
54 14 13
54 13 12
54 12 9
54 9 8
54 8 7
54 7 6
54 6 5
54 5 0
54 5 4
54 4 3
54 3 1
54 3 2
54 12 11
54 11 10
55 15 14
55 14 12
55 12 1
55 1 0
55 12 11
55 11 10
55 10 2
55 10 9
55 9 8
55 8 7
55 7 6
55 6 3
55 6 5
55 5 4
55 14 13
56 15 13
56 13 4
56 4 3
56 3 2
56 2 0
56 2 1
56 13 12
56 12 11
56 11 9
56 9 6
56 6 5
56 9 8
56 8 7
56 11 10
56 15 14
57 15 14
57 14 8
57 8 6
57 6 0
57 6 5
57 5 4
57 4 1
57 4 3
57 3 2
57 8 7
57 14 13
57 13 11
57 11 10
57 10 9
57 13 12
58 19 18
58 18 17
58 17 15
58 15 14
58 14 6
58 6 5
58 5 3
58 3 2
58 2 0
58 2 1
58 5 4
58 14 13
58 13 8
58 8 7
58 13 12
58 12 9
58 12 11
58 11 10
58 17 16
59 19 18
59 18 1
59 1 0
59 18 17
59 17 14
59 14 13
59 13 5
59 5 3
59 3 2
59 5 4
59 13 12
59 12 11
59 11 10
59 10 9
59 9 7
59 7 6
59 9 8
59 17 16
59 16 15
60 15 1
60 1 0
60 15 14
60 14 2
60 14 13
60 13 11
60 11 3
60 11 10
60 10 7
60 7 6
60 6 5
60 5 4
60 10 9
60 9 8
60 13 12
61 14 13
61 13 12
61 12 7
61 7 6
61 6 4
61 4 0
61 4 3
61 3 2
61 2 1
61 6 5
61 12 11
61 11 8
61 11 10
61 10 9
62 17 12
62 12 11
62 11 2
62 2 0
62 2 1
62 11 10
62 10 9
62 9 8
62 8 7
62 7 3
62 7 6
62 6 5
62 5 4
62 17 16
62 16 15
62 15 13
62 15 14
63 18 2
63 2 1
63 1 0
63 18 17
63 17 16
63 16 15
63 15 13
63 13 11
63 11 10
63 10 9
63 9 6
63 6 3
63 6 5
63 5 4
63 9 8
63 8 7
63 13 12
63 15 14
64 14 10
64 10 9
64 9 0
64 9 8
64 8 1
64 8 7
64 7 4
64 4 2
64 4 3
64 7 6
64 6 5
64 14 13
64 13 12
64 12 11
65 15 14
65 14 13
65 13 7
65 7 6
65 6 2
65 2 1
65 1 0
65 6 5
65 5 4
65 4 3
65 13 12
65 12 11
65 11 10
65 10 8
65 10 9
66 16 10
66 10 3
66 3 0
66 3 2
66 2 1
66 10 9
66 9 4
66 9 8
66 8 7
66 7 5
66 7 6
66 16 15
66 15 14
66 14 12
66 12 11
66 14 13
67 14 0
67 14 13
67 13 12
67 12 4
67 4 3
67 3 1
67 3 2
67 12 11
67 11 10
67 10 7
67 7 5
67 7 6
67 10 9
67 9 8
68 15 14
68 14 13
68 13 11
68 11 10
68 10 3
68 3 0
68 3 2
68 2 1
68 10 9
68 9 7
68 7 6
68 6 4
68 6 5
68 9 8
68 13 12
69 17 16
69 16 15
69 15 3
69 3 0
69 3 2
69 2 1
69 15 14
69 14 11
69 11 5
69 5 4
69 11 10
69 10 9
69 9 8
69 8 6
69 8 7
69 14 13
69 13 12
70 14 13
70 13 0
70 13 12
70 12 11
70 11 5
70 5 2
70 2 1
70 5 4
70 4 3
70 11 10
70 10 7
70 7 6
70 10 9
70 9 8
71 18 17
71 17 14
71 14 13
71 13 0
71 13 12
71 12 10
71 10 9
71 9 1
71 9 8
71 8 7
71 7 2
71 7 6
71 6 5
71 5 3
71 5 4
71 12 11
71 17 16
71 16 15
72 15 0
72 15 14
72 14 13
72 13 12
72 12 4
72 4 3
72 3 2
72 2 1
72 12 11
72 11 10
72 10 5
72 10 9
72 9 8
72 8 7
72 7 6
73 17 1
73 1 0
73 17 16
73 16 15
73 15 3
73 3 2
73 15 14
73 14 13
73 13 4
73 13 12
73 12 11
73 11 7
73 7 6
73 6 5
73 11 10
73 10 9
73 9 8
74 19 18
74 18 17
74 17 16
74 16 0
74 16 15
74 15 6
74 6 5
74 5 3
74 3 1
74 3 2
74 5 4
74 15 14
74 14 13
74 13 11
74 11 8
74 8 7
74 11 10
74 10 9
74 13 12
75 14 13
75 13 12
75 12 0
75 12 11
75 11 7
75 7 3
75 3 2
75 2 1
75 7 6
75 6 4
75 6 5
75 11 10
75 10 9
75 9 8
76 16 15
76 15 0
76 15 14
76 14 13
76 13 11
76 11 7
76 7 2
76 2 1
76 7 6
76 6 3
76 6 5
76 5 4
76 11 10
76 10 8
76 10 9
76 13 12
77 16 0
77 16 15
77 15 14
77 14 13
77 13 10
77 10 8
77 8 1
77 8 7
77 7 5
77 5 3
77 3 2
77 5 4
77 7 6
77 10 9
77 13 12
77 12 11
78 15 14
78 14 12
78 12 0
78 12 11
78 11 1
78 11 10
78 10 3
78 3 2
78 10 9
78 9 8
78 8 5
78 5 4
78 8 7
78 7 6
78 14 13
79 19 17
79 17 10
79 10 9
79 9 7
79 7 2
79 2 0
79 2 1
79 7 6
79 6 3
79 6 5
79 5 4
79 9 8
79 17 16
79 16 12
79 12 11
79 16 15
79 15 13
79 15 14
79 19 18
80 14 1
80 1 0
80 14 13
80 13 9
80 9 8
80 8 6
80 6 4
80 4 3
80 3 2
80 6 5
80 8 7
80 13 12
80 12 10
80 12 11
81 18 5
81 5 2
81 2 1
81 1 0
81 5 4
81 4 3
81 18 17
81 17 6
81 17 16
81 16 11
81 11 10
81 10 8
81 8 7
81 10 9
81 16 15
81 15 13
81 13 12
81 15 14
82 15 14
82 14 13
82 13 0
82 13 12
82 12 2
82 2 1
82 12 11
82 11 10
82 10 8
82 8 3
82 8 7
82 7 6
82 6 5
82 5 4
82 10 9
83 14 12
83 12 11
83 11 4
83 4 3
83 3 1
83 1 0
83 3 2
83 11 10
83 10 7
83 7 5
83 7 6
83 10 9
83 9 8
83 14 13
84 15 14
84 14 13
84 13 9
84 9 1
84 1 0
84 9 8
84 8 7
84 7 2
84 7 6
84 6 3
84 6 5
84 5 4
84 13 12
84 12 10
84 12 11
85 14 13
85 13 0
85 13 12
85 12 11
85 11 9
85 9 2
85 2 1
85 9 8
85 8 7
85 7 6
85 6 4
85 4 3
85 6 5
85 11 10
86 16 4
86 4 3
86 3 1
86 1 0
86 3 2
86 16 15
86 15 14
86 14 5
86 14 13
86 13 12
86 12 6
86 12 11
86 11 7
86 11 10
86 10 9
86 9 8
87 18 17
87 17 16
87 16 6
87 6 5
87 5 1
87 1 0
87 5 4
87 4 2
87 4 3
87 16 15
87 15 14
87 14 11
87 11 9
87 9 8
87 8 7
87 11 10
87 14 13
87 13 12
88 19 1
88 1 0
88 19 18
88 18 17
88 17 16
88 16 2
88 16 15
88 15 14
88 14 13
88 13 12
88 12 11
88 11 4
88 4 3
88 11 10
88 10 5
88 10 9
88 9 8
88 8 6
88 8 7
89 14 0
89 14 13
89 13 12
89 12 10
89 10 9
89 9 8
89 8 1
89 8 7
89 7 5
89 5 2
89 5 4
89 4 3
89 7 6
89 12 11
90 14 13
90 13 0
90 13 12
90 12 10
90 10 9
90 9 5
90 5 4
90 4 2
90 2 1
90 4 3
90 9 8
90 8 7
90 7 6
90 12 11
91 17 15
91 15 5
91 5 4
91 4 3
91 3 1
91 1 0
91 3 2
91 15 14
91 14 6
91 14 13
91 13 12
91 12 8
91 8 7
91 12 11
91 11 9
91 11 10
91 17 16
92 14 11
92 11 10
92 10 5
92 5 2
92 2 0
92 2 1
92 5 4
92 4 3
92 10 9
92 9 7
92 7 6
92 9 8
92 14 13
92 13 12
93 19 17
93 17 16
93 16 15
93 15 14
93 14 13
93 13 12
93 12 2
93 2 0
93 2 1
93 12 11
93 11 9
93 9 8
93 8 7
93 7 5
93 5 3
93 5 4
93 7 6
93 11 10
93 19 18
94 15 14
94 14 6
94 6 5
94 5 2
94 2 0
94 2 1
94 5 4
94 4 3
94 14 13
94 13 8
94 8 7
94 13 12
94 12 11
94 11 9
94 11 10
95 19 18
95 18 1
95 1 0
95 18 17
95 17 2
95 17 16
95 16 15
95 15 14
95 14 13
95 13 12
95 12 11
95 11 8
95 8 7
95 7 6
95 6 5
95 5 4
95 4 3
95 11 10
95 10 9
96 14 0
96 14 13
96 13 5
96 5 4
96 4 2
96 2 1
96 4 3
96 13 12
96 12 7
96 7 6
96 12 11
96 11 10
96 10 8
96 10 9
97 19 1
97 1 0
97 19 18
97 18 11
97 11 10
97 10 3
97 3 2
97 10 9
97 9 7
97 7 4
97 7 6
97 6 5
97 9 8
97 18 17
97 17 12
97 17 16
97 16 13
97 16 15
97 15 14
98 17 6
98 6 4
98 4 3
98 3 1
98 1 0
98 3 2
98 6 5
98 17 16
98 16 15
98 15 14
98 14 7
98 14 13
98 13 12
98 12 11
98 11 10
98 10 9
98 9 8
99 18 2
99 2 0
99 2 1
99 18 17
99 17 16
99 16 14
99 14 13
99 13 11
99 11 4
99 4 3
99 11 10
99 10 6
99 6 5
99 10 9
99 9 7
99 9 8
99 13 12
99 16 15
100 15 14
100 14 2
100 2 1
100 1 0
100 14 13
100 13 7
100 7 3
100 7 6
100 6 4
100 6 5
100 13 12
100 12 11
100 11 10
100 10 9
100 9 8
101 16 15
101 15 0
101 15 14
101 14 13
101 13 3
101 3 2
101 2 1
101 13 12
101 12 4
101 12 11
101 11 10
101 10 6
101 6 5
101 10 9
101 9 8
101 8 7
