1 17 15
1 15 14
1 14 13
1 13 9
1 9 0
1 9 8
1 8 7
1 7 1
1 7 6
1 6 2
1 6 5
1 5 3
1 5 4
1 13 12
1 12 10
1 12 11
1 17 16
2 16 0
2 16 15
2 15 14
2 14 5
2 5 3
2 3 1
2 3 2
2 5 4
2 14 13
2 13 12
2 12 7
2 7 6
2 12 11
2 11 9
2 9 8
2 11 10
3 17 0
3 17 16
3 16 8
3 8 3
3 3 2
3 2 1
3 8 7
3 7 4
3 7 6
3 6 5
3 16 15
3 15 9
3 15 14
3 14 10
3 14 13
3 13 12
3 12 11
4 18 0
4 18 17
4 17 14
4 14 1
4 14 13
4 13 6
4 6 5
4 5 2
4 5 4
4 4 3
4 13 12
4 12 10
4 10 9
4 9 8
4 8 7
4 12 11
4 17 16
4 16 15
5 19 17
5 17 16
5 16 14
5 14 0
5 14 13
5 13 2
5 2 1
5 13 12
5 12 11
5 11 10
5 10 7
5 7 3
5 7 6
5 6 5
5 5 4
5 10 9
5 9 8
5 16 15
5 19 18
6 17 15
6 15 14
6 14 13
6 13 12
6 12 7
6 7 0
6 7 6
6 6 5
6 5 1
6 5 4
6 4 2
6 4 3
6 12 11
6 11 9
6 9 8
6 11 10
6 17 16
7 18 16
7 16 15
7 15 11
7 11 0
7 11 10
7 10 1
7 10 9
7 9 8
7 8 7
7 7 6
7 6 4
7 4 2
7 4 3
7 6 5
7 15 14
7 14 12
7 14 13
7 18 17
8 17 16
8 16 14
8 14 13
8 13 2
8 2 0
8 2 1
8 13 12
8 12 3
8 12 11
8 11 10
8 10 4
8 10 9
8 9 6
8 6 5
8 9 8
8 8 7
8 16 15
9 18 1
9 1 0
9 18 17
9 17 16
9 16 11
9 11 8
9 8 6
9 6 4
9 4 2
9 4 3
9 6 5
9 8 7
9 11 10
9 10 9
9 16 15
9 15 14
9 14 13
9 13 12
10 16 2
10 2 0
10 2 1
10 16 15
10 15 7
10 7 5
10 5 3
10 5 4
10 7 6
10 15 14
10 14 11
10 11 10
10 10 8
10 10 9
10 14 13
10 13 12
11 19 17
11 17 3
11 3 0
11 3 2
11 2 1
11 17 16
11 16 15
11 15 14
11 14 8
11 8 6
11 6 5
11 5 4
11 8 7
11 14 13
11 13 12
11 12 11
11 11 10
11 10 9
11 19 18
12 14 13
12 13 7
12 7 6
12 6 3
12 3 2
12 2 1
12 1 0
12 6 5
12 5 4
12 13 12
12 12 10
12 10 9
12 9 8
12 12 11
13 15 13
13 13 12
13 12 11
13 11 8
13 8 5
13 5 0
13 5 4
13 4 1
13 4 3
13 3 2
13 8 7
13 7 6
13 11 10
13 10 9
13 15 14
14 18 1
14 1 0
14 18 17
14 17 4
14 4 3
14 3 2
14 17 16
14 16 14
14 14 13
14 13 5
14 13 12
14 12 10
14 10 8
14 8 7
14 7 6
14 10 9
14 12 11
14 16 15
15 15 12
15 12 11
15 11 9
15 9 8
15 8 0
15 8 7
15 7 4
15 4 1
15 4 3
15 3 2
15 7 6
15 6 5
15 11 10
15 15 14
15 14 13
16 16 15
16 15 13
16 13 5
16 5 3
16 3 2
16 2 0
16 2 1
16 5 4
16 13 12
16 12 11
16 11 10
16 10 6
16 10 9
16 9 7
16 9 8
16 15 14
17 14 0
17 14 13
17 13 12
17 12 11
17 11 8
17 8 2
17 2 1
17 8 7
17 7 5
17 5 4
17 4 3
17 7 6
17 11 10
17 10 9
18 14 0
18 14 13
18 13 3
18 3 2
18 2 1
18 13 12
18 12 7
18 7 5
18 5 4
18 7 6
18 12 11
18 11 10
18 10 9
18 9 8
19 18 3
19 3 2
19 2 1
19 1 0
19 18 17
19 17 14
19 14 13
19 13 11
19 11 4
19 11 10
19 10 9
19 9 5
19 9 8
19 8 7
19 7 6
19 13 12
19 17 16
19 16 15
20 18 17
20 17 3
20 3 2
20 2 0
20 2 1
20 17 16
20 16 15
20 15 14
20 14 13
20 13 6
20 6 4
20 6 5
20 13 12
20 12 9
20 9 7
20 9 8
20 12 11
20 11 10
21 17 16
21 16 14
21 14 4
21 4 0
21 4 3
21 3 2
21 2 1
21 14 13
21 13 11
21 11 6
21 6 5
21 11 10
21 10 8
21 8 7
21 10 9
21 13 12
21 16 15
22 15 12
22 12 5
22 5 4
22 4 2
22 2 1
22 1 0
22 4 3
22 12 11
22 11 9
22 9 7
22 7 6
22 9 8
22 11 10
22 15 14
22 14 13
23 16 15
23 15 13
23 13 11
23 11 7
23 7 3
23 3 2
23 2 0
23 2 1
23 7 6
23 6 5
23 5 4
23 11 10
23 10 9
23 9 8
23 13 12
23 15 14
24 18 2
24 2 1
24 1 0
24 18 17
24 17 4
24 4 3
24 17 16
24 16 15
24 15 14
24 14 13
24 13 12
24 12 8
24 8 6
24 6 5
24 8 7
24 12 11
24 11 10
24 10 9
25 16 14
25 14 11
25 11 9
25 9 6
25 6 5
25 5 3
25 3 0
25 3 2
25 2 1
25 5 4
25 9 8
25 8 7
25 11 10
25 14 13
25 13 12
25 16 15
26 15 14
26 14 13
26 13 0
26 13 12
26 12 3
26 3 2
26 2 1
26 12 11
26 11 9
26 9 7
26 7 6
26 6 4
26 6 5
26 9 8
26 11 10
27 16 13
27 13 0
27 13 12
27 12 1
27 12 11
27 11 9
27 9 2
27 9 8
27 8 7
27 7 6
27 6 5
27 5 4
27 4 3
27 11 10
27 16 15
27 15 14
28 17 16
28 16 0
28 16 15
28 15 14
28 14 1
28 14 13
28 13 12
28 12 2
28 12 11
28 11 4
28 4 3
28 11 10
28 10 7
28 7 6
28 6 5
28 10 9
28 9 8
29 14 13
29 13 1
29 1 0
29 13 12
29 12 9
29 9 7
29 7 6
29 6 2
29 6 5
29 5 3
29 5 4
29 9 8
29 12 11
29 11 10
30 19 1
30 1 0
30 19 18
30 18 10
30 10 8
30 8 2
30 8 7
30 7 5
30 5 4
30 4 3
30 7 6
30 10 9
30 18 17
30 17 16
30 16 13
30 13 12
30 12 11
30 16 15
30 15 14
31 19 18
31 18 17
31 17 16
31 16 15
31 15 14
31 14 12
31 12 11
31 11 10
31 10 7
31 7 6
31 6 5
31 5 4
31 4 0
31 4 3
31 3 1
31 3 2
31 10 9
31 9 8
31 14 13
32 14 3
32 3 1
32 1 0
32 3 2
32 14 13
32 13 11
32 11 4
32 11 10
32 10 8
32 8 5
32 8 7
32 7 6
32 10 9
32 13 12
33 19 16
33 16 15
33 15 13
33 13 11
33 11 9
33 9 7
33 7 6
33 6 4
33 4 1
33 1 0
33 4 3
33 3 2
33 6 5
33 9 8
33 11 10
33 13 12
33 15 14
33 19 18
33 18 17
34 15 13
34 13 11
34 11 10
34 10 2
34 2 1
34 1 0
34 10 9
34 9 7
34 7 6
34 6 5
34 5 3
34 5 4
34 9 8
34 13 12
34 15 14
35 17 16
35 16 15
35 15 14
35 14 13
35 13 2
35 2 1
35 1 0
35 13 12
35 12 9
35 9 8
35 8 7
35 7 6
35 6 5
35 5 3
35 5 4
35 12 11
35 11 10
36 15 14
36 14 6
36 6 2
36 2 0
36 2 1
36 6 5
36 5 3
36 5 4
36 14 13
36 13 12
36 12 7
36 12 11
36 11 9
36 9 8
36 11 10
37 15 8
37 8 7
37 7 5
37 5 1
37 1 0
37 5 4
37 4 2
37 4 3
37 7 6
37 15 14
37 14 10
37 10 9
37 14 13
37 13 12
37 12 11
38 19 3
38 3 2
38 2 0
38 2 1
38 19 18
38 18 10
38 10 9
38 9 4
38 9 8
38 8 7
38 7 6
38 6 5
38 18 17
38 17 16
38 16 11
38 16 15
38 15 14
38 14 13
38 13 12
39 16 15
39 15 14
39 14 0
39 14 13
39 13 12
39 12 10
39 10 7
39 7 3
39 3 1
39 3 2
39 7 6
39 6 4
39 6 5
39 10 9
39 9 8
39 12 11
40 17 0
40 17 16
40 16 7
40 7 6
40 6 2
40 2 1
40 6 5
40 5 4
40 4 3
40 16 15
40 15 14
40 14 13
40 13 8
40 13 12
40 12 11
40 11 9
40 11 10
41 19 17
41 17 11
41 11 7
41 7 1
41 1 0
41 7 6
41 6 3
41 3 2
41 6 5
41 5 4
41 11 10
41 10 9
41 9 8
41 17 16
41 16 15
41 15 14
41 14 12
41 14 13
41 19 18
42 15 14
42 14 12
42 12 11
42 11 0
42 11 10
42 10 5
42 5 1
42 5 4
42 4 3
42 3 2
42 10 9
42 9 8
42 8 6
42 8 7
42 14 13
43 15 14
43 14 13
43 13 10
43 10 1
43 1 0
43 10 9
43 9 8
43 8 7
43 7 3
43 3 2
43 7 6
43 6 4
43 6 5
43 13 12
43 12 11
44 18 3
44 3 2
44 2 0
44 2 1
44 18 17
44 17 16
44 16 6
44 6 5
44 5 4
44 16 15
44 15 11
44 11 10
44 10 8
44 8 7
44 10 9
44 15 14
44 14 13
44 13 12
45 17 0
45 17 16
45 16 1
45 16 15
45 15 13
45 13 11
45 11 5
45 5 3
45 3 2
45 5 4
45 11 10
45 10 8
45 8 7
45 7 6
45 10 9
45 13 12
45 15 14
46 14 0
46 14 13
46 13 2
46 2 1
46 13 12
46 12 11
46 11 3
46 11 10
46 10 4
46 10 9
46 9 8
46 8 7
46 7 5
46 7 6
47 14 11
47 11 7
47 7 6
47 6 4
47 4 3
47 3 2
47 2 1
47 1 0
47 6 5
47 11 10
47 10 8
47 10 9
47 14 13
47 13 12
48 16 15
48 15 2
48 2 0
48 2 1
48 15 14
48 14 10
48 10 8
48 8 4
48 4 3
48 8 7
48 7 6
48 6 5
48 10 9
48 14 13
48 13 11
48 13 12
49 19 0
49 19 18
49 18 17
49 17 16
49 16 14
49 14 13
49 13 12
49 12 8
49 8 1
49 8 7
49 7 6
49 6 5
49 5 3
49 3 2
49 5 4
49 12 11
49 11 10
49 10 9
49 16 15
50 17 4
50 4 0
50 4 3
50 3 1
50 3 2
50 17 16
50 16 9
50 9 8
50 8 5
50 8 7
50 7 6
50 16 15
50 15 12
50 12 11
50 11 10
50 15 14
50 14 13
51 14 13
51 13 12
51 12 2
51 2 0
51 2 1
51 12 11
51 11 5
51 5 3
51 5 4
51 11 10
51 10 8
51 8 6
51 8 7
51 10 9
52 14 13
52 13 7
52 7 2
52 2 0
52 2 1
52 7 6
52 6 4
52 4 3
52 6 5
52 13 12
52 12 8
52 12 11
52 11 9
52 11 10
53 15 0
53 15 14
53 14 2
53 2 1
53 14 13
53 13 11
53 11 9
53 9 7
53 7 6
53 6 3
53 6 5
53 5 4
53 9 8
53 11 10
53 13 12
54 18 17
54 17 16
54 16 15
54 15 14
54 14 2
54 2 0
54 2 1
54 14 13
54 13 12
54 12 9
54 9 6
54 6 3
54 6 5
54 5 4
54 9 8
54 8 7
54 12 11
54 11 10
55 19 13
55 13 0
55 13 12
55 12 10
55 10 9
55 9 2
55 2 1
55 9 8
55 8 5
55 5 4
55 4 3
55 8 7
55 7 6
55 12 11
55 19 18
55 18 16
55 16 14
55 16 15
55 18 17
56 14 13
56 13 0
56 13 12
56 12 10
56 10 2
56 2 1
56 10 9
56 9 8
56 8 7
56 7 6
56 6 4
56 4 3
56 6 5
56 12 11
57 15 1
57 1 0
57 15 14
57 14 13
57 13 12
57 12 11
57 11 10
57 10 7
57 7 6
57 6 2
57 6 5
57 5 3
57 5 4
57 10 9
57 9 8
58 14 12
58 12 11
58 11 9
58 9 8
58 8 2
58 2 0
58 2 1
58 8 7
58 7 3
58 7 6
58 6 4
58 6 5
58 11 10
58 14 13
59 15 14
59 14 13
59 13 1
59 1 0
59 13 12
59 12 5
59 5 3
59 3 2
59 5 4
59 12 11
59 11 9
59 9 8
59 8 7
59 7 6
59 11 10
60 18 17
60 17 16
60 16 11
60 11 3
60 3 2
60 2 1
60 1 0
60 11 10
60 10 9
60 9 8
60 8 5
60 5 4
60 8 7
60 7 6
60 16 15
60 15 12
60 15 14
60 14 13
61 15 10
61 10 6
61 6 2
61 2 0
61 2 1
61 6 5
61 5 3
61 5 4
61 10 9
61 9 7
61 9 8
61 15 14
61 14 13
61 13 11
61 13 12
62 15 5
62 5 3
62 3 2
62 2 0
62 2 1
62 5 4
62 15 14
62 14 6
62 14 13
62 13 12
62 12 10
62 10 8
62 8 7
62 10 9
62 12 11
63 15 13
63 13 12
63 12 11
63 11 10
63 10 0
63 10 9
63 9 6
63 6 4
63 4 1
63 4 3
63 3 2
63 6 5
63 9 8
63 8 7
63 15 14
64 19 18
64 18 1
64 1 0
64 18 17
64 17 11
64 11 10
64 10 2
64 10 9
64 9 3
64 9 8
64 8 7
64 7 6
64 6 5
64 5 4
64 17 16
64 16 14
64 14 13
64 13 12
64 16 15
65 15 13
65 13 0
65 13 12
65 12 11
65 11 10
65 10 9
65 9 1
65 9 8
65 8 6
65 6 2
65 6 5
65 5 4
65 4 3
65 8 7
65 15 14
66 19 18
66 18 17
66 17 1
66 1 0
66 17 16
66 16 15
66 15 2
66 15 14
66 14 9
66 9 3
66 9 8
66 8 7
66 7 5
66 5 4
66 7 6
66 14 13
66 13 12
66 12 11
66 11 10
67 15 9
67 9 1
67 1 0
67 9 8
67 8 7
67 7 5
67 5 3
67 3 2
67 5 4
67 7 6
67 15 14
67 14 11
67 11 10
67 14 13
67 13 12
68 15 14
68 14 12
68 12 3
68 3 2
68 2 0
68 2 1
68 12 11
68 11 10
68 10 9
68 9 8
68 8 6
68 6 4
68 6 5
68 8 7
68 14 13
69 19 14
69 14 13
69 13 0
69 13 12
69 12 11
69 11 10
69 10 1
69 10 9
69 9 3
69 3 2
69 9 8
69 8 7
69 7 5
69 5 4
69 7 6
69 19 18
69 18 15
69 18 17
69 17 16
70 18 0
70 18 17
70 17 4
70 4 2
70 2 1
70 4 3
70 17 16
70 16 13
70 13 12
70 12 11
70 11 10
70 10 9
70 9 7
70 7 5
70 7 6
70 9 8
70 16 15
70 15 14
71 15 14
71 14 1
71 1 0
71 14 13
71 13 12
71 12 11
71 11 4
71 4 2
71 4 3
71 11 10
71 10 9
71 9 8
71 8 7
71 7 5
71 7 6
72 16 15
72 15 8
72 8 7
72 7 3
72 3 2
72 2 0
72 2 1
72 7 6
72 6 4
72 6 5
72 15 14
72 14 13
72 13 12
72 12 11
72 11 9
72 11 10
73 16 0
73 16 15
73 15 6
73 6 4
73 4 1
73 4 3
73 3 2
73 6 5
73 15 14
73 14 8
73 8 7
73 14 13
73 13 12
73 12 11
73 11 10
73 10 9
74 19 18
74 18 14
74 14 13
74 13 3
74 3 0
74 3 2
74 2 1
74 13 12
74 12 5
74 5 4
74 12 11
74 11 10
74 10 9
74 9 6
74 9 8
74 8 7
74 18 17
74 17 15
74 17 16
75 17 15
75 15 0
75 15 14
75 14 13
75 13 11
75 11 8
75 8 1
75 8 7
75 7 6
75 6 5
75 5 3
75 3 2
75 5 4
75 11 10
75 10 9
75 13 12
75 17 16
76 19 1
76 1 0
76 19 18
76 18 16
76 16 15
76 15 9
76 9 3
76 3 2
76 9 8
76 8 5
76 5 4
76 8 7
76 7 6
76 15 14
76 14 13
76 13 11
76 11 10
76 13 12
76 18 17
77 19 18
77 18 16
77 16 8
77 8 0
77 8 7
77 7 5
77 5 2
77 2 1
77 5 4
77 4 3
77 7 6
77 16 15
77 15 14
77 14 13
77 13 12
77 12 10
77 10 9
77 12 11
77 18 17
78 16 15
78 15 0
78 15 14
78 14 13
78 13 11
78 11 8
78 8 6
78 6 5
78 5 2
78 2 1
78 5 4
78 4 3
78 8 7
78 11 10
78 10 9
78 13 12
79 14 12
79 12 8
79 8 0
79 8 7
79 7 6
79 6 5
79 5 4
79 4 3
79 3 1
79 3 2
79 12 11
79 11 9
79 11 10
79 14 13
80 15 14
80 14 12
80 12 11
80 11 9
80 9 7
80 7 0
80 7 6
80 6 5
80 5 3
80 3 2
80 2 1
80 5 4
80 9 8
80 11 10
80 14 13
81 18 17
81 17 15
81 15 4
81 4 3
81 3 2
81 2 1
81 1 0
81 15 14
81 14 6
81 6 5
81 14 13
81 13 11
81 11 7
81 11 10
81 10 9
81 9 8
81 13 12
81 17 16
82 14 8
82 8 7
82 7 0
82 7 6
82 6 4
82 4 1
82 4 3
82 3 2
82 6 5
82 14 13
82 13 11
82 11 9
82 11 10
82 13 12
83 18 1
83 1 0
83 18 17
83 17 8
83 8 7
83 7 6
83 6 5
83 5 4
83 4 2
83 4 3
83 17 16
83 16 15
83 15 14
83 14 13
83 13 12
83 12 9
83 12 11
83 11 10
84 18 2
84 2 1
84 1 0
84 18 17
84 17 11
84 11 4
84 4 3
84 11 10
84 10 9
84 9 8
84 8 7
84 7 5
84 7 6
84 17 16
84 16 15
84 15 14
84 14 12
84 14 13
85 16 3
85 3 2
85 2 0
85 2 1
85 16 15
85 15 14
85 14 13
85 13 4
85 13 12
85 12 7
85 7 6
85 6 5
85 12 11
85 11 10
85 10 8
85 10 9
86 17 4
86 4 0
86 4 3
86 3 1
86 3 2
86 17 16
86 16 12
86 12 8
86 8 7
86 7 5
86 7 6
86 12 11
86 11 9
86 11 10
86 16 15
86 15 14
86 14 13
87 17 1
87 1 0
87 17 16
87 16 2
87 16 15
87 15 14
87 14 8
87 8 6
87 6 5
87 5 3
87 5 4
87 8 7
87 14 13
87 13 9
87 13 12
87 12 10
87 12 11
88 17 16
88 16 0
88 16 15
88 15 1
88 15 14
88 14 10
88 10 2
88 10 9
88 9 4
88 4 3
88 9 8
88 8 7
88 7 5
88 7 6
88 14 13
88 13 12
88 12 11
89 17 16
89 16 14
89 14 1
89 1 0
89 14 13
89 13 12
89 12 11
89 11 8
89 8 2
89 8 7
89 7 4
89 4 3
89 7 6
89 6 5
89 11 10
89 10 9
89 16 15
90 14 13
90 13 10
90 10 9
90 9 8
90 8 7
90 7 2
90 2 1
90 1 0
90 7 6
90 6 3
90 6 5
90 5 4
90 13 12
90 12 11
91 14 1
91 1 0
91 14 13
91 13 11
91 11 10
91 10 9
91 9 8
91 8 7
91 7 6
91 6 5
91 5 3
91 3 2
91 5 4
91 13 12
92 14 13
92 13 12
92 12 11
92 11 1
92 1 0
92 11 10
92 10 7
92 7 6
92 6 4
92 4 3
92 3 2
92 6 5
92 10 9
92 9 8
93 15 14
93 14 13
93 13 5
93 5 0
93 5 4
93 4 3
93 3 1
93 3 2
93 13 12
93 12 10
93 10 8
93 8 6
93 8 7
93 10 9
93 12 11
94 16 6
94 6 1
94 1 0
94 6 5
94 5 3
94 3 2
94 5 4
94 16 15
94 15 14
94 14 7
94 14 13
94 13 11
94 11 9
94 9 8
94 11 10
94 13 12
95 17 0
95 17 16
95 16 1
95 16 15
95 15 14
95 14 5
95 5 2
95 5 4
95 4 3
95 14 13
95 13 11
95 11 8
95 8 6
95 8 7
95 11 10
95 10 9
95 13 12
96 14 13
96 13 10
96 10 3
96 3 1
96 1 0
96 3 2
96 10 9
96 9 4
96 9 8
96 8 5
96 8 7
96 7 6
96 13 12
96 12 11
97 18 17
97 17 16
97 16 0
97 16 15
97 15 13
97 13 1
97 13 12
97 12 5
97 5 4
97 4 2
97 4 3
97 12 11
97 11 8
97 8 7
97 7 6
97 11 10
97 10 9
97 15 14
98 15 13
98 13 12
98 12 1
98 1 0
98 12 11
98 11 3
98 3 2
98 11 10
98 10 7
98 7 6
98 6 4
98 6 5
98 10 9
98 9 8
98 15 14
99 18 17
99 17 15
99 15 14
99 14 13
99 13 11
99 11 9
99 9 6
99 6 4
99 4 3
99 3 2
99 2 0
99 2 1
99 6 5
99 9 8
99 8 7
99 11 10
99 13 12
99 17 16
100 15 13
100 13 7
100 7 6
100 6 5
100 5 4
100 4 1
100 1 0
100 4 3
100 3 2
100 13 12
100 12 11
100 11 9
100 9 8
100 11 10
100 15 14
101 19 18
101 18 17
101 17 16
101 16 15
101 15 14
101 14 3
101 3 2
101 2 1
101 1 0
101 14 13
101 13 11
101 11 4
101 11 10
101 10 9
101 9 5
101 9 8
101 8 7
101 7 6
101 13 12
