1 16 14
1 14 13
1 13 12
1 12 11
1 11 3
1 3 2
1 2 0
1 2 1
1 11 10
1 10 8
1 8 4
1 8 7
1 7 6
1 6 5
1 10 9
1 16 15
2 14 0
2 14 13
2 13 6
2 6 2
2 2 1
2 6 5
2 5 3
2 5 4
2 13 12
2 12 11
2 11 10
2 10 8
2 8 7
2 10 9
3 16 15
3 15 7
3 7 0
3 7 6
3 6 5
3 5 3
3 3 1
3 3 2
3 5 4
3 15 14
3 14 11
3 11 8
3 11 10
3 10 9
3 14 13
3 13 12
4 15 0
4 15 14
4 14 13
4 13 12
4 12 8
4 8 7
4 7 1
4 7 6
4 6 3
4 3 2
4 6 5
4 5 4
4 12 11
4 11 9
4 11 10
5 15 14
5 14 12
5 12 0
5 12 11
5 11 10
5 10 9
5 9 1
5 9 8
5 8 7
5 7 5
5 5 2
5 5 4
5 4 3
5 7 6
5 14 13
6 15 10
6 10 9
6 9 0
6 9 8
6 8 6
6 6 5
6 5 4
6 4 3
6 3 2
6 2 1
6 8 7
6 15 14
6 14 12
6 12 11
6 14 13
7 17 15
7 15 3
7 3 0
7 3 2
7 2 1
7 15 14
7 14 4
7 14 13
7 13 6
7 6 5
7 13 12
7 12 11
7 11 10
7 10 9
7 9 7
7 9 8
7 17 16
8 17 16
8 16 15
8 15 13
8 13 12
8 12 8
8 8 1
8 1 0
8 8 7
8 7 6
8 6 5
8 5 4
8 4 2
8 4 3
8 12 11
8 11 9
8 11 10
8 15 14
9 15 14
9 14 13
9 13 12
9 12 11
9 11 4
9 4 0
9 4 3
9 3 2
9 2 1
9 11 10
9 10 5
9 10 9
9 9 7
9 7 6
9 9 8
10 17 0
10 17 16
10 16 4
10 4 1
10 4 3
10 3 2
10 16 15
10 15 6
10 6 5
10 15 14
10 14 11
10 11 10
10 10 8
10 8 7
10 10 9
10 14 13
10 13 12
11 19 5
11 5 1
11 1 0
11 5 4
11 4 2
11 4 3
11 19 18
11 18 16
11 16 15
11 15 13
11 13 9
11 9 8
11 8 6
11 8 7
11 13 12
11 12 11
11 11 10
11 15 14
11 18 17
12 15 13
12 13 11
12 11 10
12 10 9
12 9 0
12 9 8
12 8 5
12 5 3
12 3 2
12 2 1
12 5 4
12 8 7
12 7 6
12 13 12
12 15 14
13 14 13
13 13 5
13 5 2
13 2 0
13 2 1
13 5 4
13 4 3
13 13 12
13 12 6
13 12 11
13 11 10
13 10 9
13 9 7
13 9 8
14 16 15
14 15 10
14 10 9
14 9 2
14 2 0
14 2 1
14 9 8
14 8 6
14 6 3
14 6 5
14 5 4
14 8 7
14 15 14
14 14 13
14 13 11
14 13 12
15 16 15
15 15 0
15 15 14
15 14 13
15 13 4
15 4 3
15 3 2
15 2 1
15 13 12
15 12 9
15 9 8
15 8 7
15 7 6
15 6 5
15 12 11
15 11 10
16 18 10
16 10 8
16 8 4
16 4 0
16 4 3
16 3 1
16 3 2
16 8 7
16 7 6
16 6 5
16 10 9
16 18 17
16 17 14
16 14 11
16 14 13
16 13 12
16 17 16
16 16 15
17 14 3
17 3 1
17 1 0
17 3 2
17 14 13
17 13 12
17 12 11
17 11 10
17 10 4
17 10 9
17 9 8
17 8 5
17 8 7
17 7 6
18 19 13
18 13 12
18 12 11
18 11 8
18 8 7
18 7 4
18 4 2
18 2 0
18 2 1
18 4 3
18 7 6
18 6 5
18 11 10
18 10 9
18 19 18
18 18 16
18 16 14
18 16 15
18 18 17
19 16 14
19 14 13
19 13 11
19 11 4
19 4 2
19 2 1
19 1 0
19 4 3
19 11 10
19 10 5
19 10 9
19 9 6
19 9 8
19 8 7
19 13 12
19 16 15
20 19 18
20 18 0
20 18 17
20 17 16
20 16 1
20 16 15
20 15 10
20 10 2
20 10 9
20 9 5
20 5 3
20 5 4
20 9 8
20 8 6
20 8 7
20 15 14
20 14 11
20 14 13
20 13 12
21 19 4
21 4 3
21 3 2
21 2 1
21 1 0
21 19 18
21 18 16
21 16 15
21 15 14
21 14 13
21 13 5
21 13 12
21 12 11
21 11 9
21 9 8
21 8 6
21 8 7
21 11 10
21 18 17
22 15 14
22 14 12
22 12 11
22 11 8
22 8 6
22 6 4
22 4 3
22 3 2
22 2 1
22 1 0
22 6 5
22 8 7
22 11 10
22 10 9
22 14 13
23 19 18
23 18 17
23 17 16
23 16 3
23 3 1
23 1 0
23 3 2
23 16 15
23 15 14
23 14 13
23 13 12
23 12 5
23 5 4
23 12 11
23 11 10
23 10 6
23 10 9
23 9 7
23 9 8
24 17 0
24 17 16
24 16 15
24 15 14
24 14 13
24 13 1
24 13 12
24 12 11
24 11 10
24 10 9
24 9 5
24 5 4
24 4 2
24 4 3
24 9 8
24 8 7
24 7 6
25 16 5
25 5 4
25 4 3
25 3 2
25 2 0
25 2 1
25 16 15
25 15 13
25 13 11
25 11 10
25 10 6
25 10 9
25 9 8
25 8 7
25 13 12
25 15 14
26 14 13
26 13 12
26 12 11
26 11 1
26 1 0
26 11 10
26 10 6
26 6 4
26 4 3
26 3 2
26 6 5
26 10 9
26 9 8
26 8 7
27 16 15
27 15 10
27 10 5
27 5 4
27 4 3
27 3 2
27 2 0
27 2 1
27 10 9
27 9 8
27 8 6
27 8 7
27 15 14
27 14 13
27 13 12
27 12 11
28 15 0
28 15 14
28 14 12
28 12 1
28 12 11
28 11 10
28 10 9
28 9 3
28 3 2
28 9 8
28 8 6
28 6 5
28 5 4
28 8 7
28 14 13
29 18 5
29 5 4
29 4 3
29 3 2
29 2 1
29 1 0
29 18 17
29 17 15
29 15 8
29 8 7
29 7 6
29 15 14
29 14 9
29 14 13
29 13 12
29 12 11
29 11 10
29 17 16
30 17 12
30 12 9
30 9 1
30 1 0
30 9 8
30 8 7
30 7 2
30 7 6
30 6 5
30 5 3
30 5 4
30 12 11
30 11 10
30 17 16
30 16 14
30 14 13
30 16 15
31 15 14
31 14 3
31 3 0
31 3 2
31 2 1
31 14 13
31 13 6
31 6 5
31 5 4
31 13 12
31 12 11
31 11 7
31 11 10
31 10 9
31 9 8
32 17 16
32 16 12
32 12 11
32 11 7
32 7 6
32 6 5
32 5 4
32 4 2
32 2 0
32 2 1
32 4 3
32 11 10
32 10 8
32 10 9
32 16 15
32 15 14
32 14 13
33 15 14
33 14 8
33 8 5
33 5 4
33 4 0
33 4 3
33 3 2
33 2 1
33 8 7
33 7 6
33 14 13
33 13 12
33 12 11
33 11 9
33 11 10
34 15 14
34 14 13
34 13 9
34 9 6
34 6 5
34 5 4
34 4 2
34 2 1
34 1 0
34 4 3
34 9 8
34 8 7
34 13 12
34 12 11
34 11 10
35 16 15
35 15 6
35 6 5
35 5 4
35 4 0
35 4 3
35 3 2
35 2 1
35 15 14
35 14 13
35 13 12
35 12 10
35 10 9
35 9 7
35 9 8
35 12 11
36 16 14
36 14 11
36 11 0
36 11 10
36 10 9
36 9 8
36 8 7
36 7 6
36 6 1
36 6 5
36 5 4
36 4 3
36 3 2
36 14 13
36 13 12
36 16 15
37 19 15
37 15 13
37 13 6
37 6 5
37 5 4
37 4 1
37 1 0
37 4 3
37 3 2
37 13 12
37 12 11
37 11 8
37 8 7
37 11 10
37 10 9
37 15 14
37 19 18
37 18 16
37 18 17
38 14 13
38 13 0
38 13 12
38 12 11
38 11 1
38 11 10
38 10 2
38 10 9
38 9 7
38 7 6
38 6 4
38 4 3
38 6 5
38 9 8
39 17 16
39 16 15
39 15 11
39 11 10
39 10 4
39 4 3
39 3 1
39 1 0
39 3 2
39 10 9
39 9 8
39 8 6
39 6 5
39 8 7
39 15 14
39 14 13
39 13 12
40 14 4
40 4 3
40 3 0
40 3 2
40 2 1
40 14 13
40 13 12
40 12 10
40 10 6
40 6 5
40 10 9
40 9 8
40 8 7
40 12 11
41 16 15
41 15 13
41 13 12
41 12 11
41 11 0
41 11 10
41 10 1
41 10 9
41 9 3
41 3 2
41 9 8
41 8 6
41 6 4
41 6 5
41 8 7
41 15 14
42 18 3
42 3 1
42 1 0
42 3 2
42 18 17
42 17 16
42 16 15
42 15 13
42 13 9
42 9 4
42 9 8
42 8 5
42 8 7
42 7 6
42 13 12
42 12 11
42 11 10
42 15 14
43 16 3
43 3 1
43 1 0
43 3 2
43 16 15
43 15 6
43 6 5
43 5 4
43 15 14
43 14 12
43 12 9
43 9 8
43 8 7
43 12 11
43 11 10
43 14 13
44 18 16
44 16 5
44 5 2
44 2 1
44 1 0
44 5 4
44 4 3
44 16 15
44 15 7
44 7 6
44 15 14
44 14 11
44 11 10
44 10 9
44 9 8
44 14 13
44 13 12
44 18 17
45 14 10
45 10 7
45 7 5
45 5 2
45 2 0
45 2 1
45 5 4
45 4 3
45 7 6
45 10 9
45 9 8
45 14 13
45 13 12
45 12 11
46 15 13
46 13 12
46 12 10
46 10 9
46 9 7
46 7 5
46 5 4
46 4 1
46 1 0
46 4 3
46 3 2
46 7 6
46 9 8
46 12 11
46 15 14
47 16 15
47 15 5
47 5 4
47 4 2
47 2 1
47 1 0
47 4 3
47 15 14
47 14 6
47 14 13
47 13 7
47 13 12
47 12 11
47 11 10
47 10 9
47 9 8
48 19 18
48 18 15
48 15 0
48 15 14
48 14 12
48 12 9
48 9 2
48 2 1
48 9 8
48 8 7
48 7 5
48 5 4
48 4 3
48 7 6
48 12 11
48 11 10
48 14 13
48 18 17
48 17 16
49 18 17
49 17 16
49 16 13
49 13 11
49 11 8
49 8 7
49 7 6
49 6 4
49 4 0
49 4 3
49 3 1
49 3 2
49 6 5
49 11 10
49 10 9
49 13 12
49 16 15
49 15 14
50 16 15
50 15 14
50 14 12
50 12 11
50 11 0
50 11 10
50 10 9
50 9 8
50 8 6
50 6 1
50 6 5
50 5 2
50 5 4
50 4 3
50 8 7
50 14 13
51 18 17
51 17 16
51 16 13
51 13 11
51 11 10
51 10 1
51 1 0
51 10 9
51 9 7
51 7 4
51 4 2
51 4 3
51 7 6
51 6 5
51 9 8
51 13 12
51 16 15
51 15 14
52 14 13
52 13 12
52 12 0
52 12 11
52 11 2
52 2 1
52 11 10
52 10 9
52 9 5
52 5 3
52 5 4
52 9 8
52 8 7
52 7 6
53 17 15
53 15 14
53 14 0
53 14 13
53 13 12
53 12 4
53 4 1
53 4 3
53 3 2
53 12 11
53 11 10
53 10 8
53 8 5
53 8 7
53 7 6
53 10 9
53 17 16
54 14 7
54 7 1
54 1 0
54 7 6
54 6 2
54 6 5
54 5 3
54 5 4
54 14 13
54 13 10
54 10 8
54 10 9
54 13 12
54 12 11
55 19 1
55 1 0
55 19 18
55 18 17
55 17 16
55 16 12
55 12 11
55 11 10
55 10 9
55 9 8
55 8 2
55 8 7
55 7 5
55 5 4
55 4 3
55 7 6
55 16 15
55 15 14
55 14 13
56 17 9
56 9 8
56 8 7
56 7 2
56 2 1
56 1 0
56 7 6
56 6 4
56 4 3
56 6 5
56 17 16
56 16 10
56 16 15
56 15 11
56 15 14
56 14 12
56 14 13
57 16 12
57 12 7
57 7 6
57 6 5
57 5 3
57 3 0
57 3 2
57 2 1
57 5 4
57 12 11
57 11 10
57 10 9
57 9 8
57 16 15
57 15 13
57 15 14
58 14 13
58 13 0
58 13 12
58 12 1
58 12 11
58 11 10
58 10 9
58 9 8
58 8 2
58 8 7
58 7 5
58 5 3
58 5 4
58 7 6
59 19 18
59 18 16
59 16 1
59 1 0
59 16 15
59 15 4
59 4 2
59 4 3
59 15 14
59 14 13
59 13 11
59 11 10
59 10 5
59 10 9
59 9 7
59 7 6
59 9 8
59 13 12
59 18 17
60 18 17
60 17 16
60 16 15
60 15 1
60 1 0
60 15 14
60 14 13
60 13 12
60 12 11
60 11 9
60 9 8
60 8 7
60 7 2
60 7 6
60 6 3
60 6 5
60 5 4
60 11 10
61 14 8
61 8 4
61 4 3
61 3 2
61 2 0
61 2 1
61 8 7
61 7 6
61 6 5
61 14 13
61 13 9
61 13 12
61 12 10
61 12 11
62 18 11
62 11 9
62 9 8
62 8 5
62 5 4
62 4 1
62 1 0
62 4 3
62 3 2
62 8 7
62 7 6
62 11 10
62 18 17
62 17 13
62 13 12
62 17 16
62 16 14
62 16 15
63 16 15
63 15 14
63 14 13
63 13 4
63 4 3
63 3 2
63 2 1
63 1 0
63 13 12
63 12 11
63 11 5
63 11 10
63 10 9
63 9 8
63 8 6
63 8 7
64 18 17
64 17 9
64 9 8
64 8 7
64 7 6
64 6 5
64 5 3
64 3 2
64 2 1
64 1 0
64 5 4
64 17 16
64 16 13
64 13 12
64 12 10
64 12 11
64 16 15
64 15 14
65 14 13
65 13 2
65 2 1
65 1 0
65 13 12
65 12 10
65 10 7
65 7 5
65 5 3
65 5 4
65 7 6
65 10 9
65 9 8
65 12 11
66 18 6
66 6 5
66 5 4
66 4 1
66 1 0
66 4 3
66 3 2
66 18 17
66 17 9
66 9 8
66 8 7
66 17 16
66 16 15
66 15 13
66 13 10
66 13 12
66 12 11
66 15 14
67 17 14
67 14 1
67 1 0
67 14 13
67 13 10
67 10 5
67 5 3
67 3 2
67 5 4
67 10 9
67 9 7
67 7 6
67 9 8
67 13 12
67 12 11
67 17 16
67 16 15
68 17 16
68 16 14
68 14 2
68 2 0
68 2 1
68 14 13
68 13 12
68 12 11
68 11 3
68 11 10
68 10 8
68 8 7
68 7 6
68 6 5
68 5 4
68 10 9
68 16 15
69 14 13
69 13 12
69 12 11
69 11 0
69 11 10
69 10 8
69 8 2
69 2 1
69 8 7
69 7 6
69 6 5
69 5 3
69 5 4
69 10 9
70 14 7
70 7 1
70 1 0
70 7 6
70 6 3
70 3 2
70 6 5
70 5 4
70 14 13
70 13 9
70 9 8
70 13 12
70 12 10
70 12 11
71 16 14
71 14 0
71 14 13
71 13 1
71 13 12
71 12 6
71 6 5
71 5 4
71 4 2
71 4 3
71 12 11
71 11 7
71 11 10
71 10 9
71 9 8
71 16 15
72 16 15
72 15 0
72 15 14
72 14 13
72 13 12
72 12 11
72 11 8
72 8 7
72 7 5
72 5 4
72 4 3
72 3 2
72 2 1
72 7 6
72 11 10
72 10 9
73 14 13
73 13 0
73 13 12
73 12 11
73 11 1
73 11 10
73 10 8
73 8 7
73 7 5
73 5 2
73 5 4
73 4 3
73 7 6
73 10 9
74 15 2
74 2 0
74 2 1
74 15 14
74 14 12
74 12 4
74 4 3
74 12 11
74 11 10
74 10 9
74 9 8
74 8 7
74 7 6
74 6 5
74 14 13
75 19 17
75 17 16
75 16 4
75 4 3
75 3 0
75 3 2
75 2 1
75 16 15
75 15 5
75 15 14
75 14 8
75 8 7
75 7 6
75 14 13
75 13 12
75 12 11
75 11 10
75 10 9
75 19 18
76 17 16
76 16 15
76 15 1
76 1 0
76 15 14
76 14 2
76 14 13
76 13 11
76 11 9
76 9 3
76 9 8
76 8 7
76 7 4
76 7 6
76 6 5
76 11 10
76 13 12
77 14 1
77 1 0
77 14 13
77 13 6
77 6 5
77 5 4
77 4 2
77 4 3
77 13 12
77 12 11
77 11 9
77 9 8
77 8 7
77 11 10
78 19 9
78 9 8
78 8 2
78 2 0
78 2 1
78 8 7
78 7 3
78 7 6
78 6 4
78 6 5
78 19 18
78 18 17
78 17 12
78 12 11
78 11 10
78 17 16
78 16 14
78 14 13
78 16 15
79 15 10
79 10 8
79 8 6
79 6 5
79 5 4
79 4 0
79 4 3
79 3 2
79 2 1
79 8 7
79 10 9
79 15 14
79 14 11
79 14 13
79 13 12
80 15 11
80 11 10
80 10 0
80 10 9
80 9 3
80 3 1
80 3 2
80 9 8
80 8 5
80 5 4
80 8 7
80 7 6
80 15 14
80 14 12
80 14 13
81 19 13
81 13 12
81 12 8
81 8 0
81 8 7
81 7 3
81 3 2
81 2 1
81 7 6
81 6 4
81 6 5
81 12 11
81 11 9
81 11 10
81 19 18
81 18 17
81 17 16
81 16 14
81 16 15
82 19 18
82 18 16
82 16 7
82 7 6
82 6 4
82 4 3
82 3 1
82 1 0
82 3 2
82 6 5
82 16 15
82 15 14
82 14 13
82 13 12
82 12 11
82 11 9
82 9 8
82 11 10
82 18 17
83 15 2
83 2 0
83 2 1
83 15 14
83 14 13
83 13 10
83 10 9
83 9 8
83 8 6
83 6 5
83 5 4
83 4 3
83 8 7
83 13 12
83 12 11
84 15 14
84 14 13
84 13 9
84 9 0
84 9 8
84 8 7
84 7 1
84 7 6
84 6 5
84 5 4
84 4 2
84 4 3
84 13 12
84 12 10
84 12 11
85 14 12
85 12 0
85 12 11
85 11 6
85 6 1
85 6 5
85 5 4
85 4 3
85 3 2
85 11 10
85 10 7
85 10 9
85 9 8
85 14 13
86 15 14
86 14 13
86 13 8
86 8 0
86 8 7
86 7 6
86 6 4
86 4 3
86 3 2
86 2 1
86 6 5
86 13 12
86 12 11
86 11 10
86 10 9
87 16 13
87 13 12
87 12 11
87 11 0
87 11 10
87 10 4
87 4 1
87 4 3
87 3 2
87 10 9
87 9 5
87 9 8
87 8 6
87 8 7
87 16 15
87 15 14
88 16 15
88 15 4
88 4 3
88 3 1
88 1 0
88 3 2
88 15 14
88 14 7
88 7 6
88 6 5
88 14 13
88 13 12
88 12 10
88 10 8
88 10 9
88 12 11
89 14 13
89 13 11
89 11 9
89 9 8
89 8 3
89 3 2
89 2 0
89 2 1
89 8 7
89 7 5
89 5 4
89 7 6
89 11 10
89 13 12
90 15 1
90 1 0
90 15 14
90 14 12
90 12 2
90 12 11
90 11 7
90 7 3
90 7 6
90 6 4
90 6 5
90 11 10
90 10 9
90 9 8
90 14 13
91 19 18
91 18 17
91 17 13
91 13 11
91 11 10
91 10 7
91 7 6
91 6 3
91 3 2
91 2 0
91 2 1
91 6 5
91 5 4
91 10 9
91 9 8
91 13 12
91 17 16
91 16 14
91 16 15
92 15 0
92 15 14
92 14 1
92 14 13
92 13 2
92 13 12
92 12 4
92 4 3
92 12 11
92 11 5
92 11 10
92 10 6
92 10 9
92 9 7
92 9 8
93 17 3
93 3 0
93 3 2
93 2 1
93 17 16
93 16 14
93 14 13
93 13 12
93 12 10
93 10 4
93 10 9
93 9 7
93 7 5
93 7 6
93 9 8
93 12 11
93 16 15
94 15 14
94 14 12
94 12 8
94 8 0
94 8 7
94 7 6
94 6 2
94 2 1
94 6 5
94 5 4
94 4 3
94 12 11
94 11 10
94 10 9
94 14 13
95 17 14
95 14 1
95 1 0
95 14 13
95 13 4
95 4 3
95 3 2
95 13 12
95 12 10
95 10 9
95 9 5
95 9 8
95 8 6
95 8 7
95 12 11
95 17 16
95 16 15
96 15 2
96 2 1
96 1 0
96 15 14
96 14 13
96 13 5
96 5 4
96 4 3
96 13 12
96 12 11
96 11 10
96 10 8
96 8 6
96 8 7
96 10 9
97 15 0
97 15 14
97 14 13
97 13 3
97 3 1
97 3 2
97 13 12
97 12 9
97 9 7
97 7 5
97 5 4
97 7 6
97 9 8
97 12 11
97 11 10
98 14 0
98 14 13
98 13 11
98 11 10
98 10 5
98 5 3
98 3 1
98 3 2
98 5 4
98 10 9
98 9 7
98 7 6
98 9 8
98 13 12
99 17 9
99 9 7
99 7 4
99 4 0
99 4 3
99 3 1
99 3 2
99 7 6
99 6 5
99 9 8
99 17 16
99 16 15
99 15 10
99 15 14
99 14 13
99 13 11
99 13 12
100 16 3
100 3 1
100 1 0
100 3 2
100 16 15
100 15 12
100 12 11
100 11 10
100 10 9
100 9 4
100 9 8
100 8 7
100 7 5
100 7 6
100 15 14
100 14 13
101 16 15
101 15 0
101 15 14
101 14 12
101 12 11
101 11 10
101 10 1
101 10 9
101 9 7
101 7 2
101 7 6
101 6 5
101 5 3
101 5 4
101 9 8
101 14 13
