1 19 17
1 17 8
1 8 0
1 8 7
1 7 4
1 4 2
1 2 1
1 4 3
1 7 6
1 6 5
1 17 16
1 16 14
1 14 13
1 13 12
1 12 11
1 11 10
1 10 9
1 16 15
1 19 18
2 16 0
2 16 15
2 15 1
2 15 14
2 14 12
2 12 11
2 11 10
2 10 9
2 9 3
2 3 2
2 9 8
2 8 5
2 5 4
2 8 7
2 7 6
2 14 13
3 14 13
3 13 0
3 13 12
3 12 3
3 3 1
3 3 2
3 12 11
3 11 10
3 10 9
3 9 4
3 9 8
3 8 6
3 6 5
3 8 7
4 14 13
4 13 6
4 6 3
4 3 2
4 2 0
4 2 1
4 6 5
4 5 4
4 13 12
4 12 9
4 9 8
4 8 7
4 12 11
4 11 10
5 14 12
5 12 3
5 3 2
5 2 1
5 1 0
5 12 11
5 11 10
5 10 9
5 9 8
5 8 7
5 7 5
5 5 4
5 7 6
5 14 13
6 15 2
6 2 0
6 2 1
6 15 14
6 14 13
6 13 11
6 11 10
6 10 9
6 9 4
6 4 3
6 9 8
6 8 5
6 8 7
6 7 6
6 13 12
7 15 14
7 14 13
7 13 11
7 11 10
7 10 1
7 1 0
7 10 9
7 9 3
7 3 2
7 9 8
7 8 6
7 6 4
7 6 5
7 8 7
7 13 12
8 15 2
8 2 1
8 1 0
8 15 14
8 14 13
8 13 3
8 13 12
8 12 5
8 5 4
8 12 11
8 11 10
8 10 8
8 8 6
8 8 7
8 10 9
9 19 3
9 3 2
9 2 1
9 1 0
9 19 18
9 18 4
9 18 17
9 17 16
9 16 13
9 13 9
9 9 5
9 9 8
9 8 6
9 8 7
9 13 12
9 12 11
9 11 10
9 16 15
9 15 14
10 15 13
10 13 12
10 12 10
10 10 8
10 8 3
10 3 1
10 1 0
10 3 2
10 8 7
10 7 6
10 6 5
10 5 4
10 10 9
10 12 11
10 15 14
11 18 0
11 18 17
11 17 2
11 2 1
11 17 16
11 16 14
11 14 5
11 5 4
11 4 3
11 14 13
11 13 12
11 12 7
11 7 6
11 12 11
11 11 8
11 11 10
11 10 9
11 16 15
12 15 9
12 9 8
12 8 6
12 6 5
12 5 2
12 2 1
12 1 0
12 5 4
12 4 3
12 8 7
12 15 14
12 14 11
12 11 10
12 14 13
12 13 12
13 16 10
13 10 1
13 1 0
13 10 9
13 9 3
13 3 2
13 9 8
13 8 4
13 8 7
13 7 6
13 6 5
13 16 15
13 15 11
13 15 14
13 14 13
13 13 12
14 16 14
14 14 13
14 13 3
14 3 1
14 1 0
14 3 2
14 13 12
14 12 10
14 10 9
14 9 7
14 7 6
14 6 4
14 6 5
14 9 8
14 12 11
14 16 15
15 18 17
15 17 15
15 15 14
15 14 9
15 9 7
15 7 4
15 4 3
15 3 1
15 1 0
15 3 2
15 7 6
15 6 5
15 9 8
15 14 13
15 13 12
15 12 10
15 12 11
15 17 16
16 15 0
16 15 14
16 14 1
16 14 13
16 13 12
16 12 11
16 11 9
16 9 8
16 8 2
16 8 7
16 7 6
16 6 5
16 5 3
16 5 4
16 11 10
17 14 2
17 2 0
17 2 1
17 14 13
17 13 12
17 12 6
17 6 5
17 5 3
17 5 4
17 12 11
17 11 10
17 10 7
17 10 9
17 9 8
18 15 9
18 9 7
18 7 6
18 6 5
18 5 1
18 1 0
18 5 4
18 4 3
18 3 2
18 9 8
18 15 14
18 14 10
18 14 13
18 13 11
18 13 12
19 16 15
19 15 0
19 15 14
19 14 13
19 13 9
19 9 6
19 6 4
19 4 1
19 4 3
19 3 2
19 6 5
19 9 8
19 8 7
19 13 12
19 12 11
19 11 10
20 16 15
20 15 0
20 15 14
20 14 1
20 14 13
20 13 2
20 13 12
20 12 6
20 6 5
20 5 3
20 5 4
20 12 11
20 11 10
20 10 8
20 8 7
20 10 9
21 19 18
21 18 16
21 16 7
21 7 6
21 6 4
21 4 0
21 4 3
21 3 2
21 2 1
21 6 5
21 16 15
21 15 9
21 9 8
21 15 14
21 14 11
21 11 10
21 14 13
21 13 12
21 18 17
22 19 17
22 17 16
22 16 3
22 3 1
22 1 0
22 3 2
22 16 15
22 15 14
22 14 10
22 10 4
22 10 9
22 9 6
22 6 5
22 9 8
22 8 7
22 14 13
22 13 11
22 13 12
22 19 18
23 15 0
23 15 14
23 14 12
23 12 11
23 11 3
23 3 2
23 2 1
23 11 10
23 10 9
23 9 8
23 8 6
23 6 5
23 5 4
23 8 7
23 14 13
24 17 12
24 12 11
24 11 0
24 11 10
24 10 9
24 9 1
24 9 8
24 8 7
24 7 6
24 6 5
24 5 2
24 5 4
24 4 3
24 17 16
24 16 15
24 15 13
24 15 14
25 17 16
25 16 15
25 15 14
25 14 13
25 13 12
25 12 10
25 10 0
25 10 9
25 9 2
25 2 1
25 9 8
25 8 3
25 8 7
25 7 5
25 5 4
25 7 6
25 12 11
26 19 1
26 1 0
26 19 18
26 18 17
26 17 10
26 10 8
26 8 7
26 7 5
26 5 3
26 3 2
26 5 4
26 7 6
26 10 9
26 17 16
26 16 13
26 13 11
26 13 12
26 16 15
26 15 14
27 18 7
27 7 6
27 6 3
27 3 0
27 3 2
27 2 1
27 6 5
27 5 4
27 18 17
27 17 16
27 16 12
27 12 11
27 11 10
27 10 8
27 10 9
27 16 15
27 15 14
27 14 13
28 15 2
28 2 1
28 1 0
28 15 14
28 14 13
28 13 12
28 12 10
28 10 3
28 10 9
28 9 4
28 9 8
28 8 6
28 6 5
28 8 7
28 12 11
29 17 1
29 1 0
29 17 16
29 16 15
29 15 3
29 3 2
29 15 14
29 14 13
29 13 6
29 6 5
29 5 4
29 13 12
29 12 11
29 11 8
29 8 7
29 11 10
29 10 9
30 19 11
30 11 9
30 9 8
30 8 7
30 7 5
30 5 4
30 4 3
30 3 1
30 1 0
30 3 2
30 7 6
30 11 10
30 19 18
30 18 17
30 17 13
30 13 12
30 17 16
30 16 14
30 16 15
31 16 0
31 16 15
31 15 6
31 6 5
31 5 3
31 3 2
31 2 1
31 5 4
31 15 14
31 14 11
31 11 9
31 9 8
31 8 7
31 11 10
31 14 13
31 13 12
32 15 3
32 3 1
32 1 0
32 3 2
32 15 14
32 14 9
32 9 5
32 5 4
32 9 8
32 8 6
32 8 7
32 14 13
32 13 12
32 12 10
32 12 11
33 19 13
33 13 12
33 12 0
33 12 11
33 11 7
33 7 2
33 2 1
33 7 6
33 6 5
33 5 3
33 5 4
33 11 10
33 10 8
33 10 9
33 19 18
33 18 17
33 17 14
33 17 16
33 16 15
34 18 0
34 18 17
34 17 2
34 2 1
34 17 16
34 16 14
34 14 13
34 13 3
34 13 12
34 12 9
34 9 8
34 8 4
34 8 7
34 7 5
34 7 6
34 12 11
34 11 10
34 16 15
35 14 13
35 13 0
35 13 12
35 12 11
35 11 1
35 11 10
35 10 9
35 9 7
35 7 6
35 6 5
35 5 4
35 4 2
35 4 3
35 9 8
36 17 15
36 15 14
36 14 8
36 8 7
36 7 6
36 6 0
36 6 5
36 5 4
36 4 2
36 2 1
36 4 3
36 14 13
36 13 12
36 12 11
36 11 9
36 11 10
36 17 16
37 14 0
37 14 13
37 13 12
37 12 7
37 7 5
37 5 3
37 3 2
37 2 1
37 5 4
37 7 6
37 12 11
37 11 10
37 10 8
37 10 9
38 19 13
38 13 12
38 12 10
38 10 9
38 9 1
38 1 0
38 9 8
38 8 7
38 7 6
38 6 3
38 3 2
38 6 5
38 5 4
38 12 11
38 19 18
38 18 15
38 15 14
38 18 17
38 17 16
39 14 13
39 13 6
39 6 2
39 2 0
39 2 1
39 6 5
39 5 3
39 5 4
39 13 12
39 12 11
39 11 9
39 9 7
39 9 8
39 11 10
40 17 8
40 8 7
40 7 5
40 5 4
40 4 3
40 3 2
40 2 0
40 2 1
40 7 6
40 17 16
40 16 15
40 15 14
40 14 13
40 13 9
40 13 12
40 12 10
40 12 11
41 15 3
41 3 0
41 3 2
41 2 1
41 15 14
41 14 13
41 13 11
41 11 9
41 9 5
41 5 4
41 9 8
41 8 6
41 8 7
41 11 10
41 13 12
42 14 12
42 12 11
42 11 10
42 10 9
42 9 8
42 8 6
42 6 1
42 1 0
42 6 5
42 5 2
42 5 4
42 4 3
42 8 7
42 14 13
43 15 13
43 13 12
43 12 11
43 11 9
43 9 3
43 3 1
43 1 0
43 3 2
43 9 8
43 8 4
43 8 7
43 7 5
43 7 6
43 11 10
43 15 14
44 17 11
44 11 3
44 3 2
44 2 0
44 2 1
44 11 10
44 10 8
44 8 6
44 6 4
44 6 5
44 8 7
44 10 9
44 17 16
44 16 12
44 16 15
44 15 14
44 14 13
45 18 14
45 14 0
45 14 13
45 13 9
45 9 8
45 8 4
45 4 3
45 3 1
45 3 2
45 8 7
45 7 6
45 6 5
45 13 12
45 12 11
45 11 10
45 18 17
45 17 16
45 16 15
46 14 7
46 7 1
46 1 0
46 7 6
46 6 5
46 5 4
46 4 3
46 3 2
46 14 13
46 13 12
46 12 11
46 11 10
46 10 9
46 9 8
47 15 13
47 13 11
47 11 10
47 10 1
47 1 0
47 10 9
47 9 3
47 3 2
47 9 8
47 8 7
47 7 6
47 6 5
47 5 4
47 13 12
47 15 14
48 14 13
48 13 12
48 12 10
48 10 9
48 9 6
48 6 0
48 6 5
48 5 4
48 4 3
48 3 1
48 3 2
48 9 8
48 8 7
48 12 11
49 18 0
49 18 17
49 17 16
49 16 1
49 16 15
49 15 2
49 15 14
49 14 13
49 13 3
49 13 12
49 12 11
49 11 10
49 10 4
49 10 9
49 9 7
49 7 6
49 6 5
49 9 8
50 14 5
50 5 0
50 5 4
50 4 3
50 3 1
50 3 2
50 14 13
50 13 7
50 7 6
50 13 12
50 12 8
50 12 11
50 11 10
50 10 9
51 17 16
51 16 2
51 2 1
51 1 0
51 16 15
51 15 3
51 15 14
51 14 4
51 14 13
51 13 12
51 12 7
51 7 6
51 6 5
51 12 11
51 11 9
51 9 8
51 11 10
52 18 17
52 17 0
52 17 16
52 16 14
52 14 13
52 13 11
52 11 10
52 10 4
52 4 3
52 3 2
52 2 1
52 10 9
52 9 6
52 6 5
52 9 8
52 8 7
52 13 12
52 16 15
53 15 14
53 14 12
53 12 11
53 11 7
53 7 5
53 5 3
53 3 1
53 1 0
53 3 2
53 5 4
53 7 6
53 11 10
53 10 9
53 9 8
53 14 13
54 15 14
54 14 1
54 1 0
54 14 13
54 13 11
54 11 2
54 11 10
54 10 3
54 10 9
54 9 7
54 7 4
54 7 6
54 6 5
54 9 8
54 13 12
55 16 0
55 16 15
55 15 2
55 2 1
55 15 14
55 14 3
55 14 13
55 13 9
55 9 7
55 7 4
55 7 6
55 6 5
55 9 8
55 13 12
55 12 11
55 11 10
56 18 17
56 17 16
56 16 2
56 2 1
56 1 0
56 16 15
56 15 11
56 11 3
56 11 10
56 10 9
56 9 4
56 9 8
56 8 7
56 7 6
56 6 5
56 15 14
56 14 12
56 14 13
57 17 1
57 1 0
57 17 16
57 16 15
57 15 3
57 3 2
57 15 14
57 14 7
57 7 4
57 7 6
57 6 5
57 14 13
57 13 11
57 11 9
57 9 8
57 11 10
57 13 12
58 14 4
58 4 1
58 1 0
58 4 3
58 3 2
58 14 13
58 13 12
58 12 10
58 10 5
58 10 9
58 9 7
58 7 6
58 9 8
58 12 11
59 16 0
59 16 15
59 15 4
59 4 3
59 3 2
59 2 1
59 15 14
59 14 13
59 13 7
59 7 6
59 6 5
59 13 12
59 12 11
59 11 10
59 10 9
59 9 8
60 16 14
60 14 9
60 9 0
60 9 8
60 8 6
60 6 3
60 3 2
60 2 1
60 6 5
60 5 4
60 8 7
60 14 13
60 13 12
60 12 10
60 12 11
60 16 15
61 18 17
61 17 16
61 16 2
61 2 0
61 2 1
61 16 15
61 15 14
61 14 12
61 12 6
61 6 3
61 6 5
61 5 4
61 12 11
61 11 9
61 9 8
61 8 7
61 11 10
61 14 13
62 19 18
62 18 17
62 17 15
62 15 1
62 1 0
62 15 14
62 14 12
62 12 11
62 11 10
62 10 9
62 9 8
62 8 7
62 7 5
62 5 4
62 4 3
62 3 2
62 7 6
62 14 13
62 17 16
63 19 18
63 18 17
63 17 15
63 15 13
63 13 12
63 12 10
63 10 0
63 10 9
63 9 1
63 9 8
63 8 6
63 6 3
63 3 2
63 6 5
63 5 4
63 8 7
63 12 11
63 15 14
63 17 16
64 14 3
64 3 1
64 1 0
64 3 2
64 14 13
64 13 4
64 13 12
64 12 11
64 11 5
64 11 10
64 10 9
64 9 6
64 9 8
64 8 7
65 19 18
65 18 17
65 17 16
65 16 15
65 15 2
65 2 0
65 2 1
65 15 14
65 14 12
65 12 11
65 11 10
65 10 9
65 9 8
65 8 7
65 7 6
65 6 5
65 5 4
65 4 3
65 14 13
66 17 0
66 17 16
66 16 15
66 15 14
66 14 13
66 13 3
66 3 1
66 3 2
66 13 12
66 12 11
66 11 6
66 6 4
66 6 5
66 11 10
66 10 9
66 9 8
66 8 7
67 18 11
67 11 10
67 10 7
67 7 0
67 7 6
67 6 5
67 5 3
67 3 1
67 3 2
67 5 4
67 10 9
67 9 8
67 18 17
67 17 16
67 16 15
67 15 12
67 15 14
67 14 13
68 14 13
68 13 12
68 12 11
68 11 10
68 10 7
68 7 6
68 6 4
68 4 2
68 2 1
68 1 0
68 4 3
68 6 5
68 10 9
68 9 8
69 19 18
69 18 17
69 17 1
69 1 0
69 17 16
69 16 13
69 13 9
69 9 8
69 8 7
69 7 6
69 6 4
69 4 2
69 4 3
69 6 5
69 13 12
69 12 10
69 12 11
69 16 15
69 15 14
70 15 14
70 14 0
70 14 13
70 13 2
70 2 1
70 13 12
70 12 10
70 10 9
70 9 8
70 8 7
70 7 6
70 6 4
70 4 3
70 6 5
70 12 11
71 17 16
71 16 15
71 15 10
71 10 9
71 9 8
71 8 0
71 8 7
71 7 1
71 7 6
71 6 5
71 5 3
71 3 2
71 5 4
71 15 14
71 14 12
71 12 11
71 14 13
72 16 13
72 13 1
72 1 0
72 13 12
72 12 11
72 11 9
72 9 8
72 8 2
72 8 7
72 7 6
72 6 5
72 5 3
72 5 4
72 11 10
72 16 15
72 15 14
73 17 0
73 17 16
73 16 15
73 15 11
73 11 10
73 10 9
73 9 7
73 7 3
73 3 1
73 3 2
73 7 6
73 6 5
73 5 4
73 9 8
73 15 14
73 14 13
73 13 12
74 17 15
74 15 14
74 14 12
74 12 11
74 11 10
74 10 3
74 3 0
74 3 2
74 2 1
74 10 9
74 9 8
74 8 5
74 5 4
74 8 7
74 7 6
74 14 13
74 17 16
75 19 0
75 19 18
75 18 6
75 6 5
75 5 3
75 3 2
75 2 1
75 5 4
75 18 17
75 17 15
75 15 13
75 13 11
75 11 7
75 11 10
75 10 8
75 10 9
75 13 12
75 15 14
75 17 16
76 19 0
76 19 18
76 18 15
76 15 14
76 14 13
76 13 12
76 12 11
76 11 10
76 10 1
76 10 9
76 9 8
76 8 7
76 7 6
76 6 2
76 6 5
76 5 3
76 5 4
76 18 17
76 17 16
77 16 15
77 15 14
77 14 0
77 14 13
77 13 5
77 5 1
77 5 4
77 4 2
77 4 3
77 13 12
77 12 11
77 11 8
77 8 7
77 7 6
77 11 10
77 10 9
78 14 13
78 13 1
78 1 0
78 13 12
78 12 9
78 9 6
78 6 4
78 4 2
78 4 3
78 6 5
78 9 8
78 8 7
78 12 11
78 11 10
79 18 16
79 16 15
79 15 12
79 12 0
79 12 11
79 11 10
79 10 7
79 7 5
79 5 1
79 5 4
79 4 3
79 3 2
79 7 6
79 10 9
79 9 8
79 15 14
79 14 13
79 18 17
80 16 14
80 14 12
80 12 11
80 11 10
80 10 1
80 1 0
80 10 9
80 9 6
80 6 5
80 5 3
80 3 2
80 5 4
80 9 8
80 8 7
80 14 13
80 16 15
81 15 10
81 10 9
81 9 8
81 8 2
81 2 1
81 1 0
81 8 7
81 7 6
81 6 5
81 5 3
81 5 4
81 15 14
81 14 11
81 14 13
81 13 12
82 14 8
82 8 7
82 7 1
82 1 0
82 7 6
82 6 5
82 5 3
82 3 2
82 5 4
82 14 13
82 13 9
82 13 12
82 12 11
82 11 10
83 15 13
83 13 0
83 13 12
83 12 11
83 11 9
83 9 8
83 8 7
83 7 1
83 7 6
83 6 5
83 5 3
83 3 2
83 5 4
83 11 10
83 15 14
84 19 2
84 2 1
84 1 0
84 19 18
84 18 17
84 17 12
84 12 3
84 12 11
84 11 9
84 9 8
84 8 7
84 7 6
84 6 4
84 6 5
84 11 10
84 17 16
84 16 15
84 15 13
84 15 14
85 19 18
85 18 8
85 8 7
85 7 2
85 2 0
85 2 1
85 7 6
85 6 5
85 5 4
85 4 3
85 18 17
85 17 9
85 17 16
85 16 15
85 15 13
85 13 10
85 13 12
85 12 11
85 15 14
86 19 0
86 19 18
86 18 4
86 4 3
86 3 1
86 3 2
86 18 17
86 17 16
86 16 14
86 14 8
86 8 5
86 8 7
86 7 6
86 14 13
86 13 12
86 12 10
86 10 9
86 12 11
86 16 15
87 19 18
87 18 9
87 9 8
87 8 1
87 1 0
87 8 7
87 7 6
87 6 5
87 5 4
87 4 2
87 4 3
87 18 17
87 17 10
87 17 16
87 16 15
87 15 13
87 13 11
87 13 12
87 15 14
88 16 15
88 15 7
88 7 1
88 1 0
88 7 6
88 6 2
88 6 5
88 5 4
88 4 3
88 15 14
88 14 8
88 14 13
88 13 11
88 11 9
88 11 10
88 13 12
89 16 0
89 16 15
89 15 14
89 14 1
89 14 13
89 13 12
89 12 11
89 11 9
89 9 3
89 3 2
89 9 8
89 8 7
89 7 4
89 7 6
89 6 5
89 11 10
90 16 1
90 1 0
90 16 15
90 15 13
90 13 12
90 12 2
90 12 11
90 11 10
90 10 8
90 8 7
90 7 6
90 6 3
90 6 5
90 5 4
90 10 9
90 15 14
91 19 18
91 18 4
91 4 1
91 1 0
91 4 3
91 3 2
91 18 17
91 17 15
91 15 12
91 12 5
91 12 11
91 11 10
91 10 9
91 9 8
91 8 7
91 7 6
91 15 14
91 14 13
91 17 16
92 18 17
92 17 10
92 10 0
92 10 9
92 9 2
92 2 1
92 9 8
92 8 6
92 6 5
92 5 4
92 4 3
92 8 7
92 17 16
92 16 13
92 13 12
92 12 11
92 16 15
92 15 14
93 15 14
93 14 13
93 13 3
93 3 2
93 2 0
93 2 1
93 13 12
93 12 10
93 10 4
93 10 9
93 9 5
93 9 8
93 8 7
93 7 6
93 12 11
94 16 15
94 15 13
94 13 12
94 12 0
94 12 11
94 11 8
94 8 7
94 7 6
94 6 5
94 5 4
94 4 3
94 3 2
94 2 1
94 11 10
94 10 9
94 15 14
95 14 13
95 13 11
95 11 10
95 10 9
95 9 8
95 8 3
95 3 2
95 2 0
95 2 1
95 8 7
95 7 5
95 5 4
95 7 6
95 13 12
96 15 14
96 14 0
96 14 13
96 13 10
96 10 7
96 7 2
96 2 1
96 7 6
96 6 5
96 5 4
96 4 3
96 10 9
96 9 8
96 13 12
96 12 11
97 17 0
97 17 16
97 16 9
97 9 1
97 9 8
97 8 6
97 6 4
97 4 2
97 4 3
97 6 5
97 8 7
97 16 15
97 15 14
97 14 12
97 12 11
97 11 10
97 14 13
98 19 3
98 3 2
98 2 0
98 2 1
98 19 18
98 18 17
98 17 4
98 17 16
98 16 11
98 11 10
98 10 8
98 8 6
98 6 5
98 8 7
98 10 9
98 16 15
98 15 14
98 14 12
98 14 13
99 15 14
99 14 13
99 13 12
99 12 1
99 1 0
99 12 11
99 11 2
99 11 10
99 10 7
99 7 6
99 6 3
99 6 5
99 5 4
99 10 9
99 9 8
100 14 12
100 12 4
100 4 2
100 2 1
100 1 0
100 4 3
100 12 11
100 11 10
100 10 9
100 9 5
100 9 8
100 8 6
100 8 7
100 14 13
101 14 8
101 8 7
101 7 5
101 5 1
101 1 0
101 5 4
101 4 2
101 4 3
101 7 6
101 14 13
101 13 11
101 11 9
101 11 10
101 13 12
