1 16 13
1 13 2
1 2 0
1 2 1
1 13 12
1 12 9
1 9 8
1 8 7
1 7 5
1 5 3
1 5 4
1 7 6
1 12 11
1 11 10
1 16 15
1 15 14
2 17 0
2 17 16
2 16 9
2 9 7
2 7 2
2 2 1
2 7 6
2 6 3
2 6 5
2 5 4
2 9 8
2 16 15
2 15 11
2 11 10
2 15 14
2 14 13
2 13 12
3 16 9
3 9 8
3 8 7
3 7 0
3 7 6
3 6 4
3 4 3
3 3 1
3 3 2
3 6 5
3 16 15
3 15 14
3 14 12
3 12 11
3 11 10
3 14 13
4 14 12
4 12 9
4 9 0
4 9 8
4 8 7
4 7 6
4 6 5
4 5 4
4 4 1
4 4 3
4 3 2
4 12 11
4 11 10
4 14 13
5 16 12
5 12 7
5 7 5
5 5 4
5 4 3
5 3 0
5 3 2
5 2 1
5 7 6
5 12 11
5 11 10
5 10 8
5 10 9
5 16 15
5 15 14
5 14 13
6 17 16
6 16 15
6 15 7
6 7 0
6 7 6
6 6 4
6 4 3
6 3 1
6 3 2
6 6 5
6 15 14
6 14 13
6 13 8
6 13 12
6 12 9
6 12 11
6 11 10
7 19 18
7 18 9
7 9 0
7 9 8
7 8 6
7 6 1
7 6 5
7 5 3
7 3 2
7 5 4
7 8 7
7 18 17
7 17 14
7 14 12
7 12 10
7 12 11
7 14 13
7 17 16
7 16 15
8 17 0
8 17 16
8 16 13
8 13 9
8 9 8
8 8 6
8 6 3
8 3 1
8 3 2
8 6 5
8 5 4
8 8 7
8 13 12
8 12 10
8 12 11
8 16 15
8 15 14
9 14 0
9 14 13
9 13 7
9 7 3
9 3 2
9 2 1
9 7 6
9 6 4
9 6 5
9 13 12
9 12 10
9 10 8
9 10 9
9 12 11
10 18 17
10 17 0
10 17 16
10 16 15
10 15 14
10 14 13
10 13 1
10 13 12
10 12 11
10 11 10
10 10 4
10 4 2
10 4 3
10 10 9
10 9 8
10 8 7
10 7 5
10 7 6
11 19 3
11 3 2
11 2 0
11 2 1
11 19 18
11 18 4
11 18 17
11 17 16
11 16 15
11 15 10
11 10 8
11 8 7
11 7 6
11 6 5
11 10 9
11 15 14
11 14 12
11 12 11
11 14 13
12 16 1
12 1 0
12 16 15
12 15 3
12 3 2
12 15 14
12 14 8
12 8 6
12 6 5
12 5 4
12 8 7
12 14 13
12 13 11
12 11 9
12 11 10
12 13 12
13 19 18
13 18 5
13 5 4
13 4 2
13 2 1
13 1 0
13 4 3
13 18 17
13 17 16
13 16 14
13 14 11
13 11 7
13 7 6
13 11 10
13 10 9
13 9 8
13 14 13
13 13 12
13 16 15
14 17 15
14 15 13
14 13 8
14 8 0
14 8 7
14 7 6
14 6 5
14 5 2
14 2 1
14 5 4
14 4 3
14 13 12
14 12 9
14 12 11
14 11 10
14 15 14
14 17 16
15 15 0
15 15 14
15 14 13
15 13 4
15 4 2
15 2 1
15 4 3
15 13 12
15 12 11
15 11 10
15 10 6
15 6 5
15 10 9
15 9 8
15 8 7
16 14 13
16 13 2
16 2 0
16 2 1
16 13 12
16 12 3
16 12 11
16 11 8
16 8 4
16 8 7
16 7 5
16 7 6
16 11 10
16 10 9
17 15 0
17 15 14
17 14 5
17 5 4
17 4 3
17 3 1
17 3 2
17 14 13
17 13 6
17 13 12
17 12 10
17 10 7
17 10 9
17 9 8
17 12 11
18 14 1
18 1 0
18 14 13
18 13 12
18 12 8
18 8 6
18 6 4
18 4 2
18 4 3
18 6 5
18 8 7
18 12 11
18 11 9
18 11 10
19 18 17
19 17 15
19 15 11
19 11 2
19 2 0
19 2 1
19 11 10
19 10 5
19 5 3
19 5 4
19 10 9
19 9 6
19 9 8
19 8 7
19 15 14
19 14 13
19 13 12
19 17 16
20 16 14
20 14 12
20 12 3
20 3 2
20 2 0
20 2 1
20 12 11
20 11 10
20 10 9
20 9 8
20 8 5
20 5 4
20 8 7
20 7 6
20 14 13
20 16 15
21 19 3
21 3 2
21 2 1
21 1 0
21 19 18
21 18 4
21 18 17
21 17 6
21 6 5
21 17 16
21 16 12
21 12 8
21 8 7
21 12 11
21 11 10
21 10 9
21 16 15
21 15 13
21 15 14
22 14 13
22 13 0
22 13 12
22 12 4
22 4 3
22 3 2
22 2 1
22 12 11
22 11 10
22 10 9
22 9 8
22 8 5
22 8 7
22 7 6
23 17 6
23 6 5
23 5 0
23 5 4
23 4 3
23 3 1
23 3 2
23 17 16
23 16 15
23 15 12
23 12 11
23 11 8
23 8 7
23 11 10
23 10 9
23 15 14
23 14 13
24 15 14
24 14 0
24 14 13
24 13 12
24 12 11
24 11 10
24 10 9
24 9 1
24 9 8
24 8 7
24 7 3
24 3 2
24 7 6
24 6 4
24 6 5
25 19 18
25 18 17
25 17 16
25 16 4
25 4 3
25 3 1
25 1 0
25 3 2
25 16 15
25 15 12
25 12 11
25 11 10
25 10 9
25 9 7
25 7 5
25 7 6
25 9 8
25 15 14
25 14 13
26 15 3
26 3 0
26 3 2
26 2 1
26 15 14
26 14 4
26 14 13
26 13 12
26 12 10
26 10 9
26 9 8
26 8 7
26 7 6
26 6 5
26 12 11
27 18 17
27 17 0
27 17 16
27 16 15
27 15 1
27 15 14
27 14 13
27 13 11
27 11 2
27 11 10
27 10 9
27 9 8
27 8 6
27 6 5
27 5 4
27 4 3
27 8 7
27 13 12
28 17 16
28 16 14
28 14 0
28 14 13
28 13 11
28 11 10
28 10 5
28 5 1
28 5 4
28 4 2
28 4 3
28 10 9
28 9 8
28 8 6
28 8 7
28 13 12
28 16 15
29 14 2
29 2 0
29 2 1
29 14 13
29 13 12
29 12 11
29 11 10
29 10 5
29 5 4
29 4 3
29 10 9
29 9 7
29 7 6
29 9 8
30 18 0
30 18 17
30 17 16
30 16 1
30 16 15
30 15 2
30 15 14
30 14 5
30 5 3
30 5 4
30 14 13
30 13 12
30 12 11
30 11 7
30 7 6
30 11 10
30 10 8
30 10 9
31 18 0
31 18 17
31 17 4
31 4 3
31 3 1
31 3 2
31 17 16
31 16 15
31 15 7
31 7 6
31 6 5
31 15 14
31 14 13
31 13 12
31 12 11
31 11 8
31 11 10
31 10 9
32 16 15
32 15 14
32 14 13
32 13 12
32 12 11
32 11 10
32 10 0
32 10 9
32 9 7
32 7 4
32 4 1
32 4 3
32 3 2
32 7 6
32 6 5
32 9 8
33 17 16
33 16 0
33 16 15
33 15 1
33 15 14
33 14 13
33 13 2
33 13 12
33 12 10
33 10 3
33 10 9
33 9 5
33 5 4
33 9 8
33 8 6
33 8 7
33 12 11
34 15 10
34 10 5
34 5 0
34 5 4
34 4 2
34 2 1
34 4 3
34 10 9
34 9 8
34 8 6
34 8 7
34 15 14
34 14 11
34 14 13
34 13 12
35 16 15
35 15 5
35 5 1
35 1 0
35 5 4
35 4 2
35 4 3
35 15 14
35 14 10
35 10 9
35 9 8
35 8 6
35 8 7
35 14 13
35 13 12
35 12 11
36 17 11
36 11 10
36 10 0
36 10 9
36 9 5
36 5 3
36 3 2
36 2 1
36 5 4
36 9 8
36 8 7
36 7 6
36 17 16
36 16 15
36 15 14
36 14 13
36 13 12
37 14 6
37 6 3
37 3 2
37 2 1
37 1 0
37 6 5
37 5 4
37 14 13
37 13 12
37 12 8
37 8 7
37 12 11
37 11 9
37 11 10
38 16 15
38 15 14
38 14 1
38 1 0
38 14 13
38 13 4
38 4 3
38 3 2
38 13 12
38 12 10
38 10 9
38 9 8
38 8 7
38 7 6
38 6 5
38 12 11
39 17 13
39 13 12
39 12 10
39 10 8
39 8 7
39 7 0
39 7 6
39 6 5
39 5 4
39 4 3
39 3 2
39 2 1
39 10 9
39 12 11
39 17 16
39 16 14
39 16 15
40 16 3
40 3 2
40 2 0
40 2 1
40 16 15
40 15 9
40 9 6
40 6 4
40 6 5
40 9 8
40 8 7
40 15 14
40 14 13
40 13 12
40 12 10
40 12 11
41 16 14
41 14 13
41 13 11
41 11 0
41 11 10
41 10 9
41 9 4
41 4 1
41 4 3
41 3 2
41 9 8
41 8 6
41 6 5
41 8 7
41 13 12
41 16 15
42 18 11
42 11 10
42 10 9
42 9 8
42 8 5
42 5 3
42 3 1
42 1 0
42 3 2
42 5 4
42 8 7
42 7 6
42 18 17
42 17 15
42 15 14
42 14 13
42 13 12
42 17 16
43 14 11
43 11 10
43 10 9
43 9 8
43 8 6
43 6 5
43 5 4
43 4 3
43 3 1
43 1 0
43 3 2
43 8 7
43 14 13
43 13 12
44 17 14
44 14 11
44 11 5
44 5 3
44 3 2
44 2 0
44 2 1
44 5 4
44 11 10
44 10 8
44 8 7
44 7 6
44 10 9
44 14 13
44 13 12
44 17 16
44 16 15
45 16 10
45 10 9
45 9 8
45 8 0
45 8 7
45 7 2
45 2 1
45 7 6
45 6 3
45 6 5
45 5 4
45 16 15
45 15 11
45 15 14
45 14 12
45 14 13
46 14 10
46 10 9
46 9 5
46 5 2
46 2 0
46 2 1
46 5 4
46 4 3
46 9 8
46 8 6
46 8 7
46 14 13
46 13 12
46 12 11
47 16 15
47 15 13
47 13 3
47 3 2
47 2 0
47 2 1
47 13 12
47 12 10
47 10 9
47 9 8
47 8 6
47 6 5
47 5 4
47 8 7
47 12 11
47 15 14
48 18 17
48 17 16
48 16 15
48 15 13
48 13 0
48 13 12
48 12 11
48 11 9
48 9 5
48 5 4
48 4 3
48 3 2
48 2 1
48 9 8
48 8 6
48 8 7
48 11 10
48 15 14
49 18 17
49 17 16
49 16 12
49 12 11
49 11 0
49 11 10
49 10 7
49 7 2
49 2 1
49 7 6
49 6 4
49 4 3
49 6 5
49 10 9
49 9 8
49 16 15
49 15 14
49 14 13
50 17 9
50 9 8
50 8 0
50 8 7
50 7 5
50 5 4
50 4 2
50 2 1
50 4 3
50 7 6
50 17 16
50 16 13
50 13 12
50 12 11
50 11 10
50 16 15
50 15 14
51 18 16
51 16 1
51 1 0
51 16 15
51 15 14
51 14 13
51 13 12
51 12 10
51 10 9
51 9 2
51 9 8
51 8 6
51 6 5
51 5 3
51 5 4
51 8 7
51 12 11
51 18 17
52 15 11
52 11 0
52 11 10
52 10 9
52 9 1
52 9 8
52 8 7
52 7 6
52 6 5
52 5 4
52 4 2
52 4 3
52 15 14
52 14 12
52 14 13
53 18 16
53 16 15
53 15 14
53 14 2
53 2 1
53 1 0
53 14 13
53 13 4
53 4 3
53 13 12
53 12 11
53 11 5
53 11 10
53 10 6
53 10 9
53 9 7
53 9 8
53 18 17
54 18 17
54 17 15
54 15 14
54 14 0
54 14 13
54 13 11
54 11 6
54 6 5
54 5 3
54 3 2
54 2 1
54 5 4
54 11 10
54 10 7
54 10 9
54 9 8
54 13 12
54 17 16
55 15 13
55 13 12
55 12 11
55 11 10
55 10 0
55 10 9
55 9 8
55 8 6
55 6 4
55 4 2
55 2 1
55 4 3
55 6 5
55 8 7
55 15 14
56 18 17
56 17 1
56 1 0
56 17 16
56 16 15
56 15 14
56 14 13
56 13 12
56 12 8
56 8 2
56 8 7
56 7 6
56 6 5
56 5 4
56 4 3
56 12 11
56 11 10
56 10 9
57 19 15
57 15 2
57 2 1
57 1 0
57 15 14
57 14 4
57 4 3
57 14 13
57 13 11
57 11 5
57 11 10
57 10 6
57 10 9
57 9 8
57 8 7
57 13 12
57 19 18
57 18 17
57 17 16
58 14 13
58 13 2
58 2 0
58 2 1
58 13 12
58 12 3
58 12 11
58 11 6
58 6 5
58 5 4
58 11 10
58 10 9
58 9 7
58 9 8
59 14 12
59 12 6
59 6 4
59 4 0
59 4 3
59 3 1
59 3 2
59 6 5
59 12 11
59 11 10
59 10 9
59 9 7
59 9 8
59 14 13
60 17 1
60 1 0
60 17 16
60 16 3
60 3 2
60 16 15
60 15 9
60 9 8
60 8 7
60 7 6
60 6 5
60 5 4
60 15 14
60 14 10
60 14 13
60 13 11
60 13 12
61 15 3
61 3 0
61 3 2
61 2 1
61 15 14
61 14 12
61 12 4
61 12 11
61 11 10
61 10 9
61 9 8
61 8 5
61 8 7
61 7 6
61 14 13
62 14 13
62 13 11
62 11 8
62 8 7
62 7 0
62 7 6
62 6 5
62 5 4
62 4 3
62 3 1
62 3 2
62 11 10
62 10 9
62 13 12
63 16 15
63 15 7
63 7 2
63 2 0
63 2 1
63 7 6
63 6 4
63 4 3
63 6 5
63 15 14
63 14 12
63 12 11
63 11 10
63 10 8
63 10 9
63 14 13
64 16 13
64 13 0
64 13 12
64 12 6
64 6 1
64 6 5
64 5 4
64 4 2
64 4 3
64 12 11
64 11 8
64 8 7
64 11 10
64 10 9
64 16 15
64 15 14
65 14 13
65 13 3
65 3 2
65 2 1
65 1 0
65 13 12
65 12 11
65 11 5
65 5 4
65 11 10
65 10 9
65 9 6
65 9 8
65 8 7
66 15 0
66 15 14
66 14 4
66 4 1
66 4 3
66 3 2
66 14 13
66 13 5
66 13 12
66 12 11
66 11 10
66 10 8
66 8 7
66 7 6
66 10 9
67 16 3
67 3 0
67 3 2
67 2 1
67 16 15
67 15 13
67 13 9
67 9 8
67 8 6
67 6 5
67 5 4
67 8 7
67 13 12
67 12 10
67 12 11
67 15 14
68 17 16
68 16 5
68 5 1
68 1 0
68 5 4
68 4 3
68 3 2
68 16 15
68 15 14
68 14 9
68 9 6
68 9 8
68 8 7
68 14 13
68 13 12
68 12 10
68 12 11
69 15 0
69 15 14
69 14 12
69 12 1
69 12 11
69 11 3
69 3 2
69 11 10
69 10 4
69 10 9
69 9 8
69 8 7
69 7 5
69 7 6
69 14 13
70 14 13
70 13 12
70 12 1
70 1 0
70 12 11
70 11 3
70 3 2
70 11 10
70 10 9
70 9 8
70 8 5
70 5 4
70 8 7
70 7 6
71 16 7
71 7 2
71 2 1
71 1 0
71 7 6
71 6 3
71 6 5
71 5 4
71 16 15
71 15 8
71 15 14
71 14 13
71 13 11
71 11 10
71 10 9
71 13 12
72 15 9
72 9 2
72 2 0
72 2 1
72 9 8
72 8 3
72 8 7
72 7 5
72 5 4
72 7 6
72 15 14
72 14 12
72 12 11
72 11 10
72 14 13
73 18 14
73 14 0
73 14 13
73 13 1
73 13 12
73 12 9
73 9 7
73 7 6
73 6 5
73 5 4
73 4 3
73 3 2
73 9 8
73 12 11
73 11 10
73 18 17
73 17 16
73 16 15
74 14 12
74 12 11
74 11 5
74 5 4
74 4 3
74 3 2
74 2 1
74 1 0
74 11 10
74 10 9
74 9 7
74 7 6
74 9 8
74 14 13
75 15 14
75 14 13
75 13 12
75 12 9
75 9 8
75 8 6
75 6 5
75 5 2
75 2 1
75 1 0
75 5 4
75 4 3
75 8 7
75 12 11
75 11 10
76 15 14
76 14 13
76 13 5
76 5 3
76 3 2
76 2 0
76 2 1
76 5 4
76 13 12
76 12 11
76 11 10
76 10 7
76 7 6
76 10 9
76 9 8
77 19 18
77 18 17
77 17 2
77 2 1
77 1 0
77 17 16
77 16 11
77 11 3
77 11 10
77 10 9
77 9 8
77 8 7
77 7 4
77 7 6
77 6 5
77 16 15
77 15 14
77 14 13
77 13 12
78 15 8
78 8 7
78 7 2
78 2 0
78 2 1
78 7 6
78 6 5
78 5 3
78 5 4
78 15 14
78 14 10
78 10 9
78 14 13
78 13 12
78 12 11
79 15 8
79 8 7
79 7 6
79 6 3
79 3 1
79 1 0
79 3 2
79 6 5
79 5 4
79 15 14
79 14 11
79 11 9
79 11 10
79 14 13
79 13 12
80 17 16
80 16 15
80 15 14
80 14 0
80 14 13
80 13 3
80 3 2
80 2 1
80 13 12
80 12 4
80 12 11
80 11 9
80 9 8
80 8 7
80 7 6
80 6 5
80 11 10
81 19 17
81 17 16
81 16 14
81 14 13
81 13 12
81 12 11
81 11 10
81 10 0
81 10 9
81 9 3
81 3 1
81 3 2
81 9 8
81 8 7
81 7 4
81 7 6
81 6 5
81 16 15
81 19 18
82 17 16
82 16 0
82 16 15
82 15 14
82 14 10
82 10 8
82 8 7
82 7 1
82 7 6
82 6 5
82 5 4
82 4 2
82 4 3
82 10 9
82 14 13
82 13 12
82 12 11
83 14 7
83 7 1
83 1 0
83 7 6
83 6 4
83 4 2
83 4 3
83 6 5
83 14 13
83 13 12
83 12 8
83 12 11
83 11 10
83 10 9
84 16 15
84 15 0
84 15 14
84 14 10
84 10 9
84 9 3
84 3 1
84 3 2
84 9 8
84 8 7
84 7 5
84 5 4
84 7 6
84 14 13
84 13 11
84 13 12
85 19 18
85 18 17
85 17 16
85 16 15
85 15 0
85 15 14
85 14 13
85 13 10
85 10 1
85 10 9
85 9 7
85 7 6
85 6 2
85 6 5
85 5 3
85 5 4
85 9 8
85 13 12
85 12 11
86 17 16
86 16 15
86 15 0
86 15 14
86 14 13
86 13 1
86 13 12
86 12 11
86 11 2
86 11 10
86 10 8
86 8 6
86 6 5
86 5 4
86 4 3
86 8 7
86 10 9
87 17 16
87 16 10
87 10 9
87 9 8
87 8 3
87 3 0
87 3 2
87 2 1
87 8 7
87 7 6
87 6 5
87 5 4
87 16 15
87 15 14
87 14 13
87 13 12
87 12 11
88 19 17
88 17 16
88 16 14
88 14 13
88 13 12
88 12 6
88 6 5
88 5 2
88 2 1
88 1 0
88 5 4
88 4 3
88 12 11
88 11 10
88 10 9
88 9 7
88 9 8
88 16 15
88 19 18
89 16 14
89 14 13
89 13 0
89 13 12
89 12 2
89 2 1
89 12 11
89 11 10
89 10 8
89 8 6
89 6 5
89 5 4
89 4 3
89 8 7
89 10 9
89 16 15
90 19 0
90 19 18
90 18 15
90 15 1
90 15 14
90 14 13
90 13 9
90 9 3
90 3 2
90 9 8
90 8 7
90 7 4
90 7 6
90 6 5
90 13 12
90 12 10
90 12 11
90 18 17
90 17 16
91 19 0
91 19 18
91 18 13
91 13 11
91 11 10
91 10 3
91 3 2
91 2 1
91 10 9
91 9 8
91 8 5
91 5 4
91 8 7
91 7 6
91 13 12
91 18 17
91 17 16
91 16 15
91 15 14
92 17 0
92 17 16
92 16 15
92 15 1
92 15 14
92 14 12
92 12 11
92 11 10
92 10 5
92 5 2
92 5 4
92 4 3
92 10 9
92 9 8
92 8 6
92 8 7
92 14 13
93 18 14
93 14 13
93 13 1
93 1 0
93 13 12
93 12 11
93 11 8
93 8 2
93 8 7
93 7 4
93 4 3
93 7 6
93 6 5
93 11 10
93 10 9
93 18 17
93 17 15
93 17 16
94 17 3
94 3 0
94 3 2
94 2 1
94 17 16
94 16 15
94 15 14
94 14 13
94 13 12
94 12 11
94 11 6
94 6 5
94 5 4
94 11 10
94 10 7
94 10 9
94 9 8
95 17 9
95 9 0
95 9 8
95 8 7
95 7 5
95 5 3
95 3 2
95 2 1
95 5 4
95 7 6
95 17 16
95 16 15
95 15 10
95 15 14
95 14 12
95 12 11
95 14 13
96 19 18
96 18 17
96 17 16
96 16 6
96 6 5
96 5 3
96 3 1
96 1 0
96 3 2
96 5 4
96 16 15
96 15 13
96 13 12
96 12 11
96 11 7
96 11 10
96 10 9
96 9 8
96 15 14
97 18 0
97 18 17
97 17 14
97 14 13
97 13 4
97 4 1
97 4 3
97 3 2
97 13 12
97 12 6
97 6 5
97 12 11
97 11 10
97 10 9
97 9 8
97 8 7
97 17 16
97 16 15
98 15 2
98 2 0
98 2 1
98 15 14
98 14 13
98 13 8
98 8 3
98 8 7
98 7 6
98 6 5
98 5 4
98 13 12
98 12 9
98 12 11
98 11 10
99 19 1
99 1 0
99 19 18
99 18 16
99 16 5
99 5 4
99 4 3
99 3 2
99 16 15
99 15 13
99 13 12
99 12 8
99 8 7
99 7 6
99 12 11
99 11 9
99 11 10
99 15 14
99 18 17
100 15 13
100 13 10
100 10 9
100 9 8
100 8 2
100 2 1
100 1 0
100 8 7
100 7 6
100 6 5
100 5 4
100 4 3
100 13 12
100 12 11
100 15 14
101 15 14
101 14 13
101 13 2
101 2 0
101 2 1
101 13 12
101 12 10
101 10 9
101 9 8
101 8 7
101 7 4
101 4 3
101 7 6
101 6 5
101 12 11
