1 15 13
1 13 1
1 1 0
1 13 12
1 12 11
1 11 3
1 3 2
1 11 10
1 10 6
1 6 5
1 5 4
1 10 9
1 9 7
1 9 8
1 15 14
2 14 13
2 13 9
2 9 0
2 9 8
2 8 1
2 8 7
2 7 6
2 6 4
2 4 3
2 3 2
2 6 5
2 13 12
2 12 10
2 12 11
3 14 11
3 11 10
3 10 9
3 9 2
3 2 1
3 1 0
3 9 8
3 8 7
3 7 5
3 5 3
3 5 4
3 7 6
3 14 13
3 13 12
4 16 7
4 7 6
4 6 5
4 5 4
4 4 2
4 2 1
4 1 0
4 4 3
4 16 15
4 15 13
4 13 11
4 11 10
4 10 9
4 9 8
4 13 12
4 15 14
5 19 1
5 1 0
5 19 18
5 18 17
5 17 16
5 16 7
5 7 3
5 3 2
5 7 6
5 6 5
5 5 4
5 16 15
5 15 12
5 12 8
5 12 11
5 11 9
5 11 10
5 15 14
5 14 13
6 16 0
6 16 15
6 15 14
6 14 9
6 9 4
6 4 2
6 2 1
6 4 3
6 9 8
6 8 7
6 7 6
6 6 5
6 14 13
6 13 10
6 13 12
6 12 11
7 15 5
7 5 4
7 4 3
7 3 1
7 1 0
7 3 2
7 15 14
7 14 13
7 13 12
7 12 6
7 12 11
7 11 7
7 11 10
7 10 9
7 9 8
8 19 0
8 19 18
8 18 1
8 18 17
8 17 15
8 15 14
8 14 13
8 13 10
8 10 2
8 10 9
8 9 7
8 7 4
8 4 3
8 7 6
8 6 5
8 9 8
8 13 12
8 12 11
8 17 16
9 15 7
9 7 6
9 6 0
9 6 5
9 5 3
9 3 1
9 3 2
9 5 4
9 15 14
9 14 13
9 13 11
9 11 9
9 9 8
9 11 10
9 13 12
10 16 4
10 4 3
10 3 1
10 1 0
10 3 2
10 16 15
10 15 7
10 7 5
10 7 6
10 15 14
10 14 10
10 10 8
10 10 9
10 14 13
10 13 12
10 12 11
11 16 5
11 5 4
11 4 1
11 1 0
11 4 3
11 3 2
11 16 15
11 15 6
11 15 14
11 14 7
11 14 13
11 13 12
11 12 10
11 10 9
11 9 8
11 12 11
12 17 16
12 16 2
12 2 1
12 1 0
12 16 15
12 15 13
12 13 9
12 9 8
12 8 6
12 6 3
12 6 5
12 5 4
12 8 7
12 13 12
12 12 11
12 11 10
12 15 14
13 14 5
13 5 1
13 1 0
13 5 4
13 4 3
13 3 2
13 14 13
13 13 6
13 13 12
13 12 10
13 10 9
13 9 7
13 9 8
13 12 11
14 18 2
14 2 1
14 1 0
14 18 17
14 17 4
14 4 3
14 17 16
14 16 13
14 13 12
14 12 9
14 9 5
14 9 8
14 8 7
14 7 6
14 12 11
14 11 10
14 16 15
14 15 14
15 17 16
15 16 11
15 11 9
15 9 0
15 9 8
15 8 7
15 7 6
15 6 4
15 4 2
15 2 1
15 4 3
15 6 5
15 11 10
15 16 15
15 15 14
15 14 13
15 13 12
16 15 14
16 14 6
16 6 1
16 1 0
16 6 5
16 5 2
16 5 4
16 4 3
16 14 13
16 13 12
16 12 8
16 8 7
16 12 11
16 11 9
16 11 10
17 14 0
17 14 13
17 13 12
17 12 1
17 12 11
17 11 4
17 4 3
17 3 2
17 11 10
17 10 9
17 9 5
17 9 8
17 8 6
17 8 7
18 16 15
18 15 14
18 14 0
18 14 13
18 13 1
18 13 12
18 12 11
18 11 9
18 9 7
18 7 6
18 6 5
18 5 4
18 4 3
18 3 2
18 9 8
18 11 10
19 19 1
19 1 0
19 19 18
19 18 17
19 17 11
19 11 2
19 11 10
19 10 8
19 8 4
19 4 3
19 8 7
19 7 5
19 7 6
19 10 9
19 17 16
19 16 12
19 16 15
19 15 14
19 14 13
20 19 17
20 17 16
20 16 15
20 15 0
20 15 14
20 14 11
20 11 1
20 11 10
20 10 8
20 8 5
20 5 2
20 5 4
20 4 3
20 8 7
20 7 6
20 10 9
20 14 13
20 13 12
20 19 18
21 16 15
21 15 0
21 15 14
21 14 1
21 14 13
21 13 10
21 10 9
21 9 8
21 8 4
21 4 2
21 4 3
21 8 7
21 7 6
21 6 5
21 13 12
21 12 11
22 19 14
22 14 1
22 1 0
22 14 13
22 13 10
22 10 9
22 9 2
22 9 8
22 8 4
22 4 3
22 8 7
22 7 6
22 6 5
22 13 12
22 12 11
22 19 18
22 18 17
22 17 16
22 16 15
23 18 0
23 18 17
23 17 14
23 14 3
23 3 1
23 3 2
23 14 13
23 13 6
23 6 5
23 5 4
23 13 12
23 12 11
23 11 9
23 9 8
23 8 7
23 11 10
23 17 16
23 16 15
24 14 0
24 14 13
24 13 8
24 8 7
24 7 3
24 3 1
24 3 2
24 7 6
24 6 4
24 6 5
24 13 12
24 12 11
24 11 9
24 11 10
25 17 3
25 3 0
25 3 2
25 2 1
25 17 16
25 16 14
25 14 12
25 12 10
25 10 8
25 8 5
25 5 4
25 8 7
25 7 6
25 10 9
25 12 11
25 14 13
25 16 15
26 14 13
26 13 12
26 12 1
26 1 0
26 12 11
26 11 3
26 3 2
26 11 10
26 10 9
26 9 8
26 8 6
26 6 4
26 6 5
26 8 7
27 14 13
27 13 12
27 12 11
27 11 10
27 10 0
27 10 9
27 9 8
27 8 7
27 7 1
27 7 6
27 6 4
27 4 3
27 3 2
27 6 5
28 14 13
28 13 2
28 2 1
28 1 0
28 13 12
28 12 11
28 11 3
28 11 10
28 10 8
28 8 5
28 5 4
28 8 7
28 7 6
28 10 9
29 15 14
29 14 13
29 13 2
29 2 0
29 2 1
29 13 12
29 12 4
29 4 3
29 12 11
29 11 7
29 7 5
29 7 6
29 11 10
29 10 9
29 9 8
30 15 10
30 10 9
30 9 8
30 8 7
30 7 4
30 4 0
30 4 3
30 3 1
30 3 2
30 7 6
30 6 5
30 15 14
30 14 11
30 14 13
30 13 12
31 18 16
31 16 3
31 3 1
31 1 0
31 3 2
31 16 15
31 15 14
31 14 4
31 14 13
31 13 11
31 11 9
31 9 8
31 8 7
31 7 5
31 7 6
31 11 10
31 13 12
31 18 17
32 15 13
32 13 3
32 3 2
32 2 1
32 1 0
32 13 12
32 12 10
32 10 9
32 9 8
32 8 4
32 8 7
32 7 5
32 7 6
32 12 11
32 15 14
33 19 18
33 18 11
33 11 10
33 10 9
33 9 7
33 7 6
33 6 5
33 5 4
33 4 3
33 3 2
33 2 1
33 1 0
33 9 8
33 18 17
33 17 15
33 15 14
33 14 13
33 13 12
33 17 16
34 18 13
34 13 11
34 11 10
34 10 8
34 8 1
34 1 0
34 8 7
34 7 2
34 7 6
34 6 3
34 6 5
34 5 4
34 10 9
34 13 12
34 18 17
34 17 16
34 16 15
34 15 14
35 15 13
35 13 12
35 12 3
35 3 2
35 2 0
35 2 1
35 12 11
35 11 5
35 5 4
35 11 10
35 10 9
35 9 6
35 9 8
35 8 7
35 15 14
36 18 17
36 17 16
36 16 15
36 15 1
36 1 0
36 15 14
36 14 13
36 13 10
36 10 4
36 4 3
36 3 2
36 10 9
36 9 8
36 8 7
36 7 6
36 6 5
36 13 12
36 12 11
37 15 0
37 15 14
37 14 12
37 12 3
37 3 1
37 3 2
37 12 11
37 11 9
37 9 7
37 7 6
37 6 4
37 6 5
37 9 8
37 11 10
37 14 13
38 15 3
38 3 2
38 2 1
38 1 0
38 15 14
38 14 8
38 8 5
38 5 4
38 8 7
38 7 6
38 14 13
38 13 12
38 12 11
38 11 10
38 10 9
39 15 0
39 15 14
39 14 13
39 13 10
39 10 9
39 9 4
39 4 3
39 3 2
39 2 1
39 9 8
39 8 7
39 7 6
39 6 5
39 13 12
39 12 11
40 15 13
40 13 0
40 13 12
40 12 11
40 11 10
40 10 1
40 10 9
40 9 4
40 4 2
40 4 3
40 9 8
40 8 7
40 7 5
40 7 6
40 15 14
41 18 17
41 17 1
41 1 0
41 17 16
41 16 10
41 10 2
41 10 9
41 9 5
41 5 4
41 4 3
41 9 8
41 8 6
41 8 7
41 16 15
41 15 13
41 13 11
41 13 12
41 15 14
42 15 14
42 14 3
42 3 2
42 2 1
42 1 0
42 14 13
42 13 9
42 9 8
42 8 7
42 7 6
42 6 4
42 6 5
42 13 12
42 12 10
42 12 11
43 14 2
43 2 0
43 2 1
43 14 13
43 13 12
43 12 11
43 11 4
43 4 3
43 11 10
43 10 6
43 6 5
43 10 9
43 9 8
43 8 7
44 19 18
44 18 2
44 2 1
44 1 0
44 18 17
44 17 3
44 17 16
44 16 6
44 6 4
44 6 5
44 16 15
44 15 14
44 14 13
44 13 9
44 9 8
44 8 7
44 13 12
44 12 11
44 11 10
45 15 11
45 11 4
45 4 0
45 4 3
45 3 1
45 3 2
45 11 10
45 10 8
45 8 5
45 8 7
45 7 6
45 10 9
45 15 14
45 14 13
45 13 12
46 16 5
46 5 3
46 3 1
46 1 0
46 3 2
46 5 4
46 16 15
46 15 7
46 7 6
46 15 14
46 14 11
46 11 10
46 10 8
46 10 9
46 14 13
46 13 12
47 16 15
47 15 14
47 14 1
47 1 0
47 14 13
47 13 3
47 3 2
47 13 12
47 12 4
47 12 11
47 11 10
47 10 6
47 6 5
47 10 9
47 9 7
47 9 8
48 17 16
48 16 13
48 13 11
48 11 10
48 10 9
48 9 8
48 8 7
48 7 1
48 1 0
48 7 6
48 6 5
48 5 4
48 4 2
48 4 3
48 13 12
48 16 15
48 15 14
49 17 10
49 10 0
49 10 9
49 9 8
49 8 7
49 7 6
49 6 2
49 2 1
49 6 5
49 5 4
49 4 3
49 17 16
49 16 14
49 14 12
49 12 11
49 14 13
49 16 15
50 16 10
50 10 0
50 10 9
50 9 8
50 8 1
50 8 7
50 7 4
50 4 2
50 4 3
50 7 6
50 6 5
50 16 15
50 15 13
50 13 12
50 12 11
50 15 14
51 19 18
51 18 15
51 15 1
51 1 0
51 15 14
51 14 11
51 11 9
51 9 8
51 8 3
51 3 2
51 8 7
51 7 6
51 6 5
51 5 4
51 11 10
51 14 13
51 13 12
51 18 17
51 17 16
52 19 18
52 18 17
52 17 5
52 5 2
52 2 1
52 1 0
52 5 4
52 4 3
52 17 16
52 16 6
52 16 15
52 15 8
52 8 7
52 15 14
52 14 13
52 13 10
52 10 9
52 13 12
52 12 11
53 15 14
53 14 13
53 13 12
53 12 7
53 7 5
53 5 4
53 4 3
53 3 1
53 1 0
53 3 2
53 7 6
53 12 11
53 11 10
53 10 9
53 9 8
54 19 17
54 17 16
54 16 6
54 6 5
54 5 4
54 4 3
54 3 2
54 2 1
54 1 0
54 16 15
54 15 7
54 15 14
54 14 13
54 13 11
54 11 9
54 9 8
54 11 10
54 13 12
54 19 18
55 17 16
55 16 4
55 4 0
55 4 3
55 3 2
55 2 1
55 16 15
55 15 14
55 14 8
55 8 5
55 8 7
55 7 6
55 14 13
55 13 11
55 11 10
55 10 9
55 13 12
56 19 17
56 17 16
56 16 0
56 16 15
56 15 7
56 7 6
56 6 5
56 5 2
56 2 1
56 5 4
56 4 3
56 15 14
56 14 13
56 13 8
56 13 12
56 12 11
56 11 9
56 11 10
56 19 18
57 16 0
57 16 15
57 15 13
57 13 11
57 11 10
57 10 9
57 9 7
57 7 1
57 7 6
57 6 4
57 4 3
57 3 2
57 6 5
57 9 8
57 13 12
57 15 14
58 19 0
58 19 18
58 18 16
58 16 14
58 14 13
58 13 9
58 9 8
58 8 7
58 7 6
58 6 1
58 6 5
58 5 4
58 4 2
58 4 3
58 13 12
58 12 10
58 12 11
58 16 15
58 18 17
59 18 17
59 17 14
59 14 3
59 3 2
59 2 1
59 1 0
59 14 13
59 13 12
59 12 10
59 10 4
59 10 9
59 9 7
59 7 5
59 7 6
59 9 8
59 12 11
59 17 16
59 16 15
60 17 16
60 16 13
60 13 12
60 12 11
60 11 7
60 7 0
60 7 6
60 6 5
60 5 4
60 4 3
60 3 1
60 3 2
60 11 10
60 10 8
60 10 9
60 16 15
60 15 14
61 15 13
61 13 10
61 10 3
61 3 2
61 2 0
61 2 1
61 10 9
61 9 8
61 8 7
61 7 4
61 7 6
61 6 5
61 13 12
61 12 11
61 15 14
62 15 14
62 14 13
62 13 11
62 11 10
62 10 5
62 5 0
62 5 4
62 4 3
62 3 1
62 3 2
62 10 9
62 9 8
62 8 7
62 7 6
62 13 12
63 15 14
63 14 13
63 13 1
63 1 0
63 13 12
63 12 11
63 11 2
63 11 10
63 10 8
63 8 3
63 8 7
63 7 5
63 5 4
63 7 6
63 10 9
64 17 0
64 17 16
64 16 13
64 13 11
64 11 10
64 10 7
64 7 5
64 5 4
64 4 2
64 2 1
64 4 3
64 7 6
64 10 9
64 9 8
64 13 12
64 16 15
64 15 14
65 17 0
65 17 16
65 16 3
65 3 2
65 2 1
65 16 15
65 15 9
65 9 8
65 8 7
65 7 4
65 7 6
65 6 5
65 15 14
65 14 13
65 13 11
65 11 10
65 13 12
66 15 13
66 13 3
66 3 0
66 3 2
66 2 1
66 13 12
66 12 11
66 11 10
66 10 7
66 7 4
66 7 6
66 6 5
66 10 9
66 9 8
66 15 14
67 15 14
67 14 12
67 12 11
67 11 10
67 10 0
67 10 9
67 9 6
67 6 5
67 5 4
67 4 2
67 2 1
67 4 3
67 9 8
67 8 7
67 14 13
68 18 17
68 17 2
68 2 0
68 2 1
68 17 16
68 16 14
68 14 13
68 13 12
68 12 11
68 11 10
68 10 9
68 9 8
68 8 5
68 5 4
68 4 3
68 8 7
68 7 6
68 16 15
69 18 0
69 18 17
69 17 16
69 16 1
69 16 15
69 15 2
69 15 14
69 14 12
69 12 7
69 7 6
69 6 3
69 6 5
69 5 4
69 12 11
69 11 10
69 10 9
69 9 8
69 14 13
70 16 12
70 12 4
70 4 2
70 2 0
70 2 1
70 4 3
70 12 11
70 11 10
70 10 9
70 9 8
70 8 5
70 8 7
70 7 6
70 16 15
70 15 13
70 15 14
71 16 15
71 15 7
71 7 0
71 7 6
71 6 4
71 4 3
71 3 1
71 3 2
71 6 5
71 15 14
71 14 10
71 10 9
71 9 8
71 14 13
71 13 12
71 12 11
72 15 0
72 15 14
72 14 11
72 11 1
72 11 10
72 10 2
72 10 9
72 9 8
72 8 3
72 8 7
72 7 6
72 6 5
72 5 4
72 14 13
72 13 12
73 14 13
73 13 12
73 12 11
73 11 9
73 9 1
73 1 0
73 9 8
73 8 7
73 7 6
73 6 4
73 4 2
73 4 3
73 6 5
73 11 10
74 17 6
74 6 5
74 5 4
74 4 3
74 3 1
74 1 0
74 3 2
74 17 16
74 16 14
74 14 13
74 13 12
74 12 7
74 12 11
74 11 10
74 10 9
74 9 8
74 16 15
75 15 14
75 14 12
75 12 3
75 3 1
75 1 0
75 3 2
75 12 11
75 11 4
75 11 10
75 10 9
75 9 7
75 7 5
75 7 6
75 9 8
75 14 13
76 17 15
76 15 8
76 8 6
76 6 5
76 5 4
76 4 1
76 1 0
76 4 3
76 3 2
76 8 7
76 15 14
76 14 10
76 10 9
76 14 13
76 13 11
76 13 12
76 17 16
77 17 16
77 16 0
77 16 15
77 15 14
77 14 1
77 14 13
77 13 2
77 13 12
77 12 11
77 11 7
77 7 3
77 7 6
77 6 4
77 6 5
77 11 10
77 10 9
77 9 8
78 14 8
78 8 7
78 7 5
78 5 4
78 4 3
78 3 0
78 3 2
78 2 1
78 7 6
78 14 13
78 13 11
78 11 10
78 10 9
78 13 12
79 19 18
79 18 17
79 17 11
79 11 9
79 9 4
79 4 3
79 3 2
79 2 0
79 2 1
79 9 8
79 8 7
79 7 5
79 7 6
79 11 10
79 17 16
79 16 12
79 16 15
79 15 14
79 14 13
80 14 7
80 7 1
80 1 0
80 7 6
80 6 2
80 6 5
80 5 4
80 4 3
80 14 13
80 13 8
80 13 12
80 12 11
80 11 9
80 11 10
81 16 15
81 15 13
81 13 12
81 12 11
81 11 10
81 10 8
81 8 7
81 7 6
81 6 4
81 4 1
81 1 0
81 4 3
81 3 2
81 6 5
81 10 9
81 15 14
82 19 3
82 3 2
82 2 1
82 1 0
82 19 18
82 18 17
82 17 7
82 7 6
82 6 4
82 6 5
82 17 16
82 16 13
82 13 12
82 12 11
82 11 9
82 9 8
82 11 10
82 16 15
82 15 14
83 16 15
83 15 12
83 12 11
83 11 0
83 11 10
83 10 5
83 5 3
83 3 1
83 3 2
83 5 4
83 10 9
83 9 8
83 8 6
83 8 7
83 15 14
83 14 13
84 19 0
84 19 18
84 18 17
84 17 14
84 14 13
84 13 11
84 11 8
84 8 7
84 7 3
84 3 1
84 3 2
84 7 6
84 6 4
84 6 5
84 11 10
84 10 9
84 13 12
84 17 16
84 16 15
85 17 16
85 16 15
85 15 14
85 14 10
85 10 3
85 3 0
85 3 2
85 2 1
85 10 9
85 9 4
85 9 8
85 8 5
85 8 7
85 7 6
85 14 13
85 13 11
85 13 12
86 19 0
86 19 18
86 18 1
86 18 17
86 17 15
86 15 14
86 14 9
86 9 3
86 3 2
86 9 8
86 8 7
86 7 4
86 7 6
86 6 5
86 14 13
86 13 11
86 11 10
86 13 12
86 17 16
87 18 16
87 16 15
87 15 14
87 14 5
87 5 0
87 5 4
87 4 3
87 3 1
87 3 2
87 14 13
87 13 12
87 12 10
87 10 8
87 8 7
87 7 6
87 10 9
87 12 11
87 18 17
88 14 11
88 11 9
88 9 2
88 2 1
88 1 0
88 9 8
88 8 4
88 4 3
88 8 7
88 7 6
88 6 5
88 11 10
88 14 13
88 13 12
89 18 15
89 15 13
89 13 3
89 3 1
89 1 0
89 3 2
89 13 12
89 12 8
89 8 7
89 7 4
89 7 6
89 6 5
89 12 11
89 11 9
89 11 10
89 15 14
89 18 17
89 17 16
90 19 18
90 18 1
90 1 0
90 18 17
90 17 12
90 12 9
90 9 2
90 9 8
90 8 3
90 8 7
90 7 6
90 6 4
90 6 5
90 12 11
90 11 10
90 17 16
90 16 14
90 14 13
90 16 15
91 16 14
91 14 12
91 12 2
91 2 0
91 2 1
91 12 11
91 11 7
91 7 6
91 6 4
91 4 3
91 6 5
91 11 10
91 10 9
91 9 8
91 14 13
91 16 15
92 18 0
92 18 17
92 17 1
92 17 16
92 16 15
92 15 2
92 15 14
92 14 6
92 6 3
92 6 5
92 5 4
92 14 13
92 13 11
92 11 10
92 10 9
92 9 8
92 8 7
92 13 12
93 18 17
93 17 13
93 13 11
93 11 10
93 10 9
93 9 7
93 7 6
93 6 1
93 1 0
93 6 5
93 5 4
93 4 3
93 3 2
93 9 8
93 13 12
93 17 16
93 16 14
93 16 15
94 16 0
94 16 15
94 15 5
94 5 3
94 3 2
94 2 1
94 5 4
94 15 14
94 14 12
94 12 6
94 12 11
94 11 10
94 10 8
94 8 7
94 10 9
94 14 13
95 16 3
95 3 1
95 1 0
95 3 2
95 16 15
95 15 14
95 14 13
95 13 12
95 12 10
95 10 7
95 7 6
95 6 5
95 5 4
95 10 9
95 9 8
95 12 11
96 19 18
96 18 1
96 1 0
96 18 17
96 17 16
96 16 2
96 16 15
96 15 3
96 15 14
96 14 13
96 13 10
96 10 9
96 9 4
96 9 8
96 8 5
96 8 7
96 7 6
96 13 12
96 12 11
97 15 0
97 15 14
97 14 12
97 12 11
97 11 7
97 7 1
97 7 6
97 6 3
97 3 2
97 6 5
97 5 4
97 11 10
97 10 9
97 9 8
97 14 13
98 15 4
98 4 2
98 2 0
98 2 1
98 4 3
98 15 14
98 14 13
98 13 8
98 8 7
98 7 5
98 7 6
98 13 12
98 12 11
98 11 9
98 11 10
99 18 1
99 1 0
99 18 17
99 17 10
99 10 2
99 10 9
99 9 8
99 8 7
99 7 3
99 7 6
99 6 5
99 5 4
99 17 16
99 16 15
99 15 13
99 13 12
99 12 11
99 15 14
100 14 1
100 1 0
100 14 13
100 13 11
100 11 2
100 11 10
100 10 3
100 10 9
100 9 8
100 8 7
100 7 6
100 6 5
100 5 4
100 13 12
101 14 10
101 10 0
101 10 9
101 9 7
101 7 2
101 2 1
101 7 6
101 6 3
101 6 5
101 5 4
101 9 8
101 14 13
101 13 12
101 12 11
