1 15 0
1 15 14
1 14 13
1 13 1
1 13 12
1 12 11
1 11 10
1 10 9
1 9 8
1 8 4
1 4 2
1 4 3
1 8 7
1 7 6
1 6 5
2 15 14
2 14 13
2 13 1
2 1 0
2 13 12
2 12 2
2 12 11
2 11 3
2 11 10
2 10 8
2 8 5
2 5 4
2 8 7
2 7 6
2 10 9
3 19 17
3 17 15
3 15 13
3 13 12
3 12 11
3 11 9
3 9 6
3 6 5
3 5 3
3 3 0
3 3 2
3 2 1
3 5 4
3 9 8
3 8 7
3 11 10
3 15 14
3 17 16
3 19 18
4 19 11
4 11 0
4 11 10
4 10 9
4 9 4
4 4 2
4 2 1
4 4 3
4 9 8
4 8 5
4 8 7
4 7 6
4 19 18
4 18 16
4 16 15
4 15 12
4 15 14
4 14 13
4 18 17
5 15 14
5 14 13
5 13 12
5 12 11
5 11 10
5 10 2
5 2 0
5 2 1
5 10 9
5 9 8
5 8 7
5 7 3
5 7 6
5 6 5
5 5 4
6 14 13
6 13 6
6 6 4
6 4 3
6 3 2
6 2 0
6 2 1
6 6 5
6 13 12
6 12 10
6 10 7
6 10 9
6 9 8
6 12 11
7 19 17
7 17 15
7 15 14
7 14 12
7 12 11
7 11 10
7 10 7
7 7 1
7 1 0
7 7 6
7 6 5
7 5 4
7 4 2
7 4 3
7 10 9
7 9 8
7 14 13
7 17 16
7 19 18
8 18 4
8 4 0
8 4 3
8 3 1
8 3 2
8 18 17
8 17 16
8 16 12
8 12 11
8 11 10
8 10 9
8 9 7
8 7 6
8 6 5
8 9 8
8 16 15
8 15 13
8 15 14
9 15 14
9 14 12
9 12 0
9 12 11
9 11 10
9 10 9
9 9 6
9 6 3
9 3 2
9 2 1
9 6 5
9 5 4
9 9 8
9 8 7
9 14 13
10 14 10
10 10 0
10 10 9
10 9 6
10 6 1
10 6 5
10 5 4
10 4 2
10 4 3
10 9 8
10 8 7
10 14 13
10 13 11
10 13 12
11 16 14
11 14 0
11 14 13
11 13 4
11 4 3
11 3 2
11 2 1
11 13 12
11 12 11
11 11 10
11 10 7
11 7 6
11 6 5
11 10 9
11 9 8
11 16 15
12 15 12
12 12 11
12 11 10
12 10 9
12 9 8
12 8 7
12 7 6
12 6 3
12 3 0
12 3 2
12 2 1
12 6 5
12 5 4
12 15 14
12 14 13
13 19 18
13 18 9
13 9 5
13 5 3
13 3 1
13 1 0
13 3 2
13 5 4
13 9 8
13 8 6
13 8 7
13 18 17
13 17 16
13 16 10
13 16 15
13 15 13
13 13 11
13 13 12
13 15 14
14 15 12
14 12 11
14 11 8
14 8 0
14 8 7
14 7 3
14 3 2
14 2 1
14 7 6
14 6 5
14 5 4
14 11 10
14 10 9
14 15 14
14 14 13
15 16 14
15 14 8
15 8 5
15 5 3
15 3 1
15 1 0
15 3 2
15 5 4
15 8 7
15 7 6
15 14 13
15 13 12
15 12 9
15 12 11
15 11 10
15 16 15
16 14 13
16 13 11
16 11 10
16 10 0
16 10 9
16 9 5
16 5 4
16 4 2
16 2 1
16 4 3
16 9 8
16 8 6
16 8 7
16 13 12
17 17 16
17 16 6
17 6 5
17 5 4
17 4 0
17 4 3
17 3 2
17 2 1
17 16 15
17 15 10
17 10 8
17 8 7
17 10 9
17 15 14
17 14 11
17 14 13
17 13 12
18 17 16
18 16 10
18 10 9
18 9 8
18 8 6
18 6 5
18 5 0
18 5 4
18 4 2
18 2 1
18 4 3
18 8 7
18 16 15
18 15 13
18 13 11
18 13 12
18 15 14
19 15 2
19 2 1
19 1 0
19 15 14
19 14 5
19 5 4
19 4 3
19 14 13
19 13 11
19 11 7
19 7 6
19 11 10
19 10 8
19 10 9
19 13 12
20 15 12
20 12 4
20 4 2
20 2 0
20 2 1
20 4 3
20 12 11
20 11 10
20 10 9
20 9 5
20 9 8
20 8 6
20 8 7
20 15 14
20 14 13
21 14 13
21 13 0
21 13 12
21 12 11
21 11 9
21 9 7
21 7 2
21 2 1
21 7 6
21 6 5
21 5 3
21 5 4
21 9 8
21 11 10
22 15 14
22 14 9
22 9 8
22 8 7
22 7 6
22 6 1
22 1 0
22 6 5
22 5 4
22 4 2
22 4 3
22 14 13
22 13 12
22 12 10
22 12 11
23 14 8
23 8 7
23 7 0
23 7 6
23 6 1
23 6 5
23 5 4
23 4 3
23 3 2
23 14 13
23 13 9
23 13 12
23 12 10
23 12 11
24 14 0
24 14 13
24 13 11
24 11 3
24 3 1
24 3 2
24 11 10
24 10 8
24 8 4
24 8 7
24 7 5
24 7 6
24 10 9
24 13 12
25 16 7
25 7 0
25 7 6
25 6 5
25 5 4
25 4 2
25 2 1
25 4 3
25 16 15
25 15 9
25 9 8
25 15 14
25 14 13
25 13 11
25 11 10
25 13 12
26 14 12
26 12 8
26 8 1
26 1 0
26 8 7
26 7 5
26 5 4
26 4 2
26 4 3
26 7 6
26 12 11
26 11 10
26 10 9
26 14 13
27 19 11
27 11 7
27 7 3
27 3 2
27 2 1
27 1 0
27 7 6
27 6 4
27 6 5
27 11 10
27 10 9
27 9 8
27 19 18
27 18 12
27 18 17
27 17 15
27 15 13
27 15 14
27 17 16
28 14 13
28 13 12
28 12 11
28 11 10
28 10 3
28 3 2
28 2 1
28 1 0
28 10 9
28 9 8
28 8 5
28 5 4
28 8 7
28 7 6
29 16 15
29 15 14
29 14 0
29 14 13
29 13 11
29 11 10
29 10 9
29 9 7
29 7 3
29 3 2
29 2 1
29 7 6
29 6 4
29 6 5
29 9 8
29 13 12
30 15 10
30 10 9
30 9 8
30 8 7
30 7 4
30 4 2
30 2 1
30 1 0
30 4 3
30 7 6
30 6 5
30 15 14
30 14 13
30 13 11
30 13 12
31 16 14
31 14 13
31 13 12
31 12 11
31 11 10
31 10 9
31 9 0
31 9 8
31 8 7
31 7 6
31 6 5
31 5 4
31 4 3
31 3 1
31 3 2
31 16 15
32 17 13
32 13 4
32 4 0
32 4 3
32 3 2
32 2 1
32 13 12
32 12 11
32 11 5
32 11 10
32 10 9
32 9 8
32 8 7
32 7 6
32 17 16
32 16 14
32 16 15
33 16 0
33 16 15
33 15 1
33 15 14
33 14 12
33 12 2
33 12 11
33 11 9
33 9 4
33 4 3
33 9 8
33 8 7
33 7 5
33 7 6
33 11 10
33 14 13
34 17 0
34 17 16
34 16 9
34 9 7
34 7 1
34 7 6
34 6 5
34 5 3
34 3 2
34 5 4
34 9 8
34 16 15
34 15 14
34 14 13
34 13 10
34 13 12
34 12 11
35 19 18
35 18 1
35 1 0
35 18 17
35 17 4
35 4 3
35 3 2
35 17 16
35 16 15
35 15 13
35 13 12
35 12 11
35 11 6
35 6 5
35 11 10
35 10 7
35 10 9
35 9 8
35 15 14
36 19 18
36 18 4
36 4 0
36 4 3
36 3 2
36 2 1
36 18 17
36 17 16
36 16 15
36 15 13
36 13 12
36 12 9
36 9 7
36 7 6
36 6 5
36 9 8
36 12 11
36 11 10
36 15 14
37 17 0
37 17 16
37 16 15
37 15 14
37 14 12
37 12 4
37 4 2
37 2 1
37 4 3
37 12 11
37 11 5
37 11 10
37 10 7
37 7 6
37 10 9
37 9 8
37 14 13
38 19 1
38 1 0
38 19 18
38 18 17
38 17 16
38 16 15
38 15 11
38 11 10
38 10 9
38 9 8
38 8 7
38 7 6
38 6 3
38 3 2
38 6 5
38 5 4
38 15 14
38 14 13
38 13 12
39 15 11
39 11 8
39 8 0
39 8 7
39 7 1
39 7 6
39 6 5
39 5 4
39 4 2
39 4 3
39 11 10
39 10 9
39 15 14
39 14 12
39 14 13
40 16 6
40 6 5
40 5 4
40 4 0
40 4 3
40 3 1
40 3 2
40 16 15
40 15 14
40 14 13
40 13 12
40 12 9
40 9 7
40 9 8
40 12 11
40 11 10
41 14 13
41 13 12
41 12 0
41 12 11
41 11 2
41 2 1
41 11 10
41 10 6
41 6 5
41 5 3
41 5 4
41 10 9
41 9 8
41 8 7
42 19 17
42 17 16
42 16 15
42 15 13
42 13 12
42 12 11
42 11 10
42 10 5
42 5 4
42 4 3
42 3 2
42 2 0
42 2 1
42 10 9
42 9 8
42 8 6
42 8 7
42 15 14
42 19 18
43 18 17
43 17 16
43 16 15
43 15 11
43 11 6
43 6 5
43 5 4
43 4 0
43 4 3
43 3 2
43 2 1
43 11 10
43 10 9
43 9 8
43 8 7
43 15 14
43 14 13
43 13 12
44 16 2
44 2 0
44 2 1
44 16 15
44 15 14
44 14 13
44 13 12
44 12 9
44 9 5
44 5 3
44 5 4
44 9 8
44 8 7
44 7 6
44 12 11
44 11 10
45 15 4
45 4 2
45 2 0
45 2 1
45 4 3
45 15 14
45 14 12
45 12 6
45 6 5
45 12 11
45 11 8
45 8 7
45 11 10
45 10 9
45 14 13
46 18 0
46 18 17
46 17 9
46 9 8
46 8 1
46 8 7
46 7 3
46 3 2
46 7 6
46 6 5
46 5 4
46 17 16
46 16 12
46 12 11
46 11 10
46 16 15
46 15 13
46 15 14
47 17 16
47 16 15
47 15 13
47 13 12
47 12 11
47 11 0
47 11 10
47 10 4
47 4 1
47 4 3
47 3 2
47 10 9
47 9 5
47 9 8
47 8 7
47 7 6
47 15 14
48 17 15
48 15 12
48 12 0
48 12 11
48 11 5
48 5 4
48 4 1
48 4 3
48 3 2
48 11 10
48 10 9
48 9 7
48 7 6
48 9 8
48 15 14
48 14 13
48 17 16
49 14 13
49 13 2
49 2 0
49 2 1
49 13 12
49 12 11
49 11 8
49 8 6
49 6 5
49 5 3
49 5 4
49 8 7
49 11 10
49 10 9
50 18 0
50 18 17
50 17 16
50 16 12
50 12 10
50 10 3
50 3 1
50 3 2
50 10 9
50 9 8
50 8 6
50 6 4
50 6 5
50 8 7
50 12 11
50 16 15
50 15 14
50 14 13
51 17 3
51 3 2
51 2 0
51 2 1
51 17 16
51 16 15
51 15 13
51 13 5
51 5 4
51 13 12
51 12 11
51 11 10
51 10 6
51 10 9
51 9 8
51 8 7
51 15 14
52 17 10
52 10 8
52 8 7
52 7 0
52 7 6
52 6 2
52 2 1
52 6 5
52 5 4
52 4 3
52 10 9
52 17 16
52 16 15
52 15 13
52 13 12
52 12 11
52 15 14
53 15 6
53 6 3
53 3 0
53 3 2
53 2 1
53 6 5
53 5 4
53 15 14
53 14 13
53 13 12
53 12 10
53 10 7
53 10 9
53 9 8
53 12 11
54 16 3
54 3 2
54 2 1
54 1 0
54 16 15
54 15 13
54 13 11
54 11 5
54 5 4
54 11 10
54 10 9
54 9 6
54 9 8
54 8 7
54 13 12
54 15 14
55 15 0
55 15 14
55 14 12
55 12 11
55 11 9
55 9 7
55 7 3
55 3 2
55 2 1
55 7 6
55 6 4
55 6 5
55 9 8
55 11 10
55 14 13
56 16 12
56 12 11
56 11 9
56 9 8
56 8 5
56 5 3
56 3 1
56 1 0
56 3 2
56 5 4
56 8 7
56 7 6
56 11 10
56 16 15
56 15 13
56 15 14
57 18 0
57 18 17
57 17 16
57 16 15
57 15 14
57 14 13
57 13 8
57 8 1
57 8 7
57 7 5
57 5 2
57 5 4
57 4 3
57 7 6
57 13 12
57 12 10
57 10 9
57 12 11
58 14 11
58 11 3
58 3 2
58 2 0
58 2 1
58 11 10
58 10 9
58 9 4
58 9 8
58 8 7
58 7 6
58 6 5
58 14 13
58 13 12
59 16 15
59 15 10
59 10 9
59 9 0
59 9 8
59 8 4
59 4 3
59 3 1
59 3 2
59 8 7
59 7 5
59 7 6
59 15 14
59 14 13
59 13 11
59 13 12
60 16 1
60 1 0
60 16 15
60 15 9
60 9 2
60 9 8
60 8 4
60 4 3
60 8 7
60 7 5
60 7 6
60 15 14
60 14 13
60 13 10
60 13 12
60 12 11
61 17 5
61 5 2
61 2 0
61 2 1
61 5 4
61 4 3
61 17 16
61 16 8
61 8 7
61 7 6
61 16 15
61 15 13
61 13 9
61 13 12
61 12 10
61 12 11
61 15 14
62 17 13
62 13 6
62 6 5
62 5 4
62 4 2
62 2 1
62 1 0
62 4 3
62 13 12
62 12 10
62 10 9
62 9 8
62 8 7
62 12 11
62 17 16
62 16 15
62 15 14
63 15 14
63 14 13
63 13 12
63 12 11
63 11 10
63 10 9
63 9 8
63 8 7
63 7 2
63 2 1
63 1 0
63 7 6
63 6 5
63 5 3
63 5 4
64 18 0
64 18 17
64 17 11
64 11 10
64 10 5
64 5 2
64 2 1
64 5 4
64 4 3
64 10 9
64 9 7
64 7 6
64 9 8
64 17 16
64 16 15
64 15 14
64 14 13
64 13 12
65 17 15
65 15 14
65 14 3
65 3 2
65 2 0
65 2 1
65 14 13
65 13 4
65 13 12
65 12 7
65 7 5
65 7 6
65 12 11
65 11 10
65 10 9
65 9 8
65 17 16
66 19 18
66 18 17
66 17 16
66 16 15
66 15 14
66 14 10
66 10 9
66 9 5
66 5 4
66 4 3
66 3 0
66 3 2
66 2 1
66 9 8
66 8 6
66 8 7
66 14 13
66 13 11
66 13 12
67 18 6
67 6 0
67 6 5
67 5 1
67 5 4
67 4 2
67 4 3
67 18 17
67 17 16
67 16 8
67 8 7
67 16 15
67 15 13
67 13 12
67 12 11
67 11 9
67 11 10
67 15 14
68 17 15
68 15 14
68 14 7
68 7 6
68 6 4
68 4 1
68 1 0
68 4 3
68 3 2
68 6 5
68 14 13
68 13 12
68 12 9
68 9 8
68 12 11
68 11 10
68 17 16
69 15 12
69 12 11
69 11 0
69 11 10
69 10 1
69 10 9
69 9 3
69 3 2
69 9 8
69 8 6
69 6 5
69 5 4
69 8 7
69 15 14
69 14 13
70 17 16
70 16 0
70 16 15
70 15 14
70 14 11
70 11 10
70 10 9
70 9 3
70 3 1
70 3 2
70 9 8
70 8 7
70 7 5
70 5 4
70 7 6
70 14 13
70 13 12
71 15 3
71 3 0
71 3 2
71 2 1
71 15 14
71 14 12
71 12 9
71 9 8
71 8 6
71 6 4
71 6 5
71 8 7
71 12 11
71 11 10
71 14 13
72 15 13
72 13 3
72 3 1
72 1 0
72 3 2
72 13 12
72 12 10
72 10 9
72 9 8
72 8 7
72 7 6
72 6 5
72 5 4
72 12 11
72 15 14
73 14 6
73 6 5
73 5 4
73 4 3
73 3 2
73 2 0
73 2 1
73 14 13
73 13 12
73 12 8
73 8 7
73 12 11
73 11 9
73 11 10
74 16 0
74 16 15
74 15 6
74 6 4
74 4 1
74 4 3
74 3 2
74 6 5
74 15 14
74 14 12
74 12 11
74 11 7
74 11 10
74 10 9
74 9 8
74 14 13
75 16 15
75 15 14
75 14 5
75 5 1
75 1 0
75 5 4
75 4 3
75 3 2
75 14 13
75 13 12
75 12 6
75 12 11
75 11 8
75 8 7
75 11 10
75 10 9
76 15 1
76 1 0
76 15 14
76 14 3
76 3 2
76 14 13
76 13 9
76 9 7
76 7 4
76 7 6
76 6 5
76 9 8
76 13 12
76 12 11
76 11 10
77 18 17
77 17 15
77 15 13
77 13 2
77 2 0
77 2 1
77 13 12
77 12 10
77 10 7
77 7 6
77 6 4
77 4 3
77 6 5
77 10 9
77 9 8
77 12 11
77 15 14
77 17 16
78 14 13
78 13 12
78 12 0
78 12 11
78 11 10
78 10 2
78 2 1
78 10 9
78 9 4
78 4 3
78 9 8
78 8 7
78 7 6
78 6 5
79 16 0
79 16 15
79 15 2
79 2 1
79 15 14
79 14 13
79 13 11
79 11 3
79 11 10
79 10 9
79 9 5
79 5 4
79 9 8
79 8 6
79 8 7
79 13 12
80 15 14
80 14 13
80 13 11
80 11 10
80 10 9
80 9 2
80 2 1
80 1 0
80 9 8
80 8 3
80 8 7
80 7 6
80 6 4
80 6 5
80 13 12
81 14 13
81 13 12
81 12 0
81 12 11
81 11 8
81 8 5
81 5 1
81 5 4
81 4 2
81 4 3
81 8 7
81 7 6
81 11 10
81 10 9
82 18 6
82 6 5
82 5 4
82 4 3
82 3 2
82 2 0
82 2 1
82 18 17
82 17 16
82 16 7
82 16 15
82 15 14
82 14 8
82 14 13
82 13 12
82 12 11
82 11 9
82 11 10
83 17 16
83 16 14
83 14 2
83 2 0
83 2 1
83 14 13
83 13 12
83 12 3
83 12 11
83 11 10
83 10 8
83 8 7
83 7 4
83 7 6
83 6 5
83 10 9
83 16 15
84 18 14
84 14 0
84 14 13
84 13 12
84 12 5
84 5 4
84 4 3
84 3 2
84 2 1
84 12 11
84 11 7
84 7 6
84 11 10
84 10 8
84 10 9
84 18 17
84 17 15
84 17 16
85 16 15
85 15 14
85 14 13
85 13 12
85 12 11
85 11 1
85 1 0
85 11 10
85 10 9
85 9 5
85 5 2
85 5 4
85 4 3
85 9 8
85 8 7
85 7 6
86 16 15
86 15 14
86 14 13
86 13 12
86 12 10
86 10 3
86 3 2
86 2 0
86 2 1
86 10 9
86 9 8
86 8 7
86 7 4
86 7 6
86 6 5
86 12 11
87 16 13
87 13 11
87 11 0
87 11 10
87 10 3
87 3 2
87 2 1
87 10 9
87 9 8
87 8 4
87 8 7
87 7 6
87 6 5
87 13 12
87 16 15
87 15 14
88 16 0
88 16 15
88 15 14
88 14 13
88 13 5
88 5 4
88 4 1
88 4 3
88 3 2
88 13 12
88 12 11
88 11 6
88 11 10
88 10 9
88 9 8
88 8 7
89 17 16
89 16 13
89 13 12
89 12 10
89 10 9
89 9 6
89 6 4
89 4 1
89 1 0
89 4 3
89 3 2
89 6 5
89 9 8
89 8 7
89 12 11
89 16 15
89 15 14
90 18 16
90 16 14
90 14 13
90 13 12
90 12 10
90 10 1
90 1 0
90 10 9
90 9 2
90 9 8
90 8 3
90 8 7
90 7 4
90 7 6
90 6 5
90 12 11
90 16 15
90 18 17
91 17 13
91 13 3
91 3 2
91 2 1
91 1 0
91 13 12
91 12 4
91 12 11
91 11 10
91 10 6
91 6 5
91 10 9
91 9 7
91 9 8
91 17 16
91 16 15
91 15 14
92 19 4
92 4 2
92 2 0
92 2 1
92 4 3
92 19 18
92 18 6
92 6 5
92 18 17
92 17 16
92 16 15
92 15 8
92 8 7
92 15 14
92 14 13
92 13 12
92 12 10
92 10 9
92 12 11
93 18 17
93 17 1
93 1 0
93 17 16
93 16 7
93 7 6
93 6 3
93 3 2
93 6 5
93 5 4
93 16 15
93 15 12
93 12 9
93 9 8
93 12 11
93 11 10
93 15 14
93 14 13
94 15 14
94 14 9
94 9 0
94 9 8
94 8 1
94 8 7
94 7 6
94 6 4
94 4 2
94 4 3
94 6 5
94 14 13
94 13 12
94 12 11
94 11 10
95 17 16
95 16 14
95 14 13
95 13 5
95 5 0
95 5 4
95 4 1
95 4 3
95 3 2
95 13 12
95 12 6
95 12 11
95 11 10
95 10 9
95 9 7
95 9 8
95 16 15
96 17 16
96 16 14
96 14 10
96 10 0
96 10 9
96 9 7
96 7 6
96 6 2
96 2 1
96 6 5
96 5 4
96 4 3
96 9 8
96 14 13
96 13 12
96 12 11
96 16 15
97 19 17
97 17 0
97 17 16
97 16 1
97 16 15
97 15 14
97 14 13
97 13 4
97 4 2
97 4 3
97 13 12
97 12 9
97 9 7
97 7 6
97 6 5
97 9 8
97 12 11
97 11 10
97 19 18
98 15 2
98 2 1
98 1 0
98 15 14
98 14 12
98 12 9
98 9 8
98 8 7
98 7 6
98 6 4
98 4 3
98 6 5
98 12 11
98 11 10
98 14 13
99 15 14
99 14 10
99 10 1
99 1 0
99 10 9
99 9 5
99 5 4
99 4 3
99 3 2
99 9 8
99 8 7
99 7 6
99 14 13
99 13 11
99 13 12
100 16 15
100 15 14
100 14 13
100 13 5
100 5 2
100 2 0
100 2 1
100 5 4
100 4 3
100 13 12
100 12 10
100 10 9
100 9 6
100 9 8
100 8 7
100 12 11
101 16 15
101 15 14
101 14 9
101 9 3
101 3 2
101 2 0
101 2 1
101 9 8
101 8 6
101 6 4
101 6 5
101 8 7
101 14 13
101 13 12
101 12 10
101 12 11
