1 18 2
1 2 0
1 2 1
1 18 17
1 17 15
1 15 14
1 14 12
1 12 4
1 4 3
1 12 11
1 11 5
1 11 10
1 10 9
1 9 8
1 8 7
1 7 6
1 14 13
1 17 16
2 18 17
2 17 16
2 16 2
2 2 0
2 2 1
2 16 15
2 15 14
2 14 12
2 12 10
2 10 9
2 9 6
2 6 5
2 5 4
2 4 3
2 9 8
2 8 7
2 12 11
2 14 13
3 16 2
3 2 1
3 1 0
3 16 15
3 15 14
3 14 12
3 12 11
3 11 10
3 10 3
3 10 9
3 9 5
3 5 4
3 9 8
3 8 6
3 8 7
3 14 13
4 17 15
4 15 2
4 2 1
4 1 0
4 15 14
4 14 13
4 13 11
4 11 10
4 10 8
4 8 3
4 8 7
4 7 5
4 5 4
4 7 6
4 10 9
4 13 12
4 17 16
5 14 6
5 6 4
5 4 0
5 4 3
5 3 1
5 3 2
5 6 5
5 14 13
5 13 12
5 12 11
5 11 7
5 11 10
5 10 9
5 9 8
6 14 4
6 4 3
6 3 1
6 1 0
6 3 2
6 14 13
6 13 11
6 11 5
6 11 10
6 10 9
6 9 7
6 7 6
6 9 8
6 13 12
7 19 17
7 17 2
7 2 0
7 2 1
7 17 16
7 16 13
7 13 12
7 12 11
7 11 3
7 11 10
7 10 9
7 9 8
7 8 7
7 7 6
7 6 5
7 5 4
7 16 15
7 15 14
7 19 18
8 15 14
8 14 13
8 13 5
8 5 4
8 4 2
8 2 1
8 1 0
8 4 3
8 13 12
8 12 11
8 11 7
8 7 6
8 11 10
8 10 9
8 9 8
9 14 0
9 14 13
9 13 1
9 13 12
9 12 11
9 11 7
9 7 2
9 7 6
9 6 5
9 5 3
9 5 4
9 11 10
9 10 8
9 10 9
10 16 15
10 15 13
10 13 0
10 13 12
10 12 1
10 12 11
10 11 3
10 3 2
10 11 10
10 10 9
10 9 4
10 9 8
10 8 7
10 7 6
10 6 5
10 15 14
11 16 1
11 1 0
11 16 15
11 15 3
11 3 2
11 15 14
11 14 4
11 14 13
11 13 8
11 8 6
11 6 5
11 8 7
11 13 12
11 12 10
11 10 9
11 12 11
12 15 11
12 11 0
12 11 10
12 10 8
12 8 6
12 6 5
12 5 4
12 4 2
12 2 1
12 4 3
12 8 7
12 10 9
12 15 14
12 14 12
12 14 13
13 15 11
13 11 10
13 10 9
13 9 6
13 6 5
13 5 4
13 4 0
13 4 3
13 3 2
13 2 1
13 9 8
13 8 7
13 15 14
13 14 13
13 13 12
14 14 12
14 12 0
14 12 11
14 11 1
14 11 10
14 10 8
14 8 6
14 6 3
14 3 2
14 6 5
14 5 4
14 8 7
14 10 9
14 14 13
15 14 13
15 13 5
15 5 4
15 4 0
15 4 3
15 3 1
15 3 2
15 13 12
15 12 8
15 8 6
15 8 7
15 12 11
15 11 10
15 10 9
16 15 14
16 14 0
16 14 13
16 13 2
16 2 1
16 13 12
16 12 3
16 12 11
16 11 10
16 10 9
16 9 6
16 6 5
16 5 4
16 9 8
16 8 7
17 17 16
17 16 1
17 1 0
17 16 15
17 15 2
17 15 14
17 14 13
17 13 5
17 5 4
17 4 3
17 13 12
17 12 11
17 11 8
17 8 7
17 7 6
17 11 10
17 10 9
18 19 5
18 5 4
18 4 2
18 2 1
18 1 0
18 4 3
18 19 18
18 18 6
18 18 17
18 17 16
18 16 11
18 11 10
18 10 8
18 8 7
18 10 9
18 16 15
18 15 14
18 14 12
18 14 13
19 15 13
19 13 11
19 11 10
19 10 9
19 9 7
19 7 0
19 7 6
19 6 1
19 6 5
19 5 4
19 4 2
19 4 3
19 9 8
19 13 12
19 15 14
20 14 13
20 13 12
20 12 5
20 5 0
20 5 4
20 4 2
20 2 1
20 4 3
20 12 11
20 11 10
20 10 9
20 9 8
20 8 6
20 8 7
21 18 17
21 17 16
21 16 14
21 14 9
21 9 8
21 8 7
21 7 6
21 6 2
21 2 0
21 2 1
21 6 5
21 5 4
21 4 3
21 14 13
21 13 11
21 11 10
21 13 12
21 16 15
22 19 0
22 19 18
22 18 1
22 18 17
22 17 2
22 17 16
22 16 14
22 14 13
22 13 7
22 7 5
22 5 3
22 5 4
22 7 6
22 13 12
22 12 11
22 11 8
22 11 10
22 10 9
22 16 15
23 17 10
23 10 9
23 9 8
23 8 2
23 2 0
23 2 1
23 8 7
23 7 3
23 7 6
23 6 4
23 6 5
23 17 16
23 16 14
23 14 12
23 12 11
23 14 13
23 16 15
24 15 14
24 14 11
24 11 10
24 10 0
24 10 9
24 9 1
24 9 8
24 8 7
24 7 2
24 7 6
24 6 3
24 6 5
24 5 4
24 14 13
24 13 12
25 14 0
25 14 13
25 13 8
25 8 7
25 7 1
25 7 6
25 6 2
25 6 5
25 5 4
25 4 3
25 13 12
25 12 9
25 12 11
25 11 10
26 16 15
26 15 14
26 14 8
26 8 2
26 2 1
26 1 0
26 8 7
26 7 5
26 5 4
26 4 3
26 7 6
26 14 13
26 13 12
26 12 11
26 11 10
26 10 9
27 17 16
27 16 0
27 16 15
27 15 1
27 15 14
27 14 13
27 13 12
27 12 9
27 9 8
27 8 7
27 7 5
27 5 2
27 5 4
27 4 3
27 7 6
27 12 11
27 11 10
28 15 14
28 14 13
28 13 12
28 12 9
28 9 8
28 8 7
28 7 5
28 5 1
28 1 0
28 5 4
28 4 3
28 3 2
28 7 6
28 12 11
28 11 10
29 15 13
29 13 2
29 2 1
29 1 0
29 13 12
29 12 9
29 9 8
29 8 7
29 7 6
29 6 5
29 5 4
29 4 3
29 12 11
29 11 10
29 15 14
30 14 2
30 2 0
30 2 1
30 14 13
30 13 12
30 12 4
30 4 3
30 12 11
30 11 10
30 10 5
30 10 9
30 9 8
30 8 7
30 7 6
31 19 16
31 16 15
31 15 0
31 15 14
31 14 13
31 13 12
31 12 10
31 10 8
31 8 7
31 7 6
31 6 5
31 5 4
31 4 1
31 4 3
31 3 2
31 10 9
31 12 11
31 19 18
31 18 17
32 18 17
32 17 16
32 16 15
32 15 12
32 12 0
32 12 11
32 11 9
32 9 8
32 8 7
32 7 1
32 7 6
32 6 5
32 5 4
32 4 2
32 4 3
32 11 10
32 15 14
32 14 13
33 19 17
33 17 15
33 15 14
33 14 12
33 12 11
33 11 7
33 7 6
33 6 0
33 6 5
33 5 3
33 3 2
33 2 1
33 5 4
33 11 10
33 10 9
33 9 8
33 14 13
33 17 16
33 19 18
34 19 2
34 2 1
34 1 0
34 19 18
34 18 13
34 13 12
34 12 3
34 12 11
34 11 7
34 7 6
34 6 4
34 6 5
34 11 10
34 10 9
34 9 8
34 18 17
34 17 16
34 16 14
34 16 15
35 14 13
35 13 0
35 13 12
35 12 11
35 11 1
35 11 10
35 10 3
35 3 2
35 10 9
35 9 6
35 6 4
35 6 5
35 9 8
35 8 7
36 17 1
36 1 0
36 17 16
36 16 3
36 3 2
36 16 15
36 15 5
36 5 4
36 15 14
36 14 12
36 12 9
36 9 7
36 7 6
36 9 8
36 12 11
36 11 10
36 14 13
37 14 13
37 13 2
37 2 1
37 1 0
37 13 12
37 12 11
37 11 9
37 9 8
37 8 6
37 6 3
37 6 5
37 5 4
37 8 7
37 11 10
38 18 13
38 13 12
38 12 11
38 11 9
38 9 8
38 8 3
38 3 0
38 3 2
38 2 1
38 8 7
38 7 6
38 6 4
38 6 5
38 11 10
38 18 17
38 17 15
38 15 14
38 17 16
39 15 14
39 14 13
39 13 10
39 10 9
39 9 8
39 8 0
39 8 7
39 7 2
39 2 1
39 7 6
39 6 4
39 4 3
39 6 5
39 13 12
39 12 11
40 16 2
40 2 0
40 2 1
40 16 15
40 15 14
40 14 13
40 13 3
40 13 12
40 12 11
40 11 10
40 10 9
40 9 7
40 7 6
40 6 5
40 5 4
40 9 8
41 17 16
41 16 3
41 3 2
41 2 0
41 2 1
41 16 15
41 15 6
41 6 5
41 5 4
41 15 14
41 14 13
41 13 11
41 11 10
41 10 7
41 10 9
41 9 8
41 13 12
42 18 15
42 15 11
42 11 9
42 9 7
42 7 6
42 6 2
42 2 1
42 1 0
42 6 5
42 5 4
42 4 3
42 9 8
42 11 10
42 15 14
42 14 13
42 13 12
42 18 17
42 17 16
43 16 1
43 1 0
43 16 15
43 15 14
43 14 4
43 4 3
43 3 2
43 14 13
43 13 10
43 10 9
43 9 6
43 6 5
43 9 8
43 8 7
43 13 12
43 12 11
44 14 0
44 14 13
44 13 10
44 10 6
44 6 5
44 5 4
44 4 3
44 3 1
44 3 2
44 10 9
44 9 8
44 8 7
44 13 12
44 12 11
45 16 14
45 14 3
45 3 2
45 2 1
45 1 0
45 14 13
45 13 6
45 6 5
45 5 4
45 13 12
45 12 7
45 12 11
45 11 10
45 10 8
45 10 9
45 16 15
46 14 13
46 13 3
46 3 0
46 3 2
46 2 1
46 13 12
46 12 9
46 9 8
46 8 7
46 7 4
46 7 6
46 6 5
46 12 11
46 11 10
47 16 0
47 16 15
47 15 14
47 14 13
47 13 11
47 11 10
47 10 8
47 8 1
47 8 7
47 7 2
47 7 6
47 6 5
47 5 3
47 5 4
47 10 9
47 13 12
48 19 18
48 18 17
48 17 15
48 15 0
48 15 14
48 14 11
48 11 10
48 10 9
48 9 8
48 8 7
48 7 5
48 5 3
48 3 1
48 3 2
48 5 4
48 7 6
48 14 13
48 13 12
48 17 16
49 19 0
49 19 18
49 18 11
49 11 4
49 4 2
49 2 1
49 4 3
49 11 10
49 10 8
49 8 7
49 7 5
49 7 6
49 10 9
49 18 17
49 17 15
49 15 13
49 13 12
49 15 14
49 17 16
50 16 15
50 15 0
50 15 14
50 14 10
50 10 1
50 10 9
50 9 8
50 8 4
50 4 2
50 4 3
50 8 7
50 7 6
50 6 5
50 14 13
50 13 11
50 13 12
51 18 17
51 17 16
51 16 0
51 16 15
51 15 8
51 8 7
51 7 3
51 3 1
51 3 2
51 7 6
51 6 5
51 5 4
51 15 14
51 14 12
51 12 11
51 11 9
51 11 10
51 14 13
52 19 15
52 15 11
52 11 9
52 9 8
52 8 0
52 8 7
52 7 1
52 7 6
52 6 3
52 3 2
52 6 5
52 5 4
52 11 10
52 15 14
52 14 12
52 14 13
52 19 18
52 18 17
52 17 16
53 16 0
53 16 15
53 15 14
53 14 13
53 13 10
53 10 2
53 2 1
53 10 9
53 9 6
53 6 5
53 5 4
53 4 3
53 9 8
53 8 7
53 13 12
53 12 11
54 18 6
54 6 3
54 3 2
54 2 1
54 1 0
54 6 5
54 5 4
54 18 17
54 17 16
54 16 10
54 10 7
54 10 9
54 9 8
54 16 15
54 15 14
54 14 12
54 12 11
54 14 13
55 15 14
55 14 13
55 13 12
55 12 10
55 10 5
55 5 3
55 3 2
55 2 1
55 1 0
55 5 4
55 10 9
55 9 8
55 8 7
55 7 6
55 12 11
56 18 16
56 16 14
56 14 0
56 14 13
56 13 12
56 12 1
56 12 11
56 11 7
56 7 6
56 6 2
56 6 5
56 5 3
56 5 4
56 11 10
56 10 9
56 9 8
56 16 15
56 18 17
57 15 0
57 15 14
57 14 12
57 12 10
57 10 1
57 10 9
57 9 8
57 8 7
57 7 6
57 6 5
57 5 2
57 5 4
57 4 3
57 12 11
57 14 13
58 15 4
58 4 3
58 3 2
58 2 0
58 2 1
58 15 14
58 14 7
58 7 5
58 7 6
58 14 13
58 13 12
58 12 11
58 11 9
58 9 8
58 11 10
59 16 15
59 15 14
59 14 10
59 10 9
59 9 5
59 5 4
59 4 3
59 3 2
59 2 0
59 2 1
59 9 8
59 8 6
59 8 7
59 14 13
59 13 11
59 13 12
60 17 16
60 16 4
60 4 2
60 2 1
60 1 0
60 4 3
60 16 15
60 15 14
60 14 5
60 14 13
60 13 6
60 13 12
60 12 8
60 8 7
60 12 11
60 11 10
60 10 9
61 16 3
61 3 0
61 3 2
61 2 1
61 16 15
61 15 14
61 14 13
61 13 8
61 8 7
61 7 5
61 5 4
61 7 6
61 13 12
61 12 9
61 12 11
61 11 10
62 14 3
62 3 1
62 1 0
62 3 2
62 14 13
62 13 4
62 13 12
62 12 10
62 10 9
62 9 7
62 7 6
62 6 5
62 9 8
62 12 11
63 14 13
63 13 5
63 5 4
63 4 2
63 2 1
63 1 0
63 4 3
63 13 12
63 12 10
63 10 9
63 9 8
63 8 7
63 7 6
63 12 11
64 19 18
64 18 17
64 17 15
64 15 14
64 14 0
64 14 13
64 13 2
64 2 1
64 13 12
64 12 11
64 11 9
64 9 6
64 6 5
64 5 3
64 5 4
64 9 8
64 8 7
64 11 10
64 17 16
65 16 14
65 14 13
65 13 12
65 12 0
65 12 11
65 11 10
65 10 1
65 10 9
65 9 4
65 4 3
65 3 2
65 9 8
65 8 7
65 7 6
65 6 5
65 16 15
66 16 2
66 2 0
66 2 1
66 16 15
66 15 8
66 8 6
66 6 3
66 6 5
66 5 4
66 8 7
66 15 14
66 14 13
66 13 9
66 13 12
66 12 10
66 12 11
67 14 12
67 12 8
67 8 6
67 6 0
67 6 5
67 5 2
67 2 1
67 5 4
67 4 3
67 8 7
67 12 11
67 11 10
67 10 9
67 14 13
68 18 0
68 18 17
68 17 15
68 15 14
68 14 13
68 13 11
68 11 9
68 9 8
68 8 7
68 7 3
68 3 2
68 2 1
68 7 6
68 6 4
68 6 5
68 11 10
68 13 12
68 17 16
69 15 14
69 14 0
69 14 13
69 13 12
69 12 2
69 2 1
69 12 11
69 11 9
69 9 5
69 5 4
69 4 3
69 9 8
69 8 6
69 8 7
69 11 10
70 16 6
70 6 3
70 3 1
70 1 0
70 3 2
70 6 5
70 5 4
70 16 15
70 15 14
70 14 12
70 12 8
70 8 7
70 12 11
70 11 10
70 10 9
70 14 13
71 14 12
71 12 1
71 1 0
71 12 11
71 11 10
71 10 2
71 10 9
71 9 8
71 8 4
71 4 3
71 8 7
71 7 6
71 6 5
71 14 13
72 14 7
72 7 3
72 3 1
72 1 0
72 3 2
72 7 6
72 6 4
72 6 5
72 14 13
72 13 12
72 12 8
72 12 11
72 11 9
72 11 10
73 15 12
73 12 8
73 8 7
73 7 4
73 4 3
73 3 2
73 2 1
73 1 0
73 7 6
73 6 5
73 12 11
73 11 10
73 10 9
73 15 14
73 14 13
74 15 13
74 13 12
74 12 11
74 11 8
74 8 7
74 7 6
74 6 5
74 5 4
74 4 2
74 2 1
74 1 0
74 4 3
74 11 10
74 10 9
74 15 14
75 19 3
75 3 2
75 2 0
75 2 1
75 19 18
75 18 16
75 16 13
75 13 5
75 5 4
75 13 12
75 12 9
75 9 7
75 7 6
75 9 8
75 12 11
75 11 10
75 16 15
75 15 14
75 18 17
76 15 14
76 14 7
76 7 5
76 5 0
76 5 4
76 4 2
76 2 1
76 4 3
76 7 6
76 14 13
76 13 11
76 11 10
76 10 8
76 10 9
76 13 12
77 16 10
77 10 8
77 8 0
77 8 7
77 7 1
77 7 6
77 6 4
77 4 2
77 4 3
77 6 5
77 10 9
77 16 15
77 15 14
77 14 13
77 13 11
77 13 12
78 18 17
78 17 0
78 17 16
78 16 15
78 15 14
78 14 7
78 7 3
78 3 1
78 3 2
78 7 6
78 6 5
78 5 4
78 14 13
78 13 8
78 13 12
78 12 10
78 10 9
78 12 11
79 16 14
79 14 11
79 11 8
79 8 3
79 3 0
79 3 2
79 2 1
79 8 7
79 7 5
79 5 4
79 7 6
79 11 10
79 10 9
79 14 13
79 13 12
79 16 15
80 15 12
80 12 10
80 10 9
80 9 8
80 8 0
80 8 7
80 7 1
80 7 6
80 6 5
80 5 2
80 5 4
80 4 3
80 12 11
80 15 14
80 14 13
81 16 9
81 9 8
81 8 6
81 6 4
81 4 3
81 3 2
81 2 0
81 2 1
81 6 5
81 8 7
81 16 15
81 15 11
81 11 10
81 15 14
81 14 13
81 13 12
82 15 13
82 13 2
82 2 0
82 2 1
82 13 12
82 12 10
82 10 9
82 9 8
82 8 7
82 7 6
82 6 5
82 5 3
82 5 4
82 12 11
82 15 14
83 17 0
83 17 16
83 16 15
83 15 1
83 15 14
83 14 6
83 6 4
83 4 3
83 3 2
83 6 5
83 14 13
83 13 12
83 12 10
83 10 8
83 8 7
83 10 9
83 12 11
84 19 17
84 17 5
84 5 4
84 4 2
84 2 0
84 2 1
84 4 3
84 17 16
84 16 15
84 15 14
84 14 7
84 7 6
84 14 13
84 13 11
84 11 8
84 11 10
84 10 9
84 13 12
84 19 18
85 15 5
85 5 4
85 4 0
85 4 3
85 3 2
85 2 1
85 15 14
85 14 11
85 11 6
85 11 10
85 10 7
85 10 9
85 9 8
85 14 13
85 13 12
86 16 15
86 15 11
86 11 6
86 6 3
86 3 0
86 3 2
86 2 1
86 6 5
86 5 4
86 11 10
86 10 8
86 8 7
86 10 9
86 15 14
86 14 13
86 13 12
87 14 13
87 13 11
87 11 9
87 9 8
87 8 6
87 6 0
87 6 5
87 5 4
87 4 2
87 2 1
87 4 3
87 8 7
87 11 10
87 13 12
88 17 16
88 16 12
88 12 7
88 7 5
88 5 4
88 4 2
88 2 0
88 2 1
88 4 3
88 7 6
88 12 11
88 11 9
88 9 8
88 11 10
88 16 15
88 15 14
88 14 13
89 15 12
89 12 11
89 11 9
89 9 8
89 8 7
89 7 6
89 6 0
89 6 5
89 5 4
89 4 3
89 3 2
89 2 1
89 11 10
89 15 14
89 14 13
90 16 5
90 5 3
90 3 2
90 2 1
90 1 0
90 5 4
90 16 15
90 15 9
90 9 6
90 9 8
90 8 7
90 15 14
90 14 12
90 12 11
90 11 10
90 14 13
91 15 0
91 15 14
91 14 13
91 13 12
91 12 10
91 10 9
91 9 1
91 9 8
91 8 5
91 5 4
91 4 2
91 4 3
91 8 7
91 7 6
91 12 11
92 18 6
92 6 0
92 6 5
92 5 1
92 5 4
92 4 2
92 4 3
92 18 17
92 17 10
92 10 9
92 9 8
92 8 7
92 17 16
92 16 11
92 16 15
92 15 14
92 14 13
92 13 12
93 16 13
93 13 8
93 8 3
93 3 1
93 1 0
93 3 2
93 8 7
93 7 4
93 7 6
93 6 5
93 13 12
93 12 11
93 11 10
93 10 9
93 16 15
93 15 14
94 15 14
94 14 12
94 12 11
94 11 10
94 10 9
94 9 6
94 6 0
94 6 5
94 5 4
94 4 1
94 4 3
94 3 2
94 9 8
94 8 7
94 14 13
95 15 14
95 14 13
95 13 11
95 11 10
95 10 0
95 10 9
95 9 3
95 3 1
95 3 2
95 9 8
95 8 7
95 7 6
95 6 5
95 5 4
95 13 12
96 17 0
96 17 16
96 16 15
96 15 14
96 14 13
96 13 2
96 2 1
96 13 12
96 12 3
96 12 11
96 11 9
96 9 8
96 8 7
96 7 5
96 5 4
96 7 6
96 11 10
97 17 0
97 17 16
97 16 15
97 15 14
97 14 1
97 14 13
97 13 2
97 13 12
97 12 4
97 4 3
97 12 11
97 11 10
97 10 5
97 10 9
97 9 6
97 9 8
97 8 7
98 14 5
98 5 3
98 3 1
98 1 0
98 3 2
98 5 4
98 14 13
98 13 12
98 12 7
98 7 6
98 12 11
98 11 10
98 10 9
98 9 8
99 16 15
99 15 14
99 14 12
99 12 1
99 1 0
99 12 11
99 11 9
99 9 6
99 6 5
99 5 4
99 4 2
99 4 3
99 9 8
99 8 7
99 11 10
99 14 13
100 15 12
100 12 9
100 9 1
100 1 0
100 9 8
100 8 7
100 7 3
100 3 2
100 7 6
100 6 4
100 6 5
100 12 11
100 11 10
100 15 14
100 14 13
101 18 17
101 17 15
101 15 13
101 13 11
101 11 1
101 1 0
101 11 10
101 10 4
101 4 2
101 4 3
101 10 9
101 9 8
101 8 7
101 7 6
101 6 5
101 13 12
101 15 14
101 17 16
