1 17 16
1 16 15
1 15 7
1 7 2
1 2 0
1 2 1
1 7 6
1 6 4
1 4 3
1 6 5
1 15 14
1 14 8
1 14 13
1 13 9
1 13 12
1 12 11
1 11 10
2 15 14
2 14 0
2 14 13
2 13 6
2 6 5
2 5 1
2 5 4
2 4 3
2 3 2
2 13 12
2 12 7
2 12 11
2 11 8
2 11 10
2 10 9
3 14 13
3 13 11
3 11 4
3 4 1
3 1 0
3 4 3
3 3 2
3 11 10
3 10 9
3 9 7
3 7 6
3 6 5
3 9 8
3 13 12
4 16 8
4 8 5
4 5 4
4 4 2
4 2 0
4 2 1
4 4 3
4 8 7
4 7 6
4 16 15
4 15 14
4 14 10
4 10 9
4 14 13
4 13 12
4 12 11
5 14 0
5 14 13
5 13 11
5 11 8
5 8 7
5 7 3
5 3 1
5 3 2
5 7 6
5 6 5
5 5 4
5 11 10
5 10 9
5 13 12
6 15 13
6 13 0
6 13 12
6 12 10
6 10 7
6 7 6
6 6 3
6 3 1
6 3 2
6 6 5
6 5 4
6 10 9
6 9 8
6 12 11
6 15 14
7 19 17
7 17 16
7 16 15
7 15 13
7 13 9
7 9 0
7 9 8
7 8 2
7 2 1
7 8 7
7 7 5
7 5 4
7 4 3
7 7 6
7 13 12
7 12 10
7 12 11
7 15 14
7 19 18
8 16 15
8 15 12
8 12 8
8 8 1
8 1 0
8 8 7
8 7 6
8 6 5
8 5 4
8 4 3
8 3 2
8 12 11
8 11 9
8 11 10
8 15 14
8 14 13
9 16 15
9 15 14
9 14 12
9 12 10
9 10 4
9 4 2
9 2 1
9 1 0
9 4 3
9 10 9
9 9 8
9 8 6
9 6 5
9 8 7
9 12 11
9 14 13
10 14 13
10 13 11
10 11 10
10 10 8
10 8 5
10 5 4
10 4 2
10 2 1
10 1 0
10 4 3
10 8 7
10 7 6
10 10 9
10 13 12
11 15 0
11 15 14
11 14 13
11 13 10
11 10 1
11 10 9
11 9 2
11 9 8
11 8 5
11 5 3
11 5 4
11 8 7
11 7 6
11 13 12
11 12 11
12 16 15
12 15 14
12 14 0
12 14 13
12 13 10
12 10 8
12 8 6
12 6 4
12 4 3
12 3 1
12 3 2
12 6 5
12 8 7
12 10 9
12 13 12
12 12 11
13 15 14
13 14 13
13 13 0
13 13 12
13 12 5
13 5 1
13 5 4
13 4 2
13 4 3
13 12 11
13 11 10
13 10 6
13 10 9
13 9 8
13 8 7
14 17 16
14 16 14
14 14 13
14 13 12
14 12 2
14 2 1
14 1 0
14 12 11
14 11 6
14 6 4
14 4 3
14 6 5
14 11 10
14 10 9
14 9 8
14 8 7
14 16 15
15 18 13
15 13 12
15 12 10
15 10 4
15 4 3
15 3 2
15 2 1
15 1 0
15 10 9
15 9 8
15 8 7
15 7 6
15 6 5
15 12 11
15 18 17
15 17 16
15 16 14
15 16 15
16 19 18
16 18 16
16 16 15
16 15 14
16 14 11
16 11 0
16 11 10
16 10 3
16 3 1
16 3 2
16 10 9
16 9 5
16 5 4
16 9 8
16 8 6
16 8 7
16 14 13
16 13 12
16 18 17
17 15 14
17 14 0
17 14 13
17 13 4
17 4 2
17 2 1
17 4 3
17 13 12
17 12 11
17 11 10
17 10 8
17 8 7
17 7 5
17 7 6
17 10 9
18 15 14
18 14 1
18 1 0
18 14 13
18 13 12
18 12 2
18 12 11
18 11 6
18 6 4
18 4 3
18 6 5
18 11 10
18 10 8
18 8 7
18 10 9
19 14 13
19 13 7
19 7 5
19 5 3
19 3 2
19 2 0
19 2 1
19 5 4
19 7 6
19 13 12
19 12 8
19 12 11
19 11 10
19 10 9
20 14 12
20 12 0
20 12 11
20 11 8
20 8 2
20 2 1
20 8 7
20 7 4
20 4 3
20 7 6
20 6 5
20 11 10
20 10 9
20 14 13
21 19 18
21 18 1
21 1 0
21 18 17
21 17 16
21 16 15
21 15 3
21 3 2
21 15 14
21 14 8
21 8 6
21 6 5
21 5 4
21 8 7
21 14 13
21 13 9
21 13 12
21 12 10
21 12 11
22 18 5
22 5 3
22 3 2
22 2 1
22 1 0
22 5 4
22 18 17
22 17 15
22 15 6
22 15 14
22 14 9
22 9 8
22 8 7
22 14 13
22 13 11
22 11 10
22 13 12
22 17 16
23 19 18
23 18 0
23 18 17
23 17 16
23 16 1
23 16 15
23 15 2
23 15 14
23 14 13
23 13 10
23 10 4
23 4 3
23 10 9
23 9 6
23 6 5
23 9 8
23 8 7
23 13 12
23 12 11
24 17 3
24 3 2
24 2 1
24 1 0
24 17 16
24 16 15
24 15 14
24 14 13
24 13 7
24 7 6
24 6 4
24 6 5
24 13 12
24 12 11
24 11 8
24 11 10
24 10 9
25 17 2
25 2 0
25 2 1
25 17 16
25 16 6
25 6 5
25 5 4
25 4 3
25 16 15
25 15 13
25 13 7
25 13 12
25 12 9
25 9 8
25 12 11
25 11 10
25 15 14
26 17 9
26 9 0
26 9 8
26 8 6
26 6 1
26 6 5
26 5 4
26 4 3
26 3 2
26 8 7
26 17 16
26 16 13
26 13 10
26 13 12
26 12 11
26 16 15
26 15 14
27 17 16
27 16 8
27 8 7
27 7 6
27 6 5
27 5 4
27 4 3
27 3 1
27 1 0
27 3 2
27 16 15
27 15 13
27 13 10
27 10 9
27 13 12
27 12 11
27 15 14
28 17 6
28 6 4
28 4 3
28 3 2
28 2 0
28 2 1
28 6 5
28 17 16
28 16 15
28 15 14
28 14 13
28 13 12
28 12 11
28 11 10
28 10 9
28 9 8
28 8 7
29 14 3
29 3 1
29 1 0
29 3 2
29 14 13
29 13 4
29 13 12
29 12 7
29 7 6
29 6 5
29 12 11
29 11 10
29 10 9
29 9 8
30 17 15
30 15 0
30 15 14
30 14 4
30 4 1
30 4 3
30 3 2
30 14 13
30 13 12
30 12 5
30 12 11
30 11 10
30 10 9
30 9 6
30 9 8
30 8 7
30 17 16
31 18 13
31 13 12
31 12 11
31 11 10
31 10 9
31 9 8
31 8 3
31 3 0
31 3 2
31 2 1
31 8 7
31 7 5
31 5 4
31 7 6
31 18 17
31 17 16
31 16 14
31 16 15
32 18 13
32 13 6
32 6 0
32 6 5
32 5 2
32 2 1
32 5 4
32 4 3
32 13 12
32 12 11
32 11 10
32 10 9
32 9 7
32 9 8
32 18 17
32 17 14
32 17 16
32 16 15
33 15 8
33 8 7
33 7 3
33 3 2
33 2 0
33 2 1
33 7 6
33 6 5
33 5 4
33 15 14
33 14 13
33 13 12
33 12 11
33 11 9
33 11 10
34 18 17
34 17 16
34 16 0
34 16 15
34 15 1
34 15 14
34 14 13
34 13 7
34 7 3
34 3 2
34 7 6
34 6 4
34 6 5
34 13 12
34 12 8
34 12 11
34 11 9
34 11 10
35 16 14
35 14 12
35 12 0
35 12 11
35 11 2
35 2 1
35 11 10
35 10 9
35 9 7
35 7 6
35 6 4
35 4 3
35 6 5
35 9 8
35 14 13
35 16 15
36 16 15
36 15 14
36 14 12
36 12 1
36 1 0
36 12 11
36 11 9
36 9 7
36 7 3
36 3 2
36 7 6
36 6 4
36 6 5
36 9 8
36 11 10
36 14 13
37 16 15
37 15 13
37 13 1
37 1 0
37 13 12
37 12 2
37 12 11
37 11 7
37 7 6
37 6 5
37 5 3
37 5 4
37 11 10
37 10 9
37 9 8
37 15 14
38 15 14
38 14 9
38 9 7
38 7 0
38 7 6
38 6 5
38 5 4
38 4 3
38 3 1
38 3 2
38 9 8
38 14 13
38 13 10
38 13 12
38 12 11
39 19 1
39 1 0
39 19 18
39 18 16
39 16 15
39 15 13
39 13 8
39 8 4
39 4 3
39 3 2
39 8 7
39 7 6
39 6 5
39 13 12
39 12 9
39 12 11
39 11 10
39 15 14
39 18 17
40 15 9
40 9 8
40 8 6
40 6 5
40 5 2
40 2 1
40 1 0
40 5 4
40 4 3
40 8 7
40 15 14
40 14 12
40 12 11
40 11 10
40 14 13
41 17 16
41 16 15
41 15 13
41 13 11
41 11 9
41 9 1
41 1 0
41 9 8
41 8 6
41 6 3
41 3 2
41 6 5
41 5 4
41 8 7
41 11 10
41 13 12
41 15 14
42 18 17
42 17 15
42 15 14
42 14 8
42 8 0
42 8 7
42 7 3
42 3 2
42 2 1
42 7 6
42 6 5
42 5 4
42 14 13
42 13 12
42 12 11
42 11 9
42 11 10
42 17 16
43 14 0
43 14 13
43 13 11
43 11 10
43 10 3
43 3 2
43 2 1
43 10 9
43 9 4
43 9 8
43 8 6
43 6 5
43 8 7
43 13 12
44 14 11
44 11 7
44 7 6
44 6 4
44 4 2
44 2 0
44 2 1
44 4 3
44 6 5
44 11 10
44 10 9
44 9 8
44 14 13
44 13 12
45 19 18
45 18 1
45 1 0
45 18 17
45 17 16
45 16 15
45 15 2
45 15 14
45 14 13
45 13 12
45 12 7
45 7 6
45 6 4
45 4 3
45 6 5
45 12 11
45 11 9
45 9 8
45 11 10
46 19 8
46 8 6
46 6 5
46 5 3
46 3 2
46 2 0
46 2 1
46 5 4
46 8 7
46 19 18
46 18 15
46 15 11
46 11 10
46 10 9
46 15 14
46 14 12
46 14 13
46 18 17
46 17 16
47 15 14
47 14 3
47 3 1
47 1 0
47 3 2
47 14 13
47 13 7
47 7 6
47 6 4
47 6 5
47 13 12
47 12 9
47 9 8
47 12 11
47 11 10
48 18 17
48 17 2
48 2 0
48 2 1
48 17 16
48 16 10
48 10 3
48 10 9
48 9 8
48 8 7
48 7 4
48 7 6
48 6 5
48 16 15
48 15 14
48 14 13
48 13 12
48 12 11
49 16 2
49 2 1
49 1 0
49 16 15
49 15 14
49 14 13
49 13 12
49 12 3
49 12 11
49 11 8
49 8 7
49 7 6
49 6 5
49 5 4
49 11 10
49 10 9
50 18 0
50 18 17
50 17 2
50 2 1
50 17 16
50 16 14
50 14 13
50 13 12
50 12 11
50 11 3
50 11 10
50 10 9
50 9 7
50 7 5
50 5 4
50 7 6
50 9 8
50 16 15
51 18 7
51 7 2
51 2 0
51 2 1
51 7 6
51 6 5
51 5 4
51 4 3
51 18 17
51 17 16
51 16 14
51 14 13
51 13 12
51 12 11
51 11 10
51 10 9
51 9 8
51 16 15
52 19 12
52 12 11
52 11 10
52 10 8
52 8 5
52 5 3
52 3 2
52 2 0
52 2 1
52 5 4
52 8 7
52 7 6
52 10 9
52 19 18
52 18 16
52 16 13
52 16 15
52 15 14
52 18 17
53 18 0
53 18 17
53 17 1
53 17 16
53 16 3
53 3 2
53 16 15
53 15 4
53 15 14
53 14 5
53 14 13
53 13 12
53 12 6
53 12 11
53 11 7
53 11 10
53 10 9
53 9 8
54 17 14
54 14 13
54 13 0
54 13 12
54 12 11
54 11 10
54 10 1
54 10 9
54 9 8
54 8 7
54 7 3
54 3 2
54 7 6
54 6 4
54 6 5
54 17 16
54 16 15
55 16 14
55 14 0
55 14 13
55 13 12
55 12 11
55 11 10
55 10 8
55 8 1
55 8 7
55 7 5
55 5 4
55 4 2
55 4 3
55 7 6
55 10 9
55 16 15
56 17 15
56 15 2
56 2 0
56 2 1
56 15 14
56 14 13
56 13 6
56 6 5
56 5 3
56 5 4
56 13 12
56 12 9
56 9 8
56 8 7
56 12 11
56 11 10
56 17 16
57 14 13
57 13 10
57 10 2
57 2 1
57 1 0
57 10 9
57 9 7
57 7 6
57 6 3
57 6 5
57 5 4
57 9 8
57 13 12
57 12 11
58 18 17
58 17 16
58 16 0
58 16 15
58 15 3
58 3 1
58 3 2
58 15 14
58 14 13
58 13 4
58 13 12
58 12 10
58 10 7
58 7 5
58 7 6
58 10 9
58 9 8
58 12 11
59 17 16
59 16 1
59 1 0
59 16 15
59 15 13
59 13 12
59 12 10
59 10 7
59 7 6
59 6 5
59 5 4
59 4 2
59 4 3
59 10 9
59 9 8
59 12 11
59 15 14
60 17 7
60 7 0
60 7 6
60 6 2
60 2 1
60 6 5
60 5 3
60 5 4
60 17 16
60 16 15
60 15 14
60 14 12
60 12 9
60 9 8
60 12 11
60 11 10
60 14 13
61 14 10
61 10 0
61 10 9
61 9 3
61 3 2
61 2 1
61 9 8
61 8 5
61 5 4
61 8 7
61 7 6
61 14 13
61 13 11
61 13 12
62 16 15
62 15 4
62 4 2
62 2 1
62 1 0
62 4 3
62 15 14
62 14 9
62 9 5
62 9 8
62 8 7
62 7 6
62 14 13
62 13 10
62 13 12
62 12 11
63 15 0
63 15 14
63 14 13
63 13 12
63 12 11
63 11 10
63 10 8
63 8 3
63 3 2
63 2 1
63 8 7
63 7 4
63 7 6
63 6 5
63 10 9
64 17 16
64 16 9
64 9 1
64 1 0
64 9 8
64 8 7
64 7 4
64 4 3
64 3 2
64 7 6
64 6 5
64 16 15
64 15 10
64 15 14
64 14 13
64 13 12
64 12 11
65 15 4
65 4 3
65 3 0
65 3 2
65 2 1
65 15 14
65 14 13
65 13 12
65 12 6
65 6 5
65 12 11
65 11 7
65 11 10
65 10 9
65 9 8
66 14 7
66 7 6
66 6 0
66 6 5
66 5 1
66 5 4
66 4 3
66 3 2
66 14 13
66 13 10
66 10 8
66 10 9
66 13 12
66 12 11
67 18 2
67 2 1
67 1 0
67 18 17
67 17 3
67 17 16
67 16 15
67 15 4
67 15 14
67 14 13
67 13 12
67 12 11
67 11 5
67 11 10
67 10 6
67 10 9
67 9 8
67 8 7
68 18 17
68 17 4
68 4 0
68 4 3
68 3 2
68 2 1
68 17 16
68 16 12
68 12 11
68 11 10
68 10 7
68 7 6
68 6 5
68 10 9
68 9 8
68 16 15
68 15 14
68 14 13
69 16 0
69 16 15
69 15 14
69 14 6
69 6 5
69 5 3
69 3 1
69 3 2
69 5 4
69 14 13
69 13 7
69 13 12
69 12 11
69 11 10
69 10 9
69 9 8
70 16 0
70 16 15
70 15 1
70 15 14
70 14 9
70 9 2
70 9 8
70 8 4
70 4 3
70 8 7
70 7 5
70 7 6
70 14 13
70 13 12
70 12 10
70 12 11
71 15 14
71 14 13
71 13 11
71 11 10
71 10 0
71 10 9
71 9 8
71 8 7
71 7 6
71 6 5
71 5 4
71 4 3
71 3 1
71 3 2
71 13 12
72 16 13
72 13 12
72 12 9
72 9 8
72 8 7
72 7 6
72 6 0
72 6 5
72 5 2
72 2 1
72 5 4
72 4 3
72 12 11
72 11 10
72 16 15
72 15 14
73 14 13
73 13 4
73 4 2
73 2 1
73 1 0
73 4 3
73 13 12
73 12 10
73 10 9
73 9 5
73 9 8
73 8 6
73 8 7
73 12 11
74 19 2
74 2 0
74 2 1
74 19 18
74 18 11
74 11 8
74 8 6
74 6 3
74 6 5
74 5 4
74 8 7
74 11 10
74 10 9
74 18 17
74 17 16
74 16 14
74 14 13
74 13 12
74 16 15
75 19 13
75 13 8
75 8 7
75 7 6
75 6 1
75 1 0
75 6 5
75 5 2
75 5 4
75 4 3
75 13 12
75 12 9
75 12 11
75 11 10
75 19 18
75 18 17
75 17 16
75 16 14
75 16 15
76 15 13
76 13 0
76 13 12
76 12 11
76 11 10
76 10 7
76 7 3
76 3 1
76 3 2
76 7 6
76 6 4
76 6 5
76 10 9
76 9 8
76 15 14
77 18 15
77 15 14
77 14 13
77 13 12
77 12 11
77 11 9
77 9 2
77 2 1
77 1 0
77 9 8
77 8 7
77 7 6
77 6 4
77 4 3
77 6 5
77 11 10
77 18 17
77 17 16
78 16 3
78 3 0
78 3 2
78 2 1
78 16 15
78 15 14
78 14 13
78 13 4
78 13 12
78 12 11
78 11 9
78 9 7
78 7 5
78 7 6
78 9 8
78 11 10
79 16 7
79 7 1
79 1 0
79 7 6
79 6 4
79 4 2
79 4 3
79 6 5
79 16 15
79 15 12
79 12 10
79 10 9
79 9 8
79 12 11
79 15 14
79 14 13
80 14 13
80 13 12
80 12 1
80 1 0
80 12 11
80 11 10
80 10 2
80 10 9
80 9 4
80 4 3
80 9 8
80 8 5
80 8 7
80 7 6
81 15 1
81 1 0
81 15 14
81 14 13
81 13 12
81 12 9
81 9 5
81 5 3
81 3 2
81 5 4
81 9 8
81 8 7
81 7 6
81 12 11
81 11 10
82 17 3
82 3 2
82 2 1
82 1 0
82 17 16
82 16 7
82 7 5
82 5 4
82 7 6
82 16 15
82 15 14
82 14 13
82 13 8
82 13 12
82 12 11
82 11 9
82 11 10
83 17 16
83 16 15
83 15 0
83 15 14
83 14 13
83 13 8
83 8 7
83 7 5
83 5 3
83 3 2
83 2 1
83 5 4
83 7 6
83 13 12
83 12 9
83 12 11
83 11 10
84 14 3
84 3 0
84 3 2
84 2 1
84 14 13
84 13 12
84 12 11
84 11 7
84 7 6
84 6 4
84 6 5
84 11 10
84 10 9
84 9 8
85 16 15
85 15 13
85 13 3
85 3 2
85 2 0
85 2 1
85 13 12
85 12 4
85 12 11
85 11 9
85 9 8
85 8 5
85 8 7
85 7 6
85 11 10
85 15 14
86 19 8
86 8 7
86 7 6
86 6 5
86 5 4
86 4 0
86 4 3
86 3 1
86 3 2
86 19 18
86 18 15
86 15 13
86 13 11
86 11 10
86 10 9
86 13 12
86 15 14
86 18 17
86 17 16
87 14 13
87 13 7
87 7 3
87 3 2
87 2 1
87 1 0
87 7 6
87 6 4
87 6 5
87 13 12
87 12 11
87 11 9
87 9 8
87 11 10
88 17 15
88 15 13
88 13 9
88 9 8
88 8 7
88 7 5
88 5 4
88 4 0
88 4 3
88 3 2
88 2 1
88 7 6
88 13 12
88 12 10
88 12 11
88 15 14
88 17 16
89 14 11
89 11 10
89 10 8
89 8 0
89 8 7
89 7 5
89 5 4
89 4 3
89 3 1
89 3 2
89 7 6
89 10 9
89 14 13
89 13 12
90 15 13
90 13 12
90 12 10
90 10 0
90 10 9
90 9 1
90 9 8
90 8 7
90 7 4
90 4 2
90 4 3
90 7 6
90 6 5
90 12 11
90 15 14
91 14 2
91 2 1
91 1 0
91 14 13
91 13 12
91 12 3
91 12 11
91 11 4
91 11 10
91 10 6
91 6 5
91 10 9
91 9 8
91 8 7
92 19 18
92 18 5
92 5 3
92 3 2
92 2 1
92 1 0
92 5 4
92 18 17
92 17 6
92 17 16
92 16 7
92 16 15
92 15 8
92 15 14
92 14 13
92 13 11
92 11 9
92 11 10
92 13 12
93 18 3
93 3 2
93 2 0
93 2 1
93 18 17
93 17 4
93 17 16
93 16 7
93 7 6
93 6 5
93 16 15
93 15 14
93 14 11
93 11 8
93 11 10
93 10 9
93 14 13
93 13 12
94 19 2
94 2 0
94 2 1
94 19 18
94 18 16
94 16 12
94 12 9
94 9 8
94 8 5
94 5 4
94 4 3
94 8 7
94 7 6
94 12 11
94 11 10
94 16 15
94 15 13
94 15 14
94 18 17
95 15 0
95 15 14
95 14 4
95 4 3
95 3 2
95 2 1
95 14 13
95 13 7
95 7 6
95 6 5
95 13 12
95 12 11
95 11 10
95 10 8
95 10 9
96 14 0
96 14 13
96 13 12
96 12 11
96 11 10
96 10 9
96 9 7
96 7 6
96 6 4
96 4 3
96 3 1
96 3 2
96 6 5
96 9 8
97 14 12
97 12 11
97 11 10
97 10 6
97 6 5
97 5 0
97 5 4
97 4 3
97 3 2
97 2 1
97 10 9
97 9 7
97 9 8
97 14 13
98 18 17
98 17 2
98 2 1
98 1 0
98 17 16
98 16 15
98 15 13
98 13 6
98 6 4
98 4 3
98 6 5
98 13 12
98 12 11
98 11 9
98 9 8
98 8 7
98 11 10
98 15 14
99 18 2
99 2 1
99 1 0
99 18 17
99 17 16
99 16 15
99 15 12
99 12 11
99 11 7
99 7 6
99 6 4
99 4 3
99 6 5
99 11 10
99 10 8
99 10 9
99 15 14
99 14 13
100 18 17
100 17 16
100 16 0
100 16 15
100 15 1
100 15 14
100 14 4
100 4 2
100 4 3
100 14 13
100 13 12
100 12 11
100 11 9
100 9 8
100 8 7
100 7 6
100 6 5
100 11 10
101 14 13
101 13 12
101 12 11
101 11 2
101 2 0
101 2 1
101 11 10
101 10 3
101 10 9
101 9 8
101 8 6
101 6 4
101 6 5
101 8 7
