1 15 13
1 13 1
1 1 0
1 13 12
1 12 11
1 11 2
1 11 10
1 10 6
1 6 4
1 4 3
1 6 5
1 10 9
1 9 7
1 9 8
1 15 14
2 18 17
2 17 0
2 17 16
2 16 2
2 2 1
2 16 15
2 15 4
2 4 3
2 15 14
2 14 6
2 6 5
2 14 13
2 13 7
2 13 12
2 12 11
2 11 10
2 10 8
2 10 9
3 14 11
3 11 10
3 10 6
3 6 4
3 4 0
3 4 3
3 3 2
3 2 1
3 6 5
3 10 9
3 9 8
3 8 7
3 14 13
3 13 12
4 14 13
4 13 1
4 1 0
4 13 12
4 12 7
4 7 5
4 5 4
4 4 3
4 3 2
4 7 6
4 12 11
4 11 8
4 11 10
4 10 9
5 19 8
5 8 6
5 6 5
5 5 4
5 4 3
5 3 2
5 2 1
5 1 0
5 8 7
5 19 18
5 18 17
5 17 9
5 17 16
5 16 12
5 12 11
5 11 10
5 16 15
5 15 14
5 14 13
6 18 3
6 3 1
6 1 0
6 3 2
6 18 17
6 17 4
6 17 16
6 16 10
6 10 9
6 9 5
6 9 8
6 8 7
6 7 6
6 16 15
6 15 13
6 13 11
6 13 12
6 15 14
7 14 13
7 13 12
7 12 11
7 11 4
7 4 2
7 2 0
7 2 1
7 4 3
7 11 10
7 10 9
7 9 7
7 7 6
7 6 5
7 9 8
8 18 17
8 17 15
8 15 4
8 4 3
8 3 0
8 3 2
8 2 1
8 15 14
8 14 13
8 13 12
8 12 11
8 11 5
8 11 10
8 10 8
8 8 6
8 8 7
8 10 9
8 17 16
9 14 0
9 14 13
9 13 10
9 10 8
9 8 1
9 8 7
9 7 2
9 7 6
9 6 3
9 6 5
9 5 4
9 10 9
9 13 12
9 12 11
10 18 0
10 18 17
10 17 12
10 12 11
10 11 10
10 10 9
10 9 1
10 9 8
10 8 3
10 3 2
10 8 7
10 7 6
10 6 4
10 6 5
10 17 16
10 16 13
10 16 15
10 15 14
11 18 0
11 18 17
11 17 1
11 17 16
11 16 2
11 16 15
11 15 6
11 6 3
11 6 5
11 5 4
11 15 14
11 14 7
11 14 13
11 13 9
11 9 8
11 13 12
11 12 10
11 12 11
12 14 13
12 13 12
12 12 6
12 6 2
12 2 1
12 1 0
12 6 5
12 5 3
12 5 4
12 12 11
12 11 7
12 11 10
12 10 9
12 9 8
13 16 15
13 15 14
13 14 13
13 13 8
13 8 7
13 7 6
13 6 4
13 4 0
13 4 3
13 3 2
13 2 1
13 6 5
13 13 12
13 12 10
13 10 9
13 12 11
14 14 10
14 10 9
14 9 7
14 7 4
14 4 3
14 3 2
14 2 1
14 1 0
14 7 6
14 6 5
14 9 8
14 14 13
14 13 11
14 13 12
15 14 10
15 10 0
15 10 9
15 9 8
15 8 7
15 7 6
15 6 5
15 5 4
15 4 3
15 3 2
15 2 1
15 14 13
15 13 11
15 13 12
16 16 7
16 7 5
16 5 0
16 5 4
16 4 3
16 3 2
16 2 1
16 7 6
16 16 15
16 15 12
16 12 11
16 11 10
16 10 8
16 10 9
16 15 14
16 14 13
17 15 14
17 14 13
17 13 12
17 12 10
17 10 4
17 4 0
17 4 3
17 3 2
17 2 1
17 10 9
17 9 5
17 9 8
17 8 6
17 8 7
17 12 11
18 18 13
18 13 0
18 13 12
18 12 11
18 11 10
18 10 9
18 9 8
18 8 7
18 7 6
18 6 2
18 2 1
18 6 5
18 5 3
18 5 4
18 18 17
18 17 16
18 16 15
18 15 14
19 17 10
19 10 9
19 9 6
19 6 0
19 6 5
19 5 4
19 4 2
19 2 1
19 4 3
19 9 8
19 8 7
19 17 16
19 16 11
19 16 15
19 15 14
19 14 13
19 13 12
20 18 16
20 16 15
20 15 14
20 14 12
20 12 10
20 10 1
20 1 0
20 10 9
20 9 7
20 7 6
20 6 5
20 5 4
20 4 2
20 4 3
20 9 8
20 12 11
20 14 13
20 18 17
21 16 14
21 14 13
21 13 12
21 12 5
21 5 0
21 5 4
21 4 1
21 4 3
21 3 2
21 12 11
21 11 6
21 11 10
21 10 7
21 10 9
21 9 8
21 16 15
22 17 16
22 16 10
22 10 9
22 9 8
22 8 0
22 8 7
22 7 5
22 5 1
22 5 4
22 4 2
22 4 3
22 7 6
22 16 15
22 15 13
22 13 12
22 12 11
22 15 14
23 17 10
23 10 0
23 10 9
23 9 8
23 8 7
23 7 6
23 6 1
23 6 5
23 5 3
23 3 2
23 5 4
23 17 16
23 16 15
23 15 11
23 15 14
23 14 12
23 14 13
24 15 9
24 9 8
24 8 7
24 7 5
24 5 4
24 4 3
24 3 2
24 2 1
24 1 0
24 7 6
24 15 14
24 14 11
24 11 10
24 14 13
24 13 12
25 18 14
25 14 1
25 1 0
25 14 13
25 13 11
25 11 2
25 11 10
25 10 4
25 4 3
25 10 9
25 9 8
25 8 7
25 7 6
25 6 5
25 13 12
25 18 17
25 17 16
25 16 15
26 14 12
26 12 0
26 12 11
26 11 9
26 9 5
26 5 4
26 4 1
26 4 3
26 3 2
26 9 8
26 8 6
26 8 7
26 11 10
26 14 13
27 16 0
27 16 15
27 15 13
27 13 9
27 9 8
27 8 2
27 2 1
27 8 7
27 7 6
27 6 5
27 5 3
27 5 4
27 13 12
27 12 11
27 11 10
27 15 14
28 15 7
28 7 0
28 7 6
28 6 5
28 5 3
28 3 2
28 2 1
28 5 4
28 15 14
28 14 9
28 9 8
28 14 13
28 13 10
28 13 12
28 12 11
29 15 6
29 6 4
29 4 2
29 2 0
29 2 1
29 4 3
29 6 5
29 15 14
29 14 13
29 13 12
29 12 7
29 12 11
29 11 10
29 10 9
29 9 8
30 14 11
30 11 8
30 8 1
30 1 0
30 8 7
30 7 6
30 6 5
30 5 3
30 3 2
30 5 4
30 11 10
30 10 9
30 14 13
30 13 12
31 17 16
31 16 15
31 15 14
31 14 7
31 7 6
31 6 5
31 5 2
31 2 1
31 1 0
31 5 4
31 4 3
31 14 13
31 13 12
31 12 11
31 11 8
31 11 10
31 10 9
32 16 8
32 8 3
32 3 2
32 2 1
32 1 0
32 8 7
32 7 4
32 7 6
32 6 5
32 16 15
32 15 13
32 13 12
32 12 10
32 10 9
32 12 11
32 15 14
33 15 6
33 6 4
33 4 2
33 2 0
33 2 1
33 4 3
33 6 5
33 15 14
33 14 13
33 13 11
33 11 10
33 10 9
33 9 7
33 9 8
33 13 12
34 16 13
34 13 12
34 12 11
34 11 1
34 1 0
34 11 10
34 10 9
34 9 8
34 8 7
34 7 6
34 6 3
34 3 2
34 6 5
34 5 4
34 16 15
34 15 14
35 16 8
35 8 0
35 8 7
35 7 1
35 7 6
35 6 5
35 5 4
35 4 2
35 4 3
35 16 15
35 15 9
35 15 14
35 14 13
35 13 12
35 12 11
35 11 10
36 18 16
36 16 15
36 15 14
36 14 13
36 13 11
36 11 6
36 6 5
36 5 4
36 4 3
36 3 1
36 1 0
36 3 2
36 11 10
36 10 8
36 8 7
36 10 9
36 13 12
36 18 17
37 17 16
37 16 14
37 14 0
37 14 13
37 13 7
37 7 1
37 7 6
37 6 2
37 6 5
37 5 3
37 5 4
37 13 12
37 12 10
37 10 8
37 10 9
37 12 11
37 16 15
38 18 13
38 13 4
38 4 1
38 1 0
38 4 3
38 3 2
38 13 12
38 12 11
38 11 10
38 10 5
38 10 9
38 9 6
38 9 8
38 8 7
38 18 17
38 17 14
38 17 16
38 16 15
39 15 12
39 12 8
39 8 6
39 6 5
39 5 3
39 3 2
39 2 0
39 2 1
39 5 4
39 8 7
39 12 11
39 11 10
39 10 9
39 15 14
39 14 13
40 14 9
40 9 7
40 7 6
40 6 1
40 1 0
40 6 5
40 5 4
40 4 3
40 3 2
40 9 8
40 14 13
40 13 12
40 12 10
40 12 11
41 18 16
41 16 15
41 15 7
41 7 6
41 6 5
41 5 4
41 4 2
41 2 0
41 2 1
41 4 3
41 15 14
41 14 13
41 13 12
41 12 8
41 12 11
41 11 10
41 10 9
41 18 17
42 14 13
42 13 3
42 3 2
42 2 0
42 2 1
42 13 12
42 12 10
42 10 8
42 8 6
42 6 5
42 5 4
42 8 7
42 10 9
42 12 11
43 17 15
43 15 10
43 10 0
43 10 9
43 9 8
43 8 4
43 4 3
43 3 2
43 2 1
43 8 7
43 7 6
43 6 5
43 15 14
43 14 12
43 12 11
43 14 13
43 17 16
44 17 3
44 3 0
44 3 2
44 2 1
44 17 16
44 16 15
44 15 14
44 14 10
44 10 9
44 9 5
44 5 4
44 9 8
44 8 7
44 7 6
44 14 13
44 13 11
44 13 12
45 17 7
45 7 2
45 2 0
45 2 1
45 7 6
45 6 3
45 6 5
45 5 4
45 17 16
45 16 14
45 14 13
45 13 12
45 12 11
45 11 10
45 10 9
45 9 8
45 16 15
46 16 3
46 3 1
46 1 0
46 3 2
46 16 15
46 15 4
46 15 14
46 14 9
46 9 8
46 8 6
46 6 5
46 8 7
46 14 13
46 13 12
46 12 10
46 12 11
47 14 13
47 13 1
47 1 0
47 13 12
47 12 11
47 11 10
47 10 8
47 8 7
47 7 2
47 7 6
47 6 3
47 6 5
47 5 4
47 10 9
48 17 16
48 16 15
48 15 14
48 14 0
48 14 13
48 13 4
48 4 3
48 3 2
48 2 1
48 13 12
48 12 11
48 11 10
48 10 9
48 9 5
48 9 8
48 8 7
48 7 6
49 17 6
49 6 5
49 5 4
49 4 0
49 4 3
49 3 1
49 3 2
49 17 16
49 16 13
49 13 12
49 12 11
49 11 9
49 9 8
49 8 7
49 11 10
49 16 15
49 15 14
50 16 1
50 1 0
50 16 15
50 15 14
50 14 11
50 11 6
50 6 5
50 5 4
50 4 3
50 3 2
50 11 10
50 10 8
50 8 7
50 10 9
50 14 13
50 13 12
51 14 13
51 13 11
51 11 10
51 10 7
51 7 3
51 3 0
51 3 2
51 2 1
51 7 6
51 6 5
51 5 4
51 10 9
51 9 8
51 13 12
52 19 3
52 3 2
52 2 1
52 1 0
52 19 18
52 18 16
52 16 13
52 13 4
52 13 12
52 12 11
52 11 5
52 11 10
52 10 9
52 9 7
52 7 6
52 9 8
52 16 15
52 15 14
52 18 17
53 18 10
53 10 7
53 7 6
53 6 5
53 5 3
53 3 2
53 2 0
53 2 1
53 5 4
53 10 9
53 9 8
53 18 17
53 17 11
53 17 16
53 16 13
53 13 12
53 16 15
53 15 14
54 15 5
54 5 4
54 4 0
54 4 3
54 3 2
54 2 1
54 15 14
54 14 13
54 13 12
54 12 8
54 8 6
54 8 7
54 12 11
54 11 10
54 10 9
55 18 12
55 12 11
55 11 10
55 10 9
55 9 7
55 7 5
55 5 4
55 4 3
55 3 1
55 1 0
55 3 2
55 7 6
55 9 8
55 18 17
55 17 13
55 17 16
55 16 14
55 16 15
56 16 15
56 15 6
56 6 0
56 6 5
56 5 4
56 4 1
56 4 3
56 3 2
56 15 14
56 14 13
56 13 12
56 12 9
56 9 7
56 9 8
56 12 11
56 11 10
57 17 0
57 17 16
57 16 11
57 11 10
57 10 9
57 9 7
57 7 1
57 7 6
57 6 5
57 5 3
57 3 2
57 5 4
57 9 8
57 16 15
57 15 12
57 15 14
57 14 13
58 16 15
58 15 14
58 14 12
58 12 1
58 1 0
58 12 11
58 11 2
58 11 10
58 10 9
58 9 8
58 8 6
58 6 4
58 4 3
58 6 5
58 8 7
58 14 13
59 18 14
59 14 1
59 1 0
59 14 13
59 13 7
59 7 6
59 6 3
59 3 2
59 6 5
59 5 4
59 13 12
59 12 11
59 11 9
59 9 8
59 11 10
59 18 17
59 17 16
59 16 15
60 15 2
60 2 1
60 1 0
60 15 14
60 14 3
60 14 13
60 13 12
60 12 11
60 11 8
60 8 7
60 7 4
60 7 6
60 6 5
60 11 10
60 10 9
61 15 13
61 13 0
61 13 12
61 12 1
61 12 11
61 11 10
61 10 2
61 10 9
61 9 5
61 5 3
61 5 4
61 9 8
61 8 6
61 8 7
61 15 14
62 14 0
62 14 13
62 13 9
62 9 7
62 7 6
62 6 2
62 2 1
62 6 5
62 5 3
62 5 4
62 9 8
62 13 12
62 12 10
62 12 11
63 18 0
63 18 17
63 17 14
63 14 10
63 10 4
63 4 3
63 3 1
63 3 2
63 10 9
63 9 5
63 9 8
63 8 6
63 8 7
63 14 13
63 13 11
63 13 12
63 17 16
63 16 15
64 14 13
64 13 0
64 13 12
64 12 11
64 11 9
64 9 8
64 8 6
64 6 1
64 6 5
64 5 4
64 4 3
64 3 2
64 8 7
64 11 10
65 17 11
65 11 0
65 11 10
65 10 9
65 9 7
65 7 2
65 2 1
65 7 6
65 6 5
65 5 4
65 4 3
65 9 8
65 17 16
65 16 14
65 14 12
65 14 13
65 16 15
66 16 1
66 1 0
66 16 15
66 15 3
66 3 2
66 15 14
66 14 9
66 9 8
66 8 7
66 7 6
66 6 4
66 6 5
66 14 13
66 13 11
66 11 10
66 13 12
67 19 17
67 17 15
67 15 13
67 13 12
67 12 11
67 11 7
67 7 0
67 7 6
67 6 4
67 4 3
67 3 1
67 3 2
67 6 5
67 11 10
67 10 9
67 9 8
67 15 14
67 17 16
67 19 18
68 19 1
68 1 0
68 19 18
68 18 16
68 16 15
68 15 3
68 3 2
68 15 14
68 14 4
68 14 13
68 13 11
68 11 9
68 9 5
68 9 8
68 8 7
68 7 6
68 11 10
68 13 12
68 18 17
69 16 15
69 15 0
69 15 14
69 14 1
69 14 13
69 13 11
69 11 10
69 10 8
69 8 7
69 7 2
69 7 6
69 6 4
69 4 3
69 6 5
69 10 9
69 13 12
70 18 0
70 18 17
70 17 16
70 16 1
70 16 15
70 15 13
70 13 3
70 3 2
70 13 12
70 12 9
70 9 8
70 8 5
70 5 4
70 8 7
70 7 6
70 12 11
70 11 10
70 15 14
71 18 1
71 1 0
71 18 17
71 17 14
71 14 2
71 14 13
71 13 9
71 9 8
71 8 6
71 6 4
71 4 3
71 6 5
71 8 7
71 13 12
71 12 11
71 11 10
71 17 16
71 16 15
72 19 18
72 18 17
72 17 16
72 16 5
72 5 3
72 3 2
72 2 1
72 1 0
72 5 4
72 16 15
72 15 13
72 13 12
72 12 8
72 8 7
72 7 6
72 12 11
72 11 10
72 10 9
72 15 14
73 15 14
73 14 12
73 12 2
73 2 1
73 1 0
73 12 11
73 11 3
73 11 10
73 10 9
73 9 7
73 7 6
73 6 4
73 6 5
73 9 8
73 14 13
74 15 0
74 15 14
74 14 5
74 5 4
74 4 2
74 2 1
74 4 3
74 14 13
74 13 9
74 9 6
74 9 8
74 8 7
74 13 12
74 12 11
74 11 10
75 19 0
75 19 18
75 18 17
75 17 6
75 6 1
75 6 5
75 5 4
75 4 3
75 3 2
75 17 16
75 16 14
75 14 13
75 13 12
75 12 11
75 11 10
75 10 7
75 10 9
75 9 8
75 16 15
76 16 14
76 14 12
76 12 0
76 12 11
76 11 1
76 11 10
76 10 9
76 9 8
76 8 7
76 7 6
76 6 4
76 4 3
76 3 2
76 6 5
76 14 13
76 16 15
77 14 0
77 14 13
77 13 12
77 12 7
77 7 3
77 3 1
77 3 2
77 7 6
77 6 5
77 5 4
77 12 11
77 11 8
77 11 10
77 10 9
78 15 14
78 14 11
78 11 10
78 10 9
78 9 8
78 8 7
78 7 6
78 6 4
78 4 3
78 3 0
78 3 2
78 2 1
78 6 5
78 14 13
78 13 12
79 15 7
79 7 3
79 3 0
79 3 2
79 2 1
79 7 6
79 6 4
79 6 5
79 15 14
79 14 12
79 12 8
79 12 11
79 11 9
79 11 10
79 14 13
80 18 17
80 17 7
80 7 5
80 5 4
80 4 0
80 4 3
80 3 1
80 3 2
80 7 6
80 17 16
80 16 15
80 15 12
80 12 10
80 10 9
80 9 8
80 12 11
80 15 14
80 14 13
81 18 9
81 9 8
81 8 7
81 7 6
81 6 5
81 5 0
81 5 4
81 4 3
81 3 1
81 3 2
81 18 17
81 17 16
81 16 15
81 15 13
81 13 11
81 11 10
81 13 12
81 15 14
82 16 1
82 1 0
82 16 15
82 15 2
82 15 14
82 14 4
82 4 3
82 14 13
82 13 12
82 12 7
82 7 6
82 6 5
82 12 11
82 11 9
82 9 8
82 11 10
83 14 0
83 14 13
83 13 12
83 12 11
83 11 2
83 2 1
83 11 10
83 10 4
83 4 3
83 10 9
83 9 7
83 7 5
83 7 6
83 9 8
84 16 8
84 8 1
84 1 0
84 8 7
84 7 6
84 6 5
84 5 4
84 4 3
84 3 2
84 16 15
84 15 14
84 14 12
84 12 10
84 10 9
84 12 11
84 14 13
85 14 13
85 13 12
85 12 10
85 10 8
85 8 0
85 8 7
85 7 1
85 7 6
85 6 2
85 6 5
85 5 3
85 5 4
85 10 9
85 12 11
86 16 0
86 16 15
86 15 3
86 3 2
86 2 1
86 15 14
86 14 13
86 13 7
86 7 5
86 5 4
86 7 6
86 13 12
86 12 8
86 12 11
86 11 10
86 10 9
87 14 13
87 13 6
87 6 2
87 2 1
87 1 0
87 6 5
87 5 4
87 4 3
87 13 12
87 12 11
87 11 10
87 10 8
87 8 7
87 10 9
88 17 16
88 16 15
88 15 2
88 2 1
88 1 0
88 15 14
88 14 3
88 14 13
88 13 4
88 13 12
88 12 7
88 7 6
88 6 5
88 12 11
88 11 8
88 11 10
88 10 9
89 14 1
89 1 0
89 14 13
89 13 10
89 10 9
89 9 8
89 8 7
89 7 2
89 7 6
89 6 5
89 5 3
89 5 4
89 13 12
89 12 11
90 18 1
90 1 0
90 18 17
90 17 3
90 3 2
90 17 16
90 16 14
90 14 13
90 13 12
90 12 8
90 8 7
90 7 4
90 7 6
90 6 5
90 12 11
90 11 10
90 10 9
90 16 15
91 18 16
91 16 15
91 15 14
91 14 12
91 12 11
91 11 8
91 8 5
91 5 4
91 4 3
91 3 2
91 2 1
91 1 0
91 8 7
91 7 6
91 11 10
91 10 9
91 14 13
91 18 17
92 19 14
92 14 12
92 12 4
92 4 1
92 1 0
92 4 3
92 3 2
92 12 11
92 11 10
92 10 9
92 9 8
92 8 6
92 6 5
92 8 7
92 14 13
92 19 18
92 18 17
92 17 16
92 16 15
93 15 14
93 14 7
93 7 6
93 6 3
93 3 0
93 3 2
93 2 1
93 6 5
93 5 4
93 14 13
93 13 8
93 13 12
93 12 11
93 11 10
93 10 9
94 16 15
94 15 7
94 7 6
94 6 5
94 5 1
94 1 0
94 5 4
94 4 3
94 3 2
94 15 14
94 14 9
94 9 8
94 14 13
94 13 12
94 12 11
94 11 10
95 14 1
95 1 0
95 14 13
95 13 12
95 12 11
95 11 7
95 7 6
95 6 2
95 6 5
95 5 4
95 4 3
95 11 10
95 10 9
95 9 8
96 14 1
96 1 0
96 14 13
96 13 12
96 12 11
96 11 2
96 11 10
96 10 3
96 10 9
96 9 5
96 5 4
96 9 8
96 8 6
96 8 7
97 17 1
97 1 0
97 17 16
97 16 13
97 13 7
97 7 3
97 3 2
97 7 6
97 6 4
97 6 5
97 13 12
97 12 8
97 12 11
97 11 10
97 10 9
97 16 15
97 15 14
98 17 14
98 14 1
98 1 0
98 14 13
98 13 3
98 3 2
98 13 12
98 12 10
98 10 4
98 10 9
98 9 8
98 8 6
98 6 5
98 8 7
98 12 11
98 17 16
98 16 15
99 17 16
99 16 15
99 15 0
99 15 14
99 14 10
99 10 7
99 7 6
99 6 5
99 5 4
99 4 2
99 2 1
99 4 3
99 10 9
99 9 8
99 14 13
99 13 11
99 13 12
100 19 18
100 18 0
100 18 17
100 17 11
100 11 2
100 2 1
100 11 10
100 10 5
100 5 3
100 5 4
100 10 9
100 9 6
100 9 8
100 8 7
100 17 16
100 16 14
100 14 12
100 14 13
100 16 15
101 16 2
101 2 1
101 1 0
101 16 15
101 15 13
101 13 4
101 4 3
101 13 12
101 12 11
101 11 6
101 6 5
101 11 10
101 10 9
101 9 8
101 8 7
101 15 14
