1 18 17
1 17 0
1 17 16
1 16 3
1 3 2
1 2 1
1 16 15
1 15 4
1 15 14
1 14 13
1 13 11
1 11 10
1 10 8
1 8 5
1 8 7
1 7 6
1 10 9
1 13 12
2 17 16
2 16 2
2 2 1
2 1 0
2 16 15
2 15 11
2 11 3
2 11 10
2 10 8
2 8 6
2 6 4
2 6 5
2 8 7
2 10 9
2 15 14
2 14 13
2 13 12
3 19 18
3 18 17
3 17 5
3 5 4
3 4 3
3 3 2
3 2 0
3 2 1
3 17 16
3 16 11
3 11 10
3 10 8
3 8 6
3 8 7
3 10 9
3 16 15
3 15 14
3 14 13
3 13 12
4 18 4
4 4 0
4 4 3
4 3 1
4 3 2
4 18 17
4 17 16
4 16 15
4 15 14
4 14 10
4 10 5
4 10 9
4 9 8
4 8 7
4 7 6
4 14 13
4 13 12
4 12 11
5 17 2
5 2 1
5 1 0
5 17 16
5 16 13
5 13 11
5 11 3
5 11 10
5 10 9
5 9 8
5 8 7
5 7 4
5 7 6
5 6 5
5 13 12
5 16 15
5 15 14
6 19 18
6 18 15
6 15 0
6 15 14
6 14 13
6 13 12
6 12 3
6 3 1
6 3 2
6 12 11
6 11 7
6 7 6
6 6 4
6 6 5
6 11 10
6 10 8
6 10 9
6 18 17
6 17 16
7 15 14
7 14 13
7 13 3
7 3 2
7 2 1
7 1 0
7 13 12
7 12 5
7 5 4
7 12 11
7 11 10
7 10 8
7 8 6
7 8 7
7 10 9
8 18 17
8 17 2
8 2 0
8 2 1
8 17 16
8 16 15
8 15 14
8 14 12
8 12 10
8 10 4
8 4 3
8 10 9
8 9 8
8 8 7
8 7 6
8 6 5
8 12 11
8 14 13
9 17 12
9 12 7
9 7 0
9 7 6
9 6 4
9 4 3
9 3 1
9 3 2
9 6 5
9 12 11
9 11 10
9 10 9
9 9 8
9 17 16
9 16 15
9 15 13
9 15 14
10 17 16
10 16 3
10 3 0
10 3 2
10 2 1
10 16 15
10 15 8
10 8 4
10 8 7
10 7 5
10 7 6
10 15 14
10 14 9
10 14 13
10 13 12
10 12 10
10 12 11
11 18 17
11 17 10
11 10 3
11 3 2
11 2 1
11 1 0
11 10 9
11 9 8
11 8 7
11 7 5
11 5 4
11 7 6
11 17 16
11 16 11
11 16 15
11 15 13
11 13 12
11 15 14
12 19 18
12 18 16
12 16 15
12 15 13
12 13 12
12 12 11
12 11 9
12 9 3
12 3 2
12 2 1
12 1 0
12 9 8
12 8 4
12 8 7
12 7 6
12 6 5
12 11 10
12 15 14
12 18 17
13 16 14
13 14 13
13 13 10
13 10 9
13 9 8
13 8 6
13 6 5
13 5 0
13 5 4
13 4 1
13 4 3
13 3 2
13 8 7
13 13 12
13 12 11
13 16 15
14 16 15
14 15 14
14 14 0
14 14 13
14 13 10
14 10 6
14 6 5
14 5 4
14 4 2
14 2 1
14 4 3
14 10 9
14 9 7
14 9 8
14 13 12
14 12 11
15 14 13
15 13 12
15 12 1
15 1 0
15 12 11
15 11 10
15 10 2
15 10 9
15 9 7
15 7 6
15 6 4
15 4 3
15 6 5
15 9 8
16 19 18
16 18 17
16 17 14
16 14 0
16 14 13
16 13 11
16 11 7
16 7 6
16 6 1
16 6 5
16 5 3
16 3 2
16 5 4
16 11 10
16 10 9
16 9 8
16 13 12
16 17 16
16 16 15
17 14 12
17 12 1
17 1 0
17 12 11
17 11 6
17 6 2
17 6 5
17 5 3
17 5 4
17 11 10
17 10 7
17 10 9
17 9 8
17 14 13
18 15 2
18 2 1
18 1 0
18 15 14
18 14 9
18 9 8
18 8 3
18 8 7
18 7 6
18 6 4
18 6 5
18 14 13
18 13 12
18 12 10
18 12 11
19 14 13
19 13 0
19 13 12
19 12 11
19 11 1
19 11 10
19 10 5
19 5 4
19 4 3
19 3 2
19 10 9
19 9 8
19 8 7
19 7 6
20 15 12
20 12 2
20 2 1
20 1 0
20 12 11
20 11 10
20 10 8
20 8 7
20 7 5
20 5 3
20 5 4
20 7 6
20 10 9
20 15 14
20 14 13
21 18 17
21 17 16
21 16 15
21 15 0
21 15 14
21 14 13
21 13 12
21 12 11
21 11 9
21 9 8
21 8 7
21 7 6
21 6 4
21 4 2
21 2 1
21 4 3
21 6 5
21 11 10
22 15 13
22 13 12
22 12 1
22 1 0
22 12 11
22 11 10
22 10 9
22 9 8
22 8 7
22 7 5
22 5 2
22 5 4
22 4 3
22 7 6
22 15 14
23 18 16
23 16 15
23 15 1
23 1 0
23 15 14
23 14 12
23 12 6
23 6 5
23 5 4
23 4 2
23 4 3
23 12 11
23 11 10
23 10 9
23 9 7
23 9 8
23 14 13
23 18 17
24 17 15
24 15 10
24 10 0
24 10 9
24 9 8
24 8 7
24 7 6
24 6 2
24 2 1
24 6 5
24 5 3
24 5 4
24 15 14
24 14 12
24 12 11
24 14 13
24 17 16
25 19 0
25 19 18
25 18 17
25 17 16
25 16 15
25 15 12
25 12 6
25 6 5
25 5 4
25 4 2
25 2 1
25 4 3
25 12 11
25 11 7
25 11 10
25 10 8
25 10 9
25 15 14
25 14 13
26 19 18
26 18 10
26 10 0
26 10 9
26 9 8
26 8 2
26 2 1
26 8 7
26 7 6
26 6 5
26 5 4
26 4 3
26 18 17
26 17 16
26 16 15
26 15 14
26 14 12
26 12 11
26 14 13
27 16 15
27 15 0
27 15 14
27 14 13
27 13 12
27 12 4
27 4 1
27 4 3
27 3 2
27 12 11
27 11 10
27 10 9
27 9 6
27 6 5
27 9 8
27 8 7
28 18 16
28 16 15
28 15 0
28 15 14
28 14 13
28 13 12
28 12 11
28 11 9
28 9 6
28 6 5
28 5 2
28 2 1
28 5 4
28 4 3
28 9 8
28 8 7
28 11 10
28 18 17
29 18 17
29 17 5
29 5 4
29 4 1
29 1 0
29 4 3
29 3 2
29 17 16
29 16 12
29 12 11
29 11 6
29 11 10
29 10 9
29 9 8
29 8 7
29 16 15
29 15 13
29 15 14
30 16 15
30 15 11
30 11 2
30 2 1
30 1 0
30 11 10
30 10 9
30 9 6
30 6 5
30 5 4
30 4 3
30 9 8
30 8 7
30 15 14
30 14 13
30 13 12
31 17 16
31 16 7
31 7 0
31 7 6
31 6 5
31 5 4
31 4 3
31 3 2
31 2 1
31 16 15
31 15 12
31 12 11
31 11 10
31 10 8
31 10 9
31 15 14
31 14 13
32 14 13
32 13 12
32 12 7
32 7 3
32 3 0
32 3 2
32 2 1
32 7 6
32 6 5
32 5 4
32 12 11
32 11 9
32 9 8
32 11 10
33 15 2
33 2 1
33 1 0
33 15 14
33 14 12
33 12 9
33 9 8
33 8 7
33 7 6
33 6 4
33 4 3
33 6 5
33 12 11
33 11 10
33 14 13
34 18 17
34 17 2
34 2 1
34 1 0
34 17 16
34 16 3
34 16 15
34 15 12
34 12 5
34 5 4
34 12 11
34 11 9
34 9 8
34 8 6
34 8 7
34 11 10
34 15 14
34 14 13
35 17 13
35 13 12
35 12 1
35 1 0
35 12 11
35 11 8
35 8 7
35 7 6
35 6 2
35 6 5
35 5 4
35 4 3
35 11 10
35 10 9
35 17 16
35 16 14
35 16 15
36 14 13
36 13 12
36 12 2
36 2 0
36 2 1
36 12 11
36 11 5
36 5 3
36 5 4
36 11 10
36 10 8
36 8 6
36 8 7
36 10 9
37 17 9
37 9 7
37 7 4
37 4 3
37 3 0
37 3 2
37 2 1
37 7 6
37 6 5
37 9 8
37 17 16
37 16 15
37 15 13
37 13 12
37 12 11
37 11 10
37 15 14
38 14 1
38 1 0
38 14 13
38 13 2
38 13 12
38 12 3
38 12 11
38 11 8
38 8 7
38 7 5
38 5 4
38 7 6
38 11 10
38 10 9
39 18 0
39 18 17
39 17 14
39 14 12
39 12 6
39 6 5
39 5 1
39 5 4
39 4 2
39 4 3
39 12 11
39 11 10
39 10 9
39 9 8
39 8 7
39 14 13
39 17 16
39 16 15
40 19 18
40 18 7
40 7 1
40 1 0
40 7 6
40 6 5
40 5 4
40 4 2
40 4 3
40 18 17
40 17 16
40 16 14
40 14 8
40 14 13
40 13 12
40 12 9
40 12 11
40 11 10
40 16 15
41 16 14
41 14 12
41 12 11
41 11 0
41 11 10
41 10 6
41 6 5
41 5 4
41 4 3
41 3 1
41 3 2
41 10 9
41 9 7
41 9 8
41 14 13
41 16 15
42 14 13
42 13 12
42 12 1
42 1 0
42 12 11
42 11 4
42 4 2
42 4 3
42 11 10
42 10 8
42 8 5
42 8 7
42 7 6
42 10 9
43 16 14
43 14 13
43 13 12
43 12 1
43 1 0
43 12 11
43 11 2
43 11 10
43 10 5
43 5 4
43 4 3
43 10 9
43 9 7
43 7 6
43 9 8
43 16 15
44 18 16
44 16 0
44 16 15
44 15 9
44 9 2
44 2 1
44 9 8
44 8 3
44 8 7
44 7 4
44 7 6
44 6 5
44 15 14
44 14 12
44 12 11
44 11 10
44 14 13
44 18 17
45 14 0
45 14 13
45 13 1
45 13 12
45 12 11
45 11 10
45 10 9
45 9 8
45 8 7
45 7 5
45 5 4
45 4 3
45 3 2
45 7 6
46 17 8
46 8 1
46 1 0
46 8 7
46 7 6
46 6 4
46 4 2
46 4 3
46 6 5
46 17 16
46 16 9
46 16 15
46 15 11
46 11 10
46 15 14
46 14 13
46 13 12
47 14 10
47 10 9
47 9 7
47 7 2
47 2 1
47 1 0
47 7 6
47 6 3
47 6 5
47 5 4
47 9 8
47 14 13
47 13 11
47 13 12
48 18 17
48 17 16
48 16 15
48 15 0
48 15 14
48 14 10
48 10 8
48 8 6
48 6 5
48 5 4
48 4 1
48 4 3
48 3 2
48 8 7
48 10 9
48 14 13
48 13 12
48 12 11
49 15 14
49 14 13
49 13 1
49 1 0
49 13 12
49 12 11
49 11 10
49 10 9
49 9 2
49 9 8
49 8 6
49 6 3
49 6 5
49 5 4
49 8 7
50 14 8
50 8 0
50 8 7
50 7 2
50 2 1
50 7 6
50 6 3
50 6 5
50 5 4
50 14 13
50 13 9
50 13 12
50 12 10
50 12 11
51 14 13
51 13 0
51 13 12
51 12 11
51 11 10
51 10 7
51 7 6
51 6 2
51 2 1
51 6 5
51 5 4
51 4 3
51 10 9
51 9 8
52 19 8
52 8 6
52 6 0
52 6 5
52 5 4
52 4 1
52 4 3
52 3 2
52 8 7
52 19 18
52 18 17
52 17 16
52 16 15
52 15 13
52 13 9
52 13 12
52 12 10
52 12 11
52 15 14
53 15 14
53 14 0
53 14 13
53 13 4
53 4 2
53 2 1
53 4 3
53 13 12
53 12 11
53 11 7
53 7 5
53 7 6
53 11 10
53 10 9
53 9 8
54 18 16
54 16 13
54 13 12
54 12 11
54 11 10
54 10 9
54 9 8
54 8 6
54 6 1
54 1 0
54 6 5
54 5 3
54 3 2
54 5 4
54 8 7
54 16 15
54 15 14
54 18 17
55 14 7
55 7 3
55 3 2
55 2 1
55 1 0
55 7 6
55 6 4
55 6 5
55 14 13
55 13 8
55 13 12
55 12 11
55 11 9
55 11 10
56 18 0
56 18 17
56 17 15
56 15 14
56 14 13
56 13 12
56 12 10
56 10 7
56 7 5
56 5 2
56 2 1
56 5 4
56 4 3
56 7 6
56 10 9
56 9 8
56 12 11
56 17 16
57 16 15
57 15 14
57 14 0
57 14 13
57 13 6
57 6 4
57 4 3
57 3 2
57 2 1
57 6 5
57 13 12
57 12 9
57 9 7
57 9 8
57 12 11
57 11 10
58 17 6
58 6 5
58 5 4
58 4 2
58 2 0
58 2 1
58 4 3
58 17 16
58 16 15
58 15 8
58 8 7
58 15 14
58 14 13
58 13 9
58 13 12
58 12 10
58 12 11
59 16 15
59 15 0
59 15 14
59 14 13
59 13 4
59 4 1
59 4 3
59 3 2
59 13 12
59 12 8
59 8 7
59 7 6
59 6 5
59 12 11
59 11 10
59 10 9
60 15 14
60 14 2
60 2 0
60 2 1
60 14 13
60 13 11
60 11 5
60 5 3
60 5 4
60 11 10
60 10 9
60 9 7
60 7 6
60 9 8
60 13 12
61 14 13
61 13 9
61 9 6
61 6 1
61 1 0
61 6 5
61 5 2
61 5 4
61 4 3
61 9 8
61 8 7
61 13 12
61 12 10
61 12 11
62 14 4
62 4 3
62 3 2
62 2 0
62 2 1
62 14 13
62 13 12
62 12 9
62 9 8
62 8 5
62 8 7
62 7 6
62 12 11
62 11 10
63 18 17
63 17 1
63 1 0
63 17 16
63 16 15
63 15 14
63 14 2
63 14 13
63 13 8
63 8 3
63 8 7
63 7 6
63 6 5
63 5 4
63 13 12
63 12 11
63 11 10
63 10 9
64 18 17
64 17 16
64 16 15
64 15 14
64 14 8
64 8 7
64 7 0
64 7 6
64 6 5
64 5 4
64 4 2
64 2 1
64 4 3
64 14 13
64 13 12
64 12 11
64 11 9
64 11 10
65 17 2
65 2 0
65 2 1
65 17 16
65 16 13
65 13 12
65 12 11
65 11 7
65 7 6
65 6 4
65 4 3
65 6 5
65 11 10
65 10 8
65 10 9
65 16 15
65 15 14
66 15 0
66 15 14
66 14 2
66 2 1
66 14 13
66 13 3
66 13 12
66 12 9
66 9 8
66 8 4
66 8 7
66 7 5
66 7 6
66 12 11
66 11 10
67 18 16
67 16 14
67 14 12
67 12 6
67 6 2
67 2 1
67 1 0
67 6 5
67 5 3
67 5 4
67 12 11
67 11 7
67 11 10
67 10 9
67 9 8
67 14 13
67 16 15
67 18 17
68 19 18
68 18 17
68 17 14
68 14 12
68 12 7
68 7 0
68 7 6
68 6 5
68 5 3
68 3 1
68 3 2
68 5 4
68 12 11
68 11 8
68 11 10
68 10 9
68 14 13
68 17 16
68 16 15
69 18 17
69 17 15
69 15 6
69 6 5
69 5 3
69 3 2
69 2 0
69 2 1
69 5 4
69 15 14
69 14 13
69 13 11
69 11 7
69 11 10
69 10 8
69 10 9
69 13 12
69 17 16
70 15 1
70 1 0
70 15 14
70 14 12
70 12 4
70 4 2
70 4 3
70 12 11
70 11 5
70 11 10
70 10 9
70 9 8
70 8 6
70 8 7
70 14 13
71 15 6
71 6 4
71 4 3
71 3 0
71 3 2
71 2 1
71 6 5
71 15 14
71 14 13
71 13 12
71 12 7
71 12 11
71 11 9
71 9 8
71 11 10
72 17 0
72 17 16
72 16 7
72 7 6
72 6 5
72 5 1
72 5 4
72 4 3
72 3 2
72 16 15
72 15 14
72 14 12
72 12 11
72 11 9
72 9 8
72 11 10
72 14 13
73 18 13
73 13 11
73 11 9
73 9 8
73 8 7
73 7 6
73 6 5
73 5 4
73 4 0
73 4 3
73 3 1
73 3 2
73 11 10
73 13 12
73 18 17
73 17 14
73 17 16
73 16 15
74 15 14
74 14 12
74 12 2
74 2 0
74 2 1
74 12 11
74 11 8
74 8 3
74 8 7
74 7 4
74 7 6
74 6 5
74 11 10
74 10 9
74 14 13
75 18 17
75 17 15
75 15 14
75 14 5
75 5 4
75 4 0
75 4 3
75 3 1
75 3 2
75 14 13
75 13 7
75 7 6
75 13 12
75 12 8
75 12 11
75 11 10
75 10 9
75 17 16
76 18 16
76 16 7
76 7 6
76 6 5
76 5 0
76 5 4
76 4 3
76 3 2
76 2 1
76 16 15
76 15 14
76 14 12
76 12 11
76 11 10
76 10 8
76 10 9
76 14 13
76 18 17
77 19 0
77 19 18
77 18 17
77 17 15
77 15 1
77 15 14
77 14 13
77 13 12
77 12 11
77 11 10
77 10 2
77 10 9
77 9 7
77 7 5
77 5 4
77 4 3
77 7 6
77 9 8
77 17 16
78 17 16
78 16 15
78 15 14
78 14 13
78 13 12
78 12 11
78 11 10
78 10 9
78 9 8
78 8 6
78 6 1
78 1 0
78 6 5
78 5 3
78 3 2
78 5 4
78 8 7
79 16 6
79 6 1
79 1 0
79 6 5
79 5 4
79 4 3
79 3 2
79 16 15
79 15 13
79 13 12
79 12 9
79 9 7
79 9 8
79 12 11
79 11 10
79 15 14
80 16 15
80 15 3
80 3 2
80 2 1
80 1 0
80 15 14
80 14 13
80 13 12
80 12 6
80 6 5
80 5 4
80 12 11
80 11 9
80 9 8
80 8 7
80 11 10
81 16 14
81 14 0
81 14 13
81 13 7
81 7 1
81 7 6
81 6 5
81 5 2
81 5 4
81 4 3
81 13 12
81 12 8
81 12 11
81 11 10
81 10 9
81 16 15
82 16 12
82 12 11
82 11 10
82 10 9
82 9 8
82 8 7
82 7 6
82 6 3
82 3 1
82 1 0
82 3 2
82 6 5
82 5 4
82 16 15
82 15 14
82 14 13
83 17 0
83 17 16
83 16 1
83 16 15
83 15 2
83 15 14
83 14 13
83 13 7
83 7 5
83 5 3
83 5 4
83 7 6
83 13 12
83 12 11
83 11 9
83 9 8
83 11 10
84 15 13
84 13 4
84 4 2
84 2 1
84 1 0
84 4 3
84 13 12
84 12 11
84 11 5
84 11 10
84 10 9
84 9 6
84 9 8
84 8 7
84 15 14
85 18 17
85 17 2
85 2 1
85 1 0
85 17 16
85 16 8
85 8 6
85 6 5
85 5 3
85 5 4
85 8 7
85 16 15
85 15 9
85 15 14
85 14 13
85 13 12
85 12 10
85 12 11
86 19 13
86 13 11
86 11 10
86 10 3
86 3 2
86 2 1
86 1 0
86 10 9
86 9 8
86 8 7
86 7 5
86 5 4
86 7 6
86 13 12
86 19 18
86 18 15
86 15 14
86 18 17
86 17 16
87 19 14
87 14 13
87 13 10
87 10 8
87 8 7
87 7 0
87 7 6
87 6 1
87 6 5
87 5 4
87 4 3
87 3 2
87 10 9
87 13 12
87 12 11
87 19 18
87 18 17
87 17 16
87 16 15
88 14 13
88 13 2
88 2 1
88 1 0
88 13 12
88 12 3
88 12 11
88 11 9
88 9 8
88 8 7
88 7 6
88 6 4
88 6 5
88 11 10
89 19 6
89 6 5
89 5 3
89 3 2
89 2 0
89 2 1
89 5 4
89 19 18
89 18 8
89 8 7
89 18 17
89 17 14
89 14 11
89 11 9
89 11 10
89 14 13
89 13 12
89 17 16
89 16 15
90 17 0
90 17 16
90 16 1
90 16 15
90 15 9
90 9 7
90 7 2
90 7 6
90 6 3
90 6 5
90 5 4
90 9 8
90 15 14
90 14 12
90 12 10
90 12 11
90 14 13
91 19 18
91 18 3
91 3 1
91 1 0
91 3 2
91 18 17
91 17 14
91 14 11
91 11 5
91 5 4
91 11 10
91 10 7
91 7 6
91 10 9
91 9 8
91 14 13
91 13 12
91 17 16
91 16 15
92 16 0
92 16 15
92 15 14
92 14 10
92 10 9
92 9 4
92 4 1
92 4 3
92 3 2
92 9 8
92 8 5
92 8 7
92 7 6
92 14 13
92 13 12
92 12 11
93 16 1
93 1 0
93 16 15
93 15 2
93 15 14
93 14 13
93 13 3
93 13 12
93 12 11
93 11 10
93 10 7
93 7 6
93 6 5
93 5 4
93 10 9
93 9 8
94 16 10
94 10 6
94 6 4
94 4 3
94 3 0
94 3 2
94 2 1
94 6 5
94 10 9
94 9 8
94 8 7
94 16 15
94 15 14
94 14 12
94 12 11
94 14 13
95 15 0
95 15 14
95 14 12
95 12 11
95 11 5
95 5 4
95 4 3
95 3 1
95 3 2
95 11 10
95 10 6
95 10 9
95 9 7
95 9 8
95 14 13
96 16 0
96 16 15
96 15 1
96 15 14
96 14 2
96 14 13
96 13 12
96 12 11
96 11 10
96 10 9
96 9 3
96 9 8
96 8 7
96 7 6
96 6 5
96 5 4
97 14 6
97 6 3
97 3 2
97 2 0
97 2 1
97 6 5
97 5 4
97 14 13
97 13 11
97 11 8
97 8 7
97 11 10
97 10 9
97 13 12
98 16 15
98 15 9
98 9 6
98 6 5
98 5 2
98 2 0
98 2 1
98 5 4
98 4 3
98 9 8
98 8 7
98 15 14
98 14 13
98 13 11
98 11 10
98 13 12
99 17 15
99 15 13
99 13 9
99 9 0
99 9 8
99 8 5
99 5 3
99 3 2
99 2 1
99 5 4
99 8 7
99 7 6
99 13 12
99 12 11
99 11 10
99 15 14
99 17 16
100 15 0
100 15 14
100 14 12
100 12 4
100 4 3
100 3 2
100 2 1
100 12 11
100 11 10
100 10 9
100 9 8
100 8 7
100 7 5
100 7 6
100 14 13
101 15 1
101 1 0
101 15 14
101 14 13
101 13 12
101 12 5
101 5 4
101 4 3
101 3 2
101 12 11
101 11 8
101 8 7
101 7 6
101 11 10
101 10 9
