1 14 13
1 13 11
1 11 0
1 11 10
1 10 4
1 4 3
1 3 2
1 2 1
1 10 9
1 9 8
1 8 6
1 6 5
1 8 7
1 13 12
2 17 14
2 14 12
2 12 11
2 11 8
2 8 7
2 7 4
2 4 2
2 2 1
2 1 0
2 4 3
2 7 6
2 6 5
2 11 10
2 10 9
2 14 13
2 17 16
2 16 15
3 15 14
3 14 13
3 13 12
3 12 11
3 11 10
3 10 6
3 6 0
3 6 5
3 5 1
3 5 4
3 4 3
3 3 2
3 10 9
3 9 7
3 9 8
4 15 12
4 12 4
4 4 2
4 2 1
4 1 0
4 4 3
4 12 11
4 11 10
4 10 9
4 9 7
4 7 5
4 7 6
4 9 8
4 15 14
4 14 13
5 15 14
5 14 13
5 13 10
5 10 9
5 9 1
5 1 0
5 9 8
5 8 4
5 4 3
5 3 2
5 8 7
5 7 5
5 7 6
5 13 12
5 12 11
6 14 0
6 14 13
6 13 3
6 3 1
6 3 2
6 13 12
6 12 11
6 11 5
6 5 4
6 11 10
6 10 9
6 9 8
6 8 7
6 7 6
7 17 15
7 15 14
7 14 10
7 10 9
7 9 8
7 8 7
7 7 5
7 5 4
7 4 2
7 2 1
7 1 0
7 4 3
7 7 6
7 14 13
7 13 12
7 12 11
7 17 16
8 15 11
8 11 7
8 7 6
8 6 0
8 6 5
8 5 1
8 5 4
8 4 3
8 3 2
8 11 10
8 10 8
8 10 9
8 15 14
8 14 13
8 13 12
9 17 11
9 11 0
9 11 10
9 10 7
9 7 6
9 6 4
9 4 3
9 3 1
9 3 2
9 6 5
9 10 9
9 9 8
9 17 16
9 16 12
9 16 15
9 15 13
9 15 14
10 14 12
10 12 11
10 11 10
10 10 5
10 5 3
10 3 2
10 2 0
10 2 1
10 5 4
10 10 9
10 9 6
10 9 8
10 8 7
10 14 13
11 15 7
11 7 6
11 6 0
11 6 5
11 5 1
11 5 4
11 4 3
11 3 2
11 15 14
11 14 8
11 14 13
11 13 12
11 12 11
11 11 9
11 11 10
12 14 13
12 13 1
12 1 0
12 13 12
12 12 11
12 11 10
12 10 4
12 4 2
12 4 3
12 10 9
12 9 8
12 8 6
12 6 5
12 8 7
13 16 15
13 15 13
13 13 11
13 11 0
13 11 10
13 10 9
13 9 8
13 8 7
13 7 5
13 5 2
13 2 1
13 5 4
13 4 3
13 7 6
13 13 12
13 15 14
14 17 16
14 16 15
14 15 14
14 14 9
14 9 7
14 7 1
14 1 0
14 7 6
14 6 4
14 4 3
14 3 2
14 6 5
14 9 8
14 14 13
14 13 11
14 11 10
14 13 12
15 16 14
15 14 13
15 13 4
15 4 3
15 3 1
15 1 0
15 3 2
15 13 12
15 12 11
15 11 10
15 10 5
15 10 9
15 9 8
15 8 7
15 7 6
15 16 15
16 14 12
16 12 0
16 12 11
16 11 10
16 10 9
16 9 5
16 5 3
16 3 2
16 2 1
16 5 4
16 9 8
16 8 6
16 8 7
16 14 13
17 19 0
17 19 18
17 18 16
17 16 11
17 11 10
17 10 3
17 3 2
17 2 1
17 10 9
17 9 8
17 8 7
17 7 6
17 6 5
17 5 4
17 16 15
17 15 12
17 15 14
17 14 13
17 18 17
18 14 13
18 13 12
18 12 10
18 10 9
18 9 7
18 7 6
18 6 5
18 5 4
18 4 3
18 3 0
18 3 2
18 2 1
18 9 8
18 12 11
19 14 13
19 13 12
19 12 10
19 10 9
19 9 7
19 7 5
19 5 4
19 4 3
19 3 1
19 1 0
19 3 2
19 7 6
19 9 8
19 12 11
20 15 14
20 14 13
20 13 12
20 12 10
20 10 7
20 7 0
20 7 6
20 6 1
20 6 5
20 5 4
20 4 3
20 3 2
20 10 9
20 9 8
20 12 11
21 14 11
21 11 1
21 1 0
21 11 10
21 10 9
21 9 5
21 5 3
21 3 2
21 5 4
21 9 8
21 8 6
21 8 7
21 14 13
21 13 12
22 19 1
22 1 0
22 19 18
22 18 17
22 17 16
22 16 2
22 16 15
22 15 14
22 14 3
22 14 13
22 13 12
22 12 10
22 10 9
22 9 8
22 8 4
22 8 7
22 7 6
22 6 5
22 12 11
23 15 0
23 15 14
23 14 7
23 7 6
23 6 5
23 5 4
23 4 2
23 2 1
23 4 3
23 14 13
23 13 12
23 12 11
23 11 10
23 10 9
23 9 8
24 19 18
24 18 17
24 17 1
24 1 0
24 17 16
24 16 7
24 7 6
24 6 5
24 5 4
24 4 2
24 4 3
24 16 15
24 15 14
24 14 13
24 13 11
24 11 8
24 11 10
24 10 9
24 13 12
25 14 13
25 13 5
25 5 2
25 2 0
25 2 1
25 5 4
25 4 3
25 13 12
25 12 8
25 8 6
25 8 7
25 12 11
25 11 9
25 11 10
26 15 13
26 13 0
26 13 12
26 12 5
26 5 2
26 2 1
26 5 4
26 4 3
26 12 11
26 11 10
26 10 7
26 7 6
26 10 9
26 9 8
26 15 14
27 14 2
27 2 1
27 1 0
27 14 13
27 13 5
27 5 4
27 4 3
27 13 12
27 12 6
27 12 11
27 11 10
27 10 7
27 10 9
27 9 8
28 17 1
28 1 0
28 17 16
28 16 14
28 14 2
28 14 13
28 13 8
28 8 4
28 4 3
28 8 7
28 7 5
28 7 6
28 13 12
28 12 9
28 12 11
28 11 10
28 16 15
29 17 7
29 7 6
29 6 5
29 5 0
29 5 4
29 4 1
29 4 3
29 3 2
29 17 16
29 16 12
29 12 11
29 11 10
29 10 9
29 9 8
29 16 15
29 15 13
29 15 14
30 15 14
30 14 12
30 12 3
30 3 0
30 3 2
30 2 1
30 12 11
30 11 10
30 10 9
30 9 8
30 8 4
30 8 7
30 7 6
30 6 5
30 14 13
31 18 14
31 14 12
31 12 0
31 12 11
31 11 6
31 6 4
31 4 1
31 4 3
31 3 2
31 6 5
31 11 10
31 10 9
31 9 7
31 9 8
31 14 13
31 18 17
31 17 15
31 17 16
32 16 14
32 14 13
32 13 9
32 9 5
32 5 0
32 5 4
32 4 3
32 3 2
32 2 1
32 9 8
32 8 6
32 8 7
32 13 12
32 12 10
32 12 11
32 16 15
33 14 0
33 14 13
33 13 8
33 8 7
33 7 3
33 3 1
33 3 2
33 7 6
33 6 5
33 5 4
33 13 12
33 12 10
33 10 9
33 12 11
34 16 13
34 13 12
34 12 11
34 11 10
34 10 9
34 9 1
34 1 0
34 9 8
34 8 3
34 3 2
34 8 7
34 7 6
34 6 4
34 6 5
34 16 15
34 15 14
35 19 5
35 5 4
35 4 0
35 4 3
35 3 1
35 3 2
35 19 18
35 18 15
35 15 6
35 15 14
35 14 13
35 13 7
35 13 12
35 12 10
35 10 8
35 10 9
35 12 11
35 18 17
35 17 16
36 14 13
36 13 11
36 11 10
36 10 9
36 9 7
36 7 0
36 7 6
36 6 2
36 2 1
36 6 5
36 5 3
36 5 4
36 9 8
36 13 12
37 15 13
37 13 12
37 12 11
37 11 10
37 10 9
37 9 7
37 7 5
37 5 0
37 5 4
37 4 1
37 4 3
37 3 2
37 7 6
37 9 8
37 15 14
38 18 17
38 17 16
38 16 15
38 15 10
38 10 4
38 4 3
38 3 2
38 2 0
38 2 1
38 10 9
38 9 8
38 8 7
38 7 6
38 6 5
38 15 14
38 14 12
38 12 11
38 14 13
39 16 15
39 15 14
39 14 13
39 13 0
39 13 12
39 12 7
39 7 4
39 4 1
39 4 3
39 3 2
39 7 6
39 6 5
39 12 11
39 11 10
39 10 9
39 9 8
40 16 5
40 5 3
40 3 2
40 2 0
40 2 1
40 5 4
40 16 15
40 15 14
40 14 10
40 10 6
40 10 9
40 9 7
40 9 8
40 14 13
40 13 12
40 12 11
41 14 13
41 13 6
41 6 5
41 5 4
41 4 3
41 3 2
41 2 0
41 2 1
41 13 12
41 12 9
41 9 8
41 8 7
41 12 11
41 11 10
42 18 1
42 1 0
42 18 17
42 17 16
42 16 15
42 15 14
42 14 13
42 13 10
42 10 9
42 9 7
42 7 6
42 6 5
42 5 4
42 4 2
42 4 3
42 9 8
42 13 12
42 12 11
43 15 14
43 14 6
43 6 4
43 4 3
43 3 0
43 3 2
43 2 1
43 6 5
43 14 13
43 13 9
43 9 8
43 8 7
43 13 12
43 12 10
43 12 11
44 18 16
44 16 6
44 6 5
44 5 4
44 4 1
44 1 0
44 4 3
44 3 2
44 16 15
44 15 9
44 9 7
44 9 8
44 15 14
44 14 13
44 13 12
44 12 11
44 11 10
44 18 17
45 15 0
45 15 14
45 14 12
45 12 10
45 10 8
45 8 1
45 8 7
45 7 6
45 6 2
45 6 5
45 5 4
45 4 3
45 10 9
45 12 11
45 14 13
46 14 13
46 13 12
46 12 3
46 3 0
46 3 2
46 2 1
46 12 11
46 11 6
46 6 4
46 6 5
46 11 10
46 10 9
46 9 8
46 8 7
47 16 15
47 15 5
47 5 3
47 3 1
47 1 0
47 3 2
47 5 4
47 15 14
47 14 8
47 8 7
47 7 6
47 14 13
47 13 12
47 12 11
47 11 9
47 11 10
48 15 14
48 14 8
48 8 2
48 2 0
48 2 1
48 8 7
48 7 6
48 6 4
48 4 3
48 6 5
48 14 13
48 13 9
48 13 12
48 12 11
48 11 10
49 16 4
49 4 1
49 1 0
49 4 3
49 3 2
49 16 15
49 15 6
49 6 5
49 15 14
49 14 13
49 13 10
49 10 9
49 9 8
49 8 7
49 13 12
49 12 11
50 15 14
50 14 13
50 13 0
50 13 12
50 12 1
50 12 11
50 11 10
50 10 9
50 9 8
50 8 6
50 6 4
50 4 3
50 3 2
50 6 5
50 8 7
51 17 4
51 4 0
51 4 3
51 3 1
51 3 2
51 17 16
51 16 15
51 15 13
51 13 11
51 11 9
51 9 8
51 8 7
51 7 5
51 7 6
51 11 10
51 13 12
51 15 14
52 14 10
52 10 8
52 8 3
52 3 2
52 2 0
52 2 1
52 8 7
52 7 5
52 5 4
52 7 6
52 10 9
52 14 13
52 13 12
52 12 11
53 15 10
53 10 1
53 1 0
53 10 9
53 9 6
53 6 3
53 3 2
53 6 5
53 5 4
53 9 8
53 8 7
53 15 14
53 14 13
53 13 11
53 13 12
54 14 0
54 14 13
54 13 2
54 2 1
54 13 12
54 12 11
54 11 5
54 5 3
54 5 4
54 11 10
54 10 9
54 9 7
54 7 6
54 9 8
55 15 9
55 9 7
55 7 6
55 6 5
55 5 0
55 5 4
55 4 2
55 2 1
55 4 3
55 9 8
55 15 14
55 14 12
55 12 11
55 11 10
55 14 13
56 19 4
56 4 0
56 4 3
56 3 1
56 3 2
56 19 18
56 18 17
56 17 15
56 15 14
56 14 11
56 11 10
56 10 9
56 9 5
56 9 8
56 8 7
56 7 6
56 14 13
56 13 12
56 17 16
57 14 13
57 13 6
57 6 0
57 6 5
57 5 4
57 4 3
57 3 2
57 2 1
57 13 12
57 12 7
57 12 11
57 11 8
57 11 10
57 10 9
58 16 15
58 15 8
58 8 0
58 8 7
58 7 2
58 2 1
58 7 6
58 6 3
58 6 5
58 5 4
58 15 14
58 14 13
58 13 12
58 12 9
58 12 11
58 11 10
59 14 12
59 12 11
59 11 10
59 10 5
59 5 1
59 1 0
59 5 4
59 4 3
59 3 2
59 10 9
59 9 8
59 8 7
59 7 6
59 14 13
60 18 1
60 1 0
60 18 17
60 17 16
60 16 14
60 14 2
60 14 13
60 13 12
60 12 11
60 11 7
60 7 4
60 4 3
60 7 6
60 6 5
60 11 10
60 10 8
60 10 9
60 16 15
61 18 1
61 1 0
61 18 17
61 17 16
61 16 14
61 14 3
61 3 2
61 14 13
61 13 10
61 10 6
61 6 4
61 6 5
61 10 9
61 9 8
61 8 7
61 13 12
61 12 11
61 16 15
62 17 0
62 17 16
62 16 13
62 13 11
62 11 10
62 10 1
62 10 9
62 9 6
62 6 4
62 4 3
62 3 2
62 6 5
62 9 8
62 8 7
62 13 12
62 16 15
62 15 14
63 14 13
63 13 12
63 12 5
63 5 2
63 2 1
63 1 0
63 5 4
63 4 3
63 12 11
63 11 6
63 11 10
63 10 9
63 9 7
63 9 8
64 15 14
64 14 12
64 12 11
64 11 10
64 10 2
64 2 0
64 2 1
64 10 9
64 9 8
64 8 6
64 6 3
64 6 5
64 5 4
64 8 7
64 14 13
65 17 13
65 13 11
65 11 0
65 11 10
65 10 7
65 7 6
65 6 5
65 5 1
65 5 4
65 4 2
65 4 3
65 10 9
65 9 8
65 13 12
65 17 16
65 16 14
65 16 15
66 15 11
66 11 9
66 9 3
66 3 1
66 1 0
66 3 2
66 9 8
66 8 7
66 7 5
66 5 4
66 7 6
66 11 10
66 15 14
66 14 12
66 14 13
67 14 2
67 2 0
67 2 1
67 14 13
67 13 6
67 6 4
67 4 3
67 6 5
67 13 12
67 12 11
67 11 10
67 10 7
67 10 9
67 9 8
68 19 15
68 15 13
68 13 12
68 12 11
68 11 4
68 4 2
68 2 0
68 2 1
68 4 3
68 11 10
68 10 9
68 9 8
68 8 6
68 6 5
68 8 7
68 15 14
68 19 18
68 18 17
68 17 16
69 18 15
69 15 0
69 15 14
69 14 1
69 14 13
69 13 12
69 12 10
69 10 8
69 8 3
69 3 2
69 8 7
69 7 6
69 6 4
69 6 5
69 10 9
69 12 11
69 18 17
69 17 16
70 19 17
70 17 16
70 16 1
70 1 0
70 16 15
70 15 14
70 14 12
70 12 4
70 4 2
70 4 3
70 12 11
70 11 5
70 11 10
70 10 8
70 8 7
70 7 6
70 10 9
70 14 13
70 19 18
71 15 8
71 8 7
71 7 0
71 7 6
71 6 4
71 4 3
71 3 2
71 2 1
71 6 5
71 15 14
71 14 9
71 14 13
71 13 12
71 12 10
71 12 11
72 14 13
72 13 2
72 2 1
72 1 0
72 13 12
72 12 11
72 11 3
72 11 10
72 10 9
72 9 4
72 9 8
72 8 6
72 6 5
72 8 7
73 15 14
73 14 0
73 14 13
73 13 1
73 13 12
73 12 11
73 11 9
73 9 8
73 8 2
73 8 7
73 7 6
73 6 5
73 5 4
73 4 3
73 11 10
74 18 17
74 17 16
74 16 15
74 15 14
74 14 13
74 13 12
74 12 11
74 11 3
74 3 0
74 3 2
74 2 1
74 11 10
74 10 4
74 10 9
74 9 5
74 9 8
74 8 7
74 7 6
75 16 2
75 2 1
75 1 0
75 16 15
75 15 14
75 14 3
75 14 13
75 13 4
75 13 12
75 12 9
75 9 5
75 9 8
75 8 6
75 8 7
75 12 11
75 11 10
76 19 8
76 8 5
76 5 4
76 4 2
76 2 1
76 1 0
76 4 3
76 8 7
76 7 6
76 19 18
76 18 17
76 17 13
76 13 10
76 10 9
76 13 12
76 12 11
76 17 16
76 16 14
76 16 15
77 14 12
77 12 10
77 10 7
77 7 0
77 7 6
77 6 1
77 6 5
77 5 2
77 5 4
77 4 3
77 10 9
77 9 8
77 12 11
77 14 13
78 14 13
78 13 9
78 9 8
78 8 6
78 6 3
78 3 0
78 3 2
78 2 1
78 6 5
78 5 4
78 8 7
78 13 12
78 12 11
78 11 10
79 14 1
79 1 0
79 14 13
79 13 11
79 11 10
79 10 2
79 10 9
79 9 8
79 8 3
79 8 7
79 7 6
79 6 4
79 6 5
79 13 12
80 16 7
80 7 4
80 4 2
80 2 0
80 2 1
80 4 3
80 7 6
80 6 5
80 16 15
80 15 14
80 14 13
80 13 12
80 12 8
80 12 11
80 11 9
80 11 10
81 14 0
81 14 13
81 13 12
81 12 2
81 2 1
81 12 11
81 11 10
81 10 8
81 8 7
81 7 3
81 7 6
81 6 5
81 5 4
81 10 9
82 16 0
82 16 15
82 15 11
82 11 9
82 9 1
82 9 8
82 8 2
82 8 7
82 7 5
82 5 3
82 5 4
82 7 6
82 11 10
82 15 14
82 14 12
82 14 13
83 15 14
83 14 13
83 13 11
83 11 9
83 9 8
83 8 5
83 5 4
83 4 0
83 4 3
83 3 2
83 2 1
83 8 7
83 7 6
83 11 10
83 13 12
84 17 10
84 10 2
84 2 1
84 1 0
84 10 9
84 9 8
84 8 5
84 5 4
84 4 3
84 8 7
84 7 6
84 17 16
84 16 11
84 16 15
84 15 13
84 13 12
84 15 14
85 16 2
85 2 0
85 2 1
85 16 15
85 15 14
85 14 12
85 12 11
85 11 10
85 10 9
85 9 8
85 8 7
85 7 6
85 6 5
85 5 4
85 4 3
85 14 13
86 14 13
86 13 12
86 12 4
86 4 2
86 2 0
86 2 1
86 4 3
86 12 11
86 11 9
86 9 7
86 7 5
86 7 6
86 9 8
86 11 10
87 19 3
87 3 2
87 2 1
87 1 0
87 19 18
87 18 17
87 17 4
87 17 16
87 16 15
87 15 6
87 6 5
87 15 14
87 14 8
87 8 7
87 14 13
87 13 12
87 12 10
87 10 9
87 12 11
88 19 18
88 18 17
88 17 0
88 17 16
88 16 5
88 5 3
88 3 2
88 2 1
88 5 4
88 16 15
88 15 14
88 14 12
88 12 11
88 11 8
88 8 7
88 7 6
88 11 10
88 10 9
88 14 13
89 15 14
89 14 1
89 1 0
89 14 13
89 13 8
89 8 7
89 7 5
89 5 3
89 3 2
89 5 4
89 7 6
89 13 12
89 12 10
89 10 9
89 12 11
90 15 13
90 13 6
90 6 5
90 5 4
90 4 2
90 2 0
90 2 1
90 4 3
90 13 12
90 12 11
90 11 7
90 11 10
90 10 9
90 9 8
90 15 14
91 16 14
91 14 13
91 13 12
91 12 8
91 8 7
91 7 6
91 6 5
91 5 1
91 1 0
91 5 4
91 4 3
91 3 2
91 12 11
91 11 10
91 10 9
91 16 15
92 17 0
92 17 16
92 16 15
92 15 1
92 15 14
92 14 5
92 5 3
92 3 2
92 5 4
92 14 13
92 13 12
92 12 9
92 9 7
92 7 6
92 9 8
92 12 11
92 11 10
93 16 13
93 13 2
93 2 0
93 2 1
93 13 12
93 12 10
93 10 8
93 8 4
93 4 3
93 8 7
93 7 5
93 7 6
93 10 9
93 12 11
93 16 15
93 15 14
94 17 0
94 17 16
94 16 11
94 11 4
94 4 1
94 4 3
94 3 2
94 11 10
94 10 9
94 9 5
94 9 8
94 8 7
94 7 6
94 16 15
94 15 14
94 14 13
94 13 12
95 16 0
95 16 15
95 15 11
95 11 7
95 7 1
95 7 6
95 6 2
95 6 5
95 5 3
95 5 4
95 11 10
95 10 8
95 10 9
95 15 14
95 14 13
95 13 12
96 14 13
96 13 12
96 12 2
96 2 1
96 1 0
96 12 11
96 11 6
96 6 3
96 6 5
96 5 4
96 11 10
96 10 9
96 9 7
96 9 8
97 19 0
97 19 18
97 18 9
97 9 3
97 3 2
97 2 1
97 9 8
97 8 6
97 6 5
97 5 4
97 8 7
97 18 17
97 17 16
97 16 10
97 16 15
97 15 12
97 12 11
97 15 14
97 14 13
98 19 18
98 18 17
98 17 1
98 1 0
98 17 16
98 16 13
98 13 9
98 9 8
98 8 7
98 7 6
98 6 4
98 4 2
98 4 3
98 6 5
98 13 12
98 12 10
98 12 11
98 16 15
98 15 14
99 17 0
99 17 16
99 16 14
99 14 12
99 12 11
99 11 6
99 6 5
99 5 1
99 5 4
99 4 2
99 4 3
99 11 10
99 10 9
99 9 8
99 8 7
99 14 13
99 16 15
100 17 3
100 3 1
100 1 0
100 3 2
100 17 16
100 16 15
100 15 5
100 5 4
100 15 14
100 14 13
100 13 12
100 12 6
100 12 11
100 11 8
100 8 7
100 11 10
100 10 9
101 14 12
101 12 10
101 10 2
101 2 0
101 2 1
101 10 9
101 9 3
101 9 8
101 8 4
101 8 7
101 7 6
101 6 5
101 12 11
101 14 13
