1 16 15
1 15 14
1 14 13
1 13 11
1 11 2
1 2 1
1 1 0
1 11 10
1 10 8
1 8 6
1 6 4
1 4 3
1 6 5
1 8 7
1 10 9
1 13 12
2 18 14
2 14 13
2 13 11
2 11 9
2 9 1
2 1 0
2 9 8
2 8 6
2 6 5
2 5 3
2 3 2
2 5 4
2 8 7
2 11 10
2 13 12
2 18 17
2 17 15
2 17 16
3 16 6
3 6 5
3 5 3
3 3 2
3 2 1
3 1 0
3 5 4
3 16 15
3 15 7
3 15 14
3 14 8
3 14 13
3 13 10
3 10 9
3 13 12
3 12 11
4 17 15
4 15 1
4 1 0
4 15 14
4 14 9
4 9 8
4 8 7
4 7 6
4 6 4
4 4 3
4 3 2
4 6 5
4 14 13
4 13 11
4 11 10
4 13 12
4 17 16
5 16 1
5 1 0
5 16 15
5 15 14
5 14 10
5 10 6
5 6 3
5 3 2
5 6 5
5 5 4
5 10 9
5 9 7
5 9 8
5 14 13
5 13 12
5 12 11
6 15 0
6 15 14
6 14 12
6 12 5
6 5 1
6 5 4
6 4 3
6 3 2
6 12 11
6 11 10
6 10 8
6 8 6
6 8 7
6 10 9
6 14 13
7 15 0
7 15 14
7 14 11
7 11 9
7 9 1
7 9 8
7 8 6
7 6 5
7 5 2
7 5 4
7 4 3
7 8 7
7 11 10
7 14 13
7 13 12
8 14 13
8 13 12
8 12 10
8 10 2
8 2 1
8 1 0
8 10 9
8 9 8
8 8 3
8 8 7
8 7 4
8 7 6
8 6 5
8 12 11
9 18 7
9 7 6
9 6 5
9 5 3
9 3 2
9 2 1
9 1 0
9 5 4
9 18 17
9 17 16
9 16 15
9 15 14
9 14 13
9 13 10
9 10 8
9 10 9
9 13 12
9 12 11
10 15 0
10 15 14
10 14 1
10 14 13
10 13 12
10 12 4
10 4 3
10 3 2
10 12 11
10 11 10
10 10 5
10 10 9
10 9 8
10 8 6
10 8 7
11 14 13
11 13 7
11 7 4
11 4 2
11 2 1
11 1 0
11 4 3
11 7 6
11 6 5
11 13 12
11 12 11
11 11 10
11 10 8
11 10 9
12 15 10
12 10 6
12 6 0
12 6 5
12 5 1
12 5 4
12 4 3
12 3 2
12 10 9
12 9 8
12 8 7
12 15 14
12 14 13
12 13 12
12 12 11
13 17 16
13 16 15
13 15 12
13 12 11
13 11 10
13 10 9
13 9 3
13 3 1
13 1 0
13 3 2
13 9 8
13 8 7
13 7 6
13 6 4
13 6 5
13 15 14
13 14 13
14 16 0
14 16 15
14 15 5
14 5 3
14 3 2
14 2 1
14 5 4
14 15 14
14 14 13
14 13 12
14 12 10
14 10 7
14 7 6
14 10 9
14 9 8
14 12 11
15 16 15
15 15 14
15 14 8
15 8 4
15 4 0
15 4 3
15 3 1
15 3 2
15 8 7
15 7 5
15 7 6
15 14 13
15 13 10
15 10 9
15 13 12
15 12 11
16 18 16
16 16 14
16 14 13
16 13 7
16 7 3
16 3 2
16 2 0
16 2 1
16 7 6
16 6 5
16 5 4
16 13 12
16 12 8
16 12 11
16 11 9
16 11 10
16 16 15
16 18 17
17 19 13
17 13 7
17 7 0
17 7 6
17 6 1
17 6 5
17 5 4
17 4 3
17 3 2
17 13 12
17 12 10
17 10 8
17 10 9
17 12 11
17 19 18
17 18 16
17 16 15
17 15 14
17 18 17
18 16 15
18 15 14
18 14 9
18 9 6
18 6 5
18 5 4
18 4 2
18 2 0
18 2 1
18 4 3
18 9 8
18 8 7
18 14 13
18 13 12
18 12 11
18 11 10
19 17 1
19 1 0
19 17 16
19 16 7
19 7 3
19 3 2
19 7 6
19 6 4
19 6 5
19 16 15
19 15 13
19 13 12
19 12 10
19 10 8
19 10 9
19 12 11
19 15 14
20 15 5
20 5 3
20 3 0
20 3 2
20 2 1
20 5 4
20 15 14
20 14 7
20 7 6
20 14 13
20 13 12
20 12 8
20 12 11
20 11 9
20 11 10
21 15 8
21 8 7
21 7 0
21 7 6
21 6 5
21 5 4
21 4 2
21 2 1
21 4 3
21 15 14
21 14 10
21 10 9
21 14 13
21 13 11
21 13 12
22 19 3
22 3 2
22 2 1
22 1 0
22 19 18
22 18 17
22 17 11
22 11 10
22 10 9
22 9 8
22 8 4
22 8 7
22 7 6
22 6 5
22 17 16
22 16 15
22 15 12
22 15 14
22 14 13
23 16 15
23 15 13
23 13 4
23 4 3
23 3 0
23 3 2
23 2 1
23 13 12
23 12 9
23 9 7
23 7 5
23 7 6
23 9 8
23 12 11
23 11 10
23 15 14
24 15 4
24 4 2
24 2 0
24 2 1
24 4 3
24 15 14
24 14 13
24 13 10
24 10 9
24 9 8
24 8 5
24 8 7
24 7 6
24 13 12
24 12 11
25 15 1
25 1 0
25 15 14
25 14 11
25 11 2
25 11 10
25 10 9
25 9 8
25 8 5
25 5 4
25 4 3
25 8 7
25 7 6
25 14 13
25 13 12
26 16 3
26 3 2
26 2 0
26 2 1
26 16 15
26 15 14
26 14 13
26 13 12
26 12 4
26 12 11
26 11 10
26 10 9
26 9 8
26 8 6
26 6 5
26 8 7
27 15 13
27 13 12
27 12 11
27 11 10
27 10 0
27 10 9
27 9 7
27 7 6
27 6 5
27 5 4
27 4 1
27 4 3
27 3 2
27 9 8
27 15 14
28 19 10
28 10 8
28 8 1
28 1 0
28 8 7
28 7 2
28 7 6
28 6 5
28 5 4
28 4 3
28 10 9
28 19 18
28 18 17
28 17 16
28 16 15
28 15 14
28 14 13
28 13 12
28 12 11
29 18 13
29 13 12
29 12 11
29 11 0
29 11 10
29 10 4
29 4 3
29 3 2
29 2 1
29 10 9
29 9 6
29 6 5
29 9 8
29 8 7
29 18 17
29 17 16
29 16 15
29 15 14
30 14 9
30 9 6
30 6 3
30 3 2
30 2 0
30 2 1
30 6 5
30 5 4
30 9 8
30 8 7
30 14 13
30 13 12
30 12 10
30 12 11
31 16 1
31 1 0
31 16 15
31 15 12
31 12 6
31 6 5
31 5 2
31 5 4
31 4 3
31 12 11
31 11 8
31 8 7
31 11 10
31 10 9
31 15 14
31 14 13
32 18 17
32 17 16
32 16 5
32 5 4
32 4 3
32 3 2
32 2 1
32 1 0
32 16 15
32 15 9
32 9 6
32 9 8
32 8 7
32 15 14
32 14 13
32 13 12
32 12 11
32 11 10
33 15 0
33 15 14
33 14 13
33 13 12
33 12 2
33 2 1
33 12 11
33 11 9
33 9 6
33 6 4
33 4 3
33 6 5
33 9 8
33 8 7
33 11 10
34 17 14
34 14 6
34 6 3
34 3 2
34 2 1
34 1 0
34 6 5
34 5 4
34 14 13
34 13 7
34 13 12
34 12 11
34 11 10
34 10 8
34 10 9
34 17 16
34 16 15
35 16 3
35 3 1
35 1 0
35 3 2
35 16 15
35 15 13
35 13 9
35 9 4
35 9 8
35 8 5
35 8 7
35 7 6
35 13 12
35 12 10
35 12 11
35 15 14
36 17 12
36 12 0
36 12 11
36 11 9
36 9 2
36 2 1
36 9 8
36 8 7
36 7 5
36 5 3
36 5 4
36 7 6
36 11 10
36 17 16
36 16 14
36 14 13
36 16 15
37 17 1
37 1 0
37 17 16
37 16 15
37 15 9
37 9 7
37 7 5
37 5 4
37 4 3
37 3 2
37 7 6
37 9 8
37 15 14
37 14 13
37 13 11
37 11 10
37 13 12
38 17 8
38 8 7
38 7 6
38 6 5
38 5 4
38 4 2
38 2 1
38 1 0
38 4 3
38 17 16
38 16 13
38 13 12
38 12 11
38 11 10
38 10 9
38 16 15
38 15 14
39 16 15
39 15 14
39 14 3
39 3 2
39 2 1
39 1 0
39 14 13
39 13 11
39 11 6
39 6 4
39 6 5
39 11 10
39 10 9
39 9 7
39 9 8
39 13 12
40 17 16
40 16 15
40 15 0
40 15 14
40 14 6
40 6 3
40 3 1
40 3 2
40 6 5
40 5 4
40 14 13
40 13 12
40 12 9
40 9 8
40 8 7
40 12 11
40 11 10
41 18 0
41 18 17
41 17 15
41 15 14
41 14 12
41 12 11
41 11 10
41 10 1
41 10 9
41 9 6
41 6 4
41 4 2
41 4 3
41 6 5
41 9 8
41 8 7
41 14 13
41 17 16
42 17 15
42 15 14
42 14 2
42 2 1
42 1 0
42 14 13
42 13 5
42 5 4
42 4 3
42 13 12
42 12 6
42 12 11
42 11 10
42 10 8
42 8 7
42 10 9
42 17 16
43 16 2
43 2 0
43 2 1
43 16 15
43 15 6
43 6 3
43 6 5
43 5 4
43 15 14
43 14 13
43 13 11
43 11 7
43 11 10
43 10 9
43 9 8
43 13 12
44 14 1
44 1 0
44 14 13
44 13 10
44 10 3
44 3 2
44 10 9
44 9 8
44 8 7
44 7 5
44 5 4
44 7 6
44 13 12
44 12 11
45 19 0
45 19 18
45 18 8
45 8 1
45 8 7
45 7 5
45 5 4
45 4 2
45 4 3
45 7 6
45 18 17
45 17 15
45 15 14
45 14 9
45 14 13
45 13 11
45 11 10
45 13 12
45 17 16
46 18 7
46 7 1
46 1 0
46 7 6
46 6 2
46 6 5
46 5 3
46 5 4
46 18 17
46 17 12
46 12 9
46 9 8
46 12 11
46 11 10
46 17 16
46 16 14
46 14 13
46 16 15
47 18 15
47 15 5
47 5 4
47 4 2
47 2 1
47 1 0
47 4 3
47 15 14
47 14 9
47 9 7
47 7 6
47 9 8
47 14 13
47 13 12
47 12 10
47 12 11
47 18 17
47 17 16
48 18 17
48 17 14
48 14 10
48 10 9
48 9 0
48 9 8
48 8 2
48 2 1
48 8 7
48 7 3
48 7 6
48 6 4
48 6 5
48 14 13
48 13 11
48 13 12
48 17 16
48 16 15
49 14 10
49 10 9
49 9 3
49 3 2
49 2 0
49 2 1
49 9 8
49 8 7
49 7 4
49 7 6
49 6 5
49 14 13
49 13 12
49 12 11
50 15 1
50 1 0
50 15 14
50 14 10
50 10 6
50 6 2
50 6 5
50 5 4
50 4 3
50 10 9
50 9 8
50 8 7
50 14 13
50 13 11
50 13 12
51 16 12
51 12 11
51 11 1
51 1 0
51 11 10
51 10 3
51 3 2
51 10 9
51 9 4
51 9 8
51 8 5
51 8 7
51 7 6
51 16 15
51 15 14
51 14 13
52 14 13
52 13 12
52 12 11
52 11 10
52 10 8
52 8 3
52 3 0
52 3 2
52 2 1
52 8 7
52 7 4
52 7 6
52 6 5
52 10 9
53 16 0
53 16 15
53 15 10
53 10 9
53 9 8
53 8 7
53 7 1
53 7 6
53 6 2
53 6 5
53 5 4
53 4 3
53 15 14
53 14 11
53 14 13
53 13 12
54 14 1
54 1 0
54 14 13
54 13 3
54 3 2
54 13 12
54 12 11
54 11 10
54 10 4
54 10 9
54 9 8
54 8 7
54 7 5
54 7 6
55 18 0
55 18 17
55 17 1
55 17 16
55 16 15
55 15 2
55 15 14
55 14 13
55 13 12
55 12 8
55 8 7
55 7 5
55 5 3
55 5 4
55 7 6
55 12 11
55 11 9
55 11 10
56 19 18
56 18 17
56 17 12
56 12 5
56 5 4
56 4 3
56 3 2
56 2 1
56 1 0
56 12 11
56 11 7
56 7 6
56 11 10
56 10 9
56 9 8
56 17 16
56 16 13
56 16 15
56 15 14
57 17 1
57 1 0
57 17 16
57 16 14
57 14 12
57 12 9
57 9 8
57 8 7
57 7 5
57 5 4
57 4 2
57 4 3
57 7 6
57 12 11
57 11 10
57 14 13
57 16 15
58 19 14
58 14 11
58 11 0
58 11 10
58 10 8
58 8 6
58 6 1
58 6 5
58 5 2
58 5 4
58 4 3
58 8 7
58 10 9
58 14 13
58 13 12
58 19 18
58 18 17
58 17 15
58 17 16
59 18 4
59 4 2
59 2 1
59 1 0
59 4 3
59 18 17
59 17 8
59 8 5
59 8 7
59 7 6
59 17 16
59 16 9
59 16 15
59 15 14
59 14 13
59 13 12
59 12 10
59 12 11
60 19 9
60 9 8
60 8 7
60 7 6
60 6 5
60 5 4
60 4 0
60 4 3
60 3 2
60 2 1
60 19 18
60 18 17
60 17 12
60 12 10
60 12 11
60 17 16
60 16 15
60 15 14
60 14 13
61 18 17
61 17 15
61 15 13
61 13 11
61 11 8
61 8 0
61 8 7
61 7 6
61 6 4
61 4 1
61 4 3
61 3 2
61 6 5
61 11 10
61 10 9
61 13 12
61 15 14
61 17 16
62 16 15
62 15 14
62 14 12
62 12 8
62 8 7
62 7 0
62 7 6
62 6 5
62 5 4
62 4 1
62 4 3
62 3 2
62 12 11
62 11 10
62 10 9
62 14 13
63 15 0
63 15 14
63 14 10
63 10 9
63 9 8
63 8 7
63 7 1
63 7 6
63 6 5
63 5 3
63 3 2
63 5 4
63 14 13
63 13 11
63 13 12
64 18 12
64 12 11
64 11 2
64 2 1
64 1 0
64 11 10
64 10 3
64 10 9
64 9 6
64 6 5
64 5 4
64 9 8
64 8 7
64 18 17
64 17 16
64 16 15
64 15 14
64 14 13
65 16 0
65 16 15
65 15 9
65 9 5
65 5 4
65 4 3
65 3 2
65 2 1
65 9 8
65 8 7
65 7 6
65 15 14
65 14 10
65 14 13
65 13 12
65 12 11
66 14 13
66 13 11
66 11 0
66 11 10
66 10 8
66 8 3
66 3 2
66 2 1
66 8 7
66 7 6
66 6 4
66 6 5
66 10 9
66 13 12
67 14 13
67 13 1
67 1 0
67 13 12
67 12 11
67 11 10
67 10 8
67 8 4
67 4 2
67 4 3
67 8 7
67 7 5
67 7 6
67 10 9
68 16 12
68 12 10
68 10 8
68 8 1
68 1 0
68 8 7
68 7 3
68 3 2
68 7 6
68 6 5
68 5 4
68 10 9
68 12 11
68 16 15
68 15 14
68 14 13
69 19 15
69 15 14
69 14 13
69 13 2
69 2 0
69 2 1
69 13 12
69 12 10
69 10 3
69 10 9
69 9 7
69 7 5
69 5 4
69 7 6
69 9 8
69 12 11
69 19 18
69 18 17
69 17 16
70 17 16
70 16 8
70 8 7
70 7 0
70 7 6
70 6 1
70 6 5
70 5 2
70 5 4
70 4 3
70 16 15
70 15 9
70 15 14
70 14 13
70 13 10
70 13 12
70 12 11
71 14 13
71 13 12
71 12 4
71 4 3
71 3 2
71 2 0
71 2 1
71 12 11
71 11 10
71 10 5
71 10 9
71 9 7
71 7 6
71 9 8
72 14 12
72 12 11
72 11 1
72 1 0
72 11 10
72 10 9
72 9 2
72 9 8
72 8 4
72 4 3
72 8 7
72 7 6
72 6 5
72 14 13
73 14 11
73 11 9
73 9 5
73 5 4
73 4 3
73 3 1
73 1 0
73 3 2
73 9 8
73 8 6
73 8 7
73 11 10
73 14 13
73 13 12
74 18 0
74 18 17
74 17 16
74 16 12
74 12 11
74 11 9
74 9 7
74 7 6
74 6 5
74 5 1
74 5 4
74 4 2
74 4 3
74 9 8
74 11 10
74 16 15
74 15 13
74 15 14
75 14 0
75 14 13
75 13 1
75 13 12
75 12 10
75 10 7
75 7 6
75 6 5
75 5 4
75 4 2
75 4 3
75 10 9
75 9 8
75 12 11
76 18 9
76 9 1
76 1 0
76 9 8
76 8 3
76 3 2
76 8 7
76 7 5
76 5 4
76 7 6
76 18 17
76 17 12
76 12 10
76 12 11
76 17 16
76 16 15
76 15 13
76 15 14
77 19 17
77 17 16
77 16 5
77 5 4
77 4 2
77 2 1
77 1 0
77 4 3
77 16 15
77 15 12
77 12 6
77 12 11
77 11 7
77 11 10
77 10 9
77 9 8
77 15 14
77 14 13
77 19 18
78 14 13
78 13 9
78 9 8
78 8 3
78 3 1
78 1 0
78 3 2
78 8 7
78 7 5
78 5 4
78 7 6
78 13 12
78 12 11
78 11 10
79 16 15
79 15 4
79 4 2
79 2 0
79 2 1
79 4 3
79 15 14
79 14 12
79 12 11
79 11 5
79 11 10
79 10 6
79 10 9
79 9 8
79 8 7
79 14 13
80 14 11
80 11 10
80 10 6
80 6 5
80 5 1
80 1 0
80 5 4
80 4 3
80 3 2
80 10 9
80 9 8
80 8 7
80 14 13
80 13 12
81 14 10
81 10 9
81 9 7
81 7 5
81 5 4
81 4 3
81 3 2
81 2 1
81 1 0
81 7 6
81 9 8
81 14 13
81 13 11
81 13 12
82 16 15
82 15 9
82 9 1
82 1 0
82 9 8
82 8 5
82 5 3
82 3 2
82 5 4
82 8 7
82 7 6
82 15 14
82 14 13
82 13 11
82 11 10
82 13 12
83 16 15
83 15 5
83 5 3
83 3 0
83 3 2
83 2 1
83 5 4
83 15 14
83 14 13
83 13 6
83 13 12
83 12 10
83 10 7
83 10 9
83 9 8
83 12 11
84 19 8
84 8 7
84 7 6
84 6 3
84 3 1
84 1 0
84 3 2
84 6 5
84 5 4
84 19 18
84 18 17
84 17 10
84 10 9
84 17 16
84 16 13
84 13 11
84 13 12
84 16 15
84 15 14
85 18 17
85 17 16
85 16 8
85 8 7
85 7 5
85 5 3
85 3 2
85 2 0
85 2 1
85 5 4
85 7 6
85 16 15
85 15 14
85 14 9
85 14 13
85 13 11
85 11 10
85 13 12
86 17 1
86 1 0
86 17 16
86 16 15
86 15 10
86 10 9
86 9 7
86 7 6
86 6 5
86 5 3
86 3 2
86 5 4
86 9 8
86 15 14
86 14 13
86 13 11
86 13 12
87 15 14
87 14 13
87 13 2
87 2 0
87 2 1
87 13 12
87 12 3
87 12 11
87 11 9
87 9 8
87 8 7
87 7 5
87 5 4
87 7 6
87 11 10
88 16 15
88 15 0
88 15 14
88 14 12
88 12 9
88 9 6
88 6 1
88 6 5
88 5 4
88 4 3
88 3 2
88 9 8
88 8 7
88 12 11
88 11 10
88 14 13
89 19 18
89 18 17
89 17 16
89 16 15
89 15 14
89 14 12
89 12 11
89 11 10
89 10 7
89 7 6
89 6 5
89 5 4
89 4 0
89 4 3
89 3 1
89 3 2
89 10 9
89 9 8
89 14 13
90 16 15
90 15 13
90 13 3
90 3 0
90 3 2
90 2 1
90 13 12
90 12 11
90 11 10
90 10 9
90 9 4
90 9 8
90 8 5
90 8 7
90 7 6
90 15 14
91 18 17
91 17 16
91 16 0
91 16 15
91 15 14
91 14 11
91 11 10
91 10 6
91 6 5
91 5 4
91 4 2
91 2 1
91 4 3
91 10 9
91 9 7
91 9 8
91 14 13
91 13 12
92 19 18
92 18 17
92 17 0
92 17 16
92 16 15
92 15 8
92 8 7
92 7 2
92 2 1
92 7 6
92 6 5
92 5 4
92 4 3
92 15 14
92 14 13
92 13 10
92 10 9
92 13 12
92 12 11
93 16 14
93 14 13
93 13 12
93 12 9
93 9 0
93 9 8
93 8 4
93 4 3
93 3 1
93 3 2
93 8 7
93 7 5
93 7 6
93 12 11
93 11 10
93 16 15
94 19 18
94 18 12
94 12 11
94 11 10
94 10 3
94 3 2
94 2 1
94 1 0
94 10 9
94 9 8
94 8 5
94 5 4
94 8 7
94 7 6
94 18 17
94 17 13
94 17 16
94 16 15
94 15 14
95 19 18
95 18 16
95 16 15
95 15 14
95 14 6
95 6 2
95 2 1
95 1 0
95 6 5
95 5 4
95 4 3
95 14 13
95 13 11
95 11 10
95 10 9
95 9 8
95 8 7
95 13 12
95 18 17
96 17 16
96 16 15
96 15 12
96 12 11
96 11 7
96 7 6
96 6 0
96 6 5
96 5 4
96 4 3
96 3 2
96 2 1
96 11 10
96 10 8
96 10 9
96 15 14
96 14 13
97 14 13
97 13 1
97 1 0
97 13 12
97 12 11
97 11 10
97 10 3
97 3 2
97 10 9
97 9 8
97 8 5
97 5 4
97 8 7
97 7 6
98 18 0
98 18 17
98 17 1
98 17 16
98 16 4
98 4 2
98 4 3
98 16 15
98 15 7
98 7 6
98 6 5
98 15 14
98 14 13
98 13 12
98 12 11
98 11 10
98 10 9
98 9 8
99 19 18
99 18 0
99 18 17
99 17 16
99 16 1
99 16 15
99 15 9
99 9 8
99 8 2
99 8 7
99 7 4
99 4 3
99 7 6
99 6 5
99 15 14
99 14 13
99 13 12
99 12 10
99 12 11
100 15 7
100 7 6
100 6 0
100 6 5
100 5 4
100 4 1
100 4 3
100 3 2
100 15 14
100 14 13
100 13 12
100 12 8
100 12 11
100 11 10
100 10 9
101 16 6
101 6 5
101 5 3
101 3 0
101 3 2
101 2 1
101 5 4
101 16 15
101 15 14
101 14 13
101 13 11
101 11 7
101 11 10
101 10 8
101 10 9
101 13 12
