1 15 0
1 15 14
1 14 13
1 13 9
1 9 7
1 7 6
1 6 2
1 2 1
1 6 5
1 5 3
1 5 4
1 9 8
1 13 12
1 12 11
1 11 10
2 16 13
2 13 12
2 12 0
2 12 11
2 11 10
2 10 8
2 8 7
2 7 5
2 5 3
2 3 2
2 2 1
2 5 4
2 7 6
2 10 9
2 16 15
2 15 14
3 16 15
3 15 8
3 8 7
3 7 5
3 5 3
3 3 2
3 2 1
3 1 0
3 5 4
3 7 6
3 15 14
3 14 12
3 12 9
3 12 11
3 11 10
3 14 13
4 19 18
4 18 17
4 17 16
4 16 15
4 15 11
4 11 10
4 10 0
4 10 9
4 9 5
4 5 4
4 4 1
4 4 3
4 3 2
4 9 8
4 8 6
4 8 7
4 15 14
4 14 13
4 13 12
5 16 13
5 13 0
5 13 12
5 12 11
5 11 10
5 10 8
5 8 7
5 7 6
5 6 5
5 5 4
5 4 3
5 3 2
5 2 1
5 10 9
5 16 15
5 15 14
6 15 0
6 15 14
6 14 8
6 8 7
6 7 1
6 7 6
6 6 3
6 3 2
6 6 5
6 5 4
6 14 13
6 13 12
6 12 10
6 10 9
6 12 11
7 15 0
7 15 14
7 14 10
7 10 1
7 10 9
7 9 6
7 6 3
7 3 2
7 6 5
7 5 4
7 9 8
7 8 7
7 14 13
7 13 12
7 12 11
8 19 18
8 18 17
8 17 0
8 17 16
8 16 10
8 10 1
8 10 9
8 9 7
8 7 6
8 6 2
8 6 5
8 5 3
8 5 4
8 9 8
8 16 15
8 15 12
8 12 11
8 15 14
8 14 13
9 19 17
9 17 0
9 17 16
9 16 15
9 15 9
9 9 7
9 7 6
9 6 1
9 6 5
9 5 4
9 4 2
9 4 3
9 9 8
9 15 14
9 14 12
9 12 11
9 11 10
9 14 13
9 19 18
10 15 0
10 15 14
10 14 1
10 14 13
10 13 11
10 11 10
10 10 2
10 10 9
10 9 5
10 5 4
10 4 3
10 9 8
10 8 7
10 7 6
10 13 12
11 15 7
11 7 6
11 6 5
11 5 0
11 5 4
11 4 3
11 3 2
11 2 1
11 15 14
11 14 8
11 14 13
11 13 12
11 12 11
11 11 9
11 11 10
12 19 0
12 19 18
12 18 13
12 13 9
12 9 8
12 8 7
12 7 6
12 6 2
12 2 1
12 6 5
12 5 4
12 4 3
12 13 12
12 12 10
12 12 11
12 18 17
12 17 15
12 15 14
12 17 16
13 14 12
13 12 11
13 11 10
13 10 9
13 9 8
13 8 6
13 6 5
13 5 3
13 3 2
13 2 1
13 1 0
13 5 4
13 8 7
13 14 13
14 19 17
14 17 1
14 1 0
14 17 16
14 16 5
14 5 4
14 4 2
14 4 3
14 16 15
14 15 13
14 13 6
14 13 12
14 12 9
14 9 8
14 8 7
14 12 11
14 11 10
14 15 14
14 19 18
15 14 0
15 14 13
15 13 11
15 11 10
15 10 9
15 9 7
15 7 5
15 5 1
15 5 4
15 4 3
15 3 2
15 7 6
15 9 8
15 13 12
16 15 0
16 15 14
16 14 12
16 12 1
16 12 11
16 11 10
16 10 2
16 10 9
16 9 4
16 4 3
16 9 8
16 8 7
16 7 5
16 7 6
16 14 13
17 18 17
17 17 1
17 1 0
17 17 16
17 16 3
17 3 2
17 16 15
17 15 7
17 7 6
17 6 4
17 6 5
17 15 14
17 14 13
17 13 12
17 12 8
17 12 11
17 11 9
17 11 10
18 17 16
18 16 15
18 15 4
18 4 0
18 4 3
18 3 1
18 3 2
18 15 14
18 14 13
18 13 12
18 12 11
18 11 10
18 10 9
18 9 6
18 6 5
18 9 8
18 8 7
19 15 0
19 15 14
19 14 3
19 3 1
19 3 2
19 14 13
19 13 12
19 12 10
19 10 7
19 7 4
19 7 6
19 6 5
19 10 9
19 9 8
19 12 11
20 14 0
20 14 13
20 13 12
20 12 8
20 8 3
20 3 2
20 2 1
20 8 7
20 7 6
20 6 4
20 6 5
20 12 11
20 11 9
20 11 10
21 17 16
21 16 3
21 3 2
21 2 1
21 1 0
21 16 15
21 15 14
21 14 12
21 12 5
21 5 4
21 12 11
21 11 9
21 9 8
21 8 6
21 8 7
21 11 10
21 14 13
22 19 1
22 1 0
22 19 18
22 18 17
22 17 15
22 15 11
22 11 2
22 11 10
22 10 9
22 9 8
22 8 5
22 5 3
22 5 4
22 8 7
22 7 6
22 15 14
22 14 13
22 13 12
22 17 16
23 19 5
23 5 1
23 1 0
23 5 4
23 4 3
23 3 2
23 19 18
23 18 8
23 8 7
23 7 6
23 18 17
23 17 15
23 15 9
23 15 14
23 14 10
23 14 13
23 13 11
23 13 12
23 17 16
24 14 13
24 13 12
24 12 3
24 3 2
24 2 0
24 2 1
24 12 11
24 11 4
24 11 10
24 10 9
24 9 6
24 6 5
24 9 8
24 8 7
25 15 13
25 13 1
25 1 0
25 13 12
25 12 9
25 9 2
25 9 8
25 8 3
25 8 7
25 7 6
25 6 5
25 5 4
25 12 11
25 11 10
25 15 14
26 14 13
26 13 1
26 1 0
26 13 12
26 12 11
26 11 10
26 10 9
26 9 3
26 3 2
26 9 8
26 8 4
26 8 7
26 7 5
26 7 6
27 19 17
27 17 16
27 16 15
27 15 14
27 14 13
27 13 0
27 13 12
27 12 10
27 10 9
27 9 5
27 5 2
27 2 1
27 5 4
27 4 3
27 9 8
27 8 6
27 8 7
27 12 11
27 19 18
28 15 13
28 13 12
28 12 11
28 11 5
28 5 4
28 4 3
28 3 0
28 3 2
28 2 1
28 11 10
28 10 9
28 9 8
28 8 7
28 7 6
28 15 14
29 17 0
29 17 16
29 16 2
29 2 1
29 16 15
29 15 14
29 14 10
29 10 3
29 10 9
29 9 8
29 8 4
29 8 7
29 7 5
29 7 6
29 14 13
29 13 11
29 13 12
30 15 10
30 10 9
30 9 8
30 8 0
30 8 7
30 7 1
30 7 6
30 6 5
30 5 3
30 3 2
30 5 4
30 15 14
30 14 11
30 14 13
30 13 12
31 15 11
31 11 2
31 2 0
31 2 1
31 11 10
31 10 9
31 9 5
31 5 3
31 5 4
31 9 8
31 8 6
31 8 7
31 15 14
31 14 13
31 13 12
32 19 17
32 17 0
32 17 16
32 16 3
32 3 2
32 2 1
32 16 15
32 15 10
32 10 9
32 9 7
32 7 6
32 6 5
32 5 4
32 9 8
32 15 14
32 14 12
32 12 11
32 14 13
32 19 18
33 17 1
33 1 0
33 17 16
33 16 14
33 14 12
33 12 11
33 11 6
33 6 5
33 5 2
33 5 4
33 4 3
33 11 10
33 10 9
33 9 8
33 8 7
33 14 13
33 16 15
34 15 11
34 11 5
34 5 3
34 3 0
34 3 2
34 2 1
34 5 4
34 11 10
34 10 6
34 10 9
34 9 8
34 8 7
34 15 14
34 14 13
34 13 12
35 17 14
35 14 0
35 14 13
35 13 12
35 12 10
35 10 9
35 9 8
35 8 7
35 7 2
35 2 1
35 7 6
35 6 5
35 5 3
35 5 4
35 12 11
35 17 16
35 16 15
36 15 11
36 11 0
36 11 10
36 10 9
36 9 5
36 5 3
36 3 1
36 3 2
36 5 4
36 9 8
36 8 7
36 7 6
36 15 14
36 14 13
36 13 12
37 19 12
37 12 9
37 9 6
37 6 4
37 4 0
37 4 3
37 3 1
37 3 2
37 6 5
37 9 8
37 8 7
37 12 11
37 11 10
37 19 18
37 18 13
37 18 17
37 17 16
37 16 14
37 16 15
38 14 13
38 13 5
38 5 4
38 4 2
38 2 0
38 2 1
38 4 3
38 13 12
38 12 10
38 10 8
38 8 6
38 8 7
38 10 9
38 12 11
39 15 14
39 14 13
39 13 0
39 13 12
39 12 9
39 9 8
39 8 7
39 7 4
39 4 3
39 3 1
39 3 2
39 7 6
39 6 5
39 12 11
39 11 10
40 15 1
40 1 0
40 15 14
40 14 13
40 13 11
40 11 2
40 11 10
40 10 6
40 6 5
40 5 3
40 5 4
40 10 9
40 9 7
40 9 8
40 13 12
41 14 4
41 4 3
41 3 2
41 2 1
41 1 0
41 14 13
41 13 11
41 11 10
41 10 5
41 10 9
41 9 7
41 7 6
41 9 8
41 13 12
42 16 14
42 14 12
42 12 4
42 4 2
42 2 0
42 2 1
42 4 3
42 12 11
42 11 10
42 10 9
42 9 5
42 9 8
42 8 6
42 8 7
42 14 13
42 16 15
43 14 13
43 13 11
43 11 6
43 6 5
43 5 4
43 4 3
43 3 2
43 2 0
43 2 1
43 11 10
43 10 9
43 9 7
43 9 8
43 13 12
44 18 17
44 17 1
44 1 0
44 17 16
44 16 11
44 11 10
44 10 9
44 9 3
44 3 2
44 9 8
44 8 7
44 7 5
44 5 4
44 7 6
44 16 15
44 15 14
44 14 12
44 14 13
45 16 15
45 15 14
45 14 0
45 14 13
45 13 1
45 13 12
45 12 9
45 9 8
45 8 7
45 7 4
45 4 3
45 3 2
45 7 6
45 6 5
45 12 11
45 11 10
46 15 14
46 14 13
46 13 12
46 12 11
46 11 10
46 10 5
46 5 4
46 4 2
46 2 0
46 2 1
46 4 3
46 10 9
46 9 8
46 8 7
46 7 6
47 14 9
47 9 8
47 8 7
47 7 5
47 5 3
47 3 2
47 2 1
47 1 0
47 5 4
47 7 6
47 14 13
47 13 10
47 13 12
47 12 11
48 17 16
48 16 6
48 6 0
48 6 5
48 5 2
48 2 1
48 5 4
48 4 3
48 16 15
48 15 12
48 12 7
48 12 11
48 11 10
48 10 9
48 9 8
48 15 14
48 14 13
49 14 8
49 8 4
49 4 2
49 2 1
49 1 0
49 4 3
49 8 7
49 7 5
49 7 6
49 14 13
49 13 11
49 11 9
49 11 10
49 13 12
50 17 15
50 15 7
50 7 4
50 4 2
50 2 0
50 2 1
50 4 3
50 7 6
50 6 5
50 15 14
50 14 12
50 12 8
50 12 11
50 11 10
50 10 9
50 14 13
50 17 16
51 16 7
51 7 6
51 6 2
51 2 0
51 2 1
51 6 5
51 5 3
51 5 4
51 16 15
51 15 14
51 14 13
51 13 12
51 12 11
51 11 10
51 10 8
51 10 9
52 16 3
52 3 1
52 1 0
52 3 2
52 16 15
52 15 7
52 7 4
52 7 6
52 6 5
52 15 14
52 14 10
52 10 9
52 9 8
52 14 13
52 13 11
52 13 12
53 19 16
53 16 14
53 14 12
53 12 0
53 12 11
53 11 5
53 5 4
53 4 1
53 4 3
53 3 2
53 11 10
53 10 8
53 8 7
53 7 6
53 10 9
53 14 13
53 16 15
53 19 18
53 18 17
54 14 13
54 13 2
54 2 1
54 1 0
54 13 12
54 12 11
54 11 9
54 9 8
54 8 7
54 7 3
54 7 6
54 6 5
54 5 4
54 11 10
55 15 14
55 14 11
55 11 10
55 10 1
55 1 0
55 10 9
55 9 8
55 8 6
55 6 5
55 5 2
55 5 4
55 4 3
55 8 7
55 14 13
55 13 12
56 14 3
56 3 0
56 3 2
56 2 1
56 14 13
56 13 11
56 11 10
56 10 9
56 9 4
56 9 8
56 8 6
56 6 5
56 8 7
56 13 12
57 19 16
57 16 15
57 15 12
57 12 11
57 11 10
57 10 0
57 10 9
57 9 8
57 8 7
57 7 3
57 3 1
57 3 2
57 7 6
57 6 4
57 6 5
57 15 14
57 14 13
57 19 18
57 18 17
58 16 14
58 14 13
58 13 10
58 10 9
58 9 8
58 8 5
58 5 1
58 1 0
58 5 4
58 4 2
58 4 3
58 8 7
58 7 6
58 13 12
58 12 11
58 16 15
59 15 8
59 8 4
59 4 0
59 4 3
59 3 1
59 3 2
59 8 7
59 7 5
59 7 6
59 15 14
59 14 13
59 13 11
59 11 9
59 11 10
59 13 12
60 18 3
60 3 2
60 2 0
60 2 1
60 18 17
60 17 15
60 15 14
60 14 10
60 10 6
60 6 5
60 5 4
60 10 9
60 9 8
60 8 7
60 14 13
60 13 11
60 13 12
60 17 16
61 17 11
61 11 2
61 2 0
61 2 1
61 11 10
61 10 5
61 5 4
61 4 3
61 10 9
61 9 8
61 8 6
61 8 7
61 17 16
61 16 12
61 16 15
61 15 14
61 14 13
62 15 3
62 3 2
62 2 1
62 1 0
62 15 14
62 14 5
62 5 4
62 14 13
62 13 11
62 11 10
62 10 9
62 9 7
62 7 6
62 9 8
62 13 12
63 17 2
63 2 1
63 1 0
63 17 16
63 16 7
63 7 4
63 4 3
63 7 6
63 6 5
63 16 15
63 15 8
63 15 14
63 14 12
63 12 11
63 11 9
63 11 10
63 14 13
64 17 0
64 17 16
64 16 14
64 14 4
64 4 3
64 3 2
64 2 1
64 14 13
64 13 12
64 12 5
64 12 11
64 11 6
64 11 10
64 10 9
64 9 8
64 8 7
64 16 15
65 19 0
65 19 18
65 18 16
65 16 13
65 13 3
65 3 1
65 3 2
65 13 12
65 12 11
65 11 8
65 8 6
65 6 4
65 6 5
65 8 7
65 11 10
65 10 9
65 16 15
65 15 14
65 18 17
66 15 14
66 14 13
66 13 8
66 8 7
66 7 5
66 5 3
66 3 2
66 2 1
66 1 0
66 5 4
66 7 6
66 13 12
66 12 10
66 10 9
66 12 11
67 15 3
67 3 1
67 1 0
67 3 2
67 15 14
67 14 13
67 13 10
67 10 8
67 8 7
67 7 5
67 5 4
67 7 6
67 10 9
67 13 12
67 12 11
68 15 14
68 14 13
68 13 9
68 9 8
68 8 7
68 7 5
68 5 3
68 3 0
68 3 2
68 2 1
68 5 4
68 7 6
68 13 12
68 12 10
68 12 11
69 16 0
69 16 15
69 15 1
69 15 14
69 14 13
69 13 2
69 13 12
69 12 3
69 12 11
69 11 4
69 11 10
69 10 8
69 8 7
69 7 6
69 6 5
69 10 9
70 14 12
70 12 5
70 5 4
70 4 3
70 3 1
70 1 0
70 3 2
70 12 11
70 11 10
70 10 8
70 8 7
70 7 6
70 10 9
70 14 13
71 16 15
71 15 14
71 14 13
71 13 12
71 12 11
71 11 0
71 11 10
71 10 6
71 6 4
71 4 2
71 2 1
71 4 3
71 6 5
71 10 9
71 9 8
71 8 7
72 14 13
72 13 11
72 11 0
72 11 10
72 10 9
72 9 8
72 8 1
72 8 7
72 7 5
72 5 4
72 4 2
72 4 3
72 7 6
72 13 12
73 18 0
73 18 17
73 17 2
73 2 1
73 17 16
73 16 14
73 14 13
73 13 12
73 12 7
73 7 5
73 5 4
73 4 3
73 7 6
73 12 11
73 11 10
73 10 8
73 10 9
73 16 15
74 18 17
74 17 16
74 16 15
74 15 13
74 13 6
74 6 4
74 4 2
74 2 1
74 1 0
74 4 3
74 6 5
74 13 12
74 12 11
74 11 10
74 10 7
74 10 9
74 9 8
74 15 14
75 19 12
75 12 7
75 7 6
75 6 5
75 5 3
75 3 2
75 2 1
75 1 0
75 5 4
75 12 11
75 11 8
75 11 10
75 10 9
75 19 18
75 18 17
75 17 13
75 17 16
75 16 14
75 16 15
76 18 3
76 3 2
76 2 0
76 2 1
76 18 17
76 17 4
76 17 16
76 16 9
76 9 8
76 8 7
76 7 5
76 7 6
76 16 15
76 15 11
76 11 10
76 15 14
76 14 13
76 13 12
77 14 6
77 6 1
77 1 0
77 6 5
77 5 4
77 4 2
77 4 3
77 14 13
77 13 7
77 13 12
77 12 8
77 12 11
77 11 9
77 11 10
78 18 4
78 4 2
78 2 1
78 1 0
78 4 3
78 18 17
78 17 16
78 16 15
78 15 7
78 7 6
78 6 5
78 15 14
78 14 13
78 13 9
78 9 8
78 13 12
78 12 10
78 12 11
79 19 2
79 2 1
79 1 0
79 19 18
79 18 3
79 18 17
79 17 16
79 16 4
79 16 15
79 15 12
79 12 6
79 6 5
79 12 11
79 11 9
79 9 7
79 9 8
79 11 10
79 15 14
79 14 13
80 18 13
80 13 7
80 7 6
80 6 5
80 5 4
80 4 3
80 3 2
80 2 0
80 2 1
80 13 12
80 12 10
80 10 8
80 10 9
80 12 11
80 18 17
80 17 14
80 17 16
80 16 15
81 14 10
81 10 9
81 9 0
81 9 8
81 8 7
81 7 1
81 7 6
81 6 2
81 6 5
81 5 3
81 5 4
81 14 13
81 13 12
81 12 11
82 16 0
82 16 15
82 15 14
82 14 4
82 4 3
82 3 2
82 2 1
82 14 13
82 13 8
82 8 5
82 8 7
82 7 6
82 13 12
82 12 9
82 12 11
82 11 10
83 19 18
83 18 16
83 16 15
83 15 14
83 14 1
83 1 0
83 14 13
83 13 3
83 3 2
83 13 12
83 12 6
83 6 5
83 5 4
83 12 11
83 11 8
83 8 7
83 11 10
83 10 9
83 18 17
84 14 0
84 14 13
84 13 12
84 12 1
84 12 11
84 11 2
84 11 10
84 10 9
84 9 7
84 7 3
84 7 6
84 6 5
84 5 4
84 9 8
85 19 9
85 9 7
85 7 6
85 6 3
85 3 1
85 1 0
85 3 2
85 6 5
85 5 4
85 9 8
85 19 18
85 18 14
85 14 13
85 13 11
85 11 10
85 13 12
85 18 17
85 17 16
85 16 15
86 17 0
86 17 16
86 16 13
86 13 1
86 13 12
86 12 10
86 10 4
86 4 2
86 4 3
86 10 9
86 9 5
86 9 8
86 8 7
86 7 6
86 12 11
86 16 15
86 15 14
87 14 0
87 14 13
87 13 9
87 9 3
87 3 2
87 2 1
87 9 8
87 8 7
87 7 6
87 6 4
87 6 5
87 13 12
87 12 11
87 11 10
88 17 0
88 17 16
88 16 1
88 16 15
88 15 14
88 14 9
88 9 2
88 9 8
88 8 4
88 4 3
88 8 7
88 7 6
88 6 5
88 14 13
88 13 12
88 12 11
88 11 10
89 19 17
89 17 16
89 16 15
89 15 14
89 14 4
89 4 2
89 2 1
89 1 0
89 4 3
89 14 13
89 13 12
89 12 11
89 11 10
89 10 6
89 6 5
89 10 9
89 9 7
89 9 8
89 19 18
90 19 18
90 18 17
90 17 15
90 15 0
90 15 14
90 14 1
90 14 13
90 13 9
90 9 2
90 9 8
90 8 7
90 7 6
90 6 5
90 5 4
90 4 3
90 13 12
90 12 10
90 12 11
90 17 16
91 19 9
91 9 0
91 9 8
91 8 1
91 8 7
91 7 5
91 5 2
91 5 4
91 4 3
91 7 6
91 19 18
91 18 17
91 17 10
91 17 16
91 16 11
91 16 15
91 15 13
91 13 12
91 15 14
92 15 12
92 12 10
92 10 1
92 1 0
92 10 9
92 9 8
92 8 2
92 8 7
92 7 4
92 4 3
92 7 6
92 6 5
92 12 11
92 15 14
92 14 13
93 16 6
93 6 5
93 5 2
93 2 0
93 2 1
93 5 4
93 4 3
93 16 15
93 15 13
93 13 7
93 13 12
93 12 11
93 11 9
93 9 8
93 11 10
93 15 14
94 18 14
94 14 1
94 1 0
94 14 13
94 13 12
94 12 11
94 11 2
94 11 10
94 10 3
94 10 9
94 9 4
94 9 8
94 8 7
94 7 5
94 7 6
94 18 17
94 17 16
94 16 15
95 16 7
95 7 0
95 7 6
95 6 5
95 5 1
95 5 4
95 4 2
95 4 3
95 16 15
95 15 13
95 13 11
95 11 10
95 10 8
95 10 9
95 13 12
95 15 14
96 17 16
96 16 15
96 15 14
96 14 9
96 9 0
96 9 8
96 8 3
96 3 2
96 2 1
96 8 7
96 7 6
96 6 5
96 5 4
96 14 13
96 13 11
96 11 10
96 13 12
97 18 17
97 17 7
97 7 6
97 6 2
97 2 1
97 1 0
97 6 5
97 5 4
97 4 3
97 17 16
97 16 8
97 16 15
97 15 9
97 15 14
97 14 10
97 14 13
97 13 12
97 12 11
98 15 13
98 13 12
98 12 10
98 10 9
98 9 0
98 9 8
98 8 7
98 7 5
98 5 1
98 5 4
98 4 2
98 4 3
98 7 6
98 12 11
98 15 14
99 16 15
99 15 0
99 15 14
99 14 13
99 13 12
99 12 2
99 2 1
99 12 11
99 11 8
99 8 7
99 7 5
99 5 4
99 4 3
99 7 6
99 11 10
99 10 9
100 19 18
100 18 9
100 9 8
100 8 5
100 5 3
100 3 0
100 3 2
100 2 1
100 5 4
100 8 7
100 7 6
100 18 17
100 17 14
100 14 12
100 12 11
100 11 10
100 14 13
100 17 16
100 16 15
101 18 0
101 18 17
101 17 16
101 16 1
101 16 15
101 15 14
101 14 5
101 5 2
101 5 4
101 4 3
101 14 13
101 13 11
101 11 7
101 7 6
101 11 10
101 10 8
101 10 9
101 13 12
