1 15 0
1 15 14
1 14 13
1 13 12
1 12 1
1 12 11
1 11 7
1 7 6
1 6 5
1 5 2
1 5 4
1 4 3
1 11 10
1 10 8
1 10 9
2 17 16
2 16 0
2 16 15
2 15 11
2 11 9
2 9 7
2 7 3
2 3 1
2 3 2
2 7 6
2 6 4
2 6 5
2 9 8
2 11 10
2 15 14
2 14 12
2 14 13
3 16 15
3 15 14
3 14 0
3 14 13
3 13 1
3 13 12
3 12 4
3 4 2
3 4 3
3 12 11
3 11 5
3 11 10
3 10 6
3 10 9
3 9 8
3 8 7
4 17 3
4 3 0
4 3 2
4 2 1
4 17 16
4 16 15
4 15 4
4 15 14
4 14 13
4 13 12
4 12 11
4 11 9
4 9 8
4 8 5
4 8 7
4 7 6
4 11 10
5 17 16
5 16 9
5 9 8
5 8 6
5 6 2
5 2 0
5 2 1
5 6 5
5 5 3
5 5 4
5 8 7
5 16 15
5 15 10
5 15 14
5 14 13
5 13 11
5 13 12
6 16 15
6 15 1
6 1 0
6 15 14
6 14 13
6 13 12
6 12 4
6 4 3
6 3 2
6 12 11
6 11 10
6 10 9
6 9 8
6 8 7
6 7 6
6 6 5
7 19 18
7 18 15
7 15 0
7 15 14
7 14 12
7 12 7
7 7 6
7 6 5
7 5 1
7 5 4
7 4 3
7 3 2
7 12 11
7 11 10
7 10 8
7 10 9
7 14 13
7 18 17
7 17 16
8 14 13
8 13 0
8 13 12
8 12 1
8 12 11
8 11 10
8 10 9
8 9 8
8 8 2
8 8 7
8 7 5
8 5 3
8 5 4
8 7 6
9 15 14
9 14 13
9 13 12
9 12 6
9 6 5
9 5 2
9 2 1
9 1 0
9 5 4
9 4 3
9 12 11
9 11 10
9 10 7
9 10 9
9 9 8
10 17 0
10 17 16
10 16 15
10 15 14
10 14 7
10 7 5
10 5 1
10 5 4
10 4 3
10 3 2
10 7 6
10 14 13
10 13 10
10 10 8
10 10 9
10 13 12
10 12 11
11 14 13
11 13 12
11 12 11
11 11 9
11 9 0
11 9 8
11 8 3
11 3 1
11 3 2
11 8 7
11 7 5
11 5 4
11 7 6
11 11 10
12 18 15
12 15 12
12 12 0
12 12 11
12 11 2
12 2 1
12 11 10
12 10 3
12 10 9
12 9 8
12 8 6
12 6 5
12 5 4
12 8 7
12 15 14
12 14 13
12 18 17
12 17 16
13 19 18
13 18 16
13 16 15
13 15 4
13 4 3
13 3 2
13 2 1
13 1 0
13 15 14
13 14 13
13 13 12
13 12 10
13 10 8
13 8 5
13 8 7
13 7 6
13 10 9
13 12 11
13 18 17
14 19 18
14 18 17
14 17 16
14 16 9
14 9 0
14 9 8
14 8 7
14 7 1
14 7 6
14 6 5
14 5 2
14 5 4
14 4 3
14 16 15
14 15 12
14 12 10
14 12 11
14 15 14
14 14 13
15 15 9
15 9 7
15 7 1
15 1 0
15 7 6
15 6 4
15 4 3
15 3 2
15 6 5
15 9 8
15 15 14
15 14 12
15 12 10
15 12 11
15 14 13
16 18 0
16 18 17
16 17 16
16 16 3
16 3 1
16 3 2
16 16 15
16 15 12
16 12 10
16 10 4
16 10 9
16 9 8
16 8 7
16 7 6
16 6 5
16 12 11
16 15 14
16 14 13
17 16 15
17 15 0
17 15 14
17 14 2
17 2 1
17 14 13
17 13 3
17 13 12
17 12 4
17 12 11
17 11 9
17 9 7
17 7 5
17 7 6
17 9 8
17 11 10
18 14 12
18 12 11
18 11 0
18 11 10
18 10 9
18 9 8
18 8 7
18 7 6
18 6 1
18 6 5
18 5 3
18 3 2
18 5 4
18 14 13
19 17 16
19 16 15
19 15 14
19 14 13
19 13 12
19 12 9
19 9 3
19 3 0
19 3 2
19 2 1
19 9 8
19 8 7
19 7 5
19 5 4
19 7 6
19 12 11
19 11 10
20 17 16
20 16 14
20 14 0
20 14 13
20 13 11
20 11 8
20 8 7
20 7 3
20 3 1
20 3 2
20 7 6
20 6 5
20 5 4
20 11 10
20 10 9
20 13 12
20 16 15
21 16 15
21 15 14
21 14 2
21 2 1
21 1 0
21 14 13
21 13 12
21 12 3
21 12 11
21 11 8
21 8 6
21 6 5
21 5 4
21 8 7
21 11 10
21 10 9
22 19 3
22 3 1
22 1 0
22 3 2
22 19 18
22 18 12
22 12 10
22 10 9
22 9 5
22 5 4
22 9 8
22 8 7
22 7 6
22 12 11
22 18 17
22 17 16
22 16 14
22 14 13
22 16 15
23 16 15
23 15 0
23 15 14
23 14 13
23 13 5
23 5 2
23 2 1
23 5 4
23 4 3
23 13 12
23 12 11
23 11 6
23 11 10
23 10 7
23 10 9
23 9 8
24 16 1
24 1 0
24 16 15
24 15 2
24 15 14
24 14 13
24 13 11
24 11 9
24 9 8
24 8 7
24 7 3
24 7 6
24 6 4
24 6 5
24 11 10
24 13 12
25 19 18
25 18 1
25 1 0
25 18 17
25 17 11
25 11 10
25 10 4
25 4 3
25 3 2
25 10 9
25 9 8
25 8 5
25 8 7
25 7 6
25 17 16
25 16 14
25 14 13
25 13 12
25 16 15
26 15 13
26 13 9
26 9 7
26 7 6
26 6 5
26 5 3
26 3 2
26 2 0
26 2 1
26 5 4
26 9 8
26 13 12
26 12 10
26 12 11
26 15 14
27 19 3
27 3 2
27 2 1
27 1 0
27 19 18
27 18 17
27 17 16
27 16 4
27 16 15
27 15 12
27 12 11
27 11 9
27 9 7
27 7 5
27 7 6
27 9 8
27 11 10
27 15 14
27 14 13
28 19 18
28 18 0
28 18 17
28 17 4
28 4 3
28 3 2
28 2 1
28 17 16
28 16 15
28 15 14
28 14 13
28 13 7
28 7 6
28 6 5
28 13 12
28 12 10
28 10 9
28 9 8
28 12 11
29 14 0
29 14 13
29 13 7
29 7 6
29 6 5
29 5 4
29 4 3
29 3 1
29 3 2
29 13 12
29 12 11
29 11 8
29 11 10
29 10 9
30 18 17
30 17 14
30 14 13
30 13 12
30 12 11
30 11 10
30 10 9
30 9 6
30 6 5
30 5 3
30 3 2
30 2 0
30 2 1
30 5 4
30 9 8
30 8 7
30 17 16
30 16 15
31 16 15
31 15 14
31 14 13
31 13 3
31 3 0
31 3 2
31 2 1
31 13 12
31 12 11
31 11 10
31 10 9
31 9 8
31 8 7
31 7 5
31 5 4
31 7 6
32 16 15
32 15 9
32 9 8
32 8 6
32 6 5
32 5 2
32 2 0
32 2 1
32 5 4
32 4 3
32 8 7
32 15 14
32 14 13
32 13 10
32 13 12
32 12 11
33 16 0
33 16 15
33 15 14
33 14 12
33 12 11
33 11 9
33 9 4
33 4 1
33 4 3
33 3 2
33 9 8
33 8 7
33 7 6
33 6 5
33 11 10
33 14 13
34 15 14
34 14 13
34 13 12
34 12 5
34 5 2
34 2 0
34 2 1
34 5 4
34 4 3
34 12 11
34 11 10
34 10 9
34 9 7
34 7 6
34 9 8
35 18 8
35 8 0
35 8 7
35 7 6
35 6 1
35 6 5
35 5 3
35 3 2
35 5 4
35 18 17
35 17 16
35 16 14
35 14 9
35 14 13
35 13 12
35 12 11
35 11 10
35 16 15
36 19 18
36 18 2
36 2 1
36 1 0
36 18 17
36 17 4
36 4 3
36 17 16
36 16 13
36 13 9
36 9 8
36 8 7
36 7 5
36 7 6
36 13 12
36 12 11
36 11 10
36 16 15
36 15 14
37 17 16
37 16 14
37 14 12
37 12 4
37 4 1
37 1 0
37 4 3
37 3 2
37 12 11
37 11 5
37 11 10
37 10 6
37 10 9
37 9 7
37 9 8
37 14 13
37 16 15
38 15 9
38 9 5
38 5 4
38 4 2
38 2 0
38 2 1
38 4 3
38 9 8
38 8 7
38 7 6
38 15 14
38 14 13
38 13 10
38 13 12
38 12 11
39 16 8
39 8 4
39 4 0
39 4 3
39 3 1
39 3 2
39 8 7
39 7 6
39 6 5
39 16 15
39 15 12
39 12 9
39 12 11
39 11 10
39 15 14
39 14 13
40 19 17
40 17 16
40 16 15
40 15 2
40 2 1
40 1 0
40 15 14
40 14 12
40 12 11
40 11 10
40 10 5
40 5 3
40 5 4
40 10 9
40 9 6
40 9 8
40 8 7
40 14 13
40 19 18
41 19 18
41 18 17
41 17 16
41 16 15
41 15 14
41 14 0
41 14 13
41 13 12
41 12 9
41 9 8
41 8 2
41 2 1
41 8 7
41 7 4
41 4 3
41 7 6
41 6 5
41 12 11
41 11 10
42 19 6
42 6 5
42 5 4
42 4 3
42 3 2
42 2 0
42 2 1
42 19 18
42 18 13
42 13 11
42 11 10
42 10 9
42 9 8
42 8 7
42 13 12
42 18 17
42 17 14
42 17 16
42 16 15
43 18 17
43 17 1
43 1 0
43 17 16
43 16 15
43 15 14
43 14 13
43 13 12
43 12 2
43 12 11
43 11 7
43 7 6
43 6 4
43 4 3
43 6 5
43 11 10
43 10 9
43 9 8
44 15 11
44 11 10
44 10 1
44 1 0
44 10 9
44 9 3
44 3 2
44 9 8
44 8 5
44 5 4
44 8 7
44 7 6
44 15 14
44 14 13
44 13 12
45 17 0
45 17 16
45 16 15
45 15 14
45 14 1
45 14 13
45 13 6
45 6 4
45 4 2
45 4 3
45 6 5
45 13 12
45 12 10
45 10 9
45 9 8
45 8 7
45 12 11
46 15 11
46 11 2
46 2 1
46 1 0
46 11 10
46 10 8
46 8 7
46 7 5
46 5 4
46 4 3
46 7 6
46 10 9
46 15 14
46 14 13
46 13 12
47 14 13
47 13 9
47 9 8
47 8 4
47 4 3
47 3 1
47 1 0
47 3 2
47 8 7
47 7 6
47 6 5
47 13 12
47 12 10
47 12 11
48 19 18
48 18 17
48 17 3
48 3 0
48 3 2
48 2 1
48 17 16
48 16 11
48 11 10
48 10 9
48 9 8
48 8 4
48 8 7
48 7 6
48 6 5
48 16 15
48 15 13
48 13 12
48 15 14
49 18 0
49 18 17
49 17 15
49 15 14
49 14 13
49 13 11
49 11 10
49 10 3
49 3 1
49 3 2
49 10 9
49 9 6
49 6 5
49 5 4
49 9 8
49 8 7
49 13 12
49 17 16
50 18 2
50 2 0
50 2 1
50 18 17
50 17 15
50 15 14
50 14 12
50 12 7
50 7 5
50 5 4
50 4 3
50 7 6
50 12 11
50 11 8
50 11 10
50 10 9
50 14 13
50 17 16
51 14 3
51 3 0
51 3 2
51 2 1
51 14 13
51 13 10
51 10 4
51 10 9
51 9 7
51 7 6
51 6 5
51 9 8
51 13 12
51 12 11
52 18 14
52 14 9
52 9 8
52 8 7
52 7 3
52 3 2
52 2 1
52 1 0
52 7 6
52 6 5
52 5 4
52 14 13
52 13 12
52 12 11
52 11 10
52 18 17
52 17 16
52 16 15
53 19 18
53 18 16
53 16 14
53 14 12
53 12 10
53 10 2
53 2 0
53 2 1
53 10 9
53 9 8
53 8 3
53 8 7
53 7 5
53 5 4
53 7 6
53 12 11
53 14 13
53 16 15
53 18 17
54 19 15
54 15 6
54 6 5
54 5 2
54 2 0
54 2 1
54 5 4
54 4 3
54 15 14
54 14 12
54 12 7
54 12 11
54 11 10
54 10 8
54 10 9
54 14 13
54 19 18
54 18 17
54 17 16
55 19 2
55 2 1
55 1 0
55 19 18
55 18 15
55 15 4
55 4 3
55 15 14
55 14 6
55 6 5
55 14 13
55 13 11
55 11 9
55 9 7
55 9 8
55 11 10
55 13 12
55 18 17
55 17 16
56 18 12
56 12 0
56 12 11
56 11 10
56 10 2
56 2 1
56 10 9
56 9 8
56 8 7
56 7 6
56 6 4
56 4 3
56 6 5
56 18 17
56 17 13
56 17 16
56 16 15
56 15 14
57 15 14
57 14 12
57 12 2
57 2 1
57 1 0
57 12 11
57 11 4
57 4 3
57 11 10
57 10 9
57 9 6
57 6 5
57 9 8
57 8 7
57 14 13
58 15 10
58 10 4
58 4 3
58 3 0
58 3 2
58 2 1
58 10 9
58 9 8
58 8 7
58 7 5
58 7 6
58 15 14
58 14 12
58 12 11
58 14 13
59 19 18
59 18 17
59 17 12
59 12 5
59 5 4
59 4 2
59 2 1
59 1 0
59 4 3
59 12 11
59 11 7
59 7 6
59 11 10
59 10 9
59 9 8
59 17 16
59 16 14
59 14 13
59 16 15
60 16 15
60 15 14
60 14 1
60 1 0
60 14 13
60 13 4
60 4 3
60 3 2
60 13 12
60 12 11
60 11 8
60 8 5
60 8 7
60 7 6
60 11 10
60 10 9
61 17 16
61 16 3
61 3 2
61 2 0
61 2 1
61 16 15
61 15 13
61 13 4
61 13 12
61 12 7
61 7 6
61 6 5
61 12 11
61 11 8
61 11 10
61 10 9
61 15 14
62 16 5
62 5 3
62 3 2
62 2 0
62 2 1
62 5 4
62 16 15
62 15 14
62 14 13
62 13 12
62 12 11
62 11 10
62 10 9
62 9 8
62 8 7
62 7 6
63 14 12
63 12 11
63 11 9
63 9 2
63 2 1
63 1 0
63 9 8
63 8 7
63 7 6
63 6 5
63 5 4
63 4 3
63 11 10
63 14 13
64 15 4
64 4 2
64 2 0
64 2 1
64 4 3
64 15 14
64 14 13
64 13 12
64 12 8
64 8 7
64 7 5
64 7 6
64 12 11
64 11 9
64 11 10
65 14 12
65 12 3
65 3 0
65 3 2
65 2 1
65 12 11
65 11 5
65 5 4
65 11 10
65 10 9
65 9 8
65 8 6
65 8 7
65 14 13
66 14 0
66 14 13
66 13 12
66 12 1
66 12 11
66 11 8
66 8 7
66 7 6
66 6 3
66 3 2
66 6 5
66 5 4
66 11 10
66 10 9
67 16 2
67 2 0
67 2 1
67 16 15
67 15 9
67 9 5
67 5 3
67 5 4
67 9 8
67 8 7
67 7 6
67 15 14
67 14 11
67 11 10
67 14 13
67 13 12
68 15 2
68 2 1
68 1 0
68 15 14
68 14 13
68 13 3
68 13 12
68 12 6
68 6 4
68 6 5
68 12 11
68 11 10
68 10 7
68 10 9
68 9 8
69 19 18
69 18 17
69 17 0
69 17 16
69 16 15
69 15 14
69 14 9
69 9 8
69 8 3
69 3 2
69 2 1
69 8 7
69 7 6
69 6 5
69 5 4
69 14 13
69 13 10
69 13 12
69 12 11
70 15 3
70 3 2
70 2 1
70 1 0
70 15 14
70 14 7
70 7 6
70 6 5
70 5 4
70 14 13
70 13 8
70 13 12
70 12 11
70 11 9
70 11 10
71 17 15
71 15 13
71 13 11
71 11 9
71 9 8
71 8 5
71 5 4
71 4 3
71 3 0
71 3 2
71 2 1
71 8 7
71 7 6
71 11 10
71 13 12
71 15 14
71 17 16
72 18 0
72 18 17
72 17 16
72 16 15
72 15 11
72 11 10
72 10 8
72 8 6
72 6 5
72 5 3
72 3 2
72 2 1
72 5 4
72 8 7
72 10 9
72 15 14
72 14 13
72 13 12
73 15 14
73 14 10
73 10 9
73 9 1
73 1 0
73 9 8
73 8 4
73 4 3
73 3 2
73 8 7
73 7 6
73 6 5
73 14 13
73 13 12
73 12 11
74 18 0
74 18 17
74 17 15
74 15 14
74 14 13
74 13 12
74 12 11
74 11 2
74 2 1
74 11 10
74 10 3
74 10 9
74 9 8
74 8 6
74 6 4
74 6 5
74 8 7
74 17 16
75 14 11
75 11 10
75 10 6
75 6 3
75 3 0
75 3 2
75 2 1
75 6 5
75 5 4
75 10 9
75 9 7
75 9 8
75 14 13
75 13 12
76 15 6
76 6 1
76 1 0
76 6 5
76 5 3
76 3 2
76 5 4
76 15 14
76 14 12
76 12 8
76 8 7
76 12 11
76 11 9
76 11 10
76 14 13
77 14 12
77 12 2
77 2 1
77 1 0
77 12 11
77 11 10
77 10 9
77 9 7
77 7 3
77 7 6
77 6 4
77 6 5
77 9 8
77 14 13
78 18 9
78 9 7
78 7 4
78 4 1
78 1 0
78 4 3
78 3 2
78 7 6
78 6 5
78 9 8
78 18 17
78 17 10
78 17 16
78 16 11
78 16 15
78 15 14
78 14 13
78 13 12
79 16 13
79 13 0
79 13 12
79 12 4
79 4 1
79 4 3
79 3 2
79 12 11
79 11 9
79 9 5
79 9 8
79 8 7
79 7 6
79 11 10
79 16 15
79 15 14
80 17 0
80 17 16
80 16 5
80 5 4
80 4 3
80 3 1
80 3 2
80 16 15
80 15 14
80 14 10
80 10 9
80 9 6
80 9 8
80 8 7
80 14 13
80 13 12
80 12 11
81 19 0
81 19 18
81 18 17
81 17 16
81 16 15
81 15 1
81 15 14
81 14 2
81 14 13
81 13 11
81 11 3
81 11 10
81 10 7
81 7 6
81 6 4
81 6 5
81 10 9
81 9 8
81 13 12
82 15 13
82 13 11
82 11 10
82 10 9
82 9 8
82 8 2
82 2 1
82 1 0
82 8 7
82 7 6
82 6 3
82 6 5
82 5 4
82 13 12
82 15 14
83 16 9
83 9 1
83 1 0
83 9 8
83 8 3
83 3 2
83 8 7
83 7 5
83 5 4
83 7 6
83 16 15
83 15 11
83 11 10
83 15 14
83 14 13
83 13 12
84 15 0
84 15 14
84 14 13
84 13 11
84 11 10
84 10 2
84 2 1
84 10 9
84 9 8
84 8 7
84 7 4
84 4 3
84 7 6
84 6 5
84 13 12
85 18 17
85 17 2
85 2 0
85 2 1
85 17 16
85 16 15
85 15 13
85 13 4
85 4 3
85 13 12
85 12 11
85 11 10
85 10 6
85 6 5
85 10 9
85 9 7
85 9 8
85 15 14
86 19 17
86 17 0
86 17 16
86 16 15
86 15 2
86 2 1
86 15 14
86 14 11
86 11 9
86 9 5
86 5 3
86 5 4
86 9 8
86 8 6
86 8 7
86 11 10
86 14 13
86 13 12
86 19 18
87 14 9
87 9 7
87 7 6
87 6 3
87 3 2
87 2 1
87 1 0
87 6 5
87 5 4
87 9 8
87 14 13
87 13 10
87 13 12
87 12 11
88 17 15
88 15 0
88 15 14
88 14 3
88 3 1
88 3 2
88 14 13
88 13 9
88 9 7
88 7 6
88 6 5
88 5 4
88 9 8
88 13 12
88 12 11
88 11 10
88 17 16
89 15 14
89 14 12
89 12 10
89 10 8
89 8 2
89 2 0
89 2 1
89 8 7
89 7 6
89 6 5
89 5 4
89 4 3
89 10 9
89 12 11
89 14 13
90 14 8
90 8 7
90 7 0
90 7 6
90 6 2
90 2 1
90 6 5
90 5 3
90 5 4
90 14 13
90 13 12
90 12 9
90 12 11
90 11 10
91 19 5
91 5 2
91 2 0
91 2 1
91 5 4
91 4 3
91 19 18
91 18 8
91 8 6
91 8 7
91 18 17
91 17 10
91 10 9
91 17 16
91 16 13
91 13 11
91 13 12
91 16 15
91 15 14
92 15 14
92 14 13
92 13 1
92 1 0
92 13 12
92 12 11
92 11 10
92 10 8
92 8 4
92 4 3
92 3 2
92 8 7
92 7 6
92 6 5
92 10 9
93 19 18
93 18 15
93 15 4
93 4 3
93 3 1
93 1 0
93 3 2
93 15 14
93 14 7
93 7 5
93 7 6
93 14 13
93 13 12
93 12 11
93 11 8
93 11 10
93 10 9
93 18 17
93 17 16
94 15 14
94 14 12
94 12 10
94 10 2
94 2 0
94 2 1
94 10 9
94 9 5
94 5 3
94 5 4
94 9 8
94 8 7
94 7 6
94 12 11
94 14 13
95 16 15
95 15 8
95 8 7
95 7 1
95 1 0
95 7 6
95 6 5
95 5 3
95 3 2
95 5 4
95 15 14
95 14 9
95 14 13
95 13 12
95 12 10
95 12 11
96 16 9
96 9 0
96 9 8
96 8 1
96 8 7
96 7 2
96 7 6
96 6 4
96 4 3
96 6 5
96 16 15
96 15 14
96 14 10
96 14 13
96 13 11
96 13 12
97 18 17
97 17 1
97 1 0
97 17 16
97 16 13
97 13 12
97 12 8
97 8 4
97 4 2
97 4 3
97 8 7
97 7 6
97 6 5
97 12 11
97 11 10
97 10 9
97 16 15
97 15 14
98 17 6
98 6 5
98 5 3
98 3 2
98 2 1
98 1 0
98 5 4
98 17 16
98 16 7
98 16 15
98 15 14
98 14 13
98 13 10
98 10 8
98 10 9
98 13 12
98 12 11
99 14 0
99 14 13
99 13 7
99 7 4
99 4 1
99 4 3
99 3 2
99 7 6
99 6 5
99 13 12
99 12 8
99 12 11
99 11 10
99 10 9
100 16 15
100 15 14
100 14 0
100 14 13
100 13 12
100 12 11
100 11 7
100 7 6
100 6 4
100 4 1
100 4 3
100 3 2
100 6 5
100 11 10
100 10 9
100 9 8
101 15 7
101 7 3
101 3 2
101 2 1
101 1 0
101 7 6
101 6 5
101 5 4
101 15 14
101 14 13
101 13 9
101 9 8
101 13 12
101 12 11
101 11 10
