1 14 13
1 13 0
1 13 12
1 12 1
1 12 11
1 11 10
1 10 7
1 7 4
1 4 3
1 3 2
1 7 6
1 6 5
1 10 9
1 9 8
2 16 12
2 12 11
2 11 9
2 9 3
2 3 2
2 2 0
2 2 1
2 9 8
2 8 7
2 7 6
2 6 4
2 6 5
2 11 10
2 16 15
2 15 13
2 15 14
3 17 0
3 17 16
3 16 14
3 14 13
3 13 9
3 9 8
3 8 5
3 5 2
3 2 1
3 5 4
3 4 3
3 8 7
3 7 6
3 13 12
3 12 11
3 11 10
3 16 15
4 16 14
4 14 0
4 14 13
4 13 11
4 11 10
4 10 9
4 9 1
4 9 8
4 8 2
4 8 7
4 7 6
4 6 5
4 5 3
4 5 4
4 13 12
4 16 15
5 18 0
5 18 17
5 17 13
5 13 6
5 6 1
5 6 5
5 5 2
5 5 4
5 4 3
5 13 12
5 12 11
5 11 10
5 10 9
5 9 8
5 8 7
5 17 16
5 16 15
5 15 14
6 18 17
6 17 16
6 16 15
6 15 14
6 14 13
6 13 12
6 12 1
6 1 0
6 12 11
6 11 10
6 10 3
6 3 2
6 10 9
6 9 8
6 8 7
6 7 6
6 6 5
6 5 4
7 19 14
7 14 13
7 13 0
7 13 12
7 12 11
7 11 10
7 10 9
7 9 7
7 7 1
7 7 6
7 6 3
7 3 2
7 6 5
7 5 4
7 9 8
7 19 18
7 18 16
7 16 15
7 18 17
8 15 14
8 14 10
8 10 1
8 1 0
8 10 9
8 9 2
8 9 8
8 8 7
8 7 5
8 5 3
8 5 4
8 7 6
8 14 13
8 13 12
8 12 11
9 15 1
9 1 0
9 15 14
9 14 4
9 4 3
9 3 2
9 14 13
9 13 11
9 11 10
9 10 8
9 8 6
9 6 5
9 8 7
9 10 9
9 13 12
10 17 0
10 17 16
10 16 1
10 16 15
10 15 14
10 14 5
10 5 3
10 3 2
10 5 4
10 14 13
10 13 12
10 12 11
10 11 9
10 9 8
10 8 7
10 7 6
10 11 10
11 15 2
11 2 1
11 1 0
11 15 14
11 14 13
11 13 5
11 5 3
11 5 4
11 13 12
11 12 11
11 11 9
11 9 6
11 9 8
11 8 7
11 11 10
12 19 18
12 18 17
12 17 9
12 9 2
12 2 0
12 2 1
12 9 8
12 8 6
12 6 5
12 5 3
12 5 4
12 8 7
12 17 16
12 16 12
12 12 11
12 11 10
12 16 15
12 15 14
12 14 13
13 14 13
13 13 12
13 12 11
13 11 1
13 1 0
13 11 10
13 10 9
13 9 5
13 5 2
13 5 4
13 4 3
13 9 8
13 8 6
13 8 7
14 16 0
14 16 15
14 15 11
14 11 1
14 11 10
14 10 2
14 10 9
14 9 7
14 7 3
14 7 6
14 6 4
14 6 5
14 9 8
14 15 14
14 14 13
14 13 12
15 17 7
15 7 6
15 6 5
15 5 0
15 5 4
15 4 3
15 3 2
15 2 1
15 17 16
15 16 10
15 10 9
15 9 8
15 16 15
15 15 14
15 14 13
15 13 12
15 12 11
16 14 11
16 11 6
16 6 5
16 5 0
16 5 4
16 4 3
16 3 2
16 2 1
16 11 10
16 10 8
16 8 7
16 10 9
16 14 13
16 13 12
17 14 3
17 3 0
17 3 2
17 2 1
17 14 13
17 13 11
17 11 9
17 9 8
17 8 7
17 7 4
17 7 6
17 6 5
17 11 10
17 13 12
18 15 0
18 15 14
18 14 4
18 4 3
18 3 2
18 2 1
18 14 13
18 13 12
18 12 5
18 12 11
18 11 10
18 10 9
18 9 8
18 8 6
18 8 7
19 15 14
19 14 2
19 2 1
19 1 0
19 14 13
19 13 12
19 12 11
19 11 7
19 7 6
19 6 5
19 5 4
19 4 3
19 11 10
19 10 9
19 9 8
20 14 2
20 2 1
20 1 0
20 14 13
20 13 12
20 12 11
20 11 9
20 9 5
20 5 3
20 5 4
20 9 8
20 8 7
20 7 6
20 11 10
21 17 15
21 15 10
21 10 0
21 10 9
21 9 1
21 9 8
21 8 7
21 7 6
21 6 3
21 3 2
21 6 5
21 5 4
21 15 14
21 14 13
21 13 12
21 12 11
21 17 16
22 17 15
22 15 3
22 3 1
22 1 0
22 3 2
22 15 14
22 14 13
22 13 8
22 8 4
22 8 7
22 7 6
22 6 5
22 13 12
22 12 10
22 10 9
22 12 11
22 17 16
23 16 0
23 16 15
23 15 14
23 14 10
23 10 9
23 9 7
23 7 6
23 6 5
23 5 1
23 5 4
23 4 3
23 3 2
23 9 8
23 14 13
23 13 12
23 12 11
24 15 14
24 14 4
24 4 3
24 3 2
24 2 1
24 1 0
24 14 13
24 13 5
24 13 12
24 12 11
24 11 8
24 8 7
24 7 6
24 11 10
24 10 9
25 15 14
25 14 10
25 10 9
25 9 7
25 7 0
25 7 6
25 6 5
25 5 3
25 3 2
25 2 1
25 5 4
25 9 8
25 14 13
25 13 12
25 12 11
26 18 15
26 15 5
26 5 3
26 3 2
26 2 0
26 2 1
26 5 4
26 15 14
26 14 13
26 13 12
26 12 9
26 9 8
26 8 7
26 7 6
26 12 11
26 11 10
26 18 17
26 17 16
27 16 6
27 6 2
27 2 1
27 1 0
27 6 5
27 5 4
27 4 3
27 16 15
27 15 11
27 11 8
27 8 7
27 11 10
27 10 9
27 15 14
27 14 12
27 14 13
28 16 15
28 15 0
28 15 14
28 14 13
28 13 11
28 11 2
28 2 1
28 11 10
28 10 9
28 9 8
28 8 3
28 8 7
28 7 5
28 5 4
28 7 6
28 13 12
29 17 15
29 15 14
29 14 13
29 13 11
29 11 10
29 10 9
29 9 1
29 1 0
29 9 8
29 8 6
29 6 5
29 5 4
29 4 2
29 4 3
29 8 7
29 13 12
29 17 16
30 18 1
30 1 0
30 18 17
30 17 10
30 10 9
30 9 8
30 8 2
30 8 7
30 7 6
30 6 3
30 6 5
30 5 4
30 17 16
30 16 12
30 12 11
30 16 15
30 15 14
30 14 13
31 17 16
31 16 0
31 16 15
31 15 1
31 15 14
31 14 13
31 13 6
31 6 2
31 6 5
31 5 3
31 5 4
31 13 12
31 12 7
31 12 11
31 11 10
31 10 9
31 9 8
32 18 0
32 18 17
32 17 11
32 11 10
32 10 9
32 9 8
32 8 1
32 8 7
32 7 5
32 5 4
32 4 2
32 4 3
32 7 6
32 17 16
32 16 14
32 14 13
32 13 12
32 16 15
33 14 13
33 13 0
33 13 12
33 12 11
33 11 9
33 9 3
33 3 2
33 2 1
33 9 8
33 8 5
33 5 4
33 8 7
33 7 6
33 11 10
34 19 1
34 1 0
34 19 18
34 18 5
34 5 3
34 3 2
34 5 4
34 18 17
34 17 16
34 16 12
34 12 6
34 12 11
34 11 9
34 9 7
34 9 8
34 11 10
34 16 15
34 15 14
34 14 13
35 15 8
35 8 7
35 7 5
35 5 0
35 5 4
35 4 1
35 4 3
35 3 2
35 7 6
35 15 14
35 14 12
35 12 9
35 12 11
35 11 10
35 14 13
36 16 10
36 10 2
36 2 1
36 1 0
36 10 9
36 9 5
36 5 4
36 4 3
36 9 8
36 8 7
36 7 6
36 16 15
36 15 12
36 12 11
36 15 14
36 14 13
37 17 16
37 16 14
37 14 11
37 11 10
37 10 8
37 8 0
37 8 7
37 7 1
37 7 6
37 6 4
37 4 2
37 4 3
37 6 5
37 10 9
37 14 13
37 13 12
37 16 15
38 18 10
38 10 9
38 9 8
38 8 7
38 7 5
38 5 4
38 4 2
38 2 0
38 2 1
38 4 3
38 7 6
38 18 17
38 17 11
38 17 16
38 16 14
38 14 12
38 14 13
38 16 15
39 18 17
39 17 16
39 16 13
39 13 0
39 13 12
39 12 11
39 11 10
39 10 4
39 4 2
39 2 1
39 4 3
39 10 9
39 9 8
39 8 5
39 8 7
39 7 6
39 16 15
39 15 14
40 15 0
40 15 14
40 14 13
40 13 5
40 5 1
40 5 4
40 4 3
40 3 2
40 13 12
40 12 11
40 11 9
40 9 6
40 9 8
40 8 7
40 11 10
41 15 3
41 3 0
41 3 2
41 2 1
41 15 14
41 14 13
41 13 8
41 8 7
41 7 4
41 7 6
41 6 5
41 13 12
41 12 9
41 12 11
41 11 10
42 19 18
42 18 15
42 15 2
42 2 0
42 2 1
42 15 14
42 14 11
42 11 10
42 10 9
42 9 7
42 7 6
42 6 5
42 5 4
42 4 3
42 9 8
42 14 13
42 13 12
42 18 17
42 17 16
43 19 18
43 18 16
43 16 15
43 15 14
43 14 5
43 5 3
43 3 2
43 2 0
43 2 1
43 5 4
43 14 13
43 13 6
43 13 12
43 12 7
43 12 11
43 11 10
43 10 9
43 9 8
43 18 17
44 14 10
44 10 9
44 9 8
44 8 7
44 7 0
44 7 6
44 6 5
44 5 3
44 3 1
44 3 2
44 5 4
44 14 13
44 13 11
44 13 12
45 17 16
45 16 1
45 1 0
45 16 15
45 15 14
45 14 13
45 13 12
45 12 11
45 11 10
45 10 4
45 4 2
45 4 3
45 10 9
45 9 8
45 8 7
45 7 6
45 6 5
46 14 13
46 13 7
46 7 5
46 5 2
46 2 0
46 2 1
46 5 4
46 4 3
46 7 6
46 13 12
46 12 10
46 10 8
46 10 9
46 12 11
47 17 15
47 15 9
47 9 4
47 4 2
47 2 1
47 1 0
47 4 3
47 9 8
47 8 5
47 8 7
47 7 6
47 15 14
47 14 10
47 14 13
47 13 12
47 12 11
47 17 16
48 15 14
48 14 10
48 10 8
48 8 6
48 6 4
48 4 3
48 3 2
48 2 1
48 1 0
48 6 5
48 8 7
48 10 9
48 14 13
48 13 12
48 12 11
49 16 15
49 15 4
49 4 1
49 1 0
49 4 3
49 3 2
49 15 14
49 14 12
49 12 9
49 9 6
49 6 5
49 9 8
49 8 7
49 12 11
49 11 10
49 14 13
50 16 12
50 12 10
50 10 1
50 1 0
50 10 9
50 9 3
50 3 2
50 9 8
50 8 4
50 8 7
50 7 6
50 6 5
50 12 11
50 16 15
50 15 13
50 15 14
51 14 6
51 6 5
51 5 0
51 5 4
51 4 1
51 4 3
51 3 2
51 14 13
51 13 7
51 13 12
51 12 8
51 12 11
51 11 10
51 10 9
52 19 16
52 16 5
52 5 2
52 2 1
52 1 0
52 5 4
52 4 3
52 16 15
52 15 6
52 15 14
52 14 9
52 9 7
52 9 8
52 14 13
52 13 12
52 12 10
52 12 11
52 19 18
52 18 17
53 19 1
53 1 0
53 19 18
53 18 12
53 12 5
53 5 2
53 5 4
53 4 3
53 12 11
53 11 10
53 10 8
53 8 7
53 7 6
53 10 9
53 18 17
53 17 16
53 16 14
53 14 13
53 16 15
54 16 2
54 2 0
54 2 1
54 16 15
54 15 14
54 14 3
54 14 13
54 13 11
54 11 8
54 8 7
54 7 6
54 6 5
54 5 4
54 11 10
54 10 9
54 13 12
55 14 12
55 12 0
55 12 11
55 11 10
55 10 2
55 2 1
55 10 9
55 9 3
55 9 8
55 8 6
55 6 4
55 6 5
55 8 7
55 14 13
56 15 14
56 14 13
56 13 12
56 12 11
56 11 10
56 10 9
56 9 0
56 9 8
56 8 2
56 2 1
56 8 7
56 7 3
56 7 6
56 6 5
56 5 4
57 14 13
57 13 12
57 12 0
57 12 11
57 11 9
57 9 7
57 7 1
57 7 6
57 6 2
57 6 5
57 5 4
57 4 3
57 9 8
57 11 10
58 15 11
58 11 10
58 10 4
58 4 3
58 3 1
58 1 0
58 3 2
58 10 9
58 9 8
58 8 5
58 8 7
58 7 6
58 15 14
58 14 13
58 13 12
59 18 10
59 10 8
59 8 6
59 6 5
59 5 2
59 2 0
59 2 1
59 5 4
59 4 3
59 8 7
59 10 9
59 18 17
59 17 13
59 13 12
59 12 11
59 17 16
59 16 15
59 15 14
60 16 0
60 16 15
60 15 13
60 13 11
60 11 7
60 7 5
60 5 4
60 4 2
60 2 1
60 4 3
60 7 6
60 11 10
60 10 8
60 10 9
60 13 12
60 15 14
61 15 4
61 4 3
61 3 1
61 1 0
61 3 2
61 15 14
61 14 13
61 13 8
61 8 6
61 6 5
61 8 7
61 13 12
61 12 9
61 12 11
61 11 10
62 15 4
62 4 2
62 2 1
62 1 0
62 4 3
62 15 14
62 14 13
62 13 12
62 12 11
62 11 10
62 10 7
62 7 6
62 6 5
62 10 9
62 9 8
63 14 13
63 13 7
63 7 6
63 6 3
63 3 1
63 1 0
63 3 2
63 6 5
63 5 4
63 13 12
63 12 8
63 12 11
63 11 10
63 10 9
64 14 9
64 9 8
64 8 4
64 4 1
64 1 0
64 4 3
64 3 2
64 8 7
64 7 5
64 7 6
64 14 13
64 13 11
64 11 10
64 13 12
65 17 16
65 16 6
65 6 5
65 5 2
65 2 1
65 1 0
65 5 4
65 4 3
65 16 15
65 15 10
65 10 9
65 9 7
65 9 8
65 15 14
65 14 11
65 14 13
65 13 12
66 16 14
66 14 10
66 10 1
66 1 0
66 10 9
66 9 8
66 8 2
66 8 7
66 7 6
66 6 4
66 4 3
66 6 5
66 14 13
66 13 11
66 13 12
66 16 15
67 14 13
67 13 2
67 2 1
67 1 0
67 13 12
67 12 7
67 7 4
67 4 3
67 7 6
67 6 5
67 12 11
67 11 10
67 10 9
67 9 8
68 17 0
68 17 16
68 16 15
68 15 7
68 7 5
68 5 2
68 2 1
68 5 4
68 4 3
68 7 6
68 15 14
68 14 13
68 13 8
68 13 12
68 12 10
68 10 9
68 12 11
69 15 13
69 13 0
69 13 12
69 12 11
69 11 4
69 4 3
69 3 2
69 2 1
69 11 10
69 10 7
69 7 6
69 6 5
69 10 9
69 9 8
69 15 14
70 18 0
70 18 17
70 17 16
70 16 15
70 15 14
70 14 2
70 2 1
70 14 13
70 13 6
70 6 4
70 4 3
70 6 5
70 13 12
70 12 10
70 10 9
70 9 8
70 8 7
70 12 11
71 14 6
71 6 4
71 4 3
71 3 2
71 2 0
71 2 1
71 6 5
71 14 13
71 13 11
71 11 8
71 8 7
71 11 10
71 10 9
71 13 12
72 16 5
72 5 4
72 4 2
72 2 0
72 2 1
72 4 3
72 16 15
72 15 14
72 14 13
72 13 11
72 11 9
72 9 6
72 9 8
72 8 7
72 11 10
72 13 12
73 14 13
73 13 12
73 12 0
73 12 11
73 11 10
73 10 9
73 9 8
73 8 7
73 7 2
73 2 1
73 7 6
73 6 5
73 5 4
73 4 3
74 15 8
74 8 6
74 6 5
74 5 0
74 5 4
74 4 3
74 3 2
74 2 1
74 8 7
74 15 14
74 14 9
74 14 13
74 13 12
74 12 10
74 12 11
75 14 13
75 13 12
75 12 10
75 10 9
75 9 0
75 9 8
75 8 6
75 6 5
75 5 3
75 3 2
75 2 1
75 5 4
75 8 7
75 12 11
76 16 15
76 15 0
76 15 14
76 14 13
76 13 1
76 13 12
76 12 10
76 10 8
76 8 2
76 8 7
76 7 3
76 7 6
76 6 4
76 6 5
76 10 9
76 12 11
77 18 17
77 17 16
77 16 15
77 15 0
77 15 14
77 14 13
77 13 10
77 10 9
77 9 8
77 8 1
77 8 7
77 7 4
77 4 2
77 4 3
77 7 6
77 6 5
77 13 12
77 12 11
78 14 12
78 12 8
78 8 3
78 3 0
78 3 2
78 2 1
78 8 7
78 7 6
78 6 5
78 5 4
78 12 11
78 11 9
78 11 10
78 14 13
79 14 0
79 14 13
79 13 12
79 12 11
79 11 5
79 5 4
79 4 2
79 2 1
79 4 3
79 11 10
79 10 9
79 9 6
79 9 8
79 8 7
80 17 16
80 16 0
80 16 15
80 15 12
80 12 10
80 10 7
80 7 6
80 6 5
80 5 4
80 4 3
80 3 2
80 2 1
80 10 9
80 9 8
80 12 11
80 15 14
80 14 13
81 19 18
81 18 0
81 18 17
81 17 4
81 4 3
81 3 1
81 3 2
81 17 16
81 16 15
81 15 14
81 14 5
81 14 13
81 13 12
81 12 10
81 10 6
81 10 9
81 9 8
81 8 7
81 12 11
82 15 14
82 14 0
82 14 13
82 13 11
82 11 10
82 10 9
82 9 6
82 6 5
82 5 4
82 4 3
82 3 1
82 3 2
82 9 8
82 8 7
82 13 12
83 15 14
83 14 12
83 12 11
83 11 10
83 10 2
83 2 0
83 2 1
83 10 9
83 9 7
83 7 5
83 5 3
83 5 4
83 7 6
83 9 8
83 14 13
84 15 13
84 13 0
84 13 12
84 12 10
84 10 4
84 4 3
84 3 2
84 2 1
84 10 9
84 9 5
84 9 8
84 8 7
84 7 6
84 12 11
84 15 14
85 17 0
85 17 16
85 16 15
85 15 14
85 14 8
85 8 1
85 8 7
85 7 5
85 5 3
85 3 2
85 5 4
85 7 6
85 14 13
85 13 10
85 10 9
85 13 12
85 12 11
86 16 1
86 1 0
86 16 15
86 15 2
86 15 14
86 14 13
86 13 6
86 6 5
86 5 4
86 4 3
86 13 12
86 12 7
86 12 11
86 11 10
86 10 9
86 9 8
87 16 15
87 15 1
87 1 0
87 15 14
87 14 4
87 4 2
87 4 3
87 14 13
87 13 5
87 13 12
87 12 11
87 11 10
87 10 9
87 9 7
87 7 6
87 9 8
88 14 13
88 13 12
88 12 3
88 3 2
88 2 1
88 1 0
88 12 11
88 11 9
88 9 4
88 9 8
88 8 6
88 6 5
88 8 7
88 11 10
89 18 17
89 17 15
89 15 14
89 14 4
89 4 2
89 2 1
89 1 0
89 4 3
89 14 13
89 13 5
89 13 12
89 12 11
89 11 10
89 10 8
89 8 7
89 7 6
89 10 9
89 17 16
90 17 15
90 15 13
90 13 12
90 12 9
90 9 8
90 8 6
90 6 0
90 6 5
90 5 4
90 4 1
90 4 3
90 3 2
90 8 7
90 12 11
90 11 10
90 15 14
90 17 16
91 18 17
91 17 11
91 11 6
91 6 5
91 5 4
91 4 2
91 2 1
91 1 0
91 4 3
91 11 10
91 10 9
91 9 8
91 8 7
91 17 16
91 16 15
91 15 14
91 14 12
91 14 13
92 16 11
92 11 3
92 3 2
92 2 1
92 1 0
92 11 10
92 10 4
92 10 9
92 9 5
92 9 8
92 8 6
92 8 7
92 16 15
92 15 13
92 13 12
92 15 14
93 14 13
93 13 0
93 13 12
93 12 2
93 2 1
93 12 11
93 11 10
93 10 3
93 10 9
93 9 7
93 7 4
93 7 6
93 6 5
93 9 8
94 17 9
94 9 2
94 2 1
94 1 0
94 9 8
94 8 3
94 8 7
94 7 4
94 7 6
94 6 5
94 17 16
94 16 15
94 15 14
94 14 12
94 12 11
94 11 10
94 14 13
95 16 15
95 15 14
95 14 4
95 4 0
95 4 3
95 3 1
95 3 2
95 14 13
95 13 10
95 10 8
95 8 5
95 8 7
95 7 6
95 10 9
95 13 12
95 12 11
96 14 13
96 13 0
96 13 12
96 12 3
96 3 1
96 3 2
96 12 11
96 11 9
96 9 4
96 9 8
96 8 6
96 6 5
96 8 7
96 11 10
97 19 3
97 3 2
97 2 0
97 2 1
97 19 18
97 18 16
97 16 15
97 15 11
97 11 10
97 10 7
97 7 6
97 6 4
97 6 5
97 10 9
97 9 8
97 15 14
97 14 13
97 13 12
97 18 17
98 14 2
98 2 0
98 2 1
98 14 13
98 13 10
98 10 7
98 7 6
98 6 4
98 4 3
98 6 5
98 10 9
98 9 8
98 13 12
98 12 11
99 16 9
99 9 3
99 3 2
99 2 1
99 1 0
99 9 8
99 8 5
99 5 4
99 8 7
99 7 6
99 16 15
99 15 11
99 11 10
99 15 14
99 14 13
99 13 12
100 16 15
100 15 11
100 11 10
100 10 9
100 9 6
100 6 2
100 2 0
100 2 1
100 6 5
100 5 4
100 4 3
100 9 8
100 8 7
100 15 14
100 14 13
100 13 12
101 17 16
101 16 15
101 15 14
101 14 13
101 13 0
101 13 12
101 12 10
101 10 8
101 8 4
101 4 1
101 4 3
101 3 2
101 8 7
101 7 6
101 6 5
101 10 9
101 12 11
