1 17 16
1 16 10
1 10 9
1 9 7
1 7 6
1 6 1
1 1 0
1 6 5
1 5 4
1 4 3
1 3 2
1 9 8
1 16 15
1 15 14
1 14 13
1 13 12
1 12 11
2 17 13
2 13 1
2 1 0
2 13 12
2 12 11
2 11 10
2 10 9
2 9 7
2 7 6
2 6 3
2 3 2
2 6 5
2 5 4
2 9 8
2 17 16
2 16 15
2 15 14
3 19 15
3 15 0
3 15 14
3 14 7
3 7 5
3 5 3
3 3 2
3 2 1
3 5 4
3 7 6
3 14 13
3 13 9
3 9 8
3 13 12
3 12 10
3 12 11
3 19 18
3 18 17
3 17 16
4 15 3
4 3 2
4 2 0
4 2 1
4 15 14
4 14 13
4 13 11
4 11 9
4 9 8
4 8 7
4 7 4
4 7 6
4 6 5
4 11 10
4 13 12
5 15 14
5 14 13
5 13 11
5 11 0
5 11 10
5 10 7
5 7 6
5 6 2
5 2 1
5 6 5
5 5 4
5 4 3
5 10 9
5 9 8
5 13 12
6 19 18
6 18 2
6 2 1
6 1 0
6 18 17
6 17 12
6 12 11
6 11 10
6 10 3
6 10 9
6 9 5
6 5 4
6 9 8
6 8 7
6 7 6
6 17 16
6 16 13
6 16 15
6 15 14
7 18 17
7 17 2
7 2 1
7 1 0
7 17 16
7 16 15
7 15 14
7 14 3
7 14 13
7 13 12
7 12 9
7 9 4
7 9 8
7 8 5
7 8 7
7 7 6
7 12 11
7 11 10
8 15 2
8 2 1
8 1 0
8 15 14
8 14 13
8 13 12
8 12 6
8 6 5
8 5 4
8 4 3
8 12 11
8 11 10
8 10 8
8 8 7
8 10 9
9 18 17
9 17 16
9 16 0
9 16 15
9 15 14
9 14 13
9 13 7
9 7 5
9 5 1
9 5 4
9 4 2
9 4 3
9 7 6
9 13 12
9 12 11
9 11 10
9 10 9
9 9 8
10 18 14
10 14 13
10 13 12
10 12 11
10 11 10
10 10 8
10 8 7
10 7 0
10 7 6
10 6 1
10 6 5
10 5 3
10 3 2
10 5 4
10 10 9
10 18 17
10 17 15
10 17 16
11 18 5
11 5 4
11 4 0
11 4 3
11 3 1
11 3 2
11 18 17
11 17 16
11 16 12
11 12 10
11 10 9
11 9 7
11 7 6
11 9 8
11 12 11
11 16 15
11 15 13
11 15 14
12 14 12
12 12 11
12 11 0
12 11 10
12 10 8
12 8 5
12 5 3
12 3 2
12 2 1
12 5 4
12 8 7
12 7 6
12 10 9
12 14 13
13 18 4
13 4 0
13 4 3
13 3 2
13 2 1
13 18 17
13 17 15
13 15 9
13 9 8
13 8 7
13 7 5
13 7 6
13 15 14
13 14 13
13 13 12
13 12 11
13 11 10
13 17 16
14 16 15
14 15 14
14 14 12
14 12 11
14 11 10
14 10 9
14 9 8
14 8 7
14 7 3
14 3 2
14 2 1
14 1 0
14 7 6
14 6 4
14 6 5
14 14 13
15 16 15
15 15 14
15 14 13
15 13 10
15 10 9
15 9 7
15 7 5
15 5 0
15 5 4
15 4 2
15 2 1
15 4 3
15 7 6
15 9 8
15 13 12
15 12 11
16 19 18
16 18 14
16 14 13
16 13 7
16 7 0
16 7 6
16 6 5
16 5 4
16 4 3
16 3 2
16 2 1
16 13 12
16 12 11
16 11 9
16 9 8
16 11 10
16 18 17
16 17 15
16 17 16
17 18 16
17 16 15
17 15 3
17 3 1
17 1 0
17 3 2
17 15 14
17 14 10
17 10 9
17 9 8
17 8 7
17 7 4
17 7 6
17 6 5
17 14 13
17 13 11
17 13 12
17 18 17
18 16 0
18 16 15
18 15 2
18 2 1
18 15 14
18 14 12
18 12 11
18 11 8
18 8 3
18 8 7
18 7 5
18 5 4
18 7 6
18 11 10
18 10 9
18 14 13
19 17 2
19 2 1
19 1 0
19 17 16
19 16 13
19 13 6
19 6 5
19 5 4
19 4 3
19 13 12
19 12 8
19 8 7
19 12 11
19 11 10
19 10 9
19 16 15
19 15 14
20 18 16
20 16 15
20 15 10
20 10 0
20 10 9
20 9 8
20 8 3
20 3 1
20 3 2
20 8 7
20 7 6
20 6 5
20 5 4
20 15 14
20 14 11
20 14 13
20 13 12
20 18 17
21 15 5
21 5 1
21 1 0
21 5 4
21 4 2
21 4 3
21 15 14
21 14 9
21 9 7
21 7 6
21 9 8
21 14 13
21 13 12
21 12 11
21 11 10
22 18 7
22 7 5
22 5 0
22 5 4
22 4 3
22 3 2
22 2 1
22 7 6
22 18 17
22 17 15
22 15 12
22 12 8
22 12 11
22 11 9
22 11 10
22 15 14
22 14 13
22 17 16
23 16 15
23 15 5
23 5 0
23 5 4
23 4 3
23 3 1
23 3 2
23 15 14
23 14 12
23 12 11
23 11 10
23 10 8
23 8 7
23 7 6
23 10 9
23 14 13
24 18 17
24 17 12
24 12 3
24 3 0
24 3 2
24 2 1
24 12 11
24 11 9
24 9 7
24 7 6
24 6 4
24 6 5
24 9 8
24 11 10
24 17 16
24 16 13
24 16 15
24 15 14
25 16 2
25 2 1
25 1 0
25 16 15
25 15 11
25 11 8
25 8 3
25 8 7
25 7 4
25 7 6
25 6 5
25 11 10
25 10 9
25 15 14
25 14 12
25 14 13
26 15 11
26 11 1
26 1 0
26 11 10
26 10 8
26 8 7
26 7 5
26 5 3
26 3 2
26 5 4
26 7 6
26 10 9
26 15 14
26 14 13
26 13 12
27 19 0
27 19 18
27 18 14
27 14 1
27 14 13
27 13 6
27 6 5
27 5 3
27 3 2
27 5 4
27 13 12
27 12 8
27 8 7
27 12 11
27 11 10
27 10 9
27 18 17
27 17 15
27 17 16
28 15 1
28 1 0
28 15 14
28 14 13
28 13 2
28 13 12
28 12 10
28 10 3
28 10 9
28 9 8
28 8 4
28 8 7
28 7 6
28 6 5
28 12 11
29 16 5
29 5 3
29 3 0
29 3 2
29 2 1
29 5 4
29 16 15
29 15 11
29 11 7
29 7 6
29 11 10
29 10 9
29 9 8
29 15 14
29 14 12
29 14 13
30 14 12
30 12 11
30 11 10
30 10 9
30 9 3
30 3 2
30 2 0
30 2 1
30 9 8
30 8 4
30 8 7
30 7 6
30 6 5
30 14 13
31 14 12
31 12 11
31 11 1
31 1 0
31 11 10
31 10 9
31 9 8
31 8 7
31 7 6
31 6 2
31 6 5
31 5 3
31 5 4
31 14 13
32 16 4
32 4 3
32 3 2
32 2 1
32 1 0
32 16 15
32 15 8
32 8 5
32 8 7
32 7 6
32 15 14
32 14 12
32 12 11
32 11 9
32 11 10
32 14 13
33 14 7
33 7 1
33 1 0
33 7 6
33 6 5
33 5 4
33 4 3
33 3 2
33 14 13
33 13 11
33 11 8
33 11 10
33 10 9
33 13 12
34 18 7
34 7 0
34 7 6
34 6 4
34 4 1
34 4 3
34 3 2
34 6 5
34 18 17
34 17 9
34 9 8
34 17 16
34 16 10
34 16 15
34 15 14
34 14 13
34 13 11
34 13 12
35 18 0
35 18 17
35 17 7
35 7 5
35 5 2
35 2 1
35 5 4
35 4 3
35 7 6
35 17 16
35 16 15
35 15 13
35 13 8
35 13 12
35 12 10
35 10 9
35 12 11
35 15 14
36 15 4
36 4 0
36 4 3
36 3 2
36 2 1
36 15 14
36 14 13
36 13 8
36 8 5
36 8 7
36 7 6
36 13 12
36 12 10
36 10 9
36 12 11
37 16 14
37 14 9
37 9 8
37 8 7
37 7 3
37 3 1
37 1 0
37 3 2
37 7 6
37 6 5
37 5 4
37 14 13
37 13 11
37 11 10
37 13 12
37 16 15
38 16 13
38 13 12
38 12 5
38 5 4
38 4 3
38 3 0
38 3 2
38 2 1
38 12 11
38 11 10
38 10 6
38 10 9
38 9 8
38 8 7
38 16 15
38 15 14
39 18 16
39 16 14
39 14 0
39 14 13
39 13 12
39 12 8
39 8 7
39 7 5
39 5 4
39 4 3
39 3 2
39 2 1
39 7 6
39 12 11
39 11 9
39 11 10
39 16 15
39 18 17
40 17 15
40 15 6
40 6 1
40 1 0
40 6 5
40 5 2
40 5 4
40 4 3
40 15 14
40 14 13
40 13 12
40 12 11
40 11 9
40 9 7
40 9 8
40 11 10
40 17 16
41 18 0
41 18 17
41 17 16
41 16 4
41 4 1
41 4 3
41 3 2
41 16 15
41 15 11
41 11 10
41 10 9
41 9 5
41 9 8
41 8 7
41 7 6
41 15 14
41 14 12
41 14 13
42 19 9
42 9 0
42 9 8
42 8 6
42 6 4
42 4 3
42 3 2
42 2 1
42 6 5
42 8 7
42 19 18
42 18 17
42 17 15
42 15 14
42 14 13
42 13 10
42 13 12
42 12 11
42 17 16
43 19 17
43 17 16
43 16 15
43 15 0
43 15 14
43 14 13
43 13 9
43 9 2
43 2 1
43 9 8
43 8 4
43 4 3
43 8 7
43 7 6
43 6 5
43 13 12
43 12 10
43 12 11
43 19 18
44 18 10
44 10 7
44 7 5
44 5 4
44 4 1
44 1 0
44 4 3
44 3 2
44 7 6
44 10 9
44 9 8
44 18 17
44 17 13
44 13 12
44 12 11
44 17 16
44 16 15
44 15 14
45 16 14
45 14 13
45 13 11
45 11 0
45 11 10
45 10 9
45 9 2
45 2 1
45 9 8
45 8 7
45 7 3
45 7 6
45 6 4
45 6 5
45 13 12
45 16 15
46 18 17
46 17 2
46 2 1
46 1 0
46 17 16
46 16 3
46 16 15
46 15 12
46 12 4
46 12 11
46 11 10
46 10 8
46 8 7
46 7 6
46 6 5
46 10 9
46 15 14
46 14 13
47 15 8
47 8 2
47 2 1
47 1 0
47 8 7
47 7 3
47 7 6
47 6 5
47 5 4
47 15 14
47 14 13
47 13 12
47 12 9
47 12 11
47 11 10
48 14 1
48 1 0
48 14 13
48 13 12
48 12 6
48 6 5
48 5 2
48 5 4
48 4 3
48 12 11
48 11 10
48 10 8
48 8 7
48 10 9
49 14 11
49 11 10
49 10 7
49 7 6
49 6 4
49 4 1
49 1 0
49 4 3
49 3 2
49 6 5
49 10 9
49 9 8
49 14 13
49 13 12
50 14 2
50 2 0
50 2 1
50 14 13
50 13 12
50 12 3
50 12 11
50 11 6
50 6 4
50 6 5
50 11 10
50 10 9
50 9 8
50 8 7
51 14 2
51 2 1
51 1 0
51 14 13
51 13 10
51 10 8
51 8 3
51 8 7
51 7 5
51 5 4
51 7 6
51 10 9
51 13 12
51 12 11
52 16 0
52 16 15
52 15 11
52 11 10
52 10 8
52 8 6
52 6 2
52 2 1
52 6 5
52 5 4
52 4 3
52 8 7
52 10 9
52 15 14
52 14 13
52 13 12
53 17 16
53 16 9
53 9 7
53 7 0
53 7 6
53 6 3
53 3 1
53 3 2
53 6 5
53 5 4
53 9 8
53 16 15
53 15 11
53 11 10
53 15 14
53 14 12
53 14 13
54 15 14
54 14 6
54 6 4
54 4 0
54 4 3
54 3 1
54 3 2
54 6 5
54 14 13
54 13 7
54 13 12
54 12 8
54 12 11
54 11 9
54 11 10
55 15 1
55 1 0
55 15 14
55 14 13
55 13 11
55 11 4
55 4 3
55 3 2
55 11 10
55 10 5
55 10 9
55 9 6
55 9 8
55 8 7
55 13 12
56 17 4
56 4 3
56 3 0
56 3 2
56 2 1
56 17 16
56 16 15
56 15 8
56 8 7
56 7 6
56 6 5
56 15 14
56 14 13
56 13 12
56 12 11
56 11 10
56 10 9
57 15 14
57 14 3
57 3 2
57 2 0
57 2 1
57 14 13
57 13 4
57 13 12
57 12 10
57 10 9
57 9 8
57 8 7
57 7 6
57 6 5
57 12 11
58 14 12
58 12 7
58 7 0
58 7 6
58 6 4
58 4 1
58 4 3
58 3 2
58 6 5
58 12 11
58 11 8
58 11 10
58 10 9
58 14 13
59 14 13
59 13 7
59 7 0
59 7 6
59 6 5
59 5 4
59 4 1
59 4 3
59 3 2
59 13 12
59 12 11
59 11 10
59 10 8
59 10 9
60 17 16
60 16 15
60 15 13
60 13 11
60 11 10
60 10 2
60 2 1
60 1 0
60 10 9
60 9 7
60 7 6
60 6 4
60 4 3
60 6 5
60 9 8
60 13 12
60 15 14
61 14 8
61 8 1
61 1 0
61 8 7
61 7 2
61 7 6
61 6 5
61 5 4
61 4 3
61 14 13
61 13 12
61 12 10
61 10 9
61 12 11
62 19 9
62 9 1
62 1 0
62 9 8
62 8 6
62 6 3
62 3 2
62 6 5
62 5 4
62 8 7
62 19 18
62 18 12
62 12 11
62 11 10
62 18 17
62 17 15
62 15 14
62 14 13
62 17 16
63 18 5
63 5 4
63 4 3
63 3 1
63 1 0
63 3 2
63 18 17
63 17 13
63 13 6
63 13 12
63 12 7
63 12 11
63 11 10
63 10 8
63 10 9
63 17 16
63 16 15
63 15 14
64 19 18
64 18 0
64 18 17
64 17 16
64 16 14
64 14 10
64 10 9
64 9 1
64 9 8
64 8 7
64 7 6
64 6 5
64 5 4
64 4 3
64 3 2
64 14 13
64 13 11
64 13 12
64 16 15
65 14 12
65 12 3
65 3 0
65 3 2
65 2 1
65 12 11
65 11 9
65 9 8
65 8 7
65 7 6
65 6 5
65 5 4
65 11 10
65 14 13
66 16 3
66 3 2
66 2 0
66 2 1
66 16 15
66 15 14
66 14 13
66 13 12
66 12 11
66 11 9
66 9 8
66 8 4
66 8 7
66 7 5
66 7 6
66 11 10
67 17 16
67 16 0
67 16 15
67 15 14
67 14 13
67 13 12
67 12 8
67 8 6
67 6 4
67 4 2
67 2 1
67 4 3
67 6 5
67 8 7
67 12 11
67 11 10
67 10 9
68 15 13
68 13 10
68 10 5
68 5 4
68 4 0
68 4 3
68 3 1
68 3 2
68 10 9
68 9 8
68 8 6
68 8 7
68 13 12
68 12 11
68 15 14
69 18 16
69 16 13
69 13 0
69 13 12
69 12 11
69 11 10
69 10 4
69 4 2
69 2 1
69 4 3
69 10 9
69 9 5
69 9 8
69 8 7
69 7 6
69 16 15
69 15 14
69 18 17
70 18 17
70 17 8
70 8 6
70 6 5
70 5 4
70 4 2
70 2 0
70 2 1
70 4 3
70 8 7
70 17 16
70 16 15
70 15 13
70 13 9
70 13 12
70 12 10
70 12 11
70 15 14
71 14 13
71 13 11
71 11 10
71 10 3
71 3 1
71 1 0
71 3 2
71 10 9
71 9 5
71 5 4
71 9 8
71 8 6
71 8 7
71 13 12
72 17 1
72 1 0
72 17 16
72 16 14
72 14 2
72 14 13
72 13 12
72 12 10
72 10 3
72 10 9
72 9 6
72 6 5
72 5 4
72 9 8
72 8 7
72 12 11
72 16 15
73 15 13
73 13 10
73 10 9
73 9 8
73 8 7
73 7 6
73 6 4
73 4 3
73 3 0
73 3 2
73 2 1
73 6 5
73 13 12
73 12 11
73 15 14
74 19 18
74 18 17
74 17 6
74 6 1
74 1 0
74 6 5
74 5 4
74 4 3
74 3 2
74 17 16
74 16 14
74 14 8
74 8 7
74 14 13
74 13 12
74 12 11
74 11 9
74 11 10
74 16 15
75 17 15
75 15 0
75 15 14
75 14 1
75 14 13
75 13 12
75 12 8
75 8 7
75 7 2
75 7 6
75 6 5
75 5 4
75 4 3
75 12 11
75 11 9
75 11 10
75 17 16
76 16 15
76 15 14
76 14 10
76 10 6
76 6 4
76 4 3
76 3 1
76 1 0
76 3 2
76 6 5
76 10 9
76 9 7
76 9 8
76 14 13
76 13 12
76 12 11
77 14 12
77 12 11
77 11 2
77 2 1
77 1 0
77 11 10
77 10 9
77 9 8
77 8 3
77 8 7
77 7 6
77 6 4
77 6 5
77 14 13
78 15 14
78 14 13
78 13 2
78 2 0
78 2 1
78 13 12
78 12 3
78 12 11
78 11 8
78 8 4
78 8 7
78 7 6
78 6 5
78 11 10
78 10 9
79 17 15
79 15 14
79 14 9
79 9 8
79 8 7
79 7 6
79 6 0
79 6 5
79 5 4
79 4 1
79 4 3
79 3 2
79 14 13
79 13 10
79 13 12
79 12 11
79 17 16
80 18 17
80 17 15
80 15 0
80 15 14
80 14 13
80 13 9
80 9 7
80 7 6
80 6 5
80 5 4
80 4 1
80 4 3
80 3 2
80 9 8
80 13 12
80 12 10
80 12 11
80 17 16
81 16 15
81 15 0
81 15 14
81 14 10
81 10 9
81 9 1
81 9 8
81 8 3
81 3 2
81 8 7
81 7 6
81 6 5
81 5 4
81 14 13
81 13 12
81 12 11
82 14 13
82 13 11
82 11 10
82 10 0
82 10 9
82 9 7
82 7 4
82 4 1
82 4 3
82 3 2
82 7 6
82 6 5
82 9 8
82 13 12
83 14 13
83 13 12
83 12 10
83 10 9
83 9 8
83 8 3
83 3 2
83 2 1
83 1 0
83 8 7
83 7 5
83 5 4
83 7 6
83 12 11
84 15 14
84 14 10
84 10 9
84 9 8
84 8 7
84 7 5
84 5 4
84 4 0
84 4 3
84 3 2
84 2 1
84 7 6
84 14 13
84 13 11
84 13 12
85 15 10
85 10 7
85 7 6
85 6 4
85 4 1
85 1 0
85 4 3
85 3 2
85 6 5
85 10 9
85 9 8
85 15 14
85 14 13
85 13 11
85 13 12
86 17 15
86 15 14
86 14 1
86 1 0
86 14 13
86 13 12
86 12 11
86 11 4
86 4 3
86 3 2
86 11 10
86 10 6
86 6 5
86 10 9
86 9 7
86 9 8
86 17 16
87 18 5
87 5 4
87 4 3
87 3 1
87 1 0
87 3 2
87 18 17
87 17 14
87 14 12
87 12 10
87 10 9
87 9 6
87 9 8
87 8 7
87 12 11
87 14 13
87 17 16
87 16 15
88 17 16
88 16 5
88 5 4
88 4 3
88 3 0
88 3 2
88 2 1
88 16 15
88 15 13
88 13 11
88 11 7
88 7 6
88 11 10
88 10 9
88 9 8
88 13 12
88 15 14
89 18 17
89 17 15
89 15 14
89 14 11
89 11 10
89 10 8
89 8 3
89 3 0
89 3 2
89 2 1
89 8 7
89 7 4
89 7 6
89 6 5
89 10 9
89 14 13
89 13 12
89 17 16
90 16 15
90 15 1
90 1 0
90 15 14
90 14 3
90 3 2
90 14 13
90 13 12
90 12 6
90 6 5
90 5 4
90 12 11
90 11 9
90 9 7
90 9 8
90 11 10
91 17 16
91 16 2
91 2 1
91 1 0
91 16 15
91 15 14
91 14 13
91 13 9
91 9 8
91 8 7
91 7 6
91 6 5
91 5 3
91 5 4
91 13 12
91 12 11
91 11 10
92 17 1
92 1 0
92 17 16
92 16 15
92 15 14
92 14 12
92 12 5
92 5 3
92 3 2
92 5 4
92 12 11
92 11 7
92 7 6
92 11 10
92 10 8
92 10 9
92 14 13
93 15 12
93 12 10
93 10 8
93 8 7
93 7 6
93 6 0
93 6 5
93 5 4
93 4 3
93 3 1
93 3 2
93 10 9
93 12 11
93 15 14
93 14 13
94 19 18
94 18 8
94 8 1
94 1 0
94 8 7
94 7 6
94 6 5
94 5 4
94 4 3
94 3 2
94 18 17
94 17 15
94 15 11
94 11 9
94 11 10
94 15 14
94 14 13
94 13 12
94 17 16
95 19 17
95 17 0
95 17 16
95 16 7
95 7 6
95 6 5
95 5 4
95 4 3
95 3 2
95 2 1
95 16 15
95 15 14
95 14 12
95 12 11
95 11 10
95 10 9
95 9 8
95 14 13
95 19 18
96 15 8
96 8 0
96 8 7
96 7 1
96 7 6
96 6 2
96 6 5
96 5 3
96 5 4
96 15 14
96 14 11
96 11 10
96 10 9
96 14 13
96 13 12
97 16 15
97 15 14
97 14 5
97 5 2
97 2 0
97 2 1
97 5 4
97 4 3
97 14 13
97 13 12
97 12 6
97 12 11
97 11 8
97 8 7
97 11 10
97 10 9
98 18 17
98 17 16
98 16 15
98 15 0
98 15 14
98 14 13
98 13 12
98 12 6
98 6 4
98 4 3
98 3 1
98 3 2
98 6 5
98 12 11
98 11 10
98 10 9
98 9 8
98 8 7
99 15 14
99 14 13
99 13 12
99 12 4
99 4 3
99 3 2
99 2 0
99 2 1
99 12 11
99 11 9
99 9 8
99 8 7
99 7 5
99 7 6
99 11 10
100 14 10
100 10 9
100 9 1
100 1 0
100 9 8
100 8 7
100 7 2
100 7 6
100 6 5
100 5 4
100 4 3
100 14 13
100 13 11
100 13 12
101 18 17
101 17 0
101 17 16
101 16 15
101 15 13
101 13 5
101 5 3
101 3 2
101 2 1
101 5 4
101 13 12
101 12 8
101 8 7
101 7 6
101 12 11
101 11 9
101 11 10
101 15 14
