1 14 13
1 13 5
1 5 0
1 5 4
1 4 2
1 2 1
1 4 3
1 13 12
1 12 11
1 11 10
1 10 8
1 8 7
1 7 6
1 10 9
2 14 1
2 1 0
2 14 13
2 13 12
2 12 11
2 11 10
2 10 2
2 10 9
2 9 3
2 9 8
2 8 7
2 7 6
2 6 4
2 6 5
3 14 10
3 10 9
3 9 8
3 8 1
3 1 0
3 8 7
3 7 2
3 7 6
3 6 4
3 4 3
3 6 5
3 14 13
3 13 12
3 12 11
4 19 0
4 19 18
4 18 16
4 16 15
4 15 14
4 14 2
4 2 1
4 14 13
4 13 12
4 12 10
4 10 4
4 4 3
4 10 9
4 9 7
4 7 5
4 7 6
4 9 8
4 12 11
4 18 17
5 19 3
5 3 2
5 2 1
5 1 0
5 19 18
5 18 16
5 16 13
5 13 11
5 11 8
5 8 7
5 7 6
5 6 4
5 6 5
5 11 10
5 10 9
5 13 12
5 16 15
5 15 14
5 18 17
6 18 12
6 12 11
6 11 4
6 4 3
6 3 1
6 1 0
6 3 2
6 11 10
6 10 8
6 8 5
6 8 7
6 7 6
6 10 9
6 18 17
6 17 16
6 16 15
6 15 14
6 14 13
7 16 15
7 15 14
7 14 13
7 13 12
7 12 9
7 9 1
7 1 0
7 9 8
7 8 5
7 5 4
7 4 3
7 3 2
7 8 7
7 7 6
7 12 11
7 11 10
8 18 17
8 17 0
8 17 16
8 16 10
8 10 8
8 8 6
8 6 5
8 5 1
8 5 4
8 4 3
8 3 2
8 8 7
8 10 9
8 16 15
8 15 13
8 13 12
8 12 11
8 15 14
9 19 0
9 19 18
9 18 14
9 14 3
9 3 2
9 2 1
9 14 13
9 13 8
9 8 7
9 7 6
9 6 5
9 5 4
9 13 12
9 12 10
9 10 9
9 12 11
9 18 17
9 17 16
9 16 15
10 18 17
10 17 15
10 15 9
10 9 8
10 8 6
10 6 2
10 2 0
10 2 1
10 6 5
10 5 3
10 5 4
10 8 7
10 15 14
10 14 10
10 14 13
10 13 12
10 12 11
10 17 16
11 17 2
11 2 0
11 2 1
11 17 16
11 16 15
11 15 12
11 12 3
11 12 11
11 11 8
11 8 6
11 6 5
11 5 4
11 8 7
11 11 10
11 10 9
11 15 14
11 14 13
12 17 15
12 15 14
12 14 13
12 13 2
12 2 1
12 1 0
12 13 12
12 12 10
12 10 3
12 10 9
12 9 8
12 8 7
12 7 4
12 7 6
12 6 5
12 12 11
12 17 16
13 15 12
13 12 9
13 9 8
13 8 0
13 8 7
13 7 6
13 6 5
13 5 1
13 5 4
13 4 3
13 3 2
13 12 11
13 11 10
13 15 14
13 14 13
14 17 16
14 16 3
14 3 2
14 2 1
14 1 0
14 16 15
14 15 12
14 12 11
14 11 10
14 10 8
14 8 6
14 6 4
14 6 5
14 8 7
14 10 9
14 15 14
14 14 13
15 16 15
15 15 13
15 13 3
15 3 2
15 2 0
15 2 1
15 13 12
15 12 5
15 5 4
15 12 11
15 11 10
15 10 9
15 9 8
15 8 7
15 7 6
15 15 14
16 16 11
16 11 0
16 11 10
16 10 6
16 6 2
16 2 1
16 6 5
16 5 4
16 4 3
16 10 9
16 9 7
16 9 8
16 16 15
16 15 14
16 14 13
16 13 12
17 18 14
17 14 12
17 12 10
17 10 8
17 8 0
17 8 7
17 7 4
17 4 1
17 4 3
17 3 2
17 7 6
17 6 5
17 10 9
17 12 11
17 14 13
17 18 17
17 17 16
17 16 15
18 15 14
18 14 6
18 6 0
18 6 5
18 5 1
18 5 4
18 4 3
18 3 2
18 14 13
18 13 12
18 12 9
18 9 8
18 8 7
18 12 11
18 11 10
19 17 14
19 14 2
19 2 1
19 1 0
19 14 13
19 13 9
19 9 3
19 9 8
19 8 4
19 8 7
19 7 5
19 7 6
19 13 12
19 12 11
19 11 10
19 17 16
19 16 15
20 15 0
20 15 14
20 14 13
20 13 12
20 12 11
20 11 10
20 10 1
20 10 9
20 9 5
20 5 2
20 5 4
20 4 3
20 9 8
20 8 7
20 7 6
21 19 18
21 18 16
21 16 12
21 12 10
21 10 9
21 9 4
21 4 2
21 2 0
21 2 1
21 4 3
21 9 8
21 8 7
21 7 6
21 6 5
21 12 11
21 16 15
21 15 13
21 15 14
21 18 17
22 16 11
22 11 0
22 11 10
22 10 3
22 3 2
22 2 1
22 10 9
22 9 7
22 7 6
22 6 5
22 5 4
22 9 8
22 16 15
22 15 14
22 14 13
22 13 12
23 18 16
23 16 14
23 14 9
23 9 7
23 7 6
23 6 4
23 4 3
23 3 2
23 2 1
23 1 0
23 6 5
23 9 8
23 14 13
23 13 12
23 12 11
23 11 10
23 16 15
23 18 17
24 19 2
24 2 0
24 2 1
24 19 18
24 18 16
24 16 15
24 15 11
24 11 8
24 8 4
24 4 3
24 8 7
24 7 5
24 7 6
24 11 10
24 10 9
24 15 14
24 14 13
24 13 12
24 18 17
25 14 13
25 13 12
25 12 11
25 11 4
25 4 3
25 3 1
25 1 0
25 3 2
25 11 10
25 10 9
25 9 7
25 7 5
25 7 6
25 9 8
26 15 14
26 14 0
26 14 13
26 13 8
26 8 7
26 7 5
26 5 4
26 4 2
26 2 1
26 4 3
26 7 6
26 13 12
26 12 11
26 11 9
26 11 10
27 16 14
27 14 1
27 1 0
27 14 13
27 13 12
27 12 10
27 10 2
27 10 9
27 9 4
27 4 3
27 9 8
27 8 6
27 6 5
27 8 7
27 12 11
27 16 15
28 19 17
28 17 16
28 16 3
28 3 1
28 1 0
28 3 2
28 16 15
28 15 14
28 14 12
28 12 7
28 7 5
28 5 4
28 7 6
28 12 11
28 11 9
28 9 8
28 11 10
28 14 13
28 19 18
29 17 9
29 9 6
29 6 3
29 3 0
29 3 2
29 2 1
29 6 5
29 5 4
29 9 8
29 8 7
29 17 16
29 16 12
29 12 11
29 11 10
29 16 15
29 15 14
29 14 13
30 14 12
30 12 9
30 9 1
30 1 0
30 9 8
30 8 4
30 4 3
30 3 2
30 8 7
30 7 5
30 7 6
30 12 11
30 11 10
30 14 13
31 18 16
31 16 15
31 15 13
31 13 10
31 10 0
31 10 9
31 9 1
31 9 8
31 8 2
31 8 7
31 7 3
31 7 6
31 6 4
31 6 5
31 13 12
31 12 11
31 15 14
31 18 17
32 19 16
32 16 14
32 14 13
32 13 11
32 11 1
32 1 0
32 11 10
32 10 9
32 9 8
32 8 6
32 6 3
32 3 2
32 6 5
32 5 4
32 8 7
32 13 12
32 16 15
32 19 18
32 18 17
33 18 0
33 18 17
33 17 13
33 13 10
33 10 8
33 8 1
33 8 7
33 7 3
33 3 2
33 7 6
33 6 5
33 5 4
33 10 9
33 13 12
33 12 11
33 17 16
33 16 15
33 15 14
34 14 13
34 13 12
34 12 0
34 12 11
34 11 10
34 10 9
34 9 1
34 9 8
34 8 7
34 7 5
34 5 2
34 5 4
34 4 3
34 7 6
35 15 0
35 15 14
35 14 10
35 10 3
35 3 1
35 3 2
35 10 9
35 9 8
35 8 7
35 7 6
35 6 5
35 5 4
35 14 13
35 13 11
35 13 12
36 16 15
36 15 14
36 14 0
36 14 13
36 13 12
36 12 8
36 8 7
36 7 1
36 7 6
36 6 4
36 4 2
36 4 3
36 6 5
36 12 11
36 11 10
36 10 9
37 15 7
37 7 4
37 4 0
37 4 3
37 3 2
37 2 1
37 7 6
37 6 5
37 15 14
37 14 12
37 12 10
37 10 8
37 10 9
37 12 11
37 14 13
38 17 2
38 2 1
38 1 0
38 17 16
38 16 4
38 4 3
38 16 15
38 15 10
38 10 5
38 10 9
38 9 7
38 7 6
38 9 8
38 15 14
38 14 11
38 14 13
38 13 12
39 16 0
39 16 15
39 15 1
39 15 14
39 14 8
39 8 3
39 3 2
39 8 7
39 7 4
39 7 6
39 6 5
39 14 13
39 13 12
39 12 11
39 11 9
39 11 10
40 19 2
40 2 1
40 1 0
40 19 18
40 18 3
40 18 17
40 17 15
40 15 14
40 14 5
40 5 4
40 14 13
40 13 6
40 13 12
40 12 9
40 9 8
40 8 7
40 12 11
40 11 10
40 17 16
41 16 11
41 11 0
41 11 10
41 10 9
41 9 8
41 8 6
41 6 5
41 5 2
41 2 1
41 5 4
41 4 3
41 8 7
41 16 15
41 15 14
41 14 12
41 14 13
42 17 1
42 1 0
42 17 16
42 16 15
42 15 14
42 14 12
42 12 4
42 4 3
42 3 2
42 12 11
42 11 10
42 10 5
42 10 9
42 9 7
42 7 6
42 9 8
42 14 13
43 18 16
43 16 1
43 1 0
43 16 15
43 15 14
43 14 4
43 4 3
43 3 2
43 14 13
43 13 12
43 12 10
43 10 5
43 10 9
43 9 8
43 8 7
43 7 6
43 12 11
43 18 17
44 18 1
44 1 0
44 18 17
44 17 16
44 16 15
44 15 14
44 14 12
44 12 3
44 3 2
44 12 11
44 11 10
44 10 5
44 5 4
44 10 9
44 9 8
44 8 7
44 7 6
44 14 13
45 15 12
45 12 11
45 11 10
45 10 9
45 9 4
45 4 3
45 3 1
45 1 0
45 3 2
45 9 8
45 8 6
45 6 5
45 8 7
45 15 14
45 14 13
46 15 14
46 14 0
46 14 13
46 13 9
46 9 3
46 3 1
46 3 2
46 9 8
46 8 7
46 7 6
46 6 5
46 5 4
46 13 12
46 12 11
46 11 10
47 14 13
47 13 1
47 1 0
47 13 12
47 12 11
47 11 2
47 11 10
47 10 3
47 10 9
47 9 7
47 7 6
47 6 4
47 6 5
47 9 8
48 17 16
48 16 13
48 13 12
48 12 2
48 2 0
48 2 1
48 12 11
48 11 10
48 10 9
48 9 8
48 8 7
48 7 6
48 6 4
48 4 3
48 6 5
48 16 15
48 15 14
49 16 15
49 15 13
49 13 12
49 12 0
49 12 11
49 11 9
49 9 6
49 6 3
49 3 2
49 2 1
49 6 5
49 5 4
49 9 8
49 8 7
49 11 10
49 15 14
50 16 15
50 15 2
50 2 0
50 2 1
50 15 14
50 14 3
50 14 13
50 13 12
50 12 11
50 11 6
50 6 4
50 6 5
50 11 10
50 10 8
50 8 7
50 10 9
51 15 12
51 12 11
51 11 10
51 10 9
51 9 6
51 6 5
51 5 4
51 4 3
51 3 2
51 2 0
51 2 1
51 9 8
51 8 7
51 15 14
51 14 13
52 16 15
52 15 11
52 11 10
52 10 6
52 6 4
52 4 3
52 3 2
52 2 0
52 2 1
52 6 5
52 10 9
52 9 7
52 9 8
52 15 14
52 14 13
52 13 12
53 19 3
53 3 2
53 2 1
53 1 0
53 19 18
53 18 6
53 6 4
53 6 5
53 18 17
53 17 16
53 16 15
53 15 14
53 14 13
53 13 12
53 12 7
53 12 11
53 11 10
53 10 8
53 10 9
54 15 0
54 15 14
54 14 13
54 13 12
54 12 1
54 12 11
54 11 2
54 11 10
54 10 5
54 5 3
54 5 4
54 10 9
54 9 7
54 7 6
54 9 8
55 18 9
55 9 5
55 5 3
55 3 2
55 2 0
55 2 1
55 5 4
55 9 8
55 8 6
55 8 7
55 18 17
55 17 12
55 12 10
55 12 11
55 17 16
55 16 15
55 15 14
55 14 13
56 19 1
56 1 0
56 19 18
56 18 16
56 16 15
56 15 7
56 7 6
56 6 2
56 6 5
56 5 3
56 5 4
56 15 14
56 14 13
56 13 9
56 9 8
56 13 12
56 12 10
56 12 11
56 18 17
57 18 16
57 16 15
57 15 10
57 10 9
57 9 6
57 6 0
57 6 5
57 5 4
57 4 1
57 4 3
57 3 2
57 9 8
57 8 7
57 15 14
57 14 13
57 13 11
57 13 12
57 18 17
58 18 8
58 8 5
58 5 4
58 4 2
58 2 1
58 1 0
58 4 3
58 8 7
58 7 6
58 18 17
58 17 16
58 16 14
58 14 13
58 13 9
58 13 12
58 12 11
58 11 10
58 16 15
59 16 15
59 15 13
59 13 11
59 11 0
59 11 10
59 10 6
59 6 2
59 2 1
59 6 5
59 5 4
59 4 3
59 10 9
59 9 8
59 8 7
59 13 12
59 15 14
60 17 0
60 17 16
60 16 2
60 2 1
60 16 15
60 15 3
60 15 14
60 14 5
60 5 4
60 14 13
60 13 11
60 11 10
60 10 8
60 8 7
60 7 6
60 10 9
60 13 12
61 15 0
61 15 14
61 14 1
61 14 13
61 13 11
61 11 9
61 9 7
61 7 5
61 5 2
61 5 4
61 4 3
61 7 6
61 9 8
61 11 10
61 13 12
62 19 0
62 19 18
62 18 8
62 8 4
62 4 3
62 3 2
62 2 1
62 8 7
62 7 6
62 6 5
62 18 17
62 17 16
62 16 14
62 14 13
62 13 11
62 11 10
62 10 9
62 13 12
62 16 15
63 17 7
63 7 5
63 5 3
63 3 0
63 3 2
63 2 1
63 5 4
63 7 6
63 17 16
63 16 10
63 10 8
63 10 9
63 16 15
63 15 14
63 14 12
63 12 11
63 14 13
64 18 2
64 2 1
64 1 0
64 18 17
64 17 5
64 5 3
64 5 4
64 17 16
64 16 14
64 14 13
64 13 12
64 12 10
64 10 7
64 7 6
64 10 9
64 9 8
64 12 11
64 16 15
65 17 15
65 15 14
65 14 12
65 12 11
65 11 8
65 8 6
65 6 5
65 5 4
65 4 3
65 3 2
65 2 1
65 1 0
65 8 7
65 11 10
65 10 9
65 14 13
65 17 16
66 16 7
66 7 2
66 2 0
66 2 1
66 7 6
66 6 3
66 6 5
66 5 4
66 16 15
66 15 11
66 11 8
66 11 10
66 10 9
66 15 14
66 14 12
66 14 13
67 17 16
67 16 13
67 13 12
67 12 11
67 11 10
67 10 9
67 9 8
67 8 6
67 6 4
67 4 2
67 2 1
67 1 0
67 4 3
67 6 5
67 8 7
67 16 15
67 15 14
68 14 13
68 13 12
68 12 9
68 9 3
68 3 2
68 2 0
68 2 1
68 9 8
68 8 7
68 7 6
68 6 4
68 6 5
68 12 11
68 11 10
69 14 9
69 9 0
69 9 8
69 8 7
69 7 6
69 6 5
69 5 2
69 2 1
69 5 4
69 4 3
69 14 13
69 13 10
69 13 12
69 12 11
70 17 16
70 16 0
70 16 15
70 15 14
70 14 7
70 7 6
70 6 5
70 5 1
70 5 4
70 4 3
70 3 2
70 14 13
70 13 8
70 13 12
70 12 10
70 10 9
70 12 11
71 19 18
71 18 12
71 12 0
71 12 11
71 11 10
71 10 7
71 7 6
71 6 4
71 4 3
71 3 2
71 2 1
71 6 5
71 10 9
71 9 8
71 18 17
71 17 16
71 16 13
71 16 15
71 15 14
72 16 15
72 15 0
72 15 14
72 14 12
72 12 5
72 5 4
72 4 3
72 3 1
72 3 2
72 12 11
72 11 7
72 7 6
72 11 10
72 10 9
72 9 8
72 14 13
73 16 15
73 15 14
73 14 12
73 12 10
73 10 7
73 7 6
73 6 0
73 6 5
73 5 1
73 5 4
73 4 3
73 3 2
73 10 9
73 9 8
73 12 11
73 14 13
74 14 12
74 12 11
74 11 8
74 8 7
74 7 6
74 6 5
74 5 0
74 5 4
74 4 2
74 2 1
74 4 3
74 11 10
74 10 9
74 14 13
75 16 14
75 14 13
75 13 12
75 12 5
75 5 0
75 5 4
75 4 1
75 4 3
75 3 2
75 12 11
75 11 10
75 10 6
75 10 9
75 9 7
75 9 8
75 16 15
76 18 17
76 17 16
76 16 4
76 4 3
76 3 1
76 1 0
76 3 2
76 16 15
76 15 7
76 7 5
76 7 6
76 15 14
76 14 8
76 14 13
76 13 11
76 11 10
76 10 9
76 13 12
77 14 13
77 13 12
77 12 11
77 11 9
77 9 8
77 8 2
77 2 1
77 1 0
77 8 7
77 7 5
77 5 3
77 5 4
77 7 6
77 11 10
78 14 0
78 14 13
78 13 12
78 12 11
78 11 10
78 10 9
78 9 7
78 7 3
78 3 1
78 3 2
78 7 6
78 6 4
78 6 5
78 9 8
79 14 13
79 13 12
79 12 0
79 12 11
79 11 7
79 7 6
79 6 1
79 6 5
79 5 3
79 3 2
79 5 4
79 11 10
79 10 9
79 9 8
80 15 14
80 14 1
80 1 0
80 14 13
80 13 10
80 10 6
80 6 5
80 5 4
80 4 3
80 3 2
80 10 9
80 9 8
80 8 7
80 13 12
80 12 11
81 19 18
81 18 0
81 18 17
81 17 16
81 16 1
81 16 15
81 15 14
81 14 3
81 3 2
81 14 13
81 13 8
81 8 6
81 6 5
81 5 4
81 8 7
81 13 12
81 12 11
81 11 10
81 10 9
82 18 16
82 16 15
82 15 14
82 14 13
82 13 12
82 12 7
82 7 0
82 7 6
82 6 5
82 5 3
82 3 2
82 2 1
82 5 4
82 12 11
82 11 9
82 9 8
82 11 10
82 18 17
83 19 0
83 19 18
83 18 16
83 16 1
83 16 15
83 15 14
83 14 13
83 13 12
83 12 3
83 3 2
83 12 11
83 11 4
83 11 10
83 10 9
83 9 8
83 8 7
83 7 5
83 7 6
83 18 17
84 19 14
84 14 2
84 2 1
84 1 0
84 14 13
84 13 3
84 13 12
84 12 4
84 12 11
84 11 8
84 8 7
84 7 6
84 6 5
84 11 10
84 10 9
84 19 18
84 18 16
84 16 15
84 18 17
85 16 0
85 16 15
85 15 14
85 14 13
85 13 12
85 12 1
85 12 11
85 11 4
85 4 2
85 4 3
85 11 10
85 10 6
85 6 5
85 10 9
85 9 8
85 8 7
86 18 0
86 18 17
86 17 2
86 2 1
86 17 16
86 16 15
86 15 14
86 14 9
86 9 7
86 7 5
86 5 3
86 5 4
86 7 6
86 9 8
86 14 13
86 13 12
86 12 11
86 11 10
87 18 4
87 4 0
87 4 3
87 3 2
87 2 1
87 18 17
87 17 6
87 6 5
87 17 16
87 16 8
87 8 7
87 16 15
87 15 13
87 13 12
87 12 9
87 12 11
87 11 10
87 15 14
88 18 17
88 17 16
88 16 1
88 1 0
88 16 15
88 15 5
88 5 4
88 4 2
88 4 3
88 15 14
88 14 8
88 8 6
88 8 7
88 14 13
88 13 12
88 12 11
88 11 10
88 10 9
89 17 15
89 15 14
89 14 0
89 14 13
89 13 12
89 12 1
89 12 11
89 11 10
89 10 4
89 4 3
89 3 2
89 10 9
89 9 7
89 7 6
89 6 5
89 9 8
89 17 16
90 16 11
90 11 10
90 10 3
90 3 2
90 2 1
90 1 0
90 10 9
90 9 4
90 9 8
90 8 6
90 6 5
90 8 7
90 16 15
90 15 14
90 14 13
90 13 12
91 18 17
91 17 15
91 15 0
91 15 14
91 14 1
91 14 13
91 13 11
91 11 10
91 10 8
91 8 7
91 7 2
91 7 6
91 6 5
91 5 4
91 4 3
91 10 9
91 13 12
91 17 16
92 15 14
92 14 0
92 14 13
92 13 6
92 6 2
92 2 1
92 6 5
92 5 3
92 5 4
92 13 12
92 12 9
92 9 8
92 8 7
92 12 11
92 11 10
93 17 15
93 15 14
93 14 13
93 13 4
93 4 2
93 2 0
93 2 1
93 4 3
93 13 12
93 12 11
93 11 10
93 10 5
93 10 9
93 9 7
93 7 6
93 9 8
93 17 16
94 16 15
94 15 14
94 14 13
94 13 8
94 8 7
94 7 6
94 6 0
94 6 5
94 5 4
94 4 3
94 3 1
94 3 2
94 13 12
94 12 9
94 12 11
94 11 10
95 19 17
95 17 1
95 1 0
95 17 16
95 16 14
95 14 13
95 13 9
95 9 3
95 3 2
95 9 8
95 8 6
95 6 5
95 5 4
95 8 7
95 13 12
95 12 11
95 11 10
95 16 15
95 19 18
96 14 1
96 1 0
96 14 13
96 13 2
96 13 12
96 12 11
96 11 10
96 10 4
96 4 3
96 10 9
96 9 8
96 8 7
96 7 5
96 7 6
97 19 0
97 19 18
97 18 1
97 18 17
97 17 12
97 12 10
97 10 9
97 9 8
97 8 7
97 7 6
97 6 2
97 6 5
97 5 4
97 4 3
97 12 11
97 17 16
97 16 14
97 14 13
97 16 15
98 17 15
98 15 0
98 15 14
98 14 13
98 13 12
98 12 2
98 2 1
98 12 11
98 11 10
98 10 3
98 10 9
98 9 7
98 7 4
98 7 6
98 6 5
98 9 8
98 17 16
99 19 14
99 14 0
99 14 13
99 13 11
99 11 9
99 9 3
99 3 2
99 2 1
99 9 8
99 8 4
99 8 7
99 7 6
99 6 5
99 11 10
99 13 12
99 19 18
99 18 17
99 17 15
99 17 16
100 15 0
100 15 14
100 14 13
100 13 12
100 12 11
100 11 10
100 10 2
100 2 1
100 10 9
100 9 4
100 4 3
100 9 8
100 8 7
100 7 5
100 7 6
101 17 15
101 15 14
101 14 13
101 13 4
101 4 0
101 4 3
101 3 1
101 3 2
101 13 12
101 12 10
101 10 5
101 10 9
101 9 6
101 9 8
101 8 7
101 12 11
101 17 16
