1 14 13
1 13 8
1 8 5
1 5 4
1 4 3
1 3 0
1 3 2
1 2 1
1 8 7
1 7 6
1 13 12
1 12 10
1 10 9
1 12 11
2 19 16
2 16 3
2 3 0
2 3 2
2 2 1
2 16 15
2 15 11
2 11 10
2 10 7
2 7 6
2 6 4
2 6 5
2 10 9
2 9 8
2 15 14
2 14 13
2 13 12
2 19 18
2 18 17
3 14 3
3 3 1
3 1 0
3 3 2
3 14 13
3 13 4
3 13 12
3 12 7
3 7 6
3 6 5
3 12 11
3 11 8
3 11 10
3 10 9
4 18 6
4 6 0
4 6 5
4 5 4
4 4 2
4 2 1
4 4 3
4 18 17
4 17 15
4 15 10
4 10 9
4 9 7
4 9 8
4 15 14
4 14 12
4 12 11
4 14 13
4 17 16
5 16 8
5 8 6
5 6 5
5 5 4
5 4 0
5 4 3
5 3 1
5 3 2
5 8 7
5 16 15
5 15 14
5 14 9
5 14 13
5 13 10
5 13 12
5 12 11
6 15 0
6 15 14
6 14 1
6 14 13
6 13 10
6 10 9
6 9 7
6 7 6
6 6 2
6 6 5
6 5 4
6 4 3
6 9 8
6 13 12
6 12 11
7 14 13
7 13 9
7 9 8
7 8 6
7 6 3
7 3 1
7 1 0
7 3 2
7 6 5
7 5 4
7 8 7
7 13 12
7 12 10
7 12 11
8 14 0
8 14 13
8 13 12
8 12 3
8 3 2
8 2 1
8 12 11
8 11 10
8 10 9
8 9 7
8 7 4
8 7 6
8 6 5
8 9 8
9 16 0
9 16 15
9 15 14
9 14 2
9 2 1
9 14 13
9 13 4
9 4 3
9 13 12
9 12 7
9 7 6
9 6 5
9 12 11
9 11 10
9 10 8
9 10 9
10 14 7
10 7 1
10 1 0
10 7 6
10 6 5
10 5 3
10 3 2
10 5 4
10 14 13
10 13 11
10 11 8
10 11 10
10 10 9
10 13 12
11 18 17
11 17 4
11 4 2
11 2 0
11 2 1
11 4 3
11 17 16
11 16 5
11 16 15
11 15 14
11 14 12
11 12 7
11 7 6
11 12 11
11 11 8
11 11 10
11 10 9
11 14 13
12 18 16
12 16 15
12 15 0
12 15 14
12 14 13
12 13 8
12 8 7
12 7 5
12 5 4
12 4 3
12 3 1
12 3 2
12 7 6
12 13 12
12 12 9
12 12 11
12 11 10
12 18 17
13 15 12
13 12 11
13 11 10
13 10 9
13 9 8
13 8 0
13 8 7
13 7 6
13 6 5
13 5 4
13 4 3
13 3 1
13 3 2
13 15 14
13 14 13
14 19 18
14 18 2
14 2 1
14 1 0
14 18 17
14 17 5
14 5 3
14 5 4
14 17 16
14 16 15
14 15 14
14 14 6
14 14 13
14 13 7
14 13 12
14 12 8
14 12 11
14 11 9
14 11 10
15 15 13
15 13 0
15 13 12
15 12 1
15 12 11
15 11 4
15 4 3
15 3 2
15 11 10
15 10 9
15 9 6
15 6 5
15 9 8
15 8 7
15 15 14
16 17 0
16 17 16
16 16 1
16 16 15
16 15 14
16 14 12
16 12 6
16 6 2
16 6 5
16 5 4
16 4 3
16 12 11
16 11 8
16 8 7
16 11 10
16 10 9
16 14 13
17 14 13
17 13 12
17 12 4
17 4 2
17 2 0
17 2 1
17 4 3
17 12 11
17 11 5
17 11 10
17 10 7
17 7 6
17 10 9
17 9 8
18 16 9
18 9 7
18 7 5
18 5 4
18 4 0
18 4 3
18 3 1
18 3 2
18 7 6
18 9 8
18 16 15
18 15 10
18 15 14
18 14 13
18 13 11
18 13 12
19 19 0
19 19 18
19 18 17
19 17 16
19 16 3
19 3 1
19 3 2
19 16 15
19 15 14
19 14 13
19 13 12
19 12 5
19 5 4
19 12 11
19 11 10
19 10 7
19 7 6
19 10 9
19 9 8
20 18 5
20 5 4
20 4 1
20 1 0
20 4 3
20 3 2
20 18 17
20 17 6
20 17 16
20 16 15
20 15 9
20 9 7
20 9 8
20 15 14
20 14 11
20 11 10
20 14 13
20 13 12
21 18 16
21 16 15
21 15 14
21 14 0
21 14 13
21 13 12
21 12 10
21 10 1
21 10 9
21 9 3
21 3 2
21 9 8
21 8 4
21 8 7
21 7 6
21 6 5
21 12 11
21 18 17
22 16 15
22 15 5
22 5 1
22 1 0
22 5 4
22 4 2
22 4 3
22 15 14
22 14 13
22 13 12
22 12 6
22 12 11
22 11 9
22 9 7
22 9 8
22 11 10
23 16 14
23 14 11
23 11 8
23 8 2
23 2 0
23 2 1
23 8 7
23 7 4
23 4 3
23 7 6
23 6 5
23 11 10
23 10 9
23 14 13
23 13 12
23 16 15
24 15 14
24 14 0
24 14 13
24 13 1
24 13 12
24 12 11
24 11 9
24 9 2
24 9 8
24 8 5
24 5 3
24 5 4
24 8 7
24 7 6
24 11 10
25 14 0
25 14 13
25 13 9
25 9 4
25 4 3
25 3 1
25 3 2
25 9 8
25 8 7
25 7 5
25 7 6
25 13 12
25 12 10
25 12 11
26 15 2
26 2 1
26 1 0
26 15 14
26 14 4
26 4 3
26 14 13
26 13 11
26 11 10
26 10 5
26 10 9
26 9 8
26 8 7
26 7 6
26 13 12
27 16 12
27 12 0
27 12 11
27 11 1
27 11 10
27 10 9
27 9 6
27 6 3
27 3 2
27 6 5
27 5 4
27 9 8
27 8 7
27 16 15
27 15 13
27 15 14
28 15 0
28 15 14
28 14 3
28 3 1
28 3 2
28 14 13
28 13 6
28 6 4
28 6 5
28 13 12
28 12 10
28 10 8
28 8 7
28 10 9
28 12 11
29 16 14
29 14 13
29 13 9
29 9 1
29 1 0
29 9 8
29 8 2
29 8 7
29 7 6
29 6 5
29 5 3
29 5 4
29 13 12
29 12 10
29 12 11
29 16 15
30 18 16
30 16 12
30 12 11
30 11 1
30 1 0
30 11 10
30 10 9
30 9 7
30 7 4
30 4 3
30 3 2
30 7 6
30 6 5
30 9 8
30 16 15
30 15 13
30 15 14
30 18 17
31 19 18
31 18 15
31 15 14
31 14 12
31 12 11
31 11 9
31 9 3
31 3 1
31 1 0
31 3 2
31 9 8
31 8 7
31 7 4
31 7 6
31 6 5
31 11 10
31 14 13
31 18 17
31 17 16
32 14 13
32 13 0
32 13 12
32 12 4
32 4 1
32 4 3
32 3 2
32 12 11
32 11 10
32 10 9
32 9 5
32 9 8
32 8 6
32 8 7
33 19 18
33 18 15
33 15 8
33 8 0
33 8 7
33 7 1
33 7 6
33 6 5
33 5 4
33 4 3
33 3 2
33 15 14
33 14 13
33 13 11
33 11 10
33 10 9
33 13 12
33 18 17
33 17 16
34 18 11
34 11 1
34 1 0
34 11 10
34 10 9
34 9 8
34 8 6
34 6 5
34 5 3
34 3 2
34 5 4
34 8 7
34 18 17
34 17 16
34 16 14
34 14 13
34 13 12
34 16 15
35 18 17
35 17 15
35 15 14
35 14 10
35 10 3
35 3 1
35 1 0
35 3 2
35 10 9
35 9 8
35 8 7
35 7 6
35 6 4
35 6 5
35 14 13
35 13 12
35 12 11
35 17 16
36 19 16
36 16 3
36 3 2
36 2 0
36 2 1
36 16 15
36 15 14
36 14 5
36 5 4
36 14 13
36 13 7
36 7 6
36 13 12
36 12 9
36 9 8
36 12 11
36 11 10
36 19 18
36 18 17
37 16 15
37 15 14
37 14 6
37 6 5
37 5 2
37 2 0
37 2 1
37 5 4
37 4 3
37 14 13
37 13 12
37 12 11
37 11 8
37 8 7
37 11 10
37 10 9
38 14 0
38 14 13
38 13 12
38 12 6
38 6 1
38 6 5
38 5 4
38 4 3
38 3 2
38 12 11
38 11 10
38 10 7
38 10 9
38 9 8
39 15 14
39 14 11
39 11 0
39 11 10
39 10 9
39 9 7
39 7 5
39 5 4
39 4 3
39 3 1
39 3 2
39 7 6
39 9 8
39 14 13
39 13 12
40 19 17
40 17 14
40 14 11
40 11 9
40 9 5
40 5 0
40 5 4
40 4 3
40 3 1
40 3 2
40 9 8
40 8 6
40 8 7
40 11 10
40 14 13
40 13 12
40 17 16
40 16 15
40 19 18
41 16 15
41 15 11
41 11 10
41 10 8
41 8 0
41 8 7
41 7 2
41 2 1
41 7 6
41 6 4
41 4 3
41 6 5
41 10 9
41 15 14
41 14 12
41 14 13
42 15 14
42 14 0
42 14 13
42 13 11
42 11 10
42 10 1
42 10 9
42 9 6
42 6 2
42 6 5
42 5 3
42 5 4
42 9 8
42 8 7
42 13 12
43 18 5
43 5 4
43 4 1
43 1 0
43 4 3
43 3 2
43 18 17
43 17 6
43 17 16
43 16 12
43 12 11
43 11 10
43 10 8
43 8 7
43 10 9
43 16 15
43 15 13
43 15 14
44 14 8
44 8 0
44 8 7
44 7 6
44 6 5
44 5 3
44 3 2
44 2 1
44 5 4
44 14 13
44 13 11
44 11 10
44 10 9
44 13 12
45 16 14
45 14 10
45 10 9
45 9 6
45 6 1
45 1 0
45 6 5
45 5 2
45 5 4
45 4 3
45 9 8
45 8 7
45 14 13
45 13 11
45 13 12
45 16 15
46 15 14
46 14 1
46 1 0
46 14 13
46 13 12
46 12 11
46 11 10
46 10 2
46 10 9
46 9 8
46 8 7
46 7 6
46 6 4
46 4 3
46 6 5
47 14 0
47 14 13
47 13 12
47 12 11
47 11 10
47 10 9
47 9 7
47 7 6
47 6 5
47 5 1
47 5 4
47 4 2
47 4 3
47 9 8
48 19 18
48 18 17
48 17 16
48 16 1
48 1 0
48 16 15
48 15 14
48 14 7
48 7 6
48 6 2
48 6 5
48 5 3
48 5 4
48 14 13
48 13 8
48 13 12
48 12 10
48 10 9
48 12 11
49 14 13
49 13 1
49 1 0
49 13 12
49 12 5
49 5 2
49 5 4
49 4 3
49 12 11
49 11 6
49 11 10
49 10 9
49 9 7
49 9 8
50 19 0
50 19 18
50 18 4
50 4 3
50 3 1
50 3 2
50 18 17
50 17 16
50 16 14
50 14 8
50 8 5
50 8 7
50 7 6
50 14 13
50 13 12
50 12 10
50 10 9
50 12 11
50 16 15
51 19 18
51 18 17
51 17 3
51 3 2
51 2 1
51 1 0
51 17 16
51 16 7
51 7 6
51 6 4
51 6 5
51 16 15
51 15 14
51 14 13
51 13 10
51 10 9
51 9 8
51 13 12
51 12 11
52 17 16
52 16 14
52 14 13
52 13 12
52 12 6
52 6 5
52 5 1
52 1 0
52 5 4
52 4 3
52 3 2
52 12 11
52 11 10
52 10 9
52 9 8
52 8 7
52 16 15
53 18 16
53 16 13
53 13 7
53 7 5
53 5 4
53 4 1
53 1 0
53 4 3
53 3 2
53 7 6
53 13 12
53 12 9
53 9 8
53 12 11
53 11 10
53 16 15
53 15 14
53 18 17
54 17 15
54 15 11
54 11 0
54 11 10
54 10 8
54 8 1
54 8 7
54 7 6
54 6 4
54 4 2
54 4 3
54 6 5
54 10 9
54 15 14
54 14 13
54 13 12
54 17 16
55 15 12
55 12 11
55 11 7
55 7 6
55 6 4
55 4 3
55 3 0
55 3 2
55 2 1
55 6 5
55 11 10
55 10 9
55 9 8
55 15 14
55 14 13
56 18 17
56 17 13
56 13 9
56 9 8
56 8 6
56 6 0
56 6 5
56 5 4
56 4 3
56 3 1
56 3 2
56 8 7
56 13 12
56 12 10
56 12 11
56 17 16
56 16 14
56 16 15
57 16 15
57 15 12
57 12 5
57 5 3
57 3 2
57 2 1
57 1 0
57 5 4
57 12 11
57 11 10
57 10 9
57 9 8
57 8 6
57 8 7
57 15 14
57 14 13
58 18 0
58 18 17
58 17 15
58 15 14
58 14 11
58 11 10
58 10 4
58 4 1
58 4 3
58 3 2
58 10 9
58 9 8
58 8 5
58 8 7
58 7 6
58 14 13
58 13 12
58 17 16
59 15 14
59 14 12
59 12 11
59 11 9
59 9 8
59 8 0
59 8 7
59 7 6
59 6 5
59 5 4
59 4 3
59 3 1
59 3 2
59 11 10
59 14 13
60 17 16
60 16 14
60 14 13
60 13 5
60 5 3
60 3 1
60 1 0
60 3 2
60 5 4
60 13 12
60 12 11
60 11 7
60 7 6
60 11 10
60 10 9
60 9 8
60 16 15
61 15 14
61 14 13
61 13 12
61 12 11
61 11 9
61 9 8
61 8 6
61 6 5
61 5 2
61 2 0
61 2 1
61 5 4
61 4 3
61 8 7
61 11 10
62 18 7
62 7 6
62 6 1
62 1 0
62 6 5
62 5 2
62 5 4
62 4 3
62 18 17
62 17 16
62 16 15
62 15 14
62 14 13
62 13 8
62 13 12
62 12 10
62 10 9
62 12 11
63 17 16
63 16 7
63 7 6
63 6 5
63 5 0
63 5 4
63 4 3
63 3 2
63 2 1
63 16 15
63 15 9
63 9 8
63 15 14
63 14 12
63 12 10
63 12 11
63 14 13
64 19 3
64 3 2
64 2 0
64 2 1
64 19 18
64 18 17
64 17 4
64 17 16
64 16 14
64 14 5
64 14 13
64 13 12
64 12 10
64 10 7
64 7 6
64 10 9
64 9 8
64 12 11
64 16 15
65 14 0
65 14 13
65 13 2
65 2 1
65 13 12
65 12 7
65 7 5
65 5 3
65 5 4
65 7 6
65 12 11
65 11 10
65 10 8
65 10 9
66 18 16
66 16 2
66 2 1
66 1 0
66 16 15
66 15 14
66 14 13
66 13 11
66 11 3
66 11 10
66 10 6
66 6 5
66 5 4
66 10 9
66 9 7
66 9 8
66 13 12
66 18 17
67 15 1
67 1 0
67 15 14
67 14 8
67 8 3
67 3 2
67 8 7
67 7 6
67 6 4
67 6 5
67 14 13
67 13 12
67 12 11
67 11 9
67 11 10
68 16 7
68 7 0
68 7 6
68 6 5
68 5 4
68 4 1
68 4 3
68 3 2
68 16 15
68 15 14
68 14 12
68 12 11
68 11 10
68 10 9
68 9 8
68 14 13
69 15 12
69 12 10
69 10 6
69 6 1
69 1 0
69 6 5
69 5 2
69 5 4
69 4 3
69 10 9
69 9 7
69 9 8
69 12 11
69 15 14
69 14 13
70 15 14
70 14 4
70 4 1
70 1 0
70 4 3
70 3 2
70 14 13
70 13 11
70 11 10
70 10 9
70 9 8
70 8 5
70 8 7
70 7 6
70 13 12
71 17 0
71 17 16
71 16 4
71 4 3
71 3 1
71 3 2
71 16 15
71 15 14
71 14 13
71 13 9
71 9 7
71 7 6
71 6 5
71 9 8
71 13 12
71 12 11
71 11 10
72 17 16
72 16 8
72 8 4
72 4 2
72 2 1
72 1 0
72 4 3
72 8 7
72 7 5
72 7 6
72 16 15
72 15 11
72 11 10
72 10 9
72 15 14
72 14 12
72 14 13
73 14 12
73 12 10
73 10 8
73 8 6
73 6 5
73 5 4
73 4 3
73 3 2
73 2 0
73 2 1
73 8 7
73 10 9
73 12 11
73 14 13
74 18 16
74 16 14
74 14 12
74 12 11
74 11 10
74 10 1
74 1 0
74 10 9
74 9 5
74 5 4
74 4 3
74 3 2
74 9 8
74 8 6
74 8 7
74 14 13
74 16 15
74 18 17
75 15 14
75 14 13
75 13 9
75 9 8
75 8 4
75 4 0
75 4 3
75 3 1
75 3 2
75 8 7
75 7 5
75 7 6
75 13 12
75 12 11
75 11 10
76 18 12
76 12 11
76 11 10
76 10 9
76 9 8
76 8 5
76 5 4
76 4 3
76 3 2
76 2 0
76 2 1
76 8 7
76 7 6
76 18 17
76 17 15
76 15 13
76 15 14
76 17 16
77 15 2
77 2 1
77 1 0
77 15 14
77 14 11
77 11 10
77 10 5
77 5 3
77 5 4
77 10 9
77 9 7
77 7 6
77 9 8
77 14 13
77 13 12
78 14 0
78 14 13
78 13 12
78 12 11
78 11 8
78 8 1
78 8 7
78 7 6
78 6 4
78 4 2
78 4 3
78 6 5
78 11 10
78 10 9
79 14 13
79 13 0
79 13 12
79 12 7
79 7 2
79 2 1
79 7 6
79 6 5
79 5 4
79 4 3
79 12 11
79 11 9
79 9 8
79 11 10
80 18 16
80 16 15
80 15 13
80 13 7
80 7 0
80 7 6
80 6 5
80 5 2
80 2 1
80 5 4
80 4 3
80 13 12
80 12 11
80 11 9
80 9 8
80 11 10
80 15 14
80 18 17
81 15 14
81 14 12
81 12 10
81 10 5
81 5 1
81 1 0
81 5 4
81 4 2
81 4 3
81 10 9
81 9 6
81 9 8
81 8 7
81 12 11
81 14 13
82 16 10
82 10 8
82 8 5
82 5 0
82 5 4
82 4 1
82 4 3
82 3 2
82 8 7
82 7 6
82 10 9
82 16 15
82 15 14
82 14 12
82 12 11
82 14 13
83 17 16
83 16 0
83 16 15
83 15 9
83 9 7
83 7 5
83 5 4
83 4 2
83 2 1
83 4 3
83 7 6
83 9 8
83 15 14
83 14 12
83 12 11
83 11 10
83 14 13
84 14 0
84 14 13
84 13 1
84 13 12
84 12 2
84 12 11
84 11 6
84 6 5
84 5 4
84 4 3
84 11 10
84 10 8
84 8 7
84 10 9
85 14 13
85 13 12
85 12 10
85 10 8
85 8 6
85 6 2
85 2 0
85 2 1
85 6 5
85 5 4
85 4 3
85 8 7
85 10 9
85 12 11
86 15 2
86 2 0
86 2 1
86 15 14
86 14 3
86 14 13
86 13 12
86 12 11
86 11 10
86 10 8
86 8 7
86 7 5
86 5 4
86 7 6
86 10 9
87 15 0
87 15 14
87 14 2
87 2 1
87 14 13
87 13 5
87 5 4
87 4 3
87 13 12
87 12 6
87 12 11
87 11 9
87 9 7
87 9 8
87 11 10
88 15 13
88 13 11
88 11 10
88 10 8
88 8 0
88 8 7
88 7 5
88 5 1
88 5 4
88 4 2
88 4 3
88 7 6
88 10 9
88 13 12
88 15 14
89 15 14
89 14 12
89 12 10
89 10 8
89 8 5
89 5 4
89 4 3
89 3 2
89 2 0
89 2 1
89 8 7
89 7 6
89 10 9
89 12 11
89 14 13
90 19 1
90 1 0
90 19 18
90 18 2
90 18 17
90 17 5
90 5 4
90 4 3
90 17 16
90 16 11
90 11 7
90 7 6
90 11 10
90 10 9
90 9 8
90 16 15
90 15 12
90 15 14
90 14 13
91 19 17
91 17 3
91 3 2
91 2 1
91 1 0
91 17 16
91 16 15
91 15 12
91 12 5
91 5 4
91 12 11
91 11 7
91 7 6
91 11 10
91 10 8
91 10 9
91 15 14
91 14 13
91 19 18
92 19 16
92 16 15
92 15 14
92 14 12
92 12 9
92 9 8
92 8 2
92 2 1
92 1 0
92 8 7
92 7 6
92 6 4
92 4 3
92 6 5
92 12 11
92 11 10
92 14 13
92 19 18
92 18 17
93 17 0
93 17 16
93 16 15
93 15 1
93 15 14
93 14 13
93 13 11
93 11 5
93 5 4
93 4 2
93 4 3
93 11 10
93 10 9
93 9 7
93 7 6
93 9 8
93 13 12
94 16 5
94 5 4
94 4 2
94 2 1
94 1 0
94 4 3
94 16 15
94 15 14
94 14 13
94 13 11
94 11 10
94 10 8
94 8 7
94 7 6
94 10 9
94 13 12
95 14 0
95 14 13
95 13 12
95 12 2
95 2 1
95 12 11
95 11 3
95 11 10
95 10 9
95 9 6
95 6 5
95 5 4
95 9 8
95 8 7
96 16 1
96 1 0
96 16 15
96 15 14
96 14 13
96 13 2
96 13 12
96 12 11
96 11 9
96 9 3
96 9 8
96 8 4
96 8 7
96 7 5
96 7 6
96 11 10
97 17 16
97 16 14
97 14 12
97 12 11
97 11 10
97 10 9
97 9 0
97 9 8
97 8 6
97 6 5
97 5 4
97 4 1
97 4 3
97 3 2
97 8 7
97 14 13
97 16 15
98 17 0
98 17 16
98 16 9
98 9 3
98 3 1
98 3 2
98 9 8
98 8 6
98 6 4
98 6 5
98 8 7
98 16 15
98 15 10
98 15 14
98 14 11
98 14 13
98 13 12
99 16 15
99 15 9
99 9 8
99 8 7
99 7 5
99 5 4
99 4 3
99 3 0
99 3 2
99 2 1
99 7 6
99 15 14
99 14 13
99 13 12
99 12 10
99 12 11
100 17 5
100 5 0
100 5 4
100 4 3
100 3 2
100 2 1
100 17 16
100 16 15
100 15 7
100 7 6
100 15 14
100 14 11
100 11 9
100 9 8
100 11 10
100 14 13
100 13 12
101 19 0
101 19 18
101 18 17
101 17 16
101 16 14
101 14 2
101 2 1
101 14 13
101 13 12
101 12 11
101 11 10
101 10 8
101 8 6
101 6 4
101 4 3
101 6 5
101 8 7
101 10 9
101 16 15
