1 18 17
1 17 2
1 2 1
1 1 0
1 17 16
1 16 14
1 14 13
1 13 6
1 6 4
1 4 3
1 6 5
1 13 12
1 12 7
1 12 11
1 11 10
1 10 8
1 10 9
1 16 15
2 16 14
2 14 0
2 14 13
2 13 12
2 12 11
2 11 9
2 9 8
2 8 4
2 4 3
2 3 1
2 3 2
2 8 7
2 7 5
2 7 6
2 11 10
2 16 15
3 15 14
3 14 13
3 13 5
3 5 0
3 5 4
3 4 1
3 4 3
3 3 2
3 13 12
3 12 7
3 7 6
3 12 11
3 11 8
3 11 10
3 10 9
4 18 0
4 18 17
4 17 16
4 16 15
4 15 14
4 14 5
4 5 4
4 4 3
4 3 1
4 3 2
4 14 13
4 13 12
4 12 6
4 12 11
4 11 9
4 9 8
4 8 7
4 11 10
5 14 4
5 4 1
5 1 0
5 4 3
5 3 2
5 14 13
5 13 10
5 10 9
5 9 8
5 8 7
5 7 5
5 7 6
5 13 12
5 12 11
6 17 10
6 10 5
6 5 4
6 4 3
6 3 2
6 2 0
6 2 1
6 10 9
6 9 6
6 9 8
6 8 7
6 17 16
6 16 15
6 15 14
6 14 11
6 14 13
6 13 12
7 15 4
7 4 2
7 2 0
7 2 1
7 4 3
7 15 14
7 14 5
7 14 13
7 13 6
7 13 12
7 12 7
7 12 11
7 11 8
7 11 10
7 10 9
8 14 0
8 14 13
8 13 12
8 12 11
8 11 10
8 10 9
8 9 4
8 4 2
8 2 1
8 4 3
8 9 8
8 8 5
8 8 7
8 7 6
9 18 17
9 17 5
9 5 0
9 5 4
9 4 3
9 3 1
9 3 2
9 17 16
9 16 10
9 10 6
9 10 9
9 9 7
9 9 8
9 16 15
9 15 13
9 13 11
9 13 12
9 15 14
10 17 16
10 16 7
10 7 0
10 7 6
10 6 5
10 5 4
10 4 2
10 2 1
10 4 3
10 16 15
10 15 14
10 14 13
10 13 9
10 9 8
10 13 12
10 12 11
10 11 10
11 17 16
11 16 15
11 15 14
11 14 13
11 13 12
11 12 9
11 9 7
11 7 4
11 4 0
11 4 3
11 3 1
11 3 2
11 7 6
11 6 5
11 9 8
11 12 11
11 11 10
12 17 2
12 2 0
12 2 1
12 17 16
12 16 13
12 13 12
12 12 11
12 11 10
12 10 5
12 5 4
12 4 3
12 10 9
12 9 7
12 7 6
12 9 8
12 16 15
12 15 14
13 18 17
13 17 0
13 17 16
13 16 12
13 12 10
13 10 9
13 9 8
13 8 6
13 6 2
13 2 1
13 6 5
13 5 3
13 5 4
13 8 7
13 12 11
13 16 15
13 15 14
13 14 13
14 16 15
14 15 14
14 14 11
14 11 10
14 10 2
14 2 1
14 1 0
14 10 9
14 9 7
14 7 5
14 5 4
14 4 3
14 7 6
14 9 8
14 14 13
14 13 12
15 15 14
15 14 13
15 13 1
15 1 0
15 13 12
15 12 8
15 8 5
15 5 4
15 4 2
15 4 3
15 8 7
15 7 6
15 12 11
15 11 9
15 11 10
16 14 3
16 3 2
16 2 1
16 1 0
16 14 13
16 13 5
16 5 4
16 13 12
16 12 6
16 12 11
16 11 7
16 11 10
16 10 8
16 10 9
17 14 3
17 3 2
17 2 1
17 1 0
17 14 13
17 13 4
17 13 12
17 12 10
17 10 9
17 9 7
17 7 6
17 6 5
17 9 8
17 12 11
18 16 15
18 15 9
18 9 8
18 8 0
18 8 7
18 7 5
18 5 3
18 3 2
18 2 1
18 5 4
18 7 6
18 15 14
18 14 11
18 11 10
18 14 13
18 13 12
19 19 17
19 17 14
19 14 12
19 12 10
19 10 1
19 1 0
19 10 9
19 9 8
19 8 3
19 3 2
19 8 7
19 7 5
19 5 4
19 7 6
19 12 11
19 14 13
19 17 16
19 16 15
19 19 18
20 17 15
20 15 12
20 12 7
20 7 0
20 7 6
20 6 5
20 5 3
20 3 2
20 2 1
20 5 4
20 12 11
20 11 10
20 10 9
20 9 8
20 15 14
20 14 13
20 17 16
21 18 1
21 1 0
21 18 17
21 17 15
21 15 13
21 13 12
21 12 2
21 12 11
21 11 7
21 7 6
21 6 3
21 6 5
21 5 4
21 11 10
21 10 8
21 10 9
21 15 14
21 17 16
22 16 15
22 15 13
22 13 12
22 12 3
22 3 1
22 1 0
22 3 2
22 12 11
22 11 10
22 10 4
22 10 9
22 9 8
22 8 6
22 6 5
22 8 7
22 15 14
23 17 3
23 3 0
23 3 2
23 2 1
23 17 16
23 16 15
23 15 14
23 14 12
23 12 8
23 8 7
23 7 6
23 6 5
23 5 4
23 12 11
23 11 9
23 11 10
23 14 13
24 19 18
24 18 0
24 18 17
24 17 2
24 2 1
24 17 16
24 16 3
24 16 15
24 15 8
24 8 7
24 7 6
24 6 4
24 6 5
24 15 14
24 14 13
24 13 9
24 13 12
24 12 10
24 12 11
25 17 0
25 17 16
25 16 15
25 15 14
25 14 12
25 12 1
25 12 11
25 11 2
25 11 10
25 10 9
25 9 4
25 4 3
25 9 8
25 8 7
25 7 5
25 7 6
25 14 13
26 17 7
26 7 3
26 3 0
26 3 2
26 2 1
26 7 6
26 6 4
26 6 5
26 17 16
26 16 15
26 15 14
26 14 8
26 14 13
26 13 10
26 10 9
26 13 12
26 12 11
27 16 0
27 16 15
27 15 14
27 14 5
27 5 1
27 5 4
27 4 3
27 3 2
27 14 13
27 13 12
27 12 10
27 10 9
27 9 8
27 8 6
27 8 7
27 12 11
28 15 2
28 2 1
28 1 0
28 15 14
28 14 11
28 11 10
28 10 9
28 9 3
28 9 8
28 8 6
28 6 4
28 6 5
28 8 7
28 14 13
28 13 12
29 15 2
29 2 1
29 1 0
29 15 14
29 14 13
29 13 12
29 12 10
29 10 7
29 7 5
29 5 3
29 5 4
29 7 6
29 10 9
29 9 8
29 12 11
30 15 14
30 14 13
30 13 12
30 12 11
30 11 10
30 10 9
30 9 7
30 7 0
30 7 6
30 6 1
30 6 5
30 5 4
30 4 2
30 4 3
30 9 8
31 16 14
31 14 0
31 14 13
31 13 11
31 11 10
31 10 9
31 9 8
31 8 5
31 5 4
31 4 2
31 2 1
31 4 3
31 8 7
31 7 6
31 13 12
31 16 15
32 16 2
32 2 1
32 1 0
32 16 15
32 15 14
32 14 12
32 12 9
32 9 7
32 7 5
32 5 3
32 5 4
32 7 6
32 9 8
32 12 11
32 11 10
32 14 13
33 18 17
33 17 16
33 16 14
33 14 13
33 13 10
33 10 9
33 9 7
33 7 3
33 3 1
33 1 0
33 3 2
33 7 6
33 6 4
33 6 5
33 9 8
33 13 12
33 12 11
33 16 15
34 14 0
34 14 13
34 13 11
34 11 8
34 8 7
34 7 1
34 7 6
34 6 5
34 5 4
34 4 3
34 3 2
34 11 10
34 10 9
34 13 12
35 15 13
35 13 12
35 12 11
35 11 10
35 10 7
35 7 4
35 4 2
35 2 1
35 1 0
35 4 3
35 7 6
35 6 5
35 10 9
35 9 8
35 15 14
36 18 17
36 17 0
36 17 16
36 16 1
36 16 15
36 15 11
36 11 2
36 11 10
36 10 5
36 5 4
36 4 3
36 10 9
36 9 8
36 8 6
36 8 7
36 15 14
36 14 13
36 13 12
37 14 12
37 12 10
37 10 8
37 8 1
37 1 0
37 8 7
37 7 2
37 7 6
37 6 5
37 5 3
37 5 4
37 10 9
37 12 11
37 14 13
38 19 13
38 13 1
38 1 0
38 13 12
38 12 11
38 11 10
38 10 8
38 8 7
38 7 3
38 3 2
38 7 6
38 6 4
38 6 5
38 10 9
38 19 18
38 18 17
38 17 16
38 16 14
38 16 15
39 16 15
39 15 13
39 13 4
39 4 2
39 2 1
39 1 0
39 4 3
39 13 12
39 12 5
39 12 11
39 11 10
39 10 9
39 9 8
39 8 7
39 7 6
39 15 14
40 14 2
40 2 1
40 1 0
40 14 13
40 13 12
40 12 9
40 9 8
40 8 7
40 7 6
40 6 4
40 4 3
40 6 5
40 12 11
40 11 10
41 14 13
41 13 0
41 13 12
41 12 11
41 11 3
41 3 2
41 2 1
41 11 10
41 10 4
41 10 9
41 9 5
41 9 8
41 8 7
41 7 6
42 14 13
42 13 2
42 2 0
42 2 1
42 13 12
42 12 6
42 6 5
42 5 3
42 5 4
42 12 11
42 11 9
42 9 8
42 8 7
42 11 10
43 14 13
43 13 11
43 11 7
43 7 5
43 5 2
43 2 0
43 2 1
43 5 4
43 4 3
43 7 6
43 11 10
43 10 9
43 9 8
43 13 12
44 17 15
44 15 13
44 13 11
44 11 0
44 11 10
44 10 9
44 9 8
44 8 4
44 4 3
44 3 2
44 2 1
44 8 7
44 7 5
44 7 6
44 13 12
44 15 14
44 17 16
45 19 5
45 5 0
45 5 4
45 4 2
45 2 1
45 4 3
45 19 18
45 18 17
45 17 16
45 16 8
45 8 7
45 7 6
45 16 15
45 15 11
45 11 10
45 10 9
45 15 14
45 14 12
45 14 13
46 14 12
46 12 0
46 12 11
46 11 5
46 5 1
46 5 4
46 4 2
46 4 3
46 11 10
46 10 9
46 9 6
46 9 8
46 8 7
46 14 13
47 16 12
47 12 10
47 10 0
47 10 9
47 9 7
47 7 6
47 6 3
47 3 1
47 3 2
47 6 5
47 5 4
47 9 8
47 12 11
47 16 15
47 15 14
47 14 13
48 14 11
48 11 10
48 10 1
48 1 0
48 10 9
48 9 8
48 8 4
48 4 2
48 4 3
48 8 7
48 7 6
48 6 5
48 14 13
48 13 12
49 18 17
49 17 16
49 16 15
49 15 13
49 13 12
49 12 10
49 10 0
49 10 9
49 9 7
49 7 1
49 7 6
49 6 4
49 4 2
49 4 3
49 6 5
49 9 8
49 12 11
49 15 14
50 14 13
50 13 5
50 5 4
50 4 0
50 4 3
50 3 2
50 2 1
50 13 12
50 12 11
50 11 10
50 10 9
50 9 8
50 8 7
50 7 6
51 15 13
51 13 12
51 12 10
51 10 9
51 9 8
51 8 7
51 7 0
51 7 6
51 6 1
51 6 5
51 5 4
51 4 3
51 3 2
51 12 11
51 15 14
52 19 17
52 17 5
52 5 2
52 2 1
52 1 0
52 5 4
52 4 3
52 17 16
52 16 7
52 7 6
52 16 15
52 15 12
52 12 8
52 12 11
52 11 10
52 10 9
52 15 14
52 14 13
52 19 18
53 16 15
53 15 14
53 14 2
53 2 0
53 2 1
53 14 13
53 13 12
53 12 11
53 11 8
53 8 7
53 7 3
53 7 6
53 6 4
53 6 5
53 11 10
53 10 9
54 15 14
54 14 13
54 13 12
54 12 10
54 10 8
54 8 3
54 3 1
54 1 0
54 3 2
54 8 7
54 7 5
54 5 4
54 7 6
54 10 9
54 12 11
55 15 9
55 9 8
55 8 7
55 7 2
55 2 1
55 1 0
55 7 6
55 6 4
55 4 3
55 6 5
55 15 14
55 14 11
55 11 10
55 14 13
55 13 12
56 17 11
56 11 1
56 1 0
56 11 10
56 10 8
56 8 7
56 7 2
56 7 6
56 6 4
56 4 3
56 6 5
56 10 9
56 17 16
56 16 15
56 15 14
56 14 12
56 14 13
57 16 15
57 15 5
57 5 4
57 4 3
57 3 1
57 1 0
57 3 2
57 15 14
57 14 13
57 13 12
57 12 9
57 9 8
57 8 6
57 8 7
57 12 11
57 11 10
58 15 0
58 15 14
58 14 13
58 13 4
58 4 1
58 4 3
58 3 2
58 13 12
58 12 5
58 12 11
58 11 9
58 9 6
58 9 8
58 8 7
58 11 10
59 16 15
59 15 0
59 15 14
59 14 4
59 4 3
59 3 2
59 2 1
59 14 13
59 13 7
59 7 5
59 7 6
59 13 12
59 12 10
59 10 8
59 10 9
59 12 11
60 17 4
60 4 3
60 3 0
60 3 2
60 2 1
60 17 16
60 16 15
60 15 8
60 8 6
60 6 5
60 8 7
60 15 14
60 14 12
60 12 11
60 11 9
60 11 10
60 14 13
61 15 0
61 15 14
61 14 13
61 13 11
61 11 3
61 3 1
61 3 2
61 11 10
61 10 9
61 9 8
61 8 7
61 7 6
61 6 4
61 6 5
61 13 12
62 15 13
62 13 1
62 1 0
62 13 12
62 12 11
62 11 6
62 6 2
62 6 5
62 5 4
62 4 3
62 11 10
62 10 7
62 10 9
62 9 8
62 15 14
63 19 16
63 16 15
63 15 14
63 14 13
63 13 12
63 12 10
63 10 0
63 10 9
63 9 8
63 8 6
63 6 1
63 6 5
63 5 4
63 4 2
63 4 3
63 8 7
63 12 11
63 19 18
63 18 17
64 15 14
64 14 13
64 13 12
64 12 11
64 11 10
64 10 6
64 6 2
64 2 0
64 2 1
64 6 5
64 5 3
64 5 4
64 10 9
64 9 8
64 8 7
65 14 12
65 12 0
65 12 11
65 11 10
65 10 9
65 9 5
65 5 4
65 4 3
65 3 1
65 3 2
65 9 8
65 8 7
65 7 6
65 14 13
66 17 14
66 14 0
66 14 13
66 13 8
66 8 3
66 3 1
66 3 2
66 8 7
66 7 6
66 6 4
66 6 5
66 13 12
66 12 11
66 11 9
66 11 10
66 17 16
66 16 15
67 16 5
67 5 2
67 2 1
67 1 0
67 5 4
67 4 3
67 16 15
67 15 11
67 11 10
67 10 9
67 9 8
67 8 6
67 8 7
67 15 14
67 14 12
67 14 13
68 17 16
68 16 15
68 15 14
68 14 13
68 13 12
68 12 0
68 12 11
68 11 1
68 11 10
68 10 6
68 6 2
68 6 5
68 5 4
68 4 3
68 10 9
68 9 7
68 9 8
69 14 5
69 5 1
69 1 0
69 5 4
69 4 2
69 4 3
69 14 13
69 13 7
69 7 6
69 13 12
69 12 11
69 11 8
69 11 10
69 10 9
70 17 1
70 1 0
70 17 16
70 16 15
70 15 5
70 5 2
70 5 4
70 4 3
70 15 14
70 14 13
70 13 11
70 11 10
70 10 6
70 10 9
70 9 8
70 8 7
70 13 12
71 17 16
71 16 15
71 15 14
71 14 9
71 9 8
71 8 7
71 7 6
71 6 4
71 4 0
71 4 3
71 3 1
71 3 2
71 6 5
71 14 13
71 13 11
71 11 10
71 13 12
72 15 4
72 4 2
72 2 0
72 2 1
72 4 3
72 15 14
72 14 6
72 6 5
72 14 13
72 13 12
72 12 10
72 10 8
72 8 7
72 10 9
72 12 11
73 17 14
73 14 0
73 14 13
73 13 1
73 13 12
73 12 10
73 10 6
73 6 4
73 4 3
73 3 2
73 6 5
73 10 9
73 9 7
73 9 8
73 12 11
73 17 16
73 16 15
74 18 0
74 18 17
74 17 15
74 15 2
74 2 1
74 15 14
74 14 13
74 13 6
74 6 5
74 5 3
74 5 4
74 13 12
74 12 11
74 11 10
74 10 7
74 10 9
74 9 8
74 17 16
75 14 6
75 6 4
75 4 0
75 4 3
75 3 1
75 3 2
75 6 5
75 14 13
75 13 7
75 13 12
75 12 11
75 11 10
75 10 9
75 9 8
76 19 18
76 18 17
76 17 16
76 16 10
76 10 0
76 10 9
76 9 5
76 5 2
76 2 1
76 5 4
76 4 3
76 9 8
76 8 6
76 8 7
76 16 15
76 15 11
76 15 14
76 14 12
76 14 13
77 14 12
77 12 8
77 8 6
77 6 1
77 1 0
77 6 5
77 5 3
77 3 2
77 5 4
77 8 7
77 12 11
77 11 10
77 10 9
77 14 13
78 14 1
78 1 0
78 14 13
78 13 2
78 13 12
78 12 3
78 12 11
78 11 8
78 8 7
78 7 5
78 5 4
78 7 6
78 11 10
78 10 9
79 18 0
79 18 17
79 17 16
79 16 12
79 12 11
79 11 10
79 10 9
79 9 8
79 8 1
79 8 7
79 7 6
79 6 5
79 5 4
79 4 2
79 4 3
79 16 15
79 15 14
79 14 13
80 14 13
80 13 11
80 11 8
80 8 4
80 4 0
80 4 3
80 3 2
80 2 1
80 8 7
80 7 6
80 6 5
80 11 10
80 10 9
80 13 12
81 15 2
81 2 0
81 2 1
81 15 14
81 14 13
81 13 7
81 7 4
81 4 3
81 7 6
81 6 5
81 13 12
81 12 11
81 11 10
81 10 8
81 10 9
82 18 11
82 11 7
82 7 2
82 2 0
82 2 1
82 7 6
82 6 4
82 4 3
82 6 5
82 11 10
82 10 9
82 9 8
82 18 17
82 17 14
82 14 12
82 14 13
82 17 16
82 16 15
83 15 14
83 14 13
83 13 12
83 12 7
83 7 2
83 2 1
83 1 0
83 7 6
83 6 5
83 5 3
83 5 4
83 12 11
83 11 8
83 11 10
83 10 9
84 15 13
84 13 12
84 12 10
84 10 6
84 6 5
84 5 0
84 5 4
84 4 2
84 2 1
84 4 3
84 10 9
84 9 8
84 8 7
84 12 11
84 15 14
85 14 1
85 1 0
85 14 13
85 13 12
85 12 11
85 11 2
85 11 10
85 10 6
85 6 4
85 4 3
85 6 5
85 10 9
85 9 8
85 8 7
86 15 10
86 10 9
86 9 7
86 7 3
86 3 2
86 2 0
86 2 1
86 7 6
86 6 5
86 5 4
86 9 8
86 15 14
86 14 13
86 13 11
86 13 12
87 18 15
87 15 14
87 14 3
87 3 2
87 2 0
87 2 1
87 14 13
87 13 12
87 12 10
87 10 4
87 10 9
87 9 8
87 8 7
87 7 6
87 6 5
87 12 11
87 18 17
87 17 16
88 15 14
88 14 13
88 13 5
88 5 0
88 5 4
88 4 1
88 4 3
88 3 2
88 13 12
88 12 7
88 7 6
88 12 11
88 11 8
88 11 10
88 10 9
89 18 17
89 17 0
89 17 16
89 16 14
89 14 3
89 3 1
89 3 2
89 14 13
89 13 7
89 7 6
89 6 5
89 5 4
89 13 12
89 12 10
89 10 8
89 10 9
89 12 11
89 16 15
90 18 11
90 11 0
90 11 10
90 10 9
90 9 1
90 9 8
90 8 7
90 7 2
90 7 6
90 6 5
90 5 3
90 5 4
90 18 17
90 17 12
90 17 16
90 16 14
90 14 13
90 16 15
91 17 13
91 13 12
91 12 9
91 9 8
91 8 6
91 6 5
91 5 4
91 4 3
91 3 2
91 2 0
91 2 1
91 8 7
91 12 11
91 11 10
91 17 16
91 16 15
91 15 14
92 18 4
92 4 0
92 4 3
92 3 2
92 2 1
92 18 17
92 17 14
92 14 8
92 8 6
92 6 5
92 8 7
92 14 13
92 13 10
92 10 9
92 13 12
92 12 11
92 17 16
92 16 15
93 18 14
93 14 13
93 13 0
93 13 12
93 12 11
93 11 6
93 6 4
93 4 1
93 4 3
93 3 2
93 6 5
93 11 10
93 10 7
93 10 9
93 9 8
93 18 17
93 17 15
93 17 16
94 18 16
94 16 6
94 6 5
94 5 0
94 5 4
94 4 3
94 3 2
94 2 1
94 16 15
94 15 14
94 14 7
94 14 13
94 13 12
94 12 8
94 12 11
94 11 9
94 11 10
94 18 17
95 15 6
95 6 4
95 4 0
95 4 3
95 3 2
95 2 1
95 6 5
95 15 14
95 14 13
95 13 12
95 12 9
95 9 7
95 9 8
95 12 11
95 11 10
96 14 13
96 13 4
96 4 2
96 2 0
96 2 1
96 4 3
96 13 12
96 12 10
96 10 5
96 10 9
96 9 8
96 8 7
96 7 6
96 12 11
97 17 16
97 16 0
97 16 15
97 15 14
97 14 13
97 13 12
97 12 9
97 9 3
97 3 2
97 2 1
97 9 8
97 8 4
97 8 7
97 7 6
97 6 5
97 12 11
97 11 10
98 15 14
98 14 12
98 12 11
98 11 10
98 10 0
98 10 9
98 9 8
98 8 7
98 7 1
98 7 6
98 6 4
98 4 3
98 3 2
98 6 5
98 14 13
99 15 0
99 15 14
99 14 13
99 13 10
99 10 9
99 9 8
99 8 2
99 2 1
99 8 7
99 7 5
99 5 4
99 4 3
99 7 6
99 13 12
99 12 11
100 14 13
100 13 0
100 13 12
100 12 8
100 8 7
100 7 2
100 2 1
100 7 6
100 6 4
100 4 3
100 6 5
100 12 11
100 11 9
100 11 10
101 15 8
101 8 1
101 1 0
101 8 7
101 7 3
101 3 2
101 7 6
101 6 5
101 5 4
101 15 14
101 14 12
101 12 11
101 11 9
101 11 10
101 14 13
