1 17 16
1 16 15
1 15 8
1 8 0
1 8 7
1 7 6
1 6 5
1 5 1
1 5 4
1 4 2
1 4 3
1 15 14
1 14 12
1 12 10
1 10 9
1 12 11
1 14 13
2 16 12
2 12 11
2 11 10
2 10 0
2 10 9
2 9 5
2 5 1
2 5 4
2 4 2
2 4 3
2 9 8
2 8 7
2 7 6
2 16 15
2 15 14
2 14 13
3 15 10
3 10 0
3 10 9
3 9 1
3 9 8
3 8 7
3 7 6
3 6 3
3 3 2
3 6 5
3 5 4
3 15 14
3 14 12
3 12 11
3 14 13
4 15 4
4 4 3
4 3 0
4 3 2
4 2 1
4 15 14
4 14 12
4 12 6
4 6 5
4 12 11
4 11 10
4 10 7
4 10 9
4 9 8
4 14 13
5 14 8
5 8 1
5 1 0
5 8 7
5 7 5
5 5 3
5 3 2
5 5 4
5 7 6
5 14 13
5 13 10
5 10 9
5 13 12
5 12 11
6 17 15
6 15 11
6 11 10
6 10 8
6 8 6
6 6 5
6 5 3
6 3 2
6 2 1
6 1 0
6 5 4
6 8 7
6 10 9
6 15 14
6 14 12
6 14 13
6 17 16
7 14 11
7 11 10
7 10 9
7 9 0
7 9 8
7 8 5
7 5 4
7 4 1
7 4 3
7 3 2
7 8 7
7 7 6
7 14 13
7 13 12
8 19 8
8 8 7
8 7 5
8 5 0
8 5 4
8 4 1
8 4 3
8 3 2
8 7 6
8 19 18
8 18 9
8 18 17
8 17 16
8 16 15
8 15 14
8 14 13
8 13 10
8 13 12
8 12 11
9 14 0
9 14 13
9 13 12
9 12 11
9 11 9
9 9 6
9 6 4
9 4 3
9 3 1
9 3 2
9 6 5
9 9 8
9 8 7
9 11 10
10 19 16
10 16 2
10 2 0
10 2 1
10 16 15
10 15 14
10 14 3
10 14 13
10 13 6
10 6 5
10 5 4
10 13 12
10 12 7
10 12 11
10 11 10
10 10 8
10 10 9
10 19 18
10 18 17
11 19 18
11 18 17
11 17 8
11 8 0
11 8 7
11 7 6
11 6 5
11 5 4
11 4 2
11 2 1
11 4 3
11 17 16
11 16 15
11 15 10
11 10 9
11 15 14
11 14 13
11 13 12
11 12 11
12 17 16
12 16 15
12 15 4
12 4 3
12 3 2
12 2 1
12 1 0
12 15 14
12 14 7
12 7 6
12 6 5
12 14 13
12 13 11
12 11 10
12 10 9
12 9 8
12 13 12
13 14 13
13 13 12
13 12 1
13 1 0
13 12 11
13 11 10
13 10 8
13 8 7
13 7 6
13 6 2
13 6 5
13 5 4
13 4 3
13 10 9
14 15 13
14 13 12
14 12 11
14 11 3
14 3 2
14 2 1
14 1 0
14 11 10
14 10 9
14 9 4
14 9 8
14 8 7
14 7 6
14 6 5
14 15 14
15 17 16
15 16 15
15 15 0
15 15 14
15 14 11
15 11 10
15 10 9
15 9 8
15 8 1
15 8 7
15 7 6
15 6 5
15 5 3
15 3 2
15 5 4
15 14 13
15 13 12
16 17 13
16 13 12
16 12 7
16 7 6
16 6 4
16 4 3
16 3 1
16 1 0
16 3 2
16 6 5
16 12 11
16 11 10
16 10 9
16 9 8
16 17 16
16 16 14
16 16 15
17 17 3
17 3 2
17 2 0
17 2 1
17 17 16
17 16 15
17 15 11
17 11 4
17 11 10
17 10 8
17 8 6
17 6 5
17 8 7
17 10 9
17 15 14
17 14 13
17 13 12
18 18 16
18 16 15
18 15 0
18 15 14
18 14 2
18 2 1
18 14 13
18 13 4
18 4 3
18 13 12
18 12 10
18 10 7
18 7 5
18 7 6
18 10 9
18 9 8
18 12 11
18 18 17
19 14 0
19 14 13
19 13 5
19 5 4
19 4 1
19 4 3
19 3 2
19 13 12
19 12 10
19 10 7
19 7 6
19 10 9
19 9 8
19 12 11
20 18 0
20 18 17
20 17 16
20 16 15
20 15 2
20 2 1
20 15 14
20 14 12
20 12 3
20 12 11
20 11 9
20 9 5
20 5 4
20 9 8
20 8 7
20 7 6
20 11 10
20 14 13
21 19 18
21 18 7
21 7 4
21 4 0
21 4 3
21 3 2
21 2 1
21 7 6
21 6 5
21 18 17
21 17 16
21 16 8
21 16 15
21 15 12
21 12 11
21 11 10
21 10 9
21 15 14
21 14 13
22 16 0
22 16 15
22 15 3
22 3 1
22 3 2
22 15 14
22 14 13
22 13 12
22 12 11
22 11 9
22 9 7
22 7 4
22 7 6
22 6 5
22 9 8
22 11 10
23 14 0
23 14 13
23 13 1
23 13 12
23 12 2
23 12 11
23 11 10
23 10 9
23 9 8
23 8 7
23 7 6
23 6 4
23 4 3
23 6 5
24 17 16
24 16 3
24 3 1
24 1 0
24 3 2
24 16 15
24 15 4
24 15 14
24 14 13
24 13 10
24 10 6
24 6 5
24 10 9
24 9 8
24 8 7
24 13 12
24 12 11
25 14 12
25 12 3
25 3 1
25 1 0
25 3 2
25 12 11
25 11 7
25 7 5
25 5 4
25 7 6
25 11 10
25 10 8
25 10 9
25 14 13
26 18 2
26 2 1
26 1 0
26 18 17
26 17 4
26 4 3
26 17 16
26 16 15
26 15 10
26 10 5
26 10 9
26 9 7
26 7 6
26 9 8
26 15 14
26 14 13
26 13 12
26 12 11
27 15 8
27 8 6
27 6 4
27 4 2
27 2 1
27 1 0
27 4 3
27 6 5
27 8 7
27 15 14
27 14 12
27 12 11
27 11 9
27 11 10
27 14 13
28 14 13
28 13 12
28 12 4
28 4 2
28 2 0
28 2 1
28 4 3
28 12 11
28 11 9
28 9 7
28 7 6
28 6 5
28 9 8
28 11 10
29 16 9
29 9 8
29 8 7
29 7 4
29 4 2
29 2 1
29 1 0
29 4 3
29 7 6
29 6 5
29 16 15
29 15 10
29 15 14
29 14 13
29 13 12
29 12 11
30 18 0
30 18 17
30 17 16
30 16 15
30 15 1
30 15 14
30 14 2
30 14 13
30 13 3
30 13 12
30 12 10
30 10 7
30 7 6
30 6 4
30 6 5
30 10 9
30 9 8
30 12 11
31 14 11
31 11 0
31 11 10
31 10 9
31 9 1
31 9 8
31 8 2
31 8 7
31 7 6
31 6 4
31 4 3
31 6 5
31 14 13
31 13 12
32 14 13
32 13 12
32 12 11
32 11 0
32 11 10
32 10 9
32 9 2
32 2 1
32 9 8
32 8 3
32 8 7
32 7 5
32 5 4
32 7 6
33 14 13
33 13 7
33 7 6
33 6 5
33 5 4
33 4 3
33 3 2
33 2 1
33 1 0
33 13 12
33 12 11
33 11 10
33 10 8
33 10 9
34 15 13
34 13 4
34 4 1
34 1 0
34 4 3
34 3 2
34 13 12
34 12 11
34 11 5
34 11 10
34 10 8
34 8 7
34 7 6
34 10 9
34 15 14
35 16 15
35 15 13
35 13 12
35 12 0
35 12 11
35 11 2
35 2 1
35 11 10
35 10 8
35 8 6
35 6 5
35 5 4
35 4 3
35 8 7
35 10 9
35 15 14
36 17 16
36 16 3
36 3 1
36 1 0
36 3 2
36 16 15
36 15 4
36 15 14
36 14 13
36 13 7
36 7 6
36 6 5
36 13 12
36 12 11
36 11 9
36 9 8
36 11 10
37 16 0
37 16 15
37 15 14
37 14 13
37 13 8
37 8 1
37 8 7
37 7 6
37 6 5
37 5 4
37 4 3
37 3 2
37 13 12
37 12 10
37 10 9
37 12 11
38 18 1
38 1 0
38 18 17
38 17 15
38 15 5
38 5 4
38 4 3
38 3 2
38 15 14
38 14 12
38 12 11
38 11 10
38 10 6
38 10 9
38 9 8
38 8 7
38 14 13
38 17 16
39 16 3
39 3 0
39 3 2
39 2 1
39 16 15
39 15 14
39 14 4
39 14 13
39 13 6
39 6 5
39 13 12
39 12 7
39 12 11
39 11 10
39 10 9
39 9 8
40 15 11
40 11 1
40 1 0
40 11 10
40 10 2
40 10 9
40 9 7
40 7 5
40 5 3
40 5 4
40 7 6
40 9 8
40 15 14
40 14 13
40 13 12
41 19 18
41 18 3
41 3 2
41 2 1
41 1 0
41 18 17
41 17 16
41 16 12
41 12 8
41 8 4
41 8 7
41 7 6
41 6 5
41 12 11
41 11 9
41 11 10
41 16 15
41 15 13
41 15 14
42 14 12
42 12 2
42 2 1
42 1 0
42 12 11
42 11 9
42 9 8
42 8 7
42 7 5
42 5 4
42 4 3
42 7 6
42 11 10
42 14 13
43 15 0
43 15 14
43 14 4
43 4 3
43 3 1
43 3 2
43 14 13
43 13 11
43 11 5
43 11 10
43 10 6
43 10 9
43 9 8
43 8 7
43 13 12
44 16 14
44 14 11
44 11 9
44 9 8
44 8 7
44 7 1
44 1 0
44 7 6
44 6 4
44 4 2
44 4 3
44 6 5
44 11 10
44 14 13
44 13 12
44 16 15
45 18 17
45 17 16
45 16 2
45 2 1
45 1 0
45 16 15
45 15 14
45 14 6
45 6 3
45 6 5
45 5 4
45 14 13
45 13 7
45 13 12
45 12 11
45 11 8
45 11 10
45 10 9
46 14 13
46 13 7
46 7 1
46 1 0
46 7 6
46 6 5
46 5 3
46 3 2
46 5 4
46 13 12
46 12 8
46 12 11
46 11 9
46 11 10
47 16 0
47 16 15
47 15 13
47 13 12
47 12 1
47 12 11
47 11 9
47 9 8
47 8 7
47 7 6
47 6 4
47 4 2
47 4 3
47 6 5
47 11 10
47 15 14
48 19 1
48 1 0
48 19 18
48 18 17
48 17 15
48 15 8
48 8 7
48 7 3
48 3 2
48 7 6
48 6 4
48 6 5
48 15 14
48 14 12
48 12 9
48 12 11
48 11 10
48 14 13
48 17 16
49 15 14
49 14 9
49 9 7
49 7 0
49 7 6
49 6 2
49 2 1
49 6 5
49 5 3
49 5 4
49 9 8
49 14 13
49 13 10
49 13 12
49 12 11
50 18 16
50 16 15
50 15 13
50 13 8
50 8 5
50 5 0
50 5 4
50 4 3
50 3 1
50 3 2
50 8 7
50 7 6
50 13 12
50 12 9
50 12 11
50 11 10
50 15 14
50 18 17
51 18 14
51 14 12
51 12 6
51 6 5
51 5 0
51 5 4
51 4 2
51 2 1
51 4 3
51 12 11
51 11 10
51 10 9
51 9 7
51 9 8
51 14 13
51 18 17
51 17 16
51 16 15
52 16 15
52 15 0
52 15 14
52 14 13
52 13 12
52 12 4
52 4 3
52 3 2
52 2 1
52 12 11
52 11 10
52 10 9
52 9 8
52 8 7
52 7 6
52 6 5
53 17 1
53 1 0
53 17 16
53 16 15
53 15 13
53 13 4
53 4 3
53 3 2
53 13 12
53 12 11
53 11 5
53 11 10
53 10 7
53 7 6
53 10 9
53 9 8
53 15 14
54 14 10
54 10 9
54 9 0
54 9 8
54 8 7
54 7 6
54 6 3
54 3 1
54 3 2
54 6 5
54 5 4
54 14 13
54 13 12
54 12 11
55 15 13
55 13 7
55 7 6
55 6 0
55 6 5
55 5 1
55 5 4
55 4 3
55 3 2
55 13 12
55 12 11
55 11 10
55 10 9
55 9 8
55 15 14
56 14 13
56 13 12
56 12 0
56 12 11
56 11 4
56 4 2
56 2 1
56 4 3
56 11 10
56 10 9
56 9 7
56 7 5
56 7 6
56 9 8
57 17 11
57 11 6
57 6 0
57 6 5
57 5 4
57 4 3
57 3 2
57 2 1
57 11 10
57 10 9
57 9 8
57 8 7
57 17 16
57 16 14
57 14 12
57 14 13
57 16 15
58 14 13
58 13 0
58 13 12
58 12 11
58 11 1
58 11 10
58 10 9
58 9 8
58 8 3
58 3 2
58 8 7
58 7 4
58 7 6
58 6 5
59 18 17
59 17 0
59 17 16
59 16 2
59 2 1
59 16 15
59 15 6
59 6 5
59 5 3
59 5 4
59 15 14
59 14 13
59 13 7
59 13 12
59 12 11
59 11 9
59 9 8
59 11 10
60 19 1
60 1 0
60 19 18
60 18 14
60 14 13
60 13 11
60 11 7
60 7 6
60 6 2
60 6 5
60 5 4
60 4 3
60 11 10
60 10 9
60 9 8
60 13 12
60 18 17
60 17 16
60 16 15
61 14 13
61 13 7
61 7 2
61 2 1
61 1 0
61 7 6
61 6 5
61 5 3
61 5 4
61 13 12
61 12 11
61 11 10
61 10 9
61 9 8
62 15 14
62 14 1
62 1 0
62 14 13
62 13 2
62 13 12
62 12 11
62 11 9
62 9 8
62 8 5
62 5 3
62 5 4
62 8 7
62 7 6
62 11 10
63 15 0
63 15 14
63 14 2
63 2 1
63 14 13
63 13 5
63 5 3
63 5 4
63 13 12
63 12 11
63 11 9
63 9 7
63 7 6
63 9 8
63 11 10
64 15 2
64 2 1
64 1 0
64 15 14
64 14 3
64 14 13
64 13 5
64 5 4
64 13 12
64 12 9
64 9 8
64 8 6
64 8 7
64 12 11
64 11 10
65 17 9
65 9 4
65 4 3
65 3 0
65 3 2
65 2 1
65 9 8
65 8 6
65 6 5
65 8 7
65 17 16
65 16 15
65 15 12
65 12 11
65 11 10
65 15 14
65 14 13
66 15 8
66 8 7
66 7 6
66 6 3
66 3 1
66 1 0
66 3 2
66 6 5
66 5 4
66 15 14
66 14 11
66 11 9
66 11 10
66 14 13
66 13 12
67 18 17
67 17 4
67 4 0
67 4 3
67 3 2
67 2 1
67 17 16
67 16 15
67 15 11
67 11 10
67 10 9
67 9 8
67 8 6
67 6 5
67 8 7
67 15 14
67 14 13
67 13 12
68 17 9
68 9 8
68 8 2
68 2 0
68 2 1
68 8 7
68 7 6
68 6 4
68 4 3
68 6 5
68 17 16
68 16 15
68 15 12
68 12 11
68 11 10
68 15 14
68 14 13
69 18 17
69 17 15
69 15 14
69 14 13
69 13 11
69 11 10
69 10 9
69 9 8
69 8 6
69 6 0
69 6 5
69 5 4
69 4 2
69 2 1
69 4 3
69 8 7
69 13 12
69 17 16
70 14 13
70 13 12
70 12 11
70 11 0
70 11 10
70 10 8
70 8 6
70 6 4
70 4 1
70 4 3
70 3 2
70 6 5
70 8 7
70 10 9
71 14 5
71 5 0
71 5 4
71 4 1
71 4 3
71 3 2
71 14 13
71 13 9
71 9 8
71 8 7
71 7 6
71 13 12
71 12 10
71 12 11
72 14 13
72 13 12
72 12 2
72 2 1
72 1 0
72 12 11
72 11 8
72 8 5
72 5 3
72 5 4
72 8 7
72 7 6
72 11 10
72 10 9
73 18 17
73 17 16
73 16 12
73 12 11
73 11 10
73 10 9
73 9 8
73 8 7
73 7 6
73 6 0
73 6 5
73 5 4
73 4 2
73 2 1
73 4 3
73 16 15
73 15 14
73 14 13
74 17 0
74 17 16
74 16 15
74 15 4
74 4 3
74 3 1
74 3 2
74 15 14
74 14 5
74 14 13
74 13 11
74 11 10
74 10 7
74 7 6
74 10 9
74 9 8
74 13 12
75 16 1
75 1 0
75 16 15
75 15 14
75 14 13
75 13 12
75 12 10
75 10 9
75 9 4
75 4 3
75 3 2
75 9 8
75 8 6
75 6 5
75 8 7
75 12 11
76 16 5
76 5 0
76 5 4
76 4 2
76 2 1
76 4 3
76 16 15
76 15 14
76 14 13
76 13 6
76 13 12
76 12 10
76 10 9
76 9 8
76 8 7
76 12 11
77 18 8
77 8 7
77 7 6
77 6 0
77 6 5
77 5 4
77 4 2
77 2 1
77 4 3
77 18 17
77 17 13
77 13 11
77 11 9
77 11 10
77 13 12
77 17 16
77 16 15
77 15 14
78 17 14
78 14 5
78 5 0
78 5 4
78 4 3
78 3 2
78 2 1
78 14 13
78 13 9
78 9 8
78 8 7
78 7 6
78 13 12
78 12 11
78 11 10
78 17 16
78 16 15
79 15 13
79 13 12
79 12 11
79 11 10
79 10 9
79 9 6
79 6 5
79 5 3
79 3 0
79 3 2
79 2 1
79 5 4
79 9 8
79 8 7
79 15 14
80 15 14
80 14 12
80 12 11
80 11 10
80 10 8
80 8 2
80 2 1
80 1 0
80 8 7
80 7 4
80 4 3
80 7 6
80 6 5
80 10 9
80 14 13
81 18 9
81 9 5
81 5 0
81 5 4
81 4 1
81 4 3
81 3 2
81 9 8
81 8 7
81 7 6
81 18 17
81 17 13
81 13 12
81 12 10
81 12 11
81 17 16
81 16 14
81 16 15
82 19 18
82 18 15
82 15 0
82 15 14
82 14 2
82 2 1
82 14 13
82 13 6
82 6 5
82 5 3
82 5 4
82 13 12
82 12 10
82 10 9
82 9 7
82 9 8
82 12 11
82 18 17
82 17 16
83 17 15
83 15 14
83 14 0
83 14 13
83 13 10
83 10 9
83 9 1
83 9 8
83 8 6
83 6 5
83 5 3
83 3 2
83 5 4
83 8 7
83 13 12
83 12 11
83 17 16
84 16 15
84 15 12
84 12 11
84 11 10
84 10 1
84 1 0
84 10 9
84 9 2
84 9 8
84 8 7
84 7 5
84 5 3
84 5 4
84 7 6
84 15 14
84 14 13
85 18 17
85 17 16
85 16 2
85 2 0
85 2 1
85 16 15
85 15 10
85 10 6
85 6 4
85 4 3
85 6 5
85 10 9
85 9 7
85 9 8
85 15 14
85 14 12
85 12 11
85 14 13
86 19 3
86 3 2
86 2 0
86 2 1
86 19 18
86 18 17
86 17 4
86 17 16
86 16 14
86 14 5
86 14 13
86 13 12
86 12 10
86 10 7
86 7 6
86 10 9
86 9 8
86 12 11
86 16 15
87 14 4
87 4 3
87 3 1
87 1 0
87 3 2
87 14 13
87 13 5
87 13 12
87 12 8
87 8 6
87 8 7
87 12 11
87 11 9
87 11 10
88 17 2
88 2 0
88 2 1
88 17 16
88 16 4
88 4 3
88 16 15
88 15 5
88 15 14
88 14 13
88 13 12
88 12 7
88 7 6
88 12 11
88 11 8
88 11 10
88 10 9
89 15 0
89 15 14
89 14 13
89 13 7
89 7 6
89 6 5
89 5 4
89 4 1
89 4 3
89 3 2
89 13 12
89 12 11
89 11 8
89 11 10
89 10 9
90 14 13
90 13 9
90 9 7
90 7 0
90 7 6
90 6 4
90 4 3
90 3 1
90 3 2
90 6 5
90 9 8
90 13 12
90 12 11
90 11 10
91 14 0
91 14 13
91 13 7
91 7 5
91 5 4
91 4 1
91 4 3
91 3 2
91 7 6
91 13 12
91 12 11
91 11 8
91 11 10
91 10 9
92 17 14
92 14 1
92 1 0
92 14 13
92 13 12
92 12 11
92 11 10
92 10 6
92 6 5
92 5 2
92 5 4
92 4 3
92 10 9
92 9 8
92 8 7
92 17 16
92 16 15
93 17 15
93 15 0
93 15 14
93 14 6
93 6 5
93 5 4
93 4 2
93 2 1
93 4 3
93 14 13
93 13 12
93 12 8
93 8 7
93 12 11
93 11 10
93 10 9
93 17 16
94 14 13
94 13 11
94 11 0
94 11 10
94 10 8
94 8 1
94 8 7
94 7 6
94 6 5
94 5 4
94 4 2
94 4 3
94 10 9
94 13 12
95 15 11
95 11 10
95 10 9
95 9 8
95 8 3
95 3 0
95 3 2
95 2 1
95 8 7
95 7 5
95 5 4
95 7 6
95 15 14
95 14 13
95 13 12
96 17 0
96 17 16
96 16 15
96 15 14
96 14 1
96 14 13
96 13 2
96 13 12
96 12 4
96 4 3
96 12 11
96 11 10
96 10 5
96 10 9
96 9 6
96 9 8
96 8 7
97 17 16
97 16 14
97 14 2
97 2 0
97 2 1
97 14 13
97 13 5
97 5 3
97 5 4
97 13 12
97 12 11
97 11 6
97 11 10
97 10 7
97 10 9
97 9 8
97 16 15
98 16 15
98 15 14
98 14 1
98 1 0
98 14 13
98 13 9
98 9 2
98 9 8
98 8 3
98 8 7
98 7 4
98 7 6
98 6 5
98 13 12
98 12 10
98 12 11
99 14 1
99 1 0
99 14 13
99 13 2
99 13 12
99 12 11
99 11 9
99 9 7
99 7 5
99 5 4
99 4 3
99 7 6
99 9 8
99 11 10
100 15 14
100 14 13
100 13 7
100 7 6
100 6 5
100 5 0
100 5 4
100 4 1
100 4 3
100 3 2
100 13 12
100 12 8
100 12 11
100 11 9
100 11 10
101 17 15
101 15 14
101 14 0
101 14 13
101 13 12
101 12 6
101 6 1
101 6 5
101 5 4
101 4 3
101 3 2
101 12 11
101 11 10
101 10 7
101 10 9
101 9 8
101 17 16
