1 14 6
1 6 4
1 4 3
1 3 2
1 2 1
1 1 0
1 6 5
1 14 13
1 13 12
1 12 11
1 11 7
1 11 10
1 10 8
1 10 9
2 15 14
2 14 12
2 12 11
2 11 0
2 11 10
2 10 9
2 9 5
2 5 4
2 4 2
2 2 1
2 4 3
2 9 8
2 8 6
2 8 7
2 14 13
3 19 18
3 18 0
3 18 17
3 17 16
3 16 6
3 6 5
3 5 4
3 4 3
3 3 1
3 3 2
3 16 15
3 15 13
3 13 9
3 9 7
3 9 8
3 13 12
3 12 10
3 12 11
3 15 14
4 17 14
4 14 12
4 12 0
4 12 11
4 11 10
4 10 7
4 7 2
4 2 1
4 7 6
4 6 3
4 6 5
4 5 4
4 10 9
4 9 8
4 14 13
4 17 16
4 16 15
5 16 0
5 16 15
5 15 14
5 14 13
5 13 12
5 12 10
5 10 4
5 4 2
5 2 1
5 4 3
5 10 9
5 9 8
5 8 5
5 8 7
5 7 6
5 12 11
6 14 12
6 12 3
6 3 2
6 2 1
6 1 0
6 12 11
6 11 9
6 9 4
6 9 8
6 8 7
6 7 5
6 7 6
6 11 10
6 14 13
7 16 14
7 14 7
7 7 4
7 4 3
7 3 2
7 2 0
7 2 1
7 7 6
7 6 5
7 14 13
7 13 12
7 12 11
7 11 9
7 9 8
7 11 10
7 16 15
8 19 12
8 12 7
8 7 6
8 6 0
8 6 5
8 5 1
8 5 4
8 4 3
8 3 2
8 12 11
8 11 10
8 10 8
8 10 9
8 19 18
8 18 17
8 17 16
8 16 15
8 15 14
8 14 13
9 19 17
9 17 8
9 8 6
9 6 3
9 3 1
9 1 0
9 3 2
9 6 5
9 5 4
9 8 7
9 17 16
9 16 10
9 10 9
9 16 15
9 15 14
9 14 12
9 12 11
9 14 13
9 19 18
10 18 17
10 17 16
10 16 0
10 16 15
10 15 7
10 7 4
10 4 3
10 3 2
10 2 1
10 7 6
10 6 5
10 15 14
10 14 9
10 9 8
10 14 13
10 13 10
10 13 12
10 12 11
11 17 16
11 16 15
11 15 14
11 14 0
11 14 13
11 13 11
11 11 9
11 9 8
11 8 7
11 7 5
11 5 4
11 4 2
11 2 1
11 4 3
11 7 6
11 11 10
11 13 12
12 18 17
12 17 16
12 16 14
12 14 10
12 10 0
12 10 9
12 9 8
12 8 4
12 4 2
12 2 1
12 4 3
12 8 7
12 7 5
12 7 6
12 14 13
12 13 11
12 13 12
12 16 15
13 17 16
13 16 9
13 9 2
13 2 0
13 2 1
13 9 8
13 8 7
13 7 6
13 6 3
13 6 5
13 5 4
13 16 15
13 15 11
13 11 10
13 15 14
13 14 13
13 13 12
14 14 13
14 13 12
14 12 11
14 11 0
14 11 10
14 10 6
14 6 4
14 4 3
14 3 2
14 2 1
14 6 5
14 10 9
14 9 8
14 8 7
15 15 9
15 9 3
15 3 2
15 2 1
15 1 0
15 9 8
15 8 6
15 6 5
15 5 4
15 8 7
15 15 14
15 14 12
15 12 10
15 12 11
15 14 13
16 15 14
16 14 3
16 3 1
16 1 0
16 3 2
16 14 13
16 13 11
16 11 8
16 8 4
16 8 7
16 7 5
16 7 6
16 11 10
16 10 9
16 13 12
17 16 15
17 15 0
17 15 14
17 14 12
17 12 8
17 8 5
17 5 4
17 4 1
17 4 3
17 3 2
17 8 7
17 7 6
17 12 11
17 11 9
17 11 10
17 14 13
18 17 11
18 11 0
18 11 10
18 10 9
18 9 4
18 4 2
18 2 1
18 4 3
18 9 8
18 8 7
18 7 6
18 6 5
18 17 16
18 16 12
18 16 15
18 15 14
18 14 13
19 17 0
19 17 16
19 16 1
19 16 15
19 15 13
19 13 3
19 3 2
19 13 12
19 12 8
19 8 7
19 7 6
19 6 4
19 6 5
19 12 11
19 11 10
19 10 9
19 15 14
20 14 3
20 3 0
20 3 2
20 2 1
20 14 13
20 13 12
20 12 11
20 11 5
20 5 4
20 11 10
20 10 9
20 9 8
20 8 7
20 7 6
21 17 16
21 16 15
21 15 14
21 14 2
21 2 0
21 2 1
21 14 13
21 13 11
21 11 9
21 9 7
21 7 6
21 6 4
21 4 3
21 6 5
21 9 8
21 11 10
21 13 12
22 16 5
22 5 1
22 1 0
22 5 4
22 4 2
22 4 3
22 16 15
22 15 12
22 12 6
22 12 11
22 11 7
22 11 10
22 10 9
22 9 8
22 15 14
22 14 13
23 19 18
23 18 17
23 17 0
23 17 16
23 16 13
23 13 12
23 12 10
23 10 5
23 5 4
23 4 3
23 3 2
23 2 1
23 10 9
23 9 7
23 7 6
23 9 8
23 12 11
23 16 15
23 15 14
24 18 0
24 18 17
24 17 16
24 16 1
24 16 15
24 15 9
24 9 8
24 8 7
24 7 6
24 6 5
24 5 4
24 4 2
24 4 3
24 15 14
24 14 10
24 14 13
24 13 12
24 12 11
25 15 8
25 8 7
25 7 0
25 7 6
25 6 2
25 2 1
25 6 5
25 5 4
25 4 3
25 15 14
25 14 11
25 11 10
25 10 9
25 14 13
25 13 12
26 19 18
26 18 6
26 6 1
26 1 0
26 6 5
26 5 3
26 3 2
26 5 4
26 18 17
26 17 15
26 15 14
26 14 7
26 14 13
26 13 11
26 11 10
26 10 9
26 9 8
26 13 12
26 17 16
27 16 14
27 14 13
27 13 11
27 11 5
27 5 3
27 3 2
27 2 1
27 1 0
27 5 4
27 11 10
27 10 9
27 9 7
27 7 6
27 9 8
27 13 12
27 16 15
28 16 12
28 12 11
28 11 8
28 8 0
28 8 7
28 7 5
28 5 1
28 5 4
28 4 2
28 4 3
28 7 6
28 11 10
28 10 9
28 16 15
28 15 13
28 15 14
29 14 12
29 12 10
29 10 9
29 9 1
29 1 0
29 9 8
29 8 4
29 4 2
29 4 3
29 8 7
29 7 5
29 7 6
29 12 11
29 14 13
30 14 13
30 13 0
30 13 12
30 12 7
30 7 5
30 5 1
30 5 4
30 4 2
30 4 3
30 7 6
30 12 11
30 11 8
30 11 10
30 10 9
31 15 13
31 13 12
31 12 0
31 12 11
31 11 10
31 10 1
31 10 9
31 9 2
31 9 8
31 8 5
31 5 4
31 4 3
31 8 7
31 7 6
31 15 14
32 18 13
32 13 11
32 11 6
32 6 5
32 5 2
32 2 1
32 1 0
32 5 4
32 4 3
32 11 10
32 10 9
32 9 7
32 9 8
32 13 12
32 18 17
32 17 16
32 16 14
32 16 15
33 15 5
33 5 0
33 5 4
33 4 1
33 4 3
33 3 2
33 15 14
33 14 13
33 13 12
33 12 6
33 12 11
33 11 9
33 9 7
33 9 8
33 11 10
34 15 12
34 12 1
34 1 0
34 12 11
34 11 9
34 9 3
34 3 2
34 9 8
34 8 6
34 6 4
34 6 5
34 8 7
34 11 10
34 15 14
34 14 13
35 15 0
35 15 14
35 14 9
35 9 1
35 9 8
35 8 2
35 8 7
35 7 3
35 7 6
35 6 4
35 6 5
35 14 13
35 13 10
35 13 12
35 12 11
36 14 13
36 13 3
36 3 0
36 3 2
36 2 1
36 13 12
36 12 11
36 11 5
36 5 4
36 11 10
36 10 9
36 9 8
36 8 6
36 8 7
37 18 8
37 8 0
37 8 7
37 7 6
37 6 5
37 5 3
37 3 2
37 2 1
37 5 4
37 18 17
37 17 16
37 16 9
37 16 15
37 15 13
37 13 10
37 13 12
37 12 11
37 15 14
38 15 11
38 11 10
38 10 9
38 9 0
38 9 8
38 8 7
38 7 4
38 4 1
38 4 3
38 3 2
38 7 6
38 6 5
38 15 14
38 14 12
38 14 13
39 17 16
39 16 1
39 1 0
39 16 15
39 15 4
39 4 3
39 3 2
39 15 14
39 14 12
39 12 11
39 11 7
39 7 6
39 6 5
39 11 10
39 10 8
39 10 9
39 14 13
40 16 15
40 15 14
40 14 11
40 11 1
40 1 0
40 11 10
40 10 7
40 7 6
40 6 4
40 4 3
40 3 2
40 6 5
40 10 9
40 9 8
40 14 13
40 13 12
41 14 13
41 13 11
41 11 7
41 7 6
41 6 5
41 5 4
41 4 2
41 2 0
41 2 1
41 4 3
41 11 10
41 10 9
41 9 8
41 13 12
42 19 17
42 17 15
42 15 14
42 14 2
42 2 1
42 1 0
42 14 13
42 13 6
42 6 4
42 4 3
42 6 5
42 13 12
42 12 11
42 11 7
42 11 10
42 10 9
42 9 8
42 17 16
42 19 18
43 15 14
43 14 2
43 2 1
43 1 0
43 14 13
43 13 12
43 12 3
43 12 11
43 11 9
43 9 5
43 5 4
43 9 8
43 8 7
43 7 6
43 11 10
44 16 11
44 11 8
44 8 4
44 4 3
44 3 2
44 2 1
44 1 0
44 8 7
44 7 5
44 7 6
44 11 10
44 10 9
44 16 15
44 15 13
44 13 12
44 15 14
45 19 17
45 17 15
45 15 13
45 13 0
45 13 12
45 12 11
45 11 1
45 11 10
45 10 9
45 9 8
45 8 7
45 7 6
45 6 4
45 4 3
45 3 2
45 6 5
45 15 14
45 17 16
45 19 18
46 16 14
46 14 12
46 12 11
46 11 2
46 2 0
46 2 1
46 11 10
46 10 9
46 9 8
46 8 3
46 8 7
46 7 6
46 6 4
46 6 5
46 14 13
46 16 15
47 18 12
47 12 8
47 8 0
47 8 7
47 7 4
47 4 3
47 3 2
47 2 1
47 7 6
47 6 5
47 12 11
47 11 10
47 10 9
47 18 17
47 17 15
47 15 14
47 14 13
47 17 16
48 15 14
48 14 13
48 13 9
48 9 8
48 8 0
48 8 7
48 7 6
48 6 2
48 2 1
48 6 5
48 5 3
48 5 4
48 13 12
48 12 11
48 11 10
49 18 17
49 17 2
49 2 0
49 2 1
49 17 16
49 16 9
49 9 3
49 9 8
49 8 7
49 7 6
49 6 4
49 6 5
49 16 15
49 15 14
49 14 13
49 13 11
49 11 10
49 13 12
50 15 3
50 3 1
50 1 0
50 3 2
50 15 14
50 14 5
50 5 4
50 14 13
50 13 7
50 7 6
50 13 12
50 12 11
50 11 8
50 11 10
50 10 9
51 18 16
51 16 15
51 15 1
51 1 0
51 15 14
51 14 12
51 12 7
51 7 2
51 7 6
51 6 4
51 4 3
51 6 5
51 12 11
51 11 10
51 10 9
51 9 8
51 14 13
51 18 17
52 16 1
52 1 0
52 16 15
52 15 14
52 14 13
52 13 2
52 13 12
52 12 10
52 10 8
52 8 6
52 6 3
52 6 5
52 5 4
52 8 7
52 10 9
52 12 11
53 19 18
53 18 17
53 17 2
53 2 1
53 1 0
53 17 16
53 16 14
53 14 8
53 8 7
53 7 6
53 6 3
53 6 5
53 5 4
53 14 13
53 13 11
53 11 10
53 10 9
53 13 12
53 16 15
54 14 13
54 13 1
54 1 0
54 13 12
54 12 11
54 11 2
54 11 10
54 10 9
54 9 8
54 8 7
54 7 6
54 6 4
54 4 3
54 6 5
55 17 0
55 17 16
55 16 14
55 14 3
55 3 2
55 2 1
55 14 13
55 13 11
55 11 7
55 7 4
55 7 6
55 6 5
55 11 10
55 10 8
55 10 9
55 13 12
55 16 15
56 15 14
56 14 9
56 9 7
56 7 2
56 2 0
56 2 1
56 7 6
56 6 5
56 5 3
56 5 4
56 9 8
56 14 13
56 13 10
56 13 12
56 12 11
57 14 13
57 13 12
57 12 9
57 9 7
57 7 6
57 6 1
57 1 0
57 6 5
57 5 4
57 4 2
57 4 3
57 9 8
57 12 11
57 11 10
58 15 14
58 14 12
58 12 0
58 12 11
58 11 10
58 10 9
58 9 8
58 8 7
58 7 6
58 6 5
58 5 4
58 4 1
58 4 3
58 3 2
58 14 13
59 14 11
59 11 9
59 9 7
59 7 5
59 5 4
59 4 3
59 3 1
59 1 0
59 3 2
59 7 6
59 9 8
59 11 10
59 14 13
59 13 12
60 17 0
60 17 16
60 16 14
60 14 12
60 12 11
60 11 10
60 10 1
60 10 9
60 9 8
60 8 4
60 4 2
60 4 3
60 8 7
60 7 5
60 7 6
60 14 13
60 16 15
61 17 16
61 16 15
61 15 8
61 8 7
61 7 0
61 7 6
61 6 4
61 4 1
61 4 3
61 3 2
61 6 5
61 15 14
61 14 9
61 14 13
61 13 12
61 12 10
61 12 11
62 15 13
62 13 12
62 12 10
62 10 9
62 9 8
62 8 7
62 7 2
62 2 1
62 1 0
62 7 6
62 6 3
62 6 5
62 5 4
62 12 11
62 15 14
63 17 0
63 17 16
63 16 9
63 9 6
63 6 4
63 4 3
63 3 1
63 3 2
63 6 5
63 9 8
63 8 7
63 16 15
63 15 14
63 14 10
63 14 13
63 13 11
63 13 12
64 15 1
64 1 0
64 15 14
64 14 6
64 6 4
64 4 2
64 4 3
64 6 5
64 14 13
64 13 12
64 12 10
64 10 9
64 9 8
64 8 7
64 12 11
65 19 15
65 15 14
65 14 4
65 4 3
65 3 1
65 1 0
65 3 2
65 14 13
65 13 11
65 11 7
65 7 5
65 7 6
65 11 10
65 10 8
65 10 9
65 13 12
65 19 18
65 18 17
65 17 16
66 17 14
66 14 13
66 13 9
66 9 0
66 9 8
66 8 7
66 7 6
66 6 5
66 5 4
66 4 1
66 4 3
66 3 2
66 13 12
66 12 11
66 11 10
66 17 16
66 16 15
67 15 9
67 9 8
67 8 0
67 8 7
67 7 5
67 5 4
67 4 1
67 4 3
67 3 2
67 7 6
67 15 14
67 14 11
67 11 10
67 14 13
67 13 12
68 14 13
68 13 12
68 12 8
68 8 1
68 1 0
68 8 7
68 7 6
68 6 5
68 5 4
68 4 3
68 3 2
68 12 11
68 11 10
68 10 9
69 17 15
69 15 14
69 14 10
69 10 1
69 1 0
69 10 9
69 9 8
69 8 3
69 3 2
69 8 7
69 7 6
69 6 5
69 5 4
69 14 13
69 13 11
69 13 12
69 17 16
70 14 11
70 11 0
70 11 10
70 10 8
70 8 7
70 7 2
70 2 1
70 7 6
70 6 3
70 6 5
70 5 4
70 10 9
70 14 13
70 13 12
71 18 16
71 16 14
71 14 7
71 7 2
71 2 0
71 2 1
71 7 6
71 6 4
71 4 3
71 6 5
71 14 13
71 13 12
71 12 11
71 11 10
71 10 9
71 9 8
71 16 15
71 18 17
72 15 10
72 10 9
72 9 7
72 7 6
72 6 5
72 5 4
72 4 2
72 2 0
72 2 1
72 4 3
72 9 8
72 15 14
72 14 11
72 14 13
72 13 12
73 14 2
73 2 0
73 2 1
73 14 13
73 13 11
73 11 10
73 10 6
73 6 5
73 5 4
73 4 3
73 10 9
73 9 8
73 8 7
73 13 12
74 17 16
74 16 14
74 14 13
74 13 0
74 13 12
74 12 5
74 5 1
74 5 4
74 4 3
74 3 2
74 12 11
74 11 7
74 7 6
74 11 10
74 10 9
74 9 8
74 16 15
75 16 0
75 16 15
75 15 1
75 15 14
75 14 13
75 13 9
75 9 2
75 9 8
75 8 7
75 7 3
75 7 6
75 6 4
75 6 5
75 13 12
75 12 11
75 11 10
76 15 4
76 4 2
76 2 0
76 2 1
76 4 3
76 15 14
76 14 5
76 14 13
76 13 6
76 13 12
76 12 7
76 12 11
76 11 8
76 11 10
76 10 9
77 14 11
77 11 8
77 8 6
77 6 4
77 4 1
77 1 0
77 4 3
77 3 2
77 6 5
77 8 7
77 11 10
77 10 9
77 14 13
77 13 12
78 16 13
78 13 12
78 12 2
78 2 0
78 2 1
78 12 11
78 11 10
78 10 9
78 9 7
78 7 5
78 5 3
78 5 4
78 7 6
78 9 8
78 16 15
78 15 14
79 15 14
79 14 12
79 12 11
79 11 0
79 11 10
79 10 7
79 7 1
79 7 6
79 6 5
79 5 4
79 4 3
79 3 2
79 10 9
79 9 8
79 14 13
80 19 18
80 18 7
80 7 1
80 1 0
80 7 6
80 6 5
80 5 2
80 5 4
80 4 3
80 18 17
80 17 8
80 17 16
80 16 14
80 14 9
80 14 13
80 13 12
80 12 10
80 12 11
80 16 15
81 14 10
81 10 9
81 9 3
81 3 2
81 2 0
81 2 1
81 9 8
81 8 5
81 5 4
81 8 7
81 7 6
81 14 13
81 13 12
81 12 11
82 14 13
82 13 7
82 7 0
82 7 6
82 6 4
82 4 1
82 4 3
82 3 2
82 6 5
82 13 12
82 12 11
82 11 10
82 10 8
82 10 9
83 17 3
83 3 0
83 3 2
83 2 1
83 17 16
83 16 4
83 16 15
83 15 7
83 7 5
83 7 6
83 15 14
83 14 8
83 14 13
83 13 12
83 12 11
83 11 10
83 10 9
84 17 4
84 4 0
84 4 3
84 3 1
84 3 2
84 17 16
84 16 8
84 8 7
84 7 6
84 6 5
84 16 15
84 15 11
84 11 10
84 10 9
84 15 14
84 14 12
84 14 13
85 16 2
85 2 1
85 1 0
85 16 15
85 15 14
85 14 3
85 14 13
85 13 11
85 11 9
85 9 4
85 9 8
85 8 6
85 6 5
85 8 7
85 11 10
85 13 12
86 18 2
86 2 1
86 1 0
86 18 17
86 17 12
86 12 8
86 8 3
86 8 7
86 7 6
86 6 5
86 5 4
86 12 11
86 11 10
86 10 9
86 17 16
86 16 15
86 15 13
86 15 14
87 16 15
87 15 14
87 14 8
87 8 0
87 8 7
87 7 6
87 6 1
87 6 5
87 5 4
87 4 2
87 4 3
87 14 13
87 13 12
87 12 10
87 10 9
87 12 11
88 14 12
88 12 5
88 5 4
88 4 0
88 4 3
88 3 2
88 2 1
88 12 11
88 11 10
88 10 9
88 9 8
88 8 6
88 8 7
88 14 13
89 18 17
89 17 15
89 15 13
89 13 11
89 11 7
89 7 1
89 1 0
89 7 6
89 6 5
89 5 3
89 3 2
89 5 4
89 11 10
89 10 9
89 9 8
89 13 12
89 15 14
89 17 16
90 18 17
90 17 0
90 17 16
90 16 3
90 3 2
90 2 1
90 16 15
90 15 13
90 13 12
90 12 11
90 11 10
90 10 9
90 9 8
90 8 7
90 7 6
90 6 4
90 6 5
90 15 14
91 17 16
91 16 15
91 15 13
91 13 2
91 2 1
91 1 0
91 13 12
91 12 10
91 10 5
91 5 3
91 5 4
91 10 9
91 9 6
91 9 8
91 8 7
91 12 11
91 15 14
92 16 15
92 15 11
92 11 10
92 10 1
92 1 0
92 10 9
92 9 8
92 8 7
92 7 4
92 4 3
92 3 2
92 7 6
92 6 5
92 15 14
92 14 13
92 13 12
93 15 1
93 1 0
93 15 14
93 14 7
93 7 4
93 4 3
93 3 2
93 7 6
93 6 5
93 14 13
93 13 11
93 11 10
93 10 8
93 10 9
93 13 12
94 14 6
94 6 5
94 5 4
94 4 3
94 3 2
94 2 0
94 2 1
94 14 13
94 13 12
94 12 8
94 8 7
94 12 11
94 11 10
94 10 9
95 17 16
95 16 15
95 15 14
95 14 0
95 14 13
95 13 1
95 13 12
95 12 11
95 11 9
95 9 8
95 8 4
95 4 3
95 3 2
95 8 7
95 7 6
95 6 5
95 11 10
96 16 13
96 13 12
96 12 11
96 11 0
96 11 10
96 10 9
96 9 6
96 6 1
96 6 5
96 5 4
96 4 3
96 3 2
96 9 8
96 8 7
96 16 15
96 15 14
97 18 17
97 17 5
97 5 4
97 4 3
97 3 0
97 3 2
97 2 1
97 17 16
97 16 11
97 11 6
97 11 10
97 10 9
97 9 7
97 9 8
97 16 15
97 15 13
97 13 12
97 15 14
98 16 15
98 15 14
98 14 6
98 6 5
98 5 0
98 5 4
98 4 3
98 3 1
98 3 2
98 14 13
98 13 7
98 13 12
98 12 9
98 9 8
98 12 11
98 11 10
99 16 15
99 15 13
99 13 12
99 12 3
99 3 1
99 1 0
99 3 2
99 12 11
99 11 10
99 10 9
99 9 7
99 7 6
99 6 5
99 5 4
99 9 8
99 15 14
100 14 13
100 13 12
100 12 1
100 1 0
100 12 11
100 11 10
100 10 8
100 8 7
100 7 4
100 4 3
100 3 2
100 7 6
100 6 5
100 10 9
101 16 15
101 15 0
101 15 14
101 14 13
101 13 11
101 11 10
101 10 9
101 9 1
101 9 8
101 8 2
101 8 7
101 7 5
101 5 3
101 5 4
101 7 6
101 13 12
