1 17 1
1 1 0
1 17 16
1 16 9
1 9 2
1 9 8
1 8 4
1 4 3
1 8 7
1 7 6
1 6 5
1 16 15
1 15 10
1 15 14
1 14 11
1 14 13
1 13 12
2 16 15
2 15 1
2 1 0
2 15 14
2 14 4
2 4 3
2 3 2
2 14 13
2 13 11
2 11 5
2 11 10
2 10 8
2 8 7
2 7 6
2 10 9
2 13 12
3 14 13
3 13 0
3 13 12
3 12 1
3 12 11
3 11 9
3 9 7
3 7 2
3 7 6
3 6 5
3 5 3
3 5 4
3 9 8
3 11 10
4 18 13
4 13 12
4 12 7
4 7 6
4 6 5
4 5 3
4 3 0
4 3 2
4 2 1
4 5 4
4 12 11
4 11 8
4 11 10
4 10 9
4 18 17
4 17 15
4 15 14
4 17 16
5 14 13
5 13 12
5 12 9
5 9 8
5 8 7
5 7 0
5 7 6
5 6 5
5 5 4
5 4 3
5 3 2
5 2 1
5 12 11
5 11 10
6 14 12
6 12 9
6 9 0
6 9 8
6 8 1
6 8 7
6 7 6
6 6 4
6 4 2
6 4 3
6 6 5
6 12 11
6 11 10
6 14 13
7 19 3
7 3 2
7 2 0
7 2 1
7 19 18
7 18 17
7 17 5
7 5 4
7 17 16
7 16 14
7 14 13
7 13 9
7 9 6
7 9 8
7 8 7
7 13 12
7 12 11
7 11 10
7 16 15
8 17 0
8 17 16
8 16 15
8 15 1
8 15 14
8 14 9
8 9 8
8 8 7
8 7 2
8 7 6
8 6 5
8 5 4
8 4 3
8 14 13
8 13 11
8 11 10
8 13 12
9 19 14
9 14 10
9 10 9
9 9 3
9 3 2
9 2 0
9 2 1
9 9 8
9 8 7
9 7 5
9 5 4
9 7 6
9 14 13
9 13 12
9 12 11
9 19 18
9 18 17
9 17 16
9 16 15
10 14 13
10 13 11
10 11 10
10 10 0
10 10 9
10 9 8
10 8 4
10 4 1
10 4 3
10 3 2
10 8 7
10 7 5
10 7 6
10 13 12
11 16 15
11 15 12
11 12 11
11 11 10
11 10 7
11 7 1
11 1 0
11 7 6
11 6 2
11 6 5
11 5 4
11 4 3
11 10 9
11 9 8
11 15 14
11 14 13
12 18 15
12 15 10
12 10 5
12 5 4
12 4 0
12 4 3
12 3 1
12 3 2
12 10 9
12 9 8
12 8 6
12 8 7
12 15 14
12 14 13
12 13 12
12 12 11
12 18 17
12 17 16
13 15 3
13 3 0
13 3 2
13 2 1
13 15 14
13 14 13
13 13 11
13 11 4
13 11 10
13 10 5
13 10 9
13 9 7
13 7 6
13 9 8
13 13 12
14 15 13
14 13 1
14 1 0
14 13 12
14 12 11
14 11 10
14 10 4
14 4 3
14 3 2
14 10 9
14 9 8
14 8 7
14 7 6
14 6 5
14 15 14
15 15 14
15 14 9
15 9 1
15 1 0
15 9 8
15 8 7
15 7 3
15 3 2
15 7 6
15 6 4
15 6 5
15 14 13
15 13 10
15 13 12
15 12 11
16 15 12
16 12 10
16 10 9
16 9 6
16 6 4
16 4 3
16 3 2
16 2 0
16 2 1
16 6 5
16 9 8
16 8 7
16 12 11
16 15 14
16 14 13
17 17 12
17 12 11
17 11 10
17 10 8
17 8 7
17 7 6
17 6 5
17 5 0
17 5 4
17 4 2
17 2 1
17 4 3
17 10 9
17 17 16
17 16 15
17 15 14
17 14 13
18 16 5
18 5 4
18 4 1
18 1 0
18 4 3
18 3 2
18 16 15
18 15 14
18 14 10
18 10 9
18 9 6
18 9 8
18 8 7
18 14 13
18 13 12
18 12 11
19 15 14
19 14 1
19 1 0
19 14 13
19 13 10
19 10 7
19 7 6
19 6 5
19 5 3
19 3 2
19 5 4
19 10 9
19 9 8
19 13 12
19 12 11
20 17 5
20 5 0
20 5 4
20 4 3
20 3 1
20 3 2
20 17 16
20 16 7
20 7 6
20 16 15
20 15 8
20 15 14
20 14 9
20 14 13
20 13 11
20 11 10
20 13 12
21 17 0
21 17 16
21 16 6
21 6 5
21 5 4
21 4 3
21 3 2
21 2 1
21 16 15
21 15 13
21 13 7
21 13 12
21 12 11
21 11 8
21 11 10
21 10 9
21 15 14
22 14 12
22 12 11
22 11 9
22 9 5
22 5 4
22 4 3
22 3 0
22 3 2
22 2 1
22 9 8
22 8 7
22 7 6
22 11 10
22 14 13
23 15 14
23 14 9
23 9 5
23 5 0
23 5 4
23 4 1
23 4 3
23 3 2
23 9 8
23 8 7
23 7 6
23 14 13
23 13 12
23 12 11
23 11 10
24 14 13
24 13 0
24 13 12
24 12 1
24 12 11
24 11 10
24 10 5
24 5 3
24 3 2
24 5 4
24 10 9
24 9 6
24 9 8
24 8 7
25 17 16
25 16 15
25 15 14
25 14 10
25 10 7
25 7 6
25 6 5
25 5 4
25 4 0
25 4 3
25 3 1
25 3 2
25 10 9
25 9 8
25 14 13
25 13 11
25 13 12
26 14 0
26 14 13
26 13 11
26 11 1
26 11 10
26 10 7
26 7 2
26 7 6
26 6 5
26 5 4
26 4 3
26 10 9
26 9 8
26 13 12
27 14 13
27 13 1
27 1 0
27 13 12
27 12 11
27 11 4
27 4 2
27 4 3
27 11 10
27 10 9
27 9 8
27 8 6
27 6 5
27 8 7
28 14 13
28 13 11
28 11 10
28 10 9
28 9 0
28 9 8
28 8 6
28 6 5
28 5 2
28 2 1
28 5 4
28 4 3
28 8 7
28 13 12
29 19 18
29 18 1
29 1 0
29 18 17
29 17 6
29 6 5
29 5 4
29 4 3
29 3 2
29 17 16
29 16 7
29 16 15
29 15 14
29 14 8
29 14 13
29 13 9
29 13 12
29 12 10
29 12 11
30 15 7
30 7 5
30 5 0
30 5 4
30 4 3
30 3 2
30 2 1
30 7 6
30 15 14
30 14 8
30 14 13
30 13 12
30 12 10
30 10 9
30 12 11
31 14 13
31 13 2
31 2 0
31 2 1
31 13 12
31 12 11
31 11 9
31 9 8
31 8 3
31 8 7
31 7 6
31 6 4
31 6 5
31 11 10
32 15 1
32 1 0
32 15 14
32 14 12
32 12 6
32 6 2
32 6 5
32 5 4
32 4 3
32 12 11
32 11 7
32 11 10
32 10 9
32 9 8
32 14 13
33 18 16
33 16 2
33 2 1
33 1 0
33 16 15
33 15 14
33 14 3
33 14 13
33 13 6
33 6 5
33 5 4
33 13 12
33 12 11
33 11 7
33 11 10
33 10 9
33 9 8
33 18 17
34 16 4
34 4 1
34 1 0
34 4 3
34 3 2
34 16 15
34 15 14
34 14 5
34 14 13
34 13 12
34 12 11
34 11 10
34 10 9
34 9 8
34 8 6
34 8 7
35 15 7
35 7 3
35 3 1
35 1 0
35 3 2
35 7 6
35 6 5
35 5 4
35 15 14
35 14 11
35 11 10
35 10 9
35 9 8
35 14 13
35 13 12
36 16 15
36 15 14
36 14 12
36 12 11
36 11 10
36 10 3
36 3 1
36 1 0
36 3 2
36 10 9
36 9 8
36 8 4
36 8 7
36 7 5
36 7 6
36 14 13
37 14 3
37 3 0
37 3 2
37 2 1
37 14 13
37 13 4
37 13 12
37 12 11
37 11 7
37 7 6
37 6 5
37 11 10
37 10 9
37 9 8
38 15 10
38 10 7
38 7 1
38 1 0
38 7 6
38 6 5
38 5 2
38 5 4
38 4 3
38 10 9
38 9 8
38 15 14
38 14 11
38 14 13
38 13 12
39 15 13
39 13 12
39 12 4
39 4 2
39 2 0
39 2 1
39 4 3
39 12 11
39 11 7
39 7 5
39 7 6
39 11 10
39 10 9
39 9 8
39 15 14
40 15 0
40 15 14
40 14 13
40 13 4
40 4 2
40 2 1
40 4 3
40 13 12
40 12 11
40 11 6
40 6 5
40 11 10
40 10 7
40 10 9
40 9 8
41 14 13
41 13 12
41 12 0
41 12 11
41 11 2
41 2 1
41 11 10
41 10 8
41 8 6
41 6 4
41 4 3
41 6 5
41 8 7
41 10 9
42 14 0
42 14 13
42 13 11
42 11 4
42 4 3
42 3 2
42 2 1
42 11 10
42 10 9
42 9 8
42 8 6
42 6 5
42 8 7
42 13 12
43 15 14
43 14 13
43 13 12
43 12 11
43 11 0
43 11 10
43 10 7
43 7 3
43 3 2
43 2 1
43 7 6
43 6 4
43 6 5
43 10 9
43 9 8
44 14 0
44 14 13
44 13 12
44 12 11
44 11 9
44 9 1
44 9 8
44 8 5
44 5 4
44 4 3
44 3 2
44 8 7
44 7 6
44 11 10
45 14 13
45 13 12
45 12 10
45 10 0
45 10 9
45 9 7
45 7 6
45 6 5
45 5 3
45 3 2
45 2 1
45 5 4
45 9 8
45 12 11
46 14 1
46 1 0
46 14 13
46 13 7
46 7 3
46 3 2
46 7 6
46 6 5
46 5 4
46 13 12
46 12 8
46 12 11
46 11 10
46 10 9
47 14 13
47 13 0
47 13 12
47 12 3
47 3 1
47 3 2
47 12 11
47 11 10
47 10 6
47 6 5
47 5 4
47 10 9
47 9 8
47 8 7
48 15 1
48 1 0
48 15 14
48 14 6
48 6 5
48 5 3
48 3 2
48 5 4
48 14 13
48 13 12
48 12 11
48 11 10
48 10 9
48 9 8
48 8 7
49 18 1
49 1 0
49 18 17
49 17 2
49 17 16
49 16 3
49 16 15
49 15 14
49 14 13
49 13 12
49 12 11
49 11 10
49 10 4
49 10 9
49 9 7
49 7 5
49 7 6
49 9 8
50 15 14
50 14 11
50 11 10
50 10 9
50 9 0
50 9 8
50 8 7
50 7 1
50 7 6
50 6 5
50 5 4
50 4 2
50 4 3
50 14 13
50 13 12
51 18 17
51 17 14
51 14 13
51 13 12
51 12 10
51 10 9
51 9 6
51 6 5
51 5 0
51 5 4
51 4 2
51 2 1
51 4 3
51 9 8
51 8 7
51 12 11
51 17 16
51 16 15
52 14 3
52 3 2
52 2 0
52 2 1
52 14 13
52 13 5
52 5 4
52 13 12
52 12 11
52 11 10
52 10 6
52 10 9
52 9 7
52 9 8
53 18 13
53 13 8
53 8 7
53 7 6
53 6 0
53 6 5
53 5 4
53 4 2
53 2 1
53 4 3
53 13 12
53 12 11
53 11 9
53 11 10
53 18 17
53 17 15
53 15 14
53 17 16
54 14 10
54 10 0
54 10 9
54 9 8
54 8 7
54 7 2
54 2 1
54 7 6
54 6 5
54 5 3
54 5 4
54 14 13
54 13 11
54 13 12
55 16 15
55 15 14
55 14 11
55 11 0
55 11 10
55 10 9
55 9 4
55 4 2
55 2 1
55 4 3
55 9 8
55 8 7
55 7 6
55 6 5
55 14 13
55 13 12
56 17 1
56 1 0
56 17 16
56 16 2
56 16 15
56 15 10
56 10 9
56 9 7
56 7 3
56 7 6
56 6 5
56 5 4
56 9 8
56 15 14
56 14 12
56 12 11
56 14 13
57 18 2
57 2 1
57 1 0
57 18 17
57 17 5
57 5 3
57 5 4
57 17 16
57 16 15
57 15 14
57 14 12
57 12 11
57 11 6
57 11 10
57 10 9
57 9 7
57 9 8
57 14 13
58 15 14
58 14 8
58 8 7
58 7 0
58 7 6
58 6 5
58 5 4
58 4 3
58 3 1
58 3 2
58 14 13
58 13 10
58 10 9
58 13 12
58 12 11
59 15 14
59 14 6
59 6 0
59 6 5
59 5 2
59 2 1
59 5 4
59 4 3
59 14 13
59 13 7
59 13 12
59 12 10
59 10 8
59 10 9
59 12 11
60 15 1
60 1 0
60 15 14
60 14 7
60 7 3
60 3 2
60 7 6
60 6 5
60 5 4
60 14 13
60 13 12
60 12 8
60 12 11
60 11 9
60 11 10
61 14 0
61 14 13
61 13 9
61 9 8
61 8 6
61 6 3
61 3 2
61 2 1
61 6 5
61 5 4
61 8 7
61 13 12
61 12 10
61 12 11
62 16 15
62 15 14
62 14 0
62 14 13
62 13 11
62 11 10
62 10 9
62 9 8
62 8 4
62 4 3
62 3 2
62 2 1
62 8 7
62 7 6
62 6 5
62 13 12
63 18 10
63 10 9
63 9 5
63 5 0
63 5 4
63 4 3
63 3 2
63 2 1
63 9 8
63 8 7
63 7 6
63 18 17
63 17 11
63 17 16
63 16 15
63 15 14
63 14 13
63 13 12
64 15 0
64 15 14
64 14 7
64 7 6
64 6 4
64 4 3
64 3 2
64 2 1
64 6 5
64 14 13
64 13 8
64 13 12
64 12 10
64 10 9
64 12 11
65 18 14
65 14 13
65 13 4
65 4 3
65 3 2
65 2 1
65 1 0
65 13 12
65 12 11
65 11 9
65 9 6
65 6 5
65 9 8
65 8 7
65 11 10
65 18 17
65 17 15
65 17 16
66 14 8
66 8 1
66 1 0
66 8 7
66 7 6
66 6 4
66 4 2
66 4 3
66 6 5
66 14 13
66 13 9
66 13 12
66 12 10
66 12 11
67 14 10
67 10 0
67 10 9
67 9 1
67 9 8
67 8 5
67 5 2
67 5 4
67 4 3
67 8 7
67 7 6
67 14 13
67 13 11
67 13 12
68 19 1
68 1 0
68 19 18
68 18 17
68 17 16
68 16 15
68 15 12
68 12 11
68 11 2
68 11 10
68 10 9
68 9 6
68 6 5
68 5 3
68 5 4
68 9 8
68 8 7
68 15 14
68 14 13
69 14 13
69 13 12
69 12 11
69 11 10
69 10 0
69 10 9
69 9 5
69 5 3
69 3 2
69 2 1
69 5 4
69 9 8
69 8 7
69 7 6
70 18 14
70 14 12
70 12 11
70 11 10
70 10 7
70 7 1
70 1 0
70 7 6
70 6 5
70 5 3
70 3 2
70 5 4
70 10 9
70 9 8
70 14 13
70 18 17
70 17 15
70 17 16
71 19 11
71 11 10
71 10 9
71 9 4
71 4 0
71 4 3
71 3 1
71 3 2
71 9 8
71 8 5
71 8 7
71 7 6
71 19 18
71 18 14
71 14 12
71 14 13
71 18 17
71 17 16
71 16 15
72 15 14
72 14 13
72 13 12
72 12 0
72 12 11
72 11 7
72 7 6
72 6 5
72 5 2
72 2 1
72 5 4
72 4 3
72 11 10
72 10 8
72 10 9
73 18 11
73 11 6
73 6 4
73 4 2
73 2 0
73 2 1
73 4 3
73 6 5
73 11 10
73 10 9
73 9 8
73 8 7
73 18 17
73 17 15
73 15 14
73 14 12
73 14 13
73 17 16
74 15 1
74 1 0
74 15 14
74 14 7
74 7 6
74 6 5
74 5 2
74 5 4
74 4 3
74 14 13
74 13 12
74 12 10
74 10 9
74 9 8
74 12 11
75 14 3
75 3 2
75 2 0
75 2 1
75 14 13
75 13 6
75 6 5
75 5 4
75 13 12
75 12 11
75 11 7
75 11 10
75 10 8
75 10 9
76 14 12
76 12 9
76 9 0
76 9 8
76 8 7
76 7 6
76 6 5
76 5 4
76 4 1
76 4 3
76 3 2
76 12 11
76 11 10
76 14 13
77 14 8
77 8 7
77 7 1
77 1 0
77 7 6
77 6 3
77 3 2
77 6 5
77 5 4
77 14 13
77 13 11
77 11 9
77 11 10
77 13 12
78 18 17
78 17 16
78 16 15
78 15 14
78 14 0
78 14 13
78 13 12
78 12 1
78 12 11
78 11 10
78 10 9
78 9 2
78 9 8
78 8 7
78 7 6
78 6 5
78 5 4
78 4 3
79 17 1
79 1 0
79 17 16
79 16 13
79 13 12
79 12 8
79 8 7
79 7 6
79 6 5
79 5 4
79 4 2
79 4 3
79 12 11
79 11 9
79 11 10
79 16 15
79 15 14
80 14 0
80 14 13
80 13 12
80 12 3
80 3 2
80 2 1
80 12 11
80 11 10
80 10 5
80 5 4
80 10 9
80 9 8
80 8 6
80 8 7
81 14 4
81 4 3
81 3 0
81 3 2
81 2 1
81 14 13
81 13 12
81 12 11
81 11 10
81 10 5
81 10 9
81 9 6
81 9 8
81 8 7
82 15 14
82 14 0
82 14 13
82 13 1
82 13 12
82 12 2
82 12 11
82 11 7
82 7 3
82 7 6
82 6 5
82 5 4
82 11 10
82 10 9
82 9 8
83 18 17
83 17 1
83 1 0
83 17 16
83 16 2
83 16 15
83 15 11
83 11 10
83 10 9
83 9 7
83 7 5
83 5 4
83 4 3
83 7 6
83 9 8
83 15 14
83 14 13
83 13 12
84 16 5
84 5 4
84 4 3
84 3 2
84 2 0
84 2 1
84 16 15
84 15 8
84 8 6
84 8 7
84 15 14
84 14 13
84 13 11
84 11 10
84 10 9
84 13 12
85 18 13
85 13 11
85 11 1
85 1 0
85 11 10
85 10 2
85 10 9
85 9 7
85 7 3
85 7 6
85 6 4
85 6 5
85 9 8
85 13 12
85 18 17
85 17 14
85 17 16
85 16 15
86 14 0
86 14 13
86 13 12
86 12 4
86 4 1
86 4 3
86 3 2
86 12 11
86 11 10
86 10 8
86 8 7
86 7 6
86 6 5
86 10 9
87 14 13
87 13 1
87 1 0
87 13 12
87 12 11
87 11 9
87 9 7
87 7 6
87 6 2
87 6 5
87 5 4
87 4 3
87 9 8
87 11 10
88 19 0
88 19 18
88 18 8
88 8 7
88 7 6
88 6 1
88 6 5
88 5 4
88 4 3
88 3 2
88 18 17
88 17 15
88 15 14
88 14 11
88 11 9
88 11 10
88 14 13
88 13 12
88 17 16
89 16 14
89 14 13
89 13 12
89 12 11
89 11 5
89 5 0
89 5 4
89 4 1
89 4 3
89 3 2
89 11 10
89 10 7
89 7 6
89 10 9
89 9 8
89 16 15
90 14 2
90 2 0
90 2 1
90 14 13
90 13 12
90 12 11
90 11 9
90 9 7
90 7 3
90 7 6
90 6 5
90 5 4
90 9 8
90 11 10
91 16 14
91 14 12
91 12 7
91 7 1
91 1 0
91 7 6
91 6 5
91 5 2
91 5 4
91 4 3
91 12 11
91 11 10
91 10 8
91 10 9
91 14 13
91 16 15
92 16 6
92 6 4
92 4 0
92 4 3
92 3 1
92 3 2
92 6 5
92 16 15
92 15 7
92 15 14
92 14 9
92 9 8
92 14 13
92 13 11
92 11 10
92 13 12
93 14 10
93 10 8
93 8 7
93 7 0
93 7 6
93 6 5
93 5 3
93 3 2
93 2 1
93 5 4
93 10 9
93 14 13
93 13 12
93 12 11
94 16 13
94 13 5
94 5 2
94 2 1
94 1 0
94 5 4
94 4 3
94 13 12
94 12 10
94 10 9
94 9 7
94 7 6
94 9 8
94 12 11
94 16 15
94 15 14
95 14 13
95 13 0
95 13 12
95 12 11
95 11 4
95 4 2
95 2 1
95 4 3
95 11 10
95 10 6
95 6 5
95 10 9
95 9 7
95 9 8
96 18 17
96 17 15
96 15 0
96 15 14
96 14 13
96 13 12
96 12 11
96 11 1
96 11 10
96 10 9
96 9 4
96 4 3
96 3 2
96 9 8
96 8 7
96 7 6
96 6 5
96 17 16
97 14 12
97 12 10
97 10 0
97 10 9
97 9 3
97 3 2
97 2 1
97 9 8
97 8 7
97 7 5
97 5 4
97 7 6
97 12 11
97 14 13
98 14 13
98 13 2
98 2 0
98 2 1
98 13 12
98 12 11
98 11 10
98 10 7
98 7 4
98 4 3
98 7 6
98 6 5
98 10 9
98 9 8
99 18 17
99 17 6
99 6 5
99 5 2
99 2 1
99 1 0
99 5 4
99 4 3
99 17 16
99 16 9
99 9 7
99 9 8
99 16 15
99 15 14
99 14 12
99 12 10
99 12 11
99 14 13
100 15 14
100 14 12
100 12 11
100 11 8
100 8 5
100 5 1
100 1 0
100 5 4
100 4 2
100 4 3
100 8 7
100 7 6
100 11 10
100 10 9
100 14 13
101 14 13
101 13 1
101 1 0
101 13 12
101 12 11
101 11 9
101 9 7
101 7 5
101 5 4
101 4 2
101 4 3
101 7 6
101 9 8
101 11 10
