1 17 16
1 16 14
1 14 8
1 8 6
1 6 2
1 2 1
1 1 0
1 6 5
1 5 4
1 4 3
1 8 7
1 14 13
1 13 11
1 11 10
1 10 9
1 13 12
1 16 15
2 17 0
2 17 16
2 16 15
2 15 3
2 3 2
2 2 1
2 15 14
2 14 13
2 13 12
2 12 10
2 10 5
2 5 4
2 10 9
2 9 8
2 8 6
2 8 7
2 12 11
3 15 13
3 13 12
3 12 6
3 6 5
3 5 2
3 2 1
3 1 0
3 5 4
3 4 3
3 12 11
3 11 9
3 9 8
3 8 7
3 11 10
3 15 14
4 15 13
4 13 12
4 12 11
4 11 10
4 10 6
4 6 3
4 3 1
4 1 0
4 3 2
4 6 5
4 5 4
4 10 9
4 9 7
4 9 8
4 15 14
5 15 14
5 14 13
5 13 4
5 4 2
5 2 1
5 1 0
5 4 3
5 13 12
5 12 11
5 11 10
5 10 8
5 8 7
5 7 6
5 6 5
5 10 9
6 14 11
6 11 9
6 9 7
6 7 0
6 7 6
6 6 1
6 6 5
6 5 4
6 4 3
6 3 2
6 9 8
6 11 10
6 14 13
6 13 12
7 14 13
7 13 12
7 12 11
7 11 1
7 1 0
7 11 10
7 10 8
7 8 5
7 5 4
7 4 3
7 3 2
7 8 7
7 7 6
7 10 9
8 16 13
8 13 10
8 10 9
8 9 8
8 8 0
8 8 7
8 7 6
8 6 2
8 2 1
8 6 5
8 5 3
8 5 4
8 13 12
8 12 11
8 16 15
8 15 14
9 16 0
9 16 15
9 15 12
9 12 11
9 11 10
9 10 9
9 9 8
9 8 7
9 7 6
9 6 4
9 4 1
9 4 3
9 3 2
9 6 5
9 15 14
9 14 13
10 19 18
10 18 17
10 17 16
10 16 15
10 15 14
10 14 4
10 4 3
10 3 2
10 2 0
10 2 1
10 14 13
10 13 8
10 8 7
10 7 6
10 6 5
10 13 12
10 12 11
10 11 9
10 11 10
11 19 0
11 19 18
11 18 1
11 18 17
11 17 15
11 15 2
11 15 14
11 14 12
11 12 11
11 11 3
11 11 10
11 10 9
11 9 8
11 8 4
11 8 7
11 7 6
11 6 5
11 14 13
11 17 16
12 15 12
12 12 11
12 11 0
12 11 10
12 10 3
12 3 1
12 3 2
12 10 9
12 9 8
12 8 6
12 6 5
12 5 4
12 8 7
12 15 14
12 14 13
13 15 14
13 14 2
13 2 1
13 1 0
13 14 13
13 13 7
13 7 6
13 6 4
13 4 3
13 6 5
13 13 12
13 12 10
13 10 9
13 9 8
13 12 11
14 15 14
14 14 13
14 13 6
14 6 5
14 5 4
14 4 3
14 3 0
14 3 2
14 2 1
14 13 12
14 12 10
14 10 9
14 9 7
14 9 8
14 12 11
15 14 13
15 13 12
15 12 1
15 1 0
15 12 11
15 11 7
15 7 5
15 5 2
15 5 4
15 4 3
15 7 6
15 11 10
15 10 9
15 9 8
16 18 1
16 1 0
16 18 17
16 17 16
16 16 15
16 15 2
16 15 14
16 14 11
16 11 10
16 10 3
16 10 9
16 9 4
16 9 8
16 8 6
16 6 5
16 8 7
16 14 13
16 13 12
17 14 0
17 14 13
17 13 12
17 12 10
17 10 1
17 10 9
17 9 3
17 3 2
17 9 8
17 8 6
17 6 4
17 6 5
17 8 7
17 12 11
18 16 15
18 15 1
18 1 0
18 15 14
18 14 12
18 12 5
18 5 4
18 4 2
18 4 3
18 12 11
18 11 7
18 7 6
18 11 10
18 10 9
18 9 8
18 14 13
19 18 16
19 16 15
19 15 10
19 10 9
19 9 0
19 9 8
19 8 6
19 6 4
19 4 3
19 3 1
19 3 2
19 6 5
19 8 7
19 15 14
19 14 12
19 12 11
19 14 13
19 18 17
20 15 3
20 3 1
20 1 0
20 3 2
20 15 14
20 14 12
20 12 10
20 10 9
20 9 8
20 8 4
20 8 7
20 7 6
20 6 5
20 12 11
20 14 13
21 14 13
21 13 2
21 2 0
21 2 1
21 13 12
21 12 11
21 11 8
21 8 6
21 6 5
21 5 3
21 5 4
21 8 7
21 11 10
21 10 9
22 14 13
22 13 12
22 12 9
22 9 8
22 8 7
22 7 6
22 6 5
22 5 2
22 2 0
22 2 1
22 5 4
22 4 3
22 12 11
22 11 10
23 14 12
23 12 5
23 5 4
23 4 3
23 3 1
23 1 0
23 3 2
23 12 11
23 11 9
23 9 8
23 8 6
23 8 7
23 11 10
23 14 13
24 17 15
24 15 13
24 13 0
24 13 12
24 12 10
24 10 1
24 10 9
24 9 7
24 7 2
24 7 6
24 6 5
24 5 3
24 5 4
24 9 8
24 12 11
24 15 14
24 17 16
25 15 14
25 14 13
25 13 11
25 11 0
25 11 10
25 10 5
25 5 4
25 4 1
25 4 3
25 3 2
25 10 9
25 9 8
25 8 6
25 8 7
25 13 12
26 15 14
26 14 13
26 13 12
26 12 11
26 11 8
26 8 7
26 7 6
26 6 3
26 3 0
26 3 2
26 2 1
26 6 5
26 5 4
26 11 10
26 10 9
27 18 16
27 16 14
27 14 13
27 13 8
27 8 3
27 3 2
27 2 1
27 1 0
27 8 7
27 7 6
27 6 5
27 5 4
27 13 12
27 12 11
27 11 9
27 11 10
27 16 15
27 18 17
28 16 12
28 12 1
28 1 0
28 12 11
28 11 9
28 9 8
28 8 4
28 4 2
28 4 3
28 8 7
28 7 6
28 6 5
28 11 10
28 16 15
28 15 14
28 14 13
29 14 3
29 3 2
29 2 0
29 2 1
29 14 13
29 13 7
29 7 6
29 6 5
29 5 4
29 13 12
29 12 8
29 12 11
29 11 10
29 10 9
30 17 0
30 17 16
30 16 1
30 16 15
30 15 14
30 14 13
30 13 12
30 12 2
30 12 11
30 11 9
30 9 3
30 9 8
30 8 6
30 6 5
30 5 4
30 8 7
30 11 10
31 19 16
31 16 14
31 14 11
31 11 10
31 10 8
31 8 7
31 7 6
31 6 5
31 5 0
31 5 4
31 4 2
31 2 1
31 4 3
31 10 9
31 14 13
31 13 12
31 16 15
31 19 18
31 18 17
32 15 14
32 14 13
32 13 12
32 12 6
32 6 2
32 2 1
32 1 0
32 6 5
32 5 4
32 4 3
32 12 11
32 11 9
32 9 8
32 8 7
32 11 10
33 15 14
33 14 13
33 13 0
33 13 12
33 12 6
33 6 4
33 4 3
33 3 2
33 2 1
33 6 5
33 12 11
33 11 10
33 10 9
33 9 8
33 8 7
34 18 0
34 18 17
34 17 16
34 16 12
34 12 5
34 5 1
34 5 4
34 4 3
34 3 2
34 12 11
34 11 10
34 10 9
34 9 7
34 7 6
34 9 8
34 16 15
34 15 14
34 14 13
35 18 4
35 4 2
35 2 1
35 1 0
35 4 3
35 18 17
35 17 11
35 11 10
35 10 5
35 10 9
35 9 7
35 7 6
35 9 8
35 17 16
35 16 15
35 15 14
35 14 12
35 14 13
36 17 1
36 1 0
36 17 16
36 16 15
36 15 13
36 13 12
36 12 5
36 5 3
36 3 2
36 5 4
36 12 11
36 11 6
36 11 10
36 10 8
36 8 7
36 10 9
36 15 14
37 15 12
37 12 0
37 12 11
37 11 2
37 2 1
37 11 10
37 10 9
37 9 3
37 9 8
37 8 6
37 6 4
37 6 5
37 8 7
37 15 14
37 14 13
38 15 13
38 13 12
38 12 4
38 4 3
38 3 1
38 1 0
38 3 2
38 12 11
38 11 5
38 11 10
38 10 8
38 8 7
38 7 6
38 10 9
38 15 14
39 15 14
39 14 2
39 2 1
39 1 0
39 14 13
39 13 8
39 8 7
39 7 5
39 5 4
39 4 3
39 7 6
39 13 12
39 12 11
39 11 9
39 11 10
40 18 0
40 18 17
40 17 16
40 16 13
40 13 12
40 12 10
40 10 9
40 9 8
40 8 5
40 5 3
40 3 1
40 3 2
40 5 4
40 8 7
40 7 6
40 12 11
40 16 15
40 15 14
41 14 13
41 13 12
41 12 3
41 3 2
41 2 0
41 2 1
41 12 11
41 11 7
41 7 6
41 6 5
41 5 4
41 11 10
41 10 9
41 9 8
42 16 0
42 16 15
42 15 7
42 7 2
42 2 1
42 7 6
42 6 5
42 5 4
42 4 3
42 15 14
42 14 8
42 14 13
42 13 12
42 12 10
42 10 9
42 12 11
43 19 12
43 12 9
43 9 7
43 7 3
43 3 1
43 1 0
43 3 2
43 7 6
43 6 4
43 6 5
43 9 8
43 12 11
43 11 10
43 19 18
43 18 15
43 15 13
43 15 14
43 18 17
43 17 16
44 15 14
44 14 8
44 8 7
44 7 6
44 6 0
44 6 5
44 5 1
44 5 4
44 4 2
44 4 3
44 14 13
44 13 12
44 12 11
44 11 9
44 11 10
45 16 1
45 1 0
45 16 15
45 15 14
45 14 12
45 12 2
45 12 11
45 11 4
45 4 3
45 11 10
45 10 5
45 10 9
45 9 6
45 9 8
45 8 7
45 14 13
46 15 14
46 14 7
46 7 3
46 3 2
46 2 1
46 1 0
46 7 6
46 6 5
46 5 4
46 14 13
46 13 8
46 13 12
46 12 10
46 10 9
46 12 11
47 14 13
47 13 6
47 6 5
47 5 2
47 2 0
47 2 1
47 5 4
47 4 3
47 13 12
47 12 11
47 11 10
47 10 8
47 8 7
47 10 9
48 16 2
48 2 1
48 1 0
48 16 15
48 15 14
48 14 3
48 14 13
48 13 12
48 12 11
48 11 9
48 9 8
48 8 7
48 7 6
48 6 5
48 5 4
48 11 10
49 19 18
49 18 0
49 18 17
49 17 6
49 6 2
49 2 1
49 6 5
49 5 4
49 4 3
49 17 16
49 16 11
49 11 7
49 11 10
49 10 9
49 9 8
49 16 15
49 15 14
49 14 12
49 14 13
50 15 11
50 11 10
50 10 9
50 9 7
50 7 6
50 6 5
50 5 2
50 2 1
50 1 0
50 5 4
50 4 3
50 9 8
50 15 14
50 14 13
50 13 12
51 15 10
51 10 8
51 8 7
51 7 4
51 4 2
51 2 0
51 2 1
51 4 3
51 7 6
51 6 5
51 10 9
51 15 14
51 14 11
51 14 13
51 13 12
52 16 1
52 1 0
52 16 15
52 15 14
52 14 4
52 4 2
52 4 3
52 14 13
52 13 5
52 13 12
52 12 10
52 10 8
52 8 6
52 8 7
52 10 9
52 12 11
53 15 14
53 14 11
53 11 6
53 6 3
53 3 1
53 1 0
53 3 2
53 6 5
53 5 4
53 11 10
53 10 9
53 9 7
53 9 8
53 14 13
53 13 12
54 18 17
54 17 16
54 16 1
54 1 0
54 16 15
54 15 8
54 8 5
54 5 4
54 4 2
54 4 3
54 8 7
54 7 6
54 15 14
54 14 13
54 13 12
54 12 11
54 11 10
54 10 9
55 14 12
55 12 10
55 10 2
55 2 0
55 2 1
55 10 9
55 9 8
55 8 3
55 8 7
55 7 5
55 5 4
55 7 6
55 12 11
55 14 13
56 15 14
56 14 12
56 12 11
56 11 10
56 10 7
56 7 6
56 6 5
56 5 3
56 3 1
56 1 0
56 3 2
56 5 4
56 10 9
56 9 8
56 14 13
57 18 16
57 16 0
57 16 15
57 15 14
57 14 12
57 12 9
57 9 2
57 2 1
57 9 8
57 8 7
57 7 5
57 5 4
57 4 3
57 7 6
57 12 11
57 11 10
57 14 13
57 18 17
58 14 13
58 13 12
58 12 2
58 2 1
58 1 0
58 12 11
58 11 10
58 10 3
58 10 9
58 9 8
58 8 4
58 8 7
58 7 6
58 6 5
59 14 13
59 13 2
59 2 1
59 1 0
59 13 12
59 12 3
59 12 11
59 11 9
59 9 8
59 8 6
59 6 4
59 6 5
59 8 7
59 11 10
60 18 16
60 16 10
60 10 9
60 9 0
60 9 8
60 8 1
60 8 7
60 7 5
60 5 2
60 5 4
60 4 3
60 7 6
60 16 15
60 15 12
60 12 11
60 15 14
60 14 13
60 18 17
61 15 14
61 14 9
61 9 7
61 7 5
61 5 2
61 2 1
61 1 0
61 5 4
61 4 3
61 7 6
61 9 8
61 14 13
61 13 12
61 12 10
61 12 11
62 15 14
62 14 13
62 13 12
62 12 10
62 10 9
62 9 3
62 3 0
62 3 2
62 2 1
62 9 8
62 8 6
62 6 4
62 6 5
62 8 7
62 12 11
63 17 16
63 16 0
63 16 15
63 15 1
63 15 14
63 14 13
63 13 3
63 3 2
63 13 12
63 12 6
63 6 5
63 5 4
63 12 11
63 11 9
63 9 7
63 9 8
63 11 10
64 18 16
64 16 14
64 14 13
64 13 12
64 12 11
64 11 9
64 9 8
64 8 7
64 7 6
64 6 4
64 4 3
64 3 0
64 3 2
64 2 1
64 6 5
64 11 10
64 16 15
64 18 17
65 19 17
65 17 0
65 17 16
65 16 14
65 14 13
65 13 12
65 12 8
65 8 7
65 7 2
65 2 1
65 7 6
65 6 5
65 5 3
65 5 4
65 12 11
65 11 10
65 10 9
65 16 15
65 19 18
66 17 16
66 16 15
66 15 13
66 13 12
66 12 7
66 7 6
66 6 5
66 5 1
66 1 0
66 5 4
66 4 3
66 3 2
66 12 11
66 11 10
66 10 8
66 10 9
66 15 14
67 14 3
67 3 0
67 3 2
67 2 1
67 14 13
67 13 12
67 12 6
67 6 4
67 6 5
67 12 11
67 11 7
67 11 10
67 10 8
67 10 9
68 14 13
68 13 12
68 12 11
68 11 9
68 9 2
68 2 1
68 1 0
68 9 8
68 8 7
68 7 4
68 4 3
68 7 6
68 6 5
68 11 10
69 16 8
69 8 7
69 7 6
69 6 2
69 2 0
69 2 1
69 6 5
69 5 3
69 5 4
69 16 15
69 15 11
69 11 10
69 10 9
69 15 14
69 14 12
69 14 13
70 17 16
70 16 14
70 14 9
70 9 7
70 7 6
70 6 0
70 6 5
70 5 4
70 4 3
70 3 2
70 2 1
70 9 8
70 14 13
70 13 12
70 12 11
70 11 10
70 16 15
71 14 8
71 8 4
71 4 3
71 3 1
71 1 0
71 3 2
71 8 7
71 7 6
71 6 5
71 14 13
71 13 12
71 12 10
71 10 9
71 12 11
72 14 11
72 11 10
72 10 9
72 9 8
72 8 7
72 7 5
72 5 3
72 3 1
72 1 0
72 3 2
72 5 4
72 7 6
72 14 13
72 13 12
73 17 2
73 2 1
73 1 0
73 17 16
73 16 10
73 10 5
73 5 4
73 4 3
73 10 9
73 9 7
73 7 6
73 9 8
73 16 15
73 15 13
73 13 11
73 13 12
73 15 14
74 15 13
74 13 12
74 12 11
74 11 10
74 10 0
74 10 9
74 9 4
74 4 2
74 2 1
74 4 3
74 9 8
74 8 5
74 8 7
74 7 6
74 15 14
75 15 0
75 15 14
75 14 2
75 2 1
75 14 13
75 13 6
75 6 5
75 5 4
75 4 3
75 13 12
75 12 10
75 10 7
75 10 9
75 9 8
75 12 11
76 18 0
76 18 17
76 17 1
76 17 16
76 16 8
76 8 5
76 5 4
76 4 3
76 3 2
76 8 7
76 7 6
76 16 15
76 15 13
76 13 11
76 11 9
76 11 10
76 13 12
76 15 14
77 18 17
77 17 0
77 17 16
77 16 1
77 16 15
77 15 2
77 15 14
77 14 8
77 8 6
77 6 5
77 5 3
77 5 4
77 8 7
77 14 13
77 13 12
77 12 11
77 11 9
77 11 10
78 17 16
78 16 15
78 15 12
78 12 0
78 12 11
78 11 9
78 9 6
78 6 2
78 2 1
78 6 5
78 5 3
78 5 4
78 9 8
78 8 7
78 11 10
78 15 14
78 14 13
79 14 1
79 1 0
79 14 13
79 13 2
79 13 12
79 12 3
79 12 11
79 11 10
79 10 4
79 10 9
79 9 5
79 9 8
79 8 7
79 7 6
80 17 0
80 17 16
80 16 15
80 15 14
80 14 10
80 10 7
80 7 6
80 6 4
80 4 3
80 3 2
80 2 1
80 6 5
80 10 9
80 9 8
80 14 13
80 13 12
80 12 11
81 17 16
81 16 15
81 15 12
81 12 8
81 8 6
81 6 5
81 5 3
81 3 2
81 2 1
81 1 0
81 5 4
81 8 7
81 12 11
81 11 10
81 10 9
81 15 14
81 14 13
82 15 8
82 8 4
82 4 0
82 4 3
82 3 2
82 2 1
82 8 7
82 7 6
82 6 5
82 15 14
82 14 13
82 13 11
82 11 9
82 11 10
82 13 12
83 18 2
83 2 0
83 2 1
83 18 17
83 17 15
83 15 13
83 13 12
83 12 11
83 11 7
83 7 6
83 6 3
83 6 5
83 5 4
83 11 10
83 10 9
83 9 8
83 15 14
83 17 16
84 14 13
84 13 11
84 11 1
84 1 0
84 11 10
84 10 7
84 7 4
84 4 3
84 3 2
84 7 6
84 6 5
84 10 9
84 9 8
84 13 12
85 18 1
85 1 0
85 18 17
85 17 2
85 17 16
85 16 15
85 15 13
85 13 4
85 4 3
85 13 12
85 12 11
85 11 7
85 7 5
85 7 6
85 11 10
85 10 9
85 9 8
85 15 14
86 19 18
86 18 0
86 18 17
86 17 4
86 4 3
86 3 2
86 2 1
86 17 16
86 16 14
86 14 13
86 13 12
86 12 11
86 11 10
86 10 6
86 6 5
86 10 9
86 9 7
86 9 8
86 16 15
87 18 0
87 18 17
87 17 8
87 8 6
87 6 3
87 3 1
87 3 2
87 6 5
87 5 4
87 8 7
87 17 16
87 16 12
87 12 11
87 11 9
87 11 10
87 16 15
87 15 13
87 15 14
88 15 0
88 15 14
88 14 2
88 2 1
88 14 13
88 13 3
88 13 12
88 12 4
88 12 11
88 11 5
88 11 10
88 10 9
88 9 7
88 7 6
88 9 8
89 15 12
89 12 10
89 10 5
89 5 3
89 3 0
89 3 2
89 2 1
89 5 4
89 10 9
89 9 6
89 9 8
89 8 7
89 12 11
89 15 14
89 14 13
90 18 11
90 11 1
90 1 0
90 11 10
90 10 9
90 9 2
90 9 8
90 8 7
90 7 6
90 6 5
90 5 4
90 4 3
90 18 17
90 17 14
90 14 13
90 13 12
90 17 16
90 16 15
91 15 14
91 14 0
91 14 13
91 13 1
91 13 12
91 12 10
91 10 2
91 10 9
91 9 8
91 8 6
91 6 5
91 5 3
91 5 4
91 8 7
91 12 11
92 15 14
92 14 13
92 13 0
92 13 12
92 12 10
92 10 4
92 4 3
92 3 2
92 2 1
92 10 9
92 9 8
92 8 7
92 7 6
92 6 5
92 12 11
93 17 16
93 16 15
93 15 0
93 15 14
93 14 3
93 3 2
93 2 1
93 14 13
93 13 12
93 12 11
93 11 10
93 10 7
93 7 4
93 7 6
93 6 5
93 10 9
93 9 8
94 14 11
94 11 10
94 10 9
94 9 0
94 9 8
94 8 7
94 7 1
94 7 6
94 6 3
94 3 2
94 6 5
94 5 4
94 14 13
94 13 12
95 15 0
95 15 14
95 14 13
95 13 6
95 6 3
95 3 2
95 2 1
95 6 5
95 5 4
95 13 12
95 12 10
95 10 7
95 10 9
95 9 8
95 12 11
96 14 11
96 11 5
96 5 3
96 3 2
96 2 0
96 2 1
96 5 4
96 11 10
96 10 9
96 9 8
96 8 7
96 7 6
96 14 13
96 13 12
97 14 1
97 1 0
97 14 13
97 13 6
97 6 5
97 5 4
97 4 2
97 4 3
97 13 12
97 12 8
97 8 7
97 12 11
97 11 9
97 11 10
98 16 13
98 13 0
98 13 12
98 12 6
98 6 4
98 4 1
98 4 3
98 3 2
98 6 5
98 12 11
98 11 10
98 10 9
98 9 7
98 9 8
98 16 15
98 15 14
99 16 15
99 15 3
99 3 2
99 2 0
99 2 1
99 15 14
99 14 13
99 13 12
99 12 11
99 11 10
99 10 8
99 8 7
99 7 6
99 6 5
99 5 4
99 10 9
100 16 10
100 10 9
100 9 1
100 1 0
100 9 8
100 8 7
100 7 5
100 5 4
100 4 2
100 4 3
100 7 6
100 16 15
100 15 11
100 15 14
100 14 13
100 13 12
101 16 12
101 12 11
101 11 3
101 3 1
101 1 0
101 3 2
101 11 10
101 10 6
101 6 4
101 6 5
101 10 9
101 9 8
101 8 7
101 16 15
101 15 14
101 14 13
