1 14 13
1 13 1
1 1 0
1 13 12
1 12 10
1 10 6
1 6 5
1 5 4
1 4 3
1 3 2
1 10 9
1 9 8
1 8 7
1 12 11
2 14 11
2 11 0
2 11 10
2 10 2
2 2 1
2 10 9
2 9 4
2 4 3
2 9 8
2 8 6
2 6 5
2 8 7
2 14 13
2 13 12
3 17 1
3 1 0
3 17 16
3 16 11
3 11 10
3 10 9
3 9 4
3 4 3
3 3 2
3 9 8
3 8 5
3 8 7
3 7 6
3 16 15
3 15 12
3 15 14
3 14 13
4 16 14
4 14 13
4 13 11
4 11 10
4 10 9
4 9 7
4 7 6
4 6 5
4 5 4
4 4 2
4 2 0
4 2 1
4 4 3
4 9 8
4 13 12
4 16 15
5 19 4
5 4 0
5 4 3
5 3 1
5 3 2
5 19 18
5 18 17
5 17 15
5 15 14
5 14 11
5 11 10
5 10 9
5 9 5
5 9 8
5 8 7
5 7 6
5 14 13
5 13 12
5 17 16
6 17 0
6 17 16
6 16 3
6 3 2
6 2 1
6 16 15
6 15 4
6 15 14
6 14 13
6 13 12
6 12 5
6 12 11
6 11 10
6 10 8
6 8 6
6 8 7
6 10 9
7 19 8
7 8 6
7 6 4
7 4 3
7 3 0
7 3 2
7 2 1
7 6 5
7 8 7
7 19 18
7 18 17
7 17 16
7 16 12
7 12 9
7 12 11
7 11 10
7 16 15
7 15 14
7 14 13
8 17 16
8 16 15
8 15 7
8 7 6
8 6 3
8 3 1
8 1 0
8 3 2
8 6 5
8 5 4
8 15 14
8 14 13
8 13 10
8 10 9
8 9 8
8 13 12
8 12 11
9 14 12
9 12 7
9 7 4
9 4 2
9 2 1
9 1 0
9 4 3
9 7 6
9 6 5
9 12 11
9 11 9
9 9 8
9 11 10
9 14 13
10 18 5
10 5 4
10 4 2
10 2 1
10 1 0
10 4 3
10 18 17
10 17 16
10 16 10
10 10 8
10 8 6
10 8 7
10 10 9
10 16 15
10 15 13
10 13 12
10 12 11
10 15 14
11 18 17
11 17 0
11 17 16
11 16 13
11 13 12
11 12 11
11 11 4
11 4 3
11 3 2
11 2 1
11 11 10
11 10 5
11 10 9
11 9 8
11 8 6
11 8 7
11 16 15
11 15 14
12 18 17
12 17 5
12 5 2
12 2 0
12 2 1
12 5 4
12 4 3
12 17 16
12 16 15
12 15 12
12 12 8
12 8 6
12 8 7
12 12 11
12 11 10
12 10 9
12 15 14
12 14 13
13 15 0
13 15 14
13 14 2
13 2 1
13 14 13
13 13 12
13 12 3
13 12 11
13 11 6
13 6 4
13 6 5
13 11 10
13 10 9
13 9 7
13 9 8
14 19 4
14 4 3
14 3 0
14 3 2
14 2 1
14 19 18
14 18 15
14 15 14
14 14 7
14 7 5
14 7 6
14 14 13
14 13 8
14 13 12
14 12 11
14 11 9
14 11 10
14 18 17
14 17 16
15 15 11
15 11 10
15 10 0
15 10 9
15 9 1
15 9 8
15 8 7
15 7 6
15 6 5
15 5 2
15 5 4
15 4 3
15 15 14
15 14 13
15 13 12
16 14 12
16 12 11
16 11 2
16 2 0
16 2 1
16 11 10
16 10 8
16 8 4
16 4 3
16 8 7
16 7 6
16 6 5
16 10 9
16 14 13
17 14 12
17 12 5
17 5 3
17 3 1
17 1 0
17 3 2
17 5 4
17 12 11
17 11 6
17 11 10
17 10 8
17 8 7
17 10 9
17 14 13
18 16 14
18 14 9
18 9 8
18 8 7
18 7 5
18 5 4
18 4 0
18 4 3
18 3 2
18 2 1
18 7 6
18 14 13
18 13 12
18 12 11
18 11 10
18 16 15
19 16 0
19 16 15
19 15 13
19 13 11
19 11 4
19 4 1
19 4 3
19 3 2
19 11 10
19 10 9
19 9 6
19 6 5
19 9 8
19 8 7
19 13 12
19 15 14
20 19 17
20 17 16
20 16 15
20 15 6
20 6 5
20 5 3
20 3 2
20 2 0
20 2 1
20 5 4
20 15 14
20 14 7
20 14 13
20 13 12
20 12 8
20 12 11
20 11 10
20 10 9
20 19 18
21 14 13
21 13 0
21 13 12
21 12 10
21 10 1
21 10 9
21 9 8
21 8 2
21 8 7
21 7 6
21 6 5
21 5 3
21 5 4
21 12 11
22 15 10
22 10 9
22 9 8
22 8 5
22 5 0
22 5 4
22 4 3
22 3 2
22 2 1
22 8 7
22 7 6
22 15 14
22 14 11
22 14 13
22 13 12
23 17 0
23 17 16
23 16 15
23 15 2
23 2 1
23 15 14
23 14 4
23 4 3
23 14 13
23 13 5
23 13 12
23 12 10
23 10 8
23 8 7
23 7 6
23 10 9
23 12 11
24 14 1
24 1 0
24 14 13
24 13 4
24 4 2
24 4 3
24 13 12
24 12 5
24 12 11
24 11 9
24 9 8
24 8 7
24 7 6
24 11 10
25 18 17
25 17 16
25 16 0
25 16 15
25 15 14
25 14 11
25 11 8
25 8 1
25 8 7
25 7 6
25 6 2
25 6 5
25 5 3
25 5 4
25 11 10
25 10 9
25 14 13
25 13 12
26 17 16
26 16 0
26 16 15
26 15 1
26 15 14
26 14 12
26 12 11
26 11 2
26 11 10
26 10 3
26 10 9
26 9 8
26 8 7
26 7 6
26 6 5
26 5 4
26 14 13
27 18 13
27 13 11
27 11 10
27 10 9
27 9 7
27 7 5
27 5 4
27 4 0
27 4 3
27 3 2
27 2 1
27 7 6
27 9 8
27 13 12
27 18 17
27 17 16
27 16 15
27 15 14
28 16 0
28 16 15
28 15 14
28 14 8
28 8 6
28 6 5
28 5 3
28 3 1
28 3 2
28 5 4
28 8 7
28 14 13
28 13 10
28 10 9
28 13 12
28 12 11
29 15 13
29 13 12
29 12 11
29 11 9
29 9 8
29 8 0
29 8 7
29 7 1
29 7 6
29 6 4
29 4 2
29 4 3
29 6 5
29 11 10
29 15 14
30 19 18
30 18 10
30 10 9
30 9 8
30 8 1
30 1 0
30 8 7
30 7 6
30 6 5
30 5 3
30 3 2
30 5 4
30 18 17
30 17 11
30 17 16
30 16 14
30 14 12
30 14 13
30 16 15
31 16 14
31 14 1
31 1 0
31 14 13
31 13 11
31 11 2
31 11 10
31 10 6
31 6 5
31 5 3
31 5 4
31 10 9
31 9 7
31 9 8
31 13 12
31 16 15
32 18 1
32 1 0
32 18 17
32 17 15
32 15 6
32 6 4
32 4 2
32 4 3
32 6 5
32 15 14
32 14 9
32 9 8
32 8 7
32 14 13
32 13 11
32 11 10
32 13 12
32 17 16
33 18 17
33 17 13
33 13 10
33 10 7
33 7 0
33 7 6
33 6 2
33 2 1
33 6 5
33 5 3
33 5 4
33 10 9
33 9 8
33 13 12
33 12 11
33 17 16
33 16 14
33 16 15
34 17 16
34 16 10
34 10 9
34 9 0
34 9 8
34 8 5
34 5 3
34 3 1
34 3 2
34 5 4
34 8 7
34 7 6
34 16 15
34 15 11
34 15 14
34 14 13
34 13 12
35 15 14
35 14 11
35 11 8
35 8 7
35 7 6
35 6 5
35 5 3
35 3 0
35 3 2
35 2 1
35 5 4
35 11 10
35 10 9
35 14 13
35 13 12
36 18 16
36 16 10
36 10 9
36 9 8
36 8 6
36 6 1
36 1 0
36 6 5
36 5 4
36 4 3
36 3 2
36 8 7
36 16 15
36 15 14
36 14 13
36 13 12
36 12 11
36 18 17
37 15 0
37 15 14
37 14 13
37 13 2
37 2 1
37 13 12
37 12 3
37 12 11
37 11 5
37 5 4
37 11 10
37 10 9
37 9 6
37 9 8
37 8 7
38 16 14
38 14 12
38 12 7
38 7 0
38 7 6
38 6 5
38 5 2
38 2 1
38 5 4
38 4 3
38 12 11
38 11 10
38 10 9
38 9 8
38 14 13
38 16 15
39 18 1
39 1 0
39 18 17
39 17 16
39 16 9
39 9 2
39 9 8
39 8 6
39 6 5
39 5 3
39 5 4
39 8 7
39 16 15
39 15 12
39 12 10
39 12 11
39 15 14
39 14 13
40 16 15
40 15 14
40 14 1
40 1 0
40 14 13
40 13 3
40 3 2
40 13 12
40 12 10
40 10 9
40 9 6
40 6 4
40 6 5
40 9 8
40 8 7
40 12 11
41 17 2
41 2 0
41 2 1
41 17 16
41 16 15
41 15 14
41 14 13
41 13 12
41 12 11
41 11 10
41 10 5
41 5 3
41 5 4
41 10 9
41 9 8
41 8 7
41 7 6
42 17 10
42 10 9
42 9 8
42 8 2
42 2 0
42 2 1
42 8 7
42 7 3
42 7 6
42 6 4
42 6 5
42 17 16
42 16 15
42 15 14
42 14 13
42 13 12
42 12 11
43 17 15
43 15 14
43 14 13
43 13 12
43 12 11
43 11 0
43 11 10
43 10 6
43 6 3
43 3 1
43 3 2
43 6 5
43 5 4
43 10 9
43 9 8
43 8 7
43 17 16
44 17 16
44 16 15
44 15 14
44 14 13
44 13 0
44 13 12
44 12 11
44 11 10
44 10 9
44 9 8
44 8 7
44 7 6
44 6 5
44 5 4
44 4 1
44 4 3
44 3 2
45 19 13
45 13 12
45 12 5
45 5 0
45 5 4
45 4 2
45 2 1
45 4 3
45 12 11
45 11 10
45 10 9
45 9 6
45 9 8
45 8 7
45 19 18
45 18 17
45 17 15
45 15 14
45 17 16
46 16 0
46 16 15
46 15 14
46 14 13
46 13 12
46 12 1
46 12 11
46 11 10
46 10 9
46 9 4
46 4 2
46 4 3
46 9 8
46 8 7
46 7 5
46 7 6
47 17 4
47 4 3
47 3 1
47 1 0
47 3 2
47 17 16
47 16 12
47 12 7
47 7 5
47 7 6
47 12 11
47 11 10
47 10 9
47 9 8
47 16 15
47 15 13
47 15 14
48 15 14
48 14 13
48 13 0
48 13 12
48 12 11
48 11 10
48 10 9
48 9 6
48 6 3
48 3 1
48 3 2
48 6 5
48 5 4
48 9 8
48 8 7
49 18 17
49 17 14
49 14 10
49 10 1
49 1 0
49 10 9
49 9 4
49 4 2
49 4 3
49 9 8
49 8 6
49 6 5
49 8 7
49 14 13
49 13 12
49 12 11
49 17 16
49 16 15
50 17 15
50 15 0
50 15 14
50 14 6
50 6 3
50 3 2
50 2 1
50 6 5
50 5 4
50 14 13
50 13 12
50 12 7
50 12 11
50 11 9
50 9 8
50 11 10
50 17 16
51 14 0
51 14 13
51 13 2
51 2 1
51 13 12
51 12 11
51 11 4
51 4 3
51 11 10
51 10 5
51 10 9
51 9 7
51 7 6
51 9 8
52 18 16
52 16 15
52 15 0
52 15 14
52 14 13
52 13 12
52 12 1
52 12 11
52 11 9
52 9 7
52 7 6
52 6 5
52 5 2
52 5 4
52 4 3
52 9 8
52 11 10
52 18 17
53 18 16
53 16 15
53 15 14
53 14 13
53 13 0
53 13 12
53 12 9
53 9 1
53 9 8
53 8 6
53 6 2
53 6 5
53 5 4
53 4 3
53 8 7
53 12 11
53 11 10
53 18 17
54 15 14
54 14 13
54 13 0
54 13 12
54 12 11
54 11 2
54 2 1
54 11 10
54 10 3
54 10 9
54 9 4
54 9 8
54 8 7
54 7 5
54 7 6
55 14 2
55 2 0
55 2 1
55 14 13
55 13 3
55 13 12
55 12 10
55 10 9
55 9 8
55 8 7
55 7 6
55 6 5
55 5 4
55 12 11
56 18 16
56 16 15
56 15 2
56 2 0
56 2 1
56 15 14
56 14 10
56 10 9
56 9 5
56 5 3
56 5 4
56 9 8
56 8 6
56 8 7
56 14 13
56 13 12
56 12 11
56 18 17
57 19 9
57 9 2
57 2 1
57 1 0
57 9 8
57 8 7
57 7 6
57 6 4
57 4 3
57 6 5
57 19 18
57 18 12
57 12 11
57 11 10
57 18 17
57 17 14
57 14 13
57 17 16
57 16 15
58 16 15
58 15 14
58 14 0
58 14 13
58 13 12
58 12 11
58 11 1
58 11 10
58 10 8
58 8 7
58 7 3
58 3 2
58 7 6
58 6 5
58 5 4
58 10 9
59 18 16
59 16 15
59 15 13
59 13 11
59 11 10
59 10 9
59 9 7
59 7 6
59 6 0
59 6 5
59 5 4
59 4 1
59 4 3
59 3 2
59 9 8
59 13 12
59 15 14
59 18 17
60 18 16
60 16 15
60 15 13
60 13 6
60 6 2
60 2 0
60 2 1
60 6 5
60 5 3
60 5 4
60 13 12
60 12 10
60 10 7
60 10 9
60 9 8
60 12 11
60 15 14
60 18 17
61 14 6
61 6 0
61 6 5
61 5 4
61 4 3
61 3 2
61 2 1
61 14 13
61 13 10
61 10 8
61 8 7
61 10 9
61 13 12
61 12 11
62 17 16
62 16 5
62 5 1
62 1 0
62 5 4
62 4 3
62 3 2
62 16 15
62 15 14
62 14 12
62 12 11
62 11 6
62 11 10
62 10 9
62 9 7
62 9 8
62 14 13
63 17 14
63 14 13
63 13 5
63 5 0
63 5 4
63 4 3
63 3 1
63 3 2
63 13 12
63 12 7
63 7 6
63 12 11
63 11 10
63 10 9
63 9 8
63 17 16
63 16 15
64 16 2
64 2 1
64 1 0
64 16 15
64 15 13
64 13 8
64 8 5
64 5 4
64 4 3
64 8 7
64 7 6
64 13 12
64 12 11
64 11 10
64 10 9
64 15 14
65 18 17
65 17 14
65 14 13
65 13 12
65 12 11
65 11 10
65 10 9
65 9 6
65 6 5
65 5 3
65 3 2
65 2 0
65 2 1
65 5 4
65 9 8
65 8 7
65 17 16
65 16 15
66 19 0
66 19 18
66 18 17
66 17 16
66 16 13
66 13 10
66 10 8
66 8 7
66 7 3
66 3 2
66 2 1
66 7 6
66 6 5
66 5 4
66 10 9
66 13 12
66 12 11
66 16 15
66 15 14
67 18 17
67 17 16
67 16 0
67 16 15
67 15 9
67 9 8
67 8 7
67 7 2
67 2 1
67 7 6
67 6 5
67 5 3
67 5 4
67 15 14
67 14 10
67 14 13
67 13 12
67 12 11
68 14 2
68 2 0
68 2 1
68 14 13
68 13 12
68 12 4
68 4 3
68 12 11
68 11 9
68 9 5
68 9 8
68 8 6
68 8 7
68 11 10
69 15 8
69 8 6
69 6 1
69 1 0
69 6 5
69 5 4
69 4 2
69 4 3
69 8 7
69 15 14
69 14 9
69 14 13
69 13 10
69 13 12
69 12 11
70 18 16
70 16 14
70 14 0
70 14 13
70 13 4
70 4 1
70 4 3
70 3 2
70 13 12
70 12 10
70 10 9
70 9 5
70 9 8
70 8 6
70 8 7
70 12 11
70 16 15
70 18 17
71 17 16
71 16 15
71 15 14
71 14 11
71 11 6
71 6 5
71 5 4
71 4 3
71 3 2
71 2 0
71 2 1
71 11 10
71 10 7
71 10 9
71 9 8
71 14 13
71 13 12
72 18 16
72 16 8
72 8 0
72 8 7
72 7 6
72 6 2
72 2 1
72 6 5
72 5 4
72 4 3
72 16 15
72 15 14
72 14 12
72 12 9
72 12 11
72 11 10
72 14 13
72 18 17
73 15 5
73 5 4
73 4 1
73 1 0
73 4 3
73 3 2
73 15 14
73 14 13
73 13 12
73 12 7
73 7 6
73 12 11
73 11 10
73 10 9
73 9 8
74 18 15
74 15 6
74 6 4
74 4 3
74 3 1
74 1 0
74 3 2
74 6 5
74 15 14
74 14 13
74 13 12
74 12 11
74 11 7
74 11 10
74 10 8
74 10 9
74 18 17
74 17 16
75 18 17
75 17 5
75 5 3
75 3 0
75 3 2
75 2 1
75 5 4
75 17 16
75 16 6
75 16 15
75 15 13
75 13 12
75 12 7
75 12 11
75 11 8
75 11 10
75 10 9
75 15 14
76 15 13
76 13 12
76 12 4
76 4 0
76 4 3
76 3 1
76 3 2
76 12 11
76 11 9
76 9 8
76 8 5
76 8 7
76 7 6
76 11 10
76 15 14
77 15 13
77 13 0
77 13 12
77 12 4
77 4 2
77 2 1
77 4 3
77 12 11
77 11 5
77 11 10
77 10 6
77 10 9
77 9 7
77 9 8
77 15 14
78 14 1
78 1 0
78 14 13
78 13 5
78 5 2
78 5 4
78 4 3
78 13 12
78 12 11
78 11 10
78 10 9
78 9 6
78 9 8
78 8 7
79 15 13
79 13 1
79 1 0
79 13 12
79 12 11
79 11 9
79 9 8
79 8 3
79 3 2
79 8 7
79 7 5
79 5 4
79 7 6
79 11 10
79 15 14
80 16 11
80 11 7
80 7 0
80 7 6
80 6 5
80 5 4
80 4 1
80 4 3
80 3 2
80 11 10
80 10 9
80 9 8
80 16 15
80 15 13
80 13 12
80 15 14
81 15 14
81 14 12
81 12 9
81 9 1
81 1 0
81 9 8
81 8 6
81 6 2
81 6 5
81 5 4
81 4 3
81 8 7
81 12 11
81 11 10
81 14 13
82 15 12
82 12 11
82 11 4
82 4 2
82 2 1
82 1 0
82 4 3
82 11 10
82 10 5
82 10 9
82 9 8
82 8 7
82 7 6
82 15 14
82 14 13
83 15 14
83 14 0
83 14 13
83 13 12
83 12 11
83 11 1
83 11 10
83 10 7
83 7 5
83 5 4
83 4 2
83 4 3
83 7 6
83 10 9
83 9 8
84 19 16
84 16 14
84 14 12
84 12 11
84 11 9
84 9 5
84 5 4
84 4 0
84 4 3
84 3 2
84 2 1
84 9 8
84 8 7
84 7 6
84 11 10
84 14 13
84 16 15
84 19 18
84 18 17
85 16 14
85 14 12
85 12 2
85 2 1
85 1 0
85 12 11
85 11 10
85 10 8
85 8 5
85 5 4
85 4 3
85 8 7
85 7 6
85 10 9
85 14 13
85 16 15
86 19 16
86 16 14
86 14 13
86 13 12
86 12 0
86 12 11
86 11 10
86 10 8
86 8 7
86 7 1
86 7 6
86 6 2
86 6 5
86 5 3
86 5 4
86 10 9
86 16 15
86 19 18
86 18 17
87 17 16
87 16 15
87 15 14
87 14 13
87 13 5
87 5 1
87 1 0
87 5 4
87 4 2
87 4 3
87 13 12
87 12 11
87 11 9
87 9 6
87 9 8
87 8 7
87 11 10
88 15 1
88 1 0
88 15 14
88 14 13
88 13 12
88 12 2
88 12 11
88 11 4
88 4 3
88 11 10
88 10 6
88 6 5
88 10 9
88 9 7
88 9 8
89 15 3
89 3 2
89 2 0
89 2 1
89 15 14
89 14 13
89 13 12
89 12 10
89 10 9
89 9 4
89 9 8
89 8 6
89 6 5
89 8 7
89 12 11
90 19 2
90 2 0
90 2 1
90 19 18
90 18 16
90 16 15
90 15 12
90 12 3
90 12 11
90 11 10
90 10 6
90 6 4
90 6 5
90 10 9
90 9 7
90 9 8
90 15 14
90 14 13
90 18 17
91 16 15
91 15 0
91 15 14
91 14 13
91 13 12
91 12 10
91 10 8
91 8 6
91 6 3
91 3 2
91 2 1
91 6 5
91 5 4
91 8 7
91 10 9
91 12 11
92 14 6
92 6 4
92 4 1
92 1 0
92 4 3
92 3 2
92 6 5
92 14 13
92 13 7
92 13 12
92 12 11
92 11 9
92 9 8
92 11 10
93 15 14
93 14 13
93 13 5
93 5 0
93 5 4
93 4 2
93 2 1
93 4 3
93 13 12
93 12 9
93 9 7
93 7 6
93 9 8
93 12 11
93 11 10
94 17 0
94 17 16
94 16 2
94 2 1
94 16 15
94 15 14
94 14 12
94 12 3
94 12 11
94 11 9
94 9 8
94 8 7
94 7 4
94 7 6
94 6 5
94 11 10
94 14 13
95 19 10
95 10 9
95 9 8
95 8 4
95 4 3
95 3 2
95 2 1
95 1 0
95 8 7
95 7 5
95 7 6
95 19 18
95 18 17
95 17 11
95 17 16
95 16 15
95 15 12
95 15 14
95 14 13
96 17 16
96 16 15
96 15 11
96 11 10
96 10 5
96 5 3
96 3 2
96 2 0
96 2 1
96 5 4
96 10 9
96 9 6
96 9 8
96 8 7
96 15 14
96 14 12
96 14 13
97 19 14
97 14 12
97 12 0
97 12 11
97 11 1
97 11 10
97 10 2
97 10 9
97 9 8
97 8 5
97 5 4
97 4 3
97 8 7
97 7 6
97 14 13
97 19 18
97 18 16
97 16 15
97 18 17
98 16 1
98 1 0
98 16 15
98 15 14
98 14 13
98 13 12
98 12 11
98 11 7
98 7 6
98 6 4
98 4 3
98 3 2
98 6 5
98 11 10
98 10 9
98 9 8
99 17 16
99 16 15
99 15 0
99 15 14
99 14 13
99 13 11
99 11 10
99 10 6
99 6 4
99 4 3
99 3 2
99 2 1
99 6 5
99 10 9
99 9 8
99 8 7
99 13 12
100 17 15
100 15 13
100 13 1
100 1 0
100 13 12
100 12 6
100 6 5
100 5 3
100 3 2
100 5 4
100 12 11
100 11 9
100 9 8
100 8 7
100 11 10
100 15 14
100 17 16
101 14 12
101 12 4
101 4 3
101 3 1
101 1 0
101 3 2
101 12 11
101 11 5
101 11 10
101 10 8
101 8 7
101 7 6
101 10 9
101 14 13
