1 15 14
1 14 7
1 7 6
1 6 4
1 4 3
1 3 2
1 2 1
1 1 0
1 6 5
1 14 13
1 13 9
1 9 8
1 13 12
1 12 10
1 12 11
2 14 2
2 2 1
2 1 0
2 14 13
2 13 12
2 12 8
2 8 3
2 8 7
2 7 5
2 5 4
2 7 6
2 12 11
2 11 9
2 11 10
3 17 12
3 12 0
3 12 11
3 11 10
3 10 4
3 4 1
3 4 3
3 3 2
3 10 9
3 9 7
3 7 5
3 7 6
3 9 8
3 17 16
3 16 13
3 16 15
3 15 14
4 15 12
4 12 1
4 1 0
4 12 11
4 11 10
4 10 3
4 3 2
4 10 9
4 9 5
4 5 4
4 9 8
4 8 6
4 8 7
4 15 14
4 14 13
5 18 17
5 17 0
5 17 16
5 16 15
5 15 13
5 13 11
5 11 1
5 11 10
5 10 9
5 9 8
5 8 7
5 7 2
5 7 6
5 6 4
5 4 3
5 6 5
5 13 12
5 15 14
6 17 6
6 6 4
6 4 3
6 3 1
6 1 0
6 3 2
6 6 5
6 17 16
6 16 15
6 15 14
6 14 12
6 12 11
6 11 10
6 10 7
6 10 9
6 9 8
6 14 13
7 19 18
7 18 0
7 18 17
7 17 16
7 16 6
7 6 2
7 2 1
7 6 5
7 5 3
7 5 4
7 16 15
7 15 13
7 13 12
7 12 11
7 11 8
7 8 7
7 11 10
7 10 9
7 15 14
8 14 5
8 5 2
8 2 1
8 1 0
8 5 4
8 4 3
8 14 13
8 13 12
8 12 11
8 11 10
8 10 9
8 9 8
8 8 7
8 7 6
9 18 2
9 2 0
9 2 1
9 18 17
9 17 15
9 15 12
9 12 6
9 6 4
9 4 3
9 6 5
9 12 11
9 11 10
9 10 7
9 10 9
9 9 8
9 15 14
9 14 13
9 17 16
10 16 4
10 4 3
10 3 1
10 1 0
10 3 2
10 16 15
10 15 8
10 8 6
10 6 5
10 8 7
10 15 14
10 14 9
10 14 13
10 13 10
10 13 12
10 12 11
11 18 15
11 15 14
11 14 0
11 14 13
11 13 12
11 12 11
11 11 10
11 10 3
11 3 2
11 2 1
11 10 9
11 9 8
11 8 4
11 8 7
11 7 6
11 6 5
11 18 17
11 17 16
12 16 10
12 10 9
12 9 1
12 1 0
12 9 8
12 8 7
12 7 5
12 5 3
12 3 2
12 5 4
12 7 6
12 16 15
12 15 14
12 14 12
12 12 11
12 14 13
13 15 8
13 8 7
13 7 1
13 1 0
13 7 6
13 6 4
13 4 3
13 3 2
13 6 5
13 15 14
13 14 12
13 12 10
13 10 9
13 12 11
13 14 13
14 17 0
14 17 16
14 16 1
14 16 15
14 15 14
14 14 9
14 9 8
14 8 6
14 6 4
14 4 3
14 3 2
14 6 5
14 8 7
14 14 13
14 13 12
14 12 11
14 11 10
15 18 17
15 17 16
15 16 15
15 15 14
15 14 2
15 2 1
15 1 0
15 14 13
15 13 12
15 12 9
15 9 8
15 8 7
15 7 6
15 6 5
15 5 3
15 5 4
15 12 11
15 11 10
16 18 16
16 16 15
16 15 0
16 15 14
16 14 10
16 10 1
16 10 9
16 9 8
16 8 7
16 7 6
16 6 5
16 5 4
16 4 3
16 3 2
16 14 13
16 13 11
16 13 12
16 18 17
17 19 17
17 17 1
17 1 0
17 17 16
17 16 4
17 4 2
17 4 3
17 16 15
17 15 5
17 15 14
17 14 13
17 13 11
17 11 10
17 10 8
17 8 7
17 7 6
17 10 9
17 13 12
17 19 18
18 16 14
18 14 13
18 13 4
18 4 3
18 3 0
18 3 2
18 2 1
18 13 12
18 12 11
18 11 10
18 10 9
18 9 5
18 9 8
18 8 7
18 7 6
18 16 15
19 16 0
19 16 15
19 15 13
19 13 12
19 12 11
19 11 6
19 6 1
19 6 5
19 5 4
19 4 3
19 3 2
19 11 10
19 10 7
19 10 9
19 9 8
19 15 14
20 18 15
20 15 10
20 10 0
20 10 9
20 9 8
20 8 3
20 3 2
20 2 1
20 8 7
20 7 6
20 6 5
20 5 4
20 15 14
20 14 11
20 14 13
20 13 12
20 18 17
20 17 16
21 19 18
21 18 16
21 16 2
21 2 1
21 1 0
21 16 15
21 15 4
21 4 3
21 15 14
21 14 13
21 13 11
21 11 5
21 11 10
21 10 6
21 10 9
21 9 8
21 8 7
21 13 12
21 18 17
22 15 14
22 14 13
22 13 8
22 8 5
22 5 4
22 4 2
22 2 0
22 2 1
22 4 3
22 8 7
22 7 6
22 13 12
22 12 9
22 12 11
22 11 10
23 16 15
23 15 4
23 4 1
23 1 0
23 4 3
23 3 2
23 15 14
23 14 13
23 13 5
23 13 12
23 12 11
23 11 10
23 10 7
23 7 6
23 10 9
23 9 8
24 19 18
24 18 0
24 18 17
24 17 16
24 16 5
24 5 1
24 5 4
24 4 3
24 3 2
24 16 15
24 15 7
24 7 6
24 15 14
24 14 13
24 13 12
24 12 11
24 11 8
24 11 10
24 10 9
25 17 2
25 2 1
25 1 0
25 17 16
25 16 12
25 12 11
25 11 5
25 5 4
25 4 3
25 11 10
25 10 6
25 10 9
25 9 8
25 8 7
25 16 15
25 15 14
25 14 13
26 15 14
26 14 1
26 1 0
26 14 13
26 13 12
26 12 11
26 11 10
26 10 2
26 10 9
26 9 8
26 8 7
26 7 6
26 6 3
26 6 5
26 5 4
27 14 12
27 12 11
27 11 10
27 10 3
27 3 2
27 2 1
27 1 0
27 10 9
27 9 4
27 9 8
27 8 7
27 7 6
27 6 5
27 14 13
28 18 17
28 17 9
28 9 0
28 9 8
28 8 4
28 4 1
28 4 3
28 3 2
28 8 7
28 7 5
28 7 6
28 17 16
28 16 10
28 16 15
28 15 11
28 15 14
28 14 12
28 14 13
29 18 17
29 17 1
29 1 0
29 17 16
29 16 2
29 16 15
29 15 3
29 15 14
29 14 13
29 13 8
29 8 7
29 7 6
29 6 4
29 6 5
29 13 12
29 12 10
29 10 9
29 12 11
30 15 10
30 10 6
30 6 0
30 6 5
30 5 3
30 3 1
30 3 2
30 5 4
30 10 9
30 9 8
30 8 7
30 15 14
30 14 11
30 14 13
30 13 12
31 16 15
31 15 14
31 14 13
31 13 12
31 12 1
31 1 0
31 12 11
31 11 7
31 7 2
31 7 6
31 6 5
31 5 3
31 5 4
31 11 10
31 10 9
31 9 8
32 16 5
32 5 0
32 5 4
32 4 1
32 4 3
32 3 2
32 16 15
32 15 14
32 14 12
32 12 11
32 11 6
32 11 10
32 10 8
32 8 7
32 10 9
32 14 13
33 18 17
33 17 16
33 16 14
33 14 1
33 1 0
33 14 13
33 13 6
33 6 5
33 5 2
33 5 4
33 4 3
33 13 12
33 12 11
33 11 7
33 11 10
33 10 9
33 9 8
33 16 15
34 17 15
34 15 13
34 13 10
34 10 9
34 9 5
34 5 4
34 4 0
34 4 3
34 3 1
34 3 2
34 9 8
34 8 7
34 7 6
34 13 12
34 12 11
34 15 14
34 17 16
35 16 8
35 8 7
35 7 5
35 5 3
35 3 2
35 2 0
35 2 1
35 5 4
35 7 6
35 16 15
35 15 9
35 15 14
35 14 12
35 12 11
35 11 10
35 14 13
36 15 3
36 3 2
36 2 1
36 1 0
36 15 14
36 14 9
36 9 8
36 8 6
36 6 5
36 5 4
36 8 7
36 14 13
36 13 10
36 13 12
36 12 11
37 15 14
37 14 0
37 14 13
37 13 12
37 12 2
37 2 1
37 12 11
37 11 4
37 4 3
37 11 10
37 10 7
37 7 6
37 6 5
37 10 9
37 9 8
38 19 18
38 18 3
38 3 2
38 2 0
38 2 1
38 18 17
38 17 15
38 15 9
38 9 5
38 5 4
38 9 8
38 8 6
38 8 7
38 15 14
38 14 13
38 13 12
38 12 11
38 11 10
38 17 16
39 18 16
39 16 15
39 15 14
39 14 1
39 1 0
39 14 13
39 13 11
39 11 3
39 3 2
39 11 10
39 10 9
39 9 7
39 7 5
39 5 4
39 7 6
39 9 8
39 13 12
39 18 17
40 16 3
40 3 1
40 1 0
40 3 2
40 16 15
40 15 4
40 15 14
40 14 13
40 13 8
40 8 7
40 7 5
40 7 6
40 13 12
40 12 9
40 12 11
40 11 10
41 19 8
41 8 7
41 7 6
41 6 0
41 6 5
41 5 4
41 4 3
41 3 1
41 3 2
41 19 18
41 18 15
41 15 9
41 15 14
41 14 13
41 13 10
41 13 12
41 12 11
41 18 17
41 17 16
42 14 13
42 13 11
42 11 4
42 4 2
42 2 1
42 1 0
42 4 3
42 11 10
42 10 8
42 8 5
42 8 7
42 7 6
42 10 9
42 13 12
43 17 16
43 16 4
43 4 2
43 2 0
43 2 1
43 4 3
43 16 15
43 15 11
43 11 10
43 10 9
43 9 5
43 9 8
43 8 6
43 8 7
43 15 14
43 14 12
43 14 13
44 16 4
44 4 3
44 3 2
44 2 1
44 1 0
44 16 15
44 15 14
44 14 11
44 11 10
44 10 6
44 6 5
44 10 9
44 9 7
44 9 8
44 14 13
44 13 12
45 16 13
45 13 12
45 12 1
45 1 0
45 12 11
45 11 7
45 7 6
45 6 2
45 6 5
45 5 4
45 4 3
45 11 10
45 10 9
45 9 8
45 16 15
45 15 14
46 17 15
46 15 3
46 3 2
46 2 0
46 2 1
46 15 14
46 14 4
46 14 13
46 13 8
46 8 7
46 7 5
46 7 6
46 13 12
46 12 11
46 11 10
46 10 9
46 17 16
47 17 16
47 16 15
47 15 2
47 2 1
47 1 0
47 15 14
47 14 9
47 9 5
47 5 3
47 5 4
47 9 8
47 8 7
47 7 6
47 14 13
47 13 12
47 12 10
47 12 11
48 15 5
48 5 0
48 5 4
48 4 2
48 2 1
48 4 3
48 15 14
48 14 7
48 7 6
48 14 13
48 13 12
48 12 11
48 11 8
48 11 10
48 10 9
49 17 3
49 3 2
49 2 1
49 1 0
49 17 16
49 16 4
49 16 15
49 15 13
49 13 12
49 12 9
49 9 6
49 6 5
49 9 8
49 8 7
49 12 11
49 11 10
49 15 14
50 15 14
50 14 13
50 13 8
50 8 0
50 8 7
50 7 3
50 3 1
50 3 2
50 7 6
50 6 4
50 6 5
50 13 12
50 12 9
50 12 11
50 11 10
51 19 6
51 6 5
51 5 0
51 5 4
51 4 2
51 2 1
51 4 3
51 19 18
51 18 10
51 10 9
51 9 7
51 9 8
51 18 17
51 17 16
51 16 14
51 14 13
51 13 12
51 12 11
51 16 15
52 17 0
52 17 16
52 16 15
52 15 13
52 13 1
52 13 12
52 12 2
52 12 11
52 11 10
52 10 9
52 9 5
52 5 4
52 4 3
52 9 8
52 8 6
52 8 7
52 15 14
53 19 18
53 18 8
53 8 7
53 7 6
53 6 5
53 5 3
53 3 2
53 2 1
53 1 0
53 5 4
53 18 17
53 17 9
53 17 16
53 16 14
53 14 13
53 13 12
53 12 11
53 11 10
53 16 15
54 17 12
54 12 0
54 12 11
54 11 3
54 3 2
54 2 1
54 11 10
54 10 9
54 9 7
54 7 6
54 6 5
54 5 4
54 9 8
54 17 16
54 16 15
54 15 13
54 15 14
55 16 14
55 14 11
55 11 0
55 11 10
55 10 9
55 9 5
55 5 3
55 3 1
55 3 2
55 5 4
55 9 8
55 8 6
55 8 7
55 14 13
55 13 12
55 16 15
56 15 14
56 14 2
56 2 1
56 1 0
56 14 13
56 13 7
56 7 6
56 6 3
56 6 5
56 5 4
56 13 12
56 12 10
56 10 9
56 9 8
56 12 11
57 16 0
57 16 15
57 15 7
57 7 6
57 6 5
57 5 3
57 3 2
57 2 1
57 5 4
57 15 14
57 14 13
57 13 12
57 12 11
57 11 10
57 10 8
57 10 9
58 17 16
58 16 7
58 7 6
58 6 3
58 3 0
58 3 2
58 2 1
58 6 5
58 5 4
58 16 15
58 15 14
58 14 10
58 10 8
58 10 9
58 14 13
58 13 12
58 12 11
59 18 11
59 11 10
59 10 9
59 9 8
59 8 7
59 7 0
59 7 6
59 6 4
59 4 2
59 2 1
59 4 3
59 6 5
59 18 17
59 17 13
59 13 12
59 17 16
59 16 15
59 15 14
60 19 17
60 17 0
60 17 16
60 16 3
60 3 1
60 3 2
60 16 15
60 15 4
60 15 14
60 14 6
60 6 5
60 14 13
60 13 12
60 12 11
60 11 9
60 9 7
60 9 8
60 11 10
60 19 18
61 15 13
61 13 3
61 3 2
61 2 1
61 1 0
61 13 12
61 12 8
61 8 7
61 7 5
61 5 4
61 7 6
61 12 11
61 11 10
61 10 9
61 15 14
62 15 10
62 10 9
62 9 8
62 8 7
62 7 6
62 6 4
62 4 2
62 2 0
62 2 1
62 4 3
62 6 5
62 15 14
62 14 11
62 14 13
62 13 12
63 17 16
63 16 1
63 1 0
63 16 15
63 15 10
63 10 2
63 10 9
63 9 3
63 9 8
63 8 4
63 8 7
63 7 6
63 6 5
63 15 14
63 14 13
63 13 11
63 13 12
64 18 15
64 15 0
64 15 14
64 14 12
64 12 9
64 9 1
64 9 8
64 8 4
64 4 2
64 4 3
64 8 7
64 7 5
64 7 6
64 12 11
64 11 10
64 14 13
64 18 17
64 17 16
65 19 0
65 19 18
65 18 16
65 16 14
65 14 2
65 2 1
65 14 13
65 13 3
65 13 12
65 12 11
65 11 10
65 10 4
65 10 9
65 9 8
65 8 7
65 7 6
65 6 5
65 16 15
65 18 17
66 14 13
66 13 12
66 12 3
66 3 2
66 2 0
66 2 1
66 12 11
66 11 9
66 9 7
66 7 4
66 7 6
66 6 5
66 9 8
66 11 10
67 17 16
67 16 14
67 14 13
67 13 9
67 9 7
67 7 6
67 6 5
67 5 4
67 4 1
67 1 0
67 4 3
67 3 2
67 9 8
67 13 12
67 12 10
67 12 11
67 16 15
68 14 10
68 10 9
68 9 1
68 1 0
68 9 8
68 8 4
68 4 3
68 3 2
68 8 7
68 7 6
68 6 5
68 14 13
68 13 11
68 13 12
69 17 1
69 1 0
69 17 16
69 16 9
69 9 8
69 8 6
69 6 4
69 4 2
69 4 3
69 6 5
69 8 7
69 16 15
69 15 14
69 14 13
69 13 11
69 11 10
69 13 12
70 14 13
70 13 0
70 13 12
70 12 5
70 5 3
70 3 2
70 2 1
70 5 4
70 12 11
70 11 7
70 7 6
70 11 10
70 10 8
70 10 9
71 16 15
71 15 0
71 15 14
71 14 12
71 12 11
71 11 8
71 8 5
71 5 1
71 5 4
71 4 2
71 4 3
71 8 7
71 7 6
71 11 10
71 10 9
71 14 13
72 18 17
72 17 0
72 17 16
72 16 15
72 15 13
72 13 9
72 9 8
72 8 6
72 6 4
72 4 2
72 2 1
72 4 3
72 6 5
72 8 7
72 13 12
72 12 10
72 12 11
72 15 14
73 15 11
73 11 10
73 10 5
73 5 3
73 3 2
73 2 1
73 1 0
73 5 4
73 10 9
73 9 6
73 9 8
73 8 7
73 15 14
73 14 12
73 14 13
74 16 0
74 16 15
74 15 1
74 15 14
74 14 13
74 13 12
74 12 11
74 11 10
74 10 6
74 6 2
74 6 5
74 5 4
74 4 3
74 10 9
74 9 8
74 8 7
75 17 16
75 16 15
75 15 12
75 12 5
75 5 4
75 4 3
75 3 2
75 2 1
75 1 0
75 12 11
75 11 9
75 9 8
75 8 7
75 7 6
75 11 10
75 15 14
75 14 13
76 16 1
76 1 0
76 16 15
76 15 14
76 14 2
76 14 13
76 13 11
76 11 4
76 4 3
76 11 10
76 10 5
76 10 9
76 9 8
76 8 7
76 7 6
76 13 12
77 18 0
77 18 17
77 17 16
77 16 12
77 12 2
77 2 1
77 12 11
77 11 8
77 8 4
77 4 3
77 8 7
77 7 6
77 6 5
77 11 10
77 10 9
77 16 15
77 15 14
77 14 13
78 14 9
78 9 2
78 2 0
78 2 1
78 9 8
78 8 3
78 8 7
78 7 4
78 7 6
78 6 5
78 14 13
78 13 12
78 12 11
78 11 10
79 14 12
79 12 11
79 11 9
79 9 8
79 8 4
79 4 0
79 4 3
79 3 1
79 3 2
79 8 7
79 7 6
79 6 5
79 11 10
79 14 13
80 18 17
80 17 5
80 5 4
80 4 3
80 3 0
80 3 2
80 2 1
80 17 16
80 16 15
80 15 13
80 13 6
80 13 12
80 12 11
80 11 8
80 8 7
80 11 10
80 10 9
80 15 14
81 19 17
81 17 14
81 14 12
81 12 0
81 12 11
81 11 1
81 11 10
81 10 8
81 8 3
81 3 2
81 8 7
81 7 6
81 6 4
81 6 5
81 10 9
81 14 13
81 17 16
81 16 15
81 19 18
82 14 13
82 13 11
82 11 0
82 11 10
82 10 3
82 3 2
82 2 1
82 10 9
82 9 5
82 5 4
82 9 8
82 8 7
82 7 6
82 13 12
83 14 3
83 3 2
83 2 1
83 1 0
83 14 13
83 13 10
83 10 9
83 9 8
83 8 6
83 6 4
83 6 5
83 8 7
83 13 12
83 12 11
84 14 0
84 14 13
84 13 2
84 2 1
84 13 12
84 12 5
84 5 4
84 4 3
84 12 11
84 11 7
84 7 6
84 11 10
84 10 8
84 10 9
85 15 14
85 14 13
85 13 11
85 11 0
85 11 10
85 10 9
85 9 7
85 7 1
85 7 6
85 6 3
85 3 2
85 6 5
85 5 4
85 9 8
85 13 12
86 15 14
86 14 5
86 5 0
86 5 4
86 4 3
86 3 1
86 3 2
86 14 13
86 13 11
86 11 10
86 10 6
86 10 9
86 9 8
86 8 7
86 13 12
87 14 11
87 11 10
87 10 9
87 9 7
87 7 5
87 5 4
87 4 0
87 4 3
87 3 1
87 3 2
87 7 6
87 9 8
87 14 13
87 13 12
88 17 16
88 16 2
88 2 1
88 1 0
88 16 15
88 15 11
88 11 9
88 9 7
88 7 6
88 6 5
88 5 4
88 4 3
88 9 8
88 11 10
88 15 14
88 14 12
88 14 13
89 16 7
89 7 0
89 7 6
89 6 5
89 5 3
89 3 2
89 2 1
89 5 4
89 16 15
89 15 12
89 12 11
89 11 10
89 10 9
89 9 8
89 15 14
89 14 13
90 16 13
90 13 11
90 11 10
90 10 9
90 9 5
90 5 4
90 4 3
90 3 1
90 1 0
90 3 2
90 9 8
90 8 6
90 8 7
90 13 12
90 16 15
90 15 14
91 16 7
91 7 6
91 6 4
91 4 2
91 2 1
91 1 0
91 4 3
91 6 5
91 16 15
91 15 8
91 15 14
91 14 11
91 11 10
91 10 9
91 14 13
91 13 12
92 19 0
92 19 18
92 18 12
92 12 9
92 9 8
92 8 7
92 7 6
92 6 5
92 5 3
92 3 1
92 3 2
92 5 4
92 12 11
92 11 10
92 18 17
92 17 14
92 14 13
92 17 16
92 16 15
93 18 9
93 9 8
93 8 7
93 7 5
93 5 0
93 5 4
93 4 1
93 4 3
93 3 2
93 7 6
93 18 17
93 17 16
93 16 14
93 14 13
93 13 12
93 12 10
93 12 11
93 16 15
94 17 16
94 16 6
94 6 5
94 5 4
94 4 3
94 3 1
94 1 0
94 3 2
94 16 15
94 15 12
94 12 8
94 8 7
94 12 11
94 11 9
94 11 10
94 15 14
94 14 13
95 19 16
95 16 0
95 16 15
95 15 14
95 14 12
95 12 7
95 7 1
95 7 6
95 6 5
95 5 2
95 5 4
95 4 3
95 12 11
95 11 9
95 9 8
95 11 10
95 14 13
95 19 18
95 18 17
96 18 17
96 17 16
96 16 11
96 11 7
96 7 5
96 5 2
96 2 0
96 2 1
96 5 4
96 4 3
96 7 6
96 11 10
96 10 8
96 10 9
96 16 15
96 15 14
96 14 13
96 13 12
97 14 1
97 1 0
97 14 13
97 13 12
97 12 10
97 10 9
97 9 7
97 7 6
97 6 5
97 5 4
97 4 2
97 4 3
97 9 8
97 12 11
98 14 12
98 12 11
98 11 10
98 10 8
98 8 0
98 8 7
98 7 2
98 2 1
98 7 6
98 6 4
98 4 3
98 6 5
98 10 9
98 14 13
99 18 16
99 16 15
99 15 10
99 10 5
99 5 3
99 3 0
99 3 2
99 2 1
99 5 4
99 10 9
99 9 7
99 7 6
99 9 8
99 15 14
99 14 11
99 14 13
99 13 12
99 18 17
100 18 4
100 4 2
100 2 1
100 1 0
100 4 3
100 18 17
100 17 15
100 15 6
100 6 5
100 15 14
100 14 12
100 12 11
100 11 10
100 10 8
100 8 7
100 10 9
100 14 13
100 17 16
101 18 17
101 17 16
101 16 2
101 2 0
101 2 1
101 16 15
101 15 3
101 15 14
101 14 13
101 13 10
101 10 7
101 7 6
101 6 5
101 5 4
101 10 9
101 9 8
101 13 12
101 12 11
