1 16 4
1 4 2
1 2 1
1 1 0
1 4 3
1 16 15
1 15 14
1 14 10
1 10 8
1 8 5
1 8 7
1 7 6
1 10 9
1 14 13
1 13 11
1 13 12
2 17 7
2 7 6
2 6 5
2 5 4
2 4 3
2 3 2
2 2 1
2 1 0
2 17 16
2 16 14
2 14 11
2 11 10
2 10 9
2 9 8
2 14 13
2 13 12
2 16 15
3 16 15
3 15 1
3 1 0
3 15 14
3 14 12
3 12 10
3 10 8
3 8 7
3 7 6
3 6 4
3 4 3
3 3 2
3 6 5
3 10 9
3 12 11
3 14 13
4 18 0
4 18 17
4 17 16
4 16 15
4 15 14
4 14 13
4 13 1
4 13 12
4 12 11
4 11 5
4 5 2
4 5 4
4 4 3
4 11 10
4 10 6
4 10 9
4 9 8
4 8 7
5 17 15
5 15 4
5 4 3
5 3 2
5 2 0
5 2 1
5 15 14
5 14 12
5 12 5
5 12 11
5 11 9
5 9 7
5 7 6
5 9 8
5 11 10
5 14 13
5 17 16
6 17 15
6 15 14
6 14 0
6 14 13
6 13 12
6 12 1
6 12 11
6 11 10
6 10 7
6 7 3
6 3 2
6 7 6
6 6 5
6 5 4
6 10 9
6 9 8
6 17 16
7 15 14
7 14 5
7 5 4
7 4 1
7 1 0
7 4 3
7 3 2
7 14 13
7 13 6
7 13 12
7 12 11
7 11 9
7 9 8
7 8 7
7 11 10
8 17 14
8 14 0
8 14 13
8 13 12
8 12 11
8 11 8
8 8 3
8 3 1
8 3 2
8 8 7
8 7 4
8 7 6
8 6 5
8 11 10
8 10 9
8 17 16
8 16 15
9 19 12
9 12 11
9 11 2
9 2 0
9 2 1
9 11 10
9 10 9
9 9 8
9 8 7
9 7 5
9 5 3
9 5 4
9 7 6
9 19 18
9 18 13
9 18 17
9 17 16
9 16 15
9 15 14
10 17 13
10 13 11
10 11 10
10 10 8
10 8 6
10 6 0
10 6 5
10 5 3
10 3 2
10 2 1
10 5 4
10 8 7
10 10 9
10 13 12
10 17 16
10 16 14
10 16 15
11 19 18
11 18 0
11 18 17
11 17 2
11 2 1
11 17 16
11 16 13
11 13 12
11 12 11
11 11 4
11 4 3
11 11 10
11 10 9
11 9 6
11 6 5
11 9 8
11 8 7
11 16 15
11 15 14
12 14 12
12 12 11
12 11 9
12 9 4
12 4 0
12 4 3
12 3 1
12 3 2
12 9 8
12 8 7
12 7 5
12 7 6
12 11 10
12 14 13
13 17 16
13 16 15
13 15 2
13 2 0
13 2 1
13 15 14
13 14 13
13 13 5
13 5 3
13 5 4
13 13 12
13 12 11
13 11 6
13 11 10
13 10 9
13 9 7
13 9 8
14 17 16
14 16 2
14 2 0
14 2 1
14 16 15
14 15 13
14 13 3
14 13 12
14 12 11
14 11 4
14 11 10
14 10 9
14 9 5
14 9 8
14 8 7
14 7 6
14 15 14
15 16 15
15 15 14
15 14 11
15 11 7
15 7 0
15 7 6
15 6 5
15 5 3
15 3 2
15 2 1
15 5 4
15 11 10
15 10 9
15 9 8
15 14 13
15 13 12
16 15 12
16 12 11
16 11 9
16 9 7
16 7 6
16 6 5
16 5 2
16 2 1
16 1 0
16 5 4
16 4 3
16 9 8
16 11 10
16 15 14
16 14 13
17 19 0
17 19 18
17 18 1
17 18 17
17 17 16
17 16 15
17 15 13
17 13 10
17 10 9
17 9 8
17 8 7
17 7 2
17 7 6
17 6 4
17 4 3
17 6 5
17 13 12
17 12 11
17 15 14
18 16 14
18 14 7
18 7 2
18 2 1
18 1 0
18 7 6
18 6 4
18 4 3
18 6 5
18 14 13
18 13 12
18 12 9
18 9 8
18 12 11
18 11 10
18 16 15
19 18 2
19 2 0
19 2 1
19 18 17
19 17 15
19 15 13
19 13 4
19 4 3
19 13 12
19 12 11
19 11 6
19 6 5
19 11 10
19 10 9
19 9 8
19 8 7
19 15 14
19 17 16
20 15 7
20 7 0
20 7 6
20 6 3
20 3 1
20 3 2
20 6 5
20 5 4
20 15 14
20 14 9
20 9 8
20 14 13
20 13 10
20 13 12
20 12 11
21 15 9
21 9 5
21 5 4
21 4 1
21 1 0
21 4 3
21 3 2
21 9 8
21 8 6
21 8 7
21 15 14
21 14 13
21 13 11
21 11 10
21 13 12
22 17 16
22 16 0
22 16 15
22 15 14
22 14 12
22 12 11
22 11 1
22 11 10
22 10 9
22 9 8
22 8 3
22 3 2
22 8 7
22 7 6
22 6 5
22 5 4
22 14 13
23 15 13
23 13 11
23 11 3
23 3 0
23 3 2
23 2 1
23 11 10
23 10 7
23 7 6
23 6 4
23 6 5
23 10 9
23 9 8
23 13 12
23 15 14
24 15 14
24 14 0
24 14 13
24 13 8
24 8 7
24 7 5
24 5 3
24 3 1
24 3 2
24 5 4
24 7 6
24 13 12
24 12 11
24 11 10
24 10 9
25 17 15
25 15 0
25 15 14
25 14 12
25 12 11
25 11 4
25 4 2
25 2 1
25 4 3
25 11 10
25 10 9
25 9 8
25 8 6
25 6 5
25 8 7
25 14 13
25 17 16
26 14 0
26 14 13
26 13 10
26 10 8
26 8 6
26 6 1
26 6 5
26 5 3
26 3 2
26 5 4
26 8 7
26 10 9
26 13 12
26 12 11
27 14 2
27 2 1
27 1 0
27 14 13
27 13 11
27 11 3
27 11 10
27 10 9
27 9 8
27 8 6
27 6 5
27 5 4
27 8 7
27 13 12
28 19 1
28 1 0
28 19 18
28 18 3
28 3 2
28 18 17
28 17 4
28 17 16
28 16 15
28 15 14
28 14 5
28 14 13
28 13 12
28 12 11
28 11 10
28 10 9
28 9 8
28 8 6
28 8 7
29 17 16
29 16 10
29 10 9
29 9 5
29 5 0
29 5 4
29 4 2
29 2 1
29 4 3
29 9 8
29 8 6
29 8 7
29 16 15
29 15 14
29 14 13
29 13 12
29 12 11
30 15 12
30 12 11
30 11 10
30 10 8
30 8 7
30 7 5
30 5 4
30 4 0
30 4 3
30 3 2
30 2 1
30 7 6
30 10 9
30 15 14
30 14 13
31 14 12
31 12 11
31 11 8
31 8 5
31 5 4
31 4 2
31 2 1
31 1 0
31 4 3
31 8 7
31 7 6
31 11 10
31 10 9
31 14 13
32 16 14
32 14 9
32 9 8
32 8 4
32 4 2
32 2 1
32 1 0
32 4 3
32 8 7
32 7 5
32 7 6
32 14 13
32 13 12
32 12 10
32 12 11
32 16 15
33 16 12
33 12 0
33 12 11
33 11 10
33 10 1
33 10 9
33 9 2
33 9 8
33 8 3
33 8 7
33 7 6
33 6 4
33 6 5
33 16 15
33 15 13
33 15 14
34 14 9
34 9 8
34 8 0
34 8 7
34 7 5
34 5 4
34 4 3
34 3 2
34 2 1
34 7 6
34 14 13
34 13 12
34 12 11
34 11 10
35 14 12
35 12 11
35 11 1
35 1 0
35 11 10
35 10 2
35 10 9
35 9 8
35 8 6
35 6 3
35 6 5
35 5 4
35 8 7
35 14 13
36 17 16
36 16 15
36 15 13
36 13 11
36 11 2
36 2 0
36 2 1
36 11 10
36 10 8
36 8 7
36 7 3
36 7 6
36 6 5
36 5 4
36 10 9
36 13 12
36 15 14
37 15 0
37 15 14
37 14 13
37 13 12
37 12 1
37 12 11
37 11 8
37 8 7
37 7 5
37 5 2
37 5 4
37 4 3
37 7 6
37 11 10
37 10 9
38 17 12
38 12 11
38 11 10
38 10 7
38 7 6
38 6 5
38 5 4
38 4 3
38 3 2
38 2 0
38 2 1
38 10 9
38 9 8
38 17 16
38 16 13
38 16 15
38 15 14
39 17 15
39 15 14
39 14 3
39 3 2
39 2 0
39 2 1
39 14 13
39 13 8
39 8 7
39 7 4
39 7 6
39 6 5
39 13 12
39 12 10
39 10 9
39 12 11
39 17 16
40 14 0
40 14 13
40 13 1
40 13 12
40 12 11
40 11 10
40 10 9
40 9 7
40 7 6
40 6 2
40 6 5
40 5 4
40 4 3
40 9 8
41 14 8
41 8 7
41 7 4
41 4 0
41 4 3
41 3 2
41 2 1
41 7 6
41 6 5
41 14 13
41 13 11
41 11 9
41 11 10
41 13 12
42 14 4
42 4 1
42 1 0
42 4 3
42 3 2
42 14 13
42 13 12
42 12 10
42 10 9
42 9 8
42 8 7
42 7 5
42 7 6
42 12 11
43 15 11
43 11 9
43 9 8
43 8 7
43 7 6
43 6 5
43 5 1
43 1 0
43 5 4
43 4 3
43 3 2
43 11 10
43 15 14
43 14 13
43 13 12
44 14 1
44 1 0
44 14 13
44 13 11
44 11 2
44 11 10
44 10 8
44 8 6
44 6 3
44 6 5
44 5 4
44 8 7
44 10 9
44 13 12
45 15 8
45 8 0
45 8 7
45 7 6
45 6 4
45 4 3
45 3 1
45 3 2
45 6 5
45 15 14
45 14 13
45 13 12
45 12 11
45 11 10
45 10 9
46 16 0
46 16 15
46 15 14
46 14 4
46 4 3
46 3 1
46 3 2
46 14 13
46 13 12
46 12 6
46 6 5
46 12 11
46 11 10
46 10 9
46 9 8
46 8 7
47 18 0
47 18 17
47 17 13
47 13 12
47 12 9
47 9 8
47 8 7
47 7 6
47 6 1
47 6 5
47 5 3
47 3 2
47 5 4
47 12 11
47 11 10
47 17 16
47 16 15
47 15 14
48 14 11
48 11 1
48 1 0
48 11 10
48 10 9
48 9 6
48 6 5
48 5 3
48 3 2
48 5 4
48 9 8
48 8 7
48 14 13
48 13 12
49 15 13
49 13 5
49 5 0
49 5 4
49 4 3
49 3 2
49 2 1
49 13 12
49 12 10
49 10 9
49 9 8
49 8 7
49 7 6
49 12 11
49 15 14
50 16 1
50 1 0
50 16 15
50 15 14
50 14 13
50 13 9
50 9 8
50 8 7
50 7 3
50 3 2
50 7 6
50 6 5
50 5 4
50 13 12
50 12 10
50 12 11
51 17 4
51 4 3
51 3 2
51 2 0
51 2 1
51 17 16
51 16 15
51 15 6
51 6 5
51 15 14
51 14 13
51 13 11
51 11 10
51 10 9
51 9 8
51 8 7
51 13 12
52 15 14
52 14 7
52 7 6
52 6 4
52 4 3
52 3 1
52 1 0
52 3 2
52 6 5
52 14 13
52 13 11
52 11 10
52 10 8
52 10 9
52 13 12
53 19 18
53 18 1
53 1 0
53 18 17
53 17 16
53 16 15
53 15 13
53 13 11
53 11 2
53 11 10
53 10 9
53 9 7
53 7 6
53 6 3
53 6 5
53 5 4
53 9 8
53 13 12
53 15 14
54 14 1
54 1 0
54 14 13
54 13 12
54 12 11
54 11 9
54 9 2
54 9 8
54 8 7
54 7 6
54 6 4
54 4 3
54 6 5
54 11 10
55 17 0
55 17 16
55 16 4
55 4 3
55 3 1
55 3 2
55 16 15
55 15 6
55 6 5
55 15 14
55 14 12
55 12 11
55 11 7
55 11 10
55 10 8
55 10 9
55 14 13
56 17 16
56 16 8
56 8 7
56 7 6
56 6 5
56 5 4
56 4 3
56 3 2
56 2 0
56 2 1
56 16 15
56 15 10
56 10 9
56 15 14
56 14 12
56 12 11
56 14 13
57 15 0
57 15 14
57 14 1
57 14 13
57 13 12
57 12 11
57 11 10
57 10 9
57 9 7
57 7 5
57 5 4
57 4 3
57 3 2
57 7 6
57 9 8
58 15 14
58 14 2
58 2 0
58 2 1
58 14 13
58 13 11
58 11 10
58 10 9
58 9 8
58 8 3
58 8 7
58 7 4
58 7 6
58 6 5
58 13 12
59 14 13
59 13 0
59 13 12
59 12 11
59 11 9
59 9 8
59 8 7
59 7 6
59 6 1
59 6 5
59 5 2
59 5 4
59 4 3
59 11 10
60 18 2
60 2 1
60 1 0
60 18 17
60 17 16
60 16 5
60 5 4
60 4 3
60 16 15
60 15 14
60 14 9
60 9 8
60 8 7
60 7 6
60 14 13
60 13 10
60 13 12
60 12 11
61 14 0
61 14 13
61 13 12
61 12 11
61 11 10
61 10 7
61 7 6
61 6 1
61 6 5
61 5 3
61 3 2
61 5 4
61 10 9
61 9 8
62 16 15
62 15 1
62 1 0
62 15 14
62 14 13
62 13 12
62 12 11
62 11 5
62 5 4
62 4 3
62 3 2
62 11 10
62 10 9
62 9 6
62 9 8
62 8 7
63 16 15
63 15 12
63 12 4
63 4 0
63 4 3
63 3 2
63 2 1
63 12 11
63 11 10
63 10 8
63 8 7
63 7 6
63 6 5
63 10 9
63 15 14
63 14 13
64 15 13
64 13 11
64 11 10
64 10 4
64 4 2
64 2 1
64 1 0
64 4 3
64 10 9
64 9 6
64 6 5
64 9 8
64 8 7
64 13 12
64 15 14
65 15 0
65 15 14
65 14 5
65 5 3
65 3 1
65 3 2
65 5 4
65 14 13
65 13 8
65 8 7
65 7 6
65 13 12
65 12 10
65 10 9
65 12 11
66 19 18
66 18 17
66 17 4
66 4 1
66 1 0
66 4 3
66 3 2
66 17 16
66 16 15
66 15 14
66 14 7
66 7 5
66 7 6
66 14 13
66 13 12
66 12 11
66 11 10
66 10 9
66 9 8
67 16 6
67 6 1
67 1 0
67 6 5
67 5 2
67 5 4
67 4 3
67 16 15
67 15 7
67 15 14
67 14 12
67 12 11
67 11 10
67 10 8
67 10 9
67 14 13
68 15 0
68 15 14
68 14 3
68 3 2
68 2 1
68 14 13
68 13 11
68 11 10
68 10 8
68 8 6
68 6 4
68 6 5
68 8 7
68 10 9
68 13 12
69 16 15
69 15 13
69 13 12
69 12 0
69 12 11
69 11 4
69 4 2
69 2 1
69 4 3
69 11 10
69 10 9
69 9 6
69 6 5
69 9 8
69 8 7
69 15 14
70 19 1
70 1 0
70 19 18
70 18 6
70 6 5
70 5 4
70 4 3
70 3 2
70 18 17
70 17 16
70 16 7
70 16 15
70 15 8
70 15 14
70 14 9
70 14 13
70 13 12
70 12 10
70 12 11
71 19 4
71 4 2
71 2 1
71 1 0
71 4 3
71 19 18
71 18 16
71 16 12
71 12 9
71 9 5
71 9 8
71 8 6
71 8 7
71 12 11
71 11 10
71 16 15
71 15 14
71 14 13
71 18 17
72 14 9
72 9 7
72 7 6
72 6 5
72 5 4
72 4 3
72 3 1
72 1 0
72 3 2
72 9 8
72 14 13
72 13 10
72 13 12
72 12 11
73 14 12
73 12 11
73 11 10
73 10 0
73 10 9
73 9 4
73 4 3
73 3 1
73 3 2
73 9 8
73 8 7
73 7 5
73 7 6
73 14 13
74 16 14
74 14 3
74 3 2
74 2 1
74 1 0
74 14 13
74 13 8
74 8 7
74 7 6
74 6 4
74 6 5
74 13 12
74 12 11
74 11 9
74 11 10
74 16 15
75 19 9
75 9 3
75 3 0
75 3 2
75 2 1
75 9 8
75 8 6
75 6 5
75 5 4
75 8 7
75 19 18
75 18 17
75 17 16
75 16 15
75 15 14
75 14 10
75 14 13
75 13 12
75 12 11
76 17 13
76 13 5
76 5 4
76 4 0
76 4 3
76 3 1
76 3 2
76 13 12
76 12 6
76 12 11
76 11 7
76 11 10
76 10 9
76 9 8
76 17 16
76 16 15
76 15 14
77 18 0
77 18 17
77 17 6
77 6 5
77 5 1
77 5 4
77 4 3
77 3 2
77 17 16
77 16 14
77 14 13
77 13 12
77 12 11
77 11 8
77 8 7
77 11 10
77 10 9
77 16 15
78 15 1
78 1 0
78 15 14
78 14 13
78 13 2
78 13 12
78 12 10
78 10 9
78 9 8
78 8 4
78 4 3
78 8 7
78 7 6
78 6 5
78 12 11
79 17 16
79 16 14
79 14 7
79 7 6
79 6 5
79 5 1
79 1 0
79 5 4
79 4 2
79 4 3
79 14 13
79 13 8
79 13 12
79 12 11
79 11 10
79 10 9
79 16 15
80 17 16
80 16 3
80 3 1
80 1 0
80 3 2
80 16 15
80 15 13
80 13 9
80 9 8
80 8 5
80 5 4
80 8 7
80 7 6
80 13 12
80 12 10
80 12 11
80 15 14
81 16 15
81 15 0
81 15 14
81 14 12
81 12 1
81 12 11
81 11 4
81 4 3
81 3 2
81 11 10
81 10 5
81 10 9
81 9 6
81 9 8
81 8 7
81 14 13
82 15 10
82 10 4
82 4 3
82 3 2
82 2 1
82 1 0
82 10 9
82 9 8
82 8 7
82 7 6
82 6 5
82 15 14
82 14 13
82 13 11
82 13 12
83 14 13
83 13 12
83 12 11
83 11 0
83 11 10
83 10 1
83 10 9
83 9 8
83 8 7
83 7 6
83 6 3
83 3 2
83 6 5
83 5 4
84 19 17
84 17 0
84 17 16
84 16 6
84 6 2
84 2 1
84 6 5
84 5 3
84 5 4
84 16 15
84 15 14
84 14 12
84 12 10
84 10 7
84 10 9
84 9 8
84 12 11
84 14 13
84 19 18
85 19 18
85 18 17
85 17 16
85 16 10
85 10 0
85 10 9
85 9 5
85 5 2
85 2 1
85 5 4
85 4 3
85 9 8
85 8 6
85 8 7
85 16 15
85 15 11
85 15 14
85 14 12
85 14 13
86 19 10
86 10 9
86 9 8
86 8 4
86 4 3
86 3 2
86 2 1
86 1 0
86 8 7
86 7 5
86 7 6
86 19 18
86 18 17
86 17 11
86 17 16
86 16 15
86 15 12
86 15 14
86 14 13
87 17 0
87 17 16
87 16 11
87 11 4
87 4 1
87 4 3
87 3 2
87 11 10
87 10 9
87 9 5
87 9 8
87 8 6
87 8 7
87 16 15
87 15 14
87 14 12
87 14 13
88 16 14
88 14 9
88 9 8
88 8 3
88 3 1
88 1 0
88 3 2
88 8 7
88 7 5
88 5 4
88 7 6
88 14 13
88 13 11
88 11 10
88 13 12
88 16 15
89 15 14
89 14 13
89 13 11
89 11 0
89 11 10
89 10 4
89 4 1
89 4 3
89 3 2
89 10 9
89 9 5
89 9 8
89 8 6
89 8 7
89 13 12
90 17 16
90 16 14
90 14 13
90 13 4
90 4 1
90 1 0
90 4 3
90 3 2
90 13 12
90 12 11
90 11 10
90 10 8
90 8 5
90 8 7
90 7 6
90 10 9
90 16 15
91 17 0
91 17 16
91 16 2
91 2 1
91 16 15
91 15 14
91 14 10
91 10 8
91 8 3
91 8 7
91 7 6
91 6 5
91 5 4
91 10 9
91 14 13
91 13 11
91 13 12
92 17 16
92 16 2
92 2 1
92 1 0
92 16 15
92 15 14
92 14 3
92 14 13
92 13 12
92 12 10
92 10 7
92 7 6
92 6 4
92 6 5
92 10 9
92 9 8
92 12 11
93 18 0
93 18 17
93 17 1
93 17 16
93 16 11
93 11 2
93 11 10
93 10 8
93 8 7
93 7 3
93 7 6
93 6 4
93 6 5
93 10 9
93 16 15
93 15 12
93 15 14
93 14 13
94 14 0
94 14 13
94 13 1
94 13 12
94 12 9
94 9 8
94 8 6
94 6 3
94 3 2
94 6 5
94 5 4
94 8 7
94 12 11
94 11 10
95 15 14
95 14 0
95 14 13
95 13 8
95 8 5
95 5 4
95 4 3
95 3 2
95 2 1
95 8 7
95 7 6
95 13 12
95 12 10
95 10 9
95 12 11
96 14 11
96 11 9
96 9 7
96 7 5
96 5 1
96 1 0
96 5 4
96 4 2
96 4 3
96 7 6
96 9 8
96 11 10
96 14 13
96 13 12
97 16 15
97 15 13
97 13 0
97 13 12
97 12 11
97 11 7
97 7 5
97 5 4
97 4 3
97 3 1
97 3 2
97 7 6
97 11 10
97 10 8
97 10 9
97 15 14
98 14 13
98 13 11
98 11 3
98 3 0
98 3 2
98 2 1
98 11 10
98 10 9
98 9 8
98 8 6
98 6 4
98 6 5
98 8 7
98 13 12
99 15 2
99 2 0
99 2 1
99 15 14
99 14 11
99 11 4
99 4 3
99 11 10
99 10 5
99 10 9
99 9 7
99 7 6
99 9 8
99 14 13
99 13 12
100 17 0
100 17 16
100 16 9
100 9 8
100 8 1
100 8 7
100 7 4
100 4 3
100 3 2
100 7 6
100 6 5
100 16 15
100 15 10
100 15 14
100 14 13
100 13 11
100 13 12
101 15 14
101 14 1
101 1 0
101 14 13
101 13 12
101 12 11
101 11 9
101 9 8
101 8 6
101 6 2
101 6 5
101 5 3
101 5 4
101 8 7
101 11 10
