1 19 18
1 18 17
1 17 9
1 9 5
1 5 4
1 4 3
1 3 0
1 3 2
1 2 1
1 9 8
1 8 7
1 7 6
1 17 16
1 16 10
1 16 15
1 15 14
1 14 13
1 13 12
1 12 11
2 14 9
2 9 7
2 7 4
2 4 3
2 3 2
2 2 0
2 2 1
2 7 6
2 6 5
2 9 8
2 14 13
2 13 12
2 12 10
2 12 11
3 16 15
3 15 0
3 15 14
3 14 11
3 11 6
3 6 1
3 6 5
3 5 3
3 3 2
3 5 4
3 11 10
3 10 9
3 9 8
3 8 7
3 14 13
3 13 12
4 15 14
4 14 13
4 13 8
4 8 0
4 8 7
4 7 6
4 6 5
4 5 3
4 3 1
4 3 2
4 5 4
4 13 12
4 12 10
4 10 9
4 12 11
5 16 10
5 10 3
5 3 2
5 2 1
5 1 0
5 10 9
5 9 7
5 7 6
5 6 4
5 6 5
5 9 8
5 16 15
5 15 11
5 15 14
5 14 13
5 13 12
6 18 12
6 12 2
6 2 1
6 1 0
6 12 11
6 11 9
6 9 8
6 8 6
6 6 5
6 5 4
6 4 3
6 8 7
6 11 10
6 18 17
6 17 15
6 15 13
6 15 14
6 17 16
7 17 16
7 16 14
7 14 13
7 13 12
7 12 3
7 3 1
7 1 0
7 3 2
7 12 11
7 11 10
7 10 9
7 9 5
7 5 4
7 9 8
7 8 6
7 8 7
7 16 15
8 19 18
8 18 16
8 16 9
8 9 8
8 8 7
8 7 6
8 6 4
8 4 0
8 4 3
8 3 2
8 2 1
8 6 5
8 16 15
8 15 14
8 14 11
8 11 10
8 14 13
8 13 12
8 18 17
9 14 10
9 10 1
9 1 0
9 10 9
9 9 6
9 6 4
9 4 3
9 3 2
9 6 5
9 9 8
9 8 7
9 14 13
9 13 12
9 12 11
10 18 17
10 17 6
10 6 1
10 1 0
10 6 5
10 5 4
10 4 2
10 4 3
10 17 16
10 16 7
10 16 15
10 15 13
10 13 11
10 11 10
10 10 8
10 10 9
10 13 12
10 15 14
11 14 13
11 13 6
11 6 5
11 5 0
11 5 4
11 4 1
11 4 3
11 3 2
11 13 12
11 12 7
11 12 11
11 11 10
11 10 8
11 10 9
12 15 13
12 13 12
12 12 6
12 6 5
12 5 4
12 4 3
12 3 2
12 2 1
12 1 0
12 12 11
12 11 7
12 11 10
12 10 8
12 10 9
12 15 14
13 15 12
13 12 11
13 11 0
13 11 10
13 10 1
13 10 9
13 9 8
13 8 3
13 3 2
13 8 7
13 7 4
13 7 6
13 6 5
13 15 14
13 14 13
14 15 12
14 12 11
14 11 9
14 9 0
14 9 8
14 8 6
14 6 1
14 6 5
14 5 2
14 5 4
14 4 3
14 8 7
14 11 10
14 15 14
14 14 13
15 19 15
15 15 2
15 2 0
15 2 1
15 15 14
15 14 9
15 9 8
15 8 3
15 8 7
15 7 5
15 5 4
15 7 6
15 14 13
15 13 11
15 11 10
15 13 12
15 19 18
15 18 17
15 17 16
16 17 8
16 8 7
16 7 6
16 6 3
16 3 0
16 3 2
16 2 1
16 6 5
16 5 4
16 17 16
16 16 15
16 15 13
16 13 9
16 13 12
16 12 11
16 11 10
16 15 14
17 16 15
17 15 13
17 13 12
17 12 0
17 12 11
17 11 10
17 10 9
17 9 8
17 8 7
17 7 2
17 2 1
17 7 6
17 6 3
17 6 5
17 5 4
17 15 14
18 18 1
18 1 0
18 18 17
18 17 14
18 14 3
18 3 2
18 14 13
18 13 12
18 12 8
18 8 7
18 7 6
18 6 4
18 6 5
18 12 11
18 11 10
18 10 9
18 17 16
18 16 15
19 15 4
19 4 2
19 2 1
19 1 0
19 4 3
19 15 14
19 14 5
19 14 13
19 13 6
19 13 12
19 12 7
19 12 11
19 11 9
19 9 8
19 11 10
20 15 2
20 2 1
20 1 0
20 15 14
20 14 13
20 13 3
20 13 12
20 12 11
20 11 10
20 10 5
20 5 4
20 10 9
20 9 6
20 9 8
20 8 7
21 18 17
21 17 2
21 2 1
21 1 0
21 17 16
21 16 14
21 14 3
21 14 13
21 13 10
21 10 6
21 6 4
21 6 5
21 10 9
21 9 7
21 9 8
21 13 12
21 12 11
21 16 15
22 19 18
22 18 17
22 17 0
22 17 16
22 16 15
22 15 14
22 14 11
22 11 10
22 10 8
22 8 1
22 8 7
22 7 6
22 6 5
22 5 4
22 4 3
22 3 2
22 10 9
22 14 13
22 13 12
23 15 1
23 1 0
23 15 14
23 14 13
23 13 11
23 11 3
23 3 2
23 11 10
23 10 9
23 9 7
23 7 4
23 7 6
23 6 5
23 9 8
23 13 12
24 15 13
24 13 0
24 13 12
24 12 11
24 11 10
24 10 7
24 7 1
24 7 6
24 6 5
24 5 4
24 4 2
24 4 3
24 10 9
24 9 8
24 15 14
25 18 17
25 17 16
25 16 0
25 16 15
25 15 11
25 11 3
25 3 2
25 2 1
25 11 10
25 10 4
25 10 9
25 9 5
25 9 8
25 8 6
25 8 7
25 15 14
25 14 13
25 13 12
26 15 14
26 14 13
26 13 0
26 13 12
26 12 3
26 3 2
26 2 1
26 12 11
26 11 8
26 8 5
26 5 4
26 8 7
26 7 6
26 11 10
26 10 9
27 16 14
27 14 4
27 4 1
27 1 0
27 4 3
27 3 2
27 14 13
27 13 11
27 11 10
27 10 9
27 9 8
27 8 7
27 7 6
27 6 5
27 13 12
27 16 15
28 19 14
28 14 13
28 13 0
28 13 12
28 12 11
28 11 8
28 8 6
28 6 2
28 2 1
28 6 5
28 5 4
28 4 3
28 8 7
28 11 10
28 10 9
28 19 18
28 18 17
28 17 15
28 17 16
29 17 2
29 2 0
29 2 1
29 17 16
29 16 7
29 7 6
29 6 3
29 6 5
29 5 4
29 16 15
29 15 8
29 15 14
29 14 9
29 14 13
29 13 11
29 11 10
29 13 12
30 15 14
30 14 12
30 12 11
30 11 9
30 9 5
30 5 4
30 4 2
30 2 1
30 1 0
30 4 3
30 9 8
30 8 7
30 7 6
30 11 10
30 14 13
31 17 8
31 8 7
31 7 6
31 6 0
31 6 5
31 5 1
31 5 4
31 4 2
31 4 3
31 17 16
31 16 9
31 16 15
31 15 13
31 13 11
31 11 10
31 13 12
31 15 14
32 17 16
32 16 14
32 14 13
32 13 12
32 12 11
32 11 10
32 10 2
32 2 0
32 2 1
32 10 9
32 9 8
32 8 6
32 6 3
32 6 5
32 5 4
32 8 7
32 16 15
33 17 15
33 15 10
33 10 1
33 1 0
33 10 9
33 9 7
33 7 3
33 3 2
33 7 6
33 6 5
33 5 4
33 9 8
33 15 14
33 14 11
33 14 13
33 13 12
33 17 16
34 18 17
34 17 16
34 16 14
34 14 12
34 12 5
34 5 3
34 3 1
34 1 0
34 3 2
34 5 4
34 12 11
34 11 10
34 10 9
34 9 7
34 7 6
34 9 8
34 14 13
34 16 15
35 19 6
35 6 5
35 5 0
35 5 4
35 4 3
35 3 1
35 3 2
35 19 18
35 18 17
35 17 16
35 16 13
35 13 11
35 11 7
35 11 10
35 10 9
35 9 8
35 13 12
35 16 15
35 15 14
36 19 18
36 18 17
36 17 2
36 2 0
36 2 1
36 17 16
36 16 15
36 15 14
36 14 4
36 4 3
36 14 13
36 13 12
36 12 5
36 12 11
36 11 10
36 10 9
36 9 6
36 9 8
36 8 7
37 16 7
37 7 6
37 6 0
37 6 5
37 5 3
37 3 1
37 3 2
37 5 4
37 16 15
37 15 12
37 12 11
37 11 8
37 11 10
37 10 9
37 15 14
37 14 13
38 15 14
38 14 13
38 13 12
38 12 11
38 11 8
38 8 5
38 5 4
38 4 3
38 3 0
38 3 2
38 2 1
38 8 7
38 7 6
38 11 10
38 10 9
39 14 13
39 13 0
39 13 12
39 12 9
39 9 8
39 8 4
39 4 3
39 3 1
39 3 2
39 8 7
39 7 5
39 7 6
39 12 11
39 11 10
40 18 16
40 16 12
40 12 2
40 2 0
40 2 1
40 12 11
40 11 7
40 7 3
40 7 6
40 6 4
40 6 5
40 11 10
40 10 8
40 10 9
40 16 15
40 15 14
40 14 13
40 18 17
41 16 14
41 14 7
41 7 6
41 6 3
41 3 0
41 3 2
41 2 1
41 6 5
41 5 4
41 14 13
41 13 12
41 12 8
41 12 11
41 11 9
41 11 10
41 16 15
42 18 3
42 3 2
42 2 1
42 1 0
42 18 17
42 17 8
42 8 4
42 8 7
42 7 6
42 6 5
42 17 16
42 16 12
42 12 10
42 10 9
42 12 11
42 16 15
42 15 14
42 14 13
43 19 18
43 18 17
43 17 16
43 16 15
43 15 12
43 12 4
43 4 3
43 3 0
43 3 2
43 2 1
43 12 11
43 11 6
43 6 5
43 11 10
43 10 7
43 10 9
43 9 8
43 15 14
43 14 13
44 17 0
44 17 16
44 16 3
44 3 2
44 2 1
44 16 15
44 15 11
44 11 10
44 10 9
44 9 8
44 8 6
44 6 4
44 6 5
44 8 7
44 15 14
44 14 12
44 14 13
45 17 16
45 16 15
45 15 4
45 4 2
45 2 1
45 1 0
45 4 3
45 15 14
45 14 5
45 14 13
45 13 12
45 12 6
45 12 11
45 11 10
45 10 9
45 9 7
45 9 8
46 16 1
46 1 0
46 16 15
46 15 14
46 14 9
46 9 2
46 9 8
46 8 5
46 5 4
46 4 3
46 8 7
46 7 6
46 14 13
46 13 12
46 12 11
46 11 10
47 19 17
47 17 16
47 16 8
47 8 6
47 6 0
47 6 5
47 5 2
47 2 1
47 5 4
47 4 3
47 8 7
47 16 15
47 15 14
47 14 13
47 13 9
47 13 12
47 12 11
47 11 10
47 19 18
48 16 15
48 15 0
48 15 14
48 14 12
48 12 10
48 10 9
48 9 1
48 9 8
48 8 2
48 8 7
48 7 4
48 4 3
48 7 6
48 6 5
48 12 11
48 14 13
49 16 13
49 13 12
49 12 1
49 1 0
49 12 11
49 11 10
49 10 9
49 9 2
49 9 8
49 8 5
49 5 4
49 4 3
49 8 7
49 7 6
49 16 15
49 15 14
50 19 18
50 18 0
50 18 17
50 17 1
50 17 16
50 16 2
50 16 15
50 15 14
50 14 9
50 9 4
50 4 3
50 9 8
50 8 5
50 8 7
50 7 6
50 14 13
50 13 12
50 12 11
50 11 10
51 17 13
51 13 0
51 13 12
51 12 2
51 2 1
51 12 11
51 11 3
51 11 10
51 10 9
51 9 4
51 9 8
51 8 7
51 7 5
51 7 6
51 17 16
51 16 15
51 15 14
52 18 17
52 17 16
52 16 14
52 14 13
52 13 12
52 12 11
52 11 10
52 10 9
52 9 4
52 4 0
52 4 3
52 3 2
52 2 1
52 9 8
52 8 6
52 6 5
52 8 7
52 16 15
53 15 14
53 14 13
53 13 0
53 13 12
53 12 2
53 2 1
53 12 11
53 11 8
53 8 3
53 8 7
53 7 5
53 5 4
53 7 6
53 11 10
53 10 9
54 15 13
54 13 2
54 2 0
54 2 1
54 13 12
54 12 11
54 11 3
54 11 10
54 10 9
54 9 6
54 6 5
54 5 4
54 9 8
54 8 7
54 15 14
55 14 9
55 9 0
55 9 8
55 8 7
55 7 3
55 3 1
55 3 2
55 7 6
55 6 4
55 6 5
55 14 13
55 13 10
55 13 12
55 12 11
56 19 18
56 18 1
56 1 0
56 18 17
56 17 13
56 13 12
56 12 10
56 10 8
56 8 4
56 4 2
56 4 3
56 8 7
56 7 5
56 7 6
56 10 9
56 12 11
56 17 16
56 16 15
56 15 14
57 15 3
57 3 2
57 2 0
57 2 1
57 15 14
57 14 7
57 7 6
57 6 5
57 5 4
57 14 13
57 13 8
57 13 12
57 12 10
57 10 9
57 12 11
58 18 15
58 15 14
58 14 2
58 2 1
58 1 0
58 14 13
58 13 12
58 12 11
58 11 3
58 11 10
58 10 9
58 9 7
58 7 5
58 5 4
58 7 6
58 9 8
58 18 17
58 17 16
59 15 13
59 13 12
59 12 0
59 12 11
59 11 1
59 11 10
59 10 6
59 6 2
59 6 5
59 5 4
59 4 3
59 10 9
59 9 8
59 8 7
59 15 14
60 15 14
60 14 10
60 10 9
60 9 6
60 6 5
60 5 2
60 2 0
60 2 1
60 5 4
60 4 3
60 9 8
60 8 7
60 14 13
60 13 12
60 12 11
61 18 16
61 16 15
61 15 1
61 1 0
61 15 14
61 14 8
61 8 7
61 7 3
61 3 2
61 7 6
61 6 4
61 6 5
61 14 13
61 13 9
61 13 12
61 12 10
61 12 11
61 18 17
62 14 0
62 14 13
62 13 11
62 11 9
62 9 8
62 8 1
62 8 7
62 7 3
62 3 2
62 7 6
62 6 4
62 6 5
62 11 10
62 13 12
63 17 16
63 16 14
63 14 3
63 3 1
63 1 0
63 3 2
63 14 13
63 13 12
63 12 6
63 6 5
63 5 4
63 12 11
63 11 7
63 11 10
63 10 8
63 10 9
63 16 15
64 15 14
64 14 13
64 13 12
64 12 11
64 11 2
64 2 1
64 1 0
64 11 10
64 10 3
64 10 9
64 9 4
64 9 8
64 8 5
64 8 7
64 7 6
65 18 17
65 17 16
65 16 2
65 2 1
65 1 0
65 16 15
65 15 3
65 15 14
65 14 13
65 13 4
65 13 12
65 12 8
65 8 7
65 7 5
65 7 6
65 12 11
65 11 10
65 10 9
66 17 16
66 16 12
66 12 4
66 4 0
66 4 3
66 3 2
66 2 1
66 12 11
66 11 7
66 7 5
66 7 6
66 11 10
66 10 9
66 9 8
66 16 15
66 15 13
66 15 14
67 16 14
67 14 13
67 13 0
67 13 12
67 12 5
67 5 1
67 5 4
67 4 2
67 4 3
67 12 11
67 11 10
67 10 9
67 9 8
67 8 7
67 7 6
67 16 15
68 19 15
68 15 0
68 15 14
68 14 13
68 13 3
68 3 1
68 3 2
68 13 12
68 12 4
68 12 11
68 11 10
68 10 9
68 9 5
68 9 8
68 8 6
68 8 7
68 19 18
68 18 16
68 18 17
69 15 13
69 13 0
69 13 12
69 12 11
69 11 10
69 10 5
69 5 4
69 4 2
69 2 1
69 4 3
69 10 9
69 9 6
69 9 8
69 8 7
69 15 14
70 16 15
70 15 14
70 14 12
70 12 0
70 12 11
70 11 4
70 4 3
70 3 2
70 2 1
70 11 10
70 10 9
70 9 7
70 7 5
70 7 6
70 9 8
70 14 13
71 17 9
71 9 8
71 8 7
71 7 2
71 2 0
71 2 1
71 7 6
71 6 3
71 6 5
71 5 4
71 17 16
71 16 15
71 15 14
71 14 10
71 14 13
71 13 12
71 12 11
72 16 1
72 1 0
72 16 15
72 15 12
72 12 11
72 11 10
72 10 9
72 9 7
72 7 4
72 4 3
72 3 2
72 7 6
72 6 5
72 9 8
72 15 14
72 14 13
73 15 14
73 14 6
73 6 5
73 5 4
73 4 1
73 1 0
73 4 3
73 3 2
73 14 13
73 13 10
73 10 7
73 10 9
73 9 8
73 13 12
73 12 11
74 16 1
74 1 0
74 16 15
74 15 13
74 13 12
74 12 11
74 11 2
74 11 10
74 10 9
74 9 8
74 8 7
74 7 3
74 7 6
74 6 5
74 5 4
74 15 14
75 14 12
75 12 11
75 11 1
75 1 0
75 11 10
75 10 9
75 9 2
75 9 8
75 8 6
75 6 5
75 5 4
75 4 3
75 8 7
75 14 13
76 18 14
76 14 13
76 13 12
76 12 10
76 10 1
76 1 0
76 10 9
76 9 5
76 5 4
76 4 3
76 3 2
76 9 8
76 8 7
76 7 6
76 12 11
76 18 17
76 17 15
76 17 16
77 16 14
77 14 0
77 14 13
77 13 12
77 12 9
77 9 1
77 9 8
77 8 6
77 6 5
77 5 3
77 3 2
77 5 4
77 8 7
77 12 11
77 11 10
77 16 15
78 18 16
78 16 15
78 15 2
78 2 0
78 2 1
78 15 14
78 14 12
78 12 11
78 11 8
78 8 7
78 7 3
78 7 6
78 6 4
78 6 5
78 11 10
78 10 9
78 14 13
78 18 17
79 16 10
79 10 9
79 9 8
79 8 6
79 6 4
79 4 2
79 2 1
79 1 0
79 4 3
79 6 5
79 8 7
79 16 15
79 15 14
79 14 13
79 13 11
79 13 12
80 14 10
80 10 9
80 9 0
80 9 8
80 8 6
80 6 1
80 6 5
80 5 4
80 4 3
80 3 2
80 8 7
80 14 13
80 13 11
80 13 12
81 17 2
81 2 0
81 2 1
81 17 16
81 16 13
81 13 11
81 11 6
81 6 4
81 4 3
81 6 5
81 11 10
81 10 9
81 9 8
81 8 7
81 13 12
81 16 15
81 15 14
82 15 0
82 15 14
82 14 12
82 12 1
82 12 11
82 11 10
82 10 9
82 9 8
82 8 7
82 7 2
82 7 6
82 6 5
82 5 4
82 4 3
82 14 13
83 14 1
83 1 0
83 14 13
83 13 11
83 11 10
83 10 2
83 10 9
83 9 7
83 7 6
83 6 5
83 5 3
83 5 4
83 9 8
83 13 12
84 16 0
84 16 15
84 15 14
84 14 12
84 12 11
84 11 3
84 3 2
84 2 1
84 11 10
84 10 9
84 9 4
84 9 8
84 8 6
84 6 5
84 8 7
84 14 13
85 17 16
85 16 0
85 16 15
85 15 7
85 7 1
85 7 6
85 6 5
85 5 3
85 3 2
85 5 4
85 15 14
85 14 8
85 14 13
85 13 12
85 12 11
85 11 10
85 10 9
86 16 15
86 15 4
86 4 1
86 1 0
86 4 3
86 3 2
86 15 14
86 14 6
86 6 5
86 14 13
86 13 12
86 12 11
86 11 8
86 8 7
86 11 10
86 10 9
87 17 1
87 1 0
87 17 16
87 16 15
87 15 14
87 14 13
87 13 12
87 12 9
87 9 8
87 8 5
87 5 3
87 3 2
87 5 4
87 8 7
87 7 6
87 12 11
87 11 10
88 16 9
88 9 2
88 2 1
88 1 0
88 9 8
88 8 7
88 7 6
88 6 5
88 5 3
88 5 4
88 16 15
88 15 13
88 13 10
88 13 12
88 12 11
88 15 14
89 15 4
89 4 3
89 3 1
89 1 0
89 3 2
89 15 14
89 14 13
89 13 12
89 12 11
89 11 8
89 8 7
89 7 5
89 7 6
89 11 10
89 10 9
90 19 2
90 2 0
90 2 1
90 19 18
90 18 16
90 16 15
90 15 13
90 13 12
90 12 11
90 11 10
90 10 4
90 4 3
90 10 9
90 9 5
90 9 8
90 8 6
90 8 7
90 15 14
90 18 17
91 17 0
91 17 16
91 16 4
91 4 2
91 2 1
91 4 3
91 16 15
91 15 14
91 14 13
91 13 5
91 13 12
91 12 11
91 11 7
91 7 6
91 11 10
91 10 9
91 9 8
92 17 16
92 16 14
92 14 5
92 5 1
92 1 0
92 5 4
92 4 2
92 4 3
92 14 13
92 13 12
92 12 7
92 7 6
92 12 11
92 11 10
92 10 8
92 10 9
92 16 15
93 15 14
93 14 13
93 13 12
93 12 11
93 11 10
93 10 1
93 1 0
93 10 9
93 9 8
93 8 7
93 7 6
93 6 3
93 3 2
93 6 5
93 5 4
94 18 17
94 17 0
94 17 16
94 16 15
94 15 1
94 15 14
94 14 13
94 13 12
94 12 10
94 10 9
94 9 4
94 4 2
94 4 3
94 9 8
94 8 6
94 6 5
94 8 7
94 12 11
95 14 13
95 13 10
95 10 8
95 8 7
95 7 6
95 6 4
95 4 1
95 1 0
95 4 3
95 3 2
95 6 5
95 10 9
95 13 12
95 12 11
96 18 16
96 16 15
96 15 1
96 1 0
96 15 14
96 14 2
96 14 13
96 13 5
96 5 3
96 5 4
96 13 12
96 12 10
96 10 8
96 8 6
96 8 7
96 10 9
96 12 11
96 18 17
97 14 0
97 14 13
97 13 7
97 7 5
97 5 4
97 4 1
97 4 3
97 3 2
97 7 6
97 13 12
97 12 11
97 11 10
97 10 8
97 10 9
98 17 16
98 16 14
98 14 12
98 12 11
98 11 10
98 10 9
98 9 2
98 2 1
98 1 0
98 9 8
98 8 5
98 5 4
98 4 3
98 8 7
98 7 6
98 14 13
98 16 15
99 16 14
99 14 12
99 12 5
99 5 4
99 4 0
99 4 3
99 3 2
99 2 1
99 12 11
99 11 10
99 10 6
99 10 9
99 9 8
99 8 7
99 14 13
99 16 15
100 16 14
100 14 0
100 14 13
100 13 12
100 12 9
100 9 1
100 9 8
100 8 2
100 8 7
100 7 5
100 5 3
100 5 4
100 7 6
100 12 11
100 11 10
100 16 15
101 16 10
101 10 9
101 9 0
101 9 8
101 8 1
101 8 7
101 7 3
101 3 2
101 7 6
101 6 4
101 6 5
101 16 15
101 15 14
101 14 12
101 12 11
101 14 13
