1 16 4
1 4 3
1 3 2
1 2 1
1 1 0
1 16 15
1 15 14
1 14 5
1 14 13
1 13 12
1 12 11
1 11 9
1 9 7
1 7 6
1 9 8
1 11 10
2 15 13
2 13 12
2 12 9
2 9 8
2 8 7
2 7 2
2 2 1
2 1 0
2 7 6
2 6 5
2 5 3
2 5 4
2 12 11
2 11 10
2 15 14
3 14 13
3 13 0
3 13 12
3 12 8
3 8 2
3 2 1
3 8 7
3 7 5
3 5 3
3 5 4
3 7 6
3 12 11
3 11 9
3 11 10
4 15 10
4 10 0
4 10 9
4 9 1
4 9 8
4 8 3
4 3 2
4 8 7
4 7 6
4 6 4
4 6 5
4 15 14
4 14 13
4 13 12
4 12 11
5 19 0
5 19 18
5 18 7
5 7 6
5 6 4
5 4 1
5 4 3
5 3 2
5 6 5
5 18 17
5 17 10
5 10 9
5 9 8
5 17 16
5 16 11
5 16 15
5 15 14
5 14 12
5 14 13
6 17 0
6 17 16
6 16 15
6 15 2
6 2 1
6 15 14
6 14 13
6 13 4
6 4 3
6 13 12
6 12 5
6 12 11
6 11 9
6 9 7
6 7 6
6 9 8
6 11 10
7 14 1
7 1 0
7 14 13
7 13 11
7 11 10
7 10 2
7 10 9
7 9 5
7 5 3
7 5 4
7 9 8
7 8 7
7 7 6
7 13 12
8 15 0
8 15 14
8 14 4
8 4 3
8 3 1
8 3 2
8 14 13
8 13 5
8 13 12
8 12 11
8 11 9
8 9 8
8 8 6
8 8 7
8 11 10
9 14 1
9 1 0
9 14 13
9 13 9
9 9 2
9 9 8
9 8 3
9 8 7
9 7 4
9 7 6
9 6 5
9 13 12
9 12 10
9 12 11
10 14 13
10 13 12
10 12 10
10 10 9
10 9 1
10 1 0
10 9 8
10 8 6
10 6 5
10 5 3
10 3 2
10 5 4
10 8 7
10 12 11
11 15 10
11 10 9
11 9 3
11 3 2
11 2 0
11 2 1
11 9 8
11 8 6
11 6 5
11 5 4
11 8 7
11 15 14
11 14 12
11 12 11
11 14 13
12 16 2
12 2 0
12 2 1
12 16 15
12 15 7
12 7 6
12 6 3
12 6 5
12 5 4
12 15 14
12 14 13
12 13 12
12 12 10
12 10 9
12 9 8
12 12 11
13 18 17
13 17 16
13 16 2
13 2 1
13 1 0
13 16 15
13 15 9
13 9 7
13 7 4
13 4 3
13 7 6
13 6 5
13 9 8
13 15 14
13 14 10
13 14 13
13 13 11
13 13 12
14 14 13
14 13 12
14 12 8
14 8 7
14 7 1
14 1 0
14 7 6
14 6 2
14 6 5
14 5 3
14 5 4
14 12 11
14 11 10
14 10 9
15 15 14
15 14 2
15 2 1
15 1 0
15 14 13
15 13 11
15 11 10
15 10 7
15 7 3
15 7 6
15 6 4
15 6 5
15 10 9
15 9 8
15 13 12
16 15 0
16 15 14
16 14 13
16 13 10
16 10 2
16 2 1
16 10 9
16 9 3
16 9 8
16 8 7
16 7 4
16 7 6
16 6 5
16 13 12
16 12 11
17 19 13
17 13 12
17 12 6
17 6 1
17 1 0
17 6 5
17 5 4
17 4 3
17 3 2
17 12 11
17 11 10
17 10 8
17 8 7
17 10 9
17 19 18
17 18 16
17 16 14
17 16 15
17 18 17
18 17 15
18 15 13
18 13 2
18 2 1
18 1 0
18 13 12
18 12 9
18 9 3
18 9 8
18 8 7
18 7 6
18 6 5
18 5 4
18 12 11
18 11 10
18 15 14
18 17 16
19 14 13
19 13 10
19 10 9
19 9 0
19 9 8
19 8 7
19 7 1
19 7 6
19 6 2
19 6 5
19 5 4
19 4 3
19 13 12
19 12 11
20 14 0
20 14 13
20 13 12
20 12 11
20 11 9
20 9 1
20 9 8
20 8 3
20 3 2
20 8 7
20 7 4
20 7 6
20 6 5
20 11 10
21 16 15
21 15 3
21 3 2
21 2 1
21 1 0
21 15 14
21 14 13
21 13 6
21 6 4
21 6 5
21 13 12
21 12 9
21 9 7
21 9 8
21 12 11
21 11 10
22 17 10
22 10 9
22 9 8
22 8 0
22 8 7
22 7 1
22 7 6
22 6 5
22 5 3
22 3 2
22 5 4
22 17 16
22 16 15
22 15 14
22 14 13
22 13 11
22 13 12
23 17 6
23 6 4
23 4 3
23 3 1
23 1 0
23 3 2
23 6 5
23 17 16
23 16 7
23 16 15
23 15 8
23 15 14
23 14 13
23 13 9
23 13 12
23 12 10
23 12 11
24 17 7
24 7 2
24 2 0
24 2 1
24 7 6
24 6 3
24 6 5
24 5 4
24 17 16
24 16 11
24 11 8
24 11 10
24 10 9
24 16 15
24 15 14
24 14 12
24 14 13
25 15 14
25 14 13
25 13 12
25 12 1
25 1 0
25 12 11
25 11 10
25 10 7
25 7 5
25 5 2
25 5 4
25 4 3
25 7 6
25 10 9
25 9 8
26 18 6
26 6 5
26 5 2
26 2 1
26 1 0
26 5 4
26 4 3
26 18 17
26 17 16
26 16 8
26 8 7
26 16 15
26 15 14
26 14 9
26 14 13
26 13 12
26 12 10
26 12 11
27 14 11
27 11 0
27 11 10
27 10 5
27 5 4
27 4 3
27 3 2
27 2 1
27 10 9
27 9 7
27 7 6
27 9 8
27 14 13
27 13 12
28 17 2
28 2 0
28 2 1
28 17 16
28 16 14
28 14 9
28 9 3
28 9 8
28 8 7
28 7 5
28 5 4
28 7 6
28 14 13
28 13 12
28 12 11
28 11 10
28 16 15
29 16 9
29 9 8
29 8 0
29 8 7
29 7 4
29 4 3
29 3 2
29 2 1
29 7 6
29 6 5
29 16 15
29 15 10
29 15 14
29 14 12
29 12 11
29 14 13
30 15 1
30 1 0
30 15 14
30 14 13
30 13 12
30 12 8
30 8 7
30 7 4
30 4 3
30 3 2
30 7 6
30 6 5
30 12 11
30 11 10
30 10 9
31 15 14
31 14 13
31 13 11
31 11 10
31 10 2
31 2 1
31 1 0
31 10 9
31 9 7
31 7 4
31 4 3
31 7 6
31 6 5
31 9 8
31 13 12
32 14 8
32 8 7
32 7 6
32 6 5
32 5 4
32 4 3
32 3 2
32 2 0
32 2 1
32 14 13
32 13 12
32 12 9
32 12 11
32 11 10
33 17 0
33 17 16
33 16 8
33 8 7
33 7 3
33 3 1
33 3 2
33 7 6
33 6 5
33 5 4
33 16 15
33 15 12
33 12 10
33 10 9
33 12 11
33 15 14
33 14 13
34 19 0
34 19 18
34 18 1
34 18 17
34 17 16
34 16 15
34 15 14
34 14 12
34 12 3
34 3 2
34 12 11
34 11 6
34 6 5
34 5 4
34 11 10
34 10 9
34 9 7
34 9 8
34 14 13
35 16 9
35 9 6
35 6 1
35 1 0
35 6 5
35 5 4
35 4 2
35 4 3
35 9 8
35 8 7
35 16 15
35 15 14
35 14 13
35 13 11
35 11 10
35 13 12
36 15 14
36 14 13
36 13 12
36 12 10
36 10 8
36 8 7
36 7 6
36 6 5
36 5 4
36 4 2
36 2 0
36 2 1
36 4 3
36 10 9
36 12 11
37 17 11
37 11 8
37 8 7
37 7 0
37 7 6
37 6 5
37 5 3
37 3 1
37 3 2
37 5 4
37 11 10
37 10 9
37 17 16
37 16 13
37 13 12
37 16 15
37 15 14
38 18 2
38 2 0
38 2 1
38 18 17
38 17 3
38 17 16
38 16 15
38 15 13
38 13 11
38 11 8
38 8 6
38 6 4
38 6 5
38 8 7
38 11 10
38 10 9
38 13 12
38 15 14
39 14 2
39 2 1
39 1 0
39 14 13
39 13 11
39 11 3
39 11 10
39 10 9
39 9 5
39 5 4
39 9 8
39 8 7
39 7 6
39 13 12
40 15 13
40 13 11
40 11 0
40 11 10
40 10 3
40 3 1
40 3 2
40 10 9
40 9 8
40 8 4
40 8 7
40 7 6
40 6 5
40 13 12
40 15 14
41 15 14
41 14 9
41 9 0
41 9 8
41 8 4
41 4 2
41 2 1
41 4 3
41 8 7
41 7 6
41 6 5
41 14 13
41 13 12
41 12 11
41 11 10
42 14 6
42 6 4
42 4 3
42 3 1
42 1 0
42 3 2
42 6 5
42 14 13
42 13 7
42 13 12
42 12 11
42 11 10
42 10 9
42 9 8
43 16 15
43 15 14
43 14 13
43 13 11
43 11 0
43 11 10
43 10 9
43 9 5
43 5 2
43 2 1
43 5 4
43 4 3
43 9 8
43 8 7
43 7 6
43 13 12
44 16 1
44 1 0
44 16 15
44 15 12
44 12 11
44 11 10
44 10 2
44 10 9
44 9 5
44 5 4
44 4 3
44 9 8
44 8 6
44 8 7
44 15 14
44 14 13
45 14 10
45 10 9
45 9 4
45 4 3
45 3 2
45 2 1
45 1 0
45 9 8
45 8 5
45 8 7
45 7 6
45 14 13
45 13 11
45 13 12
46 16 12
46 12 11
46 11 10
46 10 2
46 2 1
46 1 0
46 10 9
46 9 8
46 8 4
46 4 3
46 8 7
46 7 6
46 6 5
46 16 15
46 15 13
46 15 14
47 17 5
47 5 3
47 3 2
47 2 1
47 1 0
47 5 4
47 17 16
47 16 15
47 15 6
47 15 14
47 14 13
47 13 7
47 13 12
47 12 11
47 11 10
47 10 8
47 10 9
48 14 12
48 12 11
48 11 0
48 11 10
48 10 9
48 9 7
48 7 6
48 6 5
48 5 4
48 4 1
48 4 3
48 3 2
48 9 8
48 14 13
49 18 1
49 1 0
49 18 17
49 17 16
49 16 15
49 15 13
49 13 3
49 3 2
49 13 12
49 12 11
49 11 10
49 10 4
49 10 9
49 9 8
49 8 5
49 8 7
49 7 6
49 15 14
50 16 1
50 1 0
50 16 15
50 15 13
50 13 2
50 13 12
50 12 11
50 11 9
50 9 7
50 7 6
50 6 4
50 4 3
50 6 5
50 9 8
50 11 10
50 15 14
51 14 12
51 12 10
51 10 8
51 8 6
51 6 4
51 4 2
51 2 1
51 1 0
51 4 3
51 6 5
51 8 7
51 10 9
51 12 11
51 14 13
52 19 18
52 18 17
52 17 12
52 12 11
52 11 8
52 8 7
52 7 5
52 5 0
52 5 4
52 4 2
52 2 1
52 4 3
52 7 6
52 11 10
52 10 9
52 17 16
52 16 13
52 16 15
52 15 14
53 17 0
53 17 16
53 16 15
53 15 14
53 14 3
53 3 2
53 2 1
53 14 13
53 13 11
53 11 10
53 10 4
53 10 9
53 9 6
53 6 5
53 9 8
53 8 7
53 13 12
54 15 13
54 13 12
54 12 11
54 11 10
54 10 4
54 4 1
54 1 0
54 4 3
54 3 2
54 10 9
54 9 7
54 7 5
54 7 6
54 9 8
54 15 14
55 16 15
55 15 2
55 2 1
55 1 0
55 15 14
55 14 12
55 12 10
55 10 9
55 9 6
55 6 4
55 4 3
55 6 5
55 9 8
55 8 7
55 12 11
55 14 13
56 18 17
56 17 15
56 15 12
56 12 7
56 7 5
56 5 4
56 4 3
56 3 2
56 2 1
56 1 0
56 7 6
56 12 11
56 11 9
56 9 8
56 11 10
56 15 14
56 14 13
56 17 16
57 15 4
57 4 2
57 2 1
57 1 0
57 4 3
57 15 14
57 14 5
57 14 13
57 13 6
57 13 12
57 12 7
57 12 11
57 11 10
57 10 8
57 10 9
58 16 15
58 15 5
58 5 4
58 4 3
58 3 2
58 2 1
58 1 0
58 15 14
58 14 13
58 13 11
58 11 10
58 10 9
58 9 8
58 8 6
58 8 7
58 13 12
59 18 0
59 18 17
59 17 1
59 17 16
59 16 15
59 15 13
59 13 4
59 4 2
59 4 3
59 13 12
59 12 6
59 6 5
59 12 11
59 11 10
59 10 9
59 9 8
59 8 7
59 15 14
60 14 1
60 1 0
60 14 13
60 13 11
60 11 6
60 6 5
60 5 3
60 3 2
60 5 4
60 11 10
60 10 7
60 10 9
60 9 8
60 13 12
61 18 17
61 17 6
61 6 5
61 5 0
61 5 4
61 4 2
61 2 1
61 4 3
61 17 16
61 16 14
61 14 12
61 12 11
61 11 9
61 9 8
61 8 7
61 11 10
61 14 13
61 16 15
62 14 13
62 13 12
62 12 6
62 6 3
62 3 2
62 2 0
62 2 1
62 6 5
62 5 4
62 12 11
62 11 7
62 11 10
62 10 8
62 10 9
63 18 16
63 16 12
63 12 5
63 5 4
63 4 3
63 3 0
63 3 2
63 2 1
63 12 11
63 11 6
63 11 10
63 10 7
63 10 9
63 9 8
63 16 15
63 15 13
63 15 14
63 18 17
64 17 3
64 3 0
64 3 2
64 2 1
64 17 16
64 16 14
64 14 12
64 12 5
64 5 4
64 12 11
64 11 10
64 10 8
64 8 6
64 8 7
64 10 9
64 14 13
64 16 15
65 18 0
65 18 17
65 17 16
65 16 14
65 14 13
65 13 2
65 2 1
65 13 12
65 12 4
65 4 3
65 12 11
65 11 10
65 10 8
65 8 7
65 7 6
65 6 5
65 10 9
65 16 15
66 15 5
66 5 4
66 4 0
66 4 3
66 3 2
66 2 1
66 15 14
66 14 13
66 13 9
66 9 8
66 8 6
66 8 7
66 13 12
66 12 10
66 12 11
67 14 13
67 13 8
67 8 2
67 2 0
67 2 1
67 8 7
67 7 4
67 4 3
67 7 6
67 6 5
67 13 12
67 12 10
67 10 9
67 12 11
68 16 8
68 8 7
68 7 2
68 2 0
68 2 1
68 7 6
68 6 5
68 5 4
68 4 3
68 16 15
68 15 14
68 14 9
68 14 13
68 13 10
68 13 12
68 12 11
69 16 15
69 15 13
69 13 2
69 2 1
69 1 0
69 13 12
69 12 10
69 10 9
69 9 7
69 7 4
69 4 3
69 7 6
69 6 5
69 9 8
69 12 11
69 15 14
70 15 14
70 14 3
70 3 1
70 1 0
70 3 2
70 14 13
70 13 6
70 6 4
70 6 5
70 13 12
70 12 10
70 10 9
70 9 7
70 9 8
70 12 11
71 15 9
71 9 1
71 1 0
71 9 8
71 8 7
71 7 5
71 5 3
71 3 2
71 5 4
71 7 6
71 15 14
71 14 11
71 11 10
71 14 13
71 13 12
72 16 14
72 14 10
72 10 2
72 2 1
72 1 0
72 10 9
72 9 8
72 8 3
72 8 7
72 7 5
72 5 4
72 7 6
72 14 13
72 13 12
72 12 11
72 16 15
73 14 0
73 14 13
73 13 12
73 12 11
73 11 5
73 5 4
73 4 2
73 2 1
73 4 3
73 11 10
73 10 9
73 9 7
73 7 6
73 9 8
74 18 17
74 17 16
74 16 0
74 16 15
74 15 6
74 6 4
74 4 3
74 3 1
74 3 2
74 6 5
74 15 14
74 14 8
74 8 7
74 14 13
74 13 12
74 12 10
74 10 9
74 12 11
75 15 8
75 8 1
75 1 0
75 8 7
75 7 2
75 7 6
75 6 4
75 4 3
75 6 5
75 15 14
75 14 12
75 12 11
75 11 10
75 10 9
75 14 13
76 19 16
76 16 1
76 1 0
76 16 15
76 15 14
76 14 13
76 13 7
76 7 3
76 3 2
76 7 6
76 6 4
76 6 5
76 13 12
76 12 10
76 10 8
76 10 9
76 12 11
76 19 18
76 18 17
77 15 12
77 12 10
77 10 2
77 2 1
77 1 0
77 10 9
77 9 8
77 8 5
77 5 3
77 5 4
77 8 7
77 7 6
77 12 11
77 15 14
77 14 13
78 17 0
78 17 16
78 16 1
78 16 15
78 15 2
78 15 14
78 14 3
78 14 13
78 13 12
78 12 5
78 5 4
78 12 11
78 11 8
78 8 6
78 8 7
78 11 10
78 10 9
79 17 3
79 3 0
79 3 2
79 2 1
79 17 16
79 16 4
79 16 15
79 15 14
79 14 13
79 13 9
79 9 8
79 8 5
79 8 7
79 7 6
79 13 12
79 12 10
79 12 11
80 15 13
80 13 12
80 12 10
80 10 2
80 2 0
80 2 1
80 10 9
80 9 5
80 5 3
80 5 4
80 9 8
80 8 7
80 7 6
80 12 11
80 15 14
81 14 9
81 9 1
81 1 0
81 9 8
81 8 7
81 7 5
81 5 4
81 4 3
81 3 2
81 7 6
81 14 13
81 13 12
81 12 11
81 11 10
82 17 1
82 1 0
82 17 16
82 16 14
82 14 12
82 12 11
82 11 6
82 6 5
82 5 2
82 5 4
82 4 3
82 11 10
82 10 9
82 9 8
82 8 7
82 14 13
82 16 15
83 19 14
83 14 0
83 14 13
83 13 2
83 2 1
83 13 12
83 12 10
83 10 9
83 9 3
83 9 8
83 8 7
83 7 4
83 7 6
83 6 5
83 12 11
83 19 18
83 18 17
83 17 16
83 16 15
84 15 0
84 15 14
84 14 10
84 10 1
84 10 9
84 9 7
84 7 2
84 7 6
84 6 4
84 4 3
84 6 5
84 9 8
84 14 13
84 13 11
84 13 12
85 14 13
85 13 12
85 12 5
85 5 2
85 2 0
85 2 1
85 5 4
85 4 3
85 12 11
85 11 9
85 9 6
85 9 8
85 8 7
85 11 10
86 15 10
86 10 7
86 7 3
86 3 1
86 1 0
86 3 2
86 7 6
86 6 4
86 6 5
86 10 9
86 9 8
86 15 14
86 14 11
86 14 13
86 13 12
87 14 0
87 14 13
87 13 6
87 6 4
87 4 3
87 3 1
87 3 2
87 6 5
87 13 12
87 12 11
87 11 10
87 10 9
87 9 8
87 8 7
88 14 7
88 7 4
88 4 1
88 1 0
88 4 3
88 3 2
88 7 6
88 6 5
88 14 13
88 13 10
88 10 9
88 9 8
88 13 12
88 12 11
89 15 4
89 4 3
89 3 2
89 2 0
89 2 1
89 15 14
89 14 5
89 14 13
89 13 7
89 7 6
89 13 12
89 12 8
89 12 11
89 11 9
89 11 10
90 14 0
90 14 13
90 13 12
90 12 11
90 11 8
90 8 2
90 2 1
90 8 7
90 7 5
90 5 4
90 4 3
90 7 6
90 11 10
90 10 9
91 15 4
91 4 2
91 2 0
91 2 1
91 4 3
91 15 14
91 14 5
91 14 13
91 13 12
91 12 10
91 10 9
91 9 6
91 9 8
91 8 7
91 12 11
92 19 0
92 19 18
92 18 3
92 3 2
92 2 1
92 18 17
92 17 7
92 7 5
92 5 4
92 7 6
92 17 16
92 16 8
92 16 15
92 15 14
92 14 12
92 12 11
92 11 10
92 10 9
92 14 13
93 18 17
93 17 16
93 16 13
93 13 1
93 1 0
93 13 12
93 12 6
93 6 4
93 4 3
93 3 2
93 6 5
93 12 11
93 11 7
93 11 10
93 10 9
93 9 8
93 16 15
93 15 14
94 17 1
94 1 0
94 17 16
94 16 14
94 14 12
94 12 10
94 10 4
94 4 2
94 4 3
94 10 9
94 9 8
94 8 6
94 6 5
94 8 7
94 12 11
94 14 13
94 16 15
95 14 11
95 11 0
95 11 10
95 10 9
95 9 7
95 7 4
95 4 1
95 4 3
95 3 2
95 7 6
95 6 5
95 9 8
95 14 13
95 13 12
96 16 14
96 14 12
96 12 0
96 12 11
96 11 5
96 5 1
96 5 4
96 4 2
96 4 3
96 11 10
96 10 9
96 9 7
96 7 6
96 9 8
96 14 13
96 16 15
97 18 16
97 16 14
97 14 0
97 14 13
97 13 12
97 12 11
97 11 5
97 5 3
97 3 1
97 3 2
97 5 4
97 11 10
97 10 6
97 10 9
97 9 8
97 8 7
97 16 15
97 18 17
98 14 13
98 13 12
98 12 10
98 10 8
98 8 3
98 3 1
98 1 0
98 3 2
98 8 7
98 7 5
98 5 4
98 7 6
98 10 9
98 12 11
99 19 18
99 18 0
99 18 17
99 17 16
99 16 1
99 16 15
99 15 6
99 6 2
99 6 5
99 5 4
99 4 3
99 15 14
99 14 12
99 12 10
99 10 9
99 9 8
99 8 7
99 12 11
99 14 13
100 15 1
100 1 0
100 15 14
100 14 12
100 12 2
100 12 11
100 11 5
100 5 4
100 4 3
100 11 10
100 10 9
100 9 8
100 8 7
100 7 6
100 14 13
101 18 1
101 1 0
101 18 17
101 17 3
101 3 2
101 17 16
101 16 15
101 15 14
101 14 11
101 11 10
101 10 9
101 9 8
101 8 6
101 6 4
101 6 5
101 8 7
101 14 13
101 13 12
