1 19 18
1 18 13
1 13 12
1 12 11
1 11 10
1 10 0
1 10 9
1 9 8
1 8 7
1 7 1
1 7 6
1 6 5
1 5 3
1 3 2
1 5 4
1 18 17
1 17 16
1 16 15
1 15 14
2 15 13
2 13 12
2 12 2
2 2 0
2 2 1
2 12 11
2 11 3
2 11 10
2 10 5
2 5 4
2 10 9
2 9 8
2 8 6
2 8 7
2 15 14
3 17 15
3 15 9
3 9 7
3 7 4
3 4 3
3 3 2
3 2 0
3 2 1
3 7 6
3 6 5
3 9 8
3 15 14
3 14 12
3 12 11
3 11 10
3 14 13
3 17 16
4 15 12
4 12 8
4 8 7
4 7 3
4 3 0
4 3 2
4 2 1
4 7 6
4 6 4
4 6 5
4 12 11
4 11 9
4 11 10
4 15 14
4 14 13
5 16 14
5 14 8
5 8 7
5 7 6
5 6 5
5 5 4
5 4 3
5 3 2
5 2 1
5 1 0
5 14 13
5 13 12
5 12 11
5 11 9
5 11 10
5 16 15
6 19 18
6 18 17
6 17 0
6 17 16
6 16 1
6 16 15
6 15 9
6 9 6
6 6 4
6 4 3
6 3 2
6 6 5
6 9 8
6 8 7
6 15 14
6 14 12
6 12 10
6 12 11
6 14 13
7 15 12
7 12 11
7 11 3
7 3 0
7 3 2
7 2 1
7 11 10
7 10 8
7 8 6
7 6 4
7 6 5
7 8 7
7 10 9
7 15 14
7 14 13
8 15 14
8 14 2
8 2 1
8 1 0
8 14 13
8 13 11
8 11 10
8 10 8
8 8 6
8 6 5
8 5 3
8 5 4
8 8 7
8 10 9
8 13 12
9 15 14
9 14 1
9 1 0
9 14 13
9 13 12
9 12 11
9 11 8
9 8 6
9 6 5
9 5 3
9 3 2
9 5 4
9 8 7
9 11 10
9 10 9
10 15 1
10 1 0
10 15 14
10 14 13
10 13 2
10 13 12
10 12 11
10 11 10
10 10 8
10 8 3
10 8 7
10 7 6
10 6 4
10 6 5
10 10 9
11 14 2
11 2 1
11 1 0
11 14 13
11 13 9
11 9 8
11 8 7
11 7 6
11 6 5
11 5 4
11 4 3
11 13 12
11 12 10
11 12 11
12 14 13
12 13 12
12 12 7
12 7 5
12 5 4
12 4 3
12 3 2
12 2 1
12 1 0
12 7 6
12 12 11
12 11 8
12 11 10
12 10 9
13 19 18
13 18 0
13 18 17
13 17 16
13 16 6
13 6 5
13 5 4
13 4 3
13 3 1
13 3 2
13 16 15
13 15 13
13 13 9
13 9 7
13 9 8
13 13 12
13 12 10
13 12 11
13 15 14
14 14 12
14 12 11
14 11 8
14 8 6
14 6 5
14 5 0
14 5 4
14 4 3
14 3 1
14 3 2
14 8 7
14 11 10
14 10 9
14 14 13
15 19 18
15 18 16
15 16 11
15 11 10
15 10 9
15 9 8
15 8 0
15 8 7
15 7 6
15 6 4
15 4 3
15 3 2
15 2 1
15 6 5
15 16 15
15 15 14
15 14 12
15 14 13
15 18 17
16 15 13
16 13 11
16 11 3
16 3 2
16 2 1
16 1 0
16 11 10
16 10 9
16 9 8
16 8 5
16 5 4
16 8 7
16 7 6
16 13 12
16 15 14
17 18 16
17 16 7
17 7 0
17 7 6
17 6 5
17 5 4
17 4 1
17 4 3
17 3 2
17 16 15
17 15 13
17 13 12
17 12 8
17 12 11
17 11 10
17 10 9
17 15 14
17 18 17
18 16 0
18 16 15
18 15 14
18 14 13
18 13 12
18 12 1
18 12 11
18 11 10
18 10 8
18 8 7
18 7 4
18 4 3
18 3 2
18 7 6
18 6 5
18 10 9
19 17 1
19 1 0
19 17 16
19 16 2
19 16 15
19 15 14
19 14 10
19 10 8
19 8 7
19 7 4
19 4 3
19 7 6
19 6 5
19 10 9
19 14 13
19 13 11
19 13 12
20 17 11
20 11 0
20 11 10
20 10 1
20 10 9
20 9 8
20 8 4
20 4 2
20 4 3
20 8 7
20 7 5
20 7 6
20 17 16
20 16 15
20 15 13
20 13 12
20 15 14
21 19 0
21 19 18
21 18 16
21 16 6
21 6 5
21 5 1
21 5 4
21 4 2
21 4 3
21 16 15
21 15 12
21 12 7
21 12 11
21 11 8
21 11 10
21 10 9
21 15 14
21 14 13
21 18 17
22 15 13
22 13 12
22 12 11
22 11 8
22 8 0
22 8 7
22 7 6
22 6 4
22 4 2
22 2 1
22 4 3
22 6 5
22 11 10
22 10 9
22 15 14
23 18 6
23 6 0
23 6 5
23 5 4
23 4 3
23 3 2
23 2 1
23 18 17
23 17 15
23 15 14
23 14 13
23 13 7
23 13 12
23 12 11
23 11 8
23 11 10
23 10 9
23 17 16
24 16 0
24 16 15
24 15 12
24 12 10
24 10 8
24 8 4
24 4 3
24 3 1
24 3 2
24 8 7
24 7 5
24 7 6
24 10 9
24 12 11
24 15 14
24 14 13
25 16 15
25 15 12
25 12 11
25 11 10
25 10 1
25 1 0
25 10 9
25 9 2
25 9 8
25 8 7
25 7 5
25 5 3
25 5 4
25 7 6
25 15 14
25 14 13
26 18 17
26 17 16
26 16 12
26 12 11
26 11 10
26 10 3
26 3 2
26 2 0
26 2 1
26 10 9
26 9 8
26 8 7
26 7 4
26 7 6
26 6 5
26 16 15
26 15 14
26 14 13
27 19 15
27 15 14
27 14 0
27 14 13
27 13 2
27 2 1
27 13 12
27 12 10
27 10 9
27 9 3
27 9 8
27 8 5
27 5 4
27 8 7
27 7 6
27 12 11
27 19 18
27 18 17
27 17 16
28 19 15
28 15 14
28 14 1
28 1 0
28 14 13
28 13 12
28 12 11
28 11 2
28 11 10
28 10 8
28 8 3
28 8 7
28 7 5
28 5 4
28 7 6
28 10 9
28 19 18
28 18 17
28 17 16
29 14 2
29 2 0
29 2 1
29 14 13
29 13 10
29 10 9
29 9 3
29 9 8
29 8 4
29 8 7
29 7 6
29 6 5
29 13 12
29 12 11
30 14 13
30 13 12
30 12 11
30 11 2
30 2 0
30 2 1
30 11 10
30 10 3
30 10 9
30 9 7
30 7 4
30 7 6
30 6 5
30 9 8
31 19 0
31 19 18
31 18 17
31 17 15
31 15 1
31 15 14
31 14 5
31 5 2
31 5 4
31 4 3
31 14 13
31 13 12
31 12 10
31 10 6
31 10 9
31 9 7
31 9 8
31 12 11
31 17 16
32 18 1
32 1 0
32 18 17
32 17 16
32 16 10
32 10 9
32 9 5
32 5 3
32 3 2
32 5 4
32 9 8
32 8 6
32 8 7
32 16 15
32 15 14
32 14 12
32 12 11
32 14 13
33 16 15
33 15 3
33 3 2
33 2 0
33 2 1
33 15 14
33 14 13
33 13 4
33 13 12
33 12 8
33 8 7
33 7 6
33 6 5
33 12 11
33 11 10
33 10 9
34 15 13
34 13 12
34 12 3
34 3 0
34 3 2
34 2 1
34 12 11
34 11 4
34 11 10
34 10 6
34 6 5
34 10 9
34 9 7
34 9 8
34 15 14
35 19 18
35 18 17
35 17 16
35 16 12
35 12 0
35 12 11
35 11 3
35 3 1
35 3 2
35 11 10
35 10 4
35 10 9
35 9 7
35 7 6
35 6 5
35 9 8
35 16 15
35 15 13
35 15 14
36 18 17
36 17 0
36 17 16
36 16 2
36 2 1
36 16 15
36 15 3
36 15 14
36 14 7
36 7 4
36 7 6
36 6 5
36 14 13
36 13 12
36 12 9
36 9 8
36 12 11
36 11 10
37 15 13
37 13 9
37 9 8
37 8 1
37 1 0
37 8 7
37 7 6
37 6 5
37 5 4
37 4 3
37 3 2
37 13 12
37 12 10
37 12 11
37 15 14
38 14 13
38 13 2
38 2 0
38 2 1
38 13 12
38 12 11
38 11 9
38 9 8
38 8 3
38 8 7
38 7 4
38 7 6
38 6 5
38 11 10
39 16 9
39 9 0
39 9 8
39 8 1
39 8 7
39 7 6
39 6 4
39 4 3
39 3 2
39 6 5
39 16 15
39 15 12
39 12 11
39 11 10
39 15 14
39 14 13
40 19 6
40 6 0
40 6 5
40 5 1
40 5 4
40 4 2
40 4 3
40 19 18
40 18 7
40 18 17
40 17 13
40 13 12
40 12 8
40 12 11
40 11 10
40 10 9
40 17 16
40 16 15
40 15 14
41 17 1
41 1 0
41 17 16
41 16 15
41 15 14
41 14 13
41 13 2
41 13 12
41 12 10
41 10 9
41 9 3
41 9 8
41 8 7
41 7 6
41 6 5
41 5 4
41 12 11
42 15 14
42 14 3
42 3 2
42 2 1
42 1 0
42 14 13
42 13 12
42 12 11
42 11 10
42 10 5
42 5 4
42 10 9
42 9 8
42 8 7
42 7 6
43 19 17
43 17 16
43 16 5
43 5 0
43 5 4
43 4 3
43 3 2
43 2 1
43 16 15
43 15 6
43 15 14
43 14 7
43 14 13
43 13 8
43 13 12
43 12 11
43 11 10
43 10 9
43 19 18
44 17 15
44 15 14
44 14 0
44 14 13
44 13 12
44 12 11
44 11 8
44 8 1
44 8 7
44 7 2
44 7 6
44 6 5
44 5 3
44 5 4
44 11 10
44 10 9
44 17 16
45 14 13
45 13 0
45 13 12
45 12 11
45 11 9
45 9 8
45 8 4
45 4 3
45 3 2
45 2 1
45 8 7
45 7 6
45 6 5
45 11 10
46 19 18
46 18 3
46 3 2
46 2 0
46 2 1
46 18 17
46 17 16
46 16 14
46 14 13
46 13 12
46 12 7
46 7 5
46 5 4
46 7 6
46 12 11
46 11 9
46 9 8
46 11 10
46 16 15
47 19 18
47 18 16
47 16 15
47 15 13
47 13 12
47 12 11
47 11 8
47 8 0
47 8 7
47 7 6
47 6 4
47 4 3
47 3 2
47 2 1
47 6 5
47 11 10
47 10 9
47 15 14
47 18 17
48 15 3
48 3 2
48 2 1
48 1 0
48 15 14
48 14 12
48 12 8
48 8 4
48 8 7
48 7 5
48 7 6
48 12 11
48 11 9
48 11 10
48 14 13
49 17 16
49 16 0
49 16 15
49 15 12
49 12 11
49 11 1
49 11 10
49 10 9
49 9 5
49 5 3
49 3 2
49 5 4
49 9 8
49 8 7
49 7 6
49 15 14
49 14 13
50 18 17
50 17 16
50 16 0
50 16 15
50 15 14
50 14 4
50 4 2
50 2 1
50 4 3
50 14 13
50 13 11
50 11 7
50 7 6
50 6 5
50 11 10
50 10 8
50 10 9
50 13 12
51 17 0
51 17 16
51 16 13
51 13 6
51 6 3
51 3 2
51 2 1
51 6 5
51 5 4
51 13 12
51 12 11
51 11 10
51 10 8
51 8 7
51 10 9
51 16 15
51 15 14
52 19 12
52 12 11
52 11 1
52 1 0
52 11 10
52 10 2
52 10 9
52 9 5
52 5 4
52 4 3
52 9 8
52 8 7
52 7 6
52 19 18
52 18 15
52 15 14
52 14 13
52 18 17
52 17 16
53 18 17
53 17 3
53 3 2
53 2 1
53 1 0
53 17 16
53 16 7
53 7 6
53 6 5
53 5 4
53 16 15
53 15 12
53 12 9
53 9 8
53 12 11
53 11 10
53 15 14
53 14 13
54 19 18
54 18 0
54 18 17
54 17 16
54 16 15
54 15 14
54 14 12
54 12 4
54 4 3
54 3 2
54 2 1
54 12 11
54 11 10
54 10 8
54 8 5
54 8 7
54 7 6
54 10 9
54 14 13
55 15 14
55 14 13
55 13 12
55 12 11
55 11 10
55 10 8
55 8 1
55 1 0
55 8 7
55 7 5
55 5 2
55 5 4
55 4 3
55 7 6
55 10 9
56 17 16
56 16 12
56 12 11
56 11 10
56 10 7
56 7 6
56 6 0
56 6 5
56 5 4
56 4 3
56 3 1
56 3 2
56 10 9
56 9 8
56 16 15
56 15 13
56 15 14
57 16 6
57 6 0
57 6 5
57 5 3
57 3 2
57 2 1
57 5 4
57 16 15
57 15 14
57 14 7
57 14 13
57 13 12
57 12 8
57 12 11
57 11 10
57 10 9
58 14 2
58 2 1
58 1 0
58 14 13
58 13 12
58 12 8
58 8 7
58 7 5
58 5 3
58 5 4
58 7 6
58 12 11
58 11 10
58 10 9
59 16 15
59 15 14
59 14 12
59 12 0
59 12 11
59 11 2
59 2 1
59 11 10
59 10 8
59 8 4
59 4 3
59 8 7
59 7 6
59 6 5
59 10 9
59 14 13
60 19 18
60 18 11
60 11 5
60 5 4
60 4 3
60 3 2
60 2 1
60 1 0
60 11 10
60 10 9
60 9 8
60 8 7
60 7 6
60 18 17
60 17 14
60 14 13
60 13 12
60 17 16
60 16 15
61 18 10
61 10 8
61 8 7
61 7 6
61 6 3
61 3 0
61 3 2
61 2 1
61 6 5
61 5 4
61 10 9
61 18 17
61 17 11
61 17 16
61 16 14
61 14 12
61 14 13
61 16 15
62 18 17
62 17 15
62 15 9
62 9 1
62 1 0
62 9 8
62 8 7
62 7 2
62 7 6
62 6 5
62 5 3
62 5 4
62 15 14
62 14 11
62 11 10
62 14 13
62 13 12
62 17 16
63 18 15
63 15 14
63 14 13
63 13 12
63 12 10
63 10 9
63 9 0
63 9 8
63 8 6
63 6 2
63 2 1
63 6 5
63 5 4
63 4 3
63 8 7
63 12 11
63 18 17
63 17 16
64 17 16
64 16 15
64 15 14
64 14 1
64 1 0
64 14 13
64 13 12
64 12 10
64 10 9
64 9 5
64 5 4
64 4 3
64 3 2
64 9 8
64 8 6
64 8 7
64 12 11
65 17 15
65 15 12
65 12 11
65 11 10
65 10 9
65 9 8
65 8 7
65 7 0
65 7 6
65 6 1
65 6 5
65 5 4
65 4 2
65 4 3
65 15 14
65 14 13
65 17 16
66 16 15
66 15 12
66 12 2
66 2 1
66 1 0
66 12 11
66 11 10
66 10 8
66 8 6
66 6 3
66 6 5
66 5 4
66 8 7
66 10 9
66 15 14
66 14 13
67 19 18
67 18 13
67 13 12
67 12 11
67 11 0
67 11 10
67 10 5
67 5 4
67 4 3
67 3 2
67 2 1
67 10 9
67 9 8
67 8 7
67 7 6
67 18 17
67 17 16
67 16 14
67 16 15
68 18 11
68 11 6
68 6 4
68 4 3
68 3 2
68 2 0
68 2 1
68 6 5
68 11 10
68 10 9
68 9 8
68 8 7
68 18 17
68 17 16
68 16 15
68 15 12
68 15 14
68 14 13
69 14 0
69 14 13
69 13 1
69 13 12
69 12 5
69 5 2
69 5 4
69 4 3
69 12 11
69 11 7
69 7 6
69 11 10
69 10 9
69 9 8
70 15 14
70 14 0
70 14 13
70 13 1
70 13 12
70 12 11
70 11 9
70 9 2
70 9 8
70 8 7
70 7 4
70 4 3
70 7 6
70 6 5
70 11 10
71 19 7
71 7 5
71 5 0
71 5 4
71 4 3
71 3 1
71 3 2
71 7 6
71 19 18
71 18 14
71 14 11
71 11 10
71 10 9
71 9 8
71 14 13
71 13 12
71 18 17
71 17 16
71 16 15
72 14 13
72 13 2
72 2 0
72 2 1
72 13 12
72 12 3
72 12 11
72 11 10
72 10 4
72 10 9
72 9 7
72 7 6
72 6 5
72 9 8
73 16 15
73 15 14
73 14 9
73 9 1
73 1 0
73 9 8
73 8 6
73 6 5
73 5 4
73 4 3
73 3 2
73 8 7
73 14 13
73 13 10
73 13 12
73 12 11
74 16 15
74 15 0
74 15 14
74 14 1
74 14 13
74 13 5
74 5 4
74 4 3
74 3 2
74 13 12
74 12 7
74 7 6
74 12 11
74 11 9
74 9 8
74 11 10
75 17 16
75 16 15
75 15 11
75 11 9
75 9 8
75 8 7
75 7 5
75 5 1
75 1 0
75 5 4
75 4 3
75 3 2
75 7 6
75 11 10
75 15 14
75 14 12
75 14 13
76 16 15
76 15 14
76 14 13
76 13 12
76 12 0
76 12 11
76 11 10
76 10 7
76 7 4
76 4 3
76 3 1
76 3 2
76 7 6
76 6 5
76 10 9
76 9 8
77 19 3
77 3 2
77 2 0
77 2 1
77 19 18
77 18 17
77 17 15
77 15 4
77 15 14
77 14 11
77 11 10
77 10 9
77 9 5
77 9 8
77 8 6
77 8 7
77 14 13
77 13 12
77 17 16
78 14 4
78 4 3
78 3 2
78 2 0
78 2 1
78 14 13
78 13 11
78 11 9
78 9 5
78 9 8
78 8 6
78 8 7
78 11 10
78 13 12
79 15 9
79 9 8
79 8 1
79 1 0
79 8 7
79 7 2
79 7 6
79 6 3
79 6 5
79 5 4
79 15 14
79 14 13
79 13 12
79 12 10
79 12 11
80 14 9
80 9 8
80 8 7
80 7 6
80 6 4
80 4 3
80 3 1
80 1 0
80 3 2
80 6 5
80 14 13
80 13 12
80 12 10
80 12 11
81 18 15
81 15 11
81 11 9
81 9 7
81 7 5
81 5 0
81 5 4
81 4 2
81 2 1
81 4 3
81 7 6
81 9 8
81 11 10
81 15 14
81 14 12
81 14 13
81 18 17
81 17 16
82 19 14
82 14 9
82 9 8
82 8 4
82 4 0
82 4 3
82 3 2
82 2 1
82 8 7
82 7 6
82 6 5
82 14 13
82 13 11
82 11 10
82 13 12
82 19 18
82 18 15
82 18 17
82 17 16
83 19 17
83 17 15
83 15 4
83 4 0
83 4 3
83 3 1
83 3 2
83 15 14
83 14 12
83 12 7
83 7 5
83 7 6
83 12 11
83 11 9
83 9 8
83 11 10
83 14 13
83 17 16
83 19 18
84 14 1
84 1 0
84 14 13
84 13 10
84 10 9
84 9 8
84 8 6
84 6 2
84 6 5
84 5 3
84 5 4
84 8 7
84 13 12
84 12 11
85 14 2
85 2 0
85 2 1
85 14 13
85 13 3
85 13 12
85 12 10
85 10 9
85 9 6
85 6 4
85 6 5
85 9 8
85 8 7
85 12 11
86 14 12
86 12 5
86 5 4
86 4 2
86 2 0
86 2 1
86 4 3
86 12 11
86 11 8
86 8 6
86 8 7
86 11 10
86 10 9
86 14 13
87 15 14
87 14 13
87 13 11
87 11 1
87 1 0
87 11 10
87 10 9
87 9 7
87 7 5
87 5 4
87 4 3
87 3 2
87 7 6
87 9 8
87 13 12
88 16 0
88 16 15
88 15 5
88 5 3
88 3 1
88 3 2
88 5 4
88 15 14
88 14 13
88 13 12
88 12 11
88 11 10
88 10 7
88 7 6
88 10 9
88 9 8
89 16 15
89 15 1
89 1 0
89 15 14
89 14 2
89 14 13
89 13 12
89 12 7
89 7 3
89 7 6
89 6 4
89 6 5
89 12 11
89 11 10
89 10 8
89 10 9
90 15 14
90 14 2
90 2 1
90 1 0
90 14 13
90 13 3
90 13 12
90 12 4
90 12 11
90 11 6
90 6 5
90 11 10
90 10 7
90 10 9
90 9 8
91 19 0
91 19 18
91 18 10
91 10 4
91 4 3
91 3 1
91 3 2
91 10 9
91 9 8
91 8 7
91 7 5
91 7 6
91 18 17
91 17 16
91 16 13
91 13 11
91 13 12
91 16 15
91 15 14
92 16 11
92 11 0
92 11 10
92 10 1
92 10 9
92 9 8
92 8 7
92 7 6
92 6 5
92 5 4
92 4 2
92 4 3
92 16 15
92 15 14
92 14 12
92 14 13
93 16 15
93 15 14
93 14 5
93 5 0
93 5 4
93 4 3
93 3 1
93 3 2
93 14 13
93 13 12
93 12 11
93 11 10
93 10 9
93 9 6
93 9 8
93 8 7
94 19 18
94 18 0
94 18 17
94 17 15
94 15 14
94 14 12
94 12 1
94 12 11
94 11 10
94 10 9
94 9 8
94 8 6
94 6 5
94 5 4
94 4 2
94 4 3
94 8 7
94 14 13
94 17 16
95 15 2
95 2 0
95 2 1
95 15 14
95 14 3
95 14 13
95 13 12
95 12 10
95 10 9
95 9 8
95 8 6
95 6 5
95 5 4
95 8 7
95 12 11
96 18 5
96 5 4
96 4 0
96 4 3
96 3 1
96 3 2
96 18 17
96 17 16
96 16 6
96 16 15
96 15 10
96 10 9
96 9 7
96 9 8
96 15 14
96 14 11
96 14 13
96 13 12
97 19 17
97 17 2
97 2 1
97 1 0
97 17 16
97 16 15
97 15 3
97 15 14
97 14 11
97 11 10
97 10 7
97 7 5
97 5 4
97 7 6
97 10 9
97 9 8
97 14 13
97 13 12
97 19 18
98 19 1
98 1 0
98 19 18
98 18 12
98 12 10
98 10 9
98 9 2
98 9 8
98 8 7
98 7 3
98 7 6
98 6 4
98 6 5
98 12 11
98 18 17
98 17 13
98 17 16
98 16 14
98 16 15
99 16 0
99 16 15
99 15 1
99 15 14
99 14 4
99 4 2
99 4 3
99 14 13
99 13 11
99 11 9
99 9 8
99 8 5
99 8 7
99 7 6
99 11 10
99 13 12
100 15 14
100 14 10
100 10 8
100 8 7
100 7 2
100 2 0
100 2 1
100 7 6
100 6 4
100 4 3
100 6 5
100 10 9
100 14 13
100 13 11
100 13 12
101 14 6
101 6 1
101 1 0
101 6 5
101 5 4
101 4 2
101 4 3
101 14 13
101 13 12
101 12 11
101 11 7
101 11 10
101 10 8
101 10 9
