1 16 0
1 16 15
1 15 14
1 14 6
1 6 1
1 6 5
1 5 4
1 4 3
1 3 2
1 14 13
1 13 7
1 13 12
1 12 11
1 11 10
1 10 9
1 9 8
2 18 0
2 18 17
2 17 4
2 4 3
2 3 1
2 3 2
2 17 16
2 16 5
2 16 15
2 15 14
2 14 9
2 9 7
2 7 6
2 9 8
2 14 13
2 13 11
2 11 10
2 13 12
3 18 17
3 17 0
3 17 16
3 16 1
3 16 15
3 15 13
3 13 2
3 13 12
3 12 11
3 11 9
3 9 8
3 8 7
3 7 6
3 6 5
3 5 4
3 4 3
3 11 10
3 15 14
4 15 14
4 14 0
4 14 13
4 13 2
4 2 1
4 13 12
4 12 11
4 11 9
4 9 3
4 9 8
4 8 4
4 8 7
4 7 5
4 7 6
4 11 10
5 14 12
5 12 2
5 2 0
5 2 1
5 12 11
5 11 10
5 10 3
5 10 9
5 9 8
5 8 6
5 6 5
5 5 4
5 8 7
5 14 13
6 15 14
6 14 11
6 11 10
6 10 9
6 9 2
6 2 0
6 2 1
6 9 8
6 8 3
6 8 7
6 7 4
6 7 6
6 6 5
6 14 13
6 13 12
7 14 13
7 13 1
7 1 0
7 13 12
7 12 11
7 11 4
7 4 2
7 4 3
7 11 10
7 10 9
7 9 5
7 9 8
7 8 7
7 7 6
8 15 5
8 5 1
8 1 0
8 5 4
8 4 2
8 4 3
8 15 14
8 14 7
8 7 6
8 14 13
8 13 12
8 12 10
8 10 8
8 10 9
8 12 11
9 14 1
9 1 0
9 14 13
9 13 12
9 12 8
9 8 7
9 7 5
9 5 4
9 4 2
9 4 3
9 7 6
9 12 11
9 11 10
9 10 9
10 18 16
10 16 15
10 15 0
10 15 14
10 14 12
10 12 11
10 11 10
10 10 1
10 10 9
10 9 7
10 7 6
10 6 5
10 5 2
10 5 4
10 4 3
10 9 8
10 14 13
10 18 17
11 14 0
11 14 13
11 13 9
11 9 6
11 6 5
11 5 4
11 4 3
11 3 1
11 3 2
11 9 8
11 8 7
11 13 12
11 12 11
11 11 10
12 15 9
12 9 8
12 8 7
12 7 0
12 7 6
12 6 5
12 5 4
12 4 3
12 3 2
12 2 1
12 15 14
12 14 10
12 14 13
12 13 12
12 12 11
13 16 15
13 15 14
13 14 13
13 13 12
13 12 5
13 5 4
13 4 0
13 4 3
13 3 2
13 2 1
13 12 11
13 11 6
13 11 10
13 10 8
13 8 7
13 10 9
14 15 14
14 14 7
14 7 0
14 7 6
14 6 5
14 5 4
14 4 2
14 2 1
14 4 3
14 14 13
14 13 12
14 12 11
14 11 10
14 10 9
14 9 8
15 14 2
15 2 0
15 2 1
15 14 13
15 13 12
15 12 11
15 11 10
15 10 9
15 9 8
15 8 7
15 7 3
15 7 6
15 6 4
15 6 5
16 17 1
16 1 0
16 17 16
16 16 15
16 15 9
16 9 2
16 9 8
16 8 7
16 7 3
16 7 6
16 6 5
16 5 4
16 15 14
16 14 13
16 13 11
16 11 10
16 13 12
17 19 0
17 19 18
17 18 17
17 17 2
17 2 1
17 17 16
17 16 8
17 8 3
17 8 7
17 7 5
17 5 4
17 7 6
17 16 15
17 15 14
17 14 13
17 13 11
17 11 10
17 10 9
17 13 12
18 17 14
18 14 5
18 5 4
18 4 1
18 1 0
18 4 3
18 3 2
18 14 13
18 13 6
18 13 12
18 12 10
18 10 7
18 10 9
18 9 8
18 12 11
18 17 16
18 16 15
19 18 1
19 1 0
19 18 17
19 17 2
19 17 16
19 16 8
19 8 7
19 7 5
19 5 3
19 5 4
19 7 6
19 16 15
19 15 13
19 13 12
19 12 11
19 11 10
19 10 9
19 15 14
20 14 1
20 1 0
20 14 13
20 13 11
20 11 10
20 10 9
20 9 3
20 3 2
20 9 8
20 8 5
20 5 4
20 8 7
20 7 6
20 13 12
21 15 10
21 10 0
21 10 9
21 9 8
21 8 6
21 6 4
21 4 3
21 3 1
21 3 2
21 6 5
21 8 7
21 15 14
21 14 13
21 13 12
21 12 11
22 14 0
22 14 13
22 13 2
22 2 1
22 13 12
22 12 11
22 11 9
22 9 8
22 8 6
22 6 4
22 4 3
22 6 5
22 8 7
22 11 10
23 19 2
23 2 0
23 2 1
23 19 18
23 18 17
23 17 16
23 16 15
23 15 14
23 14 10
23 10 8
23 8 6
23 6 4
23 4 3
23 6 5
23 8 7
23 10 9
23 14 13
23 13 12
23 12 11
24 14 10
24 10 0
24 10 9
24 9 6
24 6 1
24 6 5
24 5 3
24 3 2
24 5 4
24 9 8
24 8 7
24 14 13
24 13 12
24 12 11
25 17 2
25 2 0
25 2 1
25 17 16
25 16 15
25 15 12
25 12 10
25 10 9
25 9 8
25 8 4
25 4 3
25 8 7
25 7 6
25 6 5
25 12 11
25 15 14
25 14 13
26 19 10
26 10 9
26 9 8
26 8 6
26 6 0
26 6 5
26 5 1
26 5 4
26 4 3
26 3 2
26 8 7
26 19 18
26 18 13
26 13 11
26 13 12
26 18 17
26 17 16
26 16 15
26 15 14
27 18 17
27 17 3
27 3 2
27 2 1
27 1 0
27 17 16
27 16 9
27 9 8
27 8 7
27 7 6
27 6 4
27 6 5
27 16 15
27 15 14
27 14 11
27 11 10
27 14 13
27 13 12
28 16 11
28 11 10
28 10 4
28 4 2
28 2 0
28 2 1
28 4 3
28 10 9
28 9 8
28 8 7
28 7 5
28 7 6
28 16 15
28 15 13
28 13 12
28 15 14
29 19 18
29 18 3
29 3 1
29 1 0
29 3 2
29 18 17
29 17 16
29 16 15
29 15 14
29 14 13
29 13 11
29 11 10
29 10 6
29 6 4
29 6 5
29 10 9
29 9 7
29 9 8
29 13 12
30 14 13
30 13 12
30 12 6
30 6 1
30 1 0
30 6 5
30 5 3
30 3 2
30 5 4
30 12 11
30 11 8
30 8 7
30 11 10
30 10 9
31 18 0
31 18 17
31 17 6
31 6 5
31 5 1
31 5 4
31 4 3
31 3 2
31 17 16
31 16 14
31 14 13
31 13 8
31 8 7
31 13 12
31 12 10
31 10 9
31 12 11
31 16 15
32 18 2
32 2 0
32 2 1
32 18 17
32 17 14
32 14 13
32 13 4
32 4 3
32 13 12
32 12 11
32 11 9
32 9 6
32 6 5
32 9 8
32 8 7
32 11 10
32 17 16
32 16 15
33 16 15
33 15 3
33 3 0
33 3 2
33 2 1
33 15 14
33 14 13
33 13 10
33 10 8
33 8 4
33 8 7
33 7 5
33 7 6
33 10 9
33 13 12
33 12 11
34 16 14
34 14 13
34 13 0
34 13 12
34 12 11
34 11 10
34 10 8
34 8 3
34 3 1
34 3 2
34 8 7
34 7 6
34 6 5
34 5 4
34 10 9
34 16 15
35 18 4
35 4 2
35 2 1
35 1 0
35 4 3
35 18 17
35 17 16
35 16 14
35 14 13
35 13 10
35 10 7
35 7 5
35 7 6
35 10 9
35 9 8
35 13 12
35 12 11
35 16 15
36 15 14
36 14 7
36 7 3
36 3 0
36 3 2
36 2 1
36 7 6
36 6 4
36 6 5
36 14 13
36 13 8
36 13 12
36 12 10
36 10 9
36 12 11
37 14 13
37 13 6
37 6 0
37 6 5
37 5 4
37 4 1
37 4 3
37 3 2
37 13 12
37 12 7
37 12 11
37 11 10
37 10 9
37 9 8
38 17 11
38 11 5
38 5 3
38 3 0
38 3 2
38 2 1
38 5 4
38 11 10
38 10 8
38 8 7
38 7 6
38 10 9
38 17 16
38 16 12
38 16 15
38 15 13
38 15 14
39 17 0
39 17 16
39 16 1
39 16 15
39 15 13
39 13 12
39 12 9
39 9 7
39 7 2
39 7 6
39 6 5
39 5 3
39 5 4
39 9 8
39 12 11
39 11 10
39 15 14
40 15 13
40 13 4
40 4 1
40 1 0
40 4 3
40 3 2
40 13 12
40 12 6
40 6 5
40 12 11
40 11 10
40 10 9
40 9 7
40 9 8
40 15 14
41 15 12
41 12 7
41 7 0
41 7 6
41 6 1
41 6 5
41 5 4
41 4 3
41 3 2
41 12 11
41 11 10
41 10 8
41 10 9
41 15 14
41 14 13
42 18 1
42 1 0
42 18 17
42 17 14
42 14 13
42 13 12
42 12 11
42 11 10
42 10 2
42 10 9
42 9 8
42 8 3
42 8 7
42 7 6
42 6 4
42 6 5
42 17 16
42 16 15
43 18 0
43 18 17
43 17 2
43 2 1
43 17 16
43 16 14
43 14 13
43 13 6
43 6 3
43 6 5
43 5 4
43 13 12
43 12 11
43 11 7
43 11 10
43 10 8
43 10 9
43 16 15
44 15 5
44 5 0
44 5 4
44 4 2
44 2 1
44 4 3
44 15 14
44 14 13
44 13 12
44 12 11
44 11 10
44 10 6
44 10 9
44 9 7
44 9 8
45 15 2
45 2 0
45 2 1
45 15 14
45 14 5
45 5 4
45 4 3
45 14 13
45 13 12
45 12 10
45 10 6
45 10 9
45 9 7
45 9 8
45 12 11
46 14 4
46 4 1
46 1 0
46 4 3
46 3 2
46 14 13
46 13 12
46 12 10
46 10 7
46 7 6
46 6 5
46 10 9
46 9 8
46 12 11
47 17 12
47 12 11
47 11 2
47 2 1
47 1 0
47 11 10
47 10 3
47 10 9
47 9 4
47 9 8
47 8 6
47 6 5
47 8 7
47 17 16
47 16 14
47 14 13
47 16 15
48 16 9
48 9 0
48 9 8
48 8 5
48 5 1
48 5 4
48 4 3
48 3 2
48 8 7
48 7 6
48 16 15
48 15 14
48 14 11
48 11 10
48 14 13
48 13 12
49 18 3
49 3 0
49 3 2
49 2 1
49 18 17
49 17 16
49 16 6
49 6 4
49 6 5
49 16 15
49 15 7
49 15 14
49 14 8
49 14 13
49 13 10
49 10 9
49 13 12
49 12 11
50 19 15
50 15 0
50 15 14
50 14 3
50 3 1
50 3 2
50 14 13
50 13 12
50 12 10
50 10 6
50 6 4
50 6 5
50 10 9
50 9 7
50 9 8
50 12 11
50 19 18
50 18 16
50 18 17
51 14 13
51 13 12
51 12 11
51 11 7
51 7 5
51 5 4
51 4 2
51 2 0
51 2 1
51 4 3
51 7 6
51 11 10
51 10 9
51 9 8
52 18 0
52 18 17
52 17 2
52 2 1
52 17 16
52 16 15
52 15 11
52 11 9
52 9 8
52 8 7
52 7 4
52 4 3
52 7 6
52 6 5
52 11 10
52 15 14
52 14 12
52 14 13
53 15 14
53 14 11
53 11 10
53 10 8
53 8 6
53 6 0
53 6 5
53 5 3
53 3 2
53 2 1
53 5 4
53 8 7
53 10 9
53 14 13
53 13 12
54 14 0
54 14 13
54 13 11
54 11 8
54 8 7
54 7 3
54 3 1
54 3 2
54 7 6
54 6 5
54 5 4
54 11 10
54 10 9
54 13 12
55 14 8
55 8 7
55 7 6
55 6 3
55 3 2
55 2 0
55 2 1
55 6 5
55 5 4
55 14 13
55 13 12
55 12 11
55 11 9
55 11 10
56 14 13
56 13 10
56 10 7
56 7 6
56 6 5
56 5 4
56 4 3
56 3 0
56 3 2
56 2 1
56 10 9
56 9 8
56 13 12
56 12 11
57 16 15
57 15 12
57 12 11
57 11 0
57 11 10
57 10 9
57 9 8
57 8 7
57 7 1
57 7 6
57 6 5
57 5 4
57 4 2
57 4 3
57 15 14
57 14 13
58 14 11
58 11 1
58 1 0
58 11 10
58 10 9
58 9 8
58 8 7
58 7 6
58 6 5
58 5 4
58 4 3
58 3 2
58 14 13
58 13 12
59 14 13
59 13 12
59 12 11
59 11 10
59 10 8
59 8 3
59 3 1
59 1 0
59 3 2
59 8 7
59 7 6
59 6 5
59 5 4
59 10 9
60 16 11
60 11 10
60 10 4
60 4 3
60 3 0
60 3 2
60 2 1
60 10 9
60 9 8
60 8 5
60 8 7
60 7 6
60 16 15
60 15 14
60 14 13
60 13 12
61 14 13
61 13 10
61 10 9
61 9 8
61 8 7
61 7 0
61 7 6
61 6 4
61 4 1
61 4 3
61 3 2
61 6 5
61 13 12
61 12 11
62 17 15
62 15 14
62 14 13
62 13 11
62 11 1
62 1 0
62 11 10
62 10 9
62 9 8
62 8 6
62 6 3
62 3 2
62 6 5
62 5 4
62 8 7
62 13 12
62 17 16
63 18 17
63 17 16
63 16 15
63 15 1
63 1 0
63 15 14
63 14 4
63 4 3
63 3 2
63 14 13
63 13 12
63 12 11
63 11 9
63 9 7
63 7 5
63 7 6
63 9 8
63 11 10
64 14 2
64 2 0
64 2 1
64 14 13
64 13 4
64 4 3
64 13 12
64 12 11
64 11 7
64 7 6
64 6 5
64 11 10
64 10 9
64 9 8
65 15 1
65 1 0
65 15 14
65 14 12
65 12 9
65 9 2
65 9 8
65 8 5
65 5 3
65 5 4
65 8 7
65 7 6
65 12 11
65 11 10
65 14 13
66 19 16
66 16 14
66 14 12
66 12 0
66 12 11
66 11 5
66 5 4
66 4 1
66 4 3
66 3 2
66 11 10
66 10 8
66 8 7
66 7 6
66 10 9
66 14 13
66 16 15
66 19 18
66 18 17
67 14 13
67 13 10
67 10 4
67 4 3
67 3 0
67 3 2
67 2 1
67 10 9
67 9 6
67 6 5
67 9 8
67 8 7
67 13 12
67 12 11
68 16 1
68 1 0
68 16 15
68 15 9
68 9 8
68 8 6
68 6 5
68 5 2
68 5 4
68 4 3
68 8 7
68 15 14
68 14 13
68 13 11
68 11 10
68 13 12
69 18 8
69 8 4
69 4 2
69 2 1
69 1 0
69 4 3
69 8 7
69 7 5
69 7 6
69 18 17
69 17 10
69 10 9
69 17 16
69 16 15
69 15 14
69 14 13
69 13 12
69 12 11
70 16 0
70 16 15
70 15 12
70 12 5
70 5 3
70 3 2
70 2 1
70 5 4
70 12 11
70 11 9
70 9 7
70 7 6
70 9 8
70 11 10
70 15 14
70 14 13
71 18 16
71 16 0
71 16 15
71 15 1
71 15 14
71 14 12
71 12 10
71 10 3
71 3 2
71 10 9
71 9 7
71 7 4
71 7 6
71 6 5
71 9 8
71 12 11
71 14 13
71 18 17
72 17 16
72 16 15
72 15 13
72 13 9
72 9 8
72 8 7
72 7 1
72 1 0
72 7 6
72 6 2
72 6 5
72 5 3
72 5 4
72 13 12
72 12 11
72 11 10
72 15 14
73 16 0
73 16 15
73 15 3
73 3 1
73 3 2
73 15 14
73 14 4
73 14 13
73 13 12
73 12 5
73 12 11
73 11 10
73 10 9
73 9 8
73 8 6
73 8 7
74 17 16
74 16 4
74 4 0
74 4 3
74 3 2
74 2 1
74 16 15
74 15 9
74 9 7
74 7 6
74 6 5
74 9 8
74 15 14
74 14 13
74 13 12
74 12 10
74 12 11
75 16 15
75 15 14
75 14 3
75 3 2
75 2 0
75 2 1
75 14 13
75 13 11
75 11 4
75 11 10
75 10 9
75 9 5
75 9 8
75 8 7
75 7 6
75 13 12
76 18 17
76 17 16
76 16 2
76 2 1
76 1 0
76 16 15
76 15 4
76 4 3
76 15 14
76 14 5
76 14 13
76 13 6
76 13 12
76 12 7
76 12 11
76 11 9
76 9 8
76 11 10
77 16 3
77 3 2
77 2 0
77 2 1
77 16 15
77 15 14
77 14 13
77 13 4
77 13 12
77 12 5
77 12 11
77 11 10
77 10 6
77 10 9
77 9 7
77 9 8
78 15 4
78 4 3
78 3 2
78 2 1
78 1 0
78 15 14
78 14 13
78 13 9
78 9 6
78 6 5
78 9 8
78 8 7
78 13 12
78 12 10
78 12 11
79 18 0
79 18 17
79 17 16
79 16 15
79 15 14
79 14 3
79 3 1
79 3 2
79 14 13
79 13 10
79 10 6
79 6 4
79 6 5
79 10 9
79 9 8
79 8 7
79 13 12
79 12 11
80 18 7
80 7 6
80 6 1
80 1 0
80 6 5
80 5 4
80 4 3
80 3 2
80 18 17
80 17 12
80 12 11
80 11 8
80 11 10
80 10 9
80 17 16
80 16 15
80 15 14
80 14 13
81 14 12
81 12 0
81 12 11
81 11 1
81 11 10
81 10 9
81 9 8
81 8 6
81 6 4
81 4 2
81 4 3
81 6 5
81 8 7
81 14 13
82 17 2
82 2 1
82 1 0
82 17 16
82 16 15
82 15 9
82 9 8
82 8 5
82 5 4
82 4 3
82 8 7
82 7 6
82 15 14
82 14 13
82 13 12
82 12 10
82 12 11
83 18 14
83 14 13
83 13 6
83 6 0
83 6 5
83 5 4
83 4 3
83 3 2
83 2 1
83 13 12
83 12 8
83 8 7
83 12 11
83 11 10
83 10 9
83 18 17
83 17 16
83 16 15
84 14 7
84 7 6
84 6 5
84 5 3
84 3 2
84 2 0
84 2 1
84 5 4
84 14 13
84 13 9
84 9 8
84 13 12
84 12 11
84 11 10
85 17 0
85 17 16
85 16 14
85 14 2
85 2 1
85 14 13
85 13 12
85 12 7
85 7 6
85 6 4
85 4 3
85 6 5
85 12 11
85 11 10
85 10 9
85 9 8
85 16 15
86 17 15
86 15 14
86 14 0
86 14 13
86 13 11
86 11 10
86 10 3
86 3 1
86 3 2
86 10 9
86 9 8
86 8 6
86 6 4
86 6 5
86 8 7
86 13 12
86 17 16
87 14 2
87 2 1
87 1 0
87 14 13
87 13 7
87 7 5
87 5 3
87 5 4
87 7 6
87 13 12
87 12 10
87 10 8
87 10 9
87 12 11
88 17 4
88 4 0
88 4 3
88 3 2
88 2 1
88 17 16
88 16 15
88 15 14
88 14 12
88 12 5
88 12 11
88 11 7
88 7 6
88 11 10
88 10 9
88 9 8
88 14 13
89 16 14
89 14 11
89 11 10
89 10 2
89 2 1
89 1 0
89 10 9
89 9 5
89 5 4
89 4 3
89 9 8
89 8 6
89 8 7
89 14 13
89 13 12
89 16 15
90 17 0
90 17 16
90 16 14
90 14 13
90 13 12
90 12 11
90 11 10
90 10 3
90 3 1
90 3 2
90 10 9
90 9 8
90 8 7
90 7 6
90 6 4
90 6 5
90 16 15
91 17 0
91 17 16
91 16 3
91 3 2
91 2 1
91 16 15
91 15 14
91 14 8
91 8 7
91 7 4
91 7 6
91 6 5
91 14 13
91 13 9
91 13 12
91 12 10
91 12 11
92 15 14
92 14 13
92 13 2
92 2 1
92 1 0
92 13 12
92 12 5
92 5 3
92 5 4
92 12 11
92 11 10
92 10 8
92 8 6
92 8 7
92 10 9
93 17 16
93 16 15
93 15 0
93 15 14
93 14 11
93 11 1
93 11 10
93 10 9
93 9 4
93 4 3
93 3 2
93 9 8
93 8 7
93 7 5
93 7 6
93 14 13
93 13 12
94 19 7
94 7 5
94 5 0
94 5 4
94 4 3
94 3 2
94 2 1
94 7 6
94 19 18
94 18 14
94 14 12
94 12 11
94 11 10
94 10 8
94 10 9
94 14 13
94 18 17
94 17 16
94 16 15
95 14 6
95 6 2
95 2 0
95 2 1
95 6 5
95 5 3
95 5 4
95 14 13
95 13 7
95 13 12
95 12 11
95 11 9
95 9 8
95 11 10
96 14 0
96 14 13
96 13 1
96 13 12
96 12 6
96 6 4
96 4 3
96 3 2
96 6 5
96 12 11
96 11 9
96 9 8
96 8 7
96 11 10
97 15 14
97 14 13
97 13 12
97 12 10
97 10 9
97 9 3
97 3 1
97 1 0
97 3 2
97 9 8
97 8 7
97 7 5
97 5 4
97 7 6
97 12 11
98 14 13
98 13 12
98 12 11
98 11 10
98 10 0
98 10 9
98 9 3
98 3 1
98 3 2
98 9 8
98 8 6
98 6 5
98 5 4
98 8 7
99 15 13
99 13 10
99 10 9
99 9 3
99 3 2
99 2 0
99 2 1
99 9 8
99 8 4
99 8 7
99 7 5
99 7 6
99 13 12
99 12 11
99 15 14
100 14 0
100 14 13
100 13 1
100 13 12
100 12 10
100 10 9
100 9 7
100 7 6
100 6 4
100 4 2
100 4 3
100 6 5
100 9 8
100 12 11
101 17 16
101 16 8
101 8 2
101 2 0
101 2 1
101 8 7
101 7 5
101 5 3
101 5 4
101 7 6
101 16 15
101 15 13
101 13 12
101 12 9
101 12 11
101 11 10
101 15 14
