1 17 16
1 16 15
1 15 7
1 7 1
1 1 0
1 7 6
1 6 2
1 6 5
1 5 4
1 4 3
1 15 14
1 14 12
1 12 10
1 10 8
1 10 9
1 12 11
1 14 13
2 19 18
2 18 14
2 14 4
2 4 0
2 4 3
2 3 1
2 3 2
2 14 13
2 13 7
2 7 6
2 6 5
2 13 12
2 12 9
2 9 8
2 12 11
2 11 10
2 18 17
2 17 15
2 17 16
3 17 2
3 2 0
3 2 1
3 17 16
3 16 4
3 4 3
3 16 15
3 15 14
3 14 13
3 13 12
3 12 5
3 12 11
3 11 9
3 9 8
3 8 6
3 8 7
3 11 10
4 18 10
4 10 9
4 9 8
4 8 7
4 7 4
4 4 3
4 3 1
4 1 0
4 3 2
4 7 6
4 6 5
4 18 17
4 17 16
4 16 14
4 14 13
4 13 11
4 13 12
4 16 15
5 16 15
5 15 2
5 2 0
5 2 1
5 15 14
5 14 13
5 13 7
5 7 6
5 6 4
5 4 3
5 6 5
5 13 12
5 12 8
5 12 11
5 11 10
5 10 9
6 16 15
6 15 12
6 12 11
6 11 1
6 1 0
6 11 10
6 10 9
6 9 8
6 8 6
6 6 5
6 5 3
6 3 2
6 5 4
6 8 7
6 15 14
6 14 13
7 14 12
7 12 11
7 11 10
7 10 8
7 8 7
7 7 3
7 3 0
7 3 2
7 2 1
7 7 6
7 6 4
7 6 5
7 10 9
7 14 13
8 14 7
8 7 6
8 6 5
8 5 4
8 4 2
8 2 1
8 1 0
8 4 3
8 14 13
8 13 12
8 12 9
8 9 8
8 12 11
8 11 10
9 19 2
9 2 0
9 2 1
9 19 18
9 18 14
9 14 13
9 13 5
9 5 4
9 4 3
9 13 12
9 12 11
9 11 7
9 7 6
9 11 10
9 10 9
9 9 8
9 18 17
9 17 15
9 17 16
10 19 18
10 18 16
10 16 15
10 15 12
10 12 0
10 12 11
10 11 5
10 5 1
10 5 4
10 4 2
10 4 3
10 11 10
10 10 9
10 9 8
10 8 7
10 7 6
10 15 14
10 14 13
10 18 17
11 15 0
11 15 14
11 14 1
11 14 13
11 13 11
11 11 9
11 9 7
11 7 5
11 5 2
11 5 4
11 4 3
11 7 6
11 9 8
11 11 10
11 13 12
12 15 13
12 13 0
12 13 12
12 12 11
12 11 8
12 8 6
12 6 5
12 5 3
12 3 1
12 3 2
12 5 4
12 8 7
12 11 10
12 10 9
12 15 14
13 15 14
13 14 0
13 14 13
13 13 10
13 10 4
13 4 3
13 3 2
13 2 1
13 10 9
13 9 5
13 9 8
13 8 7
13 7 6
13 13 12
13 12 11
14 17 16
14 16 15
14 15 0
14 15 14
14 14 12
14 12 10
14 10 6
14 6 5
14 5 4
14 4 3
14 3 2
14 2 1
14 10 9
14 9 7
14 9 8
14 12 11
14 14 13
15 14 13
15 13 2
15 2 1
15 1 0
15 13 12
15 12 3
15 12 11
15 11 10
15 10 4
15 10 9
15 9 5
15 9 8
15 8 6
15 8 7
16 18 8
16 8 3
16 3 2
16 2 1
16 1 0
16 8 7
16 7 6
16 6 4
16 6 5
16 18 17
16 17 16
16 16 10
16 10 9
16 16 15
16 15 12
16 12 11
16 15 14
16 14 13
17 19 18
17 18 17
17 17 14
17 14 13
17 13 12
17 12 3
17 3 2
17 2 0
17 2 1
17 12 11
17 11 10
17 10 7
17 7 5
17 5 4
17 7 6
17 10 9
17 9 8
17 17 16
17 16 15
18 19 2
18 2 0
18 2 1
18 19 18
18 18 4
18 4 3
18 18 17
18 17 15
18 15 14
18 14 13
18 13 12
18 12 11
18 11 10
18 10 7
18 7 6
18 6 5
18 10 9
18 9 8
18 17 16
19 18 17
19 17 16
19 16 4
19 4 0
19 4 3
19 3 1
19 3 2
19 16 15
19 15 13
19 13 10
19 10 6
19 6 5
19 10 9
19 9 8
19 8 7
19 13 12
19 12 11
19 15 14
20 16 13
20 13 7
20 7 6
20 6 5
20 5 2
20 2 0
20 2 1
20 5 4
20 4 3
20 13 12
20 12 11
20 11 10
20 10 8
20 10 9
20 16 15
20 15 14
21 17 0
21 17 16
21 16 1
21 16 15
21 15 3
21 3 2
21 15 14
21 14 6
21 6 4
21 6 5
21 14 13
21 13 7
21 13 12
21 12 11
21 11 8
21 11 10
21 10 9
22 19 18
22 18 9
22 9 8
22 8 1
22 1 0
22 8 7
22 7 6
22 6 3
22 3 2
22 6 5
22 5 4
22 18 17
22 17 16
22 16 10
22 16 15
22 15 12
22 12 11
22 15 14
22 14 13
23 16 1
23 1 0
23 16 15
23 15 14
23 14 13
23 13 10
23 10 5
23 5 4
23 4 2
23 4 3
23 10 9
23 9 6
23 9 8
23 8 7
23 13 12
23 12 11
24 14 13
24 13 2
24 2 0
24 2 1
24 13 12
24 12 7
24 7 6
24 6 5
24 5 4
24 4 3
24 12 11
24 11 9
24 9 8
24 11 10
25 14 13
25 13 9
25 9 3
25 3 2
25 2 0
25 2 1
25 9 8
25 8 4
25 8 7
25 7 6
25 6 5
25 13 12
25 12 10
25 12 11
26 14 9
26 9 0
26 9 8
26 8 7
26 7 3
26 3 2
26 2 1
26 7 6
26 6 4
26 6 5
26 14 13
26 13 10
26 13 12
26 12 11
27 15 0
27 15 14
27 14 2
27 2 1
27 14 13
27 13 12
27 12 6
27 6 5
27 5 4
27 4 3
27 12 11
27 11 8
27 8 7
27 11 10
27 10 9
28 18 17
28 17 7
28 7 1
28 1 0
28 7 6
28 6 5
28 5 4
28 4 3
28 3 2
28 17 16
28 16 15
28 15 13
28 13 10
28 10 8
28 10 9
28 13 12
28 12 11
28 15 14
29 18 16
29 16 11
29 11 10
29 10 9
29 9 8
29 8 1
29 1 0
29 8 7
29 7 2
29 7 6
29 6 3
29 6 5
29 5 4
29 16 15
29 15 14
29 14 13
29 13 12
29 18 17
30 15 14
30 14 12
30 12 10
30 10 3
30 3 1
30 1 0
30 3 2
30 10 9
30 9 8
30 8 7
30 7 5
30 5 4
30 7 6
30 12 11
30 14 13
31 18 17
31 17 16
31 16 15
31 15 3
31 3 1
31 1 0
31 3 2
31 15 14
31 14 13
31 13 12
31 12 9
31 9 4
31 9 8
31 8 7
31 7 5
31 7 6
31 12 11
31 11 10
32 14 7
32 7 6
32 6 5
32 5 4
32 4 0
32 4 3
32 3 2
32 2 1
32 14 13
32 13 12
32 12 11
32 11 8
32 11 10
32 10 9
33 14 12
33 12 8
33 8 3
33 3 2
33 2 1
33 1 0
33 8 7
33 7 6
33 6 5
33 5 4
33 12 11
33 11 9
33 11 10
33 14 13
34 14 13
34 13 12
34 12 2
34 2 1
34 1 0
34 12 11
34 11 10
34 10 9
34 9 6
34 6 3
34 6 5
34 5 4
34 9 8
34 8 7
35 14 13
35 13 0
35 13 12
35 12 1
35 12 11
35 11 10
35 10 8
35 8 7
35 7 2
35 7 6
35 6 5
35 5 3
35 5 4
35 10 9
36 15 14
36 14 12
36 12 1
36 1 0
36 12 11
36 11 10
36 10 2
36 10 9
36 9 5
36 5 4
36 4 3
36 9 8
36 8 7
36 7 6
36 14 13
37 16 14
37 14 13
37 13 12
37 12 2
37 2 0
37 2 1
37 12 11
37 11 5
37 5 3
37 5 4
37 11 10
37 10 6
37 10 9
37 9 7
37 9 8
37 16 15
38 16 15
38 15 14
38 14 3
38 3 0
38 3 2
38 2 1
38 14 13
38 13 4
38 13 12
38 12 8
38 8 7
38 7 5
38 7 6
38 12 11
38 11 10
38 10 9
39 16 12
39 12 6
39 6 2
39 2 0
39 2 1
39 6 5
39 5 3
39 5 4
39 12 11
39 11 8
39 8 7
39 11 10
39 10 9
39 16 15
39 15 13
39 15 14
40 19 18
40 18 0
40 18 17
40 17 16
40 16 14
40 14 13
40 13 12
40 12 10
40 10 1
40 10 9
40 9 8
40 8 2
40 8 7
40 7 6
40 6 5
40 5 4
40 4 3
40 12 11
40 16 15
41 14 13
41 13 12
41 12 11
41 11 0
41 11 10
41 10 2
41 2 1
41 10 9
41 9 6
41 6 5
41 5 3
41 5 4
41 9 8
41 8 7
42 15 12
42 12 11
42 11 10
42 10 1
42 1 0
42 10 9
42 9 8
42 8 5
42 5 4
42 4 3
42 3 2
42 8 7
42 7 6
42 15 14
42 14 13
43 14 13
43 13 12
43 12 0
43 12 11
43 11 9
43 9 7
43 7 6
43 6 5
43 5 4
43 4 2
43 2 1
43 4 3
43 9 8
43 11 10
44 15 14
44 14 12
44 12 0
44 12 11
44 11 9
44 9 8
44 8 7
44 7 1
44 7 6
44 6 4
44 4 2
44 4 3
44 6 5
44 11 10
44 14 13
45 15 14
45 14 0
45 14 13
45 13 6
45 6 5
45 5 1
45 5 4
45 4 2
45 4 3
45 13 12
45 12 11
45 11 10
45 10 8
45 8 7
45 10 9
46 14 13
46 13 10
46 10 9
46 9 8
46 8 7
46 7 6
46 6 5
46 5 0
46 5 4
46 4 2
46 2 1
46 4 3
46 13 12
46 12 11
47 15 3
47 3 0
47 3 2
47 2 1
47 15 14
47 14 13
47 13 12
47 12 7
47 7 6
47 6 5
47 5 4
47 12 11
47 11 9
47 9 8
47 11 10
48 15 0
48 15 14
48 14 1
48 14 13
48 13 11
48 11 10
48 10 9
48 9 8
48 8 2
48 8 7
48 7 3
48 7 6
48 6 5
48 5 4
48 13 12
49 17 5
49 5 4
49 4 3
49 3 0
49 3 2
49 2 1
49 17 16
49 16 15
49 15 14
49 14 6
49 14 13
49 13 12
49 12 11
49 11 10
49 10 9
49 9 8
49 8 7
50 16 12
50 12 7
50 7 5
50 5 4
50 4 3
50 3 0
50 3 2
50 2 1
50 7 6
50 12 11
50 11 10
50 10 9
50 9 8
50 16 15
50 15 14
50 14 13
51 18 17
51 17 16
51 16 15
51 15 14
51 14 13
51 13 0
51 13 12
51 12 9
51 9 2
51 2 1
51 9 8
51 8 4
51 4 3
51 8 7
51 7 5
51 7 6
51 12 11
51 11 10
52 14 12
52 12 9
52 9 1
52 1 0
52 9 8
52 8 7
52 7 3
52 3 2
52 7 6
52 6 4
52 6 5
52 12 11
52 11 10
52 14 13
53 17 16
53 16 15
53 15 7
53 7 5
53 5 3
53 3 2
53 2 1
53 1 0
53 5 4
53 7 6
53 15 14
53 14 12
53 12 10
53 10 9
53 9 8
53 12 11
53 14 13
54 16 15
54 15 14
54 14 13
54 13 0
54 13 12
54 12 11
54 11 5
54 5 4
54 4 1
54 4 3
54 3 2
54 11 10
54 10 9
54 9 8
54 8 6
54 8 7
55 16 15
55 15 14
55 14 5
55 5 3
55 3 2
55 2 0
55 2 1
55 5 4
55 14 13
55 13 7
55 7 6
55 13 12
55 12 11
55 11 8
55 11 10
55 10 9
56 17 13
56 13 2
56 2 1
56 1 0
56 13 12
56 12 11
56 11 8
56 8 7
56 7 3
56 7 6
56 6 5
56 5 4
56 11 10
56 10 9
56 17 16
56 16 14
56 16 15
57 15 0
57 15 14
57 14 9
57 9 7
57 7 6
57 6 2
57 2 1
57 6 5
57 5 4
57 4 3
57 9 8
57 14 13
57 13 10
57 13 12
57 12 11
58 19 2
58 2 1
58 1 0
58 19 18
58 18 14
58 14 13
58 13 12
58 12 3
58 12 11
58 11 5
58 5 4
58 11 10
58 10 8
58 8 7
58 7 6
58 10 9
58 18 17
58 17 15
58 17 16
59 17 8
59 8 2
59 2 1
59 1 0
59 8 7
59 7 6
59 6 5
59 5 3
59 5 4
59 17 16
59 16 15
59 15 13
59 13 9
59 13 12
59 12 11
59 11 10
59 15 14
60 15 14
60 14 0
60 14 13
60 13 11
60 11 10
60 10 1
60 10 9
60 9 7
60 7 5
60 5 4
60 4 2
60 4 3
60 7 6
60 9 8
60 13 12
61 14 12
61 12 0
61 12 11
61 11 1
61 11 10
61 10 9
61 9 8
61 8 2
61 8 7
61 7 4
61 4 3
61 7 6
61 6 5
61 14 13
62 16 15
62 15 9
62 9 0
62 9 8
62 8 7
62 7 5
62 5 3
62 3 2
62 2 1
62 5 4
62 7 6
62 15 14
62 14 13
62 13 11
62 11 10
62 13 12
63 18 17
63 17 16
63 16 13
63 13 12
63 12 10
63 10 8
63 8 5
63 5 0
63 5 4
63 4 3
63 3 2
63 2 1
63 8 7
63 7 6
63 10 9
63 12 11
63 16 15
63 15 14
64 19 18
64 18 17
64 17 15
64 15 14
64 14 12
64 12 11
64 11 10
64 10 1
64 1 0
64 10 9
64 9 2
64 9 8
64 8 3
64 8 7
64 7 6
64 6 5
64 5 4
64 14 13
64 17 16
65 14 13
65 13 1
65 1 0
65 13 12
65 12 9
65 9 4
65 4 3
65 3 2
65 9 8
65 8 6
65 6 5
65 8 7
65 12 11
65 11 10
66 14 4
66 4 3
66 3 0
66 3 2
66 2 1
66 14 13
66 13 5
66 13 12
66 12 11
66 11 7
66 7 6
66 11 10
66 10 8
66 10 9
67 17 15
67 15 14
67 14 13
67 13 10
67 10 9
67 9 8
67 8 6
67 6 5
67 5 3
67 3 1
67 1 0
67 3 2
67 5 4
67 8 7
67 13 12
67 12 11
67 17 16
68 19 18
68 18 17
68 17 0
68 17 16
68 16 1
68 16 15
68 15 2
68 15 14
68 14 3
68 14 13
68 13 12
68 12 7
68 7 4
68 7 6
68 6 5
68 12 11
68 11 9
68 9 8
68 11 10
69 18 3
69 3 2
69 2 1
69 1 0
69 18 17
69 17 16
69 16 5
69 5 4
69 16 15
69 15 13
69 13 12
69 12 6
69 12 11
69 11 7
69 11 10
69 10 8
69 10 9
69 15 14
70 14 13
70 13 11
70 11 5
70 5 3
70 3 0
70 3 2
70 2 1
70 5 4
70 11 10
70 10 7
70 7 6
70 10 9
70 9 8
70 13 12
71 16 0
71 16 15
71 15 14
71 14 12
71 12 10
71 10 9
71 9 3
71 3 1
71 3 2
71 9 8
71 8 4
71 8 7
71 7 6
71 6 5
71 12 11
71 14 13
72 14 13
72 13 0
72 13 12
72 12 3
72 3 2
72 2 1
72 12 11
72 11 10
72 10 9
72 9 7
72 7 5
72 5 4
72 7 6
72 9 8
73 16 2
73 2 1
73 1 0
73 16 15
73 15 3
73 15 14
73 14 4
73 14 13
73 13 5
73 13 12
73 12 11
73 11 9
73 9 6
73 9 8
73 8 7
73 11 10
74 17 15
74 15 12
74 12 11
74 11 0
74 11 10
74 10 9
74 9 7
74 7 6
74 6 5
74 5 3
74 3 2
74 2 1
74 5 4
74 9 8
74 15 14
74 14 13
74 17 16
75 16 15
75 15 11
75 11 1
75 1 0
75 11 10
75 10 9
75 9 2
75 9 8
75 8 5
75 5 4
75 4 3
75 8 7
75 7 6
75 15 14
75 14 13
75 13 12
76 14 9
76 9 7
76 7 3
76 3 0
76 3 2
76 2 1
76 7 6
76 6 4
76 6 5
76 9 8
76 14 13
76 13 12
76 12 10
76 12 11
77 16 10
77 10 0
77 10 9
77 9 8
77 8 1
77 8 7
77 7 6
77 6 2
77 6 5
77 5 3
77 5 4
77 16 15
77 15 11
77 15 14
77 14 12
77 14 13
78 17 1
78 1 0
78 17 16
78 16 3
78 3 2
78 16 15
78 15 9
78 9 6
78 6 4
78 6 5
78 9 8
78 8 7
78 15 14
78 14 12
78 12 10
78 12 11
78 14 13
79 14 8
79 8 7
79 7 6
79 6 2
79 2 1
79 1 0
79 6 5
79 5 3
79 5 4
79 14 13
79 13 12
79 12 10
79 10 9
79 12 11
80 15 0
80 15 14
80 14 1
80 14 13
80 13 6
80 6 5
80 5 3
80 3 2
80 5 4
80 13 12
80 12 11
80 11 10
80 10 9
80 9 8
80 8 7
81 15 12
81 12 11
81 11 0
81 11 10
81 10 5
81 5 1
81 5 4
81 4 2
81 4 3
81 10 9
81 9 8
81 8 7
81 7 6
81 15 14
81 14 13
82 19 2
82 2 0
82 2 1
82 19 18
82 18 16
82 16 14
82 14 13
82 13 12
82 12 10
82 10 9
82 9 3
82 9 8
82 8 6
82 6 5
82 5 4
82 8 7
82 12 11
82 16 15
82 18 17
83 16 1
83 1 0
83 16 15
83 15 13
83 13 2
83 13 12
83 12 11
83 11 9
83 9 8
83 8 7
83 7 3
83 7 6
83 6 5
83 5 4
83 11 10
83 15 14
84 19 18
84 18 7
84 7 0
84 7 6
84 6 3
84 3 1
84 3 2
84 6 5
84 5 4
84 18 17
84 17 8
84 17 16
84 16 15
84 15 13
84 13 11
84 11 9
84 11 10
84 13 12
84 15 14
85 19 18
85 18 0
85 18 17
85 17 15
85 15 5
85 5 4
85 4 1
85 4 3
85 3 2
85 15 14
85 14 9
85 9 8
85 8 6
85 8 7
85 14 13
85 13 11
85 11 10
85 13 12
85 17 16
86 15 14
86 14 13
86 13 5
86 5 1
86 1 0
86 5 4
86 4 3
86 3 2
86 13 12
86 12 10
86 10 6
86 10 9
86 9 8
86 8 7
86 12 11
87 19 18
87 18 17
87 17 11
87 11 8
87 8 7
87 7 0
87 7 6
87 6 1
87 6 5
87 5 2
87 5 4
87 4 3
87 11 10
87 10 9
87 17 16
87 16 15
87 15 14
87 14 12
87 14 13
88 17 16
88 16 2
88 2 1
88 1 0
88 16 15
88 15 4
88 4 3
88 15 14
88 14 12
88 12 11
88 11 9
88 9 5
88 9 8
88 8 7
88 7 6
88 11 10
88 14 13
89 14 2
89 2 0
89 2 1
89 14 13
89 13 11
89 11 3
89 11 10
89 10 9
89 9 8
89 8 7
89 7 6
89 6 5
89 5 4
89 13 12
90 14 13
90 13 4
90 4 3
90 3 2
90 2 1
90 1 0
90 13 12
90 12 10
90 10 8
90 8 7
90 7 5
90 7 6
90 10 9
90 12 11
91 16 14
91 14 7
91 7 4
91 4 1
91 1 0
91 4 3
91 3 2
91 7 6
91 6 5
91 14 13
91 13 10
91 10 9
91 9 8
91 13 12
91 12 11
91 16 15
92 19 0
92 19 18
92 18 3
92 3 1
92 3 2
92 18 17
92 17 5
92 5 4
92 17 16
92 16 13
92 13 8
92 8 7
92 7 6
92 13 12
92 12 10
92 10 9
92 12 11
92 16 15
92 15 14
93 17 13
93 13 1
93 1 0
93 13 12
93 12 2
93 12 11
93 11 9
93 9 7
93 7 6
93 6 5
93 5 4
93 4 3
93 9 8
93 11 10
93 17 16
93 16 14
93 16 15
94 17 0
94 17 16
94 16 2
94 2 1
94 16 15
94 15 14
94 14 6
94 6 4
94 4 3
94 6 5
94 14 13
94 13 11
94 11 8
94 8 7
94 11 10
94 10 9
94 13 12
95 15 12
95 12 0
95 12 11
95 11 10
95 10 1
95 10 9
95 9 5
95 5 2
95 5 4
95 4 3
95 9 8
95 8 6
95 8 7
95 15 14
95 14 13
96 17 16
96 16 15
96 15 4
96 4 3
96 3 1
96 1 0
96 3 2
96 15 14
96 14 13
96 13 11
96 11 7
96 7 5
96 7 6
96 11 10
96 10 9
96 9 8
96 13 12
97 15 0
97 15 14
97 14 11
97 11 10
97 10 9
97 9 6
97 6 3
97 3 2
97 2 1
97 6 5
97 5 4
97 9 8
97 8 7
97 14 13
97 13 12
98 18 0
98 18 17
98 17 4
98 4 3
98 3 1
98 3 2
98 17 16
98 16 5
98 16 15
98 15 14
98 14 12
98 12 10
98 10 7
98 7 6
98 10 9
98 9 8
98 12 11
98 14 13
99 17 15
99 15 2
99 2 0
99 2 1
99 15 14
99 14 13
99 13 3
99 13 12
99 12 4
99 12 11
99 11 9
99 9 8
99 8 5
99 8 7
99 7 6
99 11 10
99 17 16
100 15 3
100 3 2
100 2 0
100 2 1
100 15 14
100 14 11
100 11 10
100 10 9
100 9 8
100 8 4
100 8 7
100 7 5
100 7 6
100 14 13
100 13 12
101 18 13
101 13 12
101 12 0
101 12 11
101 11 10
101 10 9
101 9 2
101 2 1
101 9 8
101 8 7
101 7 6
101 6 5
101 5 3
101 5 4
101 18 17
101 17 16
101 16 15
101 15 14
