1 14 7
1 7 6
1 6 1
1 1 0
1 6 5
1 5 4
1 4 3
1 3 2
1 14 13
1 13 12
1 12 8
1 12 11
1 11 10
1 10 9
2 14 6
2 6 5
2 5 0
2 5 4
2 4 3
2 3 1
2 3 2
2 14 13
2 13 10
2 10 8
2 8 7
2 10 9
2 13 12
2 12 11
3 16 15
3 15 14
3 14 13
3 13 2
3 2 0
3 2 1
3 13 12
3 12 11
3 11 7
3 7 6
3 6 4
3 4 3
3 6 5
3 11 10
3 10 8
3 10 9
4 18 9
4 9 7
4 7 1
4 1 0
4 7 6
4 6 2
4 6 5
4 5 4
4 4 3
4 9 8
4 18 17
4 17 16
4 16 15
4 15 13
4 13 12
4 12 10
4 12 11
4 15 14
5 14 8
5 8 7
5 7 6
5 6 2
5 2 0
5 2 1
5 6 5
5 5 4
5 4 3
5 14 13
5 13 9
5 13 12
5 12 11
5 11 10
6 18 17
6 17 6
6 6 3
6 3 2
6 2 1
6 1 0
6 6 5
6 5 4
6 17 16
6 16 14
6 14 13
6 13 12
6 12 9
6 9 7
6 9 8
6 12 11
6 11 10
6 16 15
7 16 15
7 15 12
7 12 9
7 9 2
7 2 1
7 1 0
7 9 8
7 8 7
7 7 4
7 4 3
7 7 6
7 6 5
7 12 11
7 11 10
7 15 14
7 14 13
8 18 0
8 18 17
8 17 15
8 15 7
8 7 6
8 6 5
8 5 4
8 4 1
8 4 3
8 3 2
8 15 14
8 14 9
8 9 8
8 14 13
8 13 12
8 12 10
8 12 11
8 17 16
9 15 0
9 15 14
9 14 11
9 11 10
9 10 9
9 9 8
9 8 4
9 4 3
9 3 2
9 2 1
9 8 7
9 7 5
9 7 6
9 14 13
9 13 12
10 16 0
10 16 15
10 15 7
10 7 5
10 5 4
10 4 3
10 3 1
10 3 2
10 7 6
10 15 14
10 14 13
10 13 12
10 12 11
10 11 10
10 10 8
10 10 9
11 15 0
11 15 14
11 14 1
11 14 13
11 13 2
11 13 12
11 12 3
11 12 11
11 11 9
11 9 7
11 7 6
11 6 4
11 6 5
11 9 8
11 11 10
12 14 13
12 13 9
12 9 8
12 8 7
12 7 3
12 3 2
12 2 0
12 2 1
12 7 6
12 6 5
12 5 4
12 13 12
12 12 10
12 12 11
13 18 14
13 14 8
13 8 2
13 2 0
13 2 1
13 8 7
13 7 6
13 6 3
13 6 5
13 5 4
13 14 13
13 13 12
13 12 11
13 11 9
13 11 10
13 18 17
13 17 16
13 16 15
14 19 17
14 17 3
14 3 1
14 1 0
14 3 2
14 17 16
14 16 8
14 8 4
14 8 7
14 7 5
14 7 6
14 16 15
14 15 10
14 10 9
14 15 14
14 14 12
14 12 11
14 14 13
14 19 18
15 14 8
15 8 5
15 5 0
15 5 4
15 4 1
15 4 3
15 3 2
15 8 7
15 7 6
15 14 13
15 13 12
15 12 10
15 10 9
15 12 11
16 15 13
16 13 6
16 6 5
16 5 4
16 4 3
16 3 2
16 2 0
16 2 1
16 13 12
16 12 9
16 9 8
16 8 7
16 12 11
16 11 10
16 15 14
17 14 13
17 13 0
17 13 12
17 12 10
17 10 1
17 10 9
17 9 5
17 5 4
17 4 3
17 3 2
17 9 8
17 8 6
17 8 7
17 12 11
18 15 12
18 12 11
18 11 2
18 2 1
18 1 0
18 11 10
18 10 9
18 9 7
18 7 5
18 5 3
18 5 4
18 7 6
18 9 8
18 15 14
18 14 13
19 15 1
19 1 0
19 15 14
19 14 13
19 13 5
19 5 3
19 3 2
19 5 4
19 13 12
19 12 11
19 11 8
19 8 6
19 8 7
19 11 10
19 10 9
20 16 15
20 15 14
20 14 0
20 14 13
20 13 3
20 3 2
20 2 1
20 13 12
20 12 11
20 11 4
20 11 10
20 10 6
20 6 5
20 10 9
20 9 7
20 9 8
21 18 2
21 2 1
21 1 0
21 18 17
21 17 6
21 6 3
21 6 5
21 5 4
21 17 16
21 16 15
21 15 14
21 14 13
21 13 11
21 11 10
21 10 8
21 8 7
21 10 9
21 13 12
22 18 10
22 10 9
22 9 8
22 8 7
22 7 0
22 7 6
22 6 1
22 6 5
22 5 2
22 5 4
22 4 3
22 18 17
22 17 16
22 16 14
22 14 13
22 13 11
22 13 12
22 16 15
23 18 16
23 16 14
23 14 1
23 1 0
23 14 13
23 13 12
23 12 3
23 3 2
23 12 11
23 11 8
23 8 4
23 8 7
23 7 6
23 6 5
23 11 10
23 10 9
23 16 15
23 18 17
24 14 13
24 13 12
24 12 11
24 11 9
24 9 6
24 6 5
24 5 3
24 3 2
24 2 0
24 2 1
24 5 4
24 9 8
24 8 7
24 11 10
25 16 15
25 15 12
25 12 11
25 11 0
25 11 10
25 10 9
25 9 8
25 8 1
25 8 7
25 7 6
25 6 5
25 5 4
25 4 2
25 4 3
25 15 14
25 14 13
26 16 14
26 14 13
26 13 12
26 12 10
26 10 9
26 9 8
26 8 2
26 2 0
26 2 1
26 8 7
26 7 6
26 6 5
26 5 3
26 5 4
26 12 11
26 16 15
27 16 4
27 4 2
27 2 0
27 2 1
27 4 3
27 16 15
27 15 14
27 14 12
27 12 8
27 8 5
27 8 7
27 7 6
27 12 11
27 11 9
27 11 10
27 14 13
28 18 15
28 15 11
28 11 6
28 6 0
28 6 5
28 5 4
28 4 3
28 3 1
28 3 2
28 11 10
28 10 8
28 8 7
28 10 9
28 15 14
28 14 13
28 13 12
28 18 17
28 17 16
29 17 15
29 15 14
29 14 2
29 2 1
29 1 0
29 14 13
29 13 11
29 11 10
29 10 8
29 8 7
29 7 4
29 4 3
29 7 6
29 6 5
29 10 9
29 13 12
29 17 16
30 18 17
30 17 4
30 4 0
30 4 3
30 3 2
30 2 1
30 17 16
30 16 12
30 12 11
30 11 10
30 10 7
30 7 6
30 6 5
30 10 9
30 9 8
30 16 15
30 15 14
30 14 13
31 16 15
31 15 13
31 13 4
31 4 3
31 3 2
31 2 0
31 2 1
31 13 12
31 12 6
31 6 5
31 12 11
31 11 10
31 10 9
31 9 7
31 9 8
31 15 14
32 18 12
32 12 11
32 11 10
32 10 9
32 9 8
32 8 3
32 3 1
32 1 0
32 3 2
32 8 7
32 7 4
32 7 6
32 6 5
32 18 17
32 17 13
32 17 16
32 16 15
32 15 14
33 19 18
33 18 0
33 18 17
33 17 15
33 15 14
33 14 2
33 2 1
33 14 13
33 13 3
33 13 12
33 12 7
33 7 4
33 7 6
33 6 5
33 12 11
33 11 10
33 10 9
33 9 8
33 17 16
34 14 0
34 14 13
34 13 7
34 7 1
34 7 6
34 6 5
34 5 4
34 4 2
34 4 3
34 13 12
34 12 10
34 10 9
34 9 8
34 12 11
35 14 0
35 14 13
35 13 12
35 12 2
35 2 1
35 12 11
35 11 6
35 6 3
35 6 5
35 5 4
35 11 10
35 10 8
35 8 7
35 10 9
36 15 14
36 14 3
36 3 2
36 2 0
36 2 1
36 14 13
36 13 4
36 13 12
36 12 11
36 11 10
36 10 7
36 7 5
36 7 6
36 10 9
36 9 8
37 17 0
37 17 16
37 16 6
37 6 5
37 5 3
37 3 2
37 2 1
37 5 4
37 16 15
37 15 14
37 14 7
37 14 13
37 13 11
37 11 10
37 10 8
37 10 9
37 13 12
38 16 3
38 3 0
38 3 2
38 2 1
38 16 15
38 15 14
38 14 13
38 13 4
38 13 12
38 12 11
38 11 9
38 9 7
38 7 5
38 7 6
38 9 8
38 11 10
39 16 2
39 2 0
39 2 1
39 16 15
39 15 7
39 7 6
39 6 3
39 6 5
39 5 4
39 15 14
39 14 8
39 14 13
39 13 11
39 11 9
39 11 10
39 13 12
40 14 0
40 14 13
40 13 12
40 12 11
40 11 10
40 10 9
40 9 7
40 7 6
40 6 3
40 3 1
40 3 2
40 6 5
40 5 4
40 9 8
41 18 15
41 15 0
41 15 14
41 14 3
41 3 2
41 2 1
41 14 13
41 13 12
41 12 4
41 12 11
41 11 6
41 6 5
41 11 10
41 10 9
41 9 7
41 9 8
41 18 17
41 17 16
42 16 3
42 3 1
42 1 0
42 3 2
42 16 15
42 15 14
42 14 10
42 10 7
42 7 6
42 6 4
42 6 5
42 10 9
42 9 8
42 14 13
42 13 11
42 13 12
43 18 5
43 5 0
43 5 4
43 4 3
43 3 2
43 2 1
43 18 17
43 17 14
43 14 13
43 13 11
43 11 10
43 10 6
43 10 9
43 9 7
43 9 8
43 13 12
43 17 16
43 16 15
44 15 2
44 2 0
44 2 1
44 15 14
44 14 13
44 13 5
44 5 3
44 5 4
44 13 12
44 12 9
44 9 6
44 9 8
44 8 7
44 12 11
44 11 10
45 14 9
45 9 8
45 8 1
45 1 0
45 8 7
45 7 6
45 6 3
45 3 2
45 6 5
45 5 4
45 14 13
45 13 12
45 12 11
45 11 10
46 14 6
46 6 5
46 5 3
46 3 2
46 2 0
46 2 1
46 5 4
46 14 13
46 13 7
46 13 12
46 12 9
46 9 8
46 12 11
46 11 10
47 14 11
47 11 0
47 11 10
47 10 7
47 7 2
47 2 1
47 7 6
47 6 3
47 6 5
47 5 4
47 10 9
47 9 8
47 14 13
47 13 12
48 14 13
48 13 2
48 2 0
48 2 1
48 13 12
48 12 3
48 12 11
48 11 5
48 5 4
48 11 10
48 10 8
48 8 7
48 7 6
48 10 9
49 14 10
49 10 0
49 10 9
49 9 1
49 9 8
49 8 4
49 4 3
49 3 2
49 8 7
49 7 6
49 6 5
49 14 13
49 13 11
49 13 12
50 16 15
50 15 10
50 10 0
50 10 9
50 9 7
50 7 5
50 5 3
50 3 2
50 2 1
50 5 4
50 7 6
50 9 8
50 15 14
50 14 13
50 13 12
50 12 11
51 16 14
51 14 13
51 13 12
51 12 10
51 10 9
51 9 8
51 8 0
51 8 7
51 7 5
51 5 1
51 5 4
51 4 2
51 4 3
51 7 6
51 12 11
51 16 15
52 14 13
52 13 12
52 12 6
52 6 5
52 5 2
52 2 0
52 2 1
52 5 4
52 4 3
52 12 11
52 11 7
52 11 10
52 10 9
52 9 8
53 17 2
53 2 1
53 1 0
53 17 16
53 16 15
53 15 13
53 13 12
53 12 11
53 11 9
53 9 8
53 8 7
53 7 5
53 5 3
53 5 4
53 7 6
53 11 10
53 15 14
54 17 16
54 16 14
54 14 8
54 8 7
54 7 2
54 2 0
54 2 1
54 7 6
54 6 4
54 4 3
54 6 5
54 14 13
54 13 12
54 12 11
54 11 9
54 11 10
54 16 15
55 18 17
55 17 16
55 16 14
55 14 13
55 13 11
55 11 10
55 10 7
55 7 6
55 6 5
55 5 4
55 4 0
55 4 3
55 3 2
55 2 1
55 10 9
55 9 8
55 13 12
55 16 15
56 16 11
56 11 10
56 10 0
56 10 9
56 9 5
56 5 4
56 4 3
56 3 1
56 3 2
56 9 8
56 8 7
56 7 6
56 16 15
56 15 12
56 15 14
56 14 13
57 15 6
57 6 4
57 4 0
57 4 3
57 3 2
57 2 1
57 6 5
57 15 14
57 14 12
57 12 11
57 11 9
57 9 8
57 8 7
57 11 10
57 14 13
58 18 17
58 17 1
58 1 0
58 17 16
58 16 3
58 3 2
58 16 15
58 15 12
58 12 11
58 11 9
58 9 5
58 5 4
58 9 8
58 8 6
58 8 7
58 11 10
58 15 14
58 14 13
59 16 13
59 13 12
59 12 11
59 11 10
59 10 3
59 3 2
59 2 0
59 2 1
59 10 9
59 9 8
59 8 6
59 6 4
59 6 5
59 8 7
59 16 15
59 15 14
60 17 0
60 17 16
60 16 1
60 16 15
60 15 11
60 11 10
60 10 4
60 4 3
60 3 2
60 10 9
60 9 8
60 8 5
60 8 7
60 7 6
60 15 14
60 14 12
60 14 13
61 16 14
61 14 13
61 13 12
61 12 1
61 1 0
61 12 11
61 11 9
61 9 8
61 8 7
61 7 6
61 6 5
61 5 4
61 4 2
61 4 3
61 11 10
61 16 15
62 18 17
62 17 8
62 8 1
62 1 0
62 8 7
62 7 4
62 4 3
62 3 2
62 7 6
62 6 5
62 17 16
62 16 15
62 15 14
62 14 9
62 14 13
62 13 12
62 12 10
62 12 11
63 19 7
63 7 1
63 1 0
63 7 6
63 6 5
63 5 3
63 3 2
63 5 4
63 19 18
63 18 17
63 17 15
63 15 8
63 15 14
63 14 9
63 14 13
63 13 12
63 12 11
63 11 10
63 17 16
64 18 1
64 1 0
64 18 17
64 17 2
64 17 16
64 16 4
64 4 3
64 16 15
64 15 11
64 11 9
64 9 7
64 7 6
64 6 5
64 9 8
64 11 10
64 15 14
64 14 12
64 14 13
65 19 18
65 18 3
65 3 1
65 1 0
65 3 2
65 18 17
65 17 13
65 13 11
65 11 4
65 11 10
65 10 5
65 10 9
65 9 8
65 8 7
65 7 6
65 13 12
65 17 16
65 16 14
65 16 15
66 16 0
66 16 15
66 15 12
66 12 2
66 2 1
66 12 11
66 11 3
66 11 10
66 10 8
66 8 4
66 8 7
66 7 6
66 6 5
66 10 9
66 15 14
66 14 13
67 14 0
67 14 13
67 13 4
67 4 3
67 3 1
67 3 2
67 13 12
67 12 5
67 12 11
67 11 8
67 8 6
67 8 7
67 11 10
67 10 9
68 14 2
68 2 1
68 1 0
68 14 13
68 13 12
68 12 9
68 9 5
68 5 3
68 5 4
68 9 8
68 8 7
68 7 6
68 12 11
68 11 10
69 16 15
69 15 3
69 3 2
69 2 1
69 1 0
69 15 14
69 14 12
69 12 5
69 5 4
69 12 11
69 11 6
69 11 10
69 10 9
69 9 7
69 9 8
69 14 13
70 14 12
70 12 0
70 12 11
70 11 1
70 11 10
70 10 8
70 8 5
70 5 2
70 5 4
70 4 3
70 8 7
70 7 6
70 10 9
70 14 13
71 18 1
71 1 0
71 18 17
71 17 2
71 17 16
71 16 13
71 13 11
71 11 3
71 11 10
71 10 8
71 8 5
71 5 4
71 8 7
71 7 6
71 10 9
71 13 12
71 16 15
71 15 14
72 15 13
72 13 12
72 12 11
72 11 0
72 11 10
72 10 1
72 10 9
72 9 8
72 8 4
72 4 3
72 3 2
72 8 7
72 7 6
72 6 5
72 15 14
73 15 9
73 9 0
73 9 8
73 8 4
73 4 1
73 4 3
73 3 2
73 8 7
73 7 5
73 7 6
73 15 14
73 14 12
73 12 10
73 12 11
73 14 13
74 16 15
74 15 0
74 15 14
74 14 8
74 8 1
74 8 7
74 7 2
74 7 6
74 6 4
74 4 3
74 6 5
74 14 13
74 13 9
74 13 12
74 12 11
74 11 10
75 17 15
75 15 13
75 13 12
75 12 11
75 11 9
75 9 8
75 8 7
75 7 6
75 6 2
75 2 1
75 1 0
75 6 5
75 5 3
75 5 4
75 11 10
75 15 14
75 17 16
76 16 13
76 13 12
76 12 11
76 11 10
76 10 9
76 9 8
76 8 7
76 7 0
76 7 6
76 6 5
76 5 3
76 3 2
76 2 1
76 5 4
76 16 15
76 15 14
77 16 15
77 15 3
77 3 1
77 1 0
77 3 2
77 15 14
77 14 8
77 8 4
77 8 7
77 7 5
77 7 6
77 14 13
77 13 12
77 12 9
77 12 11
77 11 10
78 14 0
78 14 13
78 13 12
78 12 9
78 9 8
78 8 7
78 7 1
78 7 6
78 6 5
78 5 2
78 5 4
78 4 3
78 12 11
78 11 10
79 14 13
79 13 12
79 12 9
79 9 7
79 7 6
79 6 2
79 2 1
79 1 0
79 6 5
79 5 3
79 5 4
79 9 8
79 12 11
79 11 10
80 17 16
80 16 15
80 15 14
80 14 8
80 8 2
80 2 1
80 1 0
80 8 7
80 7 3
80 7 6
80 6 4
80 6 5
80 14 13
80 13 10
80 10 9
80 13 12
80 12 11
81 15 14
81 14 13
81 13 11
81 11 10
81 10 1
81 1 0
81 10 9
81 9 8
81 8 5
81 5 4
81 4 3
81 3 2
81 8 7
81 7 6
81 13 12
82 17 2
82 2 1
82 1 0
82 17 16
82 16 3
82 16 15
82 15 13
82 13 12
82 12 9
82 9 8
82 8 7
82 7 6
82 6 4
82 6 5
82 12 11
82 11 10
82 15 14
83 19 18
83 18 16
83 16 13
83 13 12
83 12 11
83 11 9
83 9 4
83 4 2
83 2 1
83 1 0
83 4 3
83 9 8
83 8 7
83 7 6
83 6 5
83 11 10
83 16 15
83 15 14
83 18 17
84 17 0
84 17 16
84 16 1
84 16 15
84 15 11
84 11 5
84 5 4
84 4 3
84 3 2
84 11 10
84 10 9
84 9 6
84 9 8
84 8 7
84 15 14
84 14 13
84 13 12
85 15 1
85 1 0
85 15 14
85 14 6
85 6 3
85 3 2
85 6 5
85 5 4
85 14 13
85 13 11
85 11 9
85 9 7
85 9 8
85 11 10
85 13 12
86 15 10
86 10 4
86 4 2
86 2 1
86 1 0
86 4 3
86 10 9
86 9 7
86 7 5
86 7 6
86 9 8
86 15 14
86 14 12
86 12 11
86 14 13
87 17 16
87 16 15
87 15 1
87 1 0
87 15 14
87 14 7
87 7 6
87 6 5
87 5 4
87 4 3
87 3 2
87 14 13
87 13 8
87 13 12
87 12 11
87 11 9
87 11 10
88 16 4
88 4 2
88 2 1
88 1 0
88 4 3
88 16 15
88 15 14
88 14 13
88 13 12
88 12 11
88 11 9
88 9 7
88 7 6
88 6 5
88 9 8
88 11 10
89 14 3
89 3 0
89 3 2
89 2 1
89 14 13
89 13 12
89 12 6
89 6 5
89 5 4
89 12 11
89 11 10
89 10 8
89 8 7
89 10 9
90 16 9
90 9 6
90 6 0
90 6 5
90 5 2
90 2 1
90 5 4
90 4 3
90 9 8
90 8 7
90 16 15
90 15 14
90 14 10
90 14 13
90 13 11
90 13 12
91 17 16
91 16 7
91 7 6
91 6 5
91 5 0
91 5 4
91 4 2
91 2 1
91 4 3
91 16 15
91 15 14
91 14 13
91 13 12
91 12 11
91 11 9
91 9 8
91 11 10
92 15 0
92 15 14
92 14 1
92 14 13
92 13 12
92 12 10
92 10 4
92 4 3
92 3 2
92 10 9
92 9 8
92 8 7
92 7 5
92 7 6
92 12 11
93 18 1
93 1 0
93 18 17
93 17 16
93 16 2
93 16 15
93 15 7
93 7 4
93 4 3
93 7 6
93 6 5
93 15 14
93 14 10
93 10 9
93 9 8
93 14 13
93 13 12
93 12 11
94 14 13
94 13 12
94 12 11
94 11 10
94 10 6
94 6 5
94 5 4
94 4 2
94 2 0
94 2 1
94 4 3
94 10 9
94 9 7
94 9 8
95 17 11
95 11 2
95 2 1
95 1 0
95 11 10
95 10 9
95 9 6
95 6 5
95 5 3
95 5 4
95 9 8
95 8 7
95 17 16
95 16 15
95 15 13
95 13 12
95 15 14
96 17 4
96 4 0
96 4 3
96 3 1
96 3 2
96 17 16
96 16 9
96 9 7
96 7 5
96 7 6
96 9 8
96 16 15
96 15 14
96 14 12
96 12 10
96 12 11
96 14 13
97 16 11
97 11 9
97 9 8
97 8 7
97 7 0
97 7 6
97 6 2
97 2 1
97 6 5
97 5 4
97 4 3
97 11 10
97 16 15
97 15 12
97 15 14
97 14 13
98 14 12
98 12 11
98 11 2
98 2 1
98 1 0
98 11 10
98 10 3
98 10 9
98 9 7
98 7 6
98 6 4
98 6 5
98 9 8
98 14 13
99 18 1
99 1 0
99 18 17
99 17 15
99 15 12
99 12 11
99 11 9
99 9 6
99 6 2
99 6 5
99 5 4
99 4 3
99 9 8
99 8 7
99 11 10
99 15 14
99 14 13
99 17 16
100 16 6
100 6 0
100 6 5
100 5 3
100 3 2
100 2 1
100 5 4
100 16 15
100 15 14
100 14 13
100 13 12
100 12 11
100 11 10
100 10 8
100 8 7
100 10 9
101 17 1
101 1 0
101 17 16
101 16 12
101 12 2
101 12 11
101 11 7
101 7 6
101 6 4
101 4 3
101 6 5
101 11 10
101 10 8
101 10 9
101 16 15
101 15 14
101 14 13
