1 15 14
1 14 0
1 14 13
1 13 1
1 13 12
1 12 4
1 4 2
1 4 3
1 12 11
1 11 10
1 10 9
1 9 8
1 8 7
1 7 5
1 7 6
2 14 13
2 13 12
2 12 11
2 11 10
2 10 9
2 9 1
2 1 0
2 9 8
2 8 6
2 6 5
2 5 3
2 3 2
2 5 4
2 8 7
3 14 5
3 5 3
3 3 2
3 2 1
3 1 0
3 5 4
3 14 13
3 13 11
3 11 9
3 9 6
3 9 8
3 8 7
3 11 10
3 13 12
4 14 8
4 8 0
4 8 7
4 7 6
4 6 5
4 5 3
4 3 1
4 3 2
4 5 4
4 14 13
4 13 9
4 13 12
4 12 11
4 11 10
5 16 10
5 10 9
5 9 5
5 5 2
5 2 1
5 1 0
5 5 4
5 4 3
5 9 8
5 8 6
5 8 7
5 16 15
5 15 14
5 14 13
5 13 12
5 12 11
6 19 17
6 17 1
6 1 0
6 17 16
6 16 6
6 6 3
6 3 2
6 6 5
6 5 4
6 16 15
6 15 14
6 14 13
6 13 12
6 12 7
6 12 11
6 11 9
6 9 8
6 11 10
6 19 18
7 19 15
7 15 13
7 13 3
7 3 2
7 2 0
7 2 1
7 13 12
7 12 10
7 10 4
7 10 9
7 9 8
7 8 6
7 6 5
7 8 7
7 12 11
7 15 14
7 19 18
7 18 16
7 18 17
8 18 16
8 16 3
8 3 1
8 1 0
8 3 2
8 16 15
8 15 13
8 13 12
8 12 10
8 10 6
8 6 4
8 6 5
8 10 9
8 9 8
8 8 7
8 12 11
8 15 14
8 18 17
9 19 10
9 10 9
9 9 0
9 9 8
9 8 1
9 8 7
9 7 6
9 6 2
9 6 5
9 5 4
9 4 3
9 19 18
9 18 17
9 17 16
9 16 14
9 14 11
9 14 13
9 13 12
9 16 15
10 17 0
10 17 16
10 16 6
10 6 4
10 4 2
10 2 1
10 4 3
10 6 5
10 16 15
10 15 14
10 14 13
10 13 7
10 13 12
10 12 11
10 11 10
10 10 9
10 9 8
11 17 16
11 16 1
11 1 0
11 16 15
11 15 13
11 13 4
11 4 3
11 3 2
11 13 12
11 12 10
11 10 7
11 7 6
11 6 5
11 10 9
11 9 8
11 12 11
11 15 14
12 14 13
12 13 12
12 12 10
12 10 9
12 9 0
12 9 8
12 8 6
12 6 2
12 2 1
12 6 5
12 5 4
12 4 3
12 8 7
12 12 11
13 14 13
13 13 2
13 2 0
13 2 1
13 13 12
13 12 11
13 11 10
13 10 9
13 9 3
13 9 8
13 8 4
13 8 7
13 7 6
13 6 5
14 16 0
14 16 15
14 15 14
14 14 11
14 11 8
14 8 7
14 7 6
14 6 4
14 4 1
14 4 3
14 3 2
14 6 5
14 11 10
14 10 9
14 14 13
14 13 12
15 16 1
15 1 0
15 16 15
15 15 2
15 15 14
15 14 4
15 4 3
15 14 13
15 13 6
15 6 5
15 13 12
15 12 10
15 10 8
15 8 7
15 10 9
15 12 11
16 14 13
16 13 3
16 3 0
16 3 2
16 2 1
16 13 12
16 12 11
16 11 8
16 8 6
16 6 5
16 5 4
16 8 7
16 11 10
16 10 9
17 17 16
17 16 15
17 15 14
17 14 13
17 13 12
17 12 11
17 11 10
17 10 6
17 6 5
17 5 4
17 4 3
17 3 0
17 3 2
17 2 1
17 10 9
17 9 7
17 9 8
18 17 8
18 8 3
18 3 0
18 3 2
18 2 1
18 8 7
18 7 6
18 6 4
18 6 5
18 17 16
18 16 15
18 15 13
18 13 11
18 11 10
18 10 9
18 13 12
18 15 14
19 17 9
19 9 1
19 1 0
19 9 8
19 8 5
19 5 4
19 4 2
19 4 3
19 8 7
19 7 6
19 17 16
19 16 13
19 13 12
19 12 11
19 11 10
19 16 15
19 15 14
20 14 7
20 7 0
20 7 6
20 6 1
20 6 5
20 5 4
20 4 2
20 4 3
20 14 13
20 13 10
20 10 9
20 9 8
20 13 12
20 12 11
21 15 7
21 7 6
21 6 0
21 6 5
21 5 2
21 2 1
21 5 4
21 4 3
21 15 14
21 14 13
21 13 12
21 12 11
21 11 10
21 10 8
21 10 9
22 15 0
22 15 14
22 14 12
22 12 3
22 3 1
22 3 2
22 12 11
22 11 10
22 10 8
22 8 7
22 7 4
22 7 6
22 6 5
22 10 9
22 14 13
23 18 1
23 1 0
23 18 17
23 17 13
23 13 11
23 11 2
23 11 10
23 10 3
23 10 9
23 9 4
23 9 8
23 8 7
23 7 6
23 6 5
23 13 12
23 17 16
23 16 14
23 16 15
24 16 0
24 16 15
24 15 3
24 3 2
24 2 1
24 15 14
24 14 4
24 14 13
24 13 12
24 12 11
24 11 10
24 10 9
24 9 7
24 7 5
24 7 6
24 9 8
25 17 2
25 2 1
25 1 0
25 17 16
25 16 12
25 12 9
25 9 8
25 8 6
25 6 5
25 5 4
25 4 3
25 8 7
25 12 11
25 11 10
25 16 15
25 15 13
25 15 14
26 16 15
26 15 0
26 15 14
26 14 13
26 13 1
26 13 12
26 12 2
26 12 11
26 11 5
26 5 3
26 5 4
26 11 10
26 10 7
26 7 6
26 10 9
26 9 8
27 17 0
27 17 16
27 16 15
27 15 14
27 14 2
27 2 1
27 14 13
27 13 3
27 13 12
27 12 11
27 11 10
27 10 5
27 5 4
27 10 9
27 9 6
27 9 8
27 8 7
28 16 15
28 15 14
28 14 13
28 13 12
28 12 0
28 12 11
28 11 1
28 11 10
28 10 8
28 8 5
28 5 2
28 5 4
28 4 3
28 8 7
28 7 6
28 10 9
29 16 11
29 11 4
29 4 1
29 1 0
29 4 3
29 3 2
29 11 10
29 10 5
29 10 9
29 9 6
29 9 8
29 8 7
29 16 15
29 15 13
29 13 12
29 15 14
30 14 1
30 1 0
30 14 13
30 13 6
30 6 5
30 5 4
30 4 3
30 3 2
30 13 12
30 12 11
30 11 10
30 10 9
30 9 8
30 8 7
31 19 18
31 18 0
31 18 17
31 17 16
31 16 14
31 14 13
31 13 12
31 12 9
31 9 2
31 2 1
31 9 8
31 8 7
31 7 6
31 6 5
31 5 3
31 5 4
31 12 11
31 11 10
31 16 15
32 14 13
32 13 5
32 5 4
32 4 0
32 4 3
32 3 2
32 2 1
32 13 12
32 12 11
32 11 10
32 10 9
32 9 8
32 8 7
32 7 6
33 16 2
33 2 1
33 1 0
33 16 15
33 15 7
33 7 6
33 6 4
33 4 3
33 6 5
33 15 14
33 14 13
33 13 11
33 11 10
33 10 9
33 9 8
33 13 12
34 19 16
34 16 15
34 15 14
34 14 10
34 10 2
34 2 0
34 2 1
34 10 9
34 9 4
34 4 3
34 9 8
34 8 7
34 7 5
34 7 6
34 14 13
34 13 12
34 12 11
34 19 18
34 18 17
35 14 6
35 6 4
35 4 2
35 2 0
35 2 1
35 4 3
35 6 5
35 14 13
35 13 11
35 11 9
35 9 8
35 8 7
35 11 10
35 13 12
36 16 15
36 15 0
36 15 14
36 14 1
36 14 13
36 13 12
36 12 10
36 10 7
36 7 2
36 7 6
36 6 5
36 5 3
36 5 4
36 10 9
36 9 8
36 12 11
37 19 17
37 17 3
37 3 2
37 2 0
37 2 1
37 17 16
37 16 6
37 6 5
37 5 4
37 16 15
37 15 11
37 11 9
37 9 7
37 9 8
37 11 10
37 15 14
37 14 13
37 13 12
37 19 18
38 17 9
38 9 0
38 9 8
38 8 7
38 7 1
38 7 6
38 6 2
38 6 5
38 5 3
38 5 4
38 17 16
38 16 15
38 15 11
38 11 10
38 15 14
38 14 13
38 13 12
39 15 14
39 14 1
39 1 0
39 14 13
39 13 12
39 12 8
39 8 6
39 6 5
39 5 4
39 4 3
39 3 2
39 8 7
39 12 11
39 11 10
39 10 9
40 14 13
40 13 1
40 1 0
40 13 12
40 12 8
40 8 7
40 7 3
40 3 2
40 7 6
40 6 5
40 5 4
40 12 11
40 11 9
40 11 10
41 15 5
41 5 1
41 1 0
41 5 4
41 4 3
41 3 2
41 15 14
41 14 7
41 7 6
41 14 13
41 13 8
41 13 12
41 12 9
41 12 11
41 11 10
42 19 1
42 1 0
42 19 18
42 18 10
42 10 9
42 9 8
42 8 7
42 7 6
42 6 4
42 4 3
42 3 2
42 6 5
42 18 17
42 17 13
42 13 12
42 12 11
42 17 16
42 16 15
42 15 14
43 19 8
43 8 6
43 6 4
43 4 3
43 3 2
43 2 0
43 2 1
43 6 5
43 8 7
43 19 18
43 18 17
43 17 16
43 16 15
43 15 14
43 14 13
43 13 12
43 12 10
43 10 9
43 12 11
44 16 14
44 14 13
44 13 12
44 12 5
44 5 3
44 3 2
44 2 1
44 1 0
44 5 4
44 12 11
44 11 6
44 11 10
44 10 7
44 10 9
44 9 8
44 16 15
45 16 15
45 15 14
45 14 0
45 14 13
45 13 11
45 11 8
45 8 7
45 7 4
45 4 3
45 3 2
45 2 1
45 7 6
45 6 5
45 11 10
45 10 9
45 13 12
46 15 2
46 2 1
46 1 0
46 15 14
46 14 13
46 13 9
46 9 8
46 8 3
46 8 7
46 7 6
46 6 5
46 5 4
46 13 12
46 12 11
46 11 10
47 17 0
47 17 16
47 16 14
47 14 11
47 11 8
47 8 1
47 8 7
47 7 6
47 6 3
47 3 2
47 6 5
47 5 4
47 11 10
47 10 9
47 14 13
47 13 12
47 16 15
48 15 14
48 14 0
48 14 13
48 13 12
48 12 1
48 12 11
48 11 3
48 3 2
48 11 10
48 10 8
48 8 7
48 7 4
48 7 6
48 6 5
48 10 9
49 16 15
49 15 14
49 14 9
49 9 8
49 8 2
49 2 0
49 2 1
49 8 7
49 7 6
49 6 4
49 4 3
49 6 5
49 14 13
49 13 11
49 11 10
49 13 12
50 17 16
50 16 15
50 15 10
50 10 8
50 8 2
50 2 0
50 2 1
50 8 7
50 7 5
50 5 3
50 5 4
50 7 6
50 10 9
50 15 14
50 14 13
50 13 11
50 13 12
51 18 1
51 1 0
51 18 17
51 17 4
51 4 2
51 4 3
51 17 16
51 16 13
51 13 7
51 7 6
51 6 5
51 13 12
51 12 8
51 12 11
51 11 9
51 11 10
51 16 15
51 15 14
52 17 16
52 16 0
52 16 15
52 15 4
52 4 3
52 3 2
52 2 1
52 15 14
52 14 8
52 8 5
52 8 7
52 7 6
52 14 13
52 13 12
52 12 11
52 11 9
52 11 10
53 14 6
53 6 1
53 1 0
53 6 5
53 5 2
53 5 4
53 4 3
53 14 13
53 13 12
53 12 11
53 11 10
53 10 9
53 9 7
53 9 8
54 16 0
54 16 15
54 15 14
54 14 13
54 13 12
54 12 11
54 11 10
54 10 8
54 8 3
54 3 1
54 3 2
54 8 7
54 7 5
54 5 4
54 7 6
54 10 9
55 14 1
55 1 0
55 14 13
55 13 10
55 10 9
55 9 3
55 3 2
55 9 8
55 8 5
55 5 4
55 8 7
55 7 6
55 13 12
55 12 11
56 19 15
56 15 10
56 10 8
56 8 5
56 5 2
56 2 0
56 2 1
56 5 4
56 4 3
56 8 7
56 7 6
56 10 9
56 15 14
56 14 11
56 14 13
56 13 12
56 19 18
56 18 17
56 17 16
57 16 11
57 11 0
57 11 10
57 10 9
57 9 7
57 7 5
57 5 2
57 2 1
57 5 4
57 4 3
57 7 6
57 9 8
57 16 15
57 15 13
57 13 12
57 15 14
58 14 12
58 12 9
58 9 7
58 7 6
58 6 5
58 5 3
58 3 2
58 2 1
58 1 0
58 5 4
58 9 8
58 12 11
58 11 10
58 14 13
59 15 5
59 5 1
59 1 0
59 5 4
59 4 2
59 4 3
59 15 14
59 14 13
59 13 12
59 12 10
59 10 9
59 9 6
59 9 8
59 8 7
59 12 11
60 18 6
60 6 0
60 6 5
60 5 4
60 4 3
60 3 1
60 3 2
60 18 17
60 17 16
60 16 15
60 15 13
60 13 9
60 9 7
60 9 8
60 13 12
60 12 11
60 11 10
60 15 14
61 17 3
61 3 1
61 1 0
61 3 2
61 17 16
61 16 15
61 15 8
61 8 6
61 6 5
61 5 4
61 8 7
61 15 14
61 14 13
61 13 11
61 11 10
61 10 9
61 13 12
62 15 13
62 13 12
62 12 11
62 11 7
62 7 0
62 7 6
62 6 4
62 4 2
62 2 1
62 4 3
62 6 5
62 11 10
62 10 8
62 10 9
62 15 14
63 15 9
63 9 8
63 8 1
63 1 0
63 8 7
63 7 3
63 3 2
63 7 6
63 6 4
63 6 5
63 15 14
63 14 13
63 13 12
63 12 11
63 11 10
64 16 1
64 1 0
64 16 15
64 15 11
64 11 10
64 10 9
64 9 8
64 8 2
64 8 7
64 7 6
64 6 4
64 4 3
64 6 5
64 15 14
64 14 12
64 14 13
65 14 13
65 13 12
65 12 11
65 11 10
65 10 9
65 9 2
65 2 0
65 2 1
65 9 8
65 8 6
65 6 5
65 5 3
65 5 4
65 8 7
66 15 14
66 14 1
66 1 0
66 14 13
66 13 4
66 4 2
66 4 3
66 13 12
66 12 11
66 11 5
66 11 10
66 10 7
66 7 6
66 10 9
66 9 8
67 16 0
67 16 15
67 15 8
67 8 6
67 6 5
67 5 4
67 4 3
67 3 2
67 2 1
67 8 7
67 15 14
67 14 12
67 12 11
67 11 9
67 11 10
67 14 13
68 17 10
68 10 9
68 9 7
68 7 6
68 6 1
68 1 0
68 6 5
68 5 2
68 5 4
68 4 3
68 9 8
68 17 16
68 16 12
68 12 11
68 16 15
68 15 14
68 14 13
69 19 17
69 17 16
69 16 13
69 13 0
69 13 12
69 12 1
69 12 11
69 11 10
69 10 2
69 10 9
69 9 3
69 9 8
69 8 7
69 7 6
69 6 5
69 5 4
69 16 15
69 15 14
69 19 18
70 16 14
70 14 3
70 3 2
70 2 0
70 2 1
70 14 13
70 13 12
70 12 11
70 11 5
70 5 4
70 11 10
70 10 7
70 7 6
70 10 9
70 9 8
70 16 15
71 14 13
71 13 12
71 12 10
71 10 4
71 4 2
71 2 0
71 2 1
71 4 3
71 10 9
71 9 6
71 6 5
71 9 8
71 8 7
71 12 11
72 14 13
72 13 11
72 11 0
72 11 10
72 10 1
72 10 9
72 9 7
72 7 4
72 4 2
72 4 3
72 7 6
72 6 5
72 9 8
72 13 12
73 18 6
73 6 2
73 2 0
73 2 1
73 6 5
73 5 3
73 5 4
73 18 17
73 17 16
73 16 15
73 15 8
73 8 7
73 15 14
73 14 13
73 13 12
73 12 10
73 10 9
73 12 11
74 19 18
74 18 0
74 18 17
74 17 16
74 16 13
74 13 12
74 12 11
74 11 1
74 11 10
74 10 7
74 7 2
74 7 6
74 6 5
74 5 3
74 5 4
74 10 9
74 9 8
74 16 15
74 15 14
75 14 4
75 4 0
75 4 3
75 3 1
75 3 2
75 14 13
75 13 11
75 11 10
75 10 9
75 9 8
75 8 6
75 6 5
75 8 7
75 13 12
76 16 14
76 14 0
76 14 13
76 13 4
76 4 1
76 4 3
76 3 2
76 13 12
76 12 7
76 7 6
76 6 5
76 12 11
76 11 9
76 9 8
76 11 10
76 16 15
77 15 13
77 13 0
77 13 12
77 12 1
77 12 11
77 11 3
77 3 2
77 11 10
77 10 4
77 10 9
77 9 8
77 8 6
77 6 5
77 8 7
77 15 14
78 16 10
78 10 6
78 6 0
78 6 5
78 5 4
78 4 1
78 4 3
78 3 2
78 10 9
78 9 7
78 9 8
78 16 15
78 15 13
78 13 11
78 13 12
78 15 14
79 17 0
79 17 16
79 16 4
79 4 1
79 4 3
79 3 2
79 16 15
79 15 6
79 6 5
79 15 14
79 14 11
79 11 10
79 10 8
79 8 7
79 10 9
79 14 13
79 13 12
80 17 0
80 17 16
80 16 15
80 15 3
80 3 2
80 2 1
80 15 14
80 14 4
80 14 13
80 13 7
80 7 5
80 7 6
80 13 12
80 12 8
80 12 11
80 11 10
80 10 9
81 15 14
81 14 13
81 13 11
81 11 10
81 10 9
81 9 8
81 8 0
81 8 7
81 7 5
81 5 3
81 3 1
81 3 2
81 5 4
81 7 6
81 13 12
82 19 0
82 19 18
82 18 16
82 16 14
82 14 1
82 14 13
82 13 2
82 13 12
82 12 9
82 9 8
82 8 6
82 6 5
82 5 4
82 4 3
82 8 7
82 12 11
82 11 10
82 16 15
82 18 17
83 14 11
83 11 0
83 11 10
83 10 9
83 9 1
83 9 8
83 8 2
83 8 7
83 7 6
83 6 4
83 4 3
83 6 5
83 14 13
83 13 12
84 15 14
84 14 12
84 12 4
84 4 3
84 3 1
84 1 0
84 3 2
84 12 11
84 11 5
84 11 10
84 10 9
84 9 8
84 8 7
84 7 6
84 14 13
85 19 18
85 18 9
85 9 3
85 3 1
85 1 0
85 3 2
85 9 8
85 8 7
85 7 5
85 5 4
85 7 6
85 18 17
85 17 16
85 16 14
85 14 10
85 14 13
85 13 12
85 12 11
85 16 15
86 19 7
86 7 0
86 7 6
86 6 2
86 2 1
86 6 5
86 5 3
86 5 4
86 19 18
86 18 10
86 10 8
86 10 9
86 18 17
86 17 11
86 17 16
86 16 15
86 15 12
86 15 14
86 14 13
87 16 4
87 4 3
87 3 2
87 2 0
87 2 1
87 16 15
87 15 14
87 14 5
87 14 13
87 13 6
87 13 12
87 12 11
87 11 10
87 10 9
87 9 7
87 9 8
88 16 12
88 12 11
88 11 10
88 10 9
88 9 7
88 7 1
88 1 0
88 7 6
88 6 4
88 4 2
88 4 3
88 6 5
88 9 8
88 16 15
88 15 13
88 15 14
89 19 18
89 18 17
89 17 16
89 16 13
89 13 12
89 12 10
89 10 6
89 6 5
89 5 4
89 4 0
89 4 3
89 3 1
89 3 2
89 10 9
89 9 8
89 8 7
89 12 11
89 16 15
89 15 14
90 19 18
90 18 16
90 16 15
90 15 14
90 14 13
90 13 7
90 7 0
90 7 6
90 6 4
90 4 1
90 4 3
90 3 2
90 6 5
90 13 12
90 12 11
90 11 10
90 10 8
90 10 9
90 18 17
91 16 15
91 15 0
91 15 14
91 14 13
91 13 12
91 12 1
91 12 11
91 11 10
91 10 4
91 4 2
91 4 3
91 10 9
91 9 8
91 8 7
91 7 6
91 6 5
92 18 6
92 6 2
92 2 1
92 1 0
92 6 5
92 5 4
92 4 3
92 18 17
92 17 8
92 8 7
92 17 16
92 16 15
92 15 14
92 14 13
92 13 12
92 12 10
92 10 9
92 12 11
93 16 14
93 14 4
93 4 0
93 4 3
93 3 1
93 3 2
93 14 13
93 13 11
93 11 10
93 10 9
93 9 5
93 9 8
93 8 7
93 7 6
93 13 12
93 16 15
94 14 0
94 14 13
94 13 12
94 12 11
94 11 10
94 10 8
94 8 7
94 7 6
94 6 5
94 5 2
94 2 1
94 5 4
94 4 3
94 10 9
95 18 17
95 17 14
95 14 13
95 13 12
95 12 10
95 10 9
95 9 6
95 6 4
95 4 2
95 2 0
95 2 1
95 4 3
95 6 5
95 9 8
95 8 7
95 12 11
95 17 16
95 16 15
96 14 13
96 13 0
96 13 12
96 12 11
96 11 3
96 3 2
96 2 1
96 11 10
96 10 5
96 5 4
96 10 9
96 9 7
96 7 6
96 9 8
97 14 2
97 2 0
97 2 1
97 14 13
97 13 3
97 13 12
97 12 11
97 11 10
97 10 9
97 9 8
97 8 6
97 6 4
97 6 5
97 8 7
98 15 14
98 14 11
98 11 10
98 10 9
98 9 6
98 6 4
98 4 0
98 4 3
98 3 1
98 3 2
98 6 5
98 9 8
98 8 7
98 14 13
98 13 12
99 18 17
99 17 15
99 15 0
99 15 14
99 14 5
99 5 3
99 3 2
99 2 1
99 5 4
99 14 13
99 13 8
99 8 7
99 7 6
99 13 12
99 12 9
99 12 11
99 11 10
99 17 16
100 14 13
100 13 12
100 12 3
100 3 2
100 2 1
100 1 0
100 12 11
100 11 7
100 7 6
100 6 5
100 5 4
100 11 10
100 10 8
100 10 9
101 16 14
101 14 2
101 2 1
101 1 0
101 14 13
101 13 11
101 11 3
101 11 10
101 10 9
101 9 7
101 7 4
101 7 6
101 6 5
101 9 8
101 13 12
101 16 15
