1 14 13
1 13 11
1 11 10
1 10 8
1 8 6
1 6 4
1 4 3
1 3 0
1 3 2
1 2 1
1 6 5
1 8 7
1 10 9
1 13 12
2 17 16
2 16 2
2 2 1
2 1 0
2 16 15
2 15 14
2 14 13
2 13 11
2 11 10
2 10 8
2 8 6
2 6 3
2 6 5
2 5 4
2 8 7
2 10 9
2 13 12
3 18 17
3 17 16
3 16 13
3 13 12
3 12 11
3 11 9
3 9 7
3 7 6
3 6 5
3 5 0
3 5 4
3 4 3
3 3 1
3 3 2
3 9 8
3 11 10
3 16 15
3 15 14
4 15 14
4 14 12
4 12 11
4 11 2
4 2 1
4 1 0
4 11 10
4 10 9
4 9 8
4 8 7
4 7 3
4 7 6
4 6 4
4 6 5
4 14 13
5 16 13
5 13 5
5 5 4
5 4 3
5 3 1
5 1 0
5 3 2
5 13 12
5 12 6
5 12 11
5 11 10
5 10 9
5 9 7
5 9 8
5 16 15
5 15 14
6 17 14
6 14 12
6 12 2
6 2 0
6 2 1
6 12 11
6 11 10
6 10 6
6 6 5
6 5 3
6 5 4
6 10 9
6 9 7
6 9 8
6 14 13
6 17 16
6 16 15
7 14 13
7 13 12
7 12 10
7 10 0
7 10 9
7 9 7
7 7 1
7 7 6
7 6 4
7 4 2
7 4 3
7 6 5
7 9 8
7 12 11
8 16 0
8 16 15
8 15 14
8 14 1
8 14 13
8 13 9
8 9 2
8 9 8
8 8 5
8 5 3
8 5 4
8 8 7
8 7 6
8 13 12
8 12 10
8 12 11
9 14 13
9 13 12
9 12 6
9 6 5
9 5 4
9 4 3
9 3 2
9 2 0
9 2 1
9 12 11
9 11 10
9 10 7
9 10 9
9 9 8
10 14 10
10 10 8
10 8 6
10 6 2
10 2 0
10 2 1
10 6 5
10 5 3
10 5 4
10 8 7
10 10 9
10 14 13
10 13 11
10 13 12
11 16 15
11 15 12
11 12 10
11 10 6
11 6 1
11 1 0
11 6 5
11 5 2
11 5 4
11 4 3
11 10 9
11 9 7
11 9 8
11 12 11
11 15 14
11 14 13
12 17 15
12 15 14
12 14 0
12 14 13
12 13 12
12 12 8
12 8 6
12 6 1
12 6 5
12 5 4
12 4 2
12 4 3
12 8 7
12 12 11
12 11 10
12 10 9
12 17 16
13 18 16
13 16 10
13 10 0
13 10 9
13 9 8
13 8 7
13 7 6
13 6 2
13 2 1
13 6 5
13 5 3
13 5 4
13 16 15
13 15 13
13 13 12
13 12 11
13 15 14
13 18 17
14 14 13
14 13 10
14 10 9
14 9 5
14 5 0
14 5 4
14 4 3
14 3 2
14 2 1
14 9 8
14 8 7
14 7 6
14 13 12
14 12 11
15 14 6
15 6 0
15 6 5
15 5 4
15 4 2
15 2 1
15 4 3
15 14 13
15 13 11
15 11 8
15 8 7
15 11 10
15 10 9
15 13 12
16 17 16
16 16 3
16 3 1
16 1 0
16 3 2
16 16 15
16 15 4
16 15 14
16 14 5
16 14 13
16 13 12
16 12 11
16 11 9
16 9 6
16 9 8
16 8 7
16 11 10
17 18 1
17 1 0
17 18 17
17 17 11
17 11 9
17 9 8
17 8 6
17 6 5
17 5 4
17 4 3
17 3 2
17 8 7
17 11 10
17 17 16
17 16 15
17 15 13
17 13 12
17 15 14
18 15 0
18 15 14
18 14 3
18 3 1
18 3 2
18 14 13
18 13 12
18 12 9
18 9 5
18 5 4
18 9 8
18 8 7
18 7 6
18 12 11
18 11 10
19 17 16
19 16 14
19 14 13
19 13 1
19 1 0
19 13 12
19 12 11
19 11 2
19 11 10
19 10 7
19 7 6
19 6 4
19 4 3
19 6 5
19 10 9
19 9 8
19 16 15
20 16 14
20 14 8
20 8 7
20 7 6
20 6 0
20 6 5
20 5 4
20 4 3
20 3 1
20 3 2
20 14 13
20 13 12
20 12 10
20 10 9
20 12 11
20 16 15
21 19 18
21 18 10
21 10 0
21 10 9
21 9 8
21 8 2
21 2 1
21 8 7
21 7 3
21 7 6
21 6 5
21 5 4
21 18 17
21 17 15
21 15 14
21 14 11
21 14 13
21 13 12
21 17 16
22 19 18
22 18 9
22 9 8
22 8 6
22 6 5
22 5 3
22 3 2
22 2 1
22 1 0
22 5 4
22 8 7
22 18 17
22 17 16
22 16 11
22 11 10
22 16 15
22 15 14
22 14 12
22 14 13
23 15 13
23 13 10
23 10 9
23 9 8
23 8 0
23 8 7
23 7 5
23 5 3
23 3 2
23 2 1
23 5 4
23 7 6
23 13 12
23 12 11
23 15 14
24 17 16
24 16 3
24 3 0
24 3 2
24 2 1
24 16 15
24 15 12
24 12 10
24 10 5
24 5 4
24 10 9
24 9 8
24 8 6
24 8 7
24 12 11
24 15 14
24 14 13
25 16 15
25 15 8
25 8 2
25 2 1
25 1 0
25 8 7
25 7 6
25 6 5
25 5 4
25 4 3
25 15 14
25 14 9
25 14 13
25 13 12
25 12 11
25 11 10
26 14 12
26 12 11
26 11 7
26 7 0
26 7 6
26 6 1
26 6 5
26 5 2
26 5 4
26 4 3
26 11 10
26 10 8
26 10 9
26 14 13
27 17 15
27 15 2
27 2 0
27 2 1
27 15 14
27 14 13
27 13 6
27 6 5
27 5 3
27 5 4
27 13 12
27 12 9
27 9 8
27 8 7
27 12 11
27 11 10
27 17 16
28 14 13
28 13 0
28 13 12
28 12 11
28 11 1
28 11 10
28 10 8
28 8 7
28 7 6
28 6 4
28 4 3
28 3 2
28 6 5
28 10 9
29 14 5
29 5 3
29 3 0
29 3 2
29 2 1
29 5 4
29 14 13
29 13 12
29 12 10
29 10 8
29 8 6
29 8 7
29 10 9
29 12 11
30 17 0
30 17 16
30 16 3
30 3 2
30 2 1
30 16 15
30 15 14
30 14 12
30 12 9
30 9 5
30 5 4
30 9 8
30 8 7
30 7 6
30 12 11
30 11 10
30 14 13
31 16 15
31 15 1
31 1 0
31 15 14
31 14 13
31 13 2
31 13 12
31 12 9
31 9 7
31 7 3
31 7 6
31 6 5
31 5 4
31 9 8
31 12 11
31 11 10
32 17 0
32 17 16
32 16 4
32 4 1
32 4 3
32 3 2
32 16 15
32 15 9
32 9 5
32 9 8
32 8 6
32 8 7
32 15 14
32 14 11
32 11 10
32 14 13
32 13 12
33 18 16
33 16 15
33 15 14
33 14 9
33 9 8
33 8 3
33 3 0
33 3 2
33 2 1
33 8 7
33 7 4
33 7 6
33 6 5
33 14 13
33 13 10
33 13 12
33 12 11
33 18 17
34 17 16
34 16 12
34 12 2
34 2 1
34 1 0
34 12 11
34 11 3
34 11 10
34 10 9
34 9 7
34 7 6
34 6 4
34 6 5
34 9 8
34 16 15
34 15 13
34 15 14
35 14 5
35 5 4
35 4 3
35 3 1
35 1 0
35 3 2
35 14 13
35 13 10
35 10 9
35 9 6
35 9 8
35 8 7
35 13 12
35 12 11
36 15 13
36 13 11
36 11 9
36 9 0
36 9 8
36 8 2
36 2 1
36 8 7
36 7 6
36 6 3
36 6 5
36 5 4
36 11 10
36 13 12
36 15 14
37 19 7
37 7 5
37 5 0
37 5 4
37 4 3
37 3 1
37 3 2
37 7 6
37 19 18
37 18 10
37 10 8
37 10 9
37 18 17
37 17 16
37 16 15
37 15 14
37 14 11
37 14 13
37 13 12
38 14 13
38 13 12
38 12 5
38 5 4
38 4 3
38 3 2
38 2 1
38 1 0
38 12 11
38 11 10
38 10 6
38 10 9
38 9 8
38 8 7
39 17 16
39 16 15
39 15 0
39 15 14
39 14 2
39 2 1
39 14 13
39 13 12
39 12 11
39 11 10
39 10 5
39 5 4
39 4 3
39 10 9
39 9 7
39 7 6
39 9 8
40 17 11
40 11 4
40 4 3
40 3 2
40 2 1
40 1 0
40 11 10
40 10 7
40 7 6
40 6 5
40 10 9
40 9 8
40 17 16
40 16 15
40 15 12
40 15 14
40 14 13
41 14 11
41 11 10
41 10 9
41 9 7
41 7 0
41 7 6
41 6 4
41 4 2
41 2 1
41 4 3
41 6 5
41 9 8
41 14 13
41 13 12
42 18 17
42 17 15
42 15 6
42 6 0
42 6 5
42 5 4
42 4 2
42 2 1
42 4 3
42 15 14
42 14 13
42 13 10
42 10 9
42 9 7
42 9 8
42 13 12
42 12 11
42 17 16
43 19 18
43 18 12
43 12 9
43 9 8
43 8 5
43 5 4
43 4 1
43 1 0
43 4 3
43 3 2
43 8 7
43 7 6
43 12 11
43 11 10
43 18 17
43 17 13
43 17 16
43 16 15
43 15 14
44 14 13
44 13 10
44 10 8
44 8 0
44 8 7
44 7 6
44 6 1
44 6 5
44 5 3
44 3 2
44 5 4
44 10 9
44 13 12
44 12 11
45 18 17
45 17 16
45 16 14
45 14 13
45 13 12
45 12 11
45 11 5
45 5 4
45 4 2
45 2 0
45 2 1
45 4 3
45 11 10
45 10 7
45 7 6
45 10 9
45 9 8
45 16 15
46 18 1
46 1 0
46 18 17
46 17 2
46 17 16
46 16 15
46 15 9
46 9 7
46 7 5
46 5 3
46 5 4
46 7 6
46 9 8
46 15 14
46 14 13
46 13 12
46 12 11
46 11 10
47 16 15
47 15 14
47 14 12
47 12 11
47 11 0
47 11 10
47 10 2
47 2 1
47 10 9
47 9 8
47 8 6
47 6 5
47 5 4
47 4 3
47 8 7
47 14 13
48 15 13
48 13 9
48 9 8
48 8 6
48 6 5
48 5 3
48 3 2
48 2 1
48 1 0
48 5 4
48 8 7
48 13 12
48 12 10
48 12 11
48 15 14
49 14 11
49 11 10
49 10 9
49 9 4
49 4 2
49 2 0
49 2 1
49 4 3
49 9 8
49 8 7
49 7 5
49 7 6
49 14 13
49 13 12
50 16 1
50 1 0
50 16 15
50 15 12
50 12 10
50 10 4
50 4 3
50 3 2
50 10 9
50 9 8
50 8 7
50 7 5
50 7 6
50 12 11
50 15 14
50 14 13
51 16 14
51 14 13
51 13 12
51 12 9
51 9 8
51 8 7
51 7 2
51 2 0
51 2 1
51 7 6
51 6 3
51 6 5
51 5 4
51 12 11
51 11 10
51 16 15
52 14 13
52 13 12
52 12 11
52 11 9
52 9 0
52 9 8
52 8 3
52 3 2
52 2 1
52 8 7
52 7 6
52 6 4
52 6 5
52 11 10
53 15 1
53 1 0
53 15 14
53 14 13
53 13 12
53 12 4
53 4 2
53 4 3
53 12 11
53 11 9
53 9 8
53 8 7
53 7 6
53 6 5
53 11 10
54 18 17
54 17 11
54 11 4
54 4 3
54 3 2
54 2 0
54 2 1
54 11 10
54 10 8
54 8 7
54 7 5
54 7 6
54 10 9
54 17 16
54 16 15
54 15 14
54 14 13
54 13 12
55 17 16
55 16 15
55 15 4
55 4 3
55 3 1
55 1 0
55 3 2
55 15 14
55 14 13
55 13 11
55 11 7
55 7 5
55 7 6
55 11 10
55 10 9
55 9 8
55 13 12
56 14 13
56 13 11
56 11 10
56 10 8
56 8 7
56 7 6
56 6 1
56 1 0
56 6 5
56 5 4
56 4 2
56 4 3
56 10 9
56 13 12
57 14 0
57 14 13
57 13 11
57 11 9
57 9 7
57 7 5
57 5 4
57 4 2
57 2 1
57 4 3
57 7 6
57 9 8
57 11 10
57 13 12
58 14 12
58 12 10
58 10 9
58 9 7
58 7 6
58 6 5
58 5 4
58 4 2
58 2 0
58 2 1
58 4 3
58 9 8
58 12 11
58 14 13
59 19 10
59 10 0
59 10 9
59 9 8
59 8 2
59 2 1
59 8 7
59 7 6
59 6 4
59 4 3
59 6 5
59 19 18
59 18 16
59 16 15
59 15 14
59 14 12
59 12 11
59 14 13
59 18 17
60 16 0
60 16 15
60 15 4
60 4 1
60 4 3
60 3 2
60 15 14
60 14 13
60 13 12
60 12 7
60 7 6
60 6 5
60 12 11
60 11 8
60 11 10
60 10 9
61 19 17
61 17 16
61 16 15
61 15 14
61 14 13
61 13 6
61 6 5
61 5 4
61 4 0
61 4 3
61 3 1
61 3 2
61 13 12
61 12 11
61 11 10
61 10 9
61 9 7
61 9 8
61 19 18
62 15 14
62 14 5
62 5 4
62 4 3
62 3 0
62 3 2
62 2 1
62 14 13
62 13 6
62 13 12
62 12 11
62 11 7
62 11 10
62 10 9
62 9 8
63 15 0
63 15 14
63 14 13
63 13 12
63 12 10
63 10 9
63 9 8
63 8 1
63 8 7
63 7 6
63 6 4
63 4 3
63 3 2
63 6 5
63 12 11
64 14 0
64 14 13
64 13 11
64 11 3
64 3 1
64 3 2
64 11 10
64 10 9
64 9 4
64 9 8
64 8 5
64 8 7
64 7 6
64 13 12
65 14 13
65 13 12
65 12 11
65 11 10
65 10 0
65 10 9
65 9 8
65 8 7
65 7 2
65 2 1
65 7 6
65 6 4
65 4 3
65 6 5
66 17 16
66 16 0
66 16 15
66 15 10
66 10 9
66 9 8
66 8 2
66 2 1
66 8 7
66 7 6
66 6 4
66 4 3
66 6 5
66 15 14
66 14 12
66 12 11
66 14 13
67 17 13
67 13 12
67 12 9
67 9 3
67 3 2
67 2 0
67 2 1
67 9 8
67 8 7
67 7 6
67 6 4
67 6 5
67 12 11
67 11 10
67 17 16
67 16 15
67 15 14
68 18 17
68 17 2
68 2 0
68 2 1
68 17 16
68 16 3
68 16 15
68 15 7
68 7 4
68 7 6
68 6 5
68 15 14
68 14 13
68 13 8
68 13 12
68 12 11
68 11 9
68 11 10
69 18 2
69 2 1
69 1 0
69 18 17
69 17 16
69 16 11
69 11 4
69 4 3
69 11 10
69 10 9
69 9 8
69 8 7
69 7 5
69 7 6
69 16 15
69 15 14
69 14 12
69 14 13
70 17 15
70 15 9
70 9 0
70 9 8
70 8 1
70 8 7
70 7 2
70 7 6
70 6 3
70 6 5
70 5 4
70 15 14
70 14 10
70 14 13
70 13 11
70 13 12
70 17 16
71 14 12
71 12 1
71 1 0
71 12 11
71 11 2
71 11 10
71 10 5
71 5 4
71 4 3
71 10 9
71 9 7
71 7 6
71 9 8
71 14 13
72 18 13
72 13 12
72 12 6
72 6 5
72 5 1
72 1 0
72 5 4
72 4 3
72 3 2
72 12 11
72 11 9
72 9 7
72 9 8
72 11 10
72 18 17
72 17 14
72 17 16
72 16 15
73 16 11
73 11 5
73 5 4
73 4 3
73 3 1
73 1 0
73 3 2
73 11 10
73 10 9
73 9 7
73 7 6
73 9 8
73 16 15
73 15 12
73 15 14
73 14 13
74 16 14
74 14 7
74 7 6
74 6 3
74 3 2
74 2 1
74 1 0
74 6 5
74 5 4
74 14 13
74 13 12
74 12 10
74 10 9
74 9 8
74 12 11
74 16 15
75 14 12
75 12 11
75 11 10
75 10 8
75 8 7
75 7 5
75 5 4
75 4 3
75 3 0
75 3 2
75 2 1
75 7 6
75 10 9
75 14 13
76 19 0
76 19 18
76 18 6
76 6 3
76 3 2
76 2 1
76 6 5
76 5 4
76 18 17
76 17 13
76 13 8
76 8 7
76 13 12
76 12 9
76 12 11
76 11 10
76 17 16
76 16 14
76 16 15
77 19 17
77 17 15
77 15 14
77 14 0
77 14 13
77 13 12
77 12 1
77 12 11
77 11 10
77 10 8
77 8 2
77 8 7
77 7 6
77 6 5
77 5 3
77 5 4
77 10 9
77 17 16
77 19 18
78 17 16
78 16 15
78 15 8
78 8 0
78 8 7
78 7 6
78 6 1
78 6 5
78 5 3
78 3 2
78 5 4
78 15 14
78 14 13
78 13 12
78 12 11
78 11 10
78 10 9
79 19 17
79 17 1
79 1 0
79 17 16
79 16 15
79 15 9
79 9 2
79 9 8
79 8 7
79 7 6
79 6 3
79 6 5
79 5 4
79 15 14
79 14 13
79 13 12
79 12 10
79 12 11
79 19 18
80 17 6
80 6 0
80 6 5
80 5 3
80 3 1
80 3 2
80 5 4
80 17 16
80 16 7
80 16 15
80 15 14
80 14 13
80 13 12
80 12 8
80 12 11
80 11 9
80 11 10
81 15 10
81 10 6
81 6 2
81 2 0
81 2 1
81 6 5
81 5 4
81 4 3
81 10 9
81 9 8
81 8 7
81 15 14
81 14 13
81 13 12
81 12 11
82 16 5
82 5 1
82 1 0
82 5 4
82 4 3
82 3 2
82 16 15
82 15 14
82 14 11
82 11 8
82 8 7
82 7 6
82 11 10
82 10 9
82 14 13
82 13 12
83 16 15
83 15 1
83 1 0
83 15 14
83 14 2
83 14 13
83 13 12
83 12 5
83 5 4
83 4 3
83 12 11
83 11 6
83 11 10
83 10 9
83 9 8
83 8 7
84 16 15
84 15 9
84 9 2
84 2 1
84 1 0
84 9 8
84 8 6
84 6 3
84 6 5
84 5 4
84 8 7
84 15 14
84 14 10
84 14 13
84 13 12
84 12 11
85 15 1
85 1 0
85 15 14
85 14 12
85 12 2
85 12 11
85 11 3
85 11 10
85 10 6
85 6 4
85 6 5
85 10 9
85 9 8
85 8 7
85 14 13
86 14 11
86 11 10
86 10 0
86 10 9
86 9 8
86 8 1
86 8 7
86 7 6
86 6 2
86 6 5
86 5 4
86 4 3
86 14 13
86 13 12
87 18 5
87 5 3
87 3 2
87 2 0
87 2 1
87 5 4
87 18 17
87 17 12
87 12 11
87 11 10
87 10 9
87 9 7
87 7 6
87 9 8
87 17 16
87 16 15
87 15 14
87 14 13
88 14 9
88 9 8
88 8 0
88 8 7
88 7 1
88 7 6
88 6 3
88 3 2
88 6 5
88 5 4
88 14 13
88 13 12
88 12 10
88 12 11
89 17 15
89 15 0
89 15 14
89 14 12
89 12 11
89 11 10
89 10 8
89 8 1
89 8 7
89 7 4
89 4 3
89 3 2
89 7 6
89 6 5
89 10 9
89 14 13
89 17 16
90 19 18
90 18 1
90 1 0
90 18 17
90 17 16
90 16 2
90 16 15
90 15 8
90 8 4
90 4 3
90 8 7
90 7 6
90 6 5
90 15 14
90 14 13
90 13 9
90 13 12
90 12 10
90 12 11
91 14 4
91 4 3
91 3 2
91 2 1
91 1 0
91 14 13
91 13 12
91 12 5
91 12 11
91 11 10
91 10 8
91 8 7
91 7 6
91 10 9
92 14 11
92 11 10
92 10 9
92 9 2
92 2 1
92 1 0
92 9 8
92 8 6
92 6 5
92 5 4
92 4 3
92 8 7
92 14 13
92 13 12
93 17 16
93 16 4
93 4 2
93 2 1
93 1 0
93 4 3
93 16 15
93 15 14
93 14 5
93 14 13
93 13 12
93 12 8
93 8 6
93 8 7
93 12 11
93 11 9
93 11 10
94 14 1
94 1 0
94 14 13
94 13 3
94 3 2
94 13 12
94 12 10
94 10 9
94 9 8
94 8 7
94 7 4
94 7 6
94 6 5
94 12 11
95 17 16
95 16 1
95 1 0
95 16 15
95 15 8
95 8 5
95 5 4
95 4 2
95 4 3
95 8 7
95 7 6
95 15 14
95 14 13
95 13 11
95 11 10
95 10 9
95 13 12
96 16 1
96 1 0
96 16 15
96 15 13
96 13 11
96 11 5
96 5 4
96 4 2
96 4 3
96 11 10
96 10 6
96 10 9
96 9 8
96 8 7
96 13 12
96 15 14
97 15 13
97 13 2
97 2 1
97 1 0
97 13 12
97 12 11
97 11 9
97 9 3
97 9 8
97 8 7
97 7 5
97 5 4
97 7 6
97 11 10
97 15 14
98 18 17
98 17 13
98 13 11
98 11 10
98 10 0
98 10 9
98 9 2
98 2 1
98 9 8
98 8 6
98 6 4
98 4 3
98 6 5
98 8 7
98 13 12
98 17 16
98 16 15
98 15 14
99 16 1
99 1 0
99 16 15
99 15 14
99 14 13
99 13 12
99 12 11
99 11 8
99 8 7
99 7 5
99 5 4
99 4 2
99 4 3
99 7 6
99 11 10
99 10 9
100 19 12
100 12 11
100 11 8
100 8 6
100 6 5
100 5 1
100 1 0
100 5 4
100 4 2
100 4 3
100 8 7
100 11 10
100 10 9
100 19 18
100 18 15
100 15 14
100 14 13
100 18 17
100 17 16
101 18 17
101 17 14
101 14 13
101 13 1
101 1 0
101 13 12
101 12 2
101 12 11
101 11 8
101 8 7
101 7 4
101 4 3
101 7 6
101 6 5
101 11 10
101 10 9
101 17 16
101 16 15
