1 18 17
1 17 4
1 4 0
1 4 3
1 3 2
1 2 1
1 17 16
1 16 15
1 15 11
1 11 10
1 10 9
1 9 8
1 8 6
1 6 5
1 8 7
1 15 14
1 14 13
1 13 12
2 16 15
2 15 14
2 14 8
2 8 7
2 7 3
2 3 2
2 2 1
2 1 0
2 7 6
2 6 4
2 6 5
2 14 13
2 13 11
2 11 9
2 11 10
2 13 12
3 19 18
3 18 11
3 11 8
3 8 0
3 8 7
3 7 6
3 6 2
3 2 1
3 6 5
3 5 4
3 4 3
3 11 10
3 10 9
3 18 17
3 17 12
3 17 16
3 16 13
3 16 15
3 15 14
4 15 2
4 2 0
4 2 1
4 15 14
4 14 6
4 6 4
4 4 3
4 6 5
4 14 13
4 13 8
4 8 7
4 13 12
4 12 11
4 11 9
4 11 10
5 19 18
5 18 1
5 1 0
5 18 17
5 17 16
5 16 14
5 14 2
5 14 13
5 13 3
5 13 12
5 12 11
5 11 10
5 10 9
5 9 8
5 8 6
5 6 5
5 5 4
5 8 7
5 16 15
6 18 16
6 16 15
6 15 10
6 10 7
6 7 3
6 3 1
6 1 0
6 3 2
6 7 6
6 6 4
6 6 5
6 10 9
6 9 8
6 15 14
6 14 11
6 14 13
6 13 12
6 18 17
7 16 14
7 14 12
7 12 0
7 12 11
7 11 10
7 10 9
7 9 8
7 8 6
7 6 5
7 5 4
7 4 1
7 4 3
7 3 2
7 8 7
7 14 13
7 16 15
8 15 13
8 13 0
8 13 12
8 12 1
8 12 11
8 11 9
8 9 3
8 3 2
8 9 8
8 8 4
8 8 7
8 7 5
8 7 6
8 11 10
8 15 14
9 19 18
9 18 17
9 17 12
9 12 11
9 11 2
9 2 1
9 1 0
9 11 10
9 10 9
9 9 3
9 9 8
9 8 7
9 7 6
9 6 4
9 6 5
9 17 16
9 16 15
9 15 13
9 15 14
10 17 16
10 16 9
10 9 1
10 1 0
10 9 8
10 8 7
10 7 4
10 4 3
10 3 2
10 7 6
10 6 5
10 16 15
10 15 10
10 15 14
10 14 13
10 13 12
10 12 11
11 15 14
11 14 12
11 12 0
11 12 11
11 11 9
11 9 7
11 7 5
11 5 2
11 2 1
11 5 4
11 4 3
11 7 6
11 9 8
11 11 10
11 14 13
12 15 14
12 14 10
12 10 0
12 10 9
12 9 7
12 7 1
12 7 6
12 6 4
12 4 3
12 3 2
12 6 5
12 9 8
12 14 13
12 13 12
12 12 11
13 14 13
13 13 0
13 13 12
13 12 10
13 10 9
13 9 4
13 4 3
13 3 1
13 3 2
13 9 8
13 8 5
13 8 7
13 7 6
13 12 11
14 18 12
14 12 11
14 11 0
14 11 10
14 10 1
14 10 9
14 9 3
14 3 2
14 9 8
14 8 7
14 7 5
14 5 4
14 7 6
14 18 17
14 17 16
14 16 15
14 15 13
14 15 14
15 18 16
15 16 13
15 13 11
15 11 5
15 5 4
15 4 3
15 3 2
15 2 1
15 1 0
15 11 10
15 10 9
15 9 6
15 9 8
15 8 7
15 13 12
15 16 15
15 15 14
15 18 17
16 15 13
16 13 10
16 10 8
16 8 7
16 7 0
16 7 6
16 6 5
16 5 3
16 3 2
16 2 1
16 5 4
16 10 9
16 13 12
16 12 11
16 15 14
17 15 14
17 14 0
17 14 13
17 13 4
17 4 2
17 2 1
17 4 3
17 13 12
17 12 7
17 7 5
17 7 6
17 12 11
17 11 10
17 10 9
17 9 8
18 14 0
18 14 13
18 13 12
18 12 11
18 11 10
18 10 9
18 9 7
18 7 5
18 5 3
18 3 1
18 3 2
18 5 4
18 7 6
18 9 8
19 17 15
19 15 7
19 7 5
19 5 1
19 1 0
19 5 4
19 4 3
19 3 2
19 7 6
19 15 14
19 14 9
19 9 8
19 14 13
19 13 10
19 13 12
19 12 11
19 17 16
20 16 3
20 3 2
20 2 0
20 2 1
20 16 15
20 15 7
20 7 6
20 6 5
20 5 4
20 15 14
20 14 13
20 13 12
20 12 11
20 11 10
20 10 8
20 10 9
21 17 0
21 17 16
21 16 14
21 14 11
21 11 10
21 10 1
21 10 9
21 9 8
21 8 2
21 8 7
21 7 4
21 4 3
21 7 6
21 6 5
21 14 13
21 13 12
21 16 15
22 19 18
22 18 16
22 16 12
22 12 11
22 11 0
22 11 10
22 10 4
22 4 2
22 2 1
22 4 3
22 10 9
22 9 7
22 7 6
22 6 5
22 9 8
22 16 15
22 15 13
22 15 14
22 18 17
23 14 1
23 1 0
23 14 13
23 13 11
23 11 10
23 10 8
23 8 5
23 5 3
23 3 2
23 5 4
23 8 7
23 7 6
23 10 9
23 13 12
24 14 13
24 13 12
24 12 9
24 9 0
24 9 8
24 8 4
24 4 3
24 3 1
24 3 2
24 8 7
24 7 6
24 6 5
24 12 11
24 11 10
25 14 12
25 12 0
25 12 11
25 11 10
25 10 9
25 9 8
25 8 1
25 8 7
25 7 6
25 6 2
25 6 5
25 5 3
25 5 4
25 14 13
26 17 16
26 16 13
26 13 9
26 9 8
26 8 5
26 5 0
26 5 4
26 4 2
26 2 1
26 4 3
26 8 7
26 7 6
26 13 12
26 12 11
26 11 10
26 16 15
26 15 14
27 14 4
27 4 0
27 4 3
27 3 2
27 2 1
27 14 13
27 13 11
27 11 10
27 10 9
27 9 5
27 9 8
27 8 6
27 8 7
27 13 12
28 14 9
28 9 4
28 4 0
28 4 3
28 3 1
28 3 2
28 9 8
28 8 7
28 7 6
28 6 5
28 14 13
28 13 11
28 11 10
28 13 12
29 15 3
29 3 2
29 2 1
29 1 0
29 15 14
29 14 13
29 13 4
29 13 12
29 12 5
29 12 11
29 11 6
29 11 10
29 10 8
29 8 7
29 10 9
30 17 12
30 12 2
30 2 0
30 2 1
30 12 11
30 11 6
30 6 5
30 5 3
30 5 4
30 11 10
30 10 9
30 9 7
30 9 8
30 17 16
30 16 15
30 15 13
30 15 14
31 14 0
31 14 13
31 13 7
31 7 6
31 6 1
31 6 5
31 5 3
31 3 2
31 5 4
31 13 12
31 12 11
31 11 10
31 10 9
31 9 8
32 14 13
32 13 3
32 3 2
32 2 0
32 2 1
32 13 12
32 12 11
32 11 6
32 6 5
32 5 4
32 11 10
32 10 9
32 9 7
32 9 8
33 15 13
33 13 5
33 5 4
33 4 1
33 1 0
33 4 3
33 3 2
33 13 12
33 12 10
33 10 6
33 10 9
33 9 7
33 9 8
33 12 11
33 15 14
34 14 12
34 12 11
34 11 1
34 1 0
34 11 10
34 10 6
34 6 5
34 5 2
34 5 4
34 4 3
34 10 9
34 9 7
34 9 8
34 14 13
35 14 3
35 3 2
35 2 0
35 2 1
35 14 13
35 13 12
35 12 4
35 12 11
35 11 9
35 9 7
35 7 5
35 7 6
35 9 8
35 11 10
36 15 12
36 12 2
36 2 0
36 2 1
36 12 11
36 11 3
36 11 10
36 10 8
36 8 6
36 6 5
36 5 4
36 8 7
36 10 9
36 15 14
36 14 13
37 15 9
37 9 1
37 1 0
37 9 8
37 8 6
37 6 2
37 6 5
37 5 3
37 5 4
37 8 7
37 15 14
37 14 13
37 13 12
37 12 11
37 11 10
38 19 3
38 3 0
38 3 2
38 2 1
38 19 18
38 18 17
38 17 16
38 16 12
38 12 5
38 5 4
38 12 11
38 11 7
38 7 6
38 11 10
38 10 9
38 9 8
38 16 15
38 15 13
38 15 14
39 18 16
39 16 11
39 11 10
39 10 9
39 9 1
39 1 0
39 9 8
39 8 7
39 7 6
39 6 5
39 5 2
39 5 4
39 4 3
39 16 15
39 15 13
39 13 12
39 15 14
39 18 17
40 16 15
40 15 13
40 13 12
40 12 5
40 5 1
40 1 0
40 5 4
40 4 2
40 4 3
40 12 11
40 11 10
40 10 6
40 10 9
40 9 8
40 8 7
40 15 14
41 15 14
41 14 13
41 13 12
41 12 10
41 10 9
41 9 8
41 8 1
41 1 0
41 8 7
41 7 5
41 5 4
41 4 3
41 3 2
41 7 6
41 12 11
42 15 14
42 14 13
42 13 8
42 8 0
42 8 7
42 7 1
42 7 6
42 6 2
42 6 5
42 5 4
42 4 3
42 13 12
42 12 9
42 12 11
42 11 10
43 16 13
43 13 11
43 11 10
43 10 9
43 9 4
43 4 1
43 1 0
43 4 3
43 3 2
43 9 8
43 8 7
43 7 6
43 6 5
43 13 12
43 16 15
43 15 14
44 15 3
44 3 1
44 1 0
44 3 2
44 15 14
44 14 13
44 13 4
44 13 12
44 12 9
44 9 8
44 8 6
44 6 5
44 8 7
44 12 11
44 11 10
45 17 0
45 17 16
45 16 14
45 14 13
45 13 9
45 9 5
45 5 1
45 5 4
45 4 3
45 3 2
45 9 8
45 8 7
45 7 6
45 13 12
45 12 11
45 11 10
45 16 15
46 18 4
46 4 2
46 2 1
46 1 0
46 4 3
46 18 17
46 17 13
46 13 12
46 12 11
46 11 10
46 10 9
46 9 5
46 9 8
46 8 6
46 8 7
46 17 16
46 16 15
46 15 14
47 18 17
47 17 1
47 1 0
47 17 16
47 16 14
47 14 11
47 11 4
47 4 3
47 3 2
47 11 10
47 10 8
47 8 7
47 7 5
47 7 6
47 10 9
47 14 13
47 13 12
47 16 15
48 14 1
48 1 0
48 14 13
48 13 2
48 13 12
48 12 11
48 11 9
48 9 8
48 8 3
48 8 7
48 7 5
48 5 4
48 7 6
48 11 10
49 18 17
49 17 16
49 16 8
49 8 7
49 7 6
49 6 5
49 5 4
49 4 2
49 2 0
49 2 1
49 4 3
49 16 15
49 15 9
49 15 14
49 14 13
49 13 11
49 11 10
49 13 12
50 17 16
50 16 15
50 15 14
50 14 13
50 13 10
50 10 4
50 4 3
50 3 1
50 1 0
50 3 2
50 10 9
50 9 6
50 6 5
50 9 8
50 8 7
50 13 12
50 12 11
51 18 1
51 1 0
51 18 17
51 17 2
51 17 16
51 16 6
51 6 5
51 5 4
51 4 3
51 16 15
51 15 7
51 15 14
51 14 8
51 14 13
51 13 12
51 12 11
51 11 9
51 11 10
52 14 13
52 13 0
52 13 12
52 12 1
52 12 11
52 11 10
52 10 2
52 10 9
52 9 8
52 8 3
52 8 7
52 7 5
52 5 4
52 7 6
53 15 0
53 15 14
53 14 8
53 8 6
53 6 5
53 5 4
53 4 3
53 3 2
53 2 1
53 8 7
53 14 13
53 13 11
53 11 10
53 10 9
53 13 12
54 16 15
54 15 1
54 1 0
54 15 14
54 14 13
54 13 12
54 12 10
54 10 8
54 8 2
54 8 7
54 7 3
54 7 6
54 6 4
54 6 5
54 10 9
54 12 11
55 17 16
55 16 3
55 3 1
55 1 0
55 3 2
55 16 15
55 15 4
55 15 14
55 14 12
55 12 5
55 12 11
55 11 10
55 10 9
55 9 6
55 9 8
55 8 7
55 14 13
56 18 11
56 11 6
56 6 0
56 6 5
56 5 2
56 2 1
56 5 4
56 4 3
56 11 10
56 10 8
56 8 7
56 10 9
56 18 17
56 17 16
56 16 12
56 16 15
56 15 14
56 14 13
57 17 12
57 12 9
57 9 3
57 3 2
57 2 1
57 1 0
57 9 8
57 8 6
57 6 5
57 5 4
57 8 7
57 12 11
57 11 10
57 17 16
57 16 13
57 16 15
57 15 14
58 17 0
58 17 16
58 16 14
58 14 13
58 13 12
58 12 11
58 11 10
58 10 5
58 5 2
58 2 1
58 5 4
58 4 3
58 10 9
58 9 8
58 8 6
58 8 7
58 16 15
59 17 16
59 16 6
59 6 2
59 2 0
59 2 1
59 6 5
59 5 3
59 5 4
59 16 15
59 15 10
59 10 8
59 8 7
59 10 9
59 15 14
59 14 13
59 13 12
59 12 11
60 15 6
60 6 5
60 5 4
60 4 2
60 2 1
60 1 0
60 4 3
60 15 14
60 14 11
60 11 7
60 11 10
60 10 8
60 10 9
60 14 13
60 13 12
61 18 0
61 18 17
61 17 16
61 16 14
61 14 13
61 13 12
61 12 11
61 11 9
61 9 8
61 8 6
61 6 2
61 2 1
61 6 5
61 5 3
61 5 4
61 8 7
61 11 10
61 16 15
62 18 17
62 17 14
62 14 3
62 3 1
62 1 0
62 3 2
62 14 13
62 13 12
62 12 10
62 10 5
62 5 4
62 10 9
62 9 7
62 7 6
62 9 8
62 12 11
62 17 16
62 16 15
63 15 14
63 14 6
63 6 5
63 5 4
63 4 3
63 3 2
63 2 1
63 1 0
63 14 13
63 13 12
63 12 10
63 10 9
63 9 7
63 9 8
63 12 11
64 18 17
64 17 14
64 14 13
64 13 11
64 11 10
64 10 0
64 10 9
64 9 8
64 8 4
64 4 3
64 3 2
64 2 1
64 8 7
64 7 5
64 7 6
64 13 12
64 17 16
64 16 15
65 14 13
65 13 12
65 12 1
65 1 0
65 12 11
65 11 7
65 7 6
65 6 2
65 6 5
65 5 3
65 5 4
65 11 10
65 10 8
65 10 9
66 19 17
66 17 14
66 14 7
66 7 6
66 6 3
66 3 1
66 1 0
66 3 2
66 6 5
66 5 4
66 14 13
66 13 12
66 12 11
66 11 9
66 9 8
66 11 10
66 17 16
66 16 15
66 19 18
67 15 0
67 15 14
67 14 13
67 13 1
67 13 12
67 12 11
67 11 10
67 10 8
67 8 7
67 7 6
67 6 5
67 5 3
67 3 2
67 5 4
67 10 9
68 16 15
68 15 0
68 15 14
68 14 13
68 13 3
68 3 1
68 3 2
68 13 12
68 12 10
68 10 8
68 8 6
68 6 5
68 5 4
68 8 7
68 10 9
68 12 11
69 14 0
69 14 13
69 13 1
69 13 12
69 12 11
69 11 10
69 10 9
69 9 8
69 8 7
69 7 2
69 7 6
69 6 5
69 5 4
69 4 3
70 17 2
70 2 0
70 2 1
70 17 16
70 16 13
70 13 10
70 10 3
70 10 9
70 9 8
70 8 5
70 5 4
70 8 7
70 7 6
70 13 12
70 12 11
70 16 15
70 15 14
71 16 14
71 14 13
71 13 4
71 4 2
71 2 1
71 1 0
71 4 3
71 13 12
71 12 11
71 11 7
71 7 6
71 6 5
71 11 10
71 10 9
71 9 8
71 16 15
72 14 13
72 13 1
72 1 0
72 13 12
72 12 10
72 10 8
72 8 7
72 7 5
72 5 2
72 5 4
72 4 3
72 7 6
72 10 9
72 12 11
73 19 7
73 7 4
73 4 3
73 3 0
73 3 2
73 2 1
73 7 6
73 6 5
73 19 18
73 18 16
73 16 14
73 14 9
73 9 8
73 14 13
73 13 10
73 13 12
73 12 11
73 16 15
73 18 17
74 18 6
74 6 4
74 4 2
74 2 1
74 1 0
74 4 3
74 6 5
74 18 17
74 17 7
74 17 16
74 16 15
74 15 10
74 10 9
74 9 8
74 15 14
74 14 13
74 13 12
74 12 11
75 15 14
75 14 12
75 12 11
75 11 10
75 10 9
75 9 7
75 7 6
75 6 5
75 5 4
75 4 3
75 3 2
75 2 0
75 2 1
75 9 8
75 14 13
76 16 3
76 3 1
76 1 0
76 3 2
76 16 15
76 15 14
76 14 8
76 8 4
76 8 7
76 7 5
76 7 6
76 14 13
76 13 11
76 11 10
76 10 9
76 13 12
77 16 15
77 15 14
77 14 13
77 13 11
77 11 6
77 6 1
77 1 0
77 6 5
77 5 4
77 4 3
77 3 2
77 11 10
77 10 8
77 8 7
77 10 9
77 13 12
78 17 0
78 17 16
78 16 14
78 14 12
78 12 11
78 11 4
78 4 1
78 4 3
78 3 2
78 11 10
78 10 6
78 6 5
78 10 9
78 9 8
78 8 7
78 14 13
78 16 15
79 16 1
79 1 0
79 16 15
79 15 6
79 6 5
79 5 4
79 4 2
79 4 3
79 15 14
79 14 13
79 13 12
79 12 7
79 12 11
79 11 8
79 11 10
79 10 9
80 16 9
80 9 3
80 3 2
80 2 1
80 1 0
80 9 8
80 8 4
80 8 7
80 7 6
80 6 5
80 16 15
80 15 14
80 14 13
80 13 12
80 12 11
80 11 10
81 17 16
81 16 2
81 2 0
81 2 1
81 16 15
81 15 3
81 15 14
81 14 13
81 13 12
81 12 6
81 6 4
81 6 5
81 12 11
81 11 9
81 9 8
81 8 7
81 11 10
82 16 3
82 3 0
82 3 2
82 2 1
82 16 15
82 15 14
82 14 9
82 9 7
82 7 4
82 7 6
82 6 5
82 9 8
82 14 13
82 13 12
82 12 11
82 11 10
83 16 14
83 14 12
83 12 10
83 10 0
83 10 9
83 9 2
83 2 1
83 9 8
83 8 7
83 7 5
83 5 3
83 5 4
83 7 6
83 12 11
83 14 13
83 16 15
84 17 16
84 16 14
84 14 3
84 3 0
84 3 2
84 2 1
84 14 13
84 13 4
84 13 12
84 12 10
84 10 9
84 9 8
84 8 6
84 6 5
84 8 7
84 12 11
84 16 15
85 14 12
85 12 5
85 5 3
85 3 2
85 2 0
85 2 1
85 5 4
85 12 11
85 11 9
85 9 8
85 8 7
85 7 6
85 11 10
85 14 13
86 18 15
86 15 14
86 14 13
86 13 12
86 12 10
86 10 9
86 9 7
86 7 6
86 6 0
86 6 5
86 5 2
86 2 1
86 5 4
86 4 3
86 9 8
86 12 11
86 18 17
86 17 16
87 14 0
87 14 13
87 13 5
87 5 4
87 4 3
87 3 1
87 3 2
87 13 12
87 12 7
87 7 6
87 12 11
87 11 8
87 11 10
87 10 9
88 14 4
88 4 2
88 2 1
88 1 0
88 4 3
88 14 13
88 13 12
88 12 9
88 9 8
88 8 6
88 6 5
88 8 7
88 12 11
88 11 10
89 14 13
89 13 1
89 1 0
89 13 12
89 12 11
89 11 9
89 9 2
89 9 8
89 8 7
89 7 5
89 5 4
89 4 3
89 7 6
89 11 10
90 14 13
90 13 12
90 12 11
90 11 0
90 11 10
90 10 8
90 8 1
90 8 7
90 7 2
90 7 6
90 6 5
90 5 4
90 4 3
90 10 9
91 16 10
91 10 0
91 10 9
91 9 3
91 3 2
91 2 1
91 9 8
91 8 6
91 6 4
91 6 5
91 8 7
91 16 15
91 15 14
91 14 13
91 13 11
91 13 12
92 15 14
92 14 0
92 14 13
92 13 1
92 13 12
92 12 2
92 12 11
92 11 10
92 10 9
92 9 3
92 9 8
92 8 4
92 8 7
92 7 6
92 6 5
93 17 2
93 2 1
93 1 0
93 17 16
93 16 3
93 16 15
93 15 5
93 5 4
93 15 14
93 14 6
93 14 13
93 13 11
93 11 9
93 9 7
93 9 8
93 11 10
93 13 12
94 17 16
94 16 15
94 15 13
94 13 12
94 12 11
94 11 9
94 9 8
94 8 7
94 7 0
94 7 6
94 6 4
94 4 3
94 3 2
94 2 1
94 6 5
94 11 10
94 15 14
95 19 16
95 16 1
95 1 0
95 16 15
95 15 12
95 12 6
95 6 2
95 6 5
95 5 4
95 4 3
95 12 11
95 11 10
95 10 9
95 9 7
95 9 8
95 15 14
95 14 13
95 19 18
95 18 17
96 14 2
96 2 0
96 2 1
96 14 13
96 13 11
96 11 10
96 10 9
96 9 7
96 7 6
96 6 3
96 6 5
96 5 4
96 9 8
96 13 12
97 16 0
97 16 15
97 15 13
97 13 12
97 12 1
97 12 11
97 11 8
97 8 6
97 6 2
97 6 5
97 5 4
97 4 3
97 8 7
97 11 10
97 10 9
97 15 14
98 19 18
98 18 12
98 12 1
98 1 0
98 12 11
98 11 10
98 10 2
98 10 9
98 9 3
98 9 8
98 8 6
98 6 4
98 6 5
98 8 7
98 18 17
98 17 14
98 14 13
98 17 16
98 16 15
99 16 14
99 14 0
99 14 13
99 13 11
99 11 10
99 10 9
99 9 8
99 8 1
99 8 7
99 7 4
99 4 2
99 4 3
99 7 6
99 6 5
99 13 12
99 16 15
100 17 15
100 15 1
100 1 0
100 15 14
100 14 3
100 3 2
100 14 13
100 13 9
100 9 4
100 9 8
100 8 7
100 7 6
100 6 5
100 13 12
100 12 10
100 12 11
100 17 16
101 14 13
101 13 11
101 11 9
101 9 0
101 9 8
101 8 3
101 3 2
101 2 1
101 8 7
101 7 5
101 5 4
101 7 6
101 11 10
101 13 12
