1 14 13
1 13 8
1 8 7
1 7 1
1 1 0
1 7 6
1 6 5
1 5 4
1 4 2
1 4 3
1 13 12
1 12 11
1 11 10
1 10 9
2 18 16
2 16 8
2 8 7
2 7 6
2 6 0
2 6 5
2 5 4
2 4 1
2 4 3
2 3 2
2 16 15
2 15 12
2 12 11
2 11 9
2 11 10
2 15 14
2 14 13
2 18 17
3 17 16
3 16 15
3 15 12
3 12 11
3 11 10
3 10 9
3 9 8
3 8 7
3 7 6
3 6 4
3 4 3
3 3 0
3 3 2
3 2 1
3 6 5
3 15 14
3 14 13
4 18 16
4 16 15
4 15 9
4 9 7
4 7 3
4 3 2
4 2 0
4 2 1
4 7 6
4 6 5
4 5 4
4 9 8
4 15 14
4 14 12
4 12 11
4 11 10
4 14 13
4 18 17
5 14 0
5 14 13
5 13 12
5 12 10
5 10 9
5 9 8
5 8 7
5 7 1
5 7 6
5 6 4
5 4 3
5 3 2
5 6 5
5 12 11
6 19 15
6 15 14
6 14 5
6 5 4
6 4 3
6 3 2
6 2 0
6 2 1
6 14 13
6 13 9
6 9 6
6 9 8
6 8 7
6 13 12
6 12 10
6 12 11
6 19 18
6 18 17
6 17 16
7 16 15
7 15 14
7 14 12
7 12 10
7 10 1
7 1 0
7 10 9
7 9 5
7 5 2
7 5 4
7 4 3
7 9 8
7 8 6
7 8 7
7 12 11
7 14 13
8 14 13
8 13 11
8 11 10
8 10 7
8 7 5
8 5 4
8 4 0
8 4 3
8 3 2
8 2 1
8 7 6
8 10 9
8 9 8
8 13 12
9 14 2
9 2 0
9 2 1
9 14 13
9 13 11
9 11 10
9 10 9
9 9 8
9 8 6
9 6 5
9 5 4
9 4 3
9 8 7
9 13 12
10 19 8
10 8 0
10 8 7
10 7 3
10 3 2
10 2 1
10 7 6
10 6 4
10 6 5
10 19 18
10 18 11
10 11 10
10 10 9
10 18 17
10 17 16
10 16 14
10 14 12
10 14 13
10 16 15
11 14 9
11 9 2
11 2 0
11 2 1
11 9 8
11 8 6
11 6 5
11 5 3
11 5 4
11 8 7
11 14 13
11 13 12
11 12 10
11 12 11
12 18 15
12 15 0
12 15 14
12 14 12
12 12 11
12 11 10
12 10 9
12 9 3
12 3 1
12 3 2
12 9 8
12 8 4
12 8 7
12 7 5
12 7 6
12 14 13
12 18 17
12 17 16
13 17 1
13 1 0
13 17 16
13 16 15
13 15 2
13 15 14
13 14 11
13 11 10
13 10 7
13 7 3
13 7 6
13 6 5
13 5 4
13 10 9
13 9 8
13 14 13
13 13 12
14 16 8
14 8 0
14 8 7
14 7 2
14 2 1
14 7 6
14 6 4
14 4 3
14 6 5
14 16 15
14 15 14
14 14 9
14 14 13
14 13 12
14 12 11
14 11 10
15 14 0
15 14 13
15 13 12
15 12 1
15 12 11
15 11 9
15 9 8
15 8 5
15 5 4
15 4 3
15 3 2
15 8 7
15 7 6
15 11 10
16 17 16
16 16 15
16 15 14
16 14 12
16 12 11
16 11 6
16 6 4
16 4 0
16 4 3
16 3 2
16 2 1
16 6 5
16 11 10
16 10 9
16 9 8
16 8 7
16 14 13
17 18 17
17 17 0
17 17 16
17 16 15
17 15 14
17 14 13
17 13 1
17 13 12
17 12 11
17 11 9
17 9 8
17 8 7
17 7 5
17 5 3
17 3 2
17 5 4
17 7 6
17 11 10
18 15 3
18 3 2
18 2 0
18 2 1
18 15 14
18 14 12
18 12 7
18 7 4
18 7 6
18 6 5
18 12 11
18 11 10
18 10 9
18 9 8
18 14 13
19 15 3
19 3 2
19 2 1
19 1 0
19 15 14
19 14 13
19 13 12
19 12 10
19 10 4
19 10 9
19 9 8
19 8 5
19 8 7
19 7 6
19 12 11
20 19 10
20 10 4
20 4 3
20 3 2
20 2 0
20 2 1
20 10 9
20 9 8
20 8 5
20 8 7
20 7 6
20 19 18
20 18 17
20 17 14
20 14 11
20 14 13
20 13 12
20 17 16
20 16 15
21 17 16
21 16 0
21 16 15
21 15 14
21 14 8
21 8 4
21 4 2
21 2 1
21 4 3
21 8 7
21 7 5
21 7 6
21 14 13
21 13 10
21 10 9
21 13 12
21 12 11
22 17 0
22 17 16
22 16 13
22 13 6
22 6 1
22 6 5
22 5 4
22 4 3
22 3 2
22 13 12
22 12 11
22 11 10
22 10 9
22 9 7
22 9 8
22 16 15
22 15 14
23 19 14
23 14 11
23 11 10
23 10 3
23 3 0
23 3 2
23 2 1
23 10 9
23 9 8
23 8 4
23 8 7
23 7 5
23 7 6
23 14 13
23 13 12
23 19 18
23 18 15
23 18 17
23 17 16
24 19 18
24 18 15
24 15 14
24 14 7
24 7 5
24 5 3
24 3 0
24 3 2
24 2 1
24 5 4
24 7 6
24 14 13
24 13 10
24 10 9
24 9 8
24 13 12
24 12 11
24 18 17
24 17 16
25 14 0
25 14 13
25 13 4
25 4 3
25 3 1
25 3 2
25 13 12
25 12 11
25 11 5
25 11 10
25 10 7
25 7 6
25 10 9
25 9 8
26 19 18
26 18 0
26 18 17
26 17 16
26 16 15
26 15 14
26 14 13
26 13 1
26 13 12
26 12 7
26 7 5
26 5 3
26 3 2
26 5 4
26 7 6
26 12 11
26 11 10
26 10 8
26 10 9
27 15 6
27 6 0
27 6 5
27 5 2
27 2 1
27 5 4
27 4 3
27 15 14
27 14 13
27 13 12
27 12 7
27 12 11
27 11 10
27 10 8
27 10 9
28 14 7
28 7 1
28 1 0
28 7 6
28 6 2
28 6 5
28 5 3
28 5 4
28 14 13
28 13 12
28 12 10
28 10 9
28 9 8
28 12 11
29 19 16
29 16 5
29 5 2
29 2 1
29 1 0
29 5 4
29 4 3
29 16 15
29 15 12
29 12 8
29 8 7
29 7 6
29 12 11
29 11 9
29 11 10
29 15 14
29 14 13
29 19 18
29 18 17
30 17 16
30 16 14
30 14 13
30 13 12
30 12 0
30 12 11
30 11 6
30 6 3
30 3 2
30 2 1
30 6 5
30 5 4
30 11 10
30 10 7
30 10 9
30 9 8
30 16 15
31 14 13
31 13 12
31 12 11
31 11 5
31 5 2
31 2 1
31 1 0
31 5 4
31 4 3
31 11 10
31 10 7
31 7 6
31 10 9
31 9 8
32 18 17
32 17 16
32 16 13
32 13 12
32 12 11
32 11 10
32 10 9
32 9 8
32 8 7
32 7 5
32 5 4
32 4 3
32 3 2
32 2 1
32 1 0
32 7 6
32 16 15
32 15 14
33 15 14
33 14 0
33 14 13
33 13 11
33 11 1
33 11 10
33 10 3
33 3 2
33 10 9
33 9 6
33 6 5
33 5 4
33 9 8
33 8 7
33 13 12
34 17 16
34 16 0
34 16 15
34 15 14
34 14 13
34 13 10
34 10 6
34 6 5
34 5 4
34 4 2
34 2 1
34 4 3
34 10 9
34 9 8
34 8 7
34 13 12
34 12 11
35 17 1
35 1 0
35 17 16
35 16 2
35 16 15
35 15 14
35 14 12
35 12 11
35 11 10
35 10 7
35 7 3
35 7 6
35 6 4
35 6 5
35 10 9
35 9 8
35 14 13
36 14 7
36 7 1
36 1 0
36 7 6
36 6 3
36 3 2
36 6 5
36 5 4
36 14 13
36 13 12
36 12 11
36 11 10
36 10 9
36 9 8
37 15 13
37 13 10
37 10 2
37 2 0
37 2 1
37 10 9
37 9 3
37 9 8
37 8 6
37 6 5
37 5 4
37 8 7
37 13 12
37 12 11
37 15 14
38 14 1
38 1 0
38 14 13
38 13 12
38 12 11
38 11 10
38 10 4
38 4 3
38 3 2
38 10 9
38 9 5
38 9 8
38 8 6
38 8 7
39 18 16
39 16 0
39 16 15
39 15 14
39 14 12
39 12 5
39 5 3
39 3 1
39 3 2
39 5 4
39 12 11
39 11 10
39 10 9
39 9 8
39 8 7
39 7 6
39 14 13
39 18 17
40 16 8
40 8 2
40 2 1
40 1 0
40 8 7
40 7 4
40 4 3
40 7 6
40 6 5
40 16 15
40 15 13
40 13 9
40 13 12
40 12 10
40 12 11
40 15 14
41 15 6
41 6 5
41 5 1
41 1 0
41 5 4
41 4 3
41 3 2
41 15 14
41 14 10
41 10 9
41 9 8
41 8 7
41 14 13
41 13 12
41 12 11
42 19 17
42 17 3
42 3 2
42 2 1
42 1 0
42 17 16
42 16 15
42 15 4
42 15 14
42 14 7
42 7 5
42 7 6
42 14 13
42 13 12
42 12 11
42 11 10
42 10 9
42 9 8
42 19 18
43 15 13
43 13 9
43 9 8
43 8 5
43 5 0
43 5 4
43 4 3
43 3 1
43 3 2
43 8 7
43 7 6
43 13 12
43 12 10
43 12 11
43 15 14
44 18 16
44 16 15
44 15 14
44 14 13
44 13 12
44 12 11
44 11 10
44 10 9
44 9 0
44 9 8
44 8 3
44 3 1
44 3 2
44 8 7
44 7 4
44 7 6
44 6 5
44 18 17
45 15 14
45 14 10
45 10 9
45 9 7
45 7 6
45 6 5
45 5 4
45 4 3
45 3 2
45 2 1
45 1 0
45 9 8
45 14 13
45 13 12
45 12 11
46 14 12
46 12 0
46 12 11
46 11 6
46 6 2
46 2 1
46 6 5
46 5 3
46 5 4
46 11 10
46 10 7
46 10 9
46 9 8
46 14 13
47 19 18
47 18 3
47 3 0
47 3 2
47 2 1
47 18 17
47 17 15
47 15 14
47 14 6
47 6 4
47 6 5
47 14 13
47 13 10
47 10 9
47 9 8
47 8 7
47 13 12
47 12 11
47 17 16
48 19 18
48 18 14
48 14 4
48 4 3
48 3 2
48 2 1
48 1 0
48 14 13
48 13 9
48 9 7
48 7 5
48 7 6
48 9 8
48 13 12
48 12 11
48 11 10
48 18 17
48 17 16
48 16 15
49 19 17
49 17 16
49 16 0
49 16 15
49 15 14
49 14 12
49 12 4
49 4 1
49 4 3
49 3 2
49 12 11
49 11 10
49 10 9
49 9 7
49 7 6
49 6 5
49 9 8
49 14 13
49 19 18
50 18 1
50 1 0
50 18 17
50 17 9
50 9 5
50 5 4
50 4 3
50 3 2
50 9 8
50 8 6
50 8 7
50 17 16
50 16 14
50 14 13
50 13 12
50 12 11
50 11 10
50 16 15
51 14 13
51 13 4
51 4 2
51 2 0
51 2 1
51 4 3
51 13 12
51 12 5
51 12 11
51 11 10
51 10 8
51 8 6
51 8 7
51 10 9
52 16 15
52 15 0
52 15 14
52 14 13
52 13 12
52 12 11
52 11 10
52 10 8
52 8 3
52 3 2
52 2 1
52 8 7
52 7 4
52 7 6
52 6 5
52 10 9
53 15 14
53 14 11
53 11 0
53 11 10
53 10 9
53 9 8
53 8 6
53 6 4
53 4 1
53 4 3
53 3 2
53 6 5
53 8 7
53 14 13
53 13 12
54 17 15
54 15 1
54 1 0
54 15 14
54 14 12
54 12 7
54 7 5
54 5 3
54 3 2
54 5 4
54 7 6
54 12 11
54 11 9
54 9 8
54 11 10
54 14 13
54 17 16
55 19 4
55 4 3
55 3 0
55 3 2
55 2 1
55 19 18
55 18 17
55 17 15
55 15 5
55 15 14
55 14 13
55 13 10
55 10 9
55 9 6
55 9 8
55 8 7
55 13 12
55 12 11
55 17 16
56 17 16
56 16 0
56 16 15
56 15 14
56 14 13
56 13 1
56 13 12
56 12 8
56 8 2
56 8 7
56 7 5
56 5 4
56 4 3
56 7 6
56 12 11
56 11 9
56 11 10
57 17 16
57 16 0
57 16 15
57 15 1
57 15 14
57 14 13
57 13 12
57 12 2
57 12 11
57 11 6
57 6 4
57 4 3
57 6 5
57 11 10
57 10 7
57 10 9
57 9 8
58 14 12
58 12 6
58 6 4
58 4 2
58 2 0
58 2 1
58 4 3
58 6 5
58 12 11
58 11 8
58 8 7
58 11 10
58 10 9
58 14 13
59 14 5
59 5 0
59 5 4
59 4 1
59 4 3
59 3 2
59 14 13
59 13 8
59 8 6
59 8 7
59 13 12
59 12 11
59 11 10
59 10 9
60 15 12
60 12 0
60 12 11
60 11 3
60 3 1
60 3 2
60 11 10
60 10 4
60 10 9
60 9 6
60 6 5
60 9 8
60 8 7
60 15 14
60 14 13
61 19 0
61 19 18
61 18 16
61 16 5
61 5 4
61 4 3
61 3 2
61 2 1
61 16 15
61 15 11
61 11 7
61 7 6
61 11 10
61 10 8
61 10 9
61 15 14
61 14 12
61 14 13
61 18 17
62 15 2
62 2 0
62 2 1
62 15 14
62 14 3
62 14 13
62 13 12
62 12 11
62 11 10
62 10 4
62 10 9
62 9 8
62 8 7
62 7 6
62 6 5
63 18 1
63 1 0
63 18 17
63 17 3
63 3 2
63 17 16
63 16 5
63 5 4
63 16 15
63 15 7
63 7 6
63 15 14
63 14 13
63 13 12
63 12 11
63 11 10
63 10 8
63 10 9
64 16 2
64 2 0
64 2 1
64 16 15
64 15 14
64 14 12
64 12 9
64 9 7
64 7 6
64 6 3
64 6 5
64 5 4
64 9 8
64 12 11
64 11 10
64 14 13
65 14 13
65 13 3
65 3 0
65 3 2
65 2 1
65 13 12
65 12 10
65 10 8
65 8 7
65 7 4
65 7 6
65 6 5
65 10 9
65 12 11
66 17 16
66 16 0
66 16 15
66 15 2
66 2 1
66 15 14
66 14 12
66 12 10
66 10 8
66 8 7
66 7 5
66 5 3
66 5 4
66 7 6
66 10 9
66 12 11
66 14 13
67 19 5
67 5 2
67 2 1
67 1 0
67 5 4
67 4 3
67 19 18
67 18 13
67 13 10
67 10 9
67 9 8
67 8 7
67 7 6
67 13 12
67 12 11
67 18 17
67 17 14
67 17 16
67 16 15
68 19 13
68 13 7
68 7 4
68 4 2
68 2 0
68 2 1
68 4 3
68 7 6
68 6 5
68 13 12
68 12 9
68 9 8
68 12 11
68 11 10
68 19 18
68 18 14
68 18 17
68 17 15
68 17 16
69 16 0
69 16 15
69 15 2
69 2 1
69 15 14
69 14 3
69 14 13
69 13 12
69 12 10
69 10 9
69 9 8
69 8 7
69 7 4
69 7 6
69 6 5
69 12 11
70 17 16
70 16 0
70 16 15
70 15 13
70 13 12
70 12 2
70 2 1
70 12 11
70 11 3
70 11 10
70 10 8
70 8 6
70 6 5
70 5 4
70 8 7
70 10 9
70 15 14
71 17 1
71 1 0
71 17 16
71 16 4
71 4 2
71 4 3
71 16 15
71 15 8
71 8 6
71 6 5
71 8 7
71 15 14
71 14 13
71 13 9
71 13 12
71 12 11
71 11 10
72 17 16
72 16 10
72 10 0
72 10 9
72 9 8
72 8 7
72 7 6
72 6 4
72 4 3
72 3 1
72 3 2
72 6 5
72 16 15
72 15 13
72 13 11
72 13 12
72 15 14
73 17 1
73 1 0
73 17 16
73 16 5
73 5 3
73 3 2
73 5 4
73 16 15
73 15 14
73 14 8
73 8 7
73 7 6
73 14 13
73 13 12
73 12 11
73 11 10
73 10 9
74 17 16
74 16 15
74 15 3
74 3 2
74 2 0
74 2 1
74 15 14
74 14 7
74 7 6
74 6 5
74 5 4
74 14 13
74 13 9
74 9 8
74 13 12
74 12 11
74 11 10
75 17 16
75 16 1
75 1 0
75 16 15
75 15 14
75 14 13
75 13 11
75 11 5
75 5 3
75 3 2
75 5 4
75 11 10
75 10 9
75 9 6
75 9 8
75 8 7
75 13 12
76 16 10
76 10 8
76 8 7
76 7 6
76 6 5
76 5 4
76 4 3
76 3 0
76 3 2
76 2 1
76 10 9
76 16 15
76 15 12
76 12 11
76 15 14
76 14 13
77 16 13
77 13 12
77 12 0
77 12 11
77 11 1
77 11 10
77 10 2
77 10 9
77 9 8
77 8 6
77 6 5
77 5 4
77 4 3
77 8 7
77 16 15
77 15 14
78 18 2
78 2 1
78 1 0
78 18 17
78 17 12
78 12 11
78 11 4
78 4 3
78 11 10
78 10 6
78 6 5
78 10 9
78 9 7
78 9 8
78 17 16
78 16 13
78 16 15
78 15 14
79 14 13
79 13 12
79 12 4
79 4 2
79 2 1
79 1 0
79 4 3
79 12 11
79 11 10
79 10 6
79 6 5
79 10 9
79 9 7
79 9 8
80 16 2
80 2 0
80 2 1
80 16 15
80 15 11
80 11 8
80 8 7
80 7 5
80 5 4
80 4 3
80 7 6
80 11 10
80 10 9
80 15 14
80 14 13
80 13 12
81 17 16
81 16 0
81 16 15
81 15 13
81 13 12
81 12 10
81 10 9
81 9 1
81 9 8
81 8 4
81 4 3
81 3 2
81 8 7
81 7 5
81 7 6
81 12 11
81 15 14
82 18 17
82 17 16
82 16 15
82 15 14
82 14 13
82 13 0
82 13 12
82 12 11
82 11 10
82 10 9
82 9 2
82 2 1
82 9 8
82 8 5
82 5 3
82 5 4
82 8 7
82 7 6
83 19 17
83 17 16
83 16 0
83 16 15
83 15 12
83 12 1
83 12 11
83 11 4
83 4 3
83 3 2
83 11 10
83 10 7
83 7 6
83 6 5
83 10 9
83 9 8
83 15 14
83 14 13
83 19 18
84 15 0
84 15 14
84 14 13
84 13 8
84 8 2
84 2 1
84 8 7
84 7 5
84 5 4
84 4 3
84 7 6
84 13 12
84 12 11
84 11 9
84 11 10
85 17 16
85 16 15
85 15 2
85 2 1
85 1 0
85 15 14
85 14 4
85 4 3
85 14 13
85 13 12
85 12 10
85 10 6
85 6 5
85 10 9
85 9 7
85 9 8
85 12 11
86 16 15
86 15 0
86 15 14
86 14 13
86 13 1
86 13 12
86 12 8
86 8 7
86 7 6
86 6 5
86 5 2
86 5 4
86 4 3
86 12 11
86 11 9
86 11 10
87 16 14
87 14 4
87 4 3
87 3 2
87 2 1
87 1 0
87 14 13
87 13 12
87 12 11
87 11 10
87 10 6
87 6 5
87 10 9
87 9 8
87 8 7
87 16 15
88 16 13
88 13 3
88 3 0
88 3 2
88 2 1
88 13 12
88 12 4
88 12 11
88 11 5
88 11 10
88 10 8
88 8 6
88 8 7
88 10 9
88 16 15
88 15 14
89 14 13
89 13 0
89 13 12
89 12 11
89 11 1
89 11 10
89 10 5
89 5 2
89 5 4
89 4 3
89 10 9
89 9 8
89 8 7
89 7 6
90 16 1
90 1 0
90 16 15
90 15 8
90 8 7
90 7 5
90 5 4
90 4 3
90 3 2
90 7 6
90 15 14
90 14 12
90 12 10
90 10 9
90 12 11
90 14 13
91 15 8
91 8 3
91 3 0
91 3 2
91 2 1
91 8 7
91 7 6
91 6 4
91 6 5
91 15 14
91 14 12
91 12 11
91 11 9
91 11 10
91 14 13
92 15 14
92 14 13
92 13 3
92 3 1
92 1 0
92 3 2
92 13 12
92 12 11
92 11 7
92 7 4
92 7 6
92 6 5
92 11 10
92 10 9
92 9 8
93 19 18
93 18 1
93 1 0
93 18 17
93 17 10
93 10 8
93 8 6
93 6 4
93 4 3
93 3 2
93 6 5
93 8 7
93 10 9
93 17 16
93 16 15
93 15 14
93 14 13
93 13 11
93 13 12
94 15 12
94 12 7
94 7 0
94 7 6
94 6 1
94 6 5
94 5 4
94 4 3
94 3 2
94 12 11
94 11 9
94 9 8
94 11 10
94 15 14
94 14 13
95 19 18
95 18 17
95 17 16
95 16 0
95 16 15
95 15 14
95 14 13
95 13 12
95 12 3
95 3 2
95 2 1
95 12 11
95 11 8
95 8 4
95 8 7
95 7 6
95 6 5
95 11 10
95 10 9
96 15 14
96 14 13
96 13 7
96 7 5
96 5 2
96 2 0
96 2 1
96 5 4
96 4 3
96 7 6
96 13 12
96 12 11
96 11 9
96 9 8
96 11 10
97 17 16
97 16 0
97 16 15
97 15 1
97 15 14
97 14 11
97 11 10
97 10 9
97 9 7
97 7 2
97 7 6
97 6 4
97 4 3
97 6 5
97 9 8
97 14 13
97 13 12
98 17 6
98 6 5
98 5 2
98 2 0
98 2 1
98 5 4
98 4 3
98 17 16
98 16 14
98 14 13
98 13 11
98 11 10
98 10 9
98 9 7
98 9 8
98 13 12
98 16 15
99 15 0
99 15 14
99 14 12
99 12 11
99 11 10
99 10 8
99 8 7
99 7 5
99 5 1
99 5 4
99 4 3
99 3 2
99 7 6
99 10 9
99 14 13
100 16 13
100 13 12
100 12 1
100 1 0
100 12 11
100 11 10
100 10 8
100 8 6
100 6 4
100 4 3
100 3 2
100 6 5
100 8 7
100 10 9
100 16 15
100 15 14
101 17 16
101 16 2
101 2 0
101 2 1
101 16 15
101 15 12
101 12 11
101 11 10
101 10 4
101 4 3
101 10 9
101 9 6
101 6 5
101 9 8
101 8 7
101 15 14
101 14 13
