1 14 13
1 13 8
1 8 2
1 2 0
1 2 1
1 8 7
1 7 5
1 5 3
1 5 4
1 7 6
1 13 12
1 12 11
1 11 9
1 11 10
2 18 5
2 5 3
2 3 2
2 2 0
2 2 1
2 5 4
2 18 17
2 17 15
2 15 12
2 12 11
2 11 10
2 10 6
2 10 9
2 9 7
2 9 8
2 15 14
2 14 13
2 17 16
3 14 3
3 3 1
3 1 0
3 3 2
3 14 13
3 13 11
3 11 9
3 9 7
3 7 5
3 5 4
3 7 6
3 9 8
3 11 10
3 13 12
4 16 3
4 3 1
4 1 0
4 3 2
4 16 15
4 15 9
4 9 6
4 6 5
4 5 4
4 9 8
4 8 7
4 15 14
4 14 10
4 14 13
4 13 12
4 12 11
5 19 6
5 6 0
5 6 5
5 5 3
5 3 1
5 3 2
5 5 4
5 19 18
5 18 7
5 18 17
5 17 16
5 16 10
5 10 8
5 10 9
5 16 15
5 15 14
5 14 11
5 14 13
5 13 12
6 16 14
6 14 1
6 1 0
6 14 13
6 13 12
6 12 11
6 11 7
6 7 6
6 6 4
6 4 3
6 3 2
6 6 5
6 11 10
6 10 8
6 10 9
6 16 15
7 15 14
7 14 0
7 14 13
7 13 6
7 6 5
7 5 3
7 3 1
7 3 2
7 5 4
7 13 12
7 12 11
7 11 9
7 9 8
7 8 7
7 11 10
8 16 14
8 14 2
8 2 0
8 2 1
8 14 13
8 13 3
8 13 12
8 12 7
8 7 6
8 6 5
8 5 4
8 12 11
8 11 8
8 11 10
8 10 9
8 16 15
9 17 16
9 16 15
9 15 14
9 14 13
9 13 10
9 10 9
9 9 6
9 6 3
9 3 0
9 3 2
9 2 1
9 6 5
9 5 4
9 9 8
9 8 7
9 13 12
9 12 11
10 14 13
10 13 1
10 1 0
10 13 12
10 12 8
10 8 3
10 3 2
10 8 7
10 7 5
10 5 4
10 7 6
10 12 11
10 11 10
10 10 9
11 18 17
11 17 15
11 15 13
11 13 1
11 1 0
11 13 12
11 12 11
11 11 9
11 9 3
11 3 2
11 9 8
11 8 4
11 8 7
11 7 6
11 6 5
11 11 10
11 15 14
11 17 16
12 14 10
12 10 9
12 9 7
12 7 6
12 6 3
12 3 1
12 1 0
12 3 2
12 6 5
12 5 4
12 9 8
12 14 13
12 13 11
12 13 12
13 18 17
13 17 16
13 16 15
13 15 14
13 14 12
13 12 11
13 11 6
13 6 0
13 6 5
13 5 1
13 5 4
13 4 2
13 4 3
13 11 10
13 10 9
13 9 8
13 8 7
13 14 13
14 19 1
14 1 0
14 19 18
14 18 16
14 16 15
14 15 13
14 13 11
14 11 10
14 10 9
14 9 2
14 9 8
14 8 5
14 5 4
14 4 3
14 8 7
14 7 6
14 13 12
14 15 14
14 18 17
15 18 0
15 18 17
15 17 15
15 15 12
15 12 4
15 4 3
15 3 1
15 3 2
15 12 11
15 11 10
15 10 9
15 9 6
15 6 5
15 9 8
15 8 7
15 15 14
15 14 13
15 17 16
16 14 13
16 13 5
16 5 4
16 4 3
16 3 2
16 2 1
16 1 0
16 13 12
16 12 6
16 12 11
16 11 10
16 10 8
16 8 7
16 10 9
17 15 12
17 12 11
17 11 5
17 5 4
17 4 2
17 2 1
17 1 0
17 4 3
17 11 10
17 10 9
17 9 8
17 8 7
17 7 6
17 15 14
17 14 13
18 15 4
18 4 3
18 3 2
18 2 1
18 1 0
18 15 14
18 14 10
18 10 5
18 10 9
18 9 8
18 8 6
18 8 7
18 14 13
18 13 12
18 12 11
19 17 3
19 3 0
19 3 2
19 2 1
19 17 16
19 16 15
19 15 4
19 15 14
19 14 7
19 7 5
19 7 6
19 14 13
19 13 8
19 13 12
19 12 9
19 12 11
19 11 10
20 19 0
20 19 18
20 18 3
20 3 1
20 3 2
20 18 17
20 17 14
20 14 13
20 13 12
20 12 11
20 11 10
20 10 7
20 7 6
20 6 5
20 5 4
20 10 9
20 9 8
20 17 16
20 16 15
21 14 13
21 13 0
21 13 12
21 12 11
21 11 8
21 8 7
21 7 1
21 7 6
21 6 4
21 4 3
21 3 2
21 6 5
21 11 10
21 10 9
22 14 0
22 14 13
22 13 11
22 11 9
22 9 1
22 9 8
22 8 7
22 7 2
22 7 6
22 6 5
22 5 4
22 4 3
22 11 10
22 13 12
23 16 14
23 14 13
23 13 12
23 12 0
23 12 11
23 11 9
23 9 7
23 7 6
23 6 5
23 5 4
23 4 3
23 3 1
23 3 2
23 9 8
23 11 10
23 16 15
24 15 14
24 14 0
24 14 13
24 13 12
24 12 1
24 12 11
24 11 4
24 4 2
24 4 3
24 11 10
24 10 9
24 9 8
24 8 5
24 8 7
24 7 6
25 18 0
25 18 17
25 17 16
25 16 15
25 15 11
25 11 1
25 11 10
25 10 2
25 10 9
25 9 4
25 4 3
25 9 8
25 8 7
25 7 5
25 7 6
25 15 14
25 14 12
25 14 13
26 19 0
26 19 18
26 18 13
26 13 9
26 9 5
26 5 1
26 5 4
26 4 2
26 4 3
26 9 8
26 8 6
26 8 7
26 13 12
26 12 11
26 11 10
26 18 17
26 17 14
26 17 16
26 16 15
27 14 13
27 13 12
27 12 10
27 10 1
27 1 0
27 10 9
27 9 7
27 7 5
27 5 2
27 5 4
27 4 3
27 7 6
27 9 8
27 12 11
28 18 17
28 17 7
28 7 0
28 7 6
28 6 1
28 6 5
28 5 2
28 5 4
28 4 3
28 17 16
28 16 15
28 15 12
28 12 11
28 11 10
28 10 8
28 10 9
28 15 14
28 14 13
29 14 13
29 13 12
29 12 10
29 10 5
29 5 4
29 4 3
29 3 2
29 2 0
29 2 1
29 10 9
29 9 6
29 9 8
29 8 7
29 12 11
30 17 0
30 17 16
30 16 15
30 15 13
30 13 10
30 10 5
30 5 3
30 3 2
30 2 1
30 5 4
30 10 9
30 9 7
30 7 6
30 9 8
30 13 12
30 12 11
30 15 14
31 14 11
31 11 10
31 10 7
31 7 6
31 6 5
31 5 2
31 2 0
31 2 1
31 5 4
31 4 3
31 10 9
31 9 8
31 14 13
31 13 12
32 19 6
32 6 4
32 4 3
32 3 0
32 3 2
32 2 1
32 6 5
32 19 18
32 18 10
32 10 9
32 9 8
32 8 7
32 18 17
32 17 15
32 15 14
32 14 12
32 12 11
32 14 13
32 17 16
33 18 0
33 18 17
33 17 16
33 16 2
33 2 1
33 16 15
33 15 13
33 13 12
33 12 10
33 10 8
33 8 3
33 8 7
33 7 4
33 7 6
33 6 5
33 10 9
33 12 11
33 15 14
34 18 5
34 5 4
34 4 2
34 2 0
34 2 1
34 4 3
34 18 17
34 17 16
34 16 6
34 16 15
34 15 13
34 13 11
34 11 9
34 9 8
34 8 7
34 11 10
34 13 12
34 15 14
35 15 0
35 15 14
35 14 12
35 12 1
35 12 11
35 11 2
35 11 10
35 10 9
35 9 5
35 5 3
35 5 4
35 9 8
35 8 6
35 8 7
35 14 13
36 19 15
36 15 14
36 14 13
36 13 0
36 13 12
36 12 1
36 12 11
36 11 10
36 10 8
36 8 7
36 7 4
36 4 2
36 4 3
36 7 6
36 6 5
36 10 9
36 19 18
36 18 17
36 17 16
37 15 11
37 11 9
37 9 6
37 6 5
37 5 3
37 3 2
37 2 1
37 1 0
37 5 4
37 9 8
37 8 7
37 11 10
37 15 14
37 14 12
37 14 13
38 19 7
38 7 6
38 6 4
38 4 0
38 4 3
38 3 2
38 2 1
38 6 5
38 19 18
38 18 15
38 15 14
38 14 9
38 9 8
38 14 13
38 13 10
38 13 12
38 12 11
38 18 17
38 17 16
39 17 9
39 9 5
39 5 4
39 4 0
39 4 3
39 3 2
39 2 1
39 9 8
39 8 6
39 8 7
39 17 16
39 16 15
39 15 14
39 14 11
39 11 10
39 14 13
39 13 12
40 19 3
40 3 1
40 1 0
40 3 2
40 19 18
40 18 16
40 16 15
40 15 14
40 14 4
40 14 13
40 13 5
40 13 12
40 12 9
40 9 8
40 8 7
40 7 6
40 12 11
40 11 10
40 18 17
41 18 17
41 17 0
41 17 16
41 16 15
41 15 5
41 5 4
41 4 3
41 3 1
41 3 2
41 15 14
41 14 13
41 13 7
41 7 6
41 13 12
41 12 11
41 11 10
41 10 8
41 10 9
42 14 13
42 13 0
42 13 12
42 12 9
42 9 2
42 2 1
42 9 8
42 8 6
42 6 4
42 4 3
42 6 5
42 8 7
42 12 11
42 11 10
43 15 6
43 6 1
43 1 0
43 6 5
43 5 4
43 4 2
43 4 3
43 15 14
43 14 9
43 9 7
43 9 8
43 14 13
43 13 12
43 12 11
43 11 10
44 14 2
44 2 0
44 2 1
44 14 13
44 13 12
44 12 3
44 12 11
44 11 10
44 10 8
44 8 6
44 6 4
44 6 5
44 8 7
44 10 9
45 17 11
45 11 1
45 1 0
45 11 10
45 10 9
45 9 4
45 4 2
45 4 3
45 9 8
45 8 7
45 7 5
45 7 6
45 17 16
45 16 13
45 13 12
45 16 15
45 15 14
46 15 14
46 14 13
46 13 3
46 3 0
46 3 2
46 2 1
46 13 12
46 12 4
46 12 11
46 11 9
46 9 5
46 9 8
46 8 7
46 7 6
46 11 10
47 14 12
47 12 0
47 12 11
47 11 1
47 11 10
47 10 8
47 8 3
47 3 2
47 8 7
47 7 4
47 7 6
47 6 5
47 10 9
47 14 13
48 18 7
48 7 6
48 6 3
48 3 2
48 2 0
48 2 1
48 6 5
48 5 4
48 18 17
48 17 16
48 16 10
48 10 8
48 10 9
48 16 15
48 15 14
48 14 12
48 12 11
48 14 13
49 15 14
49 14 12
49 12 3
49 3 1
49 1 0
49 3 2
49 12 11
49 11 10
49 10 9
49 9 4
49 9 8
49 8 5
49 8 7
49 7 6
49 14 13
50 19 18
50 18 16
50 16 0
50 16 15
50 15 5
50 5 3
50 3 1
50 3 2
50 5 4
50 15 14
50 14 13
50 13 9
50 9 8
50 8 7
50 7 6
50 13 12
50 12 10
50 12 11
50 18 17
51 14 13
51 13 11
51 11 2
51 2 1
51 1 0
51 11 10
51 10 8
51 8 7
51 7 3
51 7 6
51 6 4
51 6 5
51 10 9
51 13 12
52 17 16
52 16 0
52 16 15
52 15 1
52 15 14
52 14 2
52 14 13
52 13 12
52 12 10
52 10 9
52 9 7
52 7 6
52 6 5
52 5 3
52 5 4
52 9 8
52 12 11
53 17 2
53 2 0
53 2 1
53 17 16
53 16 7
53 7 6
53 6 5
53 5 3
53 5 4
53 16 15
53 15 14
53 14 9
53 9 8
53 14 13
53 13 12
53 12 10
53 12 11
54 17 1
54 1 0
54 17 16
54 16 4
54 4 3
54 3 2
54 16 15
54 15 9
54 9 8
54 8 5
54 8 7
54 7 6
54 15 14
54 14 13
54 13 10
54 13 12
54 12 11
55 14 8
55 8 3
55 3 1
55 1 0
55 3 2
55 8 7
55 7 6
55 6 4
55 6 5
55 14 13
55 13 12
55 12 11
55 11 10
55 10 9
56 17 1
56 1 0
56 17 16
56 16 15
56 15 14
56 14 6
56 6 5
56 5 4
56 4 2
56 4 3
56 14 13
56 13 12
56 12 8
56 8 7
56 12 11
56 11 9
56 11 10
57 17 0
57 17 16
57 16 1
57 16 15
57 15 14
57 14 8
57 8 7
57 7 5
57 5 4
57 4 2
57 4 3
57 7 6
57 14 13
57 13 9
57 13 12
57 12 11
57 11 10
58 16 0
58 16 15
58 15 14
58 14 13
58 13 9
58 9 7
58 7 1
58 7 6
58 6 2
58 6 5
58 5 4
58 4 3
58 9 8
58 13 12
58 12 10
58 12 11
59 19 0
59 19 18
59 18 16
59 16 2
59 2 1
59 16 15
59 15 13
59 13 12
59 12 9
59 9 4
59 4 3
59 9 8
59 8 5
59 8 7
59 7 6
59 12 11
59 11 10
59 15 14
59 18 17
60 17 15
60 15 13
60 13 12
60 12 3
60 3 1
60 1 0
60 3 2
60 12 11
60 11 10
60 10 4
60 10 9
60 9 5
60 9 8
60 8 6
60 8 7
60 15 14
60 17 16
61 15 10
61 10 0
61 10 9
61 9 8
61 8 3
61 3 2
61 2 1
61 8 7
61 7 4
61 7 6
61 6 5
61 15 14
61 14 12
61 12 11
61 14 13
62 17 0
62 17 16
62 16 14
62 14 4
62 4 3
62 3 2
62 2 1
62 14 13
62 13 8
62 8 7
62 7 5
62 7 6
62 13 12
62 12 9
62 12 11
62 11 10
62 16 15
63 14 13
63 13 6
63 6 3
63 3 2
63 2 1
63 1 0
63 6 5
63 5 4
63 13 12
63 12 11
63 11 7
63 11 10
63 10 8
63 10 9
64 18 14
64 14 9
64 9 8
64 8 6
64 6 4
64 4 2
64 2 0
64 2 1
64 4 3
64 6 5
64 8 7
64 14 13
64 13 10
64 13 12
64 12 11
64 18 17
64 17 16
64 16 15
65 18 17
65 17 16
65 16 13
65 13 8
65 8 4
65 4 0
65 4 3
65 3 1
65 3 2
65 8 7
65 7 6
65 6 5
65 13 12
65 12 10
65 10 9
65 12 11
65 16 15
65 15 14
66 16 13
66 13 12
66 12 10
66 10 9
66 9 3
66 3 2
66 2 0
66 2 1
66 9 8
66 8 6
66 6 5
66 5 4
66 8 7
66 12 11
66 16 15
66 15 14
67 14 13
67 13 12
67 12 11
67 11 10
67 10 8
67 8 3
67 3 2
67 2 1
67 1 0
67 8 7
67 7 5
67 5 4
67 7 6
67 10 9
68 19 17
68 17 15
68 15 14
68 14 2
68 2 1
68 1 0
68 14 13
68 13 12
68 12 11
68 11 10
68 10 3
68 10 9
68 9 8
68 8 7
68 7 6
68 6 4
68 6 5
68 17 16
68 19 18
69 16 2
69 2 0
69 2 1
69 16 15
69 15 14
69 14 12
69 12 11
69 11 9
69 9 8
69 8 4
69 4 3
69 8 7
69 7 5
69 7 6
69 11 10
69 14 13
70 17 4
70 4 3
70 3 0
70 3 2
70 2 1
70 17 16
70 16 15
70 15 12
70 12 10
70 10 5
70 10 9
70 9 6
70 9 8
70 8 7
70 12 11
70 15 14
70 14 13
71 14 13
71 13 1
71 1 0
71 13 12
71 12 8
71 8 6
71 6 4
71 4 2
71 4 3
71 6 5
71 8 7
71 12 11
71 11 10
71 10 9
72 17 15
72 15 12
72 12 3
72 3 2
72 2 0
72 2 1
72 12 11
72 11 8
72 8 6
72 6 4
72 6 5
72 8 7
72 11 10
72 10 9
72 15 14
72 14 13
72 17 16
73 18 4
73 4 3
73 3 2
73 2 1
73 1 0
73 18 17
73 17 6
73 6 5
73 17 16
73 16 15
73 15 13
73 13 10
73 10 9
73 9 8
73 8 7
73 13 12
73 12 11
73 15 14
74 19 0
74 19 18
74 18 6
74 6 1
74 6 5
74 5 3
74 3 2
74 5 4
74 18 17
74 17 12
74 12 10
74 10 8
74 8 7
74 10 9
74 12 11
74 17 16
74 16 15
74 15 13
74 15 14
75 17 16
75 16 15
75 15 8
75 8 7
75 7 6
75 6 5
75 5 0
75 5 4
75 4 3
75 3 1
75 3 2
75 15 14
75 14 13
75 13 10
75 10 9
75 13 12
75 12 11
76 19 5
76 5 4
76 4 2
76 2 1
76 1 0
76 4 3
76 19 18
76 18 16
76 16 6
76 16 15
76 15 10
76 10 7
76 10 9
76 9 8
76 15 14
76 14 13
76 13 11
76 13 12
76 18 17
77 14 3
77 3 1
77 1 0
77 3 2
77 14 13
77 13 12
77 12 11
77 11 9
77 9 8
77 8 6
77 6 5
77 5 4
77 8 7
77 11 10
78 19 17
78 17 16
78 16 0
78 16 15
78 15 13
78 13 12
78 12 11
78 11 1
78 11 10
78 10 9
78 9 7
78 7 6
78 6 5
78 5 3
78 3 2
78 5 4
78 9 8
78 15 14
78 19 18
79 16 1
79 1 0
79 16 15
79 15 2
79 15 14
79 14 8
79 8 7
79 7 6
79 6 5
79 5 3
79 5 4
79 14 13
79 13 11
79 11 9
79 11 10
79 13 12
80 17 8
80 8 6
80 6 5
80 5 4
80 4 2
80 2 0
80 2 1
80 4 3
80 8 7
80 17 16
80 16 14
80 14 10
80 10 9
80 14 13
80 13 11
80 13 12
80 16 15
81 14 11
81 11 9
81 9 8
81 8 5
81 5 0
81 5 4
81 4 1
81 4 3
81 3 2
81 8 7
81 7 6
81 11 10
81 14 13
81 13 12
82 15 0
82 15 14
82 14 1
82 14 13
82 13 3
82 3 2
82 13 12
82 12 4
82 12 11
82 11 9
82 9 8
82 8 7
82 7 5
82 7 6
82 11 10
83 19 0
83 19 18
83 18 15
83 15 2
83 2 1
83 15 14
83 14 13
83 13 9
83 9 8
83 8 6
83 6 5
83 5 4
83 4 3
83 8 7
83 13 12
83 12 11
83 11 10
83 18 17
83 17 16
84 17 7
84 7 5
84 5 0
84 5 4
84 4 2
84 2 1
84 4 3
84 7 6
84 17 16
84 16 15
84 15 9
84 9 8
84 15 14
84 14 12
84 12 11
84 11 10
84 14 13
85 19 18
85 18 0
85 18 17
85 17 16
85 16 15
85 15 1
85 15 14
85 14 13
85 13 12
85 12 11
85 11 10
85 10 2
85 10 9
85 9 7
85 7 6
85 6 4
85 4 3
85 6 5
85 9 8
86 17 15
86 15 13
86 13 11
86 11 9
86 9 7
86 7 2
86 2 0
86 2 1
86 7 6
86 6 5
86 5 3
86 5 4
86 9 8
86 11 10
86 13 12
86 15 14
86 17 16
87 15 14
87 14 5
87 5 3
87 3 2
87 2 0
87 2 1
87 5 4
87 14 13
87 13 11
87 11 9
87 9 8
87 8 7
87 7 6
87 11 10
87 13 12
88 17 16
88 16 9
88 9 6
88 6 2
88 2 1
88 1 0
88 6 5
88 5 3
88 5 4
88 9 8
88 8 7
88 16 15
88 15 10
88 15 14
88 14 12
88 12 11
88 14 13
89 16 14
89 14 0
89 14 13
89 13 12
89 12 11
89 11 10
89 10 9
89 9 7
89 7 5
89 5 2
89 2 1
89 5 4
89 4 3
89 7 6
89 9 8
89 16 15
90 15 3
90 3 1
90 1 0
90 3 2
90 15 14
90 14 7
90 7 6
90 6 4
90 6 5
90 14 13
90 13 12
90 12 9
90 9 8
90 12 11
90 11 10
91 14 12
91 12 3
91 3 2
91 2 0
91 2 1
91 12 11
91 11 10
91 10 5
91 5 4
91 10 9
91 9 8
91 8 7
91 7 6
91 14 13
92 17 16
92 16 0
92 16 15
92 15 14
92 14 13
92 13 12
92 12 11
92 11 2
92 2 1
92 11 10
92 10 8
92 8 3
92 8 7
92 7 6
92 6 4
92 6 5
92 10 9
93 14 13
93 13 12
93 12 10
93 10 9
93 9 5
93 5 4
93 4 0
93 4 3
93 3 2
93 2 1
93 9 8
93 8 6
93 8 7
93 12 11
94 19 1
94 1 0
94 19 18
94 18 15
94 15 11
94 11 10
94 10 8
94 8 2
94 8 7
94 7 4
94 4 3
94 7 6
94 6 5
94 10 9
94 15 14
94 14 13
94 13 12
94 18 17
94 17 16
95 16 15
95 15 6
95 6 3
95 3 2
95 2 0
95 2 1
95 6 5
95 5 4
95 15 14
95 14 12
95 12 10
95 10 7
95 10 9
95 9 8
95 12 11
95 14 13
96 14 13
96 13 0
96 13 12
96 12 1
96 12 11
96 11 10
96 10 8
96 8 6
96 6 2
96 6 5
96 5 3
96 5 4
96 8 7
96 10 9
97 18 17
97 17 1
97 1 0
97 17 16
97 16 15
97 15 12
97 12 10
97 10 8
97 8 2
97 8 7
97 7 3
97 7 6
97 6 5
97 5 4
97 10 9
97 12 11
97 15 14
97 14 13
98 15 0
98 15 14
98 14 13
98 13 12
98 12 11
98 11 9
98 9 8
98 8 7
98 7 5
98 5 2
98 2 1
98 5 4
98 4 3
98 7 6
98 11 10
99 19 4
99 4 3
99 3 1
99 1 0
99 3 2
99 19 18
99 18 17
99 17 16
99 16 11
99 11 5
99 11 10
99 10 7
99 7 6
99 10 9
99 9 8
99 16 15
99 15 14
99 14 12
99 14 13
100 18 17
100 17 11
100 11 0
100 11 10
100 10 4
100 4 3
100 3 1
100 3 2
100 10 9
100 9 7
100 7 6
100 6 5
100 9 8
100 17 16
100 16 15
100 15 14
100 14 13
100 13 12
101 15 13
101 13 12
101 12 1
101 1 0
101 12 11
101 11 2
101 11 10
101 10 5
101 5 4
101 4 3
101 10 9
101 9 6
101 9 8
101 8 7
101 15 14
