1 14 13
1 13 12
1 12 10
1 10 9
1 9 8
1 8 3
1 3 1
1 1 0
1 3 2
1 8 7
1 7 6
1 6 4
1 6 5
1 12 11
2 16 12
2 12 0
2 12 11
2 11 7
2 7 1
2 7 6
2 6 5
2 5 3
2 3 2
2 5 4
2 11 10
2 10 8
2 10 9
2 16 15
2 15 13
2 15 14
3 18 0
3 18 17
3 17 13
3 13 11
3 11 3
3 3 1
3 3 2
3 11 10
3 10 9
3 9 7
3 7 6
3 6 5
3 5 4
3 9 8
3 13 12
3 17 16
3 16 15
3 15 14
4 16 15
4 15 14
4 14 0
4 14 13
4 13 12
4 12 11
4 11 1
4 11 10
4 10 9
4 9 8
4 8 7
4 7 2
4 7 6
4 6 3
4 6 5
4 5 4
5 17 4
5 4 2
5 2 1
5 1 0
5 4 3
5 17 16
5 16 8
5 8 5
5 8 7
5 7 6
5 16 15
5 15 12
5 12 11
5 11 10
5 10 9
5 15 14
5 14 13
6 15 13
6 13 0
6 13 12
6 12 2
6 2 1
6 12 11
6 11 10
6 10 8
6 8 6
6 6 5
6 5 4
6 4 3
6 8 7
6 10 9
6 15 14
7 15 14
7 14 0
7 14 13
7 13 11
7 11 5
7 5 3
7 3 1
7 3 2
7 5 4
7 11 10
7 10 9
7 9 7
7 7 6
7 9 8
7 13 12
8 19 18
8 18 0
8 18 17
8 17 16
8 16 2
8 2 1
8 16 15
8 15 14
8 14 13
8 13 12
8 12 9
8 9 8
8 8 6
8 6 5
8 5 4
8 4 3
8 8 7
8 12 11
8 11 10
9 19 9
9 9 7
9 7 0
9 7 6
9 6 5
9 5 4
9 4 2
9 2 1
9 4 3
9 9 8
9 19 18
9 18 11
9 11 10
9 18 17
9 17 16
9 16 15
9 15 14
9 14 12
9 14 13
10 15 14
10 14 7
10 7 0
10 7 6
10 6 1
10 6 5
10 5 3
10 3 2
10 5 4
10 14 13
10 13 12
10 12 11
10 11 8
10 11 10
10 10 9
11 17 0
11 17 16
11 16 15
11 15 3
11 3 2
11 2 1
11 15 14
11 14 4
11 14 13
11 13 10
11 10 9
11 9 5
11 9 8
11 8 7
11 7 6
11 13 12
11 12 11
12 14 13
12 13 12
12 12 3
12 3 2
12 2 1
12 1 0
12 12 11
12 11 7
12 7 5
12 5 4
12 7 6
12 11 10
12 10 9
12 9 8
13 16 14
13 14 0
13 14 13
13 13 12
13 12 11
13 11 10
13 10 8
13 8 7
13 7 6
13 6 5
13 5 3
13 3 1
13 3 2
13 5 4
13 10 9
13 16 15
14 14 0
14 14 13
14 13 11
14 11 10
14 10 9
14 9 8
14 8 6
14 6 5
14 5 4
14 4 1
14 4 3
14 3 2
14 8 7
14 13 12
15 19 18
15 18 0
15 18 17
15 17 9
15 9 8
15 8 6
15 6 4
15 4 3
15 3 1
15 3 2
15 6 5
15 8 7
15 17 16
15 16 13
15 13 12
15 12 10
15 12 11
15 16 15
15 15 14
16 16 13
16 13 12
16 12 11
16 11 10
16 10 9
16 9 6
16 6 1
16 1 0
16 6 5
16 5 2
16 5 4
16 4 3
16 9 8
16 8 7
16 16 15
16 15 14
17 18 0
17 18 17
17 17 1
17 17 16
17 16 8
17 8 7
17 7 6
17 6 5
17 5 4
17 4 2
17 4 3
17 16 15
17 15 14
17 14 11
17 11 9
17 11 10
17 14 13
17 13 12
18 19 18
18 18 17
18 17 16
18 16 15
18 15 13
18 13 10
18 10 1
18 1 0
18 10 9
18 9 7
18 7 6
18 6 3
18 3 2
18 6 5
18 5 4
18 9 8
18 13 12
18 12 11
18 15 14
19 17 1
19 1 0
19 17 16
19 16 15
19 15 4
19 4 2
19 4 3
19 15 14
19 14 13
19 13 12
19 12 9
19 9 7
19 7 5
19 7 6
19 9 8
19 12 11
19 11 10
20 14 12
20 12 9
20 9 8
20 8 7
20 7 6
20 6 4
20 4 0
20 4 3
20 3 1
20 3 2
20 6 5
20 12 11
20 11 10
20 14 13
21 17 0
21 17 16
21 16 1
21 16 15
21 15 10
21 10 6
21 6 5
21 5 4
21 4 2
21 4 3
21 10 9
21 9 7
21 9 8
21 15 14
21 14 13
21 13 12
21 12 11
22 19 0
22 19 18
22 18 2
22 2 1
22 18 17
22 17 14
22 14 13
22 13 6
22 6 4
22 4 3
22 6 5
22 13 12
22 12 11
22 11 9
22 9 8
22 8 7
22 11 10
22 17 16
22 16 15
23 14 13
23 13 2
23 2 0
23 2 1
23 13 12
23 12 10
23 10 9
23 9 7
23 7 6
23 6 3
23 6 5
23 5 4
23 9 8
23 12 11
24 19 17
24 17 14
24 14 0
24 14 13
24 13 10
24 10 8
24 8 1
24 8 7
24 7 2
24 7 6
24 6 3
24 6 5
24 5 4
24 10 9
24 13 12
24 12 11
24 17 16
24 16 15
24 19 18
25 14 9
25 9 8
25 8 7
25 7 2
25 2 1
25 1 0
25 7 6
25 6 5
25 5 4
25 4 3
25 14 13
25 13 10
25 13 12
25 12 11
26 16 15
26 15 14
26 14 13
26 13 9
26 9 8
26 8 1
26 1 0
26 8 7
26 7 6
26 6 5
26 5 4
26 4 2
26 4 3
26 13 12
26 12 10
26 12 11
27 17 14
27 14 13
27 13 12
27 12 11
27 11 9
27 9 2
27 2 1
27 1 0
27 9 8
27 8 3
27 8 7
27 7 6
27 6 4
27 6 5
27 11 10
27 17 16
27 16 15
28 15 12
28 12 11
28 11 0
28 11 10
28 10 9
28 9 4
28 4 1
28 4 3
28 3 2
28 9 8
28 8 7
28 7 6
28 6 5
28 15 14
28 14 13
29 16 15
29 15 9
29 9 7
29 7 6
29 6 2
29 2 1
29 1 0
29 6 5
29 5 3
29 5 4
29 9 8
29 15 14
29 14 12
29 12 11
29 11 10
29 14 13
30 16 2
30 2 1
30 1 0
30 16 15
30 15 14
30 14 13
30 13 11
30 11 10
30 10 8
30 8 7
30 7 6
30 6 5
30 5 3
30 5 4
30 10 9
30 13 12
31 15 14
31 14 12
31 12 0
31 12 11
31 11 1
31 11 10
31 10 8
31 8 4
31 4 3
31 3 2
31 8 7
31 7 6
31 6 5
31 10 9
31 14 13
32 15 1
32 1 0
32 15 14
32 14 12
32 12 10
32 10 8
32 8 6
32 6 5
32 5 4
32 4 2
32 4 3
32 8 7
32 10 9
32 12 11
32 14 13
33 16 0
33 16 15
33 15 11
33 11 8
33 8 6
33 6 4
33 4 1
33 4 3
33 3 2
33 6 5
33 8 7
33 11 10
33 10 9
33 15 14
33 14 13
33 13 12
34 18 17
34 17 16
34 16 12
34 12 11
34 11 10
34 10 9
34 9 8
34 8 2
34 2 0
34 2 1
34 8 7
34 7 3
34 7 6
34 6 5
34 5 4
34 16 15
34 15 14
34 14 13
35 16 15
35 15 10
35 10 0
35 10 9
35 9 8
35 8 3
35 3 1
35 3 2
35 8 7
35 7 6
35 6 5
35 5 4
35 15 14
35 14 13
35 13 12
35 12 11
36 15 1
36 1 0
36 15 14
36 14 2
36 14 13
36 13 12
36 12 11
36 11 8
36 8 5
36 5 3
36 5 4
36 8 7
36 7 6
36 11 10
36 10 9
37 19 2
37 2 1
37 1 0
37 19 18
37 18 3
37 18 17
37 17 16
37 16 6
37 6 5
37 5 4
37 16 15
37 15 10
37 10 9
37 9 8
37 8 7
37 15 14
37 14 13
37 13 11
37 13 12
38 16 15
38 15 14
38 14 12
38 12 11
38 11 10
38 10 2
38 2 0
38 2 1
38 10 9
38 9 6
38 6 4
38 4 3
38 6 5
38 9 8
38 8 7
38 14 13
39 15 2
39 2 1
39 1 0
39 15 14
39 14 13
39 13 11
39 11 10
39 10 9
39 9 4
39 4 3
39 9 8
39 8 7
39 7 6
39 6 5
39 13 12
40 19 18
40 18 16
40 16 12
40 12 10
40 10 9
40 9 8
40 8 7
40 7 6
40 6 5
40 5 4
40 4 2
40 2 1
40 1 0
40 4 3
40 12 11
40 16 15
40 15 14
40 14 13
40 18 17
41 16 2
41 2 1
41 1 0
41 16 15
41 15 14
41 14 12
41 12 3
41 12 11
41 11 7
41 7 6
41 6 5
41 5 4
41 11 10
41 10 8
41 10 9
41 14 13
42 16 15
42 15 14
42 14 11
42 11 0
42 11 10
42 10 9
42 9 4
42 4 1
42 4 3
42 3 2
42 9 8
42 8 7
42 7 5
42 7 6
42 14 13
42 13 12
43 19 0
43 19 18
43 18 15
43 15 14
43 14 13
43 13 5
43 5 4
43 4 1
43 4 3
43 3 2
43 13 12
43 12 6
43 12 11
43 11 9
43 9 7
43 9 8
43 11 10
43 18 17
43 17 16
44 16 1
44 1 0
44 16 15
44 15 14
44 14 8
44 8 6
44 6 2
44 6 5
44 5 3
44 5 4
44 8 7
44 14 13
44 13 9
44 13 12
44 12 10
44 12 11
45 18 1
45 1 0
45 18 17
45 17 15
45 15 14
45 14 13
45 13 9
45 9 8
45 8 7
45 7 6
45 6 5
45 5 4
45 4 3
45 3 2
45 13 12
45 12 11
45 11 10
45 17 16
46 14 4
46 4 3
46 3 0
46 3 2
46 2 1
46 14 13
46 13 5
46 13 12
46 12 7
46 7 6
46 12 11
46 11 10
46 10 8
46 10 9
47 17 16
47 16 3
47 3 2
47 2 1
47 1 0
47 16 15
47 15 4
47 15 14
47 14 13
47 13 7
47 7 5
47 7 6
47 13 12
47 12 8
47 12 11
47 11 9
47 11 10
48 16 15
48 15 2
48 2 0
48 2 1
48 15 14
48 14 13
48 13 8
48 8 7
48 7 4
48 4 3
48 7 6
48 6 5
48 13 12
48 12 11
48 11 9
48 11 10
49 16 14
49 14 12
49 12 11
49 11 10
49 10 4
49 4 3
49 3 0
49 3 2
49 2 1
49 10 9
49 9 8
49 8 5
49 8 7
49 7 6
49 14 13
49 16 15
50 14 13
50 13 12
50 12 10
50 10 3
50 3 0
50 3 2
50 2 1
50 10 9
50 9 8
50 8 7
50 7 6
50 6 4
50 6 5
50 12 11
51 17 15
51 15 6
51 6 5
51 5 4
51 4 2
51 2 0
51 2 1
51 4 3
51 15 14
51 14 13
51 13 10
51 10 9
51 9 8
51 8 7
51 13 12
51 12 11
51 17 16
52 17 16
52 16 15
52 15 0
52 15 14
52 14 12
52 12 10
52 10 2
52 2 1
52 10 9
52 9 5
52 5 4
52 4 3
52 9 8
52 8 7
52 7 6
52 12 11
52 14 13
53 16 13
53 13 2
53 2 0
53 2 1
53 13 12
53 12 9
53 9 8
53 8 7
53 7 5
53 5 3
53 5 4
53 7 6
53 12 11
53 11 10
53 16 15
53 15 14
54 17 16
54 16 11
54 11 10
54 10 0
54 10 9
54 9 1
54 9 8
54 8 7
54 7 6
54 6 2
54 6 5
54 5 3
54 5 4
54 16 15
54 15 14
54 14 13
54 13 12
55 16 15
55 15 14
55 14 4
55 4 3
55 3 1
55 1 0
55 3 2
55 14 13
55 13 11
55 11 7
55 7 5
55 7 6
55 11 10
55 10 8
55 10 9
55 13 12
56 18 0
56 18 17
56 17 14
56 14 12
56 12 11
56 11 1
56 11 10
56 10 9
56 9 3
56 3 2
56 9 8
56 8 6
56 6 4
56 6 5
56 8 7
56 14 13
56 17 16
56 16 15
57 15 11
57 11 9
57 9 5
57 5 3
57 3 2
57 2 0
57 2 1
57 5 4
57 9 8
57 8 6
57 8 7
57 11 10
57 15 14
57 14 13
57 13 12
58 19 0
58 19 18
58 18 2
58 2 1
58 18 17
58 17 3
58 17 16
58 16 7
58 7 6
58 6 4
58 6 5
58 16 15
58 15 14
58 14 12
58 12 8
58 12 11
58 11 9
58 11 10
58 14 13
59 15 14
59 14 13
59 13 0
59 13 12
59 12 10
59 10 8
59 8 4
59 4 3
59 3 2
59 2 1
59 8 7
59 7 6
59 6 5
59 10 9
59 12 11
60 14 13
60 13 12
60 12 2
60 2 0
60 2 1
60 12 11
60 11 3
60 11 10
60 10 4
60 10 9
60 9 7
60 7 6
60 6 5
60 9 8
61 15 2
61 2 1
61 1 0
61 15 14
61 14 8
61 8 6
61 6 4
61 4 3
61 6 5
61 8 7
61 14 13
61 13 12
61 12 9
61 12 11
61 11 10
62 15 14
62 14 13
62 13 12
62 12 9
62 9 7
62 7 1
62 1 0
62 7 6
62 6 4
62 4 2
62 4 3
62 6 5
62 9 8
62 12 11
62 11 10
63 15 9
63 9 0
63 9 8
63 8 6
63 6 4
63 4 3
63 3 1
63 3 2
63 6 5
63 8 7
63 15 14
63 14 13
63 13 12
63 12 11
63 11 10
64 17 1
64 1 0
64 17 16
64 16 9
64 9 2
64 9 8
64 8 7
64 7 3
64 7 6
64 6 4
64 6 5
64 16 15
64 15 13
64 13 12
64 12 10
64 12 11
64 15 14
65 18 17
65 17 14
65 14 12
65 12 11
65 11 0
65 11 10
65 10 3
65 3 2
65 2 1
65 10 9
65 9 4
65 9 8
65 8 6
65 6 5
65 8 7
65 14 13
65 17 16
65 16 15
66 14 13
66 13 10
66 10 9
66 9 8
66 8 5
66 5 4
66 4 3
66 3 0
66 3 2
66 2 1
66 8 7
66 7 6
66 13 12
66 12 11
67 18 14
67 14 12
67 12 0
67 12 11
67 11 10
67 10 1
67 10 9
67 9 8
67 8 7
67 7 6
67 6 3
67 3 2
67 6 5
67 5 4
67 14 13
67 18 17
67 17 15
67 17 16
68 18 17
68 17 0
68 17 16
68 16 15
68 15 9
68 9 1
68 9 8
68 8 7
68 7 6
68 6 2
68 6 5
68 5 4
68 4 3
68 15 14
68 14 10
68 14 13
68 13 11
68 13 12
69 19 18
69 18 2
69 2 1
69 1 0
69 18 17
69 17 16
69 16 7
69 7 6
69 6 3
69 6 5
69 5 4
69 16 15
69 15 12
69 12 8
69 12 11
69 11 9
69 11 10
69 15 14
69 14 13
70 14 10
70 10 8
70 8 7
70 7 6
70 6 5
70 5 3
70 3 2
70 2 1
70 1 0
70 5 4
70 10 9
70 14 13
70 13 11
70 13 12
71 18 16
71 16 1
71 1 0
71 16 15
71 15 6
71 6 5
71 5 4
71 4 2
71 4 3
71 15 14
71 14 9
71 9 8
71 8 7
71 14 13
71 13 12
71 12 11
71 11 10
71 18 17
72 16 13
72 13 0
72 13 12
72 12 10
72 10 1
72 10 9
72 9 7
72 7 6
72 6 4
72 4 2
72 4 3
72 6 5
72 9 8
72 12 11
72 16 15
72 15 14
73 19 1
73 1 0
73 19 18
73 18 9
73 9 6
73 6 5
73 5 4
73 4 3
73 3 2
73 9 8
73 8 7
73 18 17
73 17 15
73 15 14
73 14 11
73 11 10
73 14 13
73 13 12
73 17 16
74 15 14
74 14 12
74 12 11
74 11 5
74 5 4
74 4 0
74 4 3
74 3 2
74 2 1
74 11 10
74 10 8
74 8 7
74 7 6
74 10 9
74 14 13
75 15 8
75 8 3
75 3 0
75 3 2
75 2 1
75 8 7
75 7 6
75 6 5
75 5 4
75 15 14
75 14 9
75 14 13
75 13 12
75 12 10
75 12 11
76 17 5
76 5 3
76 3 0
76 3 2
76 2 1
76 5 4
76 17 16
76 16 15
76 15 12
76 12 10
76 10 8
76 8 7
76 7 6
76 10 9
76 12 11
76 15 14
76 14 13
77 19 2
77 2 0
77 2 1
77 19 18
77 18 17
77 17 15
77 15 9
77 9 8
77 8 7
77 7 3
77 7 6
77 6 5
77 5 4
77 15 14
77 14 12
77 12 10
77 12 11
77 14 13
77 17 16
78 17 2
78 2 1
78 1 0
78 17 16
78 16 13
78 13 11
78 11 9
78 9 8
78 8 7
78 7 6
78 6 4
78 4 3
78 6 5
78 11 10
78 13 12
78 16 15
78 15 14
79 14 13
79 13 11
79 11 0
79 11 10
79 10 8
79 8 1
79 8 7
79 7 6
79 6 4
79 4 2
79 4 3
79 6 5
79 10 9
79 13 12
80 15 4
80 4 2
80 2 1
80 1 0
80 4 3
80 15 14
80 14 13
80 13 6
80 6 5
80 13 12
80 12 11
80 11 7
80 11 10
80 10 9
80 9 8
81 16 15
81 15 14
81 14 13
81 13 12
81 12 10
81 10 0
81 10 9
81 9 5
81 5 3
81 3 1
81 3 2
81 5 4
81 9 8
81 8 6
81 8 7
81 12 11
82 16 7
82 7 5
82 5 0
82 5 4
82 4 2
82 2 1
82 4 3
82 7 6
82 16 15
82 15 13
82 13 12
82 12 10
82 10 8
82 10 9
82 12 11
82 15 14
83 15 10
83 10 0
83 10 9
83 9 8
83 8 7
83 7 1
83 7 6
83 6 5
83 5 2
83 5 4
83 4 3
83 15 14
83 14 13
83 13 11
83 13 12
84 19 18
84 18 14
84 14 12
84 12 3
84 3 2
84 2 1
84 1 0
84 12 11
84 11 5
84 5 4
84 11 10
84 10 9
84 9 8
84 8 6
84 8 7
84 14 13
84 18 17
84 17 16
84 16 15
85 15 14
85 14 13
85 13 3
85 3 0
85 3 2
85 2 1
85 13 12
85 12 11
85 11 7
85 7 6
85 6 4
85 6 5
85 11 10
85 10 9
85 9 8
86 16 3
86 3 2
86 2 0
86 2 1
86 16 15
86 15 13
86 13 12
86 12 5
86 5 4
86 12 11
86 11 9
86 9 8
86 8 7
86 7 6
86 11 10
86 15 14
87 15 14
87 14 8
87 8 5
87 5 4
87 4 2
87 2 1
87 1 0
87 4 3
87 8 7
87 7 6
87 14 13
87 13 9
87 13 12
87 12 11
87 11 10
88 19 14
88 14 13
88 13 1
88 1 0
88 13 12
88 12 11
88 11 3
88 3 2
88 11 10
88 10 9
88 9 7
88 7 6
88 6 4
88 6 5
88 9 8
88 19 18
88 18 15
88 18 17
88 17 16
89 17 13
89 13 0
89 13 12
89 12 8
89 8 6
89 6 5
89 5 3
89 3 1
89 3 2
89 5 4
89 8 7
89 12 11
89 11 10
89 10 9
89 17 16
89 16 14
89 16 15
90 14 13
90 13 9
90 9 3
90 3 1
90 1 0
90 3 2
90 9 8
90 8 7
90 7 6
90 6 5
90 5 4
90 13 12
90 12 10
90 12 11
91 14 0
91 14 13
91 13 9
91 9 2
91 2 1
91 9 8
91 8 3
91 8 7
91 7 6
91 6 4
91 6 5
91 13 12
91 12 10
91 12 11
92 15 14
92 14 8
92 8 1
92 1 0
92 8 7
92 7 6
92 6 3
92 3 2
92 6 5
92 5 4
92 14 13
92 13 9
92 13 12
92 12 10
92 12 11
93 14 13
93 13 0
93 13 12
93 12 1
93 12 11
93 11 2
93 11 10
93 10 9
93 9 8
93 8 7
93 7 6
93 6 5
93 5 4
93 4 3
94 16 1
94 1 0
94 16 15
94 15 13
94 13 12
94 12 2
94 12 11
94 11 9
94 9 8
94 8 7
94 7 3
94 7 6
94 6 5
94 5 4
94 11 10
94 15 14
95 15 14
95 14 0
95 14 13
95 13 7
95 7 1
95 7 6
95 6 4
95 4 2
95 4 3
95 6 5
95 13 12
95 12 11
95 11 8
95 11 10
95 10 9
96 14 13
96 13 12
96 12 11
96 11 10
96 10 8
96 8 7
96 7 6
96 6 0
96 6 5
96 5 4
96 4 3
96 3 2
96 2 1
96 10 9
97 18 2
97 2 1
97 1 0
97 18 17
97 17 3
97 17 16
97 16 15
97 15 11
97 11 5
97 5 4
97 11 10
97 10 9
97 9 7
97 7 6
97 9 8
97 15 14
97 14 13
97 13 12
98 14 13
98 13 7
98 7 6
98 6 5
98 5 1
98 1 0
98 5 4
98 4 3
98 3 2
98 13 12
98 12 8
98 12 11
98 11 9
98 11 10
99 18 7
99 7 6
99 6 2
99 2 1
99 1 0
99 6 5
99 5 4
99 4 3
99 18 17
99 17 16
99 16 15
99 15 8
99 15 14
99 14 13
99 13 11
99 11 9
99 11 10
99 13 12
100 17 16
100 16 13
100 13 11
100 11 6
100 6 5
100 5 4
100 4 2
100 2 0
100 2 1
100 4 3
100 11 10
100 10 9
100 9 7
100 9 8
100 13 12
100 16 15
100 15 14
101 14 0
101 14 13
101 13 11
101 11 1
101 11 10
101 10 7
101 7 2
101 7 6
101 6 5
101 5 4
101 4 3
101 10 9
101 9 8
101 13 12
