1 15 1
1 1 0
1 15 14
1 14 11
1 11 9
1 9 8
1 8 7
1 7 5
1 5 4
1 4 3
1 3 2
1 7 6
1 11 10
1 14 13
1 13 12
2 14 12
2 12 11
2 11 0
2 11 10
2 10 8
2 8 3
2 3 2
2 2 1
2 8 7
2 7 6
2 6 4
2 6 5
2 10 9
2 14 13
3 16 9
3 9 7
3 7 5
3 5 2
3 2 0
3 2 1
3 5 4
3 4 3
3 7 6
3 9 8
3 16 15
3 15 12
3 12 11
3 11 10
3 15 14
3 14 13
4 16 11
4 11 3
4 3 2
4 2 0
4 2 1
4 11 10
4 10 9
4 9 8
4 8 7
4 7 6
4 6 4
4 6 5
4 16 15
4 15 12
4 15 14
4 14 13
5 18 1
5 1 0
5 18 17
5 17 5
5 5 3
5 3 2
5 5 4
5 17 16
5 16 15
5 15 10
5 10 9
5 9 8
5 8 6
5 8 7
5 15 14
5 14 12
5 12 11
5 14 13
6 15 14
6 14 10
6 10 9
6 9 8
6 8 7
6 7 2
6 2 1
6 1 0
6 7 6
6 6 5
6 5 4
6 4 3
6 14 13
6 13 12
6 12 11
7 15 14
7 14 13
7 13 12
7 12 11
7 11 10
7 10 7
7 7 0
7 7 6
7 6 2
7 2 1
7 6 5
7 5 4
7 4 3
7 10 9
7 9 8
8 17 0
8 17 16
8 16 1
8 16 15
8 15 2
8 15 14
8 14 3
8 14 13
8 13 12
8 12 11
8 11 4
8 11 10
8 10 8
8 8 6
8 6 5
8 8 7
8 10 9
9 18 17
9 17 16
9 16 15
9 15 14
9 14 13
9 13 9
9 9 8
9 8 7
9 7 6
9 6 5
9 5 4
9 4 3
9 3 0
9 3 2
9 2 1
9 13 12
9 12 10
9 12 11
10 18 17
10 17 16
10 16 10
10 10 9
10 9 5
10 5 0
10 5 4
10 4 2
10 2 1
10 4 3
10 9 8
10 8 6
10 8 7
10 16 15
10 15 11
10 15 14
10 14 13
10 13 12
11 17 1
11 1 0
11 17 16
11 16 15
11 15 14
11 14 13
11 13 4
11 4 3
11 3 2
11 13 12
11 12 5
11 12 11
11 11 10
11 10 9
11 9 6
11 9 8
11 8 7
12 19 18
12 18 0
12 18 17
12 17 2
12 2 1
12 17 16
12 16 5
12 5 3
12 5 4
12 16 15
12 15 11
12 11 10
12 10 6
12 10 9
12 9 8
12 8 7
12 15 14
12 14 12
12 14 13
13 15 13
13 13 12
13 12 11
13 11 5
13 5 0
13 5 4
13 4 1
13 4 3
13 3 2
13 11 10
13 10 7
13 7 6
13 10 9
13 9 8
13 15 14
14 14 1
14 1 0
14 14 13
14 13 2
14 13 12
14 12 7
14 7 6
14 6 3
14 6 5
14 5 4
14 12 11
14 11 9
14 9 8
14 11 10
15 18 17
15 17 3
15 3 0
15 3 2
15 2 1
15 17 16
15 16 15
15 15 14
15 14 13
15 13 12
15 12 10
15 10 9
15 9 7
15 7 6
15 6 5
15 5 4
15 9 8
15 12 11
16 17 13
16 13 3
16 3 2
16 2 1
16 1 0
16 13 12
16 12 4
16 12 11
16 11 10
16 10 6
16 6 5
16 10 9
16 9 7
16 9 8
16 17 16
16 16 15
16 15 14
17 17 16
17 16 14
17 14 8
17 8 1
17 1 0
17 8 7
17 7 5
17 5 4
17 4 3
17 3 2
17 7 6
17 14 13
17 13 11
17 11 9
17 11 10
17 13 12
17 16 15
18 17 5
18 5 0
18 5 4
18 4 3
18 3 2
18 2 1
18 17 16
18 16 15
18 15 7
18 7 6
18 15 14
18 14 13
18 13 12
18 12 10
18 10 9
18 9 8
18 12 11
19 16 12
19 12 0
19 12 11
19 11 9
19 9 8
19 8 1
19 8 7
19 7 2
19 7 6
19 6 3
19 6 5
19 5 4
19 11 10
19 16 15
19 15 13
19 15 14
20 18 7
20 7 5
20 5 4
20 4 3
20 3 2
20 2 1
20 1 0
20 7 6
20 18 17
20 17 16
20 16 8
20 16 15
20 15 14
20 14 9
20 14 13
20 13 11
20 11 10
20 13 12
21 14 2
21 2 0
21 2 1
21 14 13
21 13 12
21 12 4
21 4 3
21 12 11
21 11 8
21 8 5
21 8 7
21 7 6
21 11 10
21 10 9
22 17 4
22 4 2
22 2 1
22 1 0
22 4 3
22 17 16
22 16 15
22 15 14
22 14 10
22 10 6
22 6 5
22 10 9
22 9 7
22 9 8
22 14 13
22 13 11
22 13 12
23 16 15
23 15 0
23 15 14
23 14 2
23 2 1
23 14 13
23 13 12
23 12 9
23 9 3
23 9 8
23 8 6
23 6 4
23 6 5
23 8 7
23 12 11
23 11 10
24 14 1
24 1 0
24 14 13
24 13 12
24 12 5
24 5 2
24 5 4
24 4 3
24 12 11
24 11 10
24 10 9
24 9 8
24 8 7
24 7 6
25 18 17
25 17 12
25 12 0
25 12 11
25 11 10
25 10 1
25 10 9
25 9 6
25 6 5
25 5 4
25 4 3
25 3 2
25 9 8
25 8 7
25 17 16
25 16 13
25 16 15
25 15 14
26 14 13
26 13 11
26 11 0
26 11 10
26 10 5
26 5 4
26 4 3
26 3 1
26 3 2
26 10 9
26 9 8
26 8 7
26 7 6
26 13 12
27 14 13
27 13 1
27 1 0
27 13 12
27 12 10
27 10 2
27 10 9
27 9 8
27 8 3
27 8 7
27 7 6
27 6 4
27 6 5
27 12 11
28 17 16
28 16 15
28 15 0
28 15 14
28 14 8
28 8 7
28 7 2
28 2 1
28 7 6
28 6 4
28 4 3
28 6 5
28 14 13
28 13 10
28 10 9
28 13 12
28 12 11
29 16 7
29 7 6
29 6 2
29 2 1
29 1 0
29 6 5
29 5 3
29 5 4
29 16 15
29 15 8
29 15 14
29 14 9
29 14 13
29 13 12
29 12 10
29 12 11
30 15 14
30 14 0
30 14 13
30 13 3
30 3 2
30 2 1
30 13 12
30 12 4
30 12 11
30 11 5
30 11 10
30 10 9
30 9 6
30 9 8
30 8 7
31 14 7
31 7 0
31 7 6
31 6 2
31 2 1
31 6 5
31 5 3
31 5 4
31 14 13
31 13 12
31 12 10
31 10 8
31 10 9
31 12 11
32 15 12
32 12 11
32 11 1
32 1 0
32 11 10
32 10 9
32 9 3
32 3 2
32 9 8
32 8 7
32 7 6
32 6 4
32 6 5
32 15 14
32 14 13
33 17 1
33 1 0
33 17 16
33 16 15
33 15 12
33 12 3
33 3 2
33 12 11
33 11 10
33 10 5
33 5 4
33 10 9
33 9 8
33 8 6
33 8 7
33 15 14
33 14 13
34 17 15
34 15 1
34 1 0
34 15 14
34 14 13
34 13 3
34 3 2
34 13 12
34 12 6
34 6 4
34 6 5
34 12 11
34 11 7
34 11 10
34 10 9
34 9 8
34 17 16
35 15 14
35 14 7
35 7 1
35 1 0
35 7 6
35 6 2
35 6 5
35 5 3
35 5 4
35 14 13
35 13 9
35 9 8
35 13 12
35 12 10
35 12 11
36 17 16
36 16 15
36 15 14
36 14 10
36 10 9
36 9 8
36 8 0
36 8 7
36 7 6
36 6 4
36 4 3
36 3 2
36 2 1
36 6 5
36 14 13
36 13 11
36 13 12
37 14 1
37 1 0
37 14 13
37 13 2
37 13 12
37 12 5
37 5 3
37 5 4
37 12 11
37 11 10
37 10 7
37 7 6
37 10 9
37 9 8
38 18 16
38 16 13
38 13 5
38 5 0
38 5 4
38 4 1
38 4 3
38 3 2
38 13 12
38 12 6
38 12 11
38 11 10
38 10 9
38 9 8
38 8 7
38 16 15
38 15 14
38 18 17
39 15 2
39 2 0
39 2 1
39 15 14
39 14 11
39 11 5
39 5 3
39 5 4
39 11 10
39 10 6
39 10 9
39 9 7
39 9 8
39 14 13
39 13 12
40 16 15
40 15 14
40 14 10
40 10 5
40 5 4
40 4 3
40 3 1
40 1 0
40 3 2
40 10 9
40 9 8
40 8 7
40 7 6
40 14 13
40 13 12
40 12 11
41 14 0
41 14 13
41 13 12
41 12 2
41 2 1
41 12 11
41 11 10
41 10 3
41 10 9
41 9 8
41 8 4
41 8 7
41 7 6
41 6 5
42 17 15
42 15 0
42 15 14
42 14 13
42 13 2
42 2 1
42 13 12
42 12 10
42 10 3
42 10 9
42 9 8
42 8 7
42 7 6
42 6 4
42 6 5
42 12 11
42 17 16
43 16 7
43 7 4
43 4 0
43 4 3
43 3 1
43 3 2
43 7 6
43 6 5
43 16 15
43 15 14
43 14 8
43 14 13
43 13 12
43 12 11
43 11 10
43 10 9
44 16 15
44 15 4
44 4 1
44 1 0
44 4 3
44 3 2
44 15 14
44 14 12
44 12 9
44 9 6
44 6 5
44 9 8
44 8 7
44 12 11
44 11 10
44 14 13
45 14 0
45 14 13
45 13 7
45 7 6
45 6 1
45 6 5
45 5 4
45 4 2
45 4 3
45 13 12
45 12 9
45 9 8
45 12 11
45 11 10
46 16 4
46 4 3
46 3 0
46 3 2
46 2 1
46 16 15
46 15 5
46 15 14
46 14 6
46 14 13
46 13 7
46 13 12
46 12 10
46 10 8
46 10 9
46 12 11
47 15 0
47 15 14
47 14 1
47 14 13
47 13 11
47 11 4
47 4 2
47 4 3
47 11 10
47 10 9
47 9 7
47 7 5
47 7 6
47 9 8
47 13 12
48 19 0
48 19 18
48 18 13
48 13 12
48 12 11
48 11 1
48 11 10
48 10 6
48 6 3
48 3 2
48 6 5
48 5 4
48 10 9
48 9 7
48 9 8
48 18 17
48 17 16
48 16 14
48 16 15
49 16 0
49 16 15
49 15 14
49 14 2
49 2 1
49 14 13
49 13 4
49 4 3
49 13 12
49 12 9
49 9 8
49 8 7
49 7 6
49 6 5
49 12 11
49 11 10
50 18 17
50 17 1
50 1 0
50 17 16
50 16 15
50 15 2
50 15 14
50 14 13
50 13 12
50 12 11
50 11 8
50 8 5
50 5 3
50 5 4
50 8 7
50 7 6
50 11 10
50 10 9
51 14 9
51 9 8
51 8 7
51 7 6
51 6 1
51 1 0
51 6 5
51 5 3
51 3 2
51 5 4
51 14 13
51 13 12
51 12 10
51 12 11
52 18 17
52 17 16
52 16 9
52 9 0
52 9 8
52 8 4
52 4 3
52 3 2
52 2 1
52 8 7
52 7 5
52 7 6
52 16 15
52 15 14
52 14 10
52 14 13
52 13 12
52 12 11
53 17 16
53 16 15
53 15 11
53 11 8
53 8 7
53 7 6
53 6 5
53 5 4
53 4 3
53 3 2
53 2 0
53 2 1
53 11 10
53 10 9
53 15 14
53 14 12
53 14 13
54 16 15
54 15 14
54 14 0
54 14 13
54 13 12
54 12 1
54 12 11
54 11 2
54 11 10
54 10 7
54 7 6
54 6 3
54 6 5
54 5 4
54 10 9
54 9 8
55 14 13
55 13 2
55 2 1
55 1 0
55 13 12
55 12 3
55 12 11
55 11 10
55 10 4
55 10 9
55 9 5
55 9 8
55 8 6
55 8 7
56 14 13
56 13 9
56 9 8
56 8 3
56 3 2
56 2 1
56 1 0
56 8 7
56 7 5
56 5 4
56 7 6
56 13 12
56 12 10
56 12 11
57 19 2
57 2 0
57 2 1
57 19 18
57 18 3
57 18 17
57 17 4
57 17 16
57 16 15
57 15 7
57 7 6
57 6 5
57 15 14
57 14 12
57 12 8
57 12 11
57 11 9
57 11 10
57 14 13
58 16 0
58 16 15
58 15 6
58 6 5
58 5 4
58 4 3
58 3 2
58 2 1
58 15 14
58 14 13
58 13 12
58 12 10
58 10 8
58 8 7
58 10 9
58 12 11
59 19 17
59 17 11
59 11 3
59 3 0
59 3 2
59 2 1
59 11 10
59 10 9
59 9 8
59 8 5
59 5 4
59 8 7
59 7 6
59 17 16
59 16 12
59 16 15
59 15 14
59 14 13
59 19 18
60 14 7
60 7 6
60 6 2
60 2 1
60 1 0
60 6 5
60 5 4
60 4 3
60 14 13
60 13 8
60 13 12
60 12 11
60 11 9
60 11 10
61 18 9
61 9 8
61 8 4
61 4 0
61 4 3
61 3 2
61 2 1
61 8 7
61 7 5
61 7 6
61 18 17
61 17 10
61 17 16
61 16 14
61 14 13
61 13 11
61 13 12
61 16 15
62 15 0
62 15 14
62 14 7
62 7 6
62 6 2
62 2 1
62 6 5
62 5 4
62 4 3
62 14 13
62 13 12
62 12 10
62 10 9
62 9 8
62 12 11
63 18 0
63 18 17
63 17 6
63 6 5
63 5 4
63 4 3
63 3 1
63 3 2
63 17 16
63 16 14
63 14 13
63 13 9
63 9 7
63 9 8
63 13 12
63 12 11
63 11 10
63 16 15
64 14 13
64 13 12
64 12 10
64 10 9
64 9 8
64 8 6
64 6 0
64 6 5
64 5 4
64 4 1
64 4 3
64 3 2
64 8 7
64 12 11
65 14 0
65 14 13
65 13 5
65 5 3
65 3 1
65 3 2
65 5 4
65 13 12
65 12 6
65 12 11
65 11 10
65 10 9
65 9 8
65 8 7
66 17 16
66 16 15
66 15 1
66 1 0
66 15 14
66 14 9
66 9 8
66 8 7
66 7 6
66 6 4
66 4 2
66 4 3
66 6 5
66 14 13
66 13 12
66 12 11
66 11 10
67 18 17
67 17 16
67 16 15
67 15 14
67 14 13
67 13 12
67 12 1
67 1 0
67 12 11
67 11 9
67 9 7
67 7 2
67 7 6
67 6 5
67 5 4
67 4 3
67 9 8
67 11 10
68 19 5
68 5 4
68 4 0
68 4 3
68 3 2
68 2 1
68 19 18
68 18 17
68 17 16
68 16 7
68 7 6
68 16 15
68 15 14
68 14 12
68 12 8
68 12 11
68 11 9
68 11 10
68 14 13
69 16 15
69 15 13
69 13 2
69 2 1
69 1 0
69 13 12
69 12 3
69 12 11
69 11 10
69 10 6
69 6 5
69 5 4
69 10 9
69 9 8
69 8 7
69 15 14
70 14 10
70 10 9
70 9 4
70 4 3
70 3 0
70 3 2
70 2 1
70 9 8
70 8 7
70 7 6
70 6 5
70 14 13
70 13 12
70 12 11
71 17 16
71 16 15
71 15 9
71 9 8
71 8 7
71 7 0
71 7 6
71 6 5
71 5 4
71 4 1
71 4 3
71 3 2
71 15 14
71 14 12
71 12 10
71 12 11
71 14 13
72 17 2
72 2 0
72 2 1
72 17 16
72 16 3
72 16 15
72 15 14
72 14 13
72 13 7
72 7 6
72 6 4
72 6 5
72 13 12
72 12 10
72 10 8
72 10 9
72 12 11
73 18 0
73 18 17
73 17 16
73 16 15
73 15 12
73 12 10
73 10 2
73 2 1
73 10 9
73 9 3
73 9 8
73 8 6
73 6 5
73 5 4
73 8 7
73 12 11
73 15 14
73 14 13
74 17 16
74 16 15
74 15 3
74 3 2
74 2 1
74 1 0
74 15 14
74 14 4
74 14 13
74 13 11
74 11 5
74 11 10
74 10 8
74 8 7
74 7 6
74 10 9
74 13 12
75 16 0
75 16 15
75 15 3
75 3 1
75 3 2
75 15 14
75 14 8
75 8 7
75 7 5
75 5 4
75 7 6
75 14 13
75 13 12
75 12 9
75 12 11
75 11 10
76 18 0
76 18 17
76 17 14
76 14 12
76 12 10
76 10 9
76 9 8
76 8 1
76 8 7
76 7 5
76 5 4
76 4 3
76 3 2
76 7 6
76 12 11
76 14 13
76 17 16
76 16 15
77 16 7
77 7 1
77 1 0
77 7 6
77 6 3
77 3 2
77 6 5
77 5 4
77 16 15
77 15 14
77 14 8
77 14 13
77 13 12
77 12 11
77 11 9
77 11 10
78 14 13
78 13 12
78 12 0
78 12 11
78 11 1
78 11 10
78 10 6
78 6 2
78 6 5
78 5 3
78 5 4
78 10 9
78 9 8
78 8 7
79 18 0
79 18 17
79 17 16
79 16 15
79 15 11
79 11 10
79 10 8
79 8 7
79 7 1
79 7 6
79 6 2
79 6 5
79 5 4
79 4 3
79 10 9
79 15 14
79 14 13
79 13 12
80 14 2
80 2 1
80 1 0
80 14 13
80 13 4
80 4 3
80 13 12
80 12 8
80 8 7
80 7 5
80 7 6
80 12 11
80 11 9
80 11 10
81 14 13
81 13 12
81 12 11
81 11 9
81 9 8
81 8 7
81 7 0
81 7 6
81 6 4
81 4 3
81 3 1
81 3 2
81 6 5
81 11 10
82 17 16
82 16 10
82 10 9
82 9 8
82 8 1
82 1 0
82 8 7
82 7 4
82 4 2
82 4 3
82 7 6
82 6 5
82 16 15
82 15 14
82 14 11
82 14 13
82 13 12
83 15 12
83 12 11
83 11 9
83 9 2
83 2 0
83 2 1
83 9 8
83 8 7
83 7 4
83 4 3
83 7 6
83 6 5
83 11 10
83 15 14
83 14 13
84 17 14
84 14 13
84 13 11
84 11 7
84 7 0
84 7 6
84 6 1
84 6 5
84 5 2
84 5 4
84 4 3
84 11 10
84 10 8
84 10 9
84 13 12
84 17 16
84 16 15
85 15 6
85 6 5
85 5 4
85 4 2
85 2 1
85 1 0
85 4 3
85 15 14
85 14 13
85 13 11
85 11 9
85 9 7
85 9 8
85 11 10
85 13 12
86 14 4
86 4 0
86 4 3
86 3 2
86 2 1
86 14 13
86 13 12
86 12 9
86 9 8
86 8 5
86 8 7
86 7 6
86 12 11
86 11 10
87 17 16
87 16 3
87 3 2
87 2 1
87 1 0
87 16 15
87 15 14
87 14 13
87 13 6
87 6 4
87 6 5
87 13 12
87 12 11
87 11 10
87 10 8
87 8 7
87 10 9
88 14 13
88 13 12
88 12 10
88 10 0
88 10 9
88 9 7
88 7 6
88 6 5
88 5 4
88 4 2
88 2 1
88 4 3
88 9 8
88 12 11
89 17 3
89 3 0
89 3 2
89 2 1
89 17 16
89 16 14
89 14 12
89 12 11
89 11 10
89 10 8
89 8 7
89 7 6
89 6 4
89 6 5
89 10 9
89 14 13
89 16 15
90 17 13
90 13 6
90 6 5
90 5 3
90 3 1
90 1 0
90 3 2
90 5 4
90 13 12
90 12 11
90 11 10
90 10 9
90 9 7
90 9 8
90 17 16
90 16 14
90 16 15
91 18 0
91 18 17
91 17 12
91 12 11
91 11 10
91 10 9
91 9 3
91 3 2
91 2 1
91 9 8
91 8 7
91 7 5
91 5 4
91 7 6
91 17 16
91 16 14
91 14 13
91 16 15
92 16 15
92 15 2
92 2 0
92 2 1
92 15 14
92 14 5
92 5 4
92 4 3
92 14 13
92 13 12
92 12 7
92 7 6
92 12 11
92 11 10
92 10 8
92 10 9
93 18 0
93 18 17
93 17 16
93 16 15
93 15 6
93 6 4
93 4 1
93 4 3
93 3 2
93 6 5
93 15 14
93 14 8
93 8 7
93 14 13
93 13 12
93 12 11
93 11 9
93 11 10
94 15 14
94 14 12
94 12 11
94 11 10
94 10 8
94 8 6
94 6 5
94 5 0
94 5 4
94 4 3
94 3 2
94 2 1
94 8 7
94 10 9
94 14 13
95 16 3
95 3 2
95 2 0
95 2 1
95 16 15
95 15 11
95 11 10
95 10 8
95 8 7
95 7 6
95 6 5
95 5 4
95 10 9
95 15 14
95 14 13
95 13 12
96 18 17
96 17 0
96 17 16
96 16 1
96 16 15
96 15 10
96 10 8
96 8 7
96 7 6
96 6 2
96 6 5
96 5 4
96 4 3
96 10 9
96 15 14
96 14 13
96 13 12
96 12 11
97 16 15
97 15 14
97 14 11
97 11 8
97 8 7
97 7 1
97 1 0
97 7 6
97 6 2
97 6 5
97 5 3
97 5 4
97 11 10
97 10 9
97 14 13
97 13 12
98 16 13
98 13 12
98 12 6
98 6 5
98 5 0
98 5 4
98 4 2
98 2 1
98 4 3
98 12 11
98 11 10
98 10 9
98 9 7
98 9 8
98 16 15
98 15 14
99 19 18
99 18 8
99 8 4
99 4 2
99 2 1
99 1 0
99 4 3
99 8 7
99 7 6
99 6 5
99 18 17
99 17 16
99 16 15
99 15 12
99 12 9
99 12 11
99 11 10
99 15 14
99 14 13
100 17 16
100 16 14
100 14 4
100 4 0
100 4 3
100 3 2
100 2 1
100 14 13
100 13 11
100 11 9
100 9 8
100 8 6
100 6 5
100 8 7
100 11 10
100 13 12
100 16 15
101 18 16
101 16 2
101 2 0
101 2 1
101 16 15
101 15 14
101 14 11
101 11 8
101 8 3
101 8 7
101 7 6
101 6 5
101 5 4
101 11 10
101 10 9
101 14 13
101 13 12
101 18 17
