1 16 12
1 12 0
1 12 11
1 11 1
1 11 10
1 10 5
1 5 4
1 4 2
1 4 3
1 10 9
1 9 8
1 8 7
1 7 6
1 16 15
1 15 14
1 14 13
2 15 11
2 11 9
2 9 0
2 9 8
2 8 4
2 4 2
2 2 1
2 4 3
2 8 7
2 7 6
2 6 5
2 11 10
2 15 14
2 14 13
2 13 12
3 15 6
3 6 0
3 6 5
3 5 1
3 5 4
3 4 2
3 4 3
3 15 14
3 14 12
3 12 11
3 11 10
3 10 9
3 9 7
3 9 8
3 14 13
4 16 15
4 15 0
4 15 14
4 14 6
4 6 3
4 3 1
4 3 2
4 6 5
4 5 4
4 14 13
4 13 10
4 10 9
4 9 8
4 8 7
4 13 12
4 12 11
5 17 16
5 16 1
5 1 0
5 16 15
5 15 3
5 3 2
5 15 14
5 14 7
5 7 6
5 6 4
5 6 5
5 14 13
5 13 11
5 11 10
5 10 9
5 9 8
5 13 12
6 17 1
6 1 0
6 17 16
6 16 3
6 3 2
6 16 15
6 15 14
6 14 4
6 14 13
6 13 12
6 12 11
6 11 5
6 11 10
6 10 9
6 9 8
6 8 7
6 7 6
7 18 17
7 17 15
7 15 0
7 15 14
7 14 13
7 13 12
7 12 1
7 12 11
7 11 5
7 5 3
7 3 2
7 5 4
7 11 10
7 10 8
7 8 7
7 7 6
7 10 9
7 17 16
8 18 14
8 14 12
8 12 11
8 11 4
8 4 3
8 3 1
8 1 0
8 3 2
8 11 10
8 10 6
8 6 5
8 10 9
8 9 8
8 8 7
8 14 13
8 18 17
8 17 15
8 17 16
9 19 17
9 17 12
9 12 10
9 10 7
9 7 1
9 1 0
9 7 6
9 6 5
9 5 4
9 4 2
9 4 3
9 10 9
9 9 8
9 12 11
9 17 16
9 16 14
9 14 13
9 16 15
9 19 18
10 18 11
10 11 1
10 1 0
10 11 10
10 10 8
10 8 4
10 4 2
10 4 3
10 8 7
10 7 5
10 7 6
10 10 9
10 18 17
10 17 12
10 17 16
10 16 14
10 14 13
10 16 15
11 16 15
11 15 13
11 13 12
11 12 11
11 11 10
11 10 0
11 10 9
11 9 8
11 8 7
11 7 4
11 4 3
11 3 1
11 3 2
11 7 6
11 6 5
11 15 14
12 14 3
12 3 1
12 1 0
12 3 2
12 14 13
12 13 8
12 8 5
12 5 4
12 8 7
12 7 6
12 13 12
12 12 9
12 12 11
12 11 10
13 15 12
13 12 1
13 1 0
13 12 11
13 11 2
13 11 10
13 10 8
13 8 7
13 7 6
13 6 5
13 5 3
13 5 4
13 10 9
13 15 14
13 14 13
14 16 15
14 15 13
14 13 7
14 7 6
14 6 5
14 5 0
14 5 4
14 4 3
14 3 2
14 2 1
14 13 12
14 12 11
14 11 9
14 9 8
14 11 10
14 15 14
15 16 10
15 10 0
15 10 9
15 9 4
15 4 3
15 3 1
15 3 2
15 9 8
15 8 7
15 7 5
15 7 6
15 16 15
15 15 13
15 13 12
15 12 11
15 15 14
16 14 12
16 12 2
16 2 0
16 2 1
16 12 11
16 11 8
16 8 4
16 4 3
16 8 7
16 7 5
16 7 6
16 11 10
16 10 9
16 14 13
17 16 0
17 16 15
17 15 14
17 14 12
17 12 11
17 11 10
17 10 8
17 8 4
17 4 1
17 4 3
17 3 2
17 8 7
17 7 5
17 7 6
17 10 9
17 14 13
18 14 10
18 10 6
18 6 5
18 5 0
18 5 4
18 4 3
18 3 1
18 3 2
18 10 9
18 9 8
18 8 7
18 14 13
18 13 11
18 13 12
19 19 10
19 10 9
19 9 8
19 8 7
19 7 0
19 7 6
19 6 5
19 5 3
19 3 2
19 2 1
19 5 4
19 19 18
19 18 16
19 16 13
19 13 11
19 13 12
19 16 15
19 15 14
19 18 17
20 14 13
20 13 12
20 12 11
20 11 10
20 10 6
20 6 0
20 6 5
20 5 1
20 5 4
20 4 3
20 3 2
20 10 9
20 9 8
20 8 7
21 15 13
21 13 3
21 3 2
21 2 1
21 1 0
21 13 12
21 12 4
21 12 11
21 11 7
21 7 5
21 7 6
21 11 10
21 10 9
21 9 8
21 15 14
22 16 13
22 13 11
22 11 10
22 10 7
22 7 5
22 5 3
22 3 0
22 3 2
22 2 1
22 5 4
22 7 6
22 10 9
22 9 8
22 13 12
22 16 15
22 15 14
23 14 12
23 12 10
23 10 9
23 9 4
23 4 3
23 3 0
23 3 2
23 2 1
23 9 8
23 8 7
23 7 5
23 7 6
23 12 11
23 14 13
24 18 16
24 16 0
24 16 15
24 15 12
24 12 4
24 4 3
24 3 1
24 3 2
24 12 11
24 11 10
24 10 6
24 6 5
24 10 9
24 9 8
24 8 7
24 15 14
24 14 13
24 18 17
25 19 2
25 2 1
25 1 0
25 19 18
25 18 17
25 17 16
25 16 15
25 15 14
25 14 13
25 13 3
25 13 12
25 12 10
25 10 8
25 8 7
25 7 4
25 7 6
25 6 5
25 10 9
25 12 11
26 17 16
26 16 1
26 1 0
26 16 15
26 15 2
26 15 14
26 14 13
26 13 5
26 5 3
26 5 4
26 13 12
26 12 11
26 11 10
26 10 9
26 9 8
26 8 6
26 8 7
27 18 17
27 17 14
27 14 13
27 13 12
27 12 11
27 11 10
27 10 9
27 9 0
27 9 8
27 8 1
27 8 7
27 7 6
27 6 5
27 5 3
27 3 2
27 5 4
27 17 16
27 16 15
28 17 1
28 1 0
28 17 16
28 16 2
28 16 15
28 15 3
28 15 14
28 14 13
28 13 11
28 11 10
28 10 4
28 10 9
28 9 7
28 7 6
28 6 5
28 9 8
28 13 12
29 17 16
29 16 13
29 13 12
29 12 1
29 1 0
29 12 11
29 11 10
29 10 8
29 8 5
29 5 4
29 4 3
29 3 2
29 8 7
29 7 6
29 10 9
29 16 15
29 15 14
30 17 15
30 15 13
30 13 2
30 2 1
30 1 0
30 13 12
30 12 3
30 12 11
30 11 9
30 9 6
30 6 4
30 6 5
30 9 8
30 8 7
30 11 10
30 15 14
30 17 16
31 16 0
31 16 15
31 15 14
31 14 7
31 7 1
31 7 6
31 6 5
31 5 4
31 4 3
31 3 2
31 14 13
31 13 10
31 10 8
31 10 9
31 13 12
31 12 11
32 19 8
32 8 7
32 7 4
32 4 3
32 3 2
32 2 0
32 2 1
32 7 6
32 6 5
32 19 18
32 18 17
32 17 16
32 16 14
32 14 13
32 13 10
32 10 9
32 13 12
32 12 11
32 16 15
33 17 16
33 16 13
33 13 10
33 10 0
33 10 9
33 9 8
33 8 5
33 5 4
33 4 2
33 2 1
33 4 3
33 8 7
33 7 6
33 13 12
33 12 11
33 16 15
33 15 14
34 17 15
34 15 10
34 10 9
34 9 4
34 4 3
34 3 2
34 2 1
34 1 0
34 9 8
34 8 5
34 8 7
34 7 6
34 15 14
34 14 13
34 13 11
34 13 12
34 17 16
35 17 16
35 16 15
35 15 14
35 14 12
35 12 0
35 12 11
35 11 9
35 9 7
35 7 6
35 6 5
35 5 1
35 5 4
35 4 3
35 3 2
35 9 8
35 11 10
35 14 13
36 19 17
36 17 13
36 13 2
36 2 0
36 2 1
36 13 12
36 12 3
36 12 11
36 11 6
36 6 4
36 6 5
36 11 10
36 10 9
36 9 7
36 9 8
36 17 16
36 16 15
36 15 14
36 19 18
37 15 9
37 9 8
37 8 6
37 6 4
37 4 3
37 3 2
37 2 0
37 2 1
37 6 5
37 8 7
37 15 14
37 14 12
37 12 10
37 12 11
37 14 13
38 14 13
38 13 0
38 13 12
38 12 8
38 8 7
38 7 5
38 5 1
38 5 4
38 4 3
38 3 2
38 7 6
38 12 11
38 11 10
38 10 9
39 16 0
39 16 15
39 15 2
39 2 1
39 15 14
39 14 12
39 12 11
39 11 5
39 5 4
39 4 3
39 11 10
39 10 9
39 9 8
39 8 7
39 7 6
39 14 13
40 14 12
40 12 11
40 11 0
40 11 10
40 10 9
40 9 1
40 9 8
40 8 4
40 4 2
40 4 3
40 8 7
40 7 5
40 7 6
40 14 13
41 19 18
41 18 17
41 17 0
41 17 16
41 16 15
41 15 4
41 4 3
41 3 2
41 2 1
41 15 14
41 14 13
41 13 7
41 7 6
41 6 5
41 13 12
41 12 10
41 10 9
41 9 8
41 12 11
42 18 12
42 12 5
42 5 4
42 4 3
42 3 0
42 3 2
42 2 1
42 12 11
42 11 6
42 11 10
42 10 8
42 8 7
42 10 9
42 18 17
42 17 16
42 16 15
42 15 14
42 14 13
43 18 0
43 18 17
43 17 14
43 14 9
43 9 8
43 8 7
43 7 5
43 5 1
43 5 4
43 4 2
43 4 3
43 7 6
43 14 13
43 13 12
43 12 10
43 12 11
43 17 16
43 16 15
44 18 14
44 14 12
44 12 11
44 11 10
44 10 7
44 7 1
44 1 0
44 7 6
44 6 5
44 5 3
44 3 2
44 5 4
44 10 9
44 9 8
44 14 13
44 18 17
44 17 15
44 17 16
45 19 18
45 18 16
45 16 15
45 15 14
45 14 1
45 1 0
45 14 13
45 13 7
45 7 2
45 7 6
45 6 5
45 5 3
45 5 4
45 13 12
45 12 9
45 9 8
45 12 11
45 11 10
45 18 17
46 17 0
46 17 16
46 16 2
46 2 1
46 16 15
46 15 4
46 4 3
46 15 14
46 14 11
46 11 6
46 6 5
46 11 10
46 10 8
46 8 7
46 10 9
46 14 13
46 13 12
47 19 1
47 1 0
47 19 18
47 18 16
47 16 14
47 14 13
47 13 12
47 12 5
47 5 4
47 4 2
47 4 3
47 12 11
47 11 7
47 7 6
47 11 10
47 10 9
47 9 8
47 16 15
47 18 17
48 17 15
48 15 0
48 15 14
48 14 13
48 13 2
48 2 1
48 13 12
48 12 10
48 10 3
48 10 9
48 9 8
48 8 4
48 8 7
48 7 5
48 7 6
48 12 11
48 17 16
49 19 3
49 3 2
49 2 0
49 2 1
49 19 18
49 18 4
49 18 17
49 17 16
49 16 6
49 6 5
49 16 15
49 15 8
49 8 7
49 15 14
49 14 12
49 12 9
49 12 11
49 11 10
49 14 13
50 14 10
50 10 0
50 10 9
50 9 8
50 8 4
50 4 3
50 3 1
50 3 2
50 8 7
50 7 5
50 7 6
50 14 13
50 13 12
50 12 11
51 15 2
51 2 1
51 1 0
51 15 14
51 14 5
51 5 3
51 5 4
51 14 13
51 13 7
51 7 6
51 13 12
51 12 10
51 10 8
51 10 9
51 12 11
52 19 6
52 6 4
52 4 0
52 4 3
52 3 2
52 2 1
52 6 5
52 19 18
52 18 12
52 12 9
52 9 8
52 8 7
52 12 11
52 11 10
52 18 17
52 17 13
52 17 16
52 16 15
52 15 14
53 17 16
53 16 15
53 15 14
53 14 12
53 12 10
53 10 9
53 9 8
53 8 4
53 4 0
53 4 3
53 3 2
53 2 1
53 8 7
53 7 6
53 6 5
53 12 11
53 14 13
54 16 15
54 15 10
54 10 6
54 6 0
54 6 5
54 5 3
54 3 2
54 2 1
54 5 4
54 10 9
54 9 8
54 8 7
54 15 14
54 14 12
54 12 11
54 14 13
55 16 10
55 10 7
55 7 6
55 6 5
55 5 4
55 4 0
55 4 3
55 3 1
55 3 2
55 10 9
55 9 8
55 16 15
55 15 13
55 13 12
55 12 11
55 15 14
56 17 11
56 11 9
56 9 8
56 8 6
56 6 5
56 5 0
56 5 4
56 4 2
56 2 1
56 4 3
56 8 7
56 11 10
56 17 16
56 16 12
56 16 15
56 15 14
56 14 13
57 15 13
57 13 12
57 12 0
57 12 11
57 11 10
57 10 9
57 9 3
57 3 2
57 2 1
57 9 8
57 8 7
57 7 5
57 5 4
57 7 6
57 15 14
58 16 13
58 13 5
58 5 3
58 3 2
58 2 1
58 1 0
58 5 4
58 13 12
58 12 10
58 10 6
58 10 9
58 9 7
58 9 8
58 12 11
58 16 15
58 15 14
59 14 12
59 12 0
59 12 11
59 11 10
59 10 4
59 4 3
59 3 1
59 3 2
59 10 9
59 9 8
59 8 7
59 7 6
59 6 5
59 14 13
60 19 18
60 18 17
60 17 3
60 3 1
60 1 0
60 3 2
60 17 16
60 16 15
60 15 4
60 15 14
60 14 11
60 11 5
60 11 10
60 10 8
60 8 6
60 8 7
60 10 9
60 14 13
60 13 12
61 16 15
61 15 14
61 14 1
61 1 0
61 14 13
61 13 2
61 13 12
61 12 10
61 10 9
61 9 8
61 8 7
61 7 5
61 5 3
61 5 4
61 7 6
61 12 11
62 16 4
62 4 3
62 3 0
62 3 2
62 2 1
62 16 15
62 15 14
62 14 13
62 13 12
62 12 10
62 10 9
62 9 6
62 6 5
62 9 8
62 8 7
62 12 11
63 15 7
63 7 3
63 3 2
63 2 1
63 1 0
63 7 6
63 6 5
63 5 4
63 15 14
63 14 13
63 13 12
63 12 11
63 11 10
63 10 9
63 9 8
64 15 0
64 15 14
64 14 1
64 14 13
64 13 12
64 12 3
64 3 2
64 12 11
64 11 10
64 10 9
64 9 8
64 8 5
64 5 4
64 8 7
64 7 6
65 14 12
65 12 0
65 12 11
65 11 10
65 10 1
65 10 9
65 9 8
65 8 7
65 7 4
65 4 2
65 4 3
65 7 6
65 6 5
65 14 13
66 17 8
66 8 7
66 7 6
66 6 0
66 6 5
66 5 1
66 5 4
66 4 2
66 4 3
66 17 16
66 16 11
66 11 10
66 10 9
66 16 15
66 15 14
66 14 13
66 13 12
67 17 16
67 16 1
67 1 0
67 16 15
67 15 5
67 5 2
67 5 4
67 4 3
67 15 14
67 14 9
67 9 7
67 7 6
67 9 8
67 14 13
67 13 12
67 12 11
67 11 10
68 14 12
68 12 1
68 1 0
68 12 11
68 11 3
68 3 2
68 11 10
68 10 9
68 9 8
68 8 7
68 7 5
68 5 4
68 7 6
68 14 13
69 18 17
69 17 13
69 13 8
69 8 0
69 8 7
69 7 3
69 3 1
69 3 2
69 7 6
69 6 5
69 5 4
69 13 12
69 12 11
69 11 10
69 10 9
69 17 16
69 16 15
69 15 14
70 16 9
70 9 8
70 8 7
70 7 2
70 2 1
70 1 0
70 7 6
70 6 5
70 5 4
70 4 3
70 16 15
70 15 14
70 14 10
70 14 13
70 13 12
70 12 11
71 15 14
71 14 13
71 13 11
71 11 0
71 11 10
71 10 7
71 7 1
71 7 6
71 6 5
71 5 2
71 5 4
71 4 3
71 10 9
71 9 8
71 13 12
72 19 17
72 17 0
72 17 16
72 16 15
72 15 13
72 13 9
72 9 7
72 7 6
72 6 5
72 5 3
72 3 2
72 2 1
72 5 4
72 9 8
72 13 12
72 12 10
72 12 11
72 15 14
72 19 18
73 14 13
73 13 11
73 11 8
73 8 6
73 6 4
73 4 2
73 2 0
73 2 1
73 4 3
73 6 5
73 8 7
73 11 10
73 10 9
73 13 12
74 18 17
74 17 9
74 9 3
74 3 2
74 2 0
74 2 1
74 9 8
74 8 4
74 8 7
74 7 6
74 6 5
74 17 16
74 16 12
74 12 10
74 12 11
74 16 15
74 15 13
74 15 14
75 18 17
75 17 16
75 16 0
75 16 15
75 15 14
75 14 2
75 2 1
75 14 13
75 13 12
75 12 4
75 4 3
75 12 11
75 11 10
75 10 7
75 7 6
75 6 5
75 10 9
75 9 8
76 14 12
76 12 8
76 8 7
76 7 5
76 5 4
76 4 3
76 3 1
76 1 0
76 3 2
76 7 6
76 12 11
76 11 10
76 10 9
76 14 13
77 15 14
77 14 13
77 13 11
77 11 0
77 11 10
77 10 3
77 3 1
77 3 2
77 10 9
77 9 7
77 7 5
77 5 4
77 7 6
77 9 8
77 13 12
78 18 0
78 18 17
78 17 16
78 16 15
78 15 1
78 15 14
78 14 13
78 13 2
78 13 12
78 12 10
78 10 9
78 9 3
78 9 8
78 8 7
78 7 5
78 5 4
78 7 6
78 12 11
79 15 11
79 11 10
79 10 8
79 8 6
79 6 4
79 4 3
79 3 2
79 2 0
79 2 1
79 6 5
79 8 7
79 10 9
79 15 14
79 14 13
79 13 12
80 15 1
80 1 0
80 15 14
80 14 2
80 14 13
80 13 3
80 13 12
80 12 10
80 10 5
80 5 4
80 10 9
80 9 7
80 7 6
80 9 8
80 12 11
81 15 14
81 14 7
81 7 6
81 6 5
81 5 4
81 4 3
81 3 1
81 1 0
81 3 2
81 14 13
81 13 12
81 12 9
81 9 8
81 12 11
81 11 10
82 18 4
82 4 3
82 3 1
82 1 0
82 3 2
82 18 17
82 17 16
82 16 15
82 15 8
82 8 6
82 6 5
82 8 7
82 15 14
82 14 9
82 14 13
82 13 12
82 12 11
82 11 10
83 16 0
83 16 15
83 15 13
83 13 11
83 11 1
83 11 10
83 10 8
83 8 7
83 7 5
83 5 2
83 5 4
83 4 3
83 7 6
83 10 9
83 13 12
83 15 14
84 16 15
84 15 0
84 15 14
84 14 13
84 13 5
84 5 1
84 5 4
84 4 2
84 4 3
84 13 12
84 12 11
84 11 9
84 9 8
84 8 6
84 8 7
84 11 10
85 17 15
85 15 0
85 15 14
85 14 13
85 13 12
85 12 9
85 9 8
85 8 7
85 7 1
85 7 6
85 6 5
85 5 2
85 5 4
85 4 3
85 12 11
85 11 10
85 17 16
86 15 14
86 14 12
86 12 9
86 9 1
86 1 0
86 9 8
86 8 3
86 3 2
86 8 7
86 7 6
86 6 4
86 6 5
86 12 11
86 11 10
86 14 13
87 14 5
87 5 4
87 4 2
87 2 1
87 1 0
87 4 3
87 14 13
87 13 12
87 12 11
87 11 10
87 10 9
87 9 7
87 7 6
87 9 8
88 18 6
88 6 5
88 5 4
88 4 3
88 3 2
88 2 0
88 2 1
88 18 17
88 17 11
88 11 7
88 11 10
88 10 8
88 10 9
88 17 16
88 16 15
88 15 12
88 15 14
88 14 13
89 18 0
89 18 17
89 17 2
89 2 1
89 17 16
89 16 15
89 15 14
89 14 3
89 14 13
89 13 4
89 13 12
89 12 5
89 12 11
89 11 10
89 10 9
89 9 6
89 9 8
89 8 7
90 17 15
90 15 14
90 14 11
90 11 10
90 10 0
90 10 9
90 9 2
90 2 1
90 9 8
90 8 7
90 7 6
90 6 3
90 6 5
90 5 4
90 14 13
90 13 12
90 17 16
91 17 2
91 2 1
91 1 0
91 17 16
91 16 13
91 13 12
91 12 3
91 12 11
91 11 10
91 10 5
91 5 4
91 10 9
91 9 8
91 8 6
91 8 7
91 16 15
91 15 14
92 16 0
92 16 15
92 15 7
92 7 6
92 6 5
92 5 1
92 5 4
92 4 2
92 4 3
92 15 14
92 14 9
92 9 8
92 14 13
92 13 12
92 12 10
92 12 11
93 15 0
93 15 14
93 14 13
93 13 10
93 10 9
93 9 5
93 5 1
93 5 4
93 4 3
93 3 2
93 9 8
93 8 7
93 7 6
93 13 12
93 12 11
94 19 18
94 18 17
94 17 16
94 16 0
94 16 15
94 15 1
94 15 14
94 14 3
94 3 2
94 14 13
94 13 10
94 10 9
94 9 7
94 7 4
94 7 6
94 6 5
94 9 8
94 13 12
94 12 11
95 15 2
95 2 1
95 1 0
95 15 14
95 14 4
95 4 3
95 14 13
95 13 5
95 13 12
95 12 10
95 10 6
95 10 9
95 9 8
95 8 7
95 12 11
96 17 6
96 6 2
96 2 1
96 1 0
96 6 5
96 5 4
96 4 3
96 17 16
96 16 8
96 8 7
96 16 15
96 15 9
96 15 14
96 14 10
96 14 13
96 13 12
96 12 11
97 17 5
97 5 4
97 4 2
97 2 0
97 2 1
97 4 3
97 17 16
97 16 15
97 15 11
97 11 6
97 11 10
97 10 7
97 10 9
97 9 8
97 15 14
97 14 12
97 14 13
98 18 0
98 18 17
98 17 5
98 5 3
98 3 2
98 2 1
98 5 4
98 17 16
98 16 15
98 15 14
98 14 10
98 10 6
98 10 9
98 9 7
98 9 8
98 14 13
98 13 12
98 12 11
99 19 18
99 18 16
99 16 15
99 15 12
99 12 11
99 11 7
99 7 6
99 6 4
99 4 1
99 1 0
99 4 3
99 3 2
99 6 5
99 11 10
99 10 9
99 9 8
99 15 14
99 14 13
99 18 17
100 17 16
100 16 15
100 15 12
100 12 4
100 4 2
100 2 0
100 2 1
100 4 3
100 12 11
100 11 6
100 6 5
100 11 10
100 10 9
100 9 8
100 8 7
100 15 14
100 14 13
101 16 0
101 16 15
101 15 14
101 14 2
101 2 1
101 14 13
101 13 12
101 12 3
101 12 11
101 11 10
101 10 9
101 9 8
101 8 7
101 7 6
101 6 4
101 6 5
