1 15 14
1 14 13
1 13 11
1 11 1
1 1 0
1 11 10
1 10 5
1 5 3
1 3 2
1 5 4
1 10 9
1 9 6
1 9 8
1 8 7
1 13 12
2 14 13
2 13 9
2 9 0
2 9 8
2 8 6
2 6 5
2 5 4
2 4 3
2 3 2
2 2 1
2 8 7
2 13 12
2 12 10
2 12 11
3 19 5
3 5 4
3 4 3
3 3 1
3 1 0
3 3 2
3 19 18
3 18 17
3 17 13
3 13 12
3 12 9
3 9 6
3 9 8
3 8 7
3 12 11
3 11 10
3 17 16
3 16 15
3 15 14
4 18 17
4 17 0
4 17 16
4 16 8
4 8 1
4 8 7
4 7 6
4 6 5
4 5 4
4 4 2
4 4 3
4 16 15
4 15 12
4 12 11
4 11 10
4 10 9
4 15 14
4 14 13
5 17 2
5 2 1
5 1 0
5 17 16
5 16 14
5 14 3
5 14 13
5 13 4
5 13 12
5 12 6
5 6 5
5 12 11
5 11 10
5 10 9
5 9 8
5 8 7
5 16 15
6 14 13
6 13 12
6 12 11
6 11 10
6 10 1
6 1 0
6 10 9
6 9 2
6 9 8
6 8 3
6 8 7
6 7 5
6 5 4
6 7 6
7 14 13
7 13 4
7 4 3
7 3 2
7 2 1
7 1 0
7 13 12
7 12 5
7 12 11
7 11 8
7 8 6
7 8 7
7 11 10
7 10 9
8 19 3
8 3 2
8 2 0
8 2 1
8 19 18
8 18 17
8 17 15
8 15 13
8 13 6
8 6 4
8 6 5
8 13 12
8 12 10
8 10 9
8 9 8
8 8 7
8 12 11
8 15 14
8 17 16
9 19 6
9 6 5
9 5 4
9 4 0
9 4 3
9 3 1
9 3 2
9 19 18
9 18 7
9 18 17
9 17 8
9 17 16
9 16 15
9 15 14
9 14 13
9 13 12
9 12 11
9 11 9
9 11 10
10 17 16
10 16 8
10 8 6
10 6 2
10 2 1
10 1 0
10 6 5
10 5 3
10 5 4
10 8 7
10 16 15
10 15 14
10 14 10
10 10 9
10 14 13
10 13 12
10 12 11
11 17 13
11 13 11
11 11 8
11 8 7
11 7 5
11 5 3
11 3 2
11 2 0
11 2 1
11 5 4
11 7 6
11 11 10
11 10 9
11 13 12
11 17 16
11 16 14
11 16 15
12 15 0
12 15 14
12 14 3
12 3 2
12 2 1
12 14 13
12 13 7
12 7 6
12 6 4
12 6 5
12 13 12
12 12 8
12 12 11
12 11 10
12 10 9
13 15 0
13 15 14
13 14 13
13 13 11
13 11 9
13 9 8
13 8 7
13 7 2
13 2 1
13 7 6
13 6 5
13 5 3
13 5 4
13 11 10
13 13 12
14 14 0
14 14 13
14 13 8
14 8 7
14 7 5
14 5 1
14 5 4
14 4 3
14 3 2
14 7 6
14 13 12
14 12 10
14 10 9
14 12 11
15 14 13
15 13 12
15 12 11
15 11 10
15 10 1
15 1 0
15 10 9
15 9 7
15 7 2
15 7 6
15 6 5
15 5 4
15 4 3
15 9 8
16 17 15
16 15 14
16 14 13
16 13 1
16 1 0
16 13 12
16 12 2
16 12 11
16 11 10
16 10 9
16 9 3
16 9 8
16 8 7
16 7 6
16 6 5
16 5 4
16 17 16
17 14 8
17 8 2
17 2 1
17 1 0
17 8 7
17 7 6
17 6 5
17 5 3
17 5 4
17 14 13
17 13 12
17 12 11
17 11 9
17 11 10
18 16 15
18 15 0
18 15 14
18 14 6
18 6 3
18 3 2
18 2 1
18 6 5
18 5 4
18 14 13
18 13 11
18 11 9
18 9 7
18 9 8
18 11 10
18 13 12
19 16 15
19 15 2
19 2 0
19 2 1
19 15 14
19 14 13
19 13 3
19 13 12
19 12 5
19 5 4
19 12 11
19 11 6
19 11 10
19 10 9
19 9 8
19 8 7
20 19 15
20 15 10
20 10 1
20 1 0
20 10 9
20 9 4
20 4 3
20 3 2
20 9 8
20 8 5
20 8 7
20 7 6
20 15 14
20 14 12
20 12 11
20 14 13
20 19 18
20 18 17
20 17 16
21 15 7
21 7 5
21 5 4
21 4 0
21 4 3
21 3 1
21 3 2
21 7 6
21 15 14
21 14 13
21 13 11
21 11 10
21 10 9
21 9 8
21 13 12
22 14 6
22 6 4
22 4 1
22 1 0
22 4 3
22 3 2
22 6 5
22 14 13
22 13 8
22 8 7
22 13 12
22 12 9
22 12 11
22 11 10
23 16 14
23 14 13
23 13 12
23 12 11
23 11 9
23 9 7
23 7 5
23 5 4
23 4 1
23 1 0
23 4 3
23 3 2
23 7 6
23 9 8
23 11 10
23 16 15
24 17 16
24 16 10
24 10 9
24 9 4
24 4 2
24 2 1
24 1 0
24 4 3
24 9 8
24 8 7
24 7 5
24 7 6
24 16 15
24 15 14
24 14 13
24 13 11
24 13 12
25 17 1
25 1 0
25 17 16
25 16 15
25 15 2
25 15 14
25 14 12
25 12 10
25 10 9
25 9 8
25 8 7
25 7 3
25 7 6
25 6 4
25 6 5
25 12 11
25 14 13
26 15 0
26 15 14
26 14 12
26 12 2
26 2 1
26 12 11
26 11 10
26 10 9
26 9 6
26 6 5
26 5 4
26 4 3
26 9 8
26 8 7
26 14 13
27 15 3
27 3 2
27 2 0
27 2 1
27 15 14
27 14 11
27 11 7
27 7 6
27 6 5
27 5 4
27 11 10
27 10 8
27 10 9
27 14 13
27 13 12
28 14 13
28 13 12
28 12 5
28 5 4
28 4 0
28 4 3
28 3 2
28 2 1
28 12 11
28 11 6
28 11 10
28 10 8
28 8 7
28 10 9
29 14 9
29 9 0
29 9 8
29 8 6
29 6 5
29 5 4
29 4 1
29 4 3
29 3 2
29 8 7
29 14 13
29 13 11
29 11 10
29 13 12
30 16 9
30 9 0
30 9 8
30 8 7
30 7 1
30 7 6
30 6 5
30 5 3
30 3 2
30 5 4
30 16 15
30 15 10
30 15 14
30 14 13
30 13 12
30 12 11
31 18 17
31 17 16
31 16 1
31 1 0
31 16 15
31 15 11
31 11 10
31 10 6
31 6 5
31 5 3
31 3 2
31 5 4
31 10 9
31 9 8
31 8 7
31 15 14
31 14 13
31 13 12
32 16 13
32 13 0
32 13 12
32 12 7
32 7 6
32 6 5
32 5 3
32 3 2
32 2 1
32 5 4
32 12 11
32 11 10
32 10 8
32 10 9
32 16 15
32 15 14
33 15 14
33 14 11
33 11 1
33 1 0
33 11 10
33 10 9
33 9 2
33 9 8
33 8 7
33 7 6
33 6 3
33 6 5
33 5 4
33 14 13
33 13 12
34 18 17
34 17 16
34 16 14
34 14 2
34 2 1
34 1 0
34 14 13
34 13 11
34 11 9
34 9 5
34 5 3
34 5 4
34 9 8
34 8 6
34 8 7
34 11 10
34 13 12
34 16 15
35 18 17
35 17 15
35 15 14
35 14 10
35 10 9
35 9 7
35 7 5
35 5 3
35 3 0
35 3 2
35 2 1
35 5 4
35 7 6
35 9 8
35 14 13
35 13 11
35 13 12
35 17 16
36 14 13
36 13 11
36 11 0
36 11 10
36 10 2
36 2 1
36 10 9
36 9 3
36 9 8
36 8 4
36 8 7
36 7 6
36 6 5
36 13 12
37 19 18
37 18 0
37 18 17
37 17 16
37 16 14
37 14 1
37 14 13
37 13 2
37 13 12
37 12 7
37 7 3
37 7 6
37 6 4
37 6 5
37 12 11
37 11 10
37 10 8
37 10 9
37 16 15
38 14 13
38 13 2
38 2 1
38 1 0
38 13 12
38 12 11
38 11 9
38 9 3
38 9 8
38 8 6
38 6 4
38 6 5
38 8 7
38 11 10
39 17 0
39 17 16
39 16 14
39 14 13
39 13 5
39 5 1
39 5 4
39 4 2
39 4 3
39 13 12
39 12 9
39 9 8
39 8 7
39 7 6
39 12 11
39 11 10
39 16 15
40 16 15
40 15 12
40 12 9
40 9 8
40 8 7
40 7 0
40 7 6
40 6 5
40 5 4
40 4 2
40 2 1
40 4 3
40 12 11
40 11 10
40 15 14
40 14 13
41 15 11
41 11 10
41 10 5
41 5 4
41 4 0
41 4 3
41 3 1
41 3 2
41 10 9
41 9 8
41 8 6
41 8 7
41 15 14
41 14 13
41 13 12
42 16 14
42 14 13
42 13 4
42 4 2
42 2 1
42 1 0
42 4 3
42 13 12
42 12 11
42 11 10
42 10 9
42 9 6
42 6 5
42 9 8
42 8 7
42 16 15
43 18 11
43 11 9
43 9 8
43 8 6
43 6 3
43 3 0
43 3 2
43 2 1
43 6 5
43 5 4
43 8 7
43 11 10
43 18 17
43 17 16
43 16 15
43 15 14
43 14 12
43 14 13
44 17 3
44 3 0
44 3 2
44 2 1
44 17 16
44 16 15
44 15 12
44 12 4
44 12 11
44 11 10
44 10 8
44 8 5
44 8 7
44 7 6
44 10 9
44 15 14
44 14 13
45 14 0
45 14 13
45 13 12
45 12 11
45 11 10
45 10 9
45 9 8
45 8 3
45 3 1
45 3 2
45 8 7
45 7 6
45 6 4
45 6 5
46 19 16
46 16 0
46 16 15
46 15 8
46 8 3
46 3 2
46 2 1
46 8 7
46 7 5
46 5 4
46 7 6
46 15 14
46 14 13
46 13 12
46 12 9
46 12 11
46 11 10
46 19 18
46 18 17
47 14 13
47 13 0
47 13 12
47 12 6
47 6 3
47 3 1
47 3 2
47 6 5
47 5 4
47 12 11
47 11 7
47 11 10
47 10 9
47 9 8
48 14 2
48 2 1
48 1 0
48 14 13
48 13 9
48 9 7
48 7 6
48 6 5
48 5 4
48 4 3
48 9 8
48 13 12
48 12 11
48 11 10
49 14 7
49 7 6
49 6 0
49 6 5
49 5 4
49 4 2
49 2 1
49 4 3
49 14 13
49 13 12
49 12 11
49 11 8
49 11 10
49 10 9
50 14 5
50 5 0
50 5 4
50 4 1
50 4 3
50 3 2
50 14 13
50 13 12
50 12 11
50 11 10
50 10 9
50 9 8
50 8 6
50 8 7
51 16 0
51 16 15
51 15 13
51 13 1
51 13 12
51 12 5
51 5 4
51 4 2
51 4 3
51 12 11
51 11 10
51 10 9
51 9 6
51 9 8
51 8 7
51 15 14
52 19 0
52 19 18
52 18 11
52 11 9
52 9 8
52 8 3
52 3 1
52 3 2
52 8 7
52 7 5
52 5 4
52 7 6
52 11 10
52 18 17
52 17 16
52 16 13
52 13 12
52 16 15
52 15 14
53 18 17
53 17 16
53 16 13
53 13 11
53 11 9
53 9 7
53 7 6
53 6 3
53 3 1
53 1 0
53 3 2
53 6 5
53 5 4
53 9 8
53 11 10
53 13 12
53 16 15
53 15 14
54 16 9
54 9 5
54 5 4
54 4 3
54 3 0
54 3 2
54 2 1
54 9 8
54 8 7
54 7 6
54 16 15
54 15 14
54 14 13
54 13 12
54 12 10
54 12 11
55 19 13
55 13 0
55 13 12
55 12 11
55 11 1
55 11 10
55 10 8
55 8 2
55 8 7
55 7 6
55 6 5
55 5 3
55 5 4
55 10 9
55 19 18
55 18 16
55 16 15
55 15 14
55 18 17
56 16 0
56 16 15
56 15 14
56 14 13
56 13 12
56 12 11
56 11 6
56 6 5
56 5 4
56 4 2
56 2 1
56 4 3
56 11 10
56 10 9
56 9 8
56 8 7
57 16 1
57 1 0
57 16 15
57 15 2
57 15 14
57 14 13
57 13 5
57 5 4
57 4 3
57 13 12
57 12 11
57 11 10
57 10 9
57 9 8
57 8 7
57 7 6
58 16 11
58 11 1
58 1 0
58 11 10
58 10 5
58 5 4
58 4 3
58 3 2
58 10 9
58 9 6
58 9 8
58 8 7
58 16 15
58 15 14
58 14 12
58 14 13
59 16 14
59 14 3
59 3 2
59 2 0
59 2 1
59 14 13
59 13 12
59 12 11
59 11 4
59 11 10
59 10 6
59 6 5
59 10 9
59 9 7
59 9 8
59 16 15
60 19 0
60 19 18
60 18 17
60 17 16
60 16 11
60 11 9
60 9 6
60 6 5
60 5 2
60 2 1
60 5 4
60 4 3
60 9 8
60 8 7
60 11 10
60 16 15
60 15 13
60 13 12
60 15 14
61 15 1
61 1 0
61 15 14
61 14 3
61 3 2
61 14 13
61 13 11
61 11 10
61 10 9
61 9 4
61 9 8
61 8 7
61 7 5
61 7 6
61 13 12
62 14 10
62 10 9
62 9 1
62 1 0
62 9 8
62 8 6
62 6 3
62 3 2
62 6 5
62 5 4
62 8 7
62 14 13
62 13 12
62 12 11
63 15 12
63 12 8
63 8 7
63 7 3
63 3 2
63 2 0
63 2 1
63 7 6
63 6 4
63 6 5
63 12 11
63 11 9
63 11 10
63 15 14
63 14 13
64 14 13
64 13 1
64 1 0
64 13 12
64 12 6
64 6 4
64 4 3
64 3 2
64 6 5
64 12 11
64 11 7
64 11 10
64 10 9
64 9 8
65 14 13
65 13 0
65 13 12
65 12 11
65 11 3
65 3 1
65 3 2
65 11 10
65 10 4
65 10 9
65 9 5
65 9 8
65 8 6
65 8 7
66 16 15
66 15 14
66 14 12
66 12 11
66 11 0
66 11 10
66 10 8
66 8 4
66 4 1
66 4 3
66 3 2
66 8 7
66 7 5
66 7 6
66 10 9
66 14 13
67 15 14
67 14 3
67 3 1
67 1 0
67 3 2
67 14 13
67 13 12
67 12 9
67 9 8
67 8 7
67 7 6
67 6 4
67 6 5
67 12 11
67 11 10
68 15 3
68 3 2
68 2 1
68 1 0
68 15 14
68 14 5
68 5 4
68 14 13
68 13 12
68 12 11
68 11 6
68 11 10
68 10 9
68 9 8
68 8 7
69 15 13
69 13 0
69 13 12
69 12 11
69 11 1
69 11 10
69 10 9
69 9 3
69 3 2
69 9 8
69 8 6
69 6 5
69 5 4
69 8 7
69 15 14
70 17 16
70 16 1
70 1 0
70 16 15
70 15 14
70 14 13
70 13 3
70 3 2
70 13 12
70 12 11
70 11 9
70 9 4
70 9 8
70 8 7
70 7 5
70 7 6
70 11 10
71 14 12
71 12 8
71 8 0
71 8 7
71 7 1
71 7 6
71 6 5
71 5 2
71 5 4
71 4 3
71 12 11
71 11 10
71 10 9
71 14 13
72 16 14
72 14 12
72 12 11
72 11 10
72 10 9
72 9 8
72 8 7
72 7 6
72 6 4
72 4 1
72 1 0
72 4 3
72 3 2
72 6 5
72 14 13
72 16 15
73 17 0
73 17 16
73 16 15
73 15 13
73 13 1
73 13 12
73 12 11
73 11 2
73 11 10
73 10 4
73 4 3
73 10 9
73 9 8
73 8 5
73 8 7
73 7 6
73 15 14
74 14 0
74 14 13
74 13 3
74 3 2
74 2 1
74 13 12
74 12 7
74 7 4
74 7 6
74 6 5
74 12 11
74 11 10
74 10 8
74 10 9
75 15 14
75 14 5
75 5 0
75 5 4
75 4 3
75 3 1
75 3 2
75 14 13
75 13 9
75 9 6
75 9 8
75 8 7
75 13 12
75 12 10
75 12 11
76 16 0
76 16 15
76 15 1
76 15 14
76 14 2
76 14 13
76 13 4
76 4 3
76 13 12
76 12 9
76 9 8
76 8 5
76 8 7
76 7 6
76 12 11
76 11 10
77 19 10
77 10 0
77 10 9
77 9 8
77 8 2
77 2 1
77 8 7
77 7 3
77 7 6
77 6 4
77 6 5
77 19 18
77 18 13
77 13 11
77 13 12
77 18 17
77 17 14
77 17 16
77 16 15
78 16 0
78 16 15
78 15 9
78 9 8
78 8 7
78 7 1
78 7 6
78 6 3
78 3 2
78 6 5
78 5 4
78 15 14
78 14 10
78 14 13
78 13 12
78 12 11
79 17 12
79 12 10
79 10 0
79 10 9
79 9 8
79 8 7
79 7 1
79 7 6
79 6 5
79 5 2
79 5 4
79 4 3
79 12 11
79 17 16
79 16 14
79 14 13
79 16 15
80 15 13
80 13 12
80 12 1
80 1 0
80 12 11
80 11 2
80 11 10
80 10 3
80 10 9
80 9 4
80 9 8
80 8 5
80 8 7
80 7 6
80 15 14
81 14 13
81 13 8
81 8 6
81 6 4
81 4 2
81 2 0
81 2 1
81 4 3
81 6 5
81 8 7
81 13 12
81 12 9
81 12 11
81 11 10
82 19 17
82 17 4
82 4 0
82 4 3
82 3 1
82 3 2
82 17 16
82 16 15
82 15 14
82 14 13
82 13 5
82 13 12
82 12 9
82 9 6
82 9 8
82 8 7
82 12 11
82 11 10
82 19 18
83 18 17
83 17 16
83 16 15
83 15 7
83 7 1
83 1 0
83 7 6
83 6 2
83 6 5
83 5 4
83 4 3
83 15 14
83 14 13
83 13 11
83 11 9
83 9 8
83 11 10
83 13 12
84 18 17
84 17 0
84 17 16
84 16 14
84 14 13
84 13 11
84 11 10
84 10 9
84 9 1
84 9 8
84 8 7
84 7 2
84 7 6
84 6 4
84 4 3
84 6 5
84 13 12
84 16 15
85 19 13
85 13 12
85 12 2
85 2 0
85 2 1
85 12 11
85 11 3
85 11 10
85 10 9
85 9 8
85 8 7
85 7 5
85 5 4
85 7 6
85 19 18
85 18 17
85 17 16
85 16 14
85 16 15
86 18 0
86 18 17
86 17 16
86 16 15
86 15 14
86 14 3
86 3 1
86 3 2
86 14 13
86 13 5
86 5 4
86 13 12
86 12 11
86 11 9
86 9 6
86 9 8
86 8 7
86 11 10
87 15 1
87 1 0
87 15 14
87 14 13
87 13 11
87 11 9
87 9 5
87 5 2
87 5 4
87 4 3
87 9 8
87 8 6
87 8 7
87 11 10
87 13 12
88 18 17
88 17 16
88 16 14
88 14 13
88 13 12
88 12 10
88 10 9
88 9 5
88 5 4
88 4 2
88 2 0
88 2 1
88 4 3
88 9 8
88 8 7
88 7 6
88 12 11
88 16 15
89 18 16
89 16 9
89 9 1
89 1 0
89 9 8
89 8 2
89 8 7
89 7 4
89 4 3
89 7 6
89 6 5
89 16 15
89 15 14
89 14 13
89 13 11
89 11 10
89 13 12
89 18 17
90 14 13
90 13 12
90 12 11
90 11 2
90 2 1
90 1 0
90 11 10
90 10 9
90 9 8
90 8 7
90 7 6
90 6 5
90 5 4
90 4 3
91 19 17
91 17 16
91 16 15
91 15 14
91 14 12
91 12 7
91 7 3
91 3 0
91 3 2
91 2 1
91 7 6
91 6 4
91 6 5
91 12 11
91 11 9
91 9 8
91 11 10
91 14 13
91 19 18
92 16 15
92 15 14
92 14 0
92 14 13
92 13 1
92 13 12
92 12 11
92 11 4
92 4 3
92 3 2
92 11 10
92 10 5
92 10 9
92 9 6
92 9 8
92 8 7
93 16 8
93 8 6
93 6 5
93 5 4
93 4 0
93 4 3
93 3 2
93 2 1
93 8 7
93 16 15
93 15 14
93 14 12
93 12 11
93 11 10
93 10 9
93 14 13
94 17 16
94 16 0
94 16 15
94 15 5
94 5 4
94 4 3
94 3 1
94 3 2
94 15 14
94 14 12
94 12 6
94 12 11
94 11 7
94 11 10
94 10 9
94 9 8
94 14 13
95 18 17
95 17 16
95 16 7
95 7 6
95 6 3
95 3 2
95 2 0
95 2 1
95 6 5
95 5 4
95 16 15
95 15 14
95 14 13
95 13 11
95 11 10
95 10 9
95 9 8
95 13 12
96 17 15
96 15 14
96 14 13
96 13 12
96 12 7
96 7 6
96 6 5
96 5 0
96 5 4
96 4 3
96 3 2
96 2 1
96 12 11
96 11 8
96 11 10
96 10 9
96 17 16
97 15 13
97 13 1
97 1 0
97 13 12
97 12 3
97 3 2
97 12 11
97 11 8
97 8 7
97 7 4
97 7 6
97 6 5
97 11 10
97 10 9
97 15 14
98 19 18
98 18 0
98 18 17
98 17 14
98 14 11
98 11 5
98 5 2
98 2 1
98 5 4
98 4 3
98 11 10
98 10 6
98 10 9
98 9 7
98 9 8
98 14 13
98 13 12
98 17 16
98 16 15
99 16 15
99 15 7
99 7 6
99 6 5
99 5 0
99 5 4
99 4 3
99 3 1
99 3 2
99 15 14
99 14 12
99 12 10
99 10 9
99 9 8
99 12 11
99 14 13
100 18 9
100 9 0
100 9 8
100 8 7
100 7 5
100 5 3
100 3 1
100 3 2
100 5 4
100 7 6
100 18 17
100 17 15
100 15 10
100 15 14
100 14 13
100 13 12
100 12 11
100 17 16
101 18 6
101 6 2
101 2 1
101 1 0
101 6 5
101 5 3
101 5 4
101 18 17
101 17 15
101 15 14
101 14 9
101 9 8
101 8 7
101 14 13
101 13 12
101 12 11
101 11 10
101 17 16
