1 14 10
1 10 3
1 3 2
1 2 1
1 1 0
1 10 9
1 9 7
1 7 6
1 6 5
1 5 4
1 9 8
1 14 13
1 13 11
1 13 12
2 18 6
2 6 0
2 6 5
2 5 1
2 5 4
2 4 3
2 3 2
2 18 17
2 17 12
2 12 11
2 11 10
2 10 8
2 8 7
2 10 9
2 17 16
2 16 13
2 16 15
2 15 14
3 16 14
3 14 10
3 10 5
3 5 1
3 1 0
3 5 4
3 4 2
3 4 3
3 10 9
3 9 6
3 9 8
3 8 7
3 14 13
3 13 12
3 12 11
3 16 15
4 15 0
4 15 14
4 14 12
4 12 11
4 11 8
4 8 6
4 6 1
4 6 5
4 5 4
4 4 2
4 4 3
4 8 7
4 11 10
4 10 9
4 14 13
5 15 0
5 15 14
5 14 13
5 13 12
5 12 1
5 12 11
5 11 9
5 9 8
5 8 4
5 4 3
5 3 2
5 8 7
5 7 6
5 6 5
5 11 10
6 19 3
6 3 1
6 1 0
6 3 2
6 19 18
6 18 7
6 7 6
6 6 5
6 5 4
6 18 17
6 17 15
6 15 10
6 10 8
6 10 9
6 15 14
6 14 13
6 13 11
6 13 12
6 17 16
7 14 1
7 1 0
7 14 13
7 13 11
7 11 10
7 10 8
7 8 3
7 3 2
7 8 7
7 7 6
7 6 4
7 6 5
7 10 9
7 13 12
8 18 17
8 17 15
8 15 9
8 9 8
8 8 7
8 7 6
8 6 2
8 2 0
8 2 1
8 6 5
8 5 4
8 4 3
8 15 14
8 14 10
8 14 13
8 13 11
8 13 12
8 17 16
9 16 1
9 1 0
9 16 15
9 15 2
9 15 14
9 14 12
9 12 6
9 6 5
9 5 4
9 4 3
9 12 11
9 11 10
9 10 7
9 10 9
9 9 8
9 14 13
10 14 1
10 1 0
10 14 13
10 13 2
10 13 12
10 12 11
10 11 4
10 4 3
10 11 10
10 10 9
10 9 7
10 7 6
10 6 5
10 9 8
11 18 1
11 1 0
11 18 17
11 17 12
11 12 5
11 5 2
11 5 4
11 4 3
11 12 11
11 11 7
11 7 6
11 11 10
11 10 8
11 10 9
11 17 16
11 16 13
11 16 15
11 15 14
12 18 10
12 10 0
12 10 9
12 9 3
12 3 2
12 2 1
12 9 8
12 8 7
12 7 6
12 6 5
12 5 4
12 18 17
12 17 16
12 16 11
12 16 15
12 15 14
12 14 13
12 13 12
13 14 13
13 13 12
13 12 6
13 6 5
13 5 2
13 2 0
13 2 1
13 5 4
13 4 3
13 12 11
13 11 10
13 10 7
13 10 9
13 9 8
14 19 17
14 17 16
14 16 14
14 14 0
14 14 13
14 13 6
14 6 4
14 4 2
14 2 1
14 4 3
14 6 5
14 13 12
14 12 9
14 9 7
14 9 8
14 12 11
14 11 10
14 16 15
14 19 18
15 19 18
15 18 14
15 14 13
15 13 12
15 12 10
15 10 9
15 9 7
15 7 6
15 6 0
15 6 5
15 5 4
15 4 1
15 4 3
15 3 2
15 9 8
15 12 11
15 18 17
15 17 15
15 17 16
16 15 12
16 12 10
16 10 9
16 9 6
16 6 3
16 3 2
16 2 1
16 1 0
16 6 5
16 5 4
16 9 8
16 8 7
16 12 11
16 15 14
16 14 13
17 16 0
17 16 15
17 15 14
17 14 1
17 14 13
17 13 10
17 10 4
17 4 3
17 3 2
17 10 9
17 9 5
17 9 8
17 8 6
17 8 7
17 13 12
17 12 11
18 14 13
18 13 12
18 12 11
18 11 10
18 10 8
18 8 5
18 5 3
18 3 2
18 2 0
18 2 1
18 5 4
18 8 7
18 7 6
18 10 9
19 19 0
19 19 18
19 18 13
19 13 9
19 9 8
19 8 2
19 2 1
19 8 7
19 7 6
19 6 5
19 5 3
19 5 4
19 13 12
19 12 11
19 11 10
19 18 17
19 17 16
19 16 14
19 16 15
20 19 4
20 4 3
20 3 2
20 2 1
20 1 0
20 19 18
20 18 17
20 17 7
20 7 5
20 7 6
20 17 16
20 16 15
20 15 13
20 13 8
20 13 12
20 12 9
20 12 11
20 11 10
20 15 14
21 15 0
21 15 14
21 14 12
21 12 11
21 11 1
21 11 10
21 10 2
21 10 9
21 9 6
21 6 5
21 5 4
21 4 3
21 9 8
21 8 7
21 14 13
22 18 2
22 2 1
22 1 0
22 18 17
22 17 16
22 16 15
22 15 13
22 13 4
22 4 3
22 13 12
22 12 11
22 11 7
22 7 5
22 7 6
22 11 10
22 10 9
22 9 8
22 15 14
23 16 3
23 3 2
23 2 0
23 2 1
23 16 15
23 15 4
23 15 14
23 14 5
23 14 13
23 13 12
23 12 8
23 8 7
23 7 6
23 12 11
23 11 10
23 10 9
24 15 13
24 13 12
24 12 11
24 11 9
24 9 4
24 4 3
24 3 1
24 1 0
24 3 2
24 9 8
24 8 7
24 7 5
24 7 6
24 11 10
24 15 14
25 14 1
25 1 0
25 14 13
25 13 2
25 13 12
25 12 11
25 11 3
25 11 10
25 10 8
25 8 7
25 7 6
25 6 4
25 6 5
25 10 9
26 15 13
26 13 12
26 12 10
26 10 8
26 8 7
26 7 5
26 5 4
26 4 3
26 3 0
26 3 2
26 2 1
26 7 6
26 10 9
26 12 11
26 15 14
27 19 11
27 11 9
27 9 2
27 2 1
27 1 0
27 9 8
27 8 6
27 6 4
27 4 3
27 6 5
27 8 7
27 11 10
27 19 18
27 18 13
27 13 12
27 18 17
27 17 15
27 15 14
27 17 16
28 17 15
28 15 12
28 12 11
28 11 10
28 10 9
28 9 8
28 8 7
28 7 6
28 6 5
28 5 4
28 4 3
28 3 1
28 1 0
28 3 2
28 15 14
28 14 13
28 17 16
29 17 16
29 16 1
29 1 0
29 16 15
29 15 14
29 14 3
29 3 2
29 14 13
29 13 11
29 11 7
29 7 4
29 7 6
29 6 5
29 11 10
29 10 8
29 10 9
29 13 12
30 14 0
30 14 13
30 13 11
30 11 10
30 10 9
30 9 8
30 8 7
30 7 5
30 5 3
30 3 2
30 2 1
30 5 4
30 7 6
30 13 12
31 18 17
31 17 16
31 16 0
31 16 15
31 15 1
31 15 14
31 14 13
31 13 9
31 9 2
31 9 8
31 8 7
31 7 5
31 5 3
31 5 4
31 7 6
31 13 12
31 12 10
31 12 11
32 18 16
32 16 1
32 1 0
32 16 15
32 15 4
32 4 2
32 4 3
32 15 14
32 14 6
32 6 5
32 14 13
32 13 12
32 12 7
32 12 11
32 11 10
32 10 8
32 10 9
32 18 17
33 16 5
33 5 4
33 4 3
33 3 2
33 2 1
33 1 0
33 16 15
33 15 14
33 14 7
33 7 6
33 14 13
33 13 8
33 13 12
33 12 11
33 11 9
33 11 10
34 16 15
34 15 14
34 14 12
34 12 10
34 10 9
34 9 7
34 7 4
34 4 3
34 3 0
34 3 2
34 2 1
34 7 6
34 6 5
34 9 8
34 12 11
34 14 13
35 19 16
35 16 12
35 12 10
35 10 1
35 1 0
35 10 9
35 9 8
35 8 7
35 7 6
35 6 2
35 6 5
35 5 4
35 4 3
35 12 11
35 16 15
35 15 14
35 14 13
35 19 18
35 18 17
36 14 7
36 7 2
36 2 1
36 1 0
36 7 6
36 6 5
36 5 4
36 4 3
36 14 13
36 13 12
36 12 10
36 10 8
36 10 9
36 12 11
37 17 15
37 15 1
37 1 0
37 15 14
37 14 12
37 12 11
37 11 5
37 5 4
37 4 3
37 3 2
37 11 10
37 10 9
37 9 6
37 9 8
37 8 7
37 14 13
37 17 16
38 18 0
38 18 17
38 17 16
38 16 2
38 2 1
38 16 15
38 15 13
38 13 12
38 12 7
38 7 6
38 6 4
38 4 3
38 6 5
38 12 11
38 11 8
38 11 10
38 10 9
38 15 14
39 15 9
39 9 8
39 8 7
39 7 1
39 1 0
39 7 6
39 6 5
39 5 4
39 4 2
39 4 3
39 15 14
39 14 13
39 13 10
39 13 12
39 12 11
40 14 1
40 1 0
40 14 13
40 13 8
40 8 7
40 7 6
40 6 2
40 6 5
40 5 3
40 5 4
40 13 12
40 12 11
40 11 9
40 11 10
41 15 9
41 9 7
41 7 6
41 6 4
41 4 3
41 3 1
41 1 0
41 3 2
41 6 5
41 9 8
41 15 14
41 14 12
41 12 10
41 12 11
41 14 13
42 19 18
42 18 0
42 18 17
42 17 4
42 4 2
42 2 1
42 4 3
42 17 16
42 16 14
42 14 10
42 10 5
42 10 9
42 9 8
42 8 7
42 7 6
42 14 13
42 13 11
42 13 12
42 16 15
43 15 13
43 13 12
43 12 2
43 2 1
43 1 0
43 12 11
43 11 10
43 10 9
43 9 3
43 9 8
43 8 6
43 6 4
43 6 5
43 8 7
43 15 14
44 16 8
44 8 0
44 8 7
44 7 5
44 5 2
44 2 1
44 5 4
44 4 3
44 7 6
44 16 15
44 15 12
44 12 9
44 12 11
44 11 10
44 15 14
44 14 13
45 18 0
45 18 17
45 17 1
45 17 16
45 16 14
45 14 3
45 3 2
45 14 13
45 13 12
45 12 10
45 10 9
45 9 7
45 7 6
45 6 5
45 5 4
45 9 8
45 12 11
45 16 15
46 17 0
46 17 16
46 16 15
46 15 14
46 14 13
46 13 1
46 13 12
46 12 11
46 11 10
46 10 7
46 7 6
46 6 5
46 5 4
46 4 3
46 3 2
46 10 9
46 9 8
47 15 14
47 14 11
47 11 10
47 10 0
47 10 9
47 9 2
47 2 1
47 9 8
47 8 5
47 5 3
47 5 4
47 8 7
47 7 6
47 14 13
47 13 12
48 17 16
48 16 4
48 4 3
48 3 0
48 3 2
48 2 1
48 16 15
48 15 5
48 15 14
48 14 13
48 13 12
48 12 11
48 11 7
48 7 6
48 11 10
48 10 8
48 10 9
49 19 8
49 8 4
49 4 3
49 3 2
49 2 0
49 2 1
49 8 7
49 7 5
49 7 6
49 19 18
49 18 10
49 10 9
49 18 17
49 17 11
49 17 16
49 16 14
49 14 13
49 13 12
49 16 15
50 17 0
50 17 16
50 16 15
50 15 14
50 14 13
50 13 4
50 4 2
50 2 1
50 4 3
50 13 12
50 12 11
50 11 10
50 10 8
50 8 7
50 7 5
50 7 6
50 10 9
51 19 18
51 18 8
51 8 4
51 4 1
51 1 0
51 4 3
51 3 2
51 8 7
51 7 6
51 6 5
51 18 17
51 17 16
51 16 14
51 14 13
51 13 12
51 12 11
51 11 10
51 10 9
51 16 15
52 19 18
52 18 8
52 8 6
52 6 5
52 5 4
52 4 3
52 3 0
52 3 2
52 2 1
52 8 7
52 18 17
52 17 15
52 15 13
52 13 12
52 12 11
52 11 9
52 11 10
52 15 14
52 17 16
53 17 16
53 16 14
53 14 7
53 7 1
53 1 0
53 7 6
53 6 5
53 5 4
53 4 2
53 4 3
53 14 13
53 13 12
53 12 9
53 9 8
53 12 11
53 11 10
53 16 15
54 18 16
54 16 15
54 15 14
54 14 10
54 10 8
54 8 0
54 8 7
54 7 6
54 6 5
54 5 1
54 5 4
54 4 3
54 3 2
54 10 9
54 14 13
54 13 11
54 13 12
54 18 17
55 15 9
55 9 8
55 8 7
55 7 5
55 5 4
55 4 0
55 4 3
55 3 2
55 2 1
55 7 6
55 15 14
55 14 10
55 14 13
55 13 12
55 12 11
56 17 7
56 7 3
56 3 2
56 2 0
56 2 1
56 7 6
56 6 5
56 5 4
56 17 16
56 16 15
56 15 9
56 9 8
56 15 14
56 14 13
56 13 10
56 13 12
56 12 11
57 16 14
57 14 5
57 5 4
57 4 3
57 3 0
57 3 2
57 2 1
57 14 13
57 13 11
57 11 8
57 8 7
57 7 6
57 11 10
57 10 9
57 13 12
57 16 15
58 19 18
58 18 0
58 18 17
58 17 15
58 15 9
58 9 8
58 8 1
58 8 7
58 7 2
58 7 6
58 6 4
58 4 3
58 6 5
58 15 14
58 14 12
58 12 11
58 11 10
58 14 13
58 17 16
59 18 15
59 15 14
59 14 10
59 10 2
59 2 1
59 1 0
59 10 9
59 9 8
59 8 3
59 8 7
59 7 6
59 6 5
59 5 4
59 14 13
59 13 12
59 12 11
59 18 17
59 17 16
60 16 15
60 15 9
60 9 0
60 9 8
60 8 1
60 8 7
60 7 5
60 5 2
60 5 4
60 4 3
60 7 6
60 15 14
60 14 13
60 13 10
60 13 12
60 12 11
61 15 14
61 14 13
61 13 12
61 12 11
61 11 10
61 10 9
61 9 0
61 9 8
61 8 4
61 4 3
61 3 2
61 2 1
61 8 7
61 7 6
61 6 5
62 15 1
62 1 0
62 15 14
62 14 2
62 14 13
62 13 10
62 10 4
62 4 3
62 10 9
62 9 7
62 7 5
62 7 6
62 9 8
62 13 12
62 12 11
63 17 7
63 7 2
63 2 0
63 2 1
63 7 6
63 6 3
63 6 5
63 5 4
63 17 16
63 16 14
63 14 13
63 13 12
63 12 11
63 11 10
63 10 9
63 9 8
63 16 15
64 15 8
64 8 6
64 6 0
64 6 5
64 5 4
64 4 3
64 3 1
64 3 2
64 8 7
64 15 14
64 14 9
64 14 13
64 13 12
64 12 11
64 11 10
65 18 17
65 17 16
65 16 15
65 15 0
65 15 14
65 14 4
65 4 3
65 3 1
65 3 2
65 14 13
65 13 12
65 12 10
65 10 9
65 9 8
65 8 6
65 6 5
65 8 7
65 12 11
66 17 15
66 15 4
66 4 3
66 3 0
66 3 2
66 2 1
66 15 14
66 14 11
66 11 10
66 10 9
66 9 5
66 9 8
66 8 6
66 8 7
66 14 13
66 13 12
66 17 16
67 18 1
67 1 0
67 18 17
67 17 2
67 17 16
67 16 12
67 12 6
67 6 5
67 5 3
67 5 4
67 12 11
67 11 8
67 8 7
67 11 10
67 10 9
67 16 15
67 15 13
67 15 14
68 19 1
68 1 0
68 19 18
68 18 2
68 18 17
68 17 3
68 17 16
68 16 15
68 15 13
68 13 11
68 11 10
68 10 9
68 9 5
68 5 4
68 9 8
68 8 7
68 7 6
68 13 12
68 15 14
69 14 0
69 14 13
69 13 10
69 10 8
69 8 6
69 6 1
69 6 5
69 5 2
69 5 4
69 4 3
69 8 7
69 10 9
69 13 12
69 12 11
70 15 13
70 13 11
70 11 0
70 11 10
70 10 2
70 2 1
70 10 9
70 9 8
70 8 3
70 8 7
70 7 4
70 7 6
70 6 5
70 13 12
70 15 14
71 15 14
71 14 9
71 9 7
71 7 6
71 6 5
71 5 4
71 4 0
71 4 3
71 3 2
71 2 1
71 9 8
71 14 13
71 13 10
71 13 12
71 12 11
72 18 9
72 9 7
72 7 6
72 6 0
72 6 5
72 5 4
72 4 3
72 3 1
72 3 2
72 9 8
72 18 17
72 17 11
72 11 10
72 17 16
72 16 15
72 15 12
72 15 14
72 14 13
73 14 11
73 11 10
73 10 4
73 4 0
73 4 3
73 3 2
73 2 1
73 10 9
73 9 8
73 8 5
73 8 7
73 7 6
73 14 13
73 13 12
74 19 11
74 11 8
74 8 7
74 7 6
74 6 1
74 1 0
74 6 5
74 5 4
74 4 2
74 4 3
74 11 10
74 10 9
74 19 18
74 18 17
74 17 13
74 13 12
74 17 16
74 16 15
74 15 14
75 14 13
75 13 12
75 12 11
75 11 10
75 10 6
75 6 5
75 5 4
75 4 1
75 1 0
75 4 3
75 3 2
75 10 9
75 9 7
75 9 8
76 14 13
76 13 1
76 1 0
76 13 12
76 12 2
76 12 11
76 11 10
76 10 3
76 10 9
76 9 6
76 6 4
76 6 5
76 9 8
76 8 7
77 17 16
77 16 0
77 16 15
77 15 14
77 14 12
77 12 11
77 11 2
77 2 1
77 11 10
77 10 9
77 9 7
77 7 6
77 6 5
77 5 3
77 5 4
77 9 8
77 14 13
78 16 14
78 14 9
78 9 6
78 6 5
78 5 4
78 4 3
78 3 0
78 3 2
78 2 1
78 9 8
78 8 7
78 14 13
78 13 12
78 12 11
78 11 10
78 16 15
79 17 16
79 16 12
79 12 5
79 5 2
79 2 1
79 1 0
79 5 4
79 4 3
79 12 11
79 11 8
79 8 7
79 7 6
79 11 10
79 10 9
79 16 15
79 15 13
79 15 14
80 17 16
80 16 3
80 3 1
80 1 0
80 3 2
80 16 15
80 15 4
80 15 14
80 14 13
80 13 12
80 12 10
80 10 7
80 7 6
80 6 5
80 10 9
80 9 8
80 12 11
81 14 11
81 11 10
81 10 9
81 9 1
81 1 0
81 9 8
81 8 2
81 8 7
81 7 6
81 6 3
81 6 5
81 5 4
81 14 13
81 13 12
82 17 16
82 16 15
82 15 14
82 14 13
82 13 7
82 7 6
82 6 5
82 5 3
82 3 2
82 2 1
82 1 0
82 5 4
82 13 12
82 12 11
82 11 10
82 10 9
82 9 8
83 19 18
83 18 3
83 3 1
83 1 0
83 3 2
83 18 17
83 17 15
83 15 13
83 13 7
83 7 4
83 7 6
83 6 5
83 13 12
83 12 9
83 9 8
83 12 11
83 11 10
83 15 14
83 17 16
84 19 18
84 18 16
84 16 15
84 15 14
84 14 2
84 2 1
84 1 0
84 14 13
84 13 7
84 7 5
84 5 4
84 4 3
84 7 6
84 13 12
84 12 11
84 11 8
84 11 10
84 10 9
84 18 17
85 15 14
85 14 13
85 13 12
85 12 1
85 1 0
85 12 11
85 11 4
85 4 3
85 3 2
85 11 10
85 10 9
85 9 7
85 7 6
85 6 5
85 9 8
86 16 15
86 15 4
86 4 3
86 3 0
86 3 2
86 2 1
86 15 14
86 14 12
86 12 10
86 10 8
86 8 7
86 7 5
86 7 6
86 10 9
86 12 11
86 14 13
87 14 0
87 14 13
87 13 12
87 12 4
87 4 3
87 3 1
87 3 2
87 12 11
87 11 10
87 10 8
87 8 7
87 7 5
87 7 6
87 10 9
88 19 0
88 19 18
88 18 3
88 3 1
88 3 2
88 18 17
88 17 13
88 13 4
88 13 12
88 12 10
88 10 9
88 9 5
88 9 8
88 8 6
88 8 7
88 12 11
88 17 16
88 16 15
88 15 14
89 19 0
89 19 18
89 18 11
89 11 3
89 3 2
89 2 1
89 11 10
89 10 9
89 9 6
89 6 5
89 5 4
89 9 8
89 8 7
89 18 17
89 17 16
89 16 14
89 14 12
89 14 13
89 16 15
90 16 15
90 15 5
90 5 4
90 4 3
90 3 2
90 2 0
90 2 1
90 15 14
90 14 6
90 14 13
90 13 7
90 13 12
90 12 9
90 9 8
90 12 11
90 11 10
91 14 0
91 14 13
91 13 2
91 2 1
91 13 12
91 12 10
91 10 3
91 10 9
91 9 7
91 7 5
91 5 4
91 7 6
91 9 8
91 12 11
92 14 4
92 4 2
92 2 1
92 1 0
92 4 3
92 14 13
92 13 5
92 13 12
92 12 10
92 10 8
92 8 6
92 8 7
92 10 9
92 12 11
93 18 15
93 15 14
93 14 1
93 1 0
93 14 13
93 13 5
93 5 4
93 4 3
93 3 2
93 13 12
93 12 11
93 11 10
93 10 9
93 9 7
93 7 6
93 9 8
93 18 17
93 17 16
94 15 14
94 14 12
94 12 0
94 12 11
94 11 9
94 9 8
94 8 3
94 3 1
94 3 2
94 8 7
94 7 4
94 7 6
94 6 5
94 11 10
94 14 13
95 19 1
95 1 0
95 19 18
95 18 17
95 17 16
95 16 14
95 14 13
95 13 8
95 8 2
95 8 7
95 7 5
95 5 3
95 5 4
95 7 6
95 13 12
95 12 9
95 12 11
95 11 10
95 16 15
96 18 8
96 8 4
96 4 2
96 2 0
96 2 1
96 4 3
96 8 7
96 7 5
96 7 6
96 18 17
96 17 14
96 14 9
96 14 13
96 13 12
96 12 11
96 11 10
96 17 16
96 16 15
97 16 12
97 12 1
97 1 0
97 12 11
97 11 2
97 11 10
97 10 5
97 5 3
97 5 4
97 10 9
97 9 8
97 8 7
97 7 6
97 16 15
97 15 14
97 14 13
98 18 4
98 4 1
98 1 0
98 4 3
98 3 2
98 18 17
98 17 8
98 8 7
98 7 5
98 7 6
98 17 16
98 16 10
98 10 9
98 16 15
98 15 14
98 14 12
98 12 11
98 14 13
99 19 4
99 4 0
99 4 3
99 3 1
99 3 2
99 19 18
99 18 17
99 17 15
99 15 5
99 15 14
99 14 12
99 12 8
99 8 7
99 7 6
99 12 11
99 11 9
99 11 10
99 14 13
99 17 16
100 15 14
100 14 0
100 14 13
100 13 11
100 11 1
100 11 10
100 10 8
100 8 4
100 4 2
100 4 3
100 8 7
100 7 6
100 6 5
100 10 9
100 13 12
101 15 0
101 15 14
101 14 13
101 13 10
101 10 6
101 6 5
101 5 1
101 5 4
101 4 3
101 3 2
101 10 9
101 9 7
101 9 8
101 13 12
101 12 11
