1 19 17
1 17 0
1 17 16
1 16 15
1 15 10
1 10 6
1 6 5
1 5 1
1 5 4
1 4 2
1 4 3
1 10 9
1 9 8
1 8 7
1 15 14
1 14 12
1 12 11
1 14 13
1 19 18
2 17 16
2 16 2
2 2 0
2 2 1
2 16 15
2 15 13
2 13 11
2 11 10
2 10 5
2 5 4
2 4 3
2 10 9
2 9 6
2 9 8
2 8 7
2 13 12
2 15 14
3 14 13
3 13 11
3 11 3
3 3 0
3 3 2
3 2 1
3 11 10
3 10 9
3 9 7
3 7 5
3 5 4
3 7 6
3 9 8
3 13 12
4 15 2
4 2 0
4 2 1
4 15 14
4 14 13
4 13 12
4 12 4
4 4 3
4 12 11
4 11 10
4 10 8
4 8 7
4 7 5
4 7 6
4 10 9
5 19 18
5 18 6
5 6 3
5 3 1
5 1 0
5 3 2
5 6 5
5 5 4
5 18 17
5 17 7
5 17 16
5 16 15
5 15 14
5 14 13
5 13 8
5 13 12
5 12 11
5 11 10
5 10 9
6 16 2
6 2 1
6 1 0
6 16 15
6 15 8
6 8 7
6 7 6
6 6 5
6 5 4
6 4 3
6 15 14
6 14 13
6 13 10
6 10 9
6 13 12
6 12 11
7 18 17
7 17 16
7 16 15
7 15 14
7 14 11
7 11 2
7 2 0
7 2 1
7 11 10
7 10 9
7 9 3
7 9 8
7 8 7
7 7 5
7 5 4
7 7 6
7 14 13
7 13 12
8 17 1
8 1 0
8 17 16
8 16 5
8 5 2
8 5 4
8 4 3
8 16 15
8 15 8
8 8 6
8 8 7
8 15 14
8 14 10
8 10 9
8 14 13
8 13 12
8 12 11
9 16 15
9 15 11
9 11 8
9 8 7
9 7 6
9 6 5
9 5 3
9 3 1
9 1 0
9 3 2
9 5 4
9 11 10
9 10 9
9 15 14
9 14 13
9 13 12
10 16 1
10 1 0
10 16 15
10 15 14
10 14 3
10 3 2
10 14 13
10 13 9
10 9 8
10 8 4
10 8 7
10 7 5
10 7 6
10 13 12
10 12 10
10 12 11
11 14 13
11 13 6
11 6 4
11 4 3
11 3 1
11 1 0
11 3 2
11 6 5
11 13 12
11 12 10
11 10 8
11 8 7
11 10 9
11 12 11
12 17 0
12 17 16
12 16 13
12 13 5
12 5 4
12 4 3
12 3 2
12 2 1
12 13 12
12 12 11
12 11 10
12 10 9
12 9 7
12 7 6
12 9 8
12 16 15
12 15 14
13 14 13
13 13 10
13 10 8
13 8 2
13 2 1
13 1 0
13 8 7
13 7 5
13 5 3
13 5 4
13 7 6
13 10 9
13 13 12
13 12 11
14 17 2
14 2 0
14 2 1
14 17 16
14 16 3
14 16 15
14 15 14
14 14 13
14 13 7
14 7 6
14 6 4
14 6 5
14 13 12
14 12 10
14 10 8
14 10 9
14 12 11
15 16 0
15 16 15
15 15 14
15 14 1
15 14 13
15 13 4
15 4 3
15 3 2
15 13 12
15 12 7
15 7 6
15 6 5
15 12 11
15 11 10
15 10 8
15 10 9
16 14 7
16 7 3
16 3 2
16 2 1
16 1 0
16 7 6
16 6 4
16 6 5
16 14 13
16 13 8
16 13 12
16 12 9
16 12 11
16 11 10
17 16 14
17 14 0
17 14 13
17 13 12
17 12 11
17 11 7
17 7 4
17 4 1
17 4 3
17 3 2
17 7 6
17 6 5
17 11 10
17 10 9
17 9 8
17 16 15
18 18 2
18 2 1
18 1 0
18 18 17
18 17 16
18 16 12
18 12 11
18 11 10
18 10 9
18 9 8
18 8 7
18 7 6
18 6 3
18 6 5
18 5 4
18 16 15
18 15 14
18 14 13
19 19 17
19 17 16
19 16 2
19 2 0
19 2 1
19 16 15
19 15 14
19 14 11
19 11 10
19 10 9
19 9 7
19 7 3
19 7 6
19 6 4
19 6 5
19 9 8
19 14 13
19 13 12
19 19 18
20 15 10
20 10 9
20 9 0
20 9 8
20 8 6
20 6 5
20 5 4
20 4 3
20 3 2
20 2 1
20 8 7
20 15 14
20 14 12
20 12 11
20 14 13
21 18 17
21 17 16
21 16 3
21 3 0
21 3 2
21 2 1
21 16 15
21 15 14
21 14 4
21 14 13
21 13 8
21 8 7
21 7 5
21 7 6
21 13 12
21 12 11
21 11 9
21 11 10
22 14 12
22 12 11
22 11 7
22 7 0
22 7 6
22 6 1
22 6 5
22 5 2
22 5 4
22 4 3
22 11 10
22 10 8
22 10 9
22 14 13
23 14 7
23 7 6
23 6 5
23 5 4
23 4 3
23 3 2
23 2 0
23 2 1
23 14 13
23 13 9
23 9 8
23 13 12
23 12 10
23 12 11
24 18 11
24 11 9
24 9 6
24 6 5
24 5 4
24 4 3
24 3 0
24 3 2
24 2 1
24 9 8
24 8 7
24 11 10
24 18 17
24 17 12
24 17 16
24 16 15
24 15 14
24 14 13
25 17 5
25 5 0
25 5 4
25 4 1
25 4 3
25 3 2
25 17 16
25 16 12
25 12 9
25 9 7
25 7 6
25 9 8
25 12 11
25 11 10
25 16 15
25 15 13
25 15 14
26 17 14
26 14 13
26 13 12
26 12 11
26 11 5
26 5 3
26 3 2
26 2 1
26 1 0
26 5 4
26 11 10
26 10 6
26 10 9
26 9 7
26 9 8
26 17 16
26 16 15
27 14 13
27 13 12
27 12 9
27 9 1
27 1 0
27 9 8
27 8 7
27 7 3
27 3 2
27 7 6
27 6 4
27 6 5
27 12 11
27 11 10
28 15 3
28 3 0
28 3 2
28 2 1
28 15 14
28 14 13
28 13 8
28 8 4
28 8 7
28 7 5
28 7 6
28 13 12
28 12 9
28 12 11
28 11 10
29 18 17
29 17 16
29 16 3
29 3 1
29 1 0
29 3 2
29 16 15
29 15 4
29 15 14
29 14 13
29 13 11
29 11 10
29 10 7
29 7 5
29 7 6
29 10 9
29 9 8
29 13 12
30 17 15
30 15 13
30 13 12
30 12 9
30 9 8
30 8 0
30 8 7
30 7 2
30 2 1
30 7 6
30 6 3
30 6 5
30 5 4
30 12 11
30 11 10
30 15 14
30 17 16
31 15 0
31 15 14
31 14 13
31 13 12
31 12 1
31 12 11
31 11 10
31 10 9
31 9 4
31 4 2
31 4 3
31 9 8
31 8 5
31 8 7
31 7 6
32 16 5
32 5 0
32 5 4
32 4 3
32 3 1
32 3 2
32 16 15
32 15 12
32 12 11
32 11 6
32 11 10
32 10 8
32 8 7
32 10 9
32 15 14
32 14 13
33 16 15
33 15 9
33 9 1
33 1 0
33 9 8
33 8 6
33 6 3
33 3 2
33 6 5
33 5 4
33 8 7
33 15 14
33 14 13
33 13 10
33 13 12
33 12 11
34 19 2
34 2 1
34 1 0
34 19 18
34 18 14
34 14 12
34 12 3
34 12 11
34 11 5
34 5 4
34 11 10
34 10 9
34 9 7
34 7 6
34 9 8
34 14 13
34 18 17
34 17 16
34 16 15
35 15 13
35 13 10
35 10 2
35 2 1
35 1 0
35 10 9
35 9 3
35 9 8
35 8 7
35 7 6
35 6 5
35 5 4
35 13 12
35 12 11
35 15 14
36 17 5
36 5 0
36 5 4
36 4 3
36 3 2
36 2 1
36 17 16
36 16 13
36 13 11
36 11 7
36 7 6
36 11 10
36 10 8
36 10 9
36 13 12
36 16 15
36 15 14
37 19 10
37 10 0
37 10 9
37 9 8
37 8 1
37 8 7
37 7 5
37 5 4
37 4 2
37 4 3
37 7 6
37 19 18
37 18 12
37 12 11
37 18 17
37 17 15
37 15 14
37 14 13
37 17 16
38 18 16
38 16 8
38 8 0
38 8 7
38 7 6
38 6 2
38 2 1
38 6 5
38 5 4
38 4 3
38 16 15
38 15 14
38 14 12
38 12 9
38 12 11
38 11 10
38 14 13
38 18 17
39 14 7
39 7 0
39 7 6
39 6 5
39 5 4
39 4 3
39 3 1
39 3 2
39 14 13
39 13 12
39 12 11
39 11 8
39 11 10
39 10 9
40 17 6
40 6 4
40 4 2
40 2 1
40 1 0
40 4 3
40 6 5
40 17 16
40 16 14
40 14 12
40 12 11
40 11 10
40 10 8
40 8 7
40 10 9
40 14 13
40 16 15
41 14 12
41 12 0
41 12 11
41 11 5
41 5 4
41 4 2
41 2 1
41 4 3
41 11 10
41 10 8
41 8 6
41 8 7
41 10 9
41 14 13
42 14 13
42 13 0
42 13 12
42 12 2
42 2 1
42 12 11
42 11 9
42 9 7
42 7 6
42 6 4
42 4 3
42 6 5
42 9 8
42 11 10
43 15 14
43 14 2
43 2 0
43 2 1
43 14 13
43 13 11
43 11 10
43 10 7
43 7 6
43 6 5
43 5 4
43 4 3
43 10 9
43 9 8
43 13 12
44 15 6
44 6 4
44 4 2
44 2 1
44 1 0
44 4 3
44 6 5
44 15 14
44 14 8
44 8 7
44 14 13
44 13 9
44 13 12
44 12 11
44 11 10
45 15 13
45 13 12
45 12 0
45 12 11
45 11 10
45 10 9
45 9 8
45 8 6
45 6 5
45 5 1
45 5 4
45 4 2
45 4 3
45 8 7
45 15 14
46 14 13
46 13 12
46 12 11
46 11 0
46 11 10
46 10 4
46 4 3
46 3 1
46 3 2
46 10 9
46 9 5
46 9 8
46 8 7
46 7 6
47 15 13
47 13 3
47 3 2
47 2 0
47 2 1
47 13 12
47 12 4
47 12 11
47 11 9
47 9 8
47 8 7
47 7 6
47 6 5
47 11 10
47 15 14
48 18 0
48 18 17
48 17 16
48 16 14
48 14 5
48 5 4
48 4 2
48 2 1
48 4 3
48 14 13
48 13 11
48 11 10
48 10 9
48 9 7
48 7 6
48 9 8
48 13 12
48 16 15
49 16 0
49 16 15
49 15 1
49 15 14
49 14 12
49 12 11
49 11 2
49 11 10
49 10 6
49 6 4
49 4 3
49 6 5
49 10 9
49 9 7
49 9 8
49 14 13
50 17 2
50 2 0
50 2 1
50 17 16
50 16 10
50 10 9
50 9 8
50 8 7
50 7 3
50 7 6
50 6 4
50 6 5
50 16 15
50 15 13
50 13 12
50 12 11
50 15 14
51 16 0
51 16 15
51 15 14
51 14 7
51 7 5
51 5 2
51 2 1
51 5 4
51 4 3
51 7 6
51 14 13
51 13 10
51 10 8
51 10 9
51 13 12
51 12 11
52 16 0
52 16 15
52 15 4
52 4 2
52 2 1
52 4 3
52 15 14
52 14 13
52 13 12
52 12 6
52 6 5
52 12 11
52 11 9
52 9 8
52 8 7
52 11 10
53 16 0
53 16 15
53 15 14
53 14 1
53 14 13
53 13 12
53 12 10
53 10 7
53 7 5
53 5 4
53 4 3
53 3 2
53 7 6
53 10 9
53 9 8
53 12 11
54 18 1
54 1 0
54 18 17
54 17 2
54 17 16
54 16 15
54 15 14
54 14 5
54 5 4
54 4 3
54 14 13
54 13 12
54 12 6
54 12 11
54 11 10
54 10 7
54 10 9
54 9 8
55 16 0
55 16 15
55 15 13
55 13 11
55 11 1
55 11 10
55 10 7
55 7 5
55 5 3
55 3 2
55 5 4
55 7 6
55 10 9
55 9 8
55 13 12
55 15 14
56 16 0
56 16 15
56 15 1
56 15 14
56 14 13
56 13 3
56 3 2
56 13 12
56 12 5
56 5 4
56 12 11
56 11 10
56 10 9
56 9 8
56 8 6
56 8 7
57 18 17
57 17 16
57 16 1
57 1 0
57 16 15
57 15 2
57 15 14
57 14 6
57 6 3
57 6 5
57 5 4
57 14 13
57 13 11
57 11 9
57 9 8
57 8 7
57 11 10
57 13 12
58 18 17
58 17 14
58 14 12
58 12 10
58 10 7
58 7 0
58 7 6
58 6 5
58 5 1
58 5 4
58 4 2
58 4 3
58 10 9
58 9 8
58 12 11
58 14 13
58 17 16
58 16 15
59 14 0
59 14 13
59 13 12
59 12 4
59 4 3
59 3 1
59 3 2
59 12 11
59 11 10
59 10 8
59 8 7
59 7 5
59 7 6
59 10 9
60 19 7
60 7 5
60 5 0
60 5 4
60 4 3
60 3 2
60 2 1
60 7 6
60 19 18
60 18 8
60 18 17
60 17 9
60 17 16
60 16 10
60 16 15
60 15 13
60 13 11
60 13 12
60 15 14
61 19 18
61 18 8
61 8 2
61 2 0
61 2 1
61 8 7
61 7 3
61 7 6
61 6 4
61 6 5
61 18 17
61 17 14
61 14 9
61 14 13
61 13 12
61 12 10
61 12 11
61 17 16
61 16 15
62 15 10
62 10 9
62 9 3
62 3 1
62 1 0
62 3 2
62 9 8
62 8 7
62 7 5
62 5 4
62 7 6
62 15 14
62 14 13
62 13 11
62 13 12
63 16 15
63 15 14
63 14 13
63 13 12
63 12 1
63 1 0
63 12 11
63 11 2
63 11 10
63 10 7
63 7 3
63 7 6
63 6 5
63 5 4
63 10 9
63 9 8
64 18 6
64 6 5
64 5 0
64 5 4
64 4 3
64 3 1
64 3 2
64 18 17
64 17 16
64 16 15
64 15 14
64 14 13
64 13 12
64 12 11
64 11 10
64 10 9
64 9 7
64 9 8
65 14 3
65 3 2
65 2 0
65 2 1
65 14 13
65 13 12
65 12 10
65 10 9
65 9 8
65 8 5
65 5 4
65 8 7
65 7 6
65 12 11
66 14 13
66 13 12
66 12 1
66 1 0
66 12 11
66 11 2
66 11 10
66 10 4
66 4 3
66 10 9
66 9 8
66 8 6
66 6 5
66 8 7
67 16 15
67 15 14
67 14 12
67 12 11
67 11 5
67 5 0
67 5 4
67 4 3
67 3 1
67 3 2
67 11 10
67 10 6
67 10 9
67 9 8
67 8 7
67 14 13
68 16 15
68 15 11
68 11 3
68 3 2
68 2 1
68 1 0
68 11 10
68 10 8
68 8 4
68 8 7
68 7 6
68 6 5
68 10 9
68 15 14
68 14 13
68 13 12
69 17 0
69 17 16
69 16 15
69 15 1
69 15 14
69 14 13
69 13 11
69 11 10
69 10 3
69 3 2
69 10 9
69 9 7
69 7 4
69 7 6
69 6 5
69 9 8
69 13 12
70 16 14
70 14 13
70 13 2
70 2 0
70 2 1
70 13 12
70 12 3
70 12 11
70 11 4
70 11 10
70 10 9
70 9 8
70 8 6
70 6 5
70 8 7
70 16 15
71 17 16
71 16 12
71 12 0
71 12 11
71 11 10
71 10 8
71 8 7
71 7 4
71 4 2
71 2 1
71 4 3
71 7 6
71 6 5
71 10 9
71 16 15
71 15 13
71 15 14
72 14 6
72 6 4
72 4 3
72 3 0
72 3 2
72 2 1
72 6 5
72 14 13
72 13 10
72 10 8
72 8 7
72 10 9
72 13 12
72 12 11
73 18 14
73 14 13
73 13 6
73 6 3
73 3 0
73 3 2
73 2 1
73 6 5
73 5 4
73 13 12
73 12 10
73 10 9
73 9 8
73 8 7
73 12 11
73 18 17
73 17 16
73 16 15
74 17 12
74 12 11
74 11 10
74 10 5
74 5 0
74 5 4
74 4 3
74 3 2
74 2 1
74 10 9
74 9 6
74 9 8
74 8 7
74 17 16
74 16 13
74 16 15
74 15 14
75 17 16
75 16 7
75 7 6
75 6 5
75 5 0
75 5 4
75 4 3
75 3 2
75 2 1
75 16 15
75 15 8
75 15 14
75 14 12
75 12 9
75 12 11
75 11 10
75 14 13
76 18 17
76 17 6
76 6 1
76 1 0
76 6 5
76 5 4
76 4 3
76 3 2
76 17 16
76 16 15
76 15 14
76 14 12
76 12 9
76 9 7
76 9 8
76 12 11
76 11 10
76 14 13
77 14 13
77 13 0
77 13 12
77 12 11
77 11 9
77 9 7
77 7 1
77 7 6
77 6 5
77 5 4
77 4 2
77 4 3
77 9 8
77 11 10
78 19 18
78 18 17
78 17 16
78 16 1
78 1 0
78 16 15
78 15 4
78 4 3
78 3 2
78 15 14
78 14 13
78 13 11
78 11 5
78 11 10
78 10 9
78 9 8
78 8 7
78 7 6
78 13 12
79 17 1
79 1 0
79 17 16
79 16 15
79 15 14
79 14 5
79 5 3
79 3 2
79 5 4
79 14 13
79 13 9
79 9 8
79 8 7
79 7 6
79 13 12
79 12 10
79 12 11
80 16 2
80 2 1
80 1 0
80 16 15
80 15 13
80 13 12
80 12 3
80 12 11
80 11 9
80 9 7
80 7 6
80 6 5
80 5 4
80 9 8
80 11 10
80 15 14
81 16 15
81 15 0
81 15 14
81 14 10
81 10 7
81 7 5
81 5 4
81 4 1
81 4 3
81 3 2
81 7 6
81 10 9
81 9 8
81 14 13
81 13 11
81 13 12
82 19 13
82 13 12
82 12 3
82 3 2
82 2 1
82 1 0
82 12 11
82 11 8
82 8 4
82 8 7
82 7 5
82 7 6
82 11 10
82 10 9
82 19 18
82 18 14
82 18 17
82 17 15
82 17 16
83 14 1
83 1 0
83 14 13
83 13 5
83 5 4
83 4 2
83 4 3
83 13 12
83 12 11
83 11 6
83 11 10
83 10 8
83 8 7
83 10 9
84 15 14
84 14 12
84 12 9
84 9 8
84 8 6
84 6 2
84 2 0
84 2 1
84 6 5
84 5 3
84 5 4
84 8 7
84 12 11
84 11 10
84 14 13
85 14 5
85 5 4
85 4 3
85 3 2
85 2 1
85 1 0
85 14 13
85 13 12
85 12 11
85 11 10
85 10 7
85 7 6
85 10 9
85 9 8
86 15 14
86 14 12
86 12 10
86 10 3
86 3 1
86 1 0
86 3 2
86 10 9
86 9 8
86 8 7
86 7 5
86 5 4
86 7 6
86 12 11
86 14 13
87 14 13
87 13 12
87 12 11
87 11 10
87 10 0
87 10 9
87 9 8
87 8 5
87 5 1
87 5 4
87 4 3
87 3 2
87 8 7
87 7 6
88 17 13
88 13 11
88 11 10
88 10 8
88 8 0
88 8 7
88 7 6
88 6 1
88 6 5
88 5 4
88 4 3
88 3 2
88 10 9
88 13 12
88 17 16
88 16 15
88 15 14
89 15 0
89 15 14
89 14 13
89 13 1
89 13 12
89 12 8
89 8 7
89 7 4
89 4 3
89 3 2
89 7 6
89 6 5
89 12 11
89 11 9
89 11 10
90 15 13
90 13 8
90 8 7
90 7 6
90 6 0
90 6 5
90 5 2
90 2 1
90 5 4
90 4 3
90 13 12
90 12 11
90 11 9
90 11 10
90 15 14
91 15 14
91 14 12
91 12 11
91 11 10
91 10 0
91 10 9
91 9 5
91 5 3
91 3 1
91 3 2
91 5 4
91 9 8
91 8 6
91 8 7
91 14 13
92 14 5
92 5 4
92 4 2
92 2 1
92 1 0
92 4 3
92 14 13
92 13 12
92 12 9
92 9 8
92 8 7
92 7 6
92 12 11
92 11 10
93 14 2
93 2 0
93 2 1
93 14 13
93 13 4
93 4 3
93 13 12
93 12 11
93 11 10
93 10 8
93 8 6
93 6 5
93 8 7
93 10 9
94 15 14
94 14 13
94 13 10
94 10 0
94 10 9
94 9 6
94 6 3
94 3 2
94 2 1
94 6 5
94 5 4
94 9 8
94 8 7
94 13 12
94 12 11
95 14 12
95 12 0
95 12 11
95 11 9
95 9 1
95 9 8
95 8 4
95 4 3
95 3 2
95 8 7
95 7 5
95 7 6
95 11 10
95 14 13
96 18 14
96 14 12
96 12 11
96 11 5
96 5 0
96 5 4
96 4 2
96 2 1
96 4 3
96 11 10
96 10 6
96 10 9
96 9 8
96 8 7
96 14 13
96 18 17
96 17 16
96 16 15
97 18 17
97 17 0
97 17 16
97 16 15
97 15 14
97 14 1
97 14 13
97 13 11
97 11 2
97 11 10
97 10 9
97 9 7
97 7 5
97 5 3
97 5 4
97 7 6
97 9 8
97 13 12
98 14 13
98 13 12
98 12 9
98 9 7
98 7 6
98 6 0
98 6 5
98 5 3
98 3 1
98 3 2
98 5 4
98 9 8
98 12 11
98 11 10
99 17 16
99 16 15
99 15 14
99 14 8
99 8 3
99 3 1
99 1 0
99 3 2
99 8 7
99 7 4
99 7 6
99 6 5
99 14 13
99 13 12
99 12 9
99 12 11
99 11 10
100 14 5
100 5 1
100 1 0
100 5 4
100 4 2
100 4 3
100 14 13
100 13 12
100 12 6
100 12 11
100 11 10
100 10 9
100 9 8
100 8 7
101 18 15
101 15 1
101 1 0
101 15 14
101 14 4
101 4 2
101 4 3
101 14 13
101 13 12
101 12 10
101 10 8
101 8 5
101 8 7
101 7 6
101 10 9
101 12 11
101 18 17
101 17 16
