1 16 0
1 16 15
1 15 14
1 14 11
1 11 3
1 3 1
1 3 2
1 11 10
1 10 5
1 5 4
1 10 9
1 9 6
1 9 8
1 8 7
1 14 13
1 13 12
2 15 4
2 4 3
2 3 2
2 2 0
2 2 1
2 15 14
2 14 11
2 11 6
2 6 5
2 11 10
2 10 8
2 8 7
2 10 9
2 14 13
2 13 12
3 16 15
3 15 14
3 14 4
3 4 0
3 4 3
3 3 1
3 3 2
3 14 13
3 13 6
3 6 5
3 13 12
3 12 11
3 11 10
3 10 7
3 10 9
3 9 8
4 18 13
4 13 0
4 13 12
4 12 11
4 11 10
4 10 8
4 8 7
4 7 6
4 6 1
4 6 5
4 5 2
4 5 4
4 4 3
4 10 9
4 18 17
4 17 14
4 17 16
4 16 15
5 14 11
5 11 7
5 7 6
5 6 2
5 2 1
5 1 0
5 6 5
5 5 4
5 4 3
5 11 10
5 10 9
5 9 8
5 14 13
5 13 12
6 14 9
6 9 8
6 8 7
6 7 5
6 5 4
6 4 3
6 3 1
6 1 0
6 3 2
6 7 6
6 14 13
6 13 11
6 11 10
6 13 12
7 17 16
7 16 15
7 15 0
7 15 14
7 14 4
7 4 3
7 3 1
7 3 2
7 14 13
7 13 12
7 12 5
7 12 11
7 11 9
7 9 8
7 8 6
7 8 7
7 11 10
8 18 17
8 17 1
8 1 0
8 17 16
8 16 14
8 14 4
8 4 2
8 4 3
8 14 13
8 13 12
8 12 11
8 11 8
8 8 6
8 6 5
8 8 7
8 11 10
8 10 9
8 16 15
9 16 15
9 15 14
9 14 0
9 14 13
9 13 5
9 5 2
9 2 1
9 5 4
9 4 3
9 13 12
9 12 10
9 10 9
9 9 8
9 8 6
9 8 7
9 12 11
10 16 15
10 15 12
10 12 8
10 8 1
10 1 0
10 8 7
10 7 6
10 6 5
10 5 4
10 4 3
10 3 2
10 12 11
10 11 10
10 10 9
10 15 14
10 14 13
11 15 13
11 13 3
11 3 2
11 2 1
11 1 0
11 13 12
11 12 11
11 11 9
11 9 8
11 8 7
11 7 4
11 7 6
11 6 5
11 11 10
11 15 14
12 15 14
12 14 13
12 13 10
12 10 0
12 10 9
12 9 1
12 9 8
12 8 4
12 4 2
12 4 3
12 8 7
12 7 5
12 7 6
12 13 12
12 12 11
13 19 16
13 16 15
13 15 12
13 12 11
13 11 7
13 7 1
13 1 0
13 7 6
13 6 4
13 4 2
13 4 3
13 6 5
13 11 10
13 10 9
13 9 8
13 15 14
13 14 13
13 19 18
13 18 17
14 15 1
14 1 0
14 15 14
14 14 13
14 13 11
14 11 5
14 5 2
14 5 4
14 4 3
14 11 10
14 10 9
14 9 7
14 7 6
14 9 8
14 13 12
15 15 2
15 2 0
15 2 1
15 15 14
15 14 13
15 13 12
15 12 3
15 12 11
15 11 10
15 10 9
15 9 8
15 8 7
15 7 6
15 6 5
15 5 4
16 17 4
16 4 3
16 3 2
16 2 0
16 2 1
16 17 16
16 16 15
16 15 12
16 12 11
16 11 9
16 9 8
16 8 5
16 8 7
16 7 6
16 11 10
16 15 14
16 14 13
17 17 16
17 16 5
17 5 4
17 4 3
17 3 1
17 1 0
17 3 2
17 16 15
17 15 14
17 14 13
17 13 12
17 12 11
17 11 10
17 10 6
17 10 9
17 9 8
17 8 7
18 14 9
18 9 1
18 1 0
18 9 8
18 8 7
18 7 6
18 6 5
18 5 3
18 3 2
18 5 4
18 14 13
18 13 12
18 12 11
18 11 10
19 17 16
19 16 15
19 15 14
19 14 3
19 3 2
19 2 0
19 2 1
19 14 13
19 13 12
19 12 11
19 11 10
19 10 4
19 10 9
19 9 8
19 8 5
19 8 7
19 7 6
20 16 15
20 15 12
20 12 11
20 11 10
20 10 7
20 7 3
20 3 1
20 1 0
20 3 2
20 7 6
20 6 5
20 5 4
20 10 9
20 9 8
20 15 14
20 14 13
21 16 15
21 15 13
21 13 0
21 13 12
21 12 8
21 8 7
21 7 6
21 6 4
21 4 3
21 3 2
21 2 1
21 6 5
21 12 11
21 11 10
21 10 9
21 15 14
22 15 11
22 11 7
22 7 6
22 6 5
22 5 4
22 4 0
22 4 3
22 3 2
22 2 1
22 11 10
22 10 8
22 10 9
22 15 14
22 14 12
22 14 13
23 17 4
23 4 3
23 3 2
23 2 0
23 2 1
23 17 16
23 16 15
23 15 14
23 14 11
23 11 6
23 6 5
23 11 10
23 10 9
23 9 8
23 8 7
23 14 13
23 13 12
24 19 6
24 6 0
24 6 5
24 5 4
24 4 3
24 3 1
24 3 2
24 19 18
24 18 8
24 8 7
24 18 17
24 17 16
24 16 15
24 15 11
24 11 9
24 11 10
24 15 14
24 14 12
24 14 13
25 17 16
25 16 2
25 2 1
25 1 0
25 16 15
25 15 14
25 14 13
25 13 12
25 12 3
25 12 11
25 11 10
25 10 9
25 9 4
25 9 8
25 8 6
25 6 5
25 8 7
26 16 3
26 3 2
26 2 0
26 2 1
26 16 15
26 15 9
26 9 6
26 6 5
26 5 4
26 9 8
26 8 7
26 15 14
26 14 12
26 12 10
26 12 11
26 14 13
27 17 15
27 15 0
27 15 14
27 14 1
27 14 13
27 13 2
27 13 12
27 12 11
27 11 8
27 8 6
27 6 5
27 5 4
27 4 3
27 8 7
27 11 10
27 10 9
27 17 16
28 17 16
28 16 15
28 15 14
28 14 13
28 13 11
28 11 10
28 10 8
28 8 6
28 6 5
28 5 2
28 2 1
28 1 0
28 5 4
28 4 3
28 8 7
28 10 9
28 13 12
29 17 16
29 16 2
29 2 0
29 2 1
29 16 15
29 15 14
29 14 13
29 13 12
29 12 11
29 11 3
29 11 10
29 10 9
29 9 7
29 7 6
29 6 5
29 5 4
29 9 8
30 18 17
30 17 16
30 16 9
30 9 0
30 9 8
30 8 7
30 7 4
30 4 1
30 4 3
30 3 2
30 7 6
30 6 5
30 16 15
30 15 11
30 11 10
30 15 14
30 14 12
30 14 13
31 19 13
31 13 0
31 13 12
31 12 10
31 10 9
31 9 1
31 9 8
31 8 7
31 7 5
31 5 4
31 4 3
31 3 2
31 7 6
31 12 11
31 19 18
31 18 14
31 18 17
31 17 15
31 17 16
32 16 15
32 15 14
32 14 13
32 13 12
32 12 1
32 1 0
32 12 11
32 11 8
32 8 7
32 7 4
32 4 3
32 3 2
32 7 6
32 6 5
32 11 10
32 10 9
33 17 0
33 17 16
33 16 8
33 8 2
33 2 1
33 8 7
33 7 6
33 6 5
33 5 4
33 4 3
33 16 15
33 15 14
33 14 13
33 13 9
33 13 12
33 12 11
33 11 10
34 17 9
34 9 5
34 5 3
34 3 2
34 2 0
34 2 1
34 5 4
34 9 8
34 8 6
34 8 7
34 17 16
34 16 12
34 12 10
34 12 11
34 16 15
34 15 13
34 15 14
35 18 13
35 13 9
35 9 1
35 1 0
35 9 8
35 8 7
35 7 4
35 4 3
35 3 2
35 7 6
35 6 5
35 13 12
35 12 11
35 11 10
35 18 17
35 17 16
35 16 14
35 16 15
36 17 15
36 15 5
36 5 3
36 3 1
36 1 0
36 3 2
36 5 4
36 15 14
36 14 13
36 13 11
36 11 10
36 10 9
36 9 8
36 8 6
36 8 7
36 13 12
36 17 16
37 15 14
37 14 0
37 14 13
37 13 10
37 10 1
37 10 9
37 9 8
37 8 2
37 8 7
37 7 6
37 6 4
37 4 3
37 6 5
37 13 12
37 12 11
38 19 6
38 6 4
38 4 3
38 3 2
38 2 1
38 1 0
38 6 5
38 19 18
38 18 16
38 16 15
38 15 12
38 12 11
38 11 10
38 10 9
38 9 8
38 8 7
38 15 14
38 14 13
38 18 17
39 16 14
39 14 0
39 14 13
39 13 3
39 3 2
39 2 1
39 13 12
39 12 5
39 5 4
39 12 11
39 11 6
39 11 10
39 10 7
39 10 9
39 9 8
39 16 15
40 16 0
40 16 15
40 15 7
40 7 4
40 4 1
40 4 3
40 3 2
40 7 6
40 6 5
40 15 14
40 14 9
40 9 8
40 14 13
40 13 10
40 13 12
40 12 11
41 14 13
41 13 10
41 10 8
41 8 5
41 5 4
41 4 3
41 3 0
41 3 2
41 2 1
41 8 7
41 7 6
41 10 9
41 13 12
41 12 11
42 19 18
42 18 14
42 14 13
42 13 10
42 10 0
42 10 9
42 9 4
42 4 2
42 2 1
42 4 3
42 9 8
42 8 6
42 6 5
42 8 7
42 13 12
42 12 11
42 18 17
42 17 15
42 17 16
43 18 2
43 2 0
43 2 1
43 18 17
43 17 16
43 16 15
43 15 14
43 14 11
43 11 10
43 10 9
43 9 4
43 4 3
43 9 8
43 8 7
43 7 6
43 6 5
43 14 13
43 13 12
44 18 2
44 2 1
44 1 0
44 18 17
44 17 3
44 17 16
44 16 9
44 9 7
44 7 6
44 6 5
44 5 4
44 9 8
44 16 15
44 15 12
44 12 11
44 11 10
44 15 14
44 14 13
45 17 5
45 5 4
45 4 2
45 2 1
45 1 0
45 4 3
45 17 16
45 16 13
45 13 12
45 12 11
45 11 9
45 9 7
45 7 6
45 9 8
45 11 10
45 16 15
45 15 14
46 16 6
46 6 5
46 5 3
46 3 2
46 2 1
46 1 0
46 5 4
46 16 15
46 15 7
46 15 14
46 14 13
46 13 12
46 12 8
46 12 11
46 11 9
46 11 10
47 17 16
47 16 1
47 1 0
47 16 15
47 15 9
47 9 3
47 3 2
47 9 8
47 8 4
47 8 7
47 7 6
47 6 5
47 15 14
47 14 13
47 13 12
47 12 10
47 12 11
48 19 18
48 18 14
48 14 13
48 13 12
48 12 3
48 3 2
48 2 0
48 2 1
48 12 11
48 11 4
48 11 10
48 10 5
48 10 9
48 9 8
48 8 6
48 8 7
48 18 17
48 17 15
48 17 16
49 14 0
49 14 13
49 13 1
49 13 12
49 12 9
49 9 3
49 3 2
49 9 8
49 8 6
49 6 5
49 5 4
49 8 7
49 12 11
49 11 10
50 18 17
50 17 13
50 13 11
50 11 10
50 10 0
50 10 9
50 9 5
50 5 4
50 4 3
50 3 1
50 3 2
50 9 8
50 8 6
50 8 7
50 13 12
50 17 16
50 16 15
50 15 14
51 16 15
51 15 14
51 14 10
51 10 0
51 10 9
51 9 7
51 7 5
51 5 1
51 5 4
51 4 2
51 4 3
51 7 6
51 9 8
51 14 13
51 13 12
51 12 11
52 15 2
52 2 0
52 2 1
52 15 14
52 14 13
52 13 12
52 12 9
52 9 3
52 9 8
52 8 7
52 7 4
52 7 6
52 6 5
52 12 11
52 11 10
53 18 13
53 13 12
53 12 10
53 10 9
53 9 4
53 4 0
53 4 3
53 3 2
53 2 1
53 9 8
53 8 7
53 7 5
53 7 6
53 12 11
53 18 17
53 17 14
53 17 16
53 16 15
54 16 0
54 16 15
54 15 14
54 14 13
54 13 11
54 11 9
54 9 4
54 4 1
54 4 3
54 3 2
54 9 8
54 8 5
54 8 7
54 7 6
54 11 10
54 13 12
55 14 0
55 14 13
55 13 12
55 12 1
55 12 11
55 11 4
55 4 3
55 3 2
55 11 10
55 10 9
55 9 7
55 7 5
55 7 6
55 9 8
56 19 17
56 17 1
56 1 0
56 17 16
56 16 11
56 11 10
56 10 2
56 10 9
56 9 6
56 6 5
56 5 4
56 4 3
56 9 8
56 8 7
56 16 15
56 15 14
56 14 13
56 13 12
56 19 18
57 19 17
57 17 16
57 16 15
57 15 4
57 4 0
57 4 3
57 3 1
57 3 2
57 15 14
57 14 13
57 13 9
57 9 8
57 8 7
57 7 5
57 7 6
57 13 12
57 12 10
57 12 11
57 19 18
58 19 18
58 18 17
58 17 16
58 16 0
58 16 15
58 15 14
58 14 9
58 9 7
58 7 2
58 2 1
58 7 6
58 6 5
58 5 3
58 5 4
58 9 8
58 14 13
58 13 12
58 12 10
58 12 11
59 15 0
59 15 14
59 14 12
59 12 3
59 3 2
59 2 1
59 12 11
59 11 10
59 10 9
59 9 8
59 8 7
59 7 4
59 7 6
59 6 5
59 14 13
60 17 16
60 16 12
60 12 10
60 10 4
60 4 3
60 3 2
60 2 0
60 2 1
60 10 9
60 9 6
60 6 5
60 9 8
60 8 7
60 12 11
60 16 15
60 15 14
60 14 13
61 17 2
61 2 1
61 1 0
61 17 16
61 16 11
61 11 10
61 10 9
61 9 6
61 6 4
61 4 3
61 6 5
61 9 8
61 8 7
61 16 15
61 15 14
61 14 13
61 13 12
62 19 17
62 17 16
62 16 15
62 15 0
62 15 14
62 14 12
62 12 10
62 10 8
62 8 7
62 7 1
62 7 6
62 6 4
62 4 2
62 4 3
62 6 5
62 10 9
62 12 11
62 14 13
62 19 18
63 14 13
63 13 11
63 11 10
63 10 3
63 3 2
63 2 1
63 1 0
63 10 9
63 9 4
63 9 8
63 8 6
63 6 5
63 8 7
63 13 12
64 16 14
64 14 0
64 14 13
64 13 11
64 11 1
64 11 10
64 10 8
64 8 6
64 6 4
64 4 3
64 3 2
64 6 5
64 8 7
64 10 9
64 13 12
64 16 15
65 17 1
65 1 0
65 17 16
65 16 8
65 8 7
65 7 6
65 6 5
65 5 4
65 4 2
65 4 3
65 16 15
65 15 9
65 15 14
65 14 10
65 14 13
65 13 12
65 12 11
66 18 2
66 2 0
66 2 1
66 18 17
66 17 7
66 7 5
66 5 4
66 4 3
66 7 6
66 17 16
66 16 15
66 15 11
66 11 8
66 11 10
66 10 9
66 15 14
66 14 12
66 14 13
67 16 15
67 15 2
67 2 1
67 1 0
67 15 14
67 14 13
67 13 7
67 7 3
67 7 6
67 6 5
67 5 4
67 13 12
67 12 11
67 11 8
67 11 10
67 10 9
68 14 13
68 13 12
68 12 3
68 3 0
68 3 2
68 2 1
68 12 11
68 11 10
68 10 9
68 9 8
68 8 6
68 6 5
68 5 4
68 8 7
69 16 15
69 15 0
69 15 14
69 14 13
69 13 12
69 12 9
69 9 8
69 8 7
69 7 6
69 6 1
69 6 5
69 5 2
69 5 4
69 4 3
69 12 11
69 11 10
70 16 0
70 16 15
70 15 1
70 15 14
70 14 12
70 12 9
70 9 8
70 8 7
70 7 5
70 5 3
70 3 2
70 5 4
70 7 6
70 12 11
70 11 10
70 14 13
71 14 13
71 13 5
71 5 4
71 4 3
71 3 1
71 1 0
71 3 2
71 13 12
71 12 10
71 10 9
71 9 6
71 9 8
71 8 7
71 12 11
72 19 18
72 18 0
72 18 17
72 17 16
72 16 15
72 15 12
72 12 1
72 12 11
72 11 2
72 11 10
72 10 9
72 9 7
72 7 6
72 6 3
72 6 5
72 5 4
72 9 8
72 15 14
72 14 13
73 14 13
73 13 12
73 12 10
73 10 2
73 2 0
73 2 1
73 10 9
73 9 3
73 9 8
73 8 5
73 5 4
73 8 7
73 7 6
73 12 11
74 16 9
74 9 8
74 8 7
74 7 2
74 2 0
74 2 1
74 7 6
74 6 3
74 6 5
74 5 4
74 16 15
74 15 14
74 14 13
74 13 11
74 11 10
74 13 12
75 18 2
75 2 1
75 1 0
75 18 17
75 17 11
75 11 10
75 10 3
75 10 9
75 9 8
75 8 4
75 8 7
75 7 6
75 6 5
75 17 16
75 16 13
75 13 12
75 16 15
75 15 14
76 18 0
76 18 17
76 17 1
76 17 16
76 16 2
76 16 15
76 15 13
76 13 5
76 5 3
76 5 4
76 13 12
76 12 11
76 11 7
76 7 6
76 11 10
76 10 8
76 10 9
76 15 14
77 17 11
77 11 9
77 9 4
77 4 0
77 4 3
77 3 1
77 3 2
77 9 8
77 8 7
77 7 6
77 6 5
77 11 10
77 17 16
77 16 13
77 13 12
77 16 15
77 15 14
78 16 15
78 15 0
78 15 14
78 14 13
78 13 1
78 13 12
78 12 11
78 11 2
78 11 10
78 10 3
78 10 9
78 9 7
78 7 5
78 5 4
78 7 6
78 9 8
79 19 18
79 18 17
79 17 7
79 7 3
79 3 2
79 2 0
79 2 1
79 7 6
79 6 5
79 5 4
79 17 16
79 16 15
79 15 8
79 15 14
79 14 9
79 14 13
79 13 10
79 13 12
79 12 11
80 16 15
80 15 1
80 1 0
80 15 14
80 14 4
80 4 2
80 4 3
80 14 13
80 13 5
80 13 12
80 12 6
80 12 11
80 11 8
80 8 7
80 11 10
80 10 9
81 18 16
81 16 10
81 10 9
81 9 8
81 8 7
81 7 6
81 6 5
81 5 4
81 4 3
81 3 1
81 1 0
81 3 2
81 16 15
81 15 14
81 14 12
81 12 11
81 14 13
81 18 17
82 17 14
82 14 0
82 14 13
82 13 12
82 12 4
82 4 3
82 3 2
82 2 1
82 12 11
82 11 8
82 8 6
82 6 5
82 8 7
82 11 10
82 10 9
82 17 16
82 16 15
83 14 12
83 12 11
83 11 9
83 9 1
83 1 0
83 9 8
83 8 2
83 8 7
83 7 3
83 7 6
83 6 4
83 6 5
83 11 10
83 14 13
84 18 16
84 16 15
84 15 13
84 13 12
84 12 10
84 10 8
84 8 3
84 3 2
84 2 1
84 1 0
84 8 7
84 7 5
84 5 4
84 7 6
84 10 9
84 12 11
84 15 14
84 18 17
85 18 15
85 15 12
85 12 10
85 10 0
85 10 9
85 9 8
85 8 1
85 8 7
85 7 6
85 6 4
85 4 3
85 3 2
85 6 5
85 12 11
85 15 14
85 14 13
85 18 17
85 17 16
86 15 0
86 15 14
86 14 13
86 13 12
86 12 11
86 11 10
86 10 1
86 10 9
86 9 2
86 9 8
86 8 7
86 7 5
86 5 4
86 4 3
86 7 6
87 18 17
87 17 0
87 17 16
87 16 5
87 5 4
87 4 3
87 3 1
87 3 2
87 16 15
87 15 6
87 15 14
87 14 7
87 14 13
87 13 11
87 11 10
87 10 8
87 10 9
87 13 12
88 18 17
88 17 16
88 16 14
88 14 1
88 1 0
88 14 13
88 13 12
88 12 8
88 8 7
88 7 2
88 7 6
88 6 5
88 5 4
88 4 3
88 12 11
88 11 9
88 11 10
88 16 15
89 19 18
89 18 17
89 17 16
89 16 10
89 10 2
89 2 0
89 2 1
89 10 9
89 9 7
89 7 3
89 7 6
89 6 4
89 6 5
89 9 8
89 16 15
89 15 11
89 15 14
89 14 12
89 14 13
90 14 0
90 14 13
90 13 10
90 10 9
90 9 1
90 9 8
90 8 6
90 6 5
90 5 2
90 5 4
90 4 3
90 8 7
90 13 12
90 12 11
91 17 15
91 15 14
91 14 13
91 13 12
91 12 11
91 11 9
91 9 0
91 9 8
91 8 6
91 6 5
91 5 4
91 4 2
91 2 1
91 4 3
91 8 7
91 11 10
91 17 16
92 18 17
92 17 16
92 16 9
92 9 7
92 7 6
92 6 5
92 5 0
92 5 4
92 4 3
92 3 1
92 3 2
92 9 8
92 16 15
92 15 10
92 15 14
92 14 13
92 13 12
92 12 11
93 18 17
93 17 16
93 16 0
93 16 15
93 15 2
93 2 1
93 15 14
93 14 7
93 7 3
93 7 6
93 6 4
93 6 5
93 14 13
93 13 11
93 11 9
93 9 8
93 11 10
93 13 12
94 14 10
94 10 9
94 9 8
94 8 0
94 8 7
94 7 1
94 7 6
94 6 5
94 5 4
94 4 2
94 4 3
94 14 13
94 13 11
94 13 12
95 15 14
95 14 7
95 7 4
95 4 1
95 1 0
95 4 3
95 3 2
95 7 6
95 6 5
95 14 13
95 13 9
95 9 8
95 13 12
95 12 11
95 11 10
96 14 13
96 13 12
96 12 0
96 12 11
96 11 10
96 10 8
96 8 2
96 2 1
96 8 7
96 7 6
96 6 4
96 4 3
96 6 5
96 10 9
97 16 15
97 15 0
97 15 14
97 14 13
97 13 12
97 12 7
97 7 1
97 7 6
97 6 2
97 6 5
97 5 3
97 5 4
97 12 11
97 11 10
97 10 8
97 10 9
98 18 17
98 17 13
98 13 2
98 2 1
98 1 0
98 13 12
98 12 11
98 11 8
98 8 4
98 4 3
98 8 7
98 7 6
98 6 5
98 11 10
98 10 9
98 17 16
98 16 14
98 16 15
99 16 6
99 6 4
99 4 3
99 3 2
99 2 0
99 2 1
99 6 5
99 16 15
99 15 7
99 15 14
99 14 12
99 12 10
99 10 9
99 9 8
99 12 11
99 14 13
100 17 14
100 14 0
100 14 13
100 13 11
100 11 6
100 6 4
100 4 2
100 2 1
100 4 3
100 6 5
100 11 10
100 10 9
100 9 7
100 9 8
100 13 12
100 17 16
100 16 15
101 17 1
101 1 0
101 17 16
101 16 15
101 15 6
101 6 3
101 3 2
101 6 5
101 5 4
101 15 14
101 14 10
101 10 7
101 10 9
101 9 8
101 14 13
101 13 11
101 13 12
