1 16 14
1 14 0
1 14 13
1 13 12
1 12 2
1 2 1
1 12 11
1 11 10
1 10 6
1 6 5
1 5 4
1 4 3
1 10 9
1 9 7
1 9 8
1 16 15
2 15 14
2 14 13
2 13 0
2 13 12
2 12 10
2 10 7
2 7 6
2 6 5
2 5 3
2 3 2
2 2 1
2 5 4
2 10 9
2 9 8
2 12 11
3 14 10
3 10 3
3 3 1
3 1 0
3 3 2
3 10 9
3 9 7
3 7 4
3 7 6
3 6 5
3 9 8
3 14 13
3 13 12
3 12 11
4 17 16
4 16 15
4 15 2
4 2 0
4 2 1
4 15 14
4 14 9
4 9 3
4 9 8
4 8 7
4 7 6
4 6 5
4 5 4
4 14 13
4 13 10
4 13 12
4 12 11
5 17 1
5 1 0
5 17 16
5 16 15
5 15 14
5 14 13
5 13 8
5 8 3
5 3 2
5 8 7
5 7 6
5 6 4
5 6 5
5 13 12
5 12 11
5 11 9
5 11 10
6 17 16
6 16 10
6 10 5
6 5 1
6 1 0
6 5 4
6 4 2
6 4 3
6 10 9
6 9 7
6 7 6
6 9 8
6 16 15
6 15 14
6 14 11
6 14 13
6 13 12
7 18 0
7 18 17
7 17 1
7 17 16
7 16 15
7 15 4
7 4 2
7 4 3
7 15 14
7 14 13
7 13 12
7 12 11
7 11 10
7 10 5
7 10 9
7 9 6
7 9 8
7 8 7
8 19 17
8 17 16
8 16 6
8 6 5
8 5 1
8 1 0
8 5 4
8 4 2
8 4 3
8 16 15
8 15 11
8 11 7
8 11 10
8 10 8
8 10 9
8 15 14
8 14 12
8 14 13
8 19 18
9 18 16
9 16 3
9 3 1
9 1 0
9 3 2
9 16 15
9 15 14
9 14 12
9 12 5
9 5 4
9 12 11
9 11 10
9 10 9
9 9 7
9 7 6
9 9 8
9 14 13
9 18 17
10 19 18
10 18 0
10 18 17
10 17 5
10 5 2
10 2 1
10 5 4
10 4 3
10 17 16
10 16 14
10 14 13
10 13 12
10 12 11
10 11 10
10 10 6
10 10 9
10 9 7
10 9 8
10 16 15
11 15 13
11 13 11
11 11 8
11 8 7
11 7 2
11 2 1
11 1 0
11 7 6
11 6 3
11 6 5
11 5 4
11 11 10
11 10 9
11 13 12
11 15 14
12 18 14
12 14 10
12 10 9
12 9 8
12 8 3
12 3 0
12 3 2
12 2 1
12 8 7
12 7 6
12 6 4
12 6 5
12 14 13
12 13 11
12 13 12
12 18 17
12 17 15
12 17 16
13 14 13
13 13 2
13 2 1
13 1 0
13 13 12
13 12 3
13 12 11
13 11 7
13 7 4
13 7 6
13 6 5
13 11 10
13 10 9
13 9 8
14 19 9
14 9 2
14 2 0
14 2 1
14 9 8
14 8 3
14 8 7
14 7 6
14 6 5
14 5 4
14 19 18
14 18 17
14 17 16
14 16 15
14 15 11
14 11 10
14 15 14
14 14 12
14 14 13
15 15 12
15 12 11
15 11 10
15 10 0
15 10 9
15 9 8
15 8 5
15 5 3
15 3 2
15 2 1
15 5 4
15 8 7
15 7 6
15 15 14
15 14 13
16 17 3
16 3 0
16 3 2
16 2 1
16 17 16
16 16 4
16 16 15
16 15 11
16 11 10
16 10 9
16 9 5
16 9 8
16 8 6
16 8 7
16 15 14
16 14 13
16 13 12
17 16 15
17 15 14
17 14 13
17 13 12
17 12 10
17 10 7
17 7 2
17 2 0
17 2 1
17 7 6
17 6 4
17 4 3
17 6 5
17 10 9
17 9 8
17 12 11
18 18 0
18 18 17
18 17 16
18 16 14
18 14 13
18 13 7
18 7 6
18 6 5
18 5 1
18 5 4
18 4 2
18 4 3
18 13 12
18 12 10
18 10 8
18 10 9
18 12 11
18 16 15
19 19 1
19 1 0
19 19 18
19 18 17
19 17 2
19 17 16
19 16 15
19 15 14
19 14 13
19 13 12
19 12 4
19 4 3
19 12 11
19 11 10
19 10 6
19 6 5
19 10 9
19 9 7
19 9 8
20 17 16
20 16 13
20 13 11
20 11 9
20 9 8
20 8 4
20 4 3
20 3 1
20 1 0
20 3 2
20 8 7
20 7 6
20 6 5
20 11 10
20 13 12
20 16 15
20 15 14
21 14 8
21 8 0
21 8 7
21 7 5
21 5 4
21 4 2
21 2 1
21 4 3
21 7 6
21 14 13
21 13 11
21 11 10
21 10 9
21 13 12
22 16 14
22 14 10
22 10 5
22 5 0
22 5 4
22 4 2
22 2 1
22 4 3
22 10 9
22 9 8
22 8 7
22 7 6
22 14 13
22 13 12
22 12 11
22 16 15
23 17 16
23 16 14
23 14 1
23 1 0
23 14 13
23 13 11
23 11 9
23 9 5
23 5 4
23 4 3
23 3 2
23 9 8
23 8 6
23 8 7
23 11 10
23 13 12
23 16 15
24 15 6
24 6 5
24 5 3
24 3 1
24 1 0
24 3 2
24 5 4
24 15 14
24 14 7
24 14 13
24 13 11
24 11 9
24 9 8
24 11 10
24 13 12
25 18 17
25 17 0
25 17 16
25 16 15
25 15 13
25 13 2
25 2 1
25 13 12
25 12 10
25 10 9
25 9 3
25 9 8
25 8 7
25 7 4
25 7 6
25 6 5
25 12 11
25 15 14
26 14 3
26 3 0
26 3 2
26 2 1
26 14 13
26 13 11
26 11 6
26 6 4
26 6 5
26 11 10
26 10 7
26 10 9
26 9 8
26 13 12
27 16 8
27 8 0
27 8 7
27 7 6
27 6 5
27 5 1
27 5 4
27 4 3
27 3 2
27 16 15
27 15 14
27 14 13
27 13 12
27 12 11
27 11 10
27 10 9
28 14 4
28 4 0
28 4 3
28 3 2
28 2 1
28 14 13
28 13 12
28 12 11
28 11 10
28 10 8
28 8 7
28 7 5
28 7 6
28 10 9
29 15 14
29 14 12
29 12 10
29 10 9
29 9 8
29 8 6
29 6 0
29 6 5
29 5 1
29 5 4
29 4 2
29 4 3
29 8 7
29 12 11
29 14 13
30 16 4
30 4 0
30 4 3
30 3 1
30 3 2
30 16 15
30 15 7
30 7 6
30 6 5
30 15 14
30 14 13
30 13 11
30 11 10
30 10 8
30 10 9
30 13 12
31 17 0
31 17 16
31 16 1
31 16 15
31 15 14
31 14 2
31 14 13
31 13 12
31 12 11
31 11 3
31 11 10
31 10 8
31 8 7
31 7 6
31 6 4
31 6 5
31 10 9
32 17 0
32 17 16
32 16 8
32 8 7
32 7 6
32 6 1
32 6 5
32 5 4
32 4 3
32 3 2
32 16 15
32 15 10
32 10 9
32 15 14
32 14 11
32 14 13
32 13 12
33 16 15
33 15 14
33 14 13
33 13 0
33 13 12
33 12 10
33 10 9
33 9 8
33 8 6
33 6 4
33 4 3
33 3 1
33 3 2
33 6 5
33 8 7
33 12 11
34 15 14
34 14 13
34 13 11
34 11 0
34 11 10
34 10 9
34 9 1
34 9 8
34 8 7
34 7 6
34 6 5
34 5 2
34 5 4
34 4 3
34 13 12
35 18 16
35 16 0
35 16 15
35 15 14
35 14 10
35 10 9
35 9 8
35 8 6
35 6 5
35 5 4
35 4 1
35 4 3
35 3 2
35 8 7
35 14 13
35 13 12
35 12 11
35 18 17
36 15 5
36 5 4
36 4 3
36 3 2
36 2 0
36 2 1
36 15 14
36 14 13
36 13 11
36 11 10
36 10 9
36 9 8
36 8 6
36 8 7
36 13 12
37 18 0
37 18 17
37 17 16
37 16 12
37 12 7
37 7 1
37 7 6
37 6 4
37 4 2
37 4 3
37 6 5
37 12 11
37 11 8
37 11 10
37 10 9
37 16 15
37 15 13
37 15 14
38 16 0
38 16 15
38 15 14
38 14 1
38 14 13
38 13 2
38 13 12
38 12 11
38 11 9
38 9 8
38 8 3
38 8 7
38 7 4
38 7 6
38 6 5
38 11 10
39 14 3
39 3 2
39 2 1
39 1 0
39 14 13
39 13 12
39 12 4
39 12 11
39 11 10
39 10 9
39 9 6
39 6 5
39 9 8
39 8 7
40 16 1
40 1 0
40 16 15
40 15 2
40 15 14
40 14 13
40 13 12
40 12 11
40 11 3
40 11 10
40 10 7
40 7 5
40 5 4
40 7 6
40 10 9
40 9 8
41 19 18
41 18 17
41 17 9
41 9 8
41 8 2
41 2 0
41 2 1
41 8 7
41 7 6
41 6 5
41 5 4
41 4 3
41 17 16
41 16 15
41 15 10
41 15 14
41 14 13
41 13 12
41 12 11
42 16 0
42 16 15
42 15 2
42 2 1
42 15 14
42 14 13
42 13 12
42 12 7
42 7 6
42 6 5
42 5 3
42 5 4
42 12 11
42 11 10
42 10 8
42 10 9
43 18 17
43 17 15
43 15 14
43 14 11
43 11 2
43 2 0
43 2 1
43 11 10
43 10 3
43 10 9
43 9 8
43 8 6
43 6 4
43 6 5
43 8 7
43 14 13
43 13 12
43 17 16
44 14 13
44 13 0
44 13 12
44 12 2
44 2 1
44 12 11
44 11 4
44 4 3
44 11 10
44 10 8
44 8 6
44 6 5
44 8 7
44 10 9
45 14 12
45 12 10
45 10 0
45 10 9
45 9 8
45 8 5
45 5 3
45 3 2
45 2 1
45 5 4
45 8 7
45 7 6
45 12 11
45 14 13
46 17 13
46 13 12
46 12 11
46 11 3
46 3 0
46 3 2
46 2 1
46 11 10
46 10 4
46 10 9
46 9 6
46 6 5
46 9 8
46 8 7
46 17 16
46 16 15
46 15 14
47 17 16
47 16 15
47 15 14
47 14 6
47 6 0
47 6 5
47 5 1
47 5 4
47 4 2
47 4 3
47 14 13
47 13 12
47 12 11
47 11 9
47 9 7
47 9 8
47 11 10
48 16 14
48 14 13
48 13 12
48 12 11
48 11 0
48 11 10
48 10 1
48 10 9
48 9 8
48 8 7
48 7 6
48 6 5
48 5 2
48 5 4
48 4 3
48 16 15
49 19 0
49 19 18
49 18 15
49 15 12
49 12 11
49 11 9
49 9 8
49 8 7
49 7 5
49 5 4
49 4 1
49 4 3
49 3 2
49 7 6
49 11 10
49 15 14
49 14 13
49 18 17
49 17 16
50 18 15
50 15 13
50 13 12
50 12 10
50 10 1
50 1 0
50 10 9
50 9 7
50 7 5
50 5 4
50 4 3
50 3 2
50 7 6
50 9 8
50 12 11
50 15 14
50 18 17
50 17 16
51 18 16
51 16 9
51 9 7
51 7 3
51 3 2
51 2 1
51 1 0
51 7 6
51 6 5
51 5 4
51 9 8
51 16 15
51 15 12
51 12 11
51 11 10
51 15 14
51 14 13
51 18 17
52 14 13
52 13 7
52 7 6
52 6 4
52 4 0
52 4 3
52 3 2
52 2 1
52 6 5
52 13 12
52 12 10
52 10 8
52 10 9
52 12 11
53 17 6
53 6 2
53 2 1
53 1 0
53 6 5
53 5 3
53 5 4
53 17 16
53 16 15
53 15 13
53 13 8
53 8 7
53 13 12
53 12 10
53 10 9
53 12 11
53 15 14
54 19 18
54 18 1
54 1 0
54 18 17
54 17 16
54 16 3
54 3 2
54 16 15
54 15 9
54 9 4
54 9 8
54 8 5
54 8 7
54 7 6
54 15 14
54 14 12
54 12 10
54 12 11
54 14 13
55 17 16
55 16 15
55 15 0
55 15 14
55 14 10
55 10 2
55 2 1
55 10 9
55 9 8
55 8 5
55 5 4
55 4 3
55 8 7
55 7 6
55 14 13
55 13 12
55 12 11
56 15 0
56 15 14
56 14 1
56 14 13
56 13 12
56 12 11
56 11 3
56 3 2
56 11 10
56 10 6
56 6 5
56 5 4
56 10 9
56 9 8
56 8 7
57 17 14
57 14 13
57 13 12
57 12 1
57 1 0
57 12 11
57 11 2
57 11 10
57 10 9
57 9 8
57 8 7
57 7 4
57 4 3
57 7 6
57 6 5
57 17 16
57 16 15
58 14 0
58 14 13
58 13 1
58 13 12
58 12 9
58 9 5
58 5 4
58 4 2
58 4 3
58 9 8
58 8 6
58 8 7
58 12 11
58 11 10
59 14 13
59 13 0
59 13 12
59 12 11
59 11 10
59 10 2
59 2 1
59 10 9
59 9 7
59 7 3
59 7 6
59 6 4
59 6 5
59 9 8
60 14 2
60 2 1
60 1 0
60 14 13
60 13 5
60 5 3
60 5 4
60 13 12
60 12 11
60 11 10
60 10 9
60 9 7
60 7 6
60 9 8
61 14 13
61 13 6
61 6 0
61 6 5
61 5 4
61 4 3
61 3 2
61 2 1
61 13 12
61 12 10
61 10 7
61 10 9
61 9 8
61 12 11
62 18 0
62 18 17
62 17 16
62 16 1
62 16 15
62 15 4
62 4 3
62 3 2
62 15 14
62 14 13
62 13 11
62 11 9
62 9 7
62 7 6
62 6 5
62 9 8
62 11 10
62 13 12
63 19 14
63 14 13
63 13 0
63 13 12
63 12 10
63 10 9
63 9 7
63 7 1
63 7 6
63 6 4
63 4 3
63 3 2
63 6 5
63 9 8
63 12 11
63 19 18
63 18 17
63 17 16
63 16 15
64 16 4
64 4 0
64 4 3
64 3 2
64 2 1
64 16 15
64 15 13
64 13 12
64 12 10
64 10 6
64 6 5
64 10 9
64 9 8
64 8 7
64 12 11
64 15 14
65 14 8
65 8 7
65 7 6
65 6 2
65 2 1
65 1 0
65 6 5
65 5 4
65 4 3
65 14 13
65 13 12
65 12 11
65 11 10
65 10 9
66 14 12
66 12 2
66 2 1
66 1 0
66 12 11
66 11 10
66 10 9
66 9 7
66 7 6
66 6 5
66 5 4
66 4 3
66 9 8
66 14 13
67 17 0
67 17 16
67 16 2
67 2 1
67 16 15
67 15 3
67 15 14
67 14 13
67 13 7
67 7 5
67 5 4
67 7 6
67 13 12
67 12 10
67 10 9
67 9 8
67 12 11
68 14 9
68 9 2
68 2 1
68 1 0
68 9 8
68 8 3
68 8 7
68 7 4
68 7 6
68 6 5
68 14 13
68 13 12
68 12 10
68 12 11
69 17 10
69 10 1
69 1 0
69 10 9
69 9 3
69 3 2
69 9 8
69 8 5
69 5 4
69 8 7
69 7 6
69 17 16
69 16 14
69 14 11
69 14 13
69 13 12
69 16 15
70 19 17
70 17 15
70 15 14
70 14 13
70 13 0
70 13 12
70 12 5
70 5 4
70 4 3
70 3 2
70 2 1
70 12 11
70 11 10
70 10 9
70 9 8
70 8 6
70 8 7
70 17 16
70 19 18
71 16 0
71 16 15
71 15 14
71 14 12
71 12 1
71 12 11
71 11 10
71 10 5
71 5 4
71 4 2
71 4 3
71 10 9
71 9 8
71 8 7
71 7 6
71 14 13
72 14 10
72 10 9
72 9 7
72 7 4
72 4 3
72 3 2
72 2 0
72 2 1
72 7 6
72 6 5
72 9 8
72 14 13
72 13 11
72 13 12
73 14 13
73 13 0
73 13 12
73 12 11
73 11 10
73 10 7
73 7 6
73 6 5
73 5 4
73 4 1
73 4 3
73 3 2
73 10 9
73 9 8
74 16 15
74 15 13
74 13 1
74 1 0
74 13 12
74 12 10
74 10 2
74 10 9
74 9 3
74 9 8
74 8 7
74 7 6
74 6 5
74 5 4
74 12 11
74 15 14
75 15 14
75 14 0
75 14 13
75 13 1
75 13 12
75 12 4
75 4 2
75 4 3
75 12 11
75 11 8
75 8 6
75 6 5
75 8 7
75 11 10
75 10 9
76 16 0
76 16 15
76 15 2
76 2 1
76 15 14
76 14 13
76 13 10
76 10 9
76 9 3
76 9 8
76 8 6
76 6 5
76 5 4
76 8 7
76 13 12
76 12 11
77 14 9
77 9 0
77 9 8
77 8 7
77 7 6
77 6 5
77 5 2
77 2 1
77 5 4
77 4 3
77 14 13
77 13 10
77 13 12
77 12 11
78 14 2
78 2 0
78 2 1
78 14 13
78 13 11
78 11 10
78 10 9
78 9 4
78 4 3
78 9 8
78 8 6
78 6 5
78 8 7
78 13 12
79 16 1
79 1 0
79 16 15
79 15 14
79 14 13
79 13 12
79 12 11
79 11 10
79 10 9
79 9 4
79 4 3
79 3 2
79 9 8
79 8 5
79 8 7
79 7 6
80 18 1
80 1 0
80 18 17
80 17 16
80 16 7
80 7 6
80 6 4
80 4 3
80 3 2
80 6 5
80 16 15
80 15 8
80 15 14
80 14 10
80 10 9
80 14 13
80 13 11
80 13 12
81 16 15
81 15 10
81 10 1
81 1 0
81 10 9
81 9 6
81 6 5
81 5 4
81 4 3
81 3 2
81 9 8
81 8 7
81 15 14
81 14 13
81 13 11
81 13 12
82 14 13
82 13 7
82 7 1
82 1 0
82 7 6
82 6 2
82 6 5
82 5 3
82 5 4
82 13 12
82 12 9
82 9 8
82 12 11
82 11 10
83 17 2
83 2 0
83 2 1
83 17 16
83 16 15
83 15 12
83 12 3
83 12 11
83 11 8
83 8 6
83 6 5
83 5 4
83 8 7
83 11 10
83 10 9
83 15 14
83 14 13
84 16 15
84 15 13
84 13 1
84 1 0
84 13 12
84 12 11
84 11 10
84 10 8
84 8 7
84 7 5
84 5 3
84 3 2
84 5 4
84 7 6
84 10 9
84 15 14
85 16 14
85 14 13
85 13 4
85 4 3
85 3 1
85 1 0
85 3 2
85 13 12
85 12 11
85 11 10
85 10 9
85 9 8
85 8 7
85 7 5
85 7 6
85 16 15
86 14 0
86 14 13
86 13 7
86 7 4
86 4 1
86 4 3
86 3 2
86 7 6
86 6 5
86 13 12
86 12 11
86 11 9
86 9 8
86 11 10
87 18 17
87 17 16
87 16 14
87 14 12
87 12 2
87 2 0
87 2 1
87 12 11
87 11 7
87 7 3
87 7 6
87 6 4
87 6 5
87 11 10
87 10 8
87 10 9
87 14 13
87 16 15
88 17 16
88 16 0
88 16 15
88 15 14
88 14 11
88 11 10
88 10 9
88 9 6
88 6 1
88 6 5
88 5 3
88 3 2
88 5 4
88 9 8
88 8 7
88 14 13
88 13 12
89 15 14
89 14 12
89 12 0
89 12 11
89 11 8
89 8 7
89 7 1
89 7 6
89 6 5
89 5 3
89 3 2
89 5 4
89 11 10
89 10 9
89 14 13
90 15 14
90 14 13
90 13 12
90 12 0
90 12 11
90 11 10
90 10 6
90 6 1
90 6 5
90 5 2
90 5 4
90 4 3
90 10 9
90 9 7
90 9 8
91 17 15
91 15 5
91 5 4
91 4 0
91 4 3
91 3 2
91 2 1
91 15 14
91 14 13
91 13 12
91 12 7
91 7 6
91 12 11
91 11 8
91 11 10
91 10 9
91 17 16
92 15 0
92 15 14
92 14 13
92 13 3
92 3 2
92 2 1
92 13 12
92 12 6
92 6 5
92 5 4
92 12 11
92 11 9
92 9 7
92 9 8
92 11 10
93 18 17
93 17 1
93 1 0
93 17 16
93 16 2
93 16 15
93 15 9
93 9 6
93 6 3
93 6 5
93 5 4
93 9 8
93 8 7
93 15 14
93 14 13
93 13 12
93 12 11
93 11 10
94 19 18
94 18 17
94 17 16
94 16 4
94 4 3
94 3 2
94 2 1
94 1 0
94 16 15
94 15 14
94 14 13
94 13 9
94 9 8
94 8 7
94 7 5
94 7 6
94 13 12
94 12 10
94 12 11
95 18 17
95 17 0
95 17 16
95 16 15
95 15 6
95 6 5
95 5 4
95 4 3
95 3 2
95 2 1
95 15 14
95 14 13
95 13 11
95 11 8
95 8 7
95 11 10
95 10 9
95 13 12
96 17 11
96 11 9
96 9 4
96 4 0
96 4 3
96 3 2
96 2 1
96 9 8
96 8 6
96 6 5
96 8 7
96 11 10
96 17 16
96 16 15
96 15 14
96 14 13
96 13 12
97 14 0
97 14 13
97 13 12
97 12 11
97 11 10
97 10 4
97 4 3
97 3 2
97 2 1
97 10 9
97 9 5
97 9 8
97 8 7
97 7 6
98 18 14
98 14 0
98 14 13
98 13 1
98 13 12
98 12 9
98 9 4
98 4 3
98 3 2
98 9 8
98 8 7
98 7 5
98 7 6
98 12 11
98 11 10
98 18 17
98 17 16
98 16 15
99 17 16
99 16 14
99 14 13
99 13 12
99 12 11
99 11 2
99 2 1
99 1 0
99 11 10
99 10 9
99 9 7
99 7 3
99 7 6
99 6 5
99 5 4
99 9 8
99 16 15
100 14 5
100 5 4
100 4 2
100 2 1
100 1 0
100 4 3
100 14 13
100 13 12
100 12 11
100 11 6
100 11 10
100 10 8
100 8 7
100 10 9
101 14 11
101 11 9
101 9 6
101 6 5
101 5 1
101 1 0
101 5 4
101 4 3
101 3 2
101 9 8
101 8 7
101 11 10
101 14 13
101 13 12
