1 14 13
1 13 11
1 11 0
1 11 10
1 10 7
1 7 6
1 6 1
1 6 5
1 5 4
1 4 2
1 4 3
1 10 9
1 9 8
1 13 12
2 16 0
2 16 15
2 15 14
2 14 13
2 13 12
2 12 10
2 10 2
2 2 1
2 10 9
2 9 7
2 7 6
2 6 4
2 4 3
2 6 5
2 9 8
2 12 11
3 15 14
3 14 1
3 1 0
3 14 13
3 13 3
3 3 2
3 13 12
3 12 11
3 11 4
3 11 10
3 10 5
3 10 9
3 9 6
3 9 8
3 8 7
4 18 17
4 17 15
4 15 8
4 8 7
4 7 0
4 7 6
4 6 5
4 5 3
4 3 1
4 3 2
4 5 4
4 15 14
4 14 12
4 12 10
4 10 9
4 12 11
4 14 13
4 17 16
5 19 1
5 1 0
5 19 18
5 18 14
5 14 6
5 6 4
5 4 3
5 3 2
5 6 5
5 14 13
5 13 10
5 10 7
5 10 9
5 9 8
5 13 12
5 12 11
5 18 17
5 17 16
5 16 15
6 16 0
6 16 15
6 15 7
6 7 6
6 6 3
6 3 1
6 3 2
6 6 5
6 5 4
6 15 14
6 14 12
6 12 10
6 10 9
6 9 8
6 12 11
6 14 13
7 15 1
7 1 0
7 15 14
7 14 13
7 13 12
7 12 11
7 11 9
7 9 8
7 8 2
7 8 7
7 7 6
7 6 4
7 4 3
7 6 5
7 11 10
8 19 1
8 1 0
8 19 18
8 18 17
8 17 11
8 11 10
8 10 9
8 9 4
8 4 3
8 3 2
8 9 8
8 8 7
8 7 5
8 7 6
8 17 16
8 16 13
8 13 12
8 16 15
8 15 14
9 16 13
9 13 12
9 12 10
9 10 7
9 7 0
9 7 6
9 6 1
9 6 5
9 5 4
9 4 3
9 3 2
9 10 9
9 9 8
9 12 11
9 16 15
9 15 14
10 16 15
10 15 2
10 2 1
10 1 0
10 15 14
10 14 8
10 8 6
10 6 4
10 4 3
10 6 5
10 8 7
10 14 13
10 13 10
10 10 9
10 13 12
10 12 11
11 19 18
11 18 15
11 15 14
11 14 10
11 10 9
11 9 5
11 5 4
11 4 2
11 2 1
11 1 0
11 4 3
11 9 8
11 8 6
11 8 7
11 14 13
11 13 11
11 13 12
11 18 17
11 17 16
12 17 3
12 3 2
12 2 1
12 1 0
12 17 16
12 16 15
12 15 14
12 14 4
12 14 13
12 13 5
12 13 12
12 12 10
12 10 6
12 10 9
12 9 8
12 8 7
12 12 11
13 14 13
13 13 1
13 1 0
13 13 12
13 12 3
13 3 2
13 12 11
13 11 9
13 9 6
13 6 5
13 5 4
13 9 8
13 8 7
13 11 10
14 19 0
14 19 18
14 18 17
14 17 16
14 16 15
14 15 11
14 11 8
14 8 3
14 3 1
14 3 2
14 8 7
14 7 5
14 5 4
14 7 6
14 11 10
14 10 9
14 15 14
14 14 12
14 14 13
15 14 2
15 2 0
15 2 1
15 14 13
15 13 11
15 11 10
15 10 4
15 4 3
15 10 9
15 9 8
15 8 7
15 7 6
15 6 5
15 13 12
16 14 2
16 2 1
16 1 0
16 14 13
16 13 12
16 12 11
16 11 3
16 11 10
16 10 7
16 7 6
16 6 5
16 5 4
16 10 9
16 9 8
17 14 12
17 12 0
17 12 11
17 11 1
17 11 10
17 10 9
17 9 4
17 4 2
17 4 3
17 9 8
17 8 7
17 7 6
17 6 5
17 14 13
18 14 12
18 12 10
18 10 5
18 5 2
18 2 0
18 2 1
18 5 4
18 4 3
18 10 9
18 9 7
18 7 6
18 9 8
18 12 11
18 14 13
19 15 7
19 7 0
19 7 6
19 6 5
19 5 4
19 4 3
19 3 2
19 2 1
19 15 14
19 14 12
19 12 10
19 10 9
19 9 8
19 12 11
19 14 13
20 16 1
20 1 0
20 16 15
20 15 7
20 7 4
20 4 2
20 4 3
20 7 6
20 6 5
20 15 14
20 14 12
20 12 9
20 9 8
20 12 11
20 11 10
20 14 13
21 16 2
21 2 0
21 2 1
21 16 15
21 15 5
21 5 3
21 5 4
21 15 14
21 14 13
21 13 12
21 12 11
21 11 9
21 9 8
21 8 7
21 7 6
21 11 10
22 18 8
22 8 7
22 7 6
22 6 4
22 4 0
22 4 3
22 3 2
22 2 1
22 6 5
22 18 17
22 17 11
22 11 10
22 10 9
22 17 16
22 16 14
22 14 13
22 13 12
22 16 15
23 15 0
23 15 14
23 14 1
23 14 13
23 13 2
23 13 12
23 12 11
23 11 5
23 5 3
23 5 4
23 11 10
23 10 8
23 8 7
23 7 6
23 10 9
24 14 6
24 6 5
24 5 4
24 4 3
24 3 0
24 3 2
24 2 1
24 14 13
24 13 9
24 9 7
24 9 8
24 13 12
24 12 10
24 12 11
25 16 13
25 13 0
25 13 12
25 12 11
25 11 2
25 2 1
25 11 10
25 10 7
25 7 5
25 5 3
25 5 4
25 7 6
25 10 9
25 9 8
25 16 15
25 15 14
26 16 1
26 1 0
26 16 15
26 15 2
26 15 14
26 14 13
26 13 12
26 12 3
26 12 11
26 11 7
26 7 6
26 6 5
26 5 4
26 11 10
26 10 9
26 9 8
27 16 1
27 1 0
27 16 15
27 15 14
27 14 2
27 14 13
27 13 5
27 5 4
27 4 3
27 13 12
27 12 6
27 12 11
27 11 10
27 10 7
27 10 9
27 9 8
28 18 17
28 17 16
28 16 12
28 12 0
28 12 11
28 11 4
28 4 3
28 3 2
28 2 1
28 11 10
28 10 9
28 9 8
28 8 5
28 8 7
28 7 6
28 16 15
28 15 14
28 14 13
29 15 11
29 11 1
29 1 0
29 11 10
29 10 8
29 8 6
29 6 4
29 4 2
29 4 3
29 6 5
29 8 7
29 10 9
29 15 14
29 14 13
29 13 12
30 18 17
30 17 1
30 1 0
30 17 16
30 16 15
30 15 13
30 13 12
30 12 11
30 11 2
30 11 10
30 10 8
30 8 7
30 7 5
30 5 3
30 5 4
30 7 6
30 10 9
30 15 14
31 16 2
31 2 0
31 2 1
31 16 15
31 15 14
31 14 13
31 13 9
31 9 3
31 9 8
31 8 6
31 6 4
31 6 5
31 8 7
31 13 12
31 12 10
31 12 11
32 19 17
32 17 15
32 15 7
32 7 5
32 5 4
32 4 2
32 2 0
32 2 1
32 4 3
32 7 6
32 15 14
32 14 13
32 13 11
32 11 8
32 11 10
32 10 9
32 13 12
32 17 16
32 19 18
33 15 14
33 14 2
33 2 0
33 2 1
33 14 13
33 13 10
33 10 8
33 8 3
33 8 7
33 7 6
33 6 5
33 5 4
33 10 9
33 13 12
33 12 11
34 18 0
34 18 17
34 17 13
34 13 3
34 3 1
34 3 2
34 13 12
34 12 11
34 11 9
34 9 4
34 9 8
34 8 7
34 7 6
34 6 5
34 11 10
34 17 16
34 16 15
34 15 14
35 15 10
35 10 9
35 9 0
35 9 8
35 8 7
35 7 4
35 4 3
35 3 1
35 3 2
35 7 6
35 6 5
35 15 14
35 14 11
35 14 13
35 13 12
36 15 6
36 6 5
36 5 4
36 4 0
36 4 3
36 3 2
36 2 1
36 15 14
36 14 11
36 11 10
36 10 9
36 9 8
36 8 7
36 14 13
36 13 12
37 18 0
37 18 17
37 17 7
37 7 4
37 4 1
37 4 3
37 3 2
37 7 6
37 6 5
37 17 16
37 16 13
37 13 12
37 12 10
37 10 8
37 10 9
37 12 11
37 16 15
37 15 14
38 14 7
38 7 6
38 6 5
38 5 3
38 3 2
38 2 0
38 2 1
38 5 4
38 14 13
38 13 11
38 11 10
38 10 9
38 9 8
38 13 12
39 16 7
39 7 6
39 6 3
39 3 0
39 3 2
39 2 1
39 6 5
39 5 4
39 16 15
39 15 14
39 14 13
39 13 9
39 9 8
39 13 12
39 12 10
39 12 11
40 15 14
40 14 3
40 3 0
40 3 2
40 2 1
40 14 13
40 13 4
40 13 12
40 12 11
40 11 6
40 6 5
40 11 10
40 10 7
40 10 9
40 9 8
41 15 2
41 2 1
41 1 0
41 15 14
41 14 13
41 13 8
41 8 7
41 7 5
41 5 3
41 5 4
41 7 6
41 13 12
41 12 10
41 10 9
41 12 11
42 14 12
42 12 5
42 5 4
42 4 0
42 4 3
42 3 1
42 3 2
42 12 11
42 11 9
42 9 8
42 8 6
42 8 7
42 11 10
42 14 13
43 16 4
43 4 1
43 1 0
43 4 3
43 3 2
43 16 15
43 15 14
43 14 10
43 10 8
43 8 7
43 7 6
43 6 5
43 10 9
43 14 13
43 13 11
43 13 12
44 18 5
44 5 3
44 3 1
44 1 0
44 3 2
44 5 4
44 18 17
44 17 15
44 15 14
44 14 8
44 8 6
44 8 7
44 14 13
44 13 12
44 12 9
44 12 11
44 11 10
44 17 16
45 16 15
45 15 5
45 5 3
45 3 1
45 1 0
45 3 2
45 5 4
45 15 14
45 14 12
45 12 7
45 7 6
45 12 11
45 11 10
45 10 9
45 9 8
45 14 13
46 18 0
46 18 17
46 17 16
46 16 7
46 7 5
46 5 4
46 4 1
46 4 3
46 3 2
46 7 6
46 16 15
46 15 8
46 15 14
46 14 13
46 13 10
46 10 9
46 13 12
46 12 11
47 17 1
47 1 0
47 17 16
47 16 15
47 15 2
47 15 14
47 14 3
47 14 13
47 13 12
47 12 8
47 8 7
47 7 6
47 6 4
47 6 5
47 12 11
47 11 10
47 10 9
48 15 11
48 11 9
48 9 8
48 8 7
48 7 1
48 1 0
48 7 6
48 6 5
48 5 4
48 4 2
48 4 3
48 11 10
48 15 14
48 14 12
48 14 13
49 17 9
49 9 2
49 2 1
49 1 0
49 9 8
49 8 7
49 7 4
49 4 3
49 7 6
49 6 5
49 17 16
49 16 11
49 11 10
49 16 15
49 15 13
49 13 12
49 15 14
50 16 0
50 16 15
50 15 14
50 14 13
50 13 12
50 12 8
50 8 1
50 8 7
50 7 3
50 3 2
50 7 6
50 6 4
50 6 5
50 12 11
50 11 10
50 10 9
51 14 10
51 10 1
51 1 0
51 10 9
51 9 2
51 9 8
51 8 7
51 7 5
51 5 4
51 4 3
51 7 6
51 14 13
51 13 11
51 13 12
52 17 0
52 17 16
52 16 15
52 15 4
52 4 3
52 3 1
52 3 2
52 15 14
52 14 10
52 10 8
52 8 7
52 7 5
52 7 6
52 10 9
52 14 13
52 13 11
52 13 12
53 14 12
53 12 11
53 11 9
53 9 2
53 2 0
53 2 1
53 9 8
53 8 7
53 7 6
53 6 3
53 6 5
53 5 4
53 11 10
53 14 13
54 16 3
54 3 2
54 2 0
54 2 1
54 16 15
54 15 6
54 6 5
54 5 4
54 15 14
54 14 13
54 13 9
54 9 8
54 8 7
54 13 12
54 12 11
54 11 10
55 14 10
55 10 2
55 2 1
55 1 0
55 10 9
55 9 8
55 8 3
55 8 7
55 7 6
55 6 4
55 6 5
55 14 13
55 13 11
55 13 12
56 16 15
56 15 0
56 15 14
56 14 12
56 12 1
56 12 11
56 11 3
56 3 2
56 11 10
56 10 5
56 5 4
56 10 9
56 9 8
56 8 7
56 7 6
56 14 13
57 15 12
57 12 11
57 11 0
57 11 10
57 10 2
57 2 1
57 10 9
57 9 3
57 9 8
57 8 6
57 6 5
57 5 4
57 8 7
57 15 14
57 14 13
58 16 14
58 14 13
58 13 8
58 8 6
58 6 1
58 1 0
58 6 5
58 5 3
58 3 2
58 5 4
58 8 7
58 13 12
58 12 9
58 12 11
58 11 10
58 16 15
59 19 15
59 15 14
59 14 13
59 13 0
59 13 12
59 12 3
59 3 2
59 2 1
59 12 11
59 11 9
59 9 8
59 8 4
59 8 7
59 7 6
59 6 5
59 11 10
59 19 18
59 18 16
59 18 17
60 15 4
60 4 3
60 3 0
60 3 2
60 2 1
60 15 14
60 14 13
60 13 12
60 12 11
60 11 5
60 11 10
60 10 9
60 9 6
60 9 8
60 8 7
61 15 1
61 1 0
61 15 14
61 14 13
61 13 11
61 11 10
61 10 9
61 9 8
61 8 7
61 7 6
61 6 2
61 6 5
61 5 4
61 4 3
61 13 12
62 15 9
62 9 2
62 2 1
62 1 0
62 9 8
62 8 3
62 8 7
62 7 6
62 6 5
62 5 4
62 15 14
62 14 13
62 13 12
62 12 10
62 12 11
63 16 14
63 14 0
63 14 13
63 13 11
63 11 7
63 7 6
63 6 5
63 5 4
63 4 2
63 2 1
63 4 3
63 11 10
63 10 9
63 9 8
63 13 12
63 16 15
64 15 12
64 12 0
64 12 11
64 11 9
64 9 3
64 3 1
64 3 2
64 9 8
64 8 7
64 7 6
64 6 4
64 6 5
64 11 10
64 15 14
64 14 13
65 15 1
65 1 0
65 15 14
65 14 13
65 13 10
65 10 9
65 9 6
65 6 5
65 5 3
65 3 2
65 5 4
65 9 8
65 8 7
65 13 12
65 12 11
66 19 18
66 18 11
66 11 2
66 2 0
66 2 1
66 11 10
66 10 9
66 9 7
66 7 6
66 6 3
66 6 5
66 5 4
66 9 8
66 18 17
66 17 15
66 15 13
66 13 12
66 15 14
66 17 16
67 16 0
67 16 15
67 15 14
67 14 6
67 6 1
67 6 5
67 5 4
67 4 3
67 3 2
67 14 13
67 13 12
67 12 11
67 11 10
67 10 8
67 8 7
67 10 9
68 15 14
68 14 13
68 13 11
68 11 10
68 10 0
68 10 9
68 9 8
68 8 7
68 7 6
68 6 5
68 5 1
68 5 4
68 4 3
68 3 2
68 13 12
69 16 3
69 3 0
69 3 2
69 2 1
69 16 15
69 15 14
69 14 5
69 5 4
69 14 13
69 13 6
69 13 12
69 12 10
69 10 9
69 9 7
69 9 8
69 12 11
70 15 0
70 15 14
70 14 13
70 13 8
70 8 5
70 5 4
70 4 2
70 2 1
70 4 3
70 8 7
70 7 6
70 13 12
70 12 10
70 10 9
70 12 11
71 16 0
71 16 15
71 15 11
71 11 7
71 7 4
71 4 3
71 3 2
71 2 1
71 7 6
71 6 5
71 11 10
71 10 8
71 10 9
71 15 14
71 14 12
71 14 13
72 16 15
72 15 14
72 14 11
72 11 5
72 5 0
72 5 4
72 4 1
72 4 3
72 3 2
72 11 10
72 10 9
72 9 7
72 7 6
72 9 8
72 14 13
72 13 12
73 14 13
73 13 12
73 12 0
73 12 11
73 11 1
73 11 10
73 10 2
73 10 9
73 9 8
73 8 7
73 7 3
73 7 6
73 6 5
73 5 4
74 15 0
74 15 14
74 14 13
74 13 12
74 12 11
74 11 10
74 10 9
74 9 3
74 3 2
74 2 1
74 9 8
74 8 6
74 6 5
74 5 4
74 8 7
75 19 10
75 10 6
75 6 1
75 1 0
75 6 5
75 5 4
75 4 2
75 4 3
75 10 9
75 9 8
75 8 7
75 19 18
75 18 16
75 16 15
75 15 13
75 13 12
75 12 11
75 15 14
75 18 17
76 17 2
76 2 0
76 2 1
76 17 16
76 16 11
76 11 10
76 10 9
76 9 7
76 7 6
76 6 5
76 5 3
76 5 4
76 9 8
76 16 15
76 15 14
76 14 12
76 14 13
77 17 15
77 15 0
77 15 14
77 14 10
77 10 9
77 9 8
77 8 6
77 6 1
77 6 5
77 5 3
77 3 2
77 5 4
77 8 7
77 14 13
77 13 11
77 13 12
77 17 16
78 17 16
78 16 15
78 15 12
78 12 10
78 10 9
78 9 0
78 9 8
78 8 1
78 8 7
78 7 4
78 4 2
78 4 3
78 7 6
78 6 5
78 12 11
78 15 14
78 14 13
79 16 2
79 2 0
79 2 1
79 16 15
79 15 14
79 14 3
79 14 13
79 13 11
79 11 4
79 11 10
79 10 5
79 10 9
79 9 8
79 8 7
79 7 6
79 13 12
80 16 15
80 15 8
80 8 5
80 5 3
80 3 2
80 2 0
80 2 1
80 5 4
80 8 7
80 7 6
80 15 14
80 14 11
80 11 9
80 11 10
80 14 13
80 13 12
81 17 16
81 16 15
81 15 13
81 13 12
81 12 10
81 10 8
81 8 3
81 3 1
81 1 0
81 3 2
81 8 7
81 7 6
81 6 4
81 6 5
81 10 9
81 12 11
81 15 14
82 16 15
82 15 0
82 15 14
82 14 13
82 13 12
82 12 2
82 2 1
82 12 11
82 11 10
82 10 9
82 9 3
82 9 8
82 8 4
82 8 7
82 7 6
82 6 5
83 16 15
83 15 8
83 8 5
83 5 4
83 4 2
83 2 0
83 2 1
83 4 3
83 8 7
83 7 6
83 15 14
83 14 11
83 11 10
83 10 9
83 14 13
83 13 12
84 17 16
84 16 10
84 10 2
84 2 0
84 2 1
84 10 9
84 9 7
84 7 6
84 6 5
84 5 3
84 5 4
84 9 8
84 16 15
84 15 11
84 15 14
84 14 13
84 13 12
85 18 15
85 15 13
85 13 2
85 2 0
85 2 1
85 13 12
85 12 11
85 11 10
85 10 9
85 9 8
85 8 3
85 8 7
85 7 6
85 6 4
85 6 5
85 15 14
85 18 17
85 17 16
86 19 0
86 19 18
86 18 17
86 17 1
86 17 16
86 16 12
86 12 11
86 11 2
86 11 10
86 10 3
86 10 9
86 9 4
86 9 8
86 8 6
86 6 5
86 8 7
86 16 15
86 15 13
86 15 14
87 19 17
87 17 10
87 10 8
87 8 2
87 2 0
87 2 1
87 8 7
87 7 6
87 6 3
87 6 5
87 5 4
87 10 9
87 17 16
87 16 15
87 15 14
87 14 13
87 13 11
87 13 12
87 19 18
88 15 13
88 13 12
88 12 6
88 6 3
88 3 1
88 1 0
88 3 2
88 6 5
88 5 4
88 12 11
88 11 10
88 10 9
88 9 7
88 9 8
88 15 14
89 15 13
89 13 7
89 7 0
89 7 6
89 6 2
89 2 1
89 6 5
89 5 3
89 5 4
89 13 12
89 12 8
89 12 11
89 11 9
89 11 10
89 15 14
90 18 11
90 11 0
90 11 10
90 10 9
90 9 7
90 7 6
90 6 1
90 6 5
90 5 4
90 4 3
90 3 2
90 9 8
90 18 17
90 17 16
90 16 13
90 13 12
90 16 15
90 15 14
91 17 0
91 17 16
91 16 13
91 13 12
91 12 10
91 10 7
91 7 3
91 3 2
91 2 1
91 7 6
91 6 4
91 6 5
91 10 9
91 9 8
91 12 11
91 16 15
91 15 14
92 16 13
92 13 11
92 11 10
92 10 8
92 8 6
92 6 2
92 2 1
92 1 0
92 6 5
92 5 4
92 4 3
92 8 7
92 10 9
92 13 12
92 16 15
92 15 14
93 15 1
93 1 0
93 15 14
93 14 13
93 13 9
93 9 7
93 7 4
93 4 3
93 3 2
93 7 6
93 6 5
93 9 8
93 13 12
93 12 10
93 12 11
94 17 4
94 4 2
94 2 0
94 2 1
94 4 3
94 17 16
94 16 5
94 16 15
94 15 14
94 14 9
94 9 8
94 8 6
94 8 7
94 14 13
94 13 12
94 12 10
94 12 11
95 19 14
95 14 13
95 13 11
95 11 0
95 11 10
95 10 9
95 9 8
95 8 5
95 5 2
95 2 1
95 5 4
95 4 3
95 8 7
95 7 6
95 13 12
95 19 18
95 18 17
95 17 15
95 17 16
96 14 13
96 13 12
96 12 2
96 2 1
96 1 0
96 12 11
96 11 10
96 10 9
96 9 5
96 5 3
96 5 4
96 9 8
96 8 7
96 7 6
97 15 11
97 11 10
97 10 9
97 9 6
97 6 5
97 5 0
97 5 4
97 4 3
97 3 1
97 3 2
97 9 8
97 8 7
97 15 14
97 14 13
97 13 12
98 16 13
98 13 9
98 9 8
98 8 1
98 1 0
98 8 7
98 7 3
98 3 2
98 7 6
98 6 5
98 5 4
98 13 12
98 12 10
98 12 11
98 16 15
98 15 14
99 14 13
99 13 1
99 1 0
99 13 12
99 12 3
99 3 2
99 12 11
99 11 10
99 10 9
99 9 8
99 8 7
99 7 6
99 6 4
99 6 5
100 19 17
100 17 11
100 11 10
100 10 3
100 3 1
100 1 0
100 3 2
100 10 9
100 9 8
100 8 4
100 8 7
100 7 6
100 6 5
100 17 16
100 16 15
100 15 12
100 15 14
100 14 13
100 19 18
101 19 13
101 13 12
101 12 11
101 11 5
101 5 3
101 3 2
101 2 1
101 1 0
101 5 4
101 11 10
101 10 8
101 8 7
101 7 6
101 10 9
101 19 18
101 18 17
101 17 14
101 17 16
101 16 15
