1 14 13
1 13 12
1 12 0
1 12 11
1 11 1
1 11 10
1 10 8
1 8 2
1 8 7
1 7 4
1 4 3
1 7 6
1 6 5
1 10 9
2 14 13
2 13 0
2 13 12
2 12 11
2 11 1
2 11 10
2 10 9
2 9 6
2 6 2
2 6 5
2 5 3
2 5 4
2 9 8
2 8 7
3 17 14
3 14 13
3 13 11
3 11 1
3 1 0
3 11 10
3 10 9
3 9 7
3 7 3
3 3 2
3 7 6
3 6 5
3 5 4
3 9 8
3 13 12
3 17 16
3 16 15
4 14 13
4 13 12
4 12 11
4 11 10
4 10 9
4 9 0
4 9 8
4 8 7
4 7 6
4 6 5
4 5 4
4 4 1
4 4 3
4 3 2
5 18 11
5 11 9
5 9 8
5 8 7
5 7 6
5 6 4
5 4 3
5 3 2
5 2 1
5 1 0
5 6 5
5 11 10
5 18 17
5 17 14
5 14 13
5 13 12
5 17 16
5 16 15
6 14 8
6 8 7
6 7 6
6 6 5
6 5 0
6 5 4
6 4 2
6 2 1
6 4 3
6 14 13
6 13 9
6 13 12
6 12 11
6 11 10
7 15 2
7 2 1
7 1 0
7 15 14
7 14 12
7 12 9
7 9 8
7 8 7
7 7 3
7 7 6
7 6 5
7 5 4
7 12 11
7 11 10
7 14 13
8 18 17
8 17 15
8 15 3
8 3 0
8 3 2
8 2 1
8 15 14
8 14 13
8 13 6
8 6 5
8 5 4
8 13 12
8 12 11
8 11 9
8 9 8
8 8 7
8 11 10
8 17 16
9 14 0
9 14 13
9 13 12
9 12 3
9 3 2
9 2 1
9 12 11
9 11 4
9 11 10
9 10 5
9 10 9
9 9 7
9 7 6
9 9 8
10 14 4
10 4 3
10 3 0
10 3 2
10 2 1
10 14 13
10 13 5
10 13 12
10 12 7
10 7 6
10 12 11
10 11 10
10 10 8
10 10 9
11 15 14
11 14 0
11 14 13
11 13 7
11 7 2
11 2 1
11 7 6
11 6 4
11 4 3
11 6 5
11 13 12
11 12 11
11 11 8
11 11 10
11 10 9
12 16 0
12 16 15
12 15 12
12 12 1
12 12 11
12 11 10
12 10 7
12 7 6
12 6 5
12 5 2
12 5 4
12 4 3
12 10 9
12 9 8
12 15 14
12 14 13
13 15 0
13 15 14
13 14 1
13 14 13
13 13 10
13 10 9
13 9 7
13 7 6
13 6 5
13 5 2
13 5 4
13 4 3
13 9 8
13 13 12
13 12 11
14 17 16
14 16 0
14 16 15
14 15 14
14 14 13
14 13 12
14 12 6
14 6 5
14 5 1
14 5 4
14 4 3
14 3 2
14 12 11
14 11 9
14 9 8
14 8 7
14 11 10
15 14 8
15 8 2
15 2 1
15 1 0
15 8 7
15 7 6
15 6 3
15 6 5
15 5 4
15 14 13
15 13 12
15 12 9
15 12 11
15 11 10
16 15 14
16 14 13
16 13 12
16 12 10
16 10 0
16 10 9
16 9 8
16 8 7
16 7 1
16 7 6
16 6 5
16 5 2
16 5 4
16 4 3
16 12 11
17 19 17
17 17 12
17 12 11
17 11 10
17 10 8
17 8 7
17 7 5
17 5 0
17 5 4
17 4 3
17 3 2
17 2 1
17 7 6
17 10 9
17 17 16
17 16 13
17 16 15
17 15 14
17 19 18
18 14 5
18 5 4
18 4 3
18 3 2
18 2 0
18 2 1
18 14 13
18 13 12
18 12 9
18 9 8
18 8 7
18 7 6
18 12 11
18 11 10
19 17 15
19 15 10
19 10 9
19 9 8
19 8 2
19 2 0
19 2 1
19 8 7
19 7 5
19 5 3
19 5 4
19 7 6
19 15 14
19 14 13
19 13 11
19 13 12
19 17 16
20 15 11
20 11 10
20 10 8
20 8 0
20 8 7
20 7 3
20 3 1
20 3 2
20 7 6
20 6 4
20 6 5
20 10 9
20 15 14
20 14 12
20 14 13
21 19 1
21 1 0
21 19 18
21 18 17
21 17 3
21 3 2
21 17 16
21 16 14
21 14 13
21 13 4
21 13 12
21 12 6
21 6 5
21 12 11
21 11 9
21 9 7
21 9 8
21 11 10
21 16 15
22 15 14
22 14 7
22 7 0
22 7 6
22 6 2
22 2 1
22 6 5
22 5 3
22 5 4
22 14 13
22 13 12
22 12 11
22 11 10
22 10 9
22 9 8
23 17 1
23 1 0
23 17 16
23 16 2
23 16 15
23 15 13
23 13 8
23 8 7
23 7 3
23 7 6
23 6 4
23 6 5
23 13 12
23 12 11
23 11 9
23 11 10
23 15 14
24 19 0
24 19 18
24 18 16
24 16 15
24 15 14
24 14 13
24 13 12
24 12 10
24 10 9
24 9 3
24 3 1
24 3 2
24 9 8
24 8 6
24 6 4
24 6 5
24 8 7
24 12 11
24 18 17
25 17 16
25 16 2
25 2 0
25 2 1
25 16 15
25 15 14
25 14 13
25 13 12
25 12 11
25 11 6
25 6 4
25 4 3
25 6 5
25 11 10
25 10 9
25 9 8
25 8 7
26 14 13
26 13 5
26 5 1
26 1 0
26 5 4
26 4 2
26 4 3
26 13 12
26 12 6
26 12 11
26 11 8
26 8 7
26 11 10
26 10 9
27 18 17
27 17 9
27 9 5
27 5 0
27 5 4
27 4 3
27 3 1
27 3 2
27 9 8
27 8 7
27 7 6
27 17 16
27 16 11
27 11 10
27 16 15
27 15 13
27 13 12
27 15 14
28 15 7
28 7 0
28 7 6
28 6 1
28 6 5
28 5 3
28 3 2
28 5 4
28 15 14
28 14 12
28 12 11
28 11 9
28 9 8
28 11 10
28 14 13
29 19 12
29 12 11
29 11 9
29 9 4
29 4 2
29 2 1
29 1 0
29 4 3
29 9 8
29 8 7
29 7 5
29 7 6
29 11 10
29 19 18
29 18 17
29 17 15
29 15 14
29 14 13
29 17 16
30 17 16
30 16 12
30 12 7
30 7 5
30 5 4
30 4 0
30 4 3
30 3 1
30 3 2
30 7 6
30 12 11
30 11 8
30 11 10
30 10 9
30 16 15
30 15 13
30 15 14
31 17 15
31 15 14
31 14 13
31 13 12
31 12 10
31 10 9
31 9 7
31 7 1
31 1 0
31 7 6
31 6 5
31 5 2
31 5 4
31 4 3
31 9 8
31 12 11
31 17 16
32 14 0
32 14 13
32 13 3
32 3 1
32 3 2
32 13 12
32 12 11
32 11 8
32 8 7
32 7 6
32 6 5
32 5 4
32 11 10
32 10 9
33 16 5
33 5 4
33 4 3
33 3 2
33 2 0
33 2 1
33 16 15
33 15 14
33 14 11
33 11 10
33 10 8
33 8 6
33 8 7
33 10 9
33 14 13
33 13 12
34 19 18
34 18 13
34 13 12
34 12 1
34 1 0
34 12 11
34 11 3
34 3 2
34 11 10
34 10 6
34 6 5
34 5 4
34 10 9
34 9 7
34 9 8
34 18 17
34 17 16
34 16 14
34 16 15
35 17 16
35 16 15
35 15 14
35 14 10
35 10 2
35 2 1
35 1 0
35 10 9
35 9 7
35 7 3
35 7 6
35 6 5
35 5 4
35 9 8
35 14 13
35 13 11
35 13 12
36 15 14
36 14 13
36 13 11
36 11 7
36 7 0
36 7 6
36 6 5
36 5 4
36 4 3
36 3 1
36 3 2
36 11 10
36 10 8
36 10 9
36 13 12
37 19 17
37 17 15
37 15 14
37 14 7
37 7 3
37 3 1
37 1 0
37 3 2
37 7 6
37 6 4
37 6 5
37 14 13
37 13 11
37 11 10
37 10 9
37 9 8
37 13 12
37 17 16
37 19 18
38 14 11
38 11 9
38 9 8
38 8 7
38 7 6
38 6 4
38 4 3
38 3 2
38 2 1
38 1 0
38 6 5
38 11 10
38 14 13
38 13 12
39 14 13
39 13 11
39 11 10
39 10 6
39 6 2
39 2 0
39 2 1
39 6 5
39 5 3
39 5 4
39 10 9
39 9 8
39 8 7
39 13 12
40 19 0
40 19 18
40 18 17
40 17 14
40 14 13
40 13 6
40 6 5
40 5 2
40 2 1
40 5 4
40 4 3
40 13 12
40 12 11
40 11 10
40 10 7
40 10 9
40 9 8
40 17 16
40 16 15
41 14 13
41 13 1
41 1 0
41 13 12
41 12 10
41 10 9
41 9 2
41 9 8
41 8 6
41 6 4
41 4 3
41 6 5
41 8 7
41 12 11
42 16 11
42 11 0
42 11 10
42 10 1
42 10 9
42 9 7
42 7 6
42 6 5
42 5 2
42 5 4
42 4 3
42 9 8
42 16 15
42 15 14
42 14 12
42 14 13
43 17 12
43 12 0
43 12 11
43 11 9
43 9 7
43 7 6
43 6 2
43 2 1
43 6 5
43 5 4
43 4 3
43 9 8
43 11 10
43 17 16
43 16 15
43 15 13
43 15 14
44 18 17
44 17 16
44 16 15
44 15 13
44 13 12
44 12 11
44 11 0
44 11 10
44 10 1
44 10 9
44 9 7
44 7 6
44 6 5
44 5 4
44 4 3
44 3 2
44 9 8
44 15 14
45 17 1
45 1 0
45 17 16
45 16 15
45 15 12
45 12 2
45 12 11
45 11 3
45 11 10
45 10 6
45 6 4
45 6 5
45 10 9
45 9 7
45 9 8
45 15 14
45 14 13
46 16 15
46 15 10
46 10 5
46 5 0
46 5 4
46 4 3
46 3 1
46 3 2
46 10 9
46 9 6
46 9 8
46 8 7
46 15 14
46 14 13
46 13 11
46 13 12
47 14 2
47 2 1
47 1 0
47 14 13
47 13 8
47 8 6
47 6 5
47 5 4
47 4 3
47 8 7
47 13 12
47 12 9
47 12 11
47 11 10
48 14 12
48 12 7
48 7 2
48 2 1
48 1 0
48 7 6
48 6 4
48 4 3
48 6 5
48 12 11
48 11 8
48 11 10
48 10 9
48 14 13
49 15 0
49 15 14
49 14 2
49 2 1
49 14 13
49 13 8
49 8 7
49 7 5
49 5 3
49 5 4
49 7 6
49 13 12
49 12 11
49 11 10
49 10 9
50 14 13
50 13 3
50 3 2
50 2 0
50 2 1
50 13 12
50 12 5
50 5 4
50 12 11
50 11 10
50 10 9
50 9 8
50 8 7
50 7 6
51 14 0
51 14 13
51 13 12
51 12 11
51 11 2
51 2 1
51 11 10
51 10 9
51 9 8
51 8 6
51 6 4
51 4 3
51 6 5
51 8 7
52 14 1
52 1 0
52 14 13
52 13 7
52 7 3
52 3 2
52 7 6
52 6 5
52 5 4
52 13 12
52 12 11
52 11 10
52 10 9
52 9 8
53 18 0
53 18 17
53 17 15
53 15 11
53 11 10
53 10 8
53 8 3
53 3 1
53 3 2
53 8 7
53 7 6
53 6 5
53 5 4
53 10 9
53 15 14
53 14 13
53 13 12
53 17 16
54 15 14
54 14 11
54 11 9
54 9 8
54 8 5
54 5 3
54 3 0
54 3 2
54 2 1
54 5 4
54 8 7
54 7 6
54 11 10
54 14 13
54 13 12
55 19 17
55 17 16
55 16 15
55 15 14
55 14 13
55 13 12
55 12 11
55 11 9
55 9 0
55 9 8
55 8 7
55 7 4
55 4 3
55 3 2
55 2 1
55 7 6
55 6 5
55 11 10
55 19 18
56 17 0
56 17 16
56 16 3
56 3 1
56 3 2
56 16 15
56 15 14
56 14 4
56 14 13
56 13 12
56 12 11
56 11 9
56 9 8
56 8 6
56 6 5
56 8 7
56 11 10
57 17 1
57 1 0
57 17 16
57 16 14
57 14 13
57 13 11
57 11 10
57 10 6
57 6 4
57 4 2
57 4 3
57 6 5
57 10 9
57 9 8
57 8 7
57 13 12
57 16 15
58 14 13
58 13 5
58 5 4
58 4 3
58 3 2
58 2 0
58 2 1
58 13 12
58 12 10
58 10 7
58 7 6
58 10 9
58 9 8
58 12 11
59 19 16
59 16 3
59 3 1
59 1 0
59 3 2
59 16 15
59 15 14
59 14 13
59 13 10
59 10 5
59 5 4
59 10 9
59 9 7
59 7 6
59 9 8
59 13 12
59 12 11
59 19 18
59 18 17
60 14 13
60 13 8
60 8 7
60 7 5
60 5 4
60 4 3
60 3 0
60 3 2
60 2 1
60 7 6
60 13 12
60 12 10
60 10 9
60 12 11
61 19 12
61 12 4
61 4 3
61 3 2
61 2 0
61 2 1
61 12 11
61 11 10
61 10 8
61 8 7
61 7 5
61 7 6
61 10 9
61 19 18
61 18 14
61 14 13
61 18 17
61 17 16
61 16 15
62 14 13
62 13 5
62 5 0
62 5 4
62 4 3
62 3 2
62 2 1
62 13 12
62 12 10
62 10 9
62 9 8
62 8 7
62 7 6
62 12 11
63 15 14
63 14 1
63 1 0
63 14 13
63 13 2
63 13 12
63 12 4
63 4 3
63 12 11
63 11 10
63 10 9
63 9 5
63 9 8
63 8 6
63 8 7
64 15 13
64 13 6
64 6 0
64 6 5
64 5 1
64 5 4
64 4 2
64 4 3
64 13 12
64 12 11
64 11 7
64 11 10
64 10 9
64 9 8
64 15 14
65 18 17
65 17 1
65 1 0
65 17 16
65 16 14
65 14 13
65 13 2
65 13 12
65 12 11
65 11 10
65 10 3
65 10 9
65 9 5
65 5 4
65 9 8
65 8 6
65 8 7
65 16 15
66 17 16
66 16 12
66 12 11
66 11 10
66 10 8
66 8 7
66 7 6
66 6 5
66 5 0
66 5 4
66 4 3
66 3 2
66 2 1
66 10 9
66 16 15
66 15 13
66 15 14
67 19 0
67 19 18
67 18 16
67 16 15
67 15 1
67 15 14
67 14 13
67 13 11
67 11 10
67 10 5
67 5 4
67 4 3
67 3 2
67 10 9
67 9 8
67 8 7
67 7 6
67 13 12
67 18 17
68 17 2
68 2 1
68 1 0
68 17 16
68 16 12
68 12 8
68 8 3
68 8 7
68 7 6
68 6 4
68 6 5
68 12 11
68 11 10
68 10 9
68 16 15
68 15 14
68 14 13
69 16 15
69 15 14
69 14 0
69 14 13
69 13 1
69 13 12
69 12 2
69 12 11
69 11 3
69 11 10
69 10 5
69 5 4
69 10 9
69 9 8
69 8 6
69 8 7
70 19 17
70 17 2
70 2 1
70 1 0
70 17 16
70 16 12
70 12 3
70 12 11
70 11 7
70 7 6
70 6 4
70 6 5
70 11 10
70 10 9
70 9 8
70 16 15
70 15 13
70 15 14
70 19 18
71 19 18
71 18 17
71 17 0
71 17 16
71 16 15
71 15 1
71 15 14
71 14 13
71 13 11
71 11 10
71 10 2
71 10 9
71 9 8
71 8 5
71 5 3
71 5 4
71 8 7
71 7 6
71 13 12
72 19 14
72 14 0
72 14 13
72 13 12
72 12 8
72 8 7
72 7 6
72 6 5
72 5 4
72 4 3
72 3 2
72 2 1
72 12 11
72 11 10
72 10 9
72 19 18
72 18 16
72 16 15
72 18 17
73 19 17
73 17 0
73 17 16
73 16 14
73 14 13
73 13 4
73 4 2
73 2 1
73 4 3
73 13 12
73 12 11
73 11 10
73 10 9
73 9 8
73 8 6
73 6 5
73 8 7
73 16 15
73 19 18
74 15 10
74 10 9
74 9 8
74 8 7
74 7 0
74 7 6
74 6 4
74 4 1
74 4 3
74 3 2
74 6 5
74 15 14
74 14 12
74 12 11
74 14 13
75 15 2
75 2 0
75 2 1
75 15 14
75 14 10
75 10 7
75 7 6
75 6 3
75 6 5
75 5 4
75 10 9
75 9 8
75 14 13
75 13 12
75 12 11
76 15 14
76 14 13
76 13 0
76 13 12
76 12 9
76 9 5
76 5 3
76 3 1
76 3 2
76 5 4
76 9 8
76 8 6
76 8 7
76 12 11
76 11 10
77 14 12
77 12 0
77 12 11
77 11 1
77 11 10
77 10 6
77 6 3
77 3 2
77 6 5
77 5 4
77 10 9
77 9 7
77 9 8
77 14 13
78 18 4
78 4 3
78 3 2
78 2 1
78 1 0
78 18 17
78 17 16
78 16 14
78 14 5
78 14 13
78 13 6
78 13 12
78 12 11
78 11 7
78 11 10
78 10 9
78 9 8
78 16 15
79 15 1
79 1 0
79 15 14
79 14 13
79 13 12
79 12 10
79 10 5
79 5 4
79 4 3
79 3 2
79 10 9
79 9 6
79 9 8
79 8 7
79 12 11
80 19 6
80 6 3
80 3 0
80 3 2
80 2 1
80 6 5
80 5 4
80 19 18
80 18 17
80 17 16
80 16 15
80 15 9
80 9 7
80 9 8
80 15 14
80 14 13
80 13 10
80 13 12
80 12 11
81 18 16
81 16 7
81 7 3
81 3 2
81 2 1
81 1 0
81 7 6
81 6 4
81 6 5
81 16 15
81 15 13
81 13 12
81 12 10
81 10 9
81 9 8
81 12 11
81 15 14
81 18 17
82 15 13
82 13 12
82 12 3
82 3 1
82 1 0
82 3 2
82 12 11
82 11 10
82 10 8
82 8 7
82 7 4
82 7 6
82 6 5
82 10 9
82 15 14
83 16 1
83 1 0
83 16 15
83 15 14
83 14 8
83 8 6
83 6 2
83 6 5
83 5 3
83 5 4
83 8 7
83 14 13
83 13 9
83 13 12
83 12 10
83 12 11
84 15 2
84 2 0
84 2 1
84 15 14
84 14 13
84 13 4
84 4 3
84 13 12
84 12 10
84 10 7
84 7 6
84 6 5
84 10 9
84 9 8
84 12 11
85 15 11
85 11 8
85 8 6
85 6 2
85 2 0
85 2 1
85 6 5
85 5 4
85 4 3
85 8 7
85 11 10
85 10 9
85 15 14
85 14 13
85 13 12
86 14 5
86 5 4
86 4 3
86 3 2
86 2 0
86 2 1
86 14 13
86 13 12
86 12 11
86 11 10
86 10 7
86 7 6
86 10 9
86 9 8
87 16 0
87 16 15
87 15 1
87 15 14
87 14 13
87 13 12
87 12 5
87 5 4
87 4 3
87 3 2
87 12 11
87 11 10
87 10 9
87 9 7
87 7 6
87 9 8
88 14 13
88 13 12
88 12 11
88 11 10
88 10 8
88 8 6
88 6 5
88 5 0
88 5 4
88 4 2
88 2 1
88 4 3
88 8 7
88 10 9
89 19 18
89 18 15
89 15 8
89 8 0
89 8 7
89 7 1
89 7 6
89 6 5
89 5 4
89 4 3
89 3 2
89 15 14
89 14 13
89 13 11
89 11 10
89 10 9
89 13 12
89 18 17
89 17 16
90 14 8
90 8 6
90 6 0
90 6 5
90 5 1
90 5 4
90 4 2
90 4 3
90 8 7
90 14 13
90 13 10
90 10 9
90 13 12
90 12 11
91 17 0
91 17 16
91 16 10
91 10 9
91 9 8
91 8 6
91 6 5
91 5 2
91 2 1
91 5 4
91 4 3
91 8 7
91 16 15
91 15 11
91 15 14
91 14 13
91 13 12
92 15 14
92 14 13
92 13 12
92 12 1
92 1 0
92 12 11
92 11 2
92 11 10
92 10 6
92 6 5
92 5 4
92 4 3
92 10 9
92 9 7
92 9 8
93 14 0
93 14 13
93 13 5
93 5 3
93 3 1
93 3 2
93 5 4
93 13 12
93 12 11
93 11 9
93 9 6
93 9 8
93 8 7
93 11 10
94 17 2
94 2 1
94 1 0
94 17 16
94 16 15
94 15 4
94 4 3
94 15 14
94 14 13
94 13 8
94 8 5
94 8 7
94 7 6
94 13 12
94 12 11
94 11 10
94 10 9
95 19 10
95 10 8
95 8 6
95 6 4
95 4 3
95 3 1
95 1 0
95 3 2
95 6 5
95 8 7
95 10 9
95 19 18
95 18 16
95 16 14
95 14 12
95 12 11
95 14 13
95 16 15
95 18 17
96 18 17
96 17 16
96 16 14
96 14 0
96 14 13
96 13 1
96 13 12
96 12 3
96 3 2
96 12 11
96 11 4
96 11 10
96 10 6
96 6 5
96 10 9
96 9 8
96 8 7
96 16 15
97 15 12
97 12 0
97 12 11
97 11 9
97 9 4
97 4 3
97 3 2
97 2 1
97 9 8
97 8 6
97 6 5
97 8 7
97 11 10
97 15 14
97 14 13
98 16 15
98 15 13
98 13 0
98 13 12
98 12 11
98 11 1
98 11 10
98 10 2
98 10 9
98 9 3
98 9 8
98 8 7
98 7 6
98 6 4
98 6 5
98 15 14
99 19 18
99 18 17
99 17 1
99 1 0
99 17 16
99 16 12
99 12 11
99 11 2
99 11 10
99 10 3
99 10 9
99 9 8
99 8 6
99 6 5
99 5 4
99 8 7
99 16 15
99 15 13
99 15 14
100 15 7
100 7 1
100 1 0
100 7 6
100 6 4
100 4 3
100 3 2
100 6 5
100 15 14
100 14 10
100 10 9
100 9 8
100 14 13
100 13 12
100 12 11
101 14 10
101 10 0
101 10 9
101 9 8
101 8 1
101 8 7
101 7 2
101 7 6
101 6 5
101 5 4
101 4 3
101 14 13
101 13 11
101 13 12
