1 17 0
1 17 16
1 16 9
1 9 6
1 6 4
1 4 2
1 2 1
1 4 3
1 6 5
1 9 8
1 8 7
1 16 15
1 15 13
1 13 12
1 12 11
1 11 10
1 15 14
2 18 17
2 17 15
2 15 14
2 14 9
2 9 0
2 9 8
2 8 6
2 6 5
2 5 4
2 4 2
2 2 1
2 4 3
2 8 7
2 14 13
2 13 12
2 12 10
2 12 11
2 17 16
3 14 4
3 4 1
3 1 0
3 4 3
3 3 2
3 14 13
3 13 5
3 13 12
3 12 7
3 7 6
3 12 11
3 11 10
3 10 8
3 10 9
4 14 11
4 11 9
4 9 8
4 8 7
4 7 6
4 6 5
4 5 1
4 1 0
4 5 4
4 4 3
4 3 2
4 11 10
4 14 13
4 13 12
5 16 12
5 12 11
5 11 10
5 10 7
5 7 5
5 5 3
5 3 1
5 1 0
5 3 2
5 5 4
5 7 6
5 10 9
5 9 8
5 16 15
5 15 14
5 14 13
6 17 16
6 16 10
6 10 9
6 9 8
6 8 6
6 6 5
6 5 1
6 1 0
6 5 4
6 4 3
6 3 2
6 8 7
6 16 15
6 15 11
6 15 14
6 14 13
6 13 12
7 19 14
7 14 7
7 7 1
7 1 0
7 7 6
7 6 3
7 3 2
7 6 5
7 5 4
7 14 13
7 13 12
7 12 11
7 11 10
7 10 8
7 10 9
7 19 18
7 18 17
7 17 16
7 16 15
8 14 13
8 13 11
8 11 0
8 11 10
8 10 8
8 8 6
8 6 3
8 3 2
8 2 1
8 6 5
8 5 4
8 8 7
8 10 9
8 13 12
9 16 6
9 6 0
9 6 5
9 5 4
9 4 3
9 3 1
9 3 2
9 16 15
9 15 14
9 14 10
9 10 7
9 10 9
9 9 8
9 14 13
9 13 12
9 12 11
10 14 2
10 2 0
10 2 1
10 14 13
10 13 12
10 12 11
10 11 9
10 9 8
10 8 7
10 7 6
10 6 5
10 5 3
10 5 4
10 11 10
11 17 16
11 16 15
11 15 8
11 8 6
11 6 3
11 3 0
11 3 2
11 2 1
11 6 5
11 5 4
11 8 7
11 15 14
11 14 13
11 13 10
11 10 9
11 13 12
11 12 11
12 18 13
12 13 12
12 12 0
12 12 11
12 11 10
12 10 8
12 8 5
12 5 4
12 4 3
12 3 1
12 3 2
12 8 7
12 7 6
12 10 9
12 18 17
12 17 16
12 16 14
12 16 15
13 14 11
13 11 10
13 10 9
13 9 7
13 7 3
13 3 2
13 2 0
13 2 1
13 7 6
13 6 5
13 5 4
13 9 8
13 14 13
13 13 12
14 14 10
14 10 8
14 8 7
14 7 6
14 6 4
14 4 0
14 4 3
14 3 2
14 2 1
14 6 5
14 10 9
14 14 13
14 13 12
14 12 11
15 19 1
15 1 0
15 19 18
15 18 17
15 17 9
15 9 8
15 8 2
15 8 7
15 7 6
15 6 3
15 6 5
15 5 4
15 17 16
15 16 13
15 13 11
15 11 10
15 13 12
15 16 15
15 15 14
16 16 4
16 4 2
16 2 1
16 1 0
16 4 3
16 16 15
16 15 14
16 14 9
16 9 8
16 8 7
16 7 5
16 7 6
16 14 13
16 13 12
16 12 10
16 12 11
17 18 14
17 14 1
17 1 0
17 14 13
17 13 11
17 11 6
17 6 5
17 5 2
17 5 4
17 4 3
17 11 10
17 10 8
17 8 7
17 10 9
17 13 12
17 18 17
17 17 15
17 17 16
18 19 17
18 17 16
18 16 14
18 14 13
18 13 9
18 9 8
18 8 4
18 4 2
18 2 0
18 2 1
18 4 3
18 8 7
18 7 6
18 6 5
18 13 12
18 12 11
18 11 10
18 16 15
18 19 18
19 19 18
19 18 12
19 12 11
19 11 1
19 1 0
19 11 10
19 10 9
19 9 4
19 4 3
19 3 2
19 9 8
19 8 7
19 7 6
19 6 5
19 18 17
19 17 15
19 15 13
19 15 14
19 17 16
20 17 0
20 17 16
20 16 11
20 11 9
20 9 1
20 9 8
20 8 2
20 8 7
20 7 6
20 6 5
20 5 3
20 5 4
20 11 10
20 16 15
20 15 14
20 14 13
20 13 12
21 16 15
21 15 12
21 12 11
21 11 7
21 7 4
21 4 3
21 3 2
21 2 1
21 1 0
21 7 6
21 6 5
21 11 10
21 10 8
21 10 9
21 15 14
21 14 13
22 15 1
22 1 0
22 15 14
22 14 13
22 13 12
22 12 11
22 11 10
22 10 9
22 9 2
22 9 8
22 8 7
22 7 3
22 7 6
22 6 4
22 6 5
23 18 17
23 17 14
23 14 6
23 6 5
23 5 4
23 4 3
23 3 0
23 3 2
23 2 1
23 14 13
23 13 12
23 12 11
23 11 9
23 9 8
23 8 7
23 11 10
23 17 16
23 16 15
24 16 4
24 4 1
24 1 0
24 4 3
24 3 2
24 16 15
24 15 6
24 6 5
24 15 14
24 14 11
24 11 10
24 10 9
24 9 7
24 9 8
24 14 13
24 13 12
25 16 1
25 1 0
25 16 15
25 15 13
25 13 4
25 4 2
25 4 3
25 13 12
25 12 11
25 11 10
25 10 5
25 10 9
25 9 8
25 8 6
25 8 7
25 15 14
26 14 13
26 13 0
26 13 12
26 12 10
26 10 7
26 7 3
26 3 1
26 3 2
26 7 6
26 6 4
26 6 5
26 10 9
26 9 8
26 12 11
27 14 12
27 12 9
27 9 8
27 8 7
27 7 0
27 7 6
27 6 5
27 5 4
27 4 2
27 2 1
27 4 3
27 12 11
27 11 10
27 14 13
28 17 16
28 16 2
28 2 0
28 2 1
28 16 15
28 15 14
28 14 3
28 14 13
28 13 5
28 5 4
28 13 12
28 12 8
28 8 6
28 8 7
28 12 11
28 11 10
28 10 9
29 17 4
29 4 3
29 3 0
29 3 2
29 2 1
29 17 16
29 16 9
29 9 8
29 8 6
29 6 5
29 8 7
29 16 15
29 15 13
29 13 12
29 12 11
29 11 10
29 15 14
30 16 15
30 15 6
30 6 4
30 4 3
30 3 2
30 2 1
30 1 0
30 6 5
30 15 14
30 14 12
30 12 9
30 9 8
30 8 7
30 12 11
30 11 10
30 14 13
31 14 2
31 2 1
31 1 0
31 14 13
31 13 12
31 12 10
31 10 5
31 5 4
31 4 3
31 10 9
31 9 7
31 7 6
31 9 8
31 12 11
32 18 15
32 15 0
32 15 14
32 14 6
32 6 4
32 4 3
32 3 1
32 3 2
32 6 5
32 14 13
32 13 7
32 13 12
32 12 8
32 12 11
32 11 9
32 11 10
32 18 17
32 17 16
33 17 2
33 2 0
33 2 1
33 17 16
33 16 3
33 16 15
33 15 14
33 14 4
33 14 13
33 13 6
33 6 5
33 13 12
33 12 10
33 10 9
33 9 7
33 9 8
33 12 11
34 16 14
34 14 12
34 12 8
34 8 7
34 7 6
34 6 1
34 1 0
34 6 5
34 5 4
34 4 3
34 3 2
34 12 11
34 11 9
34 11 10
34 14 13
34 16 15
35 19 0
35 19 18
35 18 3
35 3 2
35 2 1
35 18 17
35 17 4
35 17 16
35 16 8
35 8 7
35 7 6
35 6 5
35 16 15
35 15 11
35 11 10
35 10 9
35 15 14
35 14 13
35 13 12
36 16 15
36 15 0
36 15 14
36 14 13
36 13 12
36 12 10
36 10 7
36 7 6
36 6 5
36 5 3
36 3 2
36 2 1
36 5 4
36 10 9
36 9 8
36 12 11
37 17 0
37 17 16
37 16 12
37 12 1
37 12 11
37 11 7
37 7 6
37 6 5
37 5 4
37 4 3
37 3 2
37 11 10
37 10 9
37 9 8
37 16 15
37 15 13
37 15 14
38 17 0
38 17 16
38 16 15
38 15 13
38 13 12
38 12 6
38 6 5
38 5 3
38 3 2
38 2 1
38 5 4
38 12 11
38 11 10
38 10 8
38 8 7
38 10 9
38 15 14
39 18 0
39 18 17
39 17 14
39 14 2
39 2 1
39 14 13
39 13 8
39 8 7
39 7 5
39 5 4
39 4 3
39 7 6
39 13 12
39 12 10
39 10 9
39 12 11
39 17 16
39 16 15
40 17 6
40 6 3
40 3 0
40 3 2
40 2 1
40 6 5
40 5 4
40 17 16
40 16 10
40 10 8
40 8 7
40 10 9
40 16 15
40 15 13
40 13 12
40 12 11
40 15 14
41 17 16
41 16 0
41 16 15
41 15 1
41 15 14
41 14 13
41 13 11
41 11 10
41 10 8
41 8 5
41 5 3
41 3 2
41 5 4
41 8 7
41 7 6
41 10 9
41 13 12
42 17 0
42 17 16
42 16 2
42 2 1
42 16 15
42 15 3
42 15 14
42 14 12
42 12 5
42 5 4
42 12 11
42 11 6
42 11 10
42 10 9
42 9 8
42 8 7
42 14 13
43 15 9
43 9 6
43 6 4
43 4 3
43 3 2
43 2 1
43 1 0
43 6 5
43 9 8
43 8 7
43 15 14
43 14 13
43 13 12
43 12 11
43 11 10
44 18 5
44 5 3
44 3 0
44 3 2
44 2 1
44 5 4
44 18 17
44 17 16
44 16 15
44 15 14
44 14 6
44 14 13
44 13 12
44 12 7
44 12 11
44 11 10
44 10 9
44 9 8
45 15 5
45 5 2
45 2 0
45 2 1
45 5 4
45 4 3
45 15 14
45 14 13
45 13 10
45 10 9
45 9 8
45 8 6
45 8 7
45 13 12
45 12 11
46 18 17
46 17 3
46 3 2
46 2 0
46 2 1
46 17 16
46 16 10
46 10 9
46 9 4
46 9 8
46 8 5
46 8 7
46 7 6
46 16 15
46 15 12
46 12 11
46 15 14
46 14 13
47 17 16
47 16 0
47 16 15
47 15 13
47 13 1
47 13 12
47 12 10
47 10 8
47 8 5
47 5 4
47 4 3
47 3 2
47 8 7
47 7 6
47 10 9
47 12 11
47 15 14
48 16 15
48 15 4
48 4 0
48 4 3
48 3 2
48 2 1
48 15 14
48 14 13
48 13 12
48 12 11
48 11 10
48 10 8
48 8 7
48 7 5
48 7 6
48 10 9
49 15 4
49 4 1
49 1 0
49 4 3
49 3 2
49 15 14
49 14 13
49 13 12
49 12 11
49 11 10
49 10 9
49 9 7
49 7 6
49 6 5
49 9 8
50 19 7
50 7 6
50 6 2
50 2 1
50 1 0
50 6 5
50 5 4
50 4 3
50 19 18
50 18 17
50 17 16
50 16 13
50 13 8
50 13 12
50 12 9
50 12 11
50 11 10
50 16 15
50 15 14
51 18 17
51 17 16
51 16 15
51 15 14
51 14 9
51 9 8
51 8 7
51 7 6
51 6 5
51 5 3
51 3 2
51 2 1
51 1 0
51 5 4
51 14 13
51 13 11
51 11 10
51 13 12
52 16 15
52 15 0
52 15 14
52 14 13
52 13 5
52 5 4
52 4 3
52 3 2
52 2 1
52 13 12
52 12 11
52 11 9
52 9 7
52 7 6
52 9 8
52 11 10
53 18 17
53 17 10
53 10 9
53 9 8
53 8 6
53 6 1
53 1 0
53 6 5
53 5 2
53 5 4
53 4 3
53 8 7
53 17 16
53 16 14
53 14 13
53 13 12
53 12 11
53 16 15
54 18 16
54 16 13
54 13 12
54 12 0
54 12 11
54 11 10
54 10 4
54 4 3
54 3 1
54 3 2
54 10 9
54 9 7
54 7 6
54 6 5
54 9 8
54 16 15
54 15 14
54 18 17
55 16 14
55 14 0
55 14 13
55 13 10
55 10 5
55 5 3
55 3 2
55 2 1
55 5 4
55 10 9
55 9 8
55 8 7
55 7 6
55 13 12
55 12 11
55 16 15
56 18 7
56 7 6
56 6 4
56 4 0
56 4 3
56 3 1
56 3 2
56 6 5
56 18 17
56 17 14
56 14 8
56 14 13
56 13 12
56 12 11
56 11 9
56 11 10
56 17 16
56 16 15
57 15 14
57 14 13
57 13 12
57 12 11
57 11 10
57 10 9
57 9 7
57 7 5
57 5 0
57 5 4
57 4 3
57 3 1
57 3 2
57 7 6
57 9 8
58 15 8
58 8 5
58 5 4
58 4 3
58 3 2
58 2 0
58 2 1
58 8 7
58 7 6
58 15 14
58 14 9
58 14 13
58 13 12
58 12 10
58 12 11
59 16 13
59 13 12
59 12 1
59 1 0
59 12 11
59 11 7
59 7 6
59 6 2
59 6 5
59 5 4
59 4 3
59 11 10
59 10 9
59 9 8
59 16 15
59 15 14
60 19 17
60 17 13
60 13 12
60 12 0
60 12 11
60 11 1
60 11 10
60 10 8
60 8 6
60 6 4
60 4 2
60 4 3
60 6 5
60 8 7
60 10 9
60 17 16
60 16 14
60 16 15
60 19 18
61 17 16
61 16 15
61 15 1
61 1 0
61 15 14
61 14 13
61 13 12
61 12 9
61 9 6
61 6 2
61 6 5
61 5 3
61 5 4
61 9 8
61 8 7
61 12 11
61 11 10
62 15 14
62 14 10
62 10 3
62 3 0
62 3 2
62 2 1
62 10 9
62 9 8
62 8 4
62 8 7
62 7 6
62 6 5
62 14 13
62 13 12
62 12 11
63 15 0
63 15 14
63 14 12
63 12 11
63 11 10
63 10 9
63 9 5
63 5 4
63 4 3
63 3 1
63 3 2
63 9 8
63 8 6
63 8 7
63 14 13
64 14 6
64 6 1
64 1 0
64 6 5
64 5 4
64 4 3
64 3 2
64 14 13
64 13 7
64 13 12
64 12 11
64 11 10
64 10 9
64 9 8
65 15 6
65 6 5
65 5 0
65 5 4
65 4 1
65 4 3
65 3 2
65 15 14
65 14 11
65 11 9
65 9 8
65 8 7
65 11 10
65 14 13
65 13 12
66 19 8
66 8 7
66 7 6
66 6 5
66 5 0
66 5 4
66 4 2
66 2 1
66 4 3
66 19 18
66 18 14
66 14 13
66 13 12
66 12 11
66 11 10
66 10 9
66 18 17
66 17 15
66 17 16
67 16 15
67 15 14
67 14 13
67 13 0
67 13 12
67 12 11
67 11 9
67 9 7
67 7 6
67 6 5
67 5 1
67 5 4
67 4 3
67 3 2
67 9 8
67 11 10
68 17 16
68 16 5
68 5 2
68 2 0
68 2 1
68 5 4
68 4 3
68 16 15
68 15 6
68 15 14
68 14 10
68 10 9
68 9 7
68 9 8
68 14 13
68 13 12
68 12 11
69 17 6
69 6 5
69 5 4
69 4 3
69 3 0
69 3 2
69 2 1
69 17 16
69 16 13
69 13 7
69 13 12
69 12 11
69 11 10
69 10 8
69 10 9
69 16 15
69 15 14
70 15 11
70 11 10
70 10 9
70 9 5
70 5 0
70 5 4
70 4 3
70 3 2
70 2 1
70 9 8
70 8 7
70 7 6
70 15 14
70 14 12
70 14 13
71 15 12
71 12 0
71 12 11
71 11 3
71 3 1
71 3 2
71 11 10
71 10 5
71 5 4
71 10 9
71 9 8
71 8 7
71 7 6
71 15 14
71 14 13
72 16 0
72 16 15
72 15 14
72 14 12
72 12 3
72 3 1
72 3 2
72 12 11
72 11 4
72 11 10
72 10 5
72 10 9
72 9 8
72 8 6
72 8 7
72 14 13
73 18 16
73 16 0
73 16 15
73 15 13
73 13 11
73 11 10
73 10 9
73 9 6
73 6 5
73 5 4
73 4 3
73 3 2
73 2 1
73 9 8
73 8 7
73 13 12
73 15 14
73 18 17
74 18 17
74 17 16
74 16 15
74 15 14
74 14 2
74 2 1
74 1 0
74 14 13
74 13 11
74 11 3
74 11 10
74 10 9
74 9 7
74 7 4
74 7 6
74 6 5
74 9 8
74 13 12
75 19 0
75 19 18
75 18 12
75 12 8
75 8 7
75 7 1
75 7 6
75 6 5
75 5 3
75 3 2
75 5 4
75 12 11
75 11 9
75 11 10
75 18 17
75 17 16
75 16 14
75 14 13
75 16 15
76 15 1
76 1 0
76 15 14
76 14 11
76 11 10
76 10 4
76 4 2
76 4 3
76 10 9
76 9 7
76 7 6
76 6 5
76 9 8
76 14 13
76 13 12
77 17 16
77 16 3
77 3 2
77 2 0
77 2 1
77 16 15
77 15 14
77 14 9
77 9 6
77 6 4
77 6 5
77 9 8
77 8 7
77 14 13
77 13 11
77 11 10
77 13 12
78 14 11
78 11 0
78 11 10
78 10 9
78 9 8
78 8 7
78 7 6
78 6 1
78 6 5
78 5 3
78 3 2
78 5 4
78 14 13
78 13 12
79 15 14
79 14 3
79 3 1
79 1 0
79 3 2
79 14 13
79 13 7
79 7 6
79 6 4
79 6 5
79 13 12
79 12 9
79 9 8
79 12 11
79 11 10
80 14 0
80 14 13
80 13 7
80 7 2
80 2 1
80 7 6
80 6 4
80 4 3
80 6 5
80 13 12
80 12 10
80 10 8
80 10 9
80 12 11
81 16 14
81 14 11
81 11 10
81 10 1
81 1 0
81 10 9
81 9 7
81 7 6
81 6 4
81 4 2
81 4 3
81 6 5
81 9 8
81 14 13
81 13 12
81 16 15
82 15 14
82 14 0
82 14 13
82 13 11
82 11 1
82 11 10
82 10 8
82 8 4
82 4 2
82 4 3
82 8 7
82 7 6
82 6 5
82 10 9
82 13 12
83 15 5
83 5 0
83 5 4
83 4 2
83 2 1
83 4 3
83 15 14
83 14 13
83 13 6
83 13 12
83 12 11
83 11 9
83 9 8
83 8 7
83 11 10
84 16 15
84 15 12
84 12 11
84 11 4
84 4 3
84 3 2
84 2 1
84 1 0
84 11 10
84 10 8
84 8 5
84 8 7
84 7 6
84 10 9
84 15 14
84 14 13
85 16 15
85 15 0
85 15 14
85 14 12
85 12 1
85 12 11
85 11 9
85 9 8
85 8 2
85 8 7
85 7 5
85 5 4
85 4 3
85 7 6
85 11 10
85 14 13
86 19 17
86 17 15
86 15 14
86 14 0
86 14 13
86 13 11
86 11 10
86 10 7
86 7 6
86 6 5
86 5 3
86 3 2
86 2 1
86 5 4
86 10 9
86 9 8
86 13 12
86 17 16
86 19 18
87 14 2
87 2 0
87 2 1
87 14 13
87 13 12
87 12 11
87 11 8
87 8 3
87 8 7
87 7 6
87 6 4
87 6 5
87 11 10
87 10 9
88 17 3
88 3 0
88 3 2
88 2 1
88 17 16
88 16 14
88 14 13
88 13 8
88 8 7
88 7 6
88 6 5
88 5 4
88 13 12
88 12 9
88 12 11
88 11 10
88 16 15
89 16 14
89 14 10
89 10 2
89 2 1
89 1 0
89 10 9
89 9 7
89 7 5
89 5 3
89 5 4
89 7 6
89 9 8
89 14 13
89 13 12
89 12 11
89 16 15
90 15 2
90 2 0
90 2 1
90 15 14
90 14 12
90 12 10
90 10 5
90 5 4
90 4 3
90 10 9
90 9 8
90 8 7
90 7 6
90 12 11
90 14 13
91 17 0
91 17 16
91 16 15
91 15 14
91 14 13
91 13 10
91 10 9
91 9 1
91 9 8
91 8 3
91 3 2
91 8 7
91 7 4
91 7 6
91 6 5
91 13 12
91 12 11
92 17 0
92 17 16
92 16 14
92 14 1
92 14 13
92 13 12
92 12 4
92 4 3
92 3 2
92 12 11
92 11 10
92 10 7
92 7 6
92 6 5
92 10 9
92 9 8
92 16 15
93 16 15
93 15 13
93 13 12
93 12 0
93 12 11
93 11 10
93 10 9
93 9 2
93 2 1
93 9 8
93 8 7
93 7 3
93 7 6
93 6 4
93 6 5
93 15 14
94 18 4
94 4 0
94 4 3
94 3 2
94 2 1
94 18 17
94 17 7
94 7 5
94 7 6
94 17 16
94 16 14
94 14 13
94 13 8
94 13 12
94 12 11
94 11 10
94 10 9
94 16 15
95 19 0
95 19 18
95 18 16
95 16 1
95 16 15
95 15 2
95 15 14
95 14 13
95 13 11
95 11 9
95 9 4
95 4 3
95 9 8
95 8 7
95 7 6
95 6 5
95 11 10
95 13 12
95 18 17
96 14 13
96 13 5
96 5 4
96 4 2
96 2 0
96 2 1
96 4 3
96 13 12
96 12 10
96 10 7
96 7 6
96 10 9
96 9 8
96 12 11
97 16 13
97 13 4
97 4 3
97 3 2
97 2 1
97 1 0
97 13 12
97 12 11
97 11 5
97 11 10
97 10 9
97 9 6
97 9 8
97 8 7
97 16 15
97 15 14
98 17 15
98 15 14
98 14 13
98 13 12
98 12 11
98 11 6
98 6 0
98 6 5
98 5 4
98 4 2
98 2 1
98 4 3
98 11 10
98 10 9
98 9 8
98 8 7
98 17 16
99 15 13
99 13 4
99 4 1
99 1 0
99 4 3
99 3 2
99 13 12
99 12 10
99 10 7
99 7 5
99 7 6
99 10 9
99 9 8
99 12 11
99 15 14
100 14 13
100 13 11
100 11 10
100 10 9
100 9 7
100 7 0
100 7 6
100 6 5
100 5 4
100 4 3
100 3 1
100 3 2
100 9 8
100 13 12
101 17 3
101 3 2
101 2 1
101 1 0
101 17 16
101 16 15
101 15 9
101 9 8
101 8 7
101 7 5
101 5 4
101 7 6
101 15 14
101 14 12
101 12 11
101 11 10
101 14 13
