1 17 16
1 16 5
1 5 4
1 4 1
1 1 0
1 4 3
1 3 2
1 16 15
1 15 13
1 13 12
1 12 10
1 10 9
1 9 6
1 9 8
1 8 7
1 12 11
1 15 14
2 19 14
2 14 3
2 3 1
2 1 0
2 3 2
2 14 13
2 13 12
2 12 11
2 11 8
2 8 7
2 7 5
2 5 4
2 7 6
2 11 10
2 10 9
2 19 18
2 18 17
2 17 15
2 17 16
3 17 15
3 15 14
3 14 0
3 14 13
3 13 12
3 12 4
3 4 1
3 4 3
3 3 2
3 12 11
3 11 10
3 10 8
3 8 5
3 8 7
3 7 6
3 10 9
3 17 16
4 15 14
4 14 13
4 13 0
4 13 12
4 12 7
4 7 5
4 5 2
4 2 1
4 5 4
4 4 3
4 7 6
4 12 11
4 11 8
4 11 10
4 10 9
5 19 15
5 15 0
5 15 14
5 14 13
5 13 11
5 11 9
5 9 1
5 9 8
5 8 6
5 6 5
5 5 3
5 3 2
5 5 4
5 8 7
5 11 10
5 13 12
5 19 18
5 18 16
5 18 17
6 15 14
6 14 13
6 13 0
6 13 12
6 12 10
6 10 9
6 9 5
6 5 3
6 3 2
6 2 1
6 5 4
6 9 8
6 8 7
6 7 6
6 12 11
7 16 15
7 15 5
7 5 3
7 3 2
7 2 1
7 1 0
7 5 4
7 15 14
7 14 12
7 12 11
7 11 9
7 9 8
7 8 6
7 8 7
7 11 10
7 14 13
8 18 13
8 13 0
8 13 12
8 12 11
8 11 1
8 11 10
8 10 9
8 9 7
8 7 5
8 5 2
8 5 4
8 4 3
8 7 6
8 9 8
8 18 17
8 17 15
8 15 14
8 17 16
9 14 0
9 14 13
9 13 12
9 12 11
9 11 9
9 9 2
9 2 1
9 9 8
9 8 7
9 7 5
9 5 3
9 5 4
9 7 6
9 11 10
10 15 14
10 14 13
10 13 12
10 12 11
10 11 10
10 10 6
10 6 4
10 4 1
10 1 0
10 4 3
10 3 2
10 6 5
10 10 9
10 9 7
10 9 8
11 17 5
11 5 0
11 5 4
11 4 1
11 4 3
11 3 2
11 17 16
11 16 13
11 13 6
11 13 12
11 12 11
11 11 10
11 10 7
11 10 9
11 9 8
11 16 15
11 15 14
12 14 6
12 6 5
12 5 4
12 4 0
12 4 3
12 3 2
12 2 1
12 14 13
12 13 7
12 13 12
12 12 8
12 12 11
12 11 10
12 10 9
13 18 17
13 17 16
13 16 2
13 2 0
13 2 1
13 16 15
13 15 14
13 14 3
13 14 13
13 13 12
13 12 7
13 7 5
13 5 4
13 7 6
13 12 11
13 11 8
13 11 10
13 10 9
14 18 16
14 16 0
14 16 15
14 15 5
14 5 2
14 2 1
14 5 4
14 4 3
14 15 14
14 14 13
14 13 9
14 9 8
14 8 7
14 7 6
14 13 12
14 12 10
14 12 11
14 18 17
15 17 15
15 15 0
15 15 14
15 14 6
15 6 5
15 5 4
15 4 3
15 3 2
15 2 1
15 14 13
15 13 8
15 8 7
15 13 12
15 12 10
15 10 9
15 12 11
15 17 16
16 16 3
16 3 0
16 3 2
16 2 1
16 16 15
16 15 14
16 14 13
16 13 11
16 11 9
16 9 4
16 9 8
16 8 7
16 7 5
16 7 6
16 11 10
16 13 12
17 15 4
17 4 0
17 4 3
17 3 2
17 2 1
17 15 14
17 14 13
17 13 12
17 12 11
17 11 10
17 10 9
17 9 7
17 7 5
17 7 6
17 9 8
18 17 3
18 3 2
18 2 1
18 1 0
18 17 16
18 16 5
18 5 4
18 16 15
18 15 12
18 12 10
18 10 9
18 9 8
18 8 6
18 8 7
18 12 11
18 15 14
18 14 13
19 17 0
19 17 16
19 16 1
19 16 15
19 15 14
19 14 10
19 10 2
19 10 9
19 9 3
19 9 8
19 8 5
19 5 4
19 8 7
19 7 6
19 14 13
19 13 12
19 12 11
20 16 1
20 1 0
20 16 15
20 15 14
20 14 12
20 12 10
20 10 4
20 4 2
20 4 3
20 10 9
20 9 6
20 6 5
20 9 8
20 8 7
20 12 11
20 14 13
21 17 10
21 10 6
21 6 3
21 3 1
21 1 0
21 3 2
21 6 5
21 5 4
21 10 9
21 9 8
21 8 7
21 17 16
21 16 13
21 13 11
21 13 12
21 16 15
21 15 14
22 17 0
22 17 16
22 16 14
22 14 13
22 13 1
22 13 12
22 12 8
22 8 2
22 8 7
22 7 4
22 4 3
22 7 6
22 6 5
22 12 11
22 11 9
22 11 10
22 16 15
23 15 14
23 14 13
23 13 12
23 12 0
23 12 11
23 11 10
23 10 1
23 10 9
23 9 8
23 8 3
23 3 2
23 8 7
23 7 6
23 6 5
23 5 4
24 14 7
24 7 6
24 6 3
24 3 2
24 2 1
24 1 0
24 6 5
24 5 4
24 14 13
24 13 11
24 11 8
24 11 10
24 10 9
24 13 12
25 17 3
25 3 2
25 2 0
25 2 1
25 17 16
25 16 5
25 5 4
25 16 15
25 15 6
25 15 14
25 14 7
25 14 13
25 13 8
25 13 12
25 12 10
25 10 9
25 12 11
26 17 16
26 16 12
26 12 0
26 12 11
26 11 9
26 9 3
26 3 1
26 3 2
26 9 8
26 8 7
26 7 6
26 6 4
26 6 5
26 11 10
26 16 15
26 15 13
26 15 14
27 14 12
27 12 11
27 11 10
27 10 2
27 2 0
27 2 1
27 10 9
27 9 3
27 9 8
27 8 7
27 7 4
27 7 6
27 6 5
27 14 13
28 18 16
28 16 15
28 15 13
28 13 11
28 11 9
28 9 8
28 8 7
28 7 3
28 3 2
28 2 1
28 1 0
28 7 6
28 6 4
28 6 5
28 11 10
28 13 12
28 15 14
28 18 17
29 17 16
29 16 15
29 15 0
29 15 14
29 14 13
29 13 12
29 12 6
29 6 5
29 5 4
29 4 2
29 2 1
29 4 3
29 12 11
29 11 9
29 9 8
29 8 7
29 11 10
30 14 13
30 13 12
30 12 11
30 11 0
30 11 10
30 10 9
30 9 4
30 4 2
30 2 1
30 4 3
30 9 8
30 8 5
30 8 7
30 7 6
31 14 13
31 13 12
31 12 11
31 11 0
31 11 10
31 10 3
31 3 1
31 3 2
31 10 9
31 9 7
31 7 5
31 5 4
31 7 6
31 9 8
32 14 0
32 14 13
32 13 11
32 11 1
32 11 10
32 10 9
32 9 7
32 7 3
32 3 2
32 7 6
32 6 5
32 5 4
32 9 8
32 13 12
33 14 13
33 13 1
33 1 0
33 13 12
33 12 11
33 11 10
33 10 9
33 9 2
33 9 8
33 8 6
33 6 5
33 5 4
33 4 3
33 8 7
34 14 13
34 13 12
34 12 8
34 8 7
34 7 0
34 7 6
34 6 4
34 4 3
34 3 2
34 2 1
34 6 5
34 12 11
34 11 10
34 10 9
35 15 12
35 12 10
35 10 9
35 9 0
35 9 8
35 8 4
35 4 1
35 4 3
35 3 2
35 8 7
35 7 5
35 7 6
35 12 11
35 15 14
35 14 13
36 15 14
36 14 12
36 12 11
36 11 4
36 4 3
36 3 1
36 1 0
36 3 2
36 11 10
36 10 6
36 6 5
36 10 9
36 9 8
36 8 7
36 14 13
37 17 16
37 16 5
37 5 0
37 5 4
37 4 2
37 2 1
37 4 3
37 16 15
37 15 13
37 13 9
37 9 6
37 9 8
37 8 7
37 13 12
37 12 10
37 12 11
37 15 14
38 17 1
38 1 0
38 17 16
38 16 2
38 16 15
38 15 13
38 13 11
38 11 10
38 10 7
38 7 6
38 6 3
38 6 5
38 5 4
38 10 9
38 9 8
38 13 12
38 15 14
39 17 8
39 8 6
39 6 5
39 5 3
39 3 1
39 1 0
39 3 2
39 5 4
39 8 7
39 17 16
39 16 15
39 15 14
39 14 12
39 12 11
39 11 9
39 11 10
39 14 13
40 18 15
40 15 14
40 14 0
40 14 13
40 13 1
40 13 12
40 12 2
40 12 11
40 11 9
40 9 3
40 9 8
40 8 4
40 8 7
40 7 5
40 7 6
40 11 10
40 18 17
40 17 16
41 14 3
41 3 0
41 3 2
41 2 1
41 14 13
41 13 12
41 12 9
41 9 7
41 7 5
41 5 4
41 7 6
41 9 8
41 12 11
41 11 10
42 18 4
42 4 2
42 2 1
42 1 0
42 4 3
42 18 17
42 17 6
42 6 5
42 17 16
42 16 13
42 13 11
42 11 10
42 10 9
42 9 7
42 9 8
42 13 12
42 16 15
42 15 14
43 17 1
43 1 0
43 17 16
43 16 14
43 14 10
43 10 9
43 9 8
43 8 7
43 7 5
43 5 4
43 4 3
43 3 2
43 7 6
43 14 13
43 13 11
43 13 12
43 16 15
44 16 15
44 15 14
44 14 13
44 13 12
44 12 0
44 12 11
44 11 10
44 10 1
44 10 9
44 9 8
44 8 7
44 7 6
44 6 4
44 4 2
44 4 3
44 6 5
45 19 2
45 2 0
45 2 1
45 19 18
45 18 3
45 18 17
45 17 16
45 16 4
45 16 15
45 15 5
45 15 14
45 14 12
45 12 11
45 11 8
45 8 7
45 7 6
45 11 10
45 10 9
45 14 13
46 14 10
46 10 8
46 8 0
46 8 7
46 7 5
46 5 3
46 3 2
46 2 1
46 5 4
46 7 6
46 10 9
46 14 13
46 13 12
46 12 11
47 14 1
47 1 0
47 14 13
47 13 12
47 12 2
47 12 11
47 11 10
47 10 8
47 8 7
47 7 6
47 6 3
47 6 5
47 5 4
47 10 9
48 16 14
48 14 9
48 9 8
48 8 6
48 6 5
48 5 2
48 2 0
48 2 1
48 5 4
48 4 3
48 8 7
48 14 13
48 13 12
48 12 10
48 12 11
48 16 15
49 18 17
49 17 16
49 16 0
49 16 15
49 15 14
49 14 4
49 4 2
49 2 1
49 4 3
49 14 13
49 13 11
49 11 8
49 8 5
49 8 7
49 7 6
49 11 10
49 10 9
49 13 12
50 18 1
50 1 0
50 18 17
50 17 11
50 11 2
50 11 10
50 10 9
50 9 3
50 9 8
50 8 4
50 8 7
50 7 6
50 6 5
50 17 16
50 16 13
50 13 12
50 16 15
50 15 14
51 16 0
51 16 15
51 15 14
51 14 13
51 13 12
51 12 8
51 8 7
51 7 4
51 4 1
51 4 3
51 3 2
51 7 6
51 6 5
51 12 11
51 11 9
51 11 10
52 18 15
52 15 10
52 10 6
52 6 5
52 5 4
52 4 0
52 4 3
52 3 1
52 3 2
52 10 9
52 9 8
52 8 7
52 15 14
52 14 13
52 13 11
52 13 12
52 18 17
52 17 16
53 16 12
53 12 10
53 10 9
53 9 8
53 8 7
53 7 5
53 5 4
53 4 3
53 3 1
53 1 0
53 3 2
53 7 6
53 12 11
53 16 15
53 15 14
53 14 13
54 15 0
54 15 14
54 14 12
54 12 3
54 3 2
54 2 1
54 12 11
54 11 10
54 10 9
54 9 8
54 8 7
54 7 4
54 7 6
54 6 5
54 14 13
55 18 16
55 16 15
55 15 0
55 15 14
55 14 5
55 5 4
55 4 2
55 2 1
55 4 3
55 14 13
55 13 6
55 13 12
55 12 7
55 12 11
55 11 8
55 11 10
55 10 9
55 18 17
56 19 1
56 1 0
56 19 18
56 18 17
56 17 2
56 17 16
56 16 5
56 5 4
56 4 3
56 16 15
56 15 14
56 14 6
56 14 13
56 13 10
56 10 9
56 9 7
56 9 8
56 13 12
56 12 11
57 19 18
57 18 13
57 13 12
57 12 10
57 10 9
57 9 8
57 8 0
57 8 7
57 7 5
57 5 4
57 4 3
57 3 1
57 3 2
57 7 6
57 12 11
57 18 17
57 17 14
57 17 16
57 16 15
58 18 2
58 2 0
58 2 1
58 18 17
58 17 13
58 13 11
58 11 7
58 7 6
58 6 4
58 4 3
58 6 5
58 11 10
58 10 8
58 10 9
58 13 12
58 17 16
58 16 14
58 16 15
59 17 3
59 3 1
59 1 0
59 3 2
59 17 16
59 16 7
59 7 5
59 5 4
59 7 6
59 16 15
59 15 14
59 14 13
59 13 8
59 13 12
59 12 11
59 11 9
59 11 10
60 16 15
60 15 13
60 13 2
60 2 1
60 1 0
60 13 12
60 12 10
60 10 8
60 8 7
60 7 6
60 6 5
60 5 4
60 4 3
60 10 9
60 12 11
60 15 14
61 18 8
61 8 7
61 7 0
61 7 6
61 6 1
61 6 5
61 5 2
61 5 4
61 4 3
61 18 17
61 17 9
61 17 16
61 16 13
61 13 10
61 13 12
61 12 11
61 16 15
61 15 14
62 15 2
62 2 0
62 2 1
62 15 14
62 14 3
62 14 13
62 13 6
62 6 4
62 6 5
62 13 12
62 12 9
62 9 8
62 8 7
62 12 11
62 11 10
63 14 13
63 13 12
63 12 2
63 2 0
63 2 1
63 12 11
63 11 3
63 11 10
63 10 4
63 10 9
63 9 7
63 7 5
63 7 6
63 9 8
64 14 13
64 13 12
64 12 3
64 3 1
64 1 0
64 3 2
64 12 11
64 11 6
64 6 4
64 6 5
64 11 10
64 10 7
64 10 9
64 9 8
65 15 0
65 15 14
65 14 13
65 13 1
65 13 12
65 12 7
65 7 6
65 6 5
65 5 4
65 4 2
65 4 3
65 12 11
65 11 10
65 10 8
65 10 9
66 16 15
66 15 10
66 10 7
66 7 6
66 6 5
66 5 4
66 4 3
66 3 2
66 2 1
66 1 0
66 10 9
66 9 8
66 15 14
66 14 12
66 12 11
66 14 13
67 18 17
67 17 9
67 9 6
67 6 0
67 6 5
67 5 3
67 3 2
67 2 1
67 5 4
67 9 8
67 8 7
67 17 16
67 16 13
67 13 12
67 12 11
67 11 10
67 16 15
67 15 14
68 18 9
68 9 0
68 9 8
68 8 7
68 7 1
68 7 6
68 6 5
68 5 4
68 4 2
68 4 3
68 18 17
68 17 15
68 15 14
68 14 12
68 12 11
68 11 10
68 14 13
68 17 16
69 19 3
69 3 2
69 2 0
69 2 1
69 19 18
69 18 16
69 16 14
69 14 13
69 13 12
69 12 11
69 11 10
69 10 4
69 10 9
69 9 8
69 8 7
69 7 5
69 7 6
69 16 15
69 18 17
70 15 9
70 9 7
70 7 6
70 6 1
70 1 0
70 6 5
70 5 4
70 4 2
70 4 3
70 9 8
70 15 14
70 14 12
70 12 11
70 11 10
70 14 13
71 16 0
71 16 15
71 15 14
71 14 2
71 2 1
71 14 13
71 13 11
71 11 3
71 11 10
71 10 9
71 9 5
71 5 4
71 9 8
71 8 6
71 8 7
71 13 12
72 17 13
72 13 11
72 11 9
72 9 0
72 9 8
72 8 7
72 7 2
72 2 1
72 7 6
72 6 3
72 6 5
72 5 4
72 11 10
72 13 12
72 17 16
72 16 14
72 16 15
73 18 0
73 18 17
73 17 16
73 16 12
73 12 4
73 4 3
73 3 2
73 2 1
73 12 11
73 11 10
73 10 5
73 10 9
73 9 8
73 8 7
73 7 6
73 16 15
73 15 13
73 15 14
74 14 6
74 6 2
74 2 0
74 2 1
74 6 5
74 5 4
74 4 3
74 14 13
74 13 11
74 11 8
74 8 7
74 11 10
74 10 9
74 13 12
75 17 16
75 16 15
75 15 4
75 4 2
75 2 1
75 1 0
75 4 3
75 15 14
75 14 5
75 14 13
75 13 12
75 12 6
75 12 11
75 11 10
75 10 9
75 9 7
75 9 8
76 15 0
76 15 14
76 14 3
76 3 2
76 2 1
76 14 13
76 13 12
76 12 11
76 11 5
76 5 4
76 11 10
76 10 7
76 7 6
76 10 9
76 9 8
77 15 5
77 5 4
77 4 0
77 4 3
77 3 1
77 3 2
77 15 14
77 14 13
77 13 12
77 12 11
77 11 6
77 11 10
77 10 8
77 8 7
77 10 9
78 15 14
78 14 7
78 7 4
78 4 0
78 4 3
78 3 1
78 3 2
78 7 6
78 6 5
78 14 13
78 13 12
78 12 9
78 9 8
78 12 11
78 11 10
79 19 1
79 1 0
79 19 18
79 18 15
79 15 14
79 14 7
79 7 6
79 6 5
79 5 2
79 5 4
79 4 3
79 14 13
79 13 10
79 10 8
79 10 9
79 13 12
79 12 11
79 18 17
79 17 16
80 17 1
80 1 0
80 17 16
80 16 15
80 15 12
80 12 11
80 11 7
80 7 3
80 3 2
80 7 6
80 6 5
80 5 4
80 11 10
80 10 8
80 10 9
80 15 14
80 14 13
81 17 1
81 1 0
81 17 16
81 16 2
81 16 15
81 15 13
81 13 12
81 12 3
81 12 11
81 11 4
81 11 10
81 10 9
81 9 8
81 8 5
81 8 7
81 7 6
81 15 14
82 18 0
82 18 17
82 17 2
82 2 1
82 17 16
82 16 9
82 9 6
82 6 4
82 4 3
82 6 5
82 9 8
82 8 7
82 16 15
82 15 13
82 13 12
82 12 11
82 11 10
82 15 14
83 18 17
83 17 16
83 16 5
83 5 4
83 4 2
83 2 1
83 1 0
83 4 3
83 16 15
83 15 13
83 13 12
83 12 10
83 10 6
83 10 9
83 9 7
83 9 8
83 12 11
83 15 14
84 15 14
84 14 12
84 12 9
84 9 8
84 8 0
84 8 7
84 7 1
84 7 6
84 6 2
84 6 5
84 5 3
84 5 4
84 12 11
84 11 10
84 14 13
85 16 6
85 6 0
85 6 5
85 5 4
85 4 1
85 4 3
85 3 2
85 16 15
85 15 14
85 14 12
85 12 10
85 10 9
85 9 8
85 8 7
85 12 11
85 14 13
86 15 0
86 15 14
86 14 12
86 12 11
86 11 1
86 11 10
86 10 3
86 3 2
86 10 9
86 9 7
86 7 6
86 6 4
86 6 5
86 9 8
86 14 13
87 14 5
87 5 2
87 2 1
87 1 0
87 5 4
87 4 3
87 14 13
87 13 12
87 12 11
87 11 7
87 7 6
87 11 10
87 10 9
87 9 8
88 19 1
88 1 0
88 19 18
88 18 17
88 17 4
88 4 3
88 3 2
88 17 16
88 16 10
88 10 9
88 9 8
88 8 6
88 6 5
88 8 7
88 16 15
88 15 13
88 13 12
88 12 11
88 15 14
89 14 13
89 13 11
89 11 6
89 6 1
89 1 0
89 6 5
89 5 4
89 4 2
89 4 3
89 11 10
89 10 8
89 8 7
89 10 9
89 13 12
90 14 10
90 10 1
90 1 0
90 10 9
90 9 5
90 5 4
90 4 3
90 3 2
90 9 8
90 8 7
90 7 6
90 14 13
90 13 12
90 12 11
91 17 0
91 17 16
91 16 15
91 15 5
91 5 1
91 5 4
91 4 2
91 4 3
91 15 14
91 14 6
91 14 13
91 13 7
91 13 12
91 12 11
91 11 10
91 10 9
91 9 8
92 15 14
92 14 5
92 5 4
92 4 1
92 1 0
92 4 3
92 3 2
92 14 13
92 13 7
92 7 6
92 13 12
92 12 11
92 11 10
92 10 9
92 9 8
93 14 13
93 13 0
93 13 12
93 12 1
93 12 11
93 11 5
93 5 2
93 5 4
93 4 3
93 11 10
93 10 8
93 8 7
93 7 6
93 10 9
94 18 12
94 12 5
94 5 2
94 2 1
94 1 0
94 5 4
94 4 3
94 12 11
94 11 7
94 7 6
94 11 10
94 10 8
94 10 9
94 18 17
94 17 15
94 15 13
94 15 14
94 17 16
95 16 0
95 16 15
95 15 2
95 2 1
95 15 14
95 14 13
95 13 12
95 12 4
95 4 3
95 12 11
95 11 5
95 11 10
95 10 6
95 10 9
95 9 7
95 9 8
96 16 15
96 15 14
96 14 12
96 12 0
96 12 11
96 11 1
96 11 10
96 10 9
96 9 8
96 8 2
96 8 7
96 7 4
96 4 3
96 7 6
96 6 5
96 14 13
97 17 16
97 16 15
97 15 7
97 7 6
97 6 3
97 3 1
97 1 0
97 3 2
97 6 5
97 5 4
97 15 14
97 14 8
97 14 13
97 13 12
97 12 9
97 12 11
97 11 10
98 17 3
98 3 2
98 2 0
98 2 1
98 17 16
98 16 14
98 14 8
98 8 7
98 7 6
98 6 4
98 6 5
98 14 13
98 13 11
98 11 10
98 10 9
98 13 12
98 16 15
99 15 9
99 9 8
99 8 0
99 8 7
99 7 5
99 5 4
99 4 3
99 3 2
99 2 1
99 7 6
99 15 14
99 14 13
99 13 12
99 12 11
99 11 10
100 19 1
100 1 0
100 19 18
100 18 2
100 18 17
100 17 16
100 16 15
100 15 5
100 5 3
100 5 4
100 15 14
100 14 13
100 13 12
100 12 9
100 9 8
100 8 6
100 8 7
100 12 11
100 11 10
101 16 8
101 8 7
101 7 1
101 1 0
101 7 6
101 6 4
101 4 3
101 3 2
101 6 5
101 16 15
101 15 11
101 11 9
101 11 10
101 15 14
101 14 12
101 14 13
