1 15 0
1 15 14
1 14 1
1 14 13
1 13 12
1 12 11
1 11 2
1 11 10
1 10 9
1 9 3
1 9 8
1 8 7
1 7 6
1 6 4
1 6 5
2 15 3
2 3 2
2 2 1
2 1 0
2 15 14
2 14 6
2 6 4
2 6 5
2 14 13
2 13 12
2 12 11
2 11 8
2 8 7
2 11 10
2 10 9
3 18 17
3 17 15
3 15 8
3 8 7
3 7 6
3 6 3
3 3 2
3 2 1
3 1 0
3 6 5
3 5 4
3 15 14
3 14 12
3 12 9
3 12 11
3 11 10
3 14 13
3 17 16
4 19 15
4 15 0
4 15 14
4 14 13
4 13 6
4 6 4
4 4 3
4 3 2
4 2 1
4 6 5
4 13 12
4 12 7
4 12 11
4 11 10
4 10 9
4 9 8
4 19 18
4 18 17
4 17 16
5 15 14
5 14 13
5 13 12
5 12 2
5 2 0
5 2 1
5 12 11
5 11 10
5 10 3
5 10 9
5 9 4
5 9 8
5 8 5
5 8 7
5 7 6
6 16 15
6 15 13
6 13 12
6 12 11
6 11 10
6 10 9
6 9 7
6 7 4
6 4 2
6 2 0
6 2 1
6 4 3
6 7 6
6 6 5
6 9 8
6 15 14
7 18 15
7 15 14
7 14 13
7 13 12
7 12 3
7 3 1
7 1 0
7 3 2
7 12 11
7 11 10
7 10 6
7 6 4
7 6 5
7 10 9
7 9 8
7 8 7
7 18 17
7 17 16
8 17 16
8 16 1
8 1 0
8 16 15
8 15 14
8 14 13
8 13 12
8 12 3
8 3 2
8 12 11
8 11 9
8 9 8
8 8 6
8 6 4
8 6 5
8 8 7
8 11 10
9 18 12
9 12 1
9 1 0
9 12 11
9 11 4
9 4 2
9 4 3
9 11 10
9 10 8
9 8 5
9 8 7
9 7 6
9 10 9
9 18 17
9 17 16
9 16 14
9 14 13
9 16 15
10 14 0
10 14 13
10 13 12
10 12 8
10 8 3
10 3 2
10 2 1
10 8 7
10 7 4
10 7 6
10 6 5
10 12 11
10 11 9
10 11 10
11 17 16
11 16 1
11 1 0
11 16 15
11 15 13
11 13 5
11 5 2
11 5 4
11 4 3
11 13 12
11 12 11
11 11 10
11 10 9
11 9 8
11 8 7
11 7 6
11 15 14
12 19 14
12 14 10
12 10 8
12 8 1
12 1 0
12 8 7
12 7 6
12 6 5
12 5 2
12 5 4
12 4 3
12 10 9
12 14 13
12 13 12
12 12 11
12 19 18
12 18 17
12 17 15
12 17 16
13 18 17
13 17 5
13 5 4
13 4 2
13 2 0
13 2 1
13 4 3
13 17 16
13 16 15
13 15 14
13 14 13
13 13 11
13 11 6
13 11 10
13 10 7
13 10 9
13 9 8
13 13 12
14 19 10
14 10 9
14 9 1
14 1 0
14 9 8
14 8 2
14 8 7
14 7 6
14 6 3
14 6 5
14 5 4
14 19 18
14 18 17
14 17 16
14 16 14
14 14 12
14 12 11
14 14 13
14 16 15
15 15 0
15 15 14
15 14 12
15 12 3
15 3 2
15 2 1
15 12 11
15 11 10
15 10 9
15 9 8
15 8 6
15 6 5
15 5 4
15 8 7
15 14 13
16 16 13
16 13 9
16 9 4
16 4 3
16 3 0
16 3 2
16 2 1
16 9 8
16 8 7
16 7 6
16 6 5
16 13 12
16 12 11
16 11 10
16 16 15
16 15 14
17 16 11
17 11 5
17 5 0
17 5 4
17 4 1
17 4 3
17 3 2
17 11 10
17 10 9
17 9 8
17 8 6
17 8 7
17 16 15
17 15 13
17 13 12
17 15 14
18 15 13
18 13 12
18 12 11
18 11 9
18 9 0
18 9 8
18 8 6
18 6 5
18 5 1
18 5 4
18 4 2
18 4 3
18 8 7
18 11 10
18 15 14
19 19 17
19 17 10
19 10 2
19 2 0
19 2 1
19 10 9
19 9 8
19 8 7
19 7 6
19 6 4
19 4 3
19 6 5
19 17 16
19 16 12
19 12 11
19 16 15
19 15 13
19 15 14
19 19 18
20 15 13
20 13 8
20 8 5
20 5 4
20 4 3
20 3 0
20 3 2
20 2 1
20 8 7
20 7 6
20 13 12
20 12 11
20 11 9
20 11 10
20 15 14
21 15 0
21 15 14
21 14 12
21 12 11
21 11 10
21 10 2
21 2 1
21 10 9
21 9 8
21 8 6
21 6 5
21 5 3
21 5 4
21 8 7
21 14 13
22 15 11
22 11 10
22 10 9
22 9 7
22 7 6
22 6 5
22 5 4
22 4 2
22 2 1
22 1 0
22 4 3
22 9 8
22 15 14
22 14 13
22 13 12
23 15 14
23 14 0
23 14 13
23 13 1
23 13 12
23 12 4
23 4 2
23 4 3
23 12 11
23 11 10
23 10 6
23 6 5
23 10 9
23 9 8
23 8 7
24 16 12
24 12 10
24 10 9
24 9 8
24 8 0
24 8 7
24 7 2
24 2 1
24 7 6
24 6 3
24 6 5
24 5 4
24 12 11
24 16 15
24 15 13
24 15 14
25 18 0
25 18 17
25 17 15
25 15 13
25 13 6
25 6 4
25 4 2
25 2 1
25 4 3
25 6 5
25 13 12
25 12 10
25 10 9
25 9 7
25 9 8
25 12 11
25 15 14
25 17 16
26 15 0
26 15 14
26 14 1
26 14 13
26 13 11
26 11 9
26 9 8
26 8 7
26 7 6
26 6 3
26 3 2
26 6 5
26 5 4
26 11 10
26 13 12
27 16 4
27 4 0
27 4 3
27 3 2
27 2 1
27 16 15
27 15 14
27 14 9
27 9 6
27 6 5
27 9 8
27 8 7
27 14 13
27 13 12
27 12 11
27 11 10
28 18 17
28 17 16
28 16 15
28 15 13
28 13 3
28 3 2
28 2 1
28 1 0
28 13 12
28 12 11
28 11 10
28 10 8
28 8 4
28 8 7
28 7 5
28 7 6
28 10 9
28 15 14
29 17 0
29 17 16
29 16 15
29 15 2
29 2 1
29 15 14
29 14 4
29 4 3
29 14 13
29 13 12
29 12 5
29 12 11
29 11 7
29 7 6
29 11 10
29 10 9
29 9 8
30 16 15
30 15 3
30 3 2
30 2 1
30 1 0
30 15 14
30 14 8
30 8 7
30 7 5
30 5 4
30 7 6
30 14 13
30 13 12
30 12 9
30 12 11
30 11 10
31 18 13
31 13 12
31 12 10
31 10 9
31 9 1
31 1 0
31 9 8
31 8 7
31 7 5
31 5 4
31 4 2
31 4 3
31 7 6
31 12 11
31 18 17
31 17 16
31 16 14
31 16 15
32 18 17
32 17 0
32 17 16
32 16 3
32 3 2
32 2 1
32 16 15
32 15 14
32 14 13
32 13 12
32 12 11
32 11 10
32 10 8
32 8 7
32 7 6
32 6 4
32 6 5
32 10 9
33 14 13
33 13 4
33 4 1
33 1 0
33 4 3
33 3 2
33 13 12
33 12 5
33 12 11
33 11 6
33 11 10
33 10 7
33 10 9
33 9 8
34 19 2
34 2 1
34 1 0
34 19 18
34 18 17
34 17 7
34 7 5
34 5 3
34 5 4
34 7 6
34 17 16
34 16 14
34 14 13
34 13 12
34 12 11
34 11 10
34 10 8
34 10 9
34 16 15
35 19 18
35 18 17
35 17 16
35 16 14
35 14 8
35 8 6
35 6 3
35 3 2
35 2 0
35 2 1
35 6 5
35 5 4
35 8 7
35 14 13
35 13 9
35 13 12
35 12 10
35 12 11
35 16 15
36 15 6
36 6 5
36 5 3
36 3 2
36 2 1
36 1 0
36 5 4
36 15 14
36 14 13
36 13 12
36 12 9
36 9 8
36 8 7
36 12 11
36 11 10
37 16 15
37 15 0
37 15 14
37 14 5
37 5 4
37 4 3
37 3 1
37 3 2
37 14 13
37 13 6
37 13 12
37 12 11
37 11 9
37 9 7
37 9 8
37 11 10
38 19 17
38 17 16
38 16 1
38 1 0
38 16 15
38 15 14
38 14 2
38 14 13
38 13 11
38 11 8
38 8 7
38 7 6
38 6 4
38 4 3
38 6 5
38 11 10
38 10 9
38 13 12
38 19 18
39 17 12
39 12 10
39 10 2
39 2 1
39 1 0
39 10 9
39 9 4
39 4 3
39 9 8
39 8 5
39 8 7
39 7 6
39 12 11
39 17 16
39 16 13
39 16 15
39 15 14
40 16 15
40 15 0
40 15 14
40 14 1
40 14 13
40 13 2
40 13 12
40 12 11
40 11 7
40 7 6
40 6 5
40 5 4
40 4 3
40 11 10
40 10 8
40 10 9
41 17 16
41 16 13
41 13 0
41 13 12
41 12 10
41 10 9
41 9 3
41 3 2
41 2 1
41 9 8
41 8 7
41 7 4
41 7 6
41 6 5
41 12 11
41 16 15
41 15 14
42 17 16
42 16 9
42 9 8
42 8 6
42 6 1
42 1 0
42 6 5
42 5 4
42 4 3
42 3 2
42 8 7
42 16 15
42 15 14
42 14 13
42 13 10
42 13 12
42 12 11
43 14 0
43 14 13
43 13 12
43 12 11
43 11 9
43 9 8
43 8 7
43 7 1
43 7 6
43 6 4
43 4 2
43 4 3
43 6 5
43 11 10
44 14 13
44 13 12
44 12 11
44 11 10
44 10 0
44 10 9
44 9 4
44 4 2
44 2 1
44 4 3
44 9 8
44 8 7
44 7 6
44 6 5
45 15 10
45 10 8
45 8 7
45 7 6
45 6 5
45 5 4
45 4 0
45 4 3
45 3 1
45 3 2
45 10 9
45 15 14
45 14 12
45 12 11
45 14 13
46 15 14
46 14 9
46 9 0
46 9 8
46 8 2
46 2 1
46 8 7
46 7 6
46 6 5
46 5 4
46 4 3
46 14 13
46 13 12
46 12 11
46 11 10
47 16 14
47 14 13
47 13 12
47 12 3
47 3 1
47 1 0
47 3 2
47 12 11
47 11 10
47 10 9
47 9 8
47 8 4
47 8 7
47 7 5
47 7 6
47 16 15
48 15 14
48 14 1
48 1 0
48 14 13
48 13 9
48 9 3
48 3 2
48 9 8
48 8 4
48 8 7
48 7 5
48 7 6
48 13 12
48 12 11
48 11 10
49 19 18
49 18 16
49 16 3
49 3 0
49 3 2
49 2 1
49 16 15
49 15 12
49 12 4
49 12 11
49 11 10
49 10 5
49 10 9
49 9 7
49 7 6
49 9 8
49 15 14
49 14 13
49 18 17
50 17 16
50 16 14
50 14 0
50 14 13
50 13 1
50 13 12
50 12 11
50 11 10
50 10 9
50 9 8
50 8 5
50 5 3
50 3 2
50 5 4
50 8 7
50 7 6
50 16 15
51 18 1
51 1 0
51 18 17
51 17 8
51 8 4
51 4 3
51 3 2
51 8 7
51 7 6
51 6 5
51 17 16
51 16 14
51 14 12
51 12 11
51 11 9
51 11 10
51 14 13
51 16 15
52 18 17
52 17 15
52 15 14
52 14 13
52 13 0
52 13 12
52 12 11
52 11 2
52 2 1
52 11 10
52 10 9
52 9 6
52 6 5
52 5 3
52 5 4
52 9 8
52 8 7
52 17 16
53 15 14
53 14 1
53 1 0
53 14 13
53 13 12
53 12 11
53 11 9
53 9 8
53 8 7
53 7 6
53 6 4
53 4 3
53 3 2
53 6 5
53 11 10
54 19 5
54 5 3
54 3 0
54 3 2
54 2 1
54 5 4
54 19 18
54 18 15
54 15 12
54 12 11
54 11 10
54 10 9
54 9 7
54 7 6
54 9 8
54 15 14
54 14 13
54 18 17
54 17 16
55 14 2
55 2 1
55 1 0
55 14 13
55 13 12
55 12 9
55 9 3
55 9 8
55 8 4
55 8 7
55 7 6
55 6 5
55 12 11
55 11 10
56 16 4
56 4 1
56 1 0
56 4 3
56 3 2
56 16 15
56 15 14
56 14 7
56 7 5
56 7 6
56 14 13
56 13 11
56 11 8
56 11 10
56 10 9
56 13 12
57 16 2
57 2 1
57 1 0
57 16 15
57 15 3
57 15 14
57 14 4
57 14 13
57 13 5
57 13 12
57 12 11
57 11 9
57 9 6
57 9 8
57 8 7
57 11 10
58 17 0
58 17 16
58 16 15
58 15 12
58 12 1
58 12 11
58 11 9
58 9 3
58 3 2
58 9 8
58 8 7
58 7 4
58 7 6
58 6 5
58 11 10
58 15 14
58 14 13
59 18 17
59 17 16
59 16 4
59 4 3
59 3 0
59 3 2
59 2 1
59 16 15
59 15 14
59 14 9
59 9 7
59 7 6
59 6 5
59 9 8
59 14 13
59 13 12
59 12 11
59 11 10
60 14 4
60 4 3
60 3 2
60 2 1
60 1 0
60 14 13
60 13 12
60 12 9
60 9 8
60 8 6
60 6 5
60 8 7
60 12 11
60 11 10
61 14 1
61 1 0
61 14 13
61 13 3
61 3 2
61 13 12
61 12 5
61 5 4
61 12 11
61 11 6
61 11 10
61 10 8
61 8 7
61 10 9
62 19 18
62 18 2
62 2 0
62 2 1
62 18 17
62 17 16
62 16 15
62 15 14
62 14 13
62 13 10
62 10 9
62 9 7
62 7 6
62 6 5
62 5 3
62 5 4
62 9 8
62 13 12
62 12 11
63 18 1
63 1 0
63 18 17
63 17 2
63 17 16
63 16 15
63 15 3
63 15 14
63 14 13
63 13 4
63 13 12
63 12 7
63 7 6
63 6 5
63 12 11
63 11 10
63 10 8
63 10 9
64 16 4
64 4 2
64 2 1
64 1 0
64 4 3
64 16 15
64 15 5
64 15 14
64 14 10
64 10 9
64 9 8
64 8 7
64 7 6
64 14 13
64 13 12
64 12 11
65 15 8
65 8 2
65 2 1
65 1 0
65 8 7
65 7 4
65 4 3
65 7 6
65 6 5
65 15 14
65 14 13
65 13 9
65 13 12
65 12 11
65 11 10
66 18 17
66 17 10
66 10 8
66 8 0
66 8 7
66 7 4
66 4 3
66 3 2
66 2 1
66 7 6
66 6 5
66 10 9
66 17 16
66 16 13
66 13 11
66 13 12
66 16 15
66 15 14
67 18 17
67 17 5
67 5 1
67 1 0
67 5 4
67 4 3
67 3 2
67 17 16
67 16 15
67 15 6
67 15 14
67 14 8
67 8 7
67 14 13
67 13 12
67 12 9
67 12 11
67 11 10
68 17 1
68 1 0
68 17 16
68 16 11
68 11 4
68 4 2
68 4 3
68 11 10
68 10 5
68 10 9
68 9 8
68 8 7
68 7 6
68 16 15
68 15 12
68 15 14
68 14 13
69 16 15
69 15 0
69 15 14
69 14 12
69 12 5
69 5 4
69 4 3
69 3 2
69 2 1
69 12 11
69 11 10
69 10 6
69 10 9
69 9 8
69 8 7
69 14 13
70 19 4
70 4 3
70 3 2
70 2 0
70 2 1
70 19 18
70 18 17
70 17 7
70 7 6
70 6 5
70 17 16
70 16 12
70 12 10
70 10 9
70 9 8
70 12 11
70 16 15
70 15 14
70 14 13
71 19 18
71 18 15
71 15 0
71 15 14
71 14 7
71 7 6
71 6 1
71 6 5
71 5 2
71 5 4
71 4 3
71 14 13
71 13 10
71 10 8
71 10 9
71 13 12
71 12 11
71 18 17
71 17 16
72 16 15
72 15 12
72 12 11
72 11 9
72 9 8
72 8 7
72 7 6
72 6 5
72 5 4
72 4 1
72 1 0
72 4 3
72 3 2
72 11 10
72 15 14
72 14 13
73 17 0
73 17 16
73 16 1
73 16 15
73 15 13
73 13 12
73 12 10
73 10 4
73 4 3
73 3 2
73 10 9
73 9 5
73 9 8
73 8 7
73 7 6
73 12 11
73 15 14
74 14 8
74 8 0
74 8 7
74 7 6
74 6 5
74 5 4
74 4 1
74 4 3
74 3 2
74 14 13
74 13 12
74 12 11
74 11 9
74 11 10
75 16 14
75 14 0
75 14 13
75 13 10
75 10 1
75 10 9
75 9 2
75 9 8
75 8 3
75 8 7
75 7 6
75 6 4
75 6 5
75 13 12
75 12 11
75 16 15
76 14 13
76 13 4
76 4 3
76 3 2
76 2 0
76 2 1
76 13 12
76 12 9
76 9 6
76 6 5
76 9 8
76 8 7
76 12 11
76 11 10
77 14 13
77 13 10
77 10 2
77 2 0
77 2 1
77 10 9
77 9 3
77 9 8
77 8 6
77 6 5
77 5 4
77 8 7
77 13 12
77 12 11
78 17 16
78 16 3
78 3 2
78 2 1
78 1 0
78 16 15
78 15 14
78 14 4
78 14 13
78 13 10
78 10 8
78 8 5
78 8 7
78 7 6
78 10 9
78 13 12
78 12 11
79 14 0
79 14 13
79 13 2
79 2 1
79 13 12
79 12 9
79 9 3
79 9 8
79 8 4
79 8 7
79 7 5
79 7 6
79 12 11
79 11 10
80 18 13
80 13 8
80 8 7
80 7 1
80 1 0
80 7 6
80 6 4
80 4 2
80 4 3
80 6 5
80 13 12
80 12 9
80 12 11
80 11 10
80 18 17
80 17 16
80 16 15
80 15 14
81 18 6
81 6 5
81 5 4
81 4 3
81 3 1
81 1 0
81 3 2
81 18 17
81 17 16
81 16 15
81 15 10
81 10 8
81 8 7
81 10 9
81 15 14
81 14 13
81 13 12
81 12 11
82 18 14
82 14 6
82 6 5
82 5 2
82 2 0
82 2 1
82 5 4
82 4 3
82 14 13
82 13 12
82 12 7
82 12 11
82 11 10
82 10 8
82 10 9
82 18 17
82 17 16
82 16 15
83 14 11
83 11 9
83 9 8
83 8 7
83 7 6
83 6 5
83 5 4
83 4 0
83 4 3
83 3 1
83 3 2
83 11 10
83 14 13
83 13 12
84 17 11
84 11 10
84 10 8
84 8 4
84 4 0
84 4 3
84 3 1
84 3 2
84 8 7
84 7 6
84 6 5
84 10 9
84 17 16
84 16 12
84 16 15
84 15 13
84 15 14
85 14 13
85 13 10
85 10 8
85 8 6
85 6 0
85 6 5
85 5 1
85 5 4
85 4 3
85 3 2
85 8 7
85 10 9
85 13 12
85 12 11
86 17 15
86 15 14
86 14 0
86 14 13
86 13 1
86 13 12
86 12 11
86 11 6
86 6 5
86 5 2
86 5 4
86 4 3
86 11 10
86 10 8
86 8 7
86 10 9
86 17 16
87 17 15
87 15 14
87 14 11
87 11 6
87 6 0
87 6 5
87 5 4
87 4 3
87 3 2
87 2 1
87 11 10
87 10 9
87 9 8
87 8 7
87 14 13
87 13 12
87 17 16
88 16 14
88 14 1
88 1 0
88 14 13
88 13 12
88 12 2
88 12 11
88 11 10
88 10 6
88 6 5
88 5 4
88 4 3
88 10 9
88 9 8
88 8 7
88 16 15
89 16 13
89 13 11
89 11 8
89 8 2
89 2 1
89 1 0
89 8 7
89 7 5
89 5 4
89 4 3
89 7 6
89 11 10
89 10 9
89 13 12
89 16 15
89 15 14
90 14 5
90 5 4
90 4 3
90 3 2
90 2 0
90 2 1
90 14 13
90 13 12
90 12 11
90 11 9
90 9 7
90 7 6
90 9 8
90 11 10
91 15 14
91 14 1
91 1 0
91 14 13
91 13 8
91 8 7
91 7 6
91 6 2
91 6 5
91 5 3
91 5 4
91 13 12
91 12 9
91 12 11
91 11 10
92 17 16
92 16 5
92 5 4
92 4 0
92 4 3
92 3 2
92 2 1
92 16 15
92 15 7
92 7 6
92 15 14
92 14 13
92 13 10
92 10 9
92 9 8
92 13 12
92 12 11
93 17 13
93 13 2
93 2 1
93 1 0
93 13 12
93 12 4
93 4 3
93 12 11
93 11 10
93 10 9
93 9 5
93 9 8
93 8 7
93 7 6
93 17 16
93 16 14
93 16 15
94 15 14
94 14 13
94 13 11
94 11 6
94 6 4
94 4 3
94 3 2
94 2 1
94 1 0
94 6 5
94 11 10
94 10 9
94 9 8
94 8 7
94 13 12
95 14 12
95 12 2
95 2 0
95 2 1
95 12 11
95 11 9
95 9 3
95 9 8
95 8 6
95 6 4
95 6 5
95 8 7
95 11 10
95 14 13
96 17 16
96 16 15
96 15 14
96 14 13
96 13 12
96 12 11
96 11 9
96 9 8
96 8 0
96 8 7
96 7 5
96 5 4
96 4 3
96 3 2
96 2 1
96 7 6
96 11 10
97 15 0
97 15 14
97 14 10
97 10 3
97 3 2
97 2 1
97 10 9
97 9 8
97 8 5
97 5 4
97 8 7
97 7 6
97 14 13
97 13 11
97 13 12
98 15 5
98 5 4
98 4 0
98 4 3
98 3 2
98 2 1
98 15 14
98 14 13
98 13 11
98 11 10
98 10 9
98 9 8
98 8 6
98 8 7
98 13 12
99 19 18
99 18 14
99 14 0
99 14 13
99 13 1
99 13 12
99 12 11
99 11 9
99 9 8
99 8 7
99 7 4
99 4 2
99 4 3
99 7 6
99 6 5
99 11 10
99 18 17
99 17 15
99 17 16
100 17 16
100 16 15
100 15 12
100 12 11
100 11 10
100 10 8
100 8 4
100 4 3
100 3 2
100 2 1
100 1 0
100 8 7
100 7 5
100 7 6
100 10 9
100 15 14
100 14 13
101 15 14
101 14 3
101 3 1
101 1 0
101 3 2
101 14 13
101 13 6
101 6 4
101 6 5
101 13 12
101 12 10
101 10 9
101 9 7
101 9 8
101 12 11
