1 16 3
1 3 2
1 2 0
1 2 1
1 16 15
1 15 11
1 11 10
1 10 9
1 9 8
1 8 5
1 5 4
1 8 7
1 7 6
1 15 14
1 14 12
1 14 13
2 17 12
2 12 11
2 11 9
2 9 7
2 7 1
2 1 0
2 7 6
2 6 4
2 4 3
2 3 2
2 6 5
2 9 8
2 11 10
2 17 16
2 16 13
2 16 15
2 15 14
3 15 13
3 13 6
3 6 5
3 5 4
3 4 2
3 2 0
3 2 1
3 4 3
3 13 12
3 12 11
3 11 7
3 11 10
3 10 9
3 9 8
3 15 14
4 16 2
4 2 1
4 1 0
4 16 15
4 15 14
4 14 13
4 13 6
4 6 5
4 5 3
4 5 4
4 13 12
4 12 11
4 11 10
4 10 9
4 9 8
4 8 7
5 16 9
5 9 8
5 8 2
5 2 0
5 2 1
5 8 7
5 7 5
5 5 4
5 4 3
5 7 6
5 16 15
5 15 11
5 11 10
5 15 14
5 14 13
5 13 12
6 18 11
6 11 0
6 11 10
6 10 8
6 8 5
6 5 1
6 5 4
6 4 3
6 3 2
6 8 7
6 7 6
6 10 9
6 18 17
6 17 16
6 16 12
6 16 15
6 15 14
6 14 13
7 17 13
7 13 1
7 1 0
7 13 12
7 12 10
7 10 6
7 6 4
7 4 3
7 3 2
7 6 5
7 10 9
7 9 7
7 9 8
7 12 11
7 17 16
7 16 14
7 16 15
8 15 14
8 14 13
8 13 7
8 7 5
8 5 3
8 3 0
8 3 2
8 2 1
8 5 4
8 7 6
8 13 12
8 12 9
8 9 8
8 12 11
8 11 10
9 17 16
9 16 15
9 15 12
9 12 10
9 10 5
9 5 3
9 3 1
9 1 0
9 3 2
9 5 4
9 10 9
9 9 6
9 9 8
9 8 7
9 12 11
9 15 14
9 14 13
10 19 2
10 2 1
10 1 0
10 19 18
10 18 7
10 7 6
10 6 5
10 5 3
10 5 4
10 18 17
10 17 16
10 16 15
10 15 14
10 14 8
10 14 13
10 13 9
10 13 12
10 12 11
10 11 10
11 14 13
11 13 4
11 4 0
11 4 3
11 3 1
11 3 2
11 13 12
11 12 10
11 10 9
11 9 8
11 8 7
11 7 5
11 7 6
11 12 11
12 15 14
12 14 11
12 11 10
12 10 9
12 9 2
12 2 0
12 2 1
12 9 8
12 8 3
12 8 7
12 7 4
12 7 6
12 6 5
12 14 13
12 13 12
13 15 14
13 14 13
13 13 2
13 2 1
13 1 0
13 13 12
13 12 3
13 12 11
13 11 7
13 7 6
13 6 5
13 5 4
13 11 10
13 10 8
13 10 9
14 14 10
14 10 6
14 6 5
14 5 1
14 1 0
14 5 4
14 4 3
14 3 2
14 10 9
14 9 8
14 8 7
14 14 13
14 13 11
14 13 12
15 15 14
15 14 13
15 13 11
15 11 10
15 10 9
15 9 4
15 4 2
15 2 0
15 2 1
15 4 3
15 9 8
15 8 6
15 6 5
15 8 7
15 13 12
16 17 14
16 14 0
16 14 13
16 13 10
16 10 9
16 9 8
16 8 6
16 6 5
16 5 4
16 4 3
16 3 1
16 3 2
16 8 7
16 13 12
16 12 11
16 17 16
16 16 15
17 17 15
17 15 13
17 13 12
17 12 1
17 1 0
17 12 11
17 11 9
17 9 2
17 9 8
17 8 6
17 6 5
17 5 4
17 4 3
17 8 7
17 11 10
17 15 14
17 17 16
18 14 13
18 13 11
18 11 2
18 2 1
18 1 0
18 11 10
18 10 9
18 9 8
18 8 7
18 7 5
18 5 4
18 4 3
18 7 6
18 13 12
19 18 5
19 5 4
19 4 3
19 3 2
19 2 0
19 2 1
19 18 17
19 17 16
19 16 11
19 11 8
19 8 6
19 8 7
19 11 10
19 10 9
19 16 15
19 15 14
19 14 13
19 13 12
20 14 12
20 12 4
20 4 0
20 4 3
20 3 1
20 3 2
20 12 11
20 11 7
20 7 5
20 7 6
20 11 10
20 10 8
20 10 9
20 14 13
21 17 15
21 15 14
21 14 13
21 13 9
21 9 7
21 7 6
21 6 1
21 1 0
21 6 5
21 5 4
21 4 3
21 3 2
21 9 8
21 13 12
21 12 10
21 12 11
21 17 16
22 17 0
22 17 16
22 16 1
22 16 15
22 15 12
22 12 11
22 11 2
22 11 10
22 10 8
22 8 5
22 5 3
22 5 4
22 8 7
22 7 6
22 10 9
22 15 14
22 14 13
23 16 15
23 15 12
23 12 11
23 11 9
23 9 8
23 8 7
23 7 0
23 7 6
23 6 5
23 5 4
23 4 3
23 3 2
23 2 1
23 11 10
23 15 14
23 14 13
24 18 12
24 12 2
24 2 0
24 2 1
24 12 11
24 11 10
24 10 7
24 7 5
24 5 4
24 4 3
24 7 6
24 10 9
24 9 8
24 18 17
24 17 16
24 16 15
24 15 14
24 14 13
25 17 15
25 15 14
25 14 3
25 3 2
25 2 0
25 2 1
25 14 13
25 13 11
25 11 4
25 11 10
25 10 6
25 6 5
25 10 9
25 9 7
25 9 8
25 13 12
25 17 16
26 17 1
26 1 0
26 17 16
26 16 12
26 12 3
26 3 2
26 12 11
26 11 9
26 9 7
26 7 4
26 7 6
26 6 5
26 9 8
26 11 10
26 16 15
26 15 13
26 15 14
27 14 11
27 11 10
27 10 0
27 10 9
27 9 8
27 8 7
27 7 6
27 6 4
27 4 1
27 4 3
27 3 2
27 6 5
27 14 13
27 13 12
28 14 0
28 14 13
28 13 11
28 11 3
28 3 2
28 2 1
28 11 10
28 10 4
28 10 9
28 9 8
28 8 7
28 7 6
28 6 5
28 13 12
29 15 11
29 11 10
29 10 6
29 6 1
29 1 0
29 6 5
29 5 3
29 3 2
29 5 4
29 10 9
29 9 7
29 9 8
29 15 14
29 14 12
29 14 13
30 19 18
30 18 5
30 5 2
30 2 0
30 2 1
30 5 4
30 4 3
30 18 17
30 17 16
30 16 15
30 15 6
30 15 14
30 14 13
30 13 10
30 10 9
30 9 7
30 9 8
30 13 12
30 12 11
31 17 6
31 6 5
31 5 4
31 4 3
31 3 1
31 1 0
31 3 2
31 17 16
31 16 10
31 10 8
31 8 7
31 10 9
31 16 15
31 15 14
31 14 11
31 14 13
31 13 12
32 14 13
32 13 12
32 12 7
32 7 5
32 5 4
32 4 0
32 4 3
32 3 1
32 3 2
32 7 6
32 12 11
32 11 10
32 10 8
32 10 9
33 14 13
33 13 9
33 9 8
33 8 7
33 7 0
33 7 6
33 6 4
33 4 3
33 3 1
33 3 2
33 6 5
33 13 12
33 12 10
33 12 11
34 17 16
34 16 15
34 15 14
34 14 1
34 1 0
34 14 13
34 13 12
34 12 3
34 3 2
34 12 11
34 11 4
34 11 10
34 10 6
34 6 5
34 10 9
34 9 7
34 9 8
35 19 18
35 18 17
35 17 7
35 7 6
35 6 0
35 6 5
35 5 4
35 4 2
35 2 1
35 4 3
35 17 16
35 16 10
35 10 8
35 10 9
35 16 15
35 15 11
35 15 14
35 14 13
35 13 12
36 18 0
36 18 17
36 17 4
36 4 1
36 4 3
36 3 2
36 17 16
36 16 10
36 10 5
36 10 9
36 9 7
36 7 6
36 9 8
36 16 15
36 15 11
36 15 14
36 14 12
36 14 13
37 17 15
37 15 1
37 1 0
37 15 14
37 14 13
37 13 2
37 13 12
37 12 5
37 5 4
37 4 3
37 12 11
37 11 8
37 8 6
37 8 7
37 11 10
37 10 9
37 17 16
38 15 14
38 14 7
38 7 6
38 6 4
38 4 0
38 4 3
38 3 2
38 2 1
38 6 5
38 14 13
38 13 12
38 12 11
38 11 10
38 10 9
38 9 8
39 19 0
39 19 18
39 18 16
39 16 11
39 11 10
39 10 9
39 9 1
39 9 8
39 8 2
39 8 7
39 7 6
39 6 5
39 5 4
39 4 3
39 16 15
39 15 14
39 14 13
39 13 12
39 18 17
40 15 0
40 15 14
40 14 13
40 13 10
40 10 1
40 10 9
40 9 5
40 5 4
40 4 3
40 3 2
40 9 8
40 8 7
40 7 6
40 13 12
40 12 11
41 19 15
41 15 13
41 13 11
41 11 9
41 9 8
41 8 7
41 7 5
41 5 0
41 5 4
41 4 2
41 2 1
41 4 3
41 7 6
41 11 10
41 13 12
41 15 14
41 19 18
41 18 17
41 17 16
42 15 13
42 13 12
42 12 2
42 2 1
42 1 0
42 12 11
42 11 6
42 6 3
42 6 5
42 5 4
42 11 10
42 10 9
42 9 7
42 9 8
42 15 14
43 19 1
43 1 0
43 19 18
43 18 13
43 13 12
43 12 9
43 9 8
43 8 6
43 6 5
43 5 4
43 4 3
43 3 2
43 8 7
43 12 11
43 11 10
43 18 17
43 17 16
43 16 14
43 16 15
44 18 16
44 16 15
44 15 11
44 11 6
44 6 2
44 2 1
44 1 0
44 6 5
44 5 3
44 5 4
44 11 10
44 10 9
44 9 8
44 8 7
44 15 14
44 14 13
44 13 12
44 18 17
45 16 0
45 16 15
45 15 14
45 14 13
45 13 12
45 12 10
45 10 9
45 9 8
45 8 7
45 7 6
45 6 5
45 5 2
45 2 1
45 5 4
45 4 3
45 12 11
46 17 13
46 13 2
46 2 1
46 1 0
46 13 12
46 12 9
46 9 5
46 5 3
46 5 4
46 9 8
46 8 7
46 7 6
46 12 11
46 11 10
46 17 16
46 16 15
46 15 14
47 17 15
47 15 14
47 14 11
47 11 10
47 10 6
47 6 5
47 5 0
47 5 4
47 4 1
47 4 3
47 3 2
47 10 9
47 9 7
47 9 8
47 14 13
47 13 12
47 17 16
48 15 12
48 12 11
48 11 9
48 9 8
48 8 7
48 7 5
48 5 4
48 4 0
48 4 3
48 3 1
48 3 2
48 7 6
48 11 10
48 15 14
48 14 13
49 14 12
49 12 2
49 2 0
49 2 1
49 12 11
49 11 10
49 10 4
49 4 3
49 10 9
49 9 8
49 8 7
49 7 6
49 6 5
49 14 13
50 14 12
50 12 11
50 11 10
50 10 9
50 9 6
50 6 5
50 5 3
50 3 2
50 2 1
50 1 0
50 5 4
50 9 8
50 8 7
50 14 13
51 15 2
51 2 0
51 2 1
51 15 14
51 14 3
51 14 13
51 13 12
51 12 11
51 11 10
51 10 4
51 10 9
51 9 8
51 8 7
51 7 6
51 6 5
52 16 15
52 15 8
52 8 3
52 3 2
52 2 0
52 2 1
52 8 7
52 7 6
52 6 4
52 6 5
52 15 14
52 14 12
52 12 9
52 12 11
52 11 10
52 14 13
53 15 13
53 13 12
53 12 11
53 11 8
53 8 1
53 1 0
53 8 7
53 7 6
53 6 5
53 5 4
53 4 2
53 4 3
53 11 10
53 10 9
53 15 14
54 16 0
54 16 15
54 15 6
54 6 5
54 5 4
54 4 3
54 3 1
54 3 2
54 15 14
54 14 10
54 10 9
54 9 7
54 9 8
54 14 13
54 13 11
54 13 12
55 17 8
55 8 0
55 8 7
55 7 5
55 5 4
55 4 1
55 4 3
55 3 2
55 7 6
55 17 16
55 16 9
55 16 15
55 15 13
55 13 11
55 11 10
55 13 12
55 15 14
56 15 14
56 14 13
56 13 12
56 12 10
56 10 9
56 9 2
56 2 0
56 2 1
56 9 8
56 8 6
56 6 5
56 5 4
56 4 3
56 8 7
56 12 11
57 15 1
57 1 0
57 15 14
57 14 12
57 12 9
57 9 2
57 9 8
57 8 5
57 5 4
57 4 3
57 8 7
57 7 6
57 12 11
57 11 10
57 14 13
58 16 0
58 16 15
58 15 6
58 6 5
58 5 1
58 5 4
58 4 2
58 4 3
58 15 14
58 14 13
58 13 7
58 13 12
58 12 11
58 11 9
58 9 8
58 11 10
59 16 1
59 1 0
59 16 15
59 15 11
59 11 2
59 11 10
59 10 9
59 9 8
59 8 7
59 7 6
59 6 4
59 4 3
59 6 5
59 15 14
59 14 12
59 14 13
60 15 14
60 14 13
60 13 3
60 3 0
60 3 2
60 2 1
60 13 12
60 12 8
60 8 6
60 6 4
60 6 5
60 8 7
60 12 11
60 11 9
60 11 10
61 15 4
61 4 3
61 3 2
61 2 0
61 2 1
61 15 14
61 14 13
61 13 12
61 12 8
61 8 7
61 7 5
61 7 6
61 12 11
61 11 10
61 10 9
62 14 9
62 9 8
62 8 0
62 8 7
62 7 1
62 7 6
62 6 5
62 5 3
62 3 2
62 5 4
62 14 13
62 13 12
62 12 10
62 12 11
63 16 0
63 16 15
63 15 12
63 12 1
63 12 11
63 11 10
63 10 8
63 8 3
63 3 2
63 8 7
63 7 5
63 5 4
63 7 6
63 10 9
63 15 14
63 14 13
64 14 11
64 11 9
64 9 8
64 8 7
64 7 6
64 6 0
64 6 5
64 5 3
64 3 2
64 2 1
64 5 4
64 11 10
64 14 13
64 13 12
65 19 7
65 7 6
65 6 5
65 5 3
65 3 2
65 2 0
65 2 1
65 5 4
65 19 18
65 18 17
65 17 16
65 16 8
65 16 15
65 15 9
65 15 14
65 14 10
65 14 13
65 13 12
65 12 11
66 19 18
66 18 11
66 11 0
66 11 10
66 10 8
66 8 4
66 4 1
66 4 3
66 3 2
66 8 7
66 7 5
66 7 6
66 10 9
66 18 17
66 17 12
66 17 16
66 16 14
66 14 13
66 16 15
67 16 1
67 1 0
67 16 15
67 15 13
67 13 2
67 13 12
67 12 3
67 12 11
67 11 4
67 11 10
67 10 6
67 6 5
67 10 9
67 9 7
67 9 8
67 15 14
68 16 15
68 15 14
68 14 13
68 13 1
68 1 0
68 13 12
68 12 11
68 11 9
68 9 8
68 8 6
68 6 5
68 5 3
68 3 2
68 5 4
68 8 7
68 11 10
69 16 15
69 15 14
69 14 11
69 11 0
69 11 10
69 10 8
69 8 1
69 8 7
69 7 2
69 7 6
69 6 5
69 5 4
69 4 3
69 10 9
69 14 13
69 13 12
70 17 0
70 17 16
70 16 15
70 15 14
70 14 12
70 12 10
70 10 9
70 9 8
70 8 2
70 2 1
70 8 7
70 7 6
70 6 5
70 5 4
70 4 3
70 12 11
70 14 13
71 17 16
71 16 15
71 15 14
71 14 0
71 14 13
71 13 12
71 12 5
71 5 2
71 2 1
71 5 4
71 4 3
71 12 11
71 11 9
71 9 8
71 8 7
71 7 6
71 11 10
72 19 18
72 18 1
72 1 0
72 18 17
72 17 2
72 17 16
72 16 11
72 11 3
72 11 10
72 10 8
72 8 4
72 8 7
72 7 5
72 7 6
72 10 9
72 16 15
72 15 13
72 13 12
72 15 14
73 15 0
73 15 14
73 14 8
73 8 7
73 7 6
73 6 5
73 5 4
73 4 3
73 3 1
73 3 2
73 14 13
73 13 10
73 10 9
73 13 12
73 12 11
74 19 18
74 18 16
74 16 7
74 7 3
74 3 2
74 2 1
74 1 0
74 7 6
74 6 5
74 5 4
74 16 15
74 15 8
74 15 14
74 14 13
74 13 12
74 12 11
74 11 9
74 11 10
74 18 17
75 16 2
75 2 0
75 2 1
75 16 15
75 15 4
75 4 3
75 15 14
75 14 5
75 14 13
75 13 6
75 13 12
75 12 11
75 11 7
75 11 10
75 10 9
75 9 8
76 16 3
76 3 0
76 3 2
76 2 1
76 16 15
76 15 11
76 11 9
76 9 6
76 6 5
76 5 4
76 9 8
76 8 7
76 11 10
76 15 14
76 14 13
76 13 12
77 14 13
77 13 0
77 13 12
77 12 11
77 11 10
77 10 9
77 9 8
77 8 7
77 7 6
77 6 5
77 5 4
77 4 2
77 2 1
77 4 3
78 16 1
78 1 0
78 16 15
78 15 14
78 14 13
78 13 12
78 12 2
78 12 11
78 11 3
78 11 10
78 10 7
78 7 6
78 6 5
78 5 4
78 10 9
78 9 8
79 17 11
79 11 10
79 10 9
79 9 8
79 8 2
79 2 1
79 1 0
79 8 7
79 7 4
79 4 3
79 7 6
79 6 5
79 17 16
79 16 13
79 13 12
79 16 15
79 15 14
80 16 14
80 14 13
80 13 12
80 12 4
80 4 2
80 2 1
80 1 0
80 4 3
80 12 11
80 11 5
80 11 10
80 10 8
80 8 7
80 7 6
80 10 9
80 16 15
81 18 2
81 2 1
81 1 0
81 18 17
81 17 6
81 6 4
81 4 3
81 6 5
81 17 16
81 16 11
81 11 7
81 11 10
81 10 8
81 10 9
81 16 15
81 15 12
81 15 14
81 14 13
82 18 17
82 17 7
82 7 1
82 1 0
82 7 6
82 6 4
82 4 2
82 4 3
82 6 5
82 17 16
82 16 15
82 15 13
82 13 12
82 12 8
82 12 11
82 11 10
82 10 9
82 15 14
83 19 18
83 18 16
83 16 5
83 5 0
83 5 4
83 4 1
83 4 3
83 3 2
83 16 15
83 15 12
83 12 10
83 10 9
83 9 8
83 8 7
83 7 6
83 12 11
83 15 14
83 14 13
83 18 17
84 16 15
84 15 0
84 15 14
84 14 1
84 14 13
84 13 5
84 5 3
84 3 2
84 5 4
84 13 12
84 12 11
84 11 10
84 10 9
84 9 8
84 8 6
84 8 7
85 18 17
85 17 16
85 16 15
85 15 11
85 11 2
85 2 0
85 2 1
85 11 10
85 10 3
85 10 9
85 9 8
85 8 7
85 7 6
85 6 5
85 5 4
85 15 14
85 14 12
85 14 13
86 17 7
86 7 0
86 7 6
86 6 1
86 6 5
86 5 4
86 4 2
86 4 3
86 17 16
86 16 15
86 15 14
86 14 12
86 12 9
86 9 8
86 12 11
86 11 10
86 14 13
87 15 2
87 2 1
87 1 0
87 15 14
87 14 13
87 13 12
87 12 8
87 8 3
87 8 7
87 7 6
87 6 4
87 6 5
87 12 11
87 11 9
87 11 10
88 14 13
88 13 2
88 2 0
88 2 1
88 13 12
88 12 7
88 7 6
88 6 4
88 4 3
88 6 5
88 12 11
88 11 10
88 10 8
88 10 9
89 19 13
89 13 12
89 12 11
89 11 3
89 3 0
89 3 2
89 2 1
89 11 10
89 10 4
89 10 9
89 9 8
89 8 7
89 7 6
89 6 5
89 19 18
89 18 17
89 17 15
89 15 14
89 17 16
90 15 1
90 1 0
90 15 14
90 14 13
90 13 2
90 13 12
90 12 11
90 11 9
90 9 8
90 8 7
90 7 5
90 5 4
90 4 3
90 7 6
90 11 10
91 14 1
91 1 0
91 14 13
91 13 10
91 10 4
91 4 3
91 3 2
91 10 9
91 9 5
91 9 8
91 8 6
91 8 7
91 13 12
91 12 11
92 17 0
92 17 16
92 16 15
92 15 3
92 3 2
92 2 1
92 15 14
92 14 13
92 13 4
92 13 12
92 12 11
92 11 8
92 8 7
92 7 6
92 6 5
92 11 10
92 10 9
93 16 11
93 11 9
93 9 1
93 1 0
93 9 8
93 8 7
93 7 5
93 5 3
93 3 2
93 5 4
93 7 6
93 11 10
93 16 15
93 15 13
93 13 12
93 15 14
94 19 18
94 18 17
94 17 16
94 16 15
94 15 0
94 15 14
94 14 3
94 3 1
94 3 2
94 14 13
94 13 4
94 13 12
94 12 9
94 9 8
94 8 7
94 7 5
94 7 6
94 12 11
94 11 10
95 17 16
95 16 0
95 16 15
95 15 12
95 12 11
95 11 7
95 7 4
95 4 2
95 2 1
95 4 3
95 7 6
95 6 5
95 11 10
95 10 9
95 9 8
95 15 14
95 14 13
96 15 14
96 14 5
96 5 4
96 4 2
96 2 1
96 1 0
96 4 3
96 14 13
96 13 11
96 11 10
96 10 7
96 7 6
96 10 9
96 9 8
96 13 12
97 18 15
97 15 13
97 13 0
97 13 12
97 12 10
97 10 9
97 9 5
97 5 4
97 4 1
97 4 3
97 3 2
97 9 8
97 8 6
97 8 7
97 12 11
97 15 14
97 18 17
97 17 16
98 18 16
98 16 10
98 10 9
98 9 3
98 3 2
98 2 0
98 2 1
98 9 8
98 8 7
98 7 6
98 6 5
98 5 4
98 16 15
98 15 14
98 14 12
98 12 11
98 14 13
98 18 17
99 19 14
99 14 0
99 14 13
99 13 11
99 11 9
99 9 3
99 3 2
99 2 1
99 9 8
99 8 4
99 8 7
99 7 6
99 6 5
99 11 10
99 13 12
99 19 18
99 18 17
99 17 15
99 17 16
100 19 10
100 10 9
100 9 7
100 7 0
100 7 6
100 6 5
100 5 4
100 4 3
100 3 2
100 2 1
100 9 8
100 19 18
100 18 11
100 18 17
100 17 12
100 17 16
100 16 15
100 15 13
100 15 14
101 19 16
101 16 15
101 15 0
101 15 14
101 14 13
101 13 12
101 12 10
101 10 8
101 8 7
101 7 6
101 6 5
101 5 4
101 4 1
101 4 3
101 3 2
101 10 9
101 12 11
101 19 18
101 18 17
