1 17 5
1 5 4
1 4 3
1 3 0
1 3 2
1 2 1
1 17 16
1 16 15
1 15 14
1 14 10
1 10 6
1 10 9
1 9 7
1 9 8
1 14 13
1 13 12
1 12 11
2 16 15
2 15 1
2 1 0
2 15 14
2 14 13
2 13 5
2 5 2
2 5 4
2 4 3
2 13 12
2 12 9
2 9 6
2 9 8
2 8 7
2 12 11
2 11 10
3 17 16
3 16 3
3 3 1
3 1 0
3 3 2
3 16 15
3 15 13
3 13 7
3 7 5
3 5 4
3 7 6
3 13 12
3 12 8
3 12 11
3 11 9
3 11 10
3 15 14
4 14 0
4 14 13
4 13 10
4 10 9
4 9 7
4 7 1
4 7 6
4 6 5
4 5 4
4 4 3
4 3 2
4 9 8
4 13 12
4 12 11
5 15 14
5 14 13
5 13 10
5 10 9
5 9 8
5 8 7
5 7 6
5 6 5
5 5 0
5 5 4
5 4 3
5 3 2
5 2 1
5 13 12
5 12 11
6 16 6
6 6 5
6 5 3
6 3 1
6 1 0
6 3 2
6 5 4
6 16 15
6 15 13
6 13 9
6 9 7
6 9 8
6 13 12
6 12 11
6 11 10
6 15 14
7 18 0
7 18 17
7 17 15
7 15 12
7 12 1
7 12 11
7 11 10
7 10 9
7 9 8
7 8 7
7 7 6
7 6 4
7 4 3
7 3 2
7 6 5
7 15 14
7 14 13
7 17 16
8 19 14
8 14 12
8 12 2
8 2 1
8 1 0
8 12 11
8 11 3
8 11 10
8 10 9
8 9 5
8 5 4
8 9 8
8 8 7
8 7 6
8 14 13
8 19 18
8 18 16
8 16 15
8 18 17
9 14 8
9 8 0
9 8 7
9 7 5
9 5 4
9 4 2
9 2 1
9 4 3
9 7 6
9 14 13
9 13 12
9 12 11
9 11 9
9 11 10
10 19 12
10 12 11
10 11 4
10 4 3
10 3 2
10 2 0
10 2 1
10 11 10
10 10 9
10 9 8
10 8 5
10 8 7
10 7 6
10 19 18
10 18 14
10 14 13
10 18 17
10 17 15
10 17 16
11 18 0
11 18 17
11 17 2
11 2 1
11 17 16
11 16 15
11 15 14
11 14 10
11 10 9
11 9 8
11 8 7
11 7 6
11 6 4
11 4 3
11 6 5
11 14 13
11 13 11
11 13 12
12 17 4
12 4 3
12 3 0
12 3 2
12 2 1
12 17 16
12 16 14
12 14 13
12 13 12
12 12 7
12 7 5
12 7 6
12 12 11
12 11 8
12 11 10
12 10 9
12 16 15
13 18 5
13 5 4
13 4 1
13 1 0
13 4 3
13 3 2
13 18 17
13 17 15
13 15 13
13 13 12
13 12 11
13 11 10
13 10 9
13 9 8
13 8 7
13 7 6
13 15 14
13 17 16
14 18 17
14 17 11
14 11 1
14 1 0
14 11 10
14 10 8
14 8 7
14 7 2
14 7 6
14 6 3
14 6 5
14 5 4
14 10 9
14 17 16
14 16 14
14 14 13
14 13 12
14 16 15
15 15 14
15 14 0
15 14 13
15 13 1
15 13 12
15 12 5
15 5 2
15 5 4
15 4 3
15 12 11
15 11 9
15 9 8
15 8 6
15 8 7
15 11 10
16 15 14
16 14 13
16 13 10
16 10 1
16 1 0
16 10 9
16 9 2
16 9 8
16 8 7
16 7 6
16 6 4
16 4 3
16 6 5
16 13 12
16 12 11
17 17 16
17 16 14
17 14 8
17 8 6
17 6 1
17 1 0
17 6 5
17 5 4
17 4 2
17 4 3
17 8 7
17 14 13
17 13 12
17 12 10
17 10 9
17 12 11
17 16 15
18 14 13
18 13 0
18 13 12
18 12 11
18 11 8
18 8 7
18 7 5
18 5 1
18 5 4
18 4 3
18 3 2
18 7 6
18 11 10
18 10 9
19 16 15
19 15 0
19 15 14
19 14 13
19 13 12
19 12 11
19 11 8
19 8 7
19 7 3
19 3 2
19 2 1
19 7 6
19 6 5
19 5 4
19 11 10
19 10 9
20 14 1
20 1 0
20 14 13
20 13 12
20 12 11
20 11 2
20 11 10
20 10 9
20 9 5
20 5 3
20 5 4
20 9 8
20 8 6
20 8 7
21 14 10
21 10 2
21 2 1
21 1 0
21 10 9
21 9 4
21 4 3
21 9 8
21 8 7
21 7 5
21 7 6
21 14 13
21 13 12
21 12 11
22 14 10
22 10 9
22 9 8
22 8 1
22 1 0
22 8 7
22 7 6
22 6 2
22 6 5
22 5 4
22 4 3
22 14 13
22 13 12
22 12 11
23 19 18
23 18 17
23 17 11
23 11 0
23 11 10
23 10 9
23 9 1
23 9 8
23 8 6
23 6 5
23 5 4
23 4 2
23 4 3
23 8 7
23 17 16
23 16 14
23 14 13
23 13 12
23 16 15
24 14 13
24 13 0
24 13 12
24 12 11
24 11 10
24 10 9
24 9 2
24 2 1
24 9 8
24 8 3
24 8 7
24 7 5
24 5 4
24 7 6
25 18 1
25 1 0
25 18 17
25 17 15
25 15 14
25 14 11
25 11 9
25 9 2
25 9 8
25 8 3
25 8 7
25 7 6
25 6 4
25 6 5
25 11 10
25 14 13
25 13 12
25 17 16
26 14 9
26 9 6
26 6 5
26 5 4
26 4 3
26 3 2
26 2 0
26 2 1
26 9 8
26 8 7
26 14 13
26 13 12
26 12 11
26 11 10
27 16 9
27 9 8
27 8 1
27 1 0
27 8 7
27 7 6
27 6 2
27 6 5
27 5 4
27 4 3
27 16 15
27 15 14
27 14 12
27 12 10
27 12 11
27 14 13
28 18 16
28 16 14
28 14 13
28 13 3
28 3 2
28 2 0
28 2 1
28 13 12
28 12 11
28 11 4
28 11 10
28 10 8
28 8 7
28 7 5
28 7 6
28 10 9
28 16 15
28 18 17
29 15 14
29 14 13
29 13 0
29 13 12
29 12 3
29 3 1
29 3 2
29 12 11
29 11 5
29 5 4
29 11 10
29 10 7
29 7 6
29 10 9
29 9 8
30 19 6
30 6 5
30 5 4
30 4 3
30 3 2
30 2 0
30 2 1
30 19 18
30 18 17
30 17 16
30 16 15
30 15 8
30 8 7
30 15 14
30 14 13
30 13 12
30 12 9
30 12 11
30 11 10
31 18 13
31 13 1
31 1 0
31 13 12
31 12 10
31 10 3
31 3 2
31 10 9
31 9 8
31 8 6
31 6 4
31 6 5
31 8 7
31 12 11
31 18 17
31 17 15
31 15 14
31 17 16
32 17 5
32 5 2
32 2 1
32 1 0
32 5 4
32 4 3
32 17 16
32 16 15
32 15 12
32 12 11
32 11 6
32 11 10
32 10 7
32 10 9
32 9 8
32 15 14
32 14 13
33 15 13
33 13 7
33 7 1
33 1 0
33 7 6
33 6 4
33 4 3
33 3 2
33 6 5
33 13 12
33 12 11
33 11 10
33 10 9
33 9 8
33 15 14
34 16 15
34 15 12
34 12 11
34 11 10
34 10 1
34 1 0
34 10 9
34 9 5
34 5 2
34 5 4
34 4 3
34 9 8
34 8 6
34 8 7
34 15 14
34 14 13
35 16 2
35 2 1
35 1 0
35 16 15
35 15 12
35 12 11
35 11 10
35 10 9
35 9 4
35 4 3
35 9 8
35 8 7
35 7 5
35 7 6
35 15 14
35 14 13
36 14 2
36 2 0
36 2 1
36 14 13
36 13 11
36 11 10
36 10 9
36 9 7
36 7 6
36 6 5
36 5 3
36 5 4
36 9 8
36 13 12
37 16 0
37 16 15
37 15 3
37 3 2
37 2 1
37 15 14
37 14 12
37 12 6
37 6 4
37 6 5
37 12 11
37 11 8
37 8 7
37 11 10
37 10 9
37 14 13
38 14 8
38 8 2
38 2 0
38 2 1
38 8 7
38 7 3
38 7 6
38 6 5
38 5 4
38 14 13
38 13 11
38 11 10
38 10 9
38 13 12
39 19 18
39 18 4
39 4 3
39 3 2
39 2 1
39 1 0
39 18 17
39 17 16
39 16 15
39 15 14
39 14 5
39 14 13
39 13 12
39 12 7
39 7 6
39 12 11
39 11 8
39 11 10
39 10 9
40 19 18
40 18 16
40 16 14
40 14 0
40 14 13
40 13 12
40 12 4
40 4 1
40 4 3
40 3 2
40 12 11
40 11 6
40 6 5
40 11 10
40 10 9
40 9 8
40 8 7
40 16 15
40 18 17
41 19 18
41 18 17
41 17 16
41 16 2
41 2 1
41 1 0
41 16 15
41 15 11
41 11 6
41 6 3
41 6 5
41 5 4
41 11 10
41 10 8
41 8 7
41 10 9
41 15 14
41 14 13
41 13 12
42 14 2
42 2 0
42 2 1
42 14 13
42 13 11
42 11 10
42 10 9
42 9 4
42 4 3
42 9 8
42 8 6
42 6 5
42 8 7
42 13 12
43 18 16
43 16 6
43 6 4
43 4 3
43 3 2
43 2 1
43 1 0
43 6 5
43 16 15
43 15 14
43 14 13
43 13 12
43 12 7
43 12 11
43 11 9
43 9 8
43 11 10
43 18 17
44 16 15
44 15 4
44 4 3
44 3 2
44 2 1
44 1 0
44 15 14
44 14 13
44 13 9
44 9 8
44 8 6
44 6 5
44 8 7
44 13 12
44 12 10
44 12 11
45 17 0
45 17 16
45 16 1
45 16 15
45 15 2
45 15 14
45 14 3
45 14 13
45 13 12
45 12 11
45 11 9
45 9 4
45 9 8
45 8 5
45 8 7
45 7 6
45 11 10
46 19 5
46 5 4
46 4 2
46 2 1
46 1 0
46 4 3
46 19 18
46 18 17
46 17 6
46 17 16
46 16 10
46 10 9
46 9 7
46 9 8
46 16 15
46 15 14
46 14 13
46 13 12
46 12 11
47 16 1
47 1 0
47 16 15
47 15 2
47 15 14
47 14 9
47 9 8
47 8 7
47 7 5
47 5 4
47 4 3
47 7 6
47 14 13
47 13 10
47 13 12
47 12 11
48 17 12
48 12 11
48 11 10
48 10 5
48 5 0
48 5 4
48 4 2
48 2 1
48 4 3
48 10 9
48 9 7
48 7 6
48 9 8
48 17 16
48 16 15
48 15 14
48 14 13
49 14 9
49 9 7
49 7 6
49 6 5
49 5 3
49 3 0
49 3 2
49 2 1
49 5 4
49 9 8
49 14 13
49 13 11
49 11 10
49 13 12
50 17 16
50 16 11
50 11 2
50 2 0
50 2 1
50 11 10
50 10 6
50 6 5
50 5 4
50 4 3
50 10 9
50 9 7
50 9 8
50 16 15
50 15 12
50 15 14
50 14 13
51 16 0
51 16 15
51 15 8
51 8 7
51 7 2
51 2 1
51 7 6
51 6 3
51 6 5
51 5 4
51 15 14
51 14 12
51 12 10
51 10 9
51 12 11
51 14 13
52 14 1
52 1 0
52 14 13
52 13 2
52 13 12
52 12 11
52 11 9
52 9 6
52 6 5
52 5 3
52 5 4
52 9 8
52 8 7
52 11 10
53 18 16
53 16 14
53 14 9
53 9 8
53 8 0
53 8 7
53 7 6
53 6 1
53 6 5
53 5 4
53 4 3
53 3 2
53 14 13
53 13 12
53 12 11
53 11 10
53 16 15
53 18 17
54 15 14
54 14 12
54 12 11
54 11 7
54 7 6
54 6 5
54 5 4
54 4 3
54 3 1
54 1 0
54 3 2
54 11 10
54 10 9
54 9 8
54 14 13
55 15 2
55 2 0
55 2 1
55 15 14
55 14 4
55 4 3
55 14 13
55 13 11
55 11 5
55 11 10
55 10 8
55 8 6
55 8 7
55 10 9
55 13 12
56 19 1
56 1 0
56 19 18
56 18 17
56 17 16
56 16 13
56 13 5
56 5 2
56 5 4
56 4 3
56 13 12
56 12 11
56 11 6
56 11 10
56 10 7
56 10 9
56 9 8
56 16 15
56 15 14
57 16 14
57 14 13
57 13 0
57 13 12
57 12 4
57 4 1
57 4 3
57 3 2
57 12 11
57 11 10
57 10 9
57 9 7
57 7 6
57 6 5
57 9 8
57 16 15
58 19 18
58 18 17
58 17 6
58 6 0
58 6 5
58 5 4
58 4 3
58 3 1
58 3 2
58 17 16
58 16 7
58 16 15
58 15 14
58 14 10
58 10 9
58 9 8
58 14 13
58 13 11
58 13 12
59 18 17
59 17 0
59 17 16
59 16 14
59 14 9
59 9 5
59 5 4
59 4 3
59 3 2
59 2 1
59 9 8
59 8 6
59 8 7
59 14 13
59 13 11
59 11 10
59 13 12
59 16 15
60 18 17
60 17 2
60 2 1
60 1 0
60 17 16
60 16 12
60 12 6
60 6 3
60 6 5
60 5 4
60 12 11
60 11 10
60 10 7
60 10 9
60 9 8
60 16 15
60 15 14
60 14 13
61 19 16
61 16 12
61 12 11
61 11 10
61 10 9
61 9 7
61 7 5
61 5 0
61 5 4
61 4 3
61 3 1
61 3 2
61 7 6
61 9 8
61 16 15
61 15 14
61 14 13
61 19 18
61 18 17
62 18 15
62 15 0
62 15 14
62 14 13
62 13 12
62 12 3
62 3 2
62 2 1
62 12 11
62 11 9
62 9 5
62 5 4
62 9 8
62 8 6
62 8 7
62 11 10
62 18 17
62 17 16
63 19 18
63 18 0
63 18 17
63 17 16
63 16 14
63 14 11
63 11 10
63 10 1
63 10 9
63 9 8
63 8 3
63 3 2
63 8 7
63 7 6
63 6 5
63 5 4
63 14 13
63 13 12
63 16 15
64 14 13
64 13 6
64 6 3
64 3 2
64 2 0
64 2 1
64 6 5
64 5 4
64 13 12
64 12 9
64 9 8
64 8 7
64 12 11
64 11 10
65 17 0
65 17 16
65 16 10
65 10 3
65 3 2
65 2 1
65 10 9
65 9 8
65 8 7
65 7 5
65 5 4
65 7 6
65 16 15
65 15 12
65 12 11
65 15 14
65 14 13
66 18 17
66 17 2
66 2 1
66 1 0
66 17 16
66 16 11
66 11 10
66 10 9
66 9 3
66 9 8
66 8 4
66 8 7
66 7 5
66 7 6
66 16 15
66 15 14
66 14 12
66 14 13
67 16 0
67 16 15
67 15 4
67 4 3
67 3 2
67 2 1
67 15 14
67 14 9
67 9 7
67 7 5
67 7 6
67 9 8
67 14 13
67 13 10
67 13 12
67 12 11
68 19 2
68 2 0
68 2 1
68 19 18
68 18 16
68 16 4
68 4 3
68 16 15
68 15 13
68 13 9
68 9 5
68 9 8
68 8 6
68 8 7
68 13 12
68 12 11
68 11 10
68 15 14
68 18 17
69 16 4
69 4 2
69 2 1
69 1 0
69 4 3
69 16 15
69 15 7
69 7 6
69 6 5
69 15 14
69 14 13
69 13 11
69 11 10
69 10 8
69 10 9
69 13 12
70 17 15
70 15 14
70 14 0
70 14 13
70 13 12
70 12 3
70 3 2
70 2 1
70 12 11
70 11 9
70 9 8
70 8 5
70 5 4
70 8 7
70 7 6
70 11 10
70 17 16
71 18 17
71 17 16
71 16 15
71 15 14
71 14 13
71 13 12
71 12 10
71 10 1
71 1 0
71 10 9
71 9 7
71 7 6
71 6 2
71 6 5
71 5 3
71 5 4
71 9 8
71 12 11
72 18 0
72 18 17
72 17 16
72 16 1
72 16 15
72 15 13
72 13 2
72 13 12
72 12 4
72 4 3
72 12 11
72 11 9
72 9 7
72 7 5
72 7 6
72 9 8
72 11 10
72 15 14
73 18 15
73 15 14
73 14 13
73 13 5
73 5 3
73 3 2
73 2 1
73 1 0
73 5 4
73 13 12
73 12 10
73 10 9
73 9 6
73 9 8
73 8 7
73 12 11
73 18 17
73 17 16
74 18 0
74 18 17
74 17 16
74 16 14
74 14 6
74 6 1
74 6 5
74 5 2
74 5 4
74 4 3
74 14 13
74 13 8
74 8 7
74 13 12
74 12 11
74 11 10
74 10 9
74 16 15
75 17 16
75 16 14
75 14 13
75 13 12
75 12 1
75 1 0
75 12 11
75 11 8
75 8 7
75 7 5
75 5 2
75 5 4
75 4 3
75 7 6
75 11 10
75 10 9
75 16 15
76 14 9
76 9 3
76 3 2
76 2 0
76 2 1
76 9 8
76 8 4
76 8 7
76 7 5
76 7 6
76 14 13
76 13 12
76 12 10
76 12 11
77 16 15
77 15 6
77 6 1
77 1 0
77 6 5
77 5 2
77 5 4
77 4 3
77 15 14
77 14 11
77 11 7
77 11 10
77 10 8
77 10 9
77 14 13
77 13 12
78 18 6
78 6 5
78 5 0
78 5 4
78 4 1
78 4 3
78 3 2
78 18 17
78 17 12
78 12 8
78 8 7
78 12 11
78 11 9
78 11 10
78 17 16
78 16 14
78 14 13
78 16 15
79 19 0
79 19 18
79 18 16
79 16 15
79 15 3
79 3 2
79 2 1
79 15 14
79 14 12
79 12 11
79 11 5
79 5 4
79 11 10
79 10 8
79 8 6
79 8 7
79 10 9
79 14 13
79 18 17
80 17 16
80 16 1
80 1 0
80 16 15
80 15 3
80 3 2
80 15 14
80 14 12
80 12 11
80 11 10
80 10 4
80 10 9
80 9 8
80 8 7
80 7 5
80 7 6
80 14 13
81 17 15
81 15 14
81 14 0
81 14 13
81 13 12
81 12 7
81 7 3
81 3 2
81 2 1
81 7 6
81 6 5
81 5 4
81 12 11
81 11 10
81 10 8
81 10 9
81 17 16
82 18 17
82 17 16
82 16 15
82 15 11
82 11 10
82 10 8
82 8 7
82 7 6
82 6 4
82 4 2
82 2 1
82 1 0
82 4 3
82 6 5
82 10 9
82 15 14
82 14 13
82 13 12
83 14 3
83 3 1
83 1 0
83 3 2
83 14 13
83 13 12
83 12 10
83 10 9
83 9 8
83 8 7
83 7 4
83 7 6
83 6 5
83 12 11
84 16 0
84 16 15
84 15 1
84 15 14
84 14 13
84 13 8
84 8 7
84 7 2
84 7 6
84 6 4
84 4 3
84 6 5
84 13 12
84 12 11
84 11 9
84 11 10
85 17 15
85 15 14
85 14 12
85 12 0
85 12 11
85 11 1
85 11 10
85 10 8
85 8 6
85 6 5
85 5 4
85 4 3
85 3 2
85 8 7
85 10 9
85 14 13
85 17 16
86 17 15
86 15 1
86 1 0
86 15 14
86 14 11
86 11 10
86 10 4
86 4 2
86 4 3
86 10 9
86 9 8
86 8 7
86 7 6
86 6 5
86 14 13
86 13 12
86 17 16
87 19 16
87 16 8
87 8 5
87 5 0
87 5 4
87 4 2
87 2 1
87 4 3
87 8 7
87 7 6
87 16 15
87 15 14
87 14 10
87 10 9
87 14 13
87 13 11
87 13 12
87 19 18
87 18 17
88 19 18
88 18 16
88 16 6
88 6 4
88 4 0
88 4 3
88 3 2
88 2 1
88 6 5
88 16 15
88 15 14
88 14 13
88 13 12
88 12 11
88 11 9
88 9 8
88 8 7
88 11 10
88 18 17
89 14 12
89 12 1
89 1 0
89 12 11
89 11 6
89 6 2
89 6 5
89 5 3
89 5 4
89 11 10
89 10 7
89 10 9
89 9 8
89 14 13
90 17 1
90 1 0
90 17 16
90 16 13
90 13 6
90 6 5
90 5 4
90 4 3
90 3 2
90 13 12
90 12 10
90 10 8
90 8 7
90 10 9
90 12 11
90 16 15
90 15 14
91 15 14
91 14 7
91 7 1
91 1 0
91 7 6
91 6 5
91 5 4
91 4 3
91 3 2
91 14 13
91 13 12
91 12 9
91 9 8
91 12 11
91 11 10
92 19 18
92 18 17
92 17 16
92 16 14
92 14 13
92 13 11
92 11 10
92 10 0
92 10 9
92 9 1
92 9 8
92 8 6
92 6 2
92 6 5
92 5 4
92 4 3
92 8 7
92 13 12
92 16 15
93 18 17
93 17 2
93 2 0
93 2 1
93 17 16
93 16 13
93 13 12
93 12 11
93 11 9
93 9 7
93 7 5
93 5 3
93 5 4
93 7 6
93 9 8
93 11 10
93 16 15
93 15 14
94 18 5
94 5 3
94 3 2
94 2 0
94 2 1
94 5 4
94 18 17
94 17 16
94 16 14
94 14 8
94 8 7
94 7 6
94 14 13
94 13 12
94 12 9
94 12 11
94 11 10
94 16 15
95 14 13
95 13 12
95 12 5
95 5 4
95 4 0
95 4 3
95 3 2
95 2 1
95 12 11
95 11 8
95 8 6
95 8 7
95 11 10
95 10 9
96 16 13
96 13 12
96 12 3
96 3 0
96 3 2
96 2 1
96 12 11
96 11 10
96 10 4
96 10 9
96 9 5
96 9 8
96 8 6
96 8 7
96 16 15
96 15 14
97 14 12
97 12 1
97 1 0
97 12 11
97 11 4
97 4 2
97 4 3
97 11 10
97 10 9
97 9 6
97 6 5
97 9 8
97 8 7
97 14 13
98 16 10
98 10 9
98 9 8
98 8 0
98 8 7
98 7 1
98 7 6
98 6 4
98 4 3
98 3 2
98 6 5
98 16 15
98 15 11
98 15 14
98 14 13
98 13 12
99 16 3
99 3 2
99 2 1
99 1 0
99 16 15
99 15 13
99 13 12
99 12 10
99 10 8
99 8 7
99 7 6
99 6 5
99 5 4
99 10 9
99 12 11
99 15 14
100 17 0
100 17 16
100 16 14
100 14 13
100 13 9
100 9 1
100 9 8
100 8 6
100 6 4
100 4 3
100 3 2
100 6 5
100 8 7
100 13 12
100 12 10
100 12 11
100 16 15
101 16 15
101 15 0
101 15 14
101 14 13
101 13 12
101 12 11
101 11 10
101 10 7
101 7 1
101 7 6
101 6 4
101 4 3
101 3 2
101 6 5
101 10 9
101 9 8
