1 14 13
1 13 4
1 4 3
1 3 2
1 2 1
1 1 0
1 13 12
1 12 11
1 11 7
1 7 6
1 6 5
1 11 10
1 10 8
1 10 9
2 17 0
2 17 16
2 16 4
2 4 3
2 3 1
2 3 2
2 16 15
2 15 5
2 15 14
2 14 6
2 14 13
2 13 8
2 8 7
2 13 12
2 12 11
2 11 10
2 10 9
3 18 17
3 17 0
3 17 16
3 16 4
3 4 3
3 3 1
3 3 2
3 16 15
3 15 6
3 6 5
3 15 14
3 14 13
3 13 12
3 12 10
3 10 9
3 9 8
3 8 7
3 12 11
4 19 1
4 1 0
4 19 18
4 18 13
4 13 7
4 7 2
4 7 6
4 6 4
4 4 3
4 6 5
4 13 12
4 12 8
4 12 11
4 11 10
4 10 9
4 18 17
4 17 15
4 15 14
4 17 16
5 16 3
5 3 1
5 1 0
5 3 2
5 16 15
5 15 4
5 15 14
5 14 5
5 14 13
5 13 8
5 8 7
5 7 6
5 13 12
5 12 11
5 11 10
5 10 9
6 19 18
6 18 14
6 14 10
6 10 9
6 9 2
6 2 1
6 1 0
6 9 8
6 8 3
6 8 7
6 7 6
6 6 4
6 6 5
6 14 13
6 13 12
6 12 11
6 18 17
6 17 15
6 17 16
7 15 2
7 2 0
7 2 1
7 15 14
7 14 13
7 13 8
7 8 7
7 7 6
7 6 5
7 5 4
7 4 3
7 13 12
7 12 11
7 11 9
7 11 10
8 15 14
8 14 0
8 14 13
8 13 12
8 12 10
8 10 9
8 9 4
8 4 1
8 4 3
8 3 2
8 9 8
8 8 7
8 7 6
8 6 5
8 12 11
9 18 16
9 16 15
9 15 14
9 14 5
9 5 2
9 2 0
9 2 1
9 5 4
9 4 3
9 14 13
9 13 8
9 8 7
9 7 6
9 13 12
9 12 9
9 12 11
9 11 10
9 18 17
10 19 0
10 19 18
10 18 14
10 14 11
10 11 3
10 3 1
10 3 2
10 11 10
10 10 9
10 9 8
10 8 6
10 6 4
10 6 5
10 8 7
10 14 13
10 13 12
10 18 17
10 17 15
10 17 16
11 14 13
11 13 0
11 13 12
11 12 3
11 3 2
11 2 1
11 12 11
11 11 10
11 10 9
11 9 7
11 7 6
11 6 4
11 6 5
11 9 8
12 16 4
12 4 0
12 4 3
12 3 1
12 3 2
12 16 15
12 15 14
12 14 13
12 13 10
12 10 9
12 9 8
12 8 5
12 8 7
12 7 6
12 13 12
12 12 11
13 18 2
13 2 0
13 2 1
13 18 17
13 17 9
13 9 5
13 5 4
13 4 3
13 9 8
13 8 6
13 8 7
13 17 16
13 16 15
13 15 10
13 15 14
13 14 11
13 14 13
13 13 12
14 18 0
14 18 17
14 17 4
14 4 1
14 4 3
14 3 2
14 17 16
14 16 11
14 11 8
14 8 7
14 7 5
14 7 6
14 11 10
14 10 9
14 16 15
14 15 14
14 14 13
14 13 12
15 17 14
15 14 13
15 13 0
15 13 12
15 12 10
15 10 8
15 8 4
15 4 3
15 3 1
15 3 2
15 8 7
15 7 6
15 6 5
15 10 9
15 12 11
15 17 16
15 16 15
16 19 7
16 7 5
16 5 4
16 4 3
16 3 0
16 3 2
16 2 1
16 7 6
16 19 18
16 18 17
16 17 15
16 15 14
16 14 12
16 12 10
16 10 9
16 9 8
16 12 11
16 14 13
16 17 16
17 19 0
17 19 18
17 18 17
17 17 14
17 14 13
17 13 12
17 12 10
17 10 9
17 9 8
17 8 7
17 7 6
17 6 5
17 5 1
17 5 4
17 4 2
17 4 3
17 12 11
17 17 16
17 16 15
18 19 17
18 17 16
18 16 15
18 15 8
18 8 7
18 7 6
18 6 3
18 3 0
18 3 2
18 2 1
18 6 5
18 5 4
18 15 14
18 14 9
18 14 13
18 13 12
18 12 11
18 11 10
18 19 18
19 14 5
19 5 0
19 5 4
19 4 3
19 3 2
19 2 1
19 14 13
19 13 7
19 7 6
19 13 12
19 12 8
19 12 11
19 11 10
19 10 9
20 14 12
20 12 11
20 11 10
20 10 5
20 5 3
20 3 2
20 2 0
20 2 1
20 5 4
20 10 9
20 9 7
20 7 6
20 9 8
20 14 13
21 18 13
21 13 12
21 12 9
21 9 6
21 6 5
21 5 2
21 2 0
21 2 1
21 5 4
21 4 3
21 9 8
21 8 7
21 12 11
21 11 10
21 18 17
21 17 14
21 17 16
21 16 15
22 15 14
22 14 0
22 14 13
22 13 12
22 12 10
22 10 1
22 10 9
22 9 7
22 7 6
22 6 5
22 5 4
22 4 2
22 4 3
22 9 8
22 12 11
23 15 14
23 14 12
23 12 11
23 11 0
23 11 10
23 10 9
23 9 8
23 8 5
23 5 1
23 5 4
23 4 2
23 4 3
23 8 7
23 7 6
23 14 13
24 17 12
24 12 11
24 11 10
24 10 9
24 9 6
24 6 4
24 4 3
24 3 2
24 2 1
24 1 0
24 6 5
24 9 8
24 8 7
24 17 16
24 16 13
24 16 15
24 15 14
25 17 2
25 2 1
25 1 0
25 17 16
25 16 15
25 15 13
25 13 11
25 11 10
25 10 9
25 9 8
25 8 6
25 6 3
25 6 5
25 5 4
25 8 7
25 13 12
25 15 14
26 18 17
26 17 15
26 15 13
26 13 12
26 12 0
26 12 11
26 11 10
26 10 8
26 8 3
26 3 1
26 3 2
26 8 7
26 7 6
26 6 5
26 5 4
26 10 9
26 15 14
26 17 16
27 15 3
27 3 0
27 3 2
27 2 1
27 15 14
27 14 13
27 13 12
27 12 11
27 11 9
27 9 8
27 8 4
27 8 7
27 7 5
27 7 6
27 11 10
28 16 15
28 15 5
28 5 4
28 4 3
28 3 0
28 3 2
28 2 1
28 15 14
28 14 13
28 13 7
28 7 6
28 13 12
28 12 11
28 11 10
28 10 8
28 10 9
29 14 0
29 14 13
29 13 12
29 12 10
29 10 8
29 8 2
29 2 1
29 8 7
29 7 5
29 5 4
29 4 3
29 7 6
29 10 9
29 12 11
30 16 15
30 15 13
30 13 0
30 13 12
30 12 11
30 11 10
30 10 9
30 9 8
30 8 7
30 7 5
30 5 2
30 2 1
30 5 4
30 4 3
30 7 6
30 15 14
31 18 17
31 17 16
31 16 1
31 1 0
31 16 15
31 15 7
31 7 6
31 6 5
31 5 4
31 4 3
31 3 2
31 15 14
31 14 8
31 14 13
31 13 9
31 13 12
31 12 10
31 12 11
32 14 12
32 12 2
32 2 1
32 1 0
32 12 11
32 11 3
32 11 10
32 10 4
32 10 9
32 9 5
32 9 8
32 8 6
32 8 7
32 14 13
33 16 14
33 14 12
33 12 11
33 11 10
33 10 9
33 9 4
33 4 2
33 2 0
33 2 1
33 4 3
33 9 8
33 8 7
33 7 6
33 6 5
33 14 13
33 16 15
34 19 13
34 13 12
34 12 11
34 11 2
34 2 0
34 2 1
34 11 10
34 10 9
34 9 3
34 9 8
34 8 7
34 7 4
34 7 6
34 6 5
34 19 18
34 18 17
34 17 16
34 16 14
34 16 15
35 18 11
35 11 9
35 9 0
35 9 8
35 8 2
35 2 1
35 8 7
35 7 6
35 6 5
35 5 4
35 4 3
35 11 10
35 18 17
35 17 16
35 16 13
35 13 12
35 16 15
35 15 14
36 15 13
36 13 12
36 12 9
36 9 8
36 8 7
36 7 2
36 2 0
36 2 1
36 7 6
36 6 3
36 6 5
36 5 4
36 12 11
36 11 10
36 15 14
37 17 16
37 16 15
37 15 13
37 13 0
37 13 12
37 12 11
37 11 1
37 11 10
37 10 6
37 6 4
37 4 3
37 3 2
37 6 5
37 10 9
37 9 7
37 9 8
37 15 14
38 14 13
38 13 6
38 6 5
38 5 3
38 3 2
38 2 1
38 1 0
38 5 4
38 13 12
38 12 11
38 11 9
38 9 7
38 9 8
38 11 10
39 19 18
39 18 16
39 16 15
39 15 13
39 13 12
39 12 11
39 11 0
39 11 10
39 10 9
39 9 7
39 7 6
39 6 3
39 3 1
39 3 2
39 6 5
39 5 4
39 9 8
39 15 14
39 18 17
40 14 1
40 1 0
40 14 13
40 13 12
40 12 11
40 11 9
40 9 8
40 8 3
40 3 2
40 8 7
40 7 4
40 7 6
40 6 5
40 11 10
41 14 9
41 9 7
41 7 1
41 1 0
41 7 6
41 6 2
41 6 5
41 5 3
41 5 4
41 9 8
41 14 13
41 13 12
41 12 10
41 12 11
42 14 13
42 13 11
42 11 10
42 10 9
42 9 3
42 3 1
42 1 0
42 3 2
42 9 8
42 8 7
42 7 4
42 7 6
42 6 5
42 13 12
43 19 1
43 1 0
43 19 18
43 18 17
43 17 16
43 16 2
43 16 15
43 15 13
43 13 6
43 6 3
43 6 5
43 5 4
43 13 12
43 12 8
43 8 7
43 12 11
43 11 10
43 10 9
43 15 14
44 16 14
44 14 13
44 13 12
44 12 6
44 6 4
44 4 1
44 1 0
44 4 3
44 3 2
44 6 5
44 12 11
44 11 10
44 10 8
44 8 7
44 10 9
44 16 15
45 18 17
45 17 9
45 9 4
45 4 3
45 3 1
45 1 0
45 3 2
45 9 8
45 8 5
45 8 7
45 7 6
45 17 16
45 16 13
45 13 11
45 11 10
45 13 12
45 16 15
45 15 14
46 18 14
46 14 13
46 13 12
46 12 0
46 12 11
46 11 3
46 3 2
46 2 1
46 11 10
46 10 5
46 5 4
46 10 9
46 9 7
46 7 6
46 9 8
46 18 17
46 17 15
46 17 16
47 18 14
47 14 13
47 13 12
47 12 11
47 11 0
47 11 10
47 10 9
47 9 8
47 8 7
47 7 6
47 6 5
47 5 2
47 2 1
47 5 4
47 4 3
47 18 17
47 17 16
47 16 15
48 14 2
48 2 0
48 2 1
48 14 13
48 13 11
48 11 10
48 10 7
48 7 4
48 4 3
48 7 6
48 6 5
48 10 9
48 9 8
48 13 12
49 19 18
49 18 17
49 17 0
49 17 16
49 16 1
49 16 15
49 15 5
49 5 2
49 5 4
49 4 3
49 15 14
49 14 11
49 11 10
49 10 7
49 7 6
49 10 9
49 9 8
49 14 13
49 13 12
50 15 7
50 7 0
50 7 6
50 6 5
50 5 3
50 3 2
50 2 1
50 5 4
50 15 14
50 14 8
50 14 13
50 13 9
50 13 12
50 12 11
50 11 10
51 19 2
51 2 0
51 2 1
51 19 18
51 18 4
51 4 3
51 18 17
51 17 14
51 14 13
51 13 12
51 12 10
51 10 7
51 7 5
51 7 6
51 10 9
51 9 8
51 12 11
51 17 16
51 16 15
52 17 15
52 15 14
52 14 13
52 13 0
52 13 12
52 12 11
52 11 7
52 7 3
52 3 2
52 2 1
52 7 6
52 6 4
52 6 5
52 11 10
52 10 9
52 9 8
52 17 16
53 14 13
53 13 12
53 12 0
53 12 11
53 11 6
53 6 5
53 5 1
53 5 4
53 4 2
53 4 3
53 11 10
53 10 9
53 9 8
53 8 7
54 15 13
54 13 0
54 13 12
54 12 8
54 8 5
54 5 3
54 3 1
54 3 2
54 5 4
54 8 7
54 7 6
54 12 11
54 11 10
54 10 9
54 15 14
55 15 7
55 7 5
55 5 0
55 5 4
55 4 3
55 3 2
55 2 1
55 7 6
55 15 14
55 14 13
55 13 8
55 13 12
55 12 10
55 10 9
55 12 11
56 16 9
56 9 1
56 1 0
56 9 8
56 8 6
56 6 5
56 5 4
56 4 2
56 4 3
56 8 7
56 16 15
56 15 14
56 14 11
56 11 10
56 14 13
56 13 12
57 16 5
57 5 4
57 4 2
57 2 1
57 1 0
57 4 3
57 16 15
57 15 14
57 14 9
57 9 8
57 8 6
57 8 7
57 14 13
57 13 12
57 12 10
57 12 11
58 15 13
58 13 12
58 12 0
58 12 11
58 11 10
58 10 1
58 10 9
58 9 8
58 8 2
58 8 7
58 7 5
58 5 4
58 4 3
58 7 6
58 15 14
59 14 5
59 5 1
59 1 0
59 5 4
59 4 3
59 3 2
59 14 13
59 13 12
59 12 11
59 11 6
59 11 10
59 10 9
59 9 8
59 8 7
60 18 12
60 12 9
60 9 6
60 6 0
60 6 5
60 5 4
60 4 1
60 4 3
60 3 2
60 9 8
60 8 7
60 12 11
60 11 10
60 18 17
60 17 16
60 16 15
60 15 13
60 15 14
61 18 1
61 1 0
61 18 17
61 17 15
61 15 13
61 13 12
61 12 3
61 3 2
61 12 11
61 11 5
61 5 4
61 11 10
61 10 9
61 9 7
61 7 6
61 9 8
61 15 14
61 17 16
62 15 14
62 14 12
62 12 0
62 12 11
62 11 9
62 9 5
62 5 3
62 3 2
62 2 1
62 5 4
62 9 8
62 8 7
62 7 6
62 11 10
62 14 13
63 18 16
63 16 13
63 13 12
63 12 11
63 11 10
63 10 9
63 9 1
63 1 0
63 9 8
63 8 7
63 7 2
63 7 6
63 6 4
63 4 3
63 6 5
63 16 15
63 15 14
63 18 17
64 17 14
64 14 0
64 14 13
64 13 11
64 11 10
64 10 1
64 10 9
64 9 7
64 7 2
64 7 6
64 6 5
64 5 3
64 5 4
64 9 8
64 13 12
64 17 16
64 16 15
65 17 16
65 16 15
65 15 10
65 10 2
65 2 0
65 2 1
65 10 9
65 9 8
65 8 3
65 8 7
65 7 6
65 6 4
65 6 5
65 15 14
65 14 13
65 13 11
65 13 12
66 16 15
66 15 12
66 12 0
66 12 11
66 11 2
66 2 1
66 11 10
66 10 3
66 10 9
66 9 6
66 6 4
66 6 5
66 9 8
66 8 7
66 15 14
66 14 13
67 14 0
67 14 13
67 13 1
67 13 12
67 12 10
67 10 2
67 10 9
67 9 6
67 6 5
67 5 4
67 4 3
67 9 8
67 8 7
67 12 11
68 14 13
68 13 11
68 11 10
68 10 6
68 6 4
68 4 3
68 3 2
68 2 1
68 1 0
68 6 5
68 10 9
68 9 8
68 8 7
68 13 12
69 15 0
69 15 14
69 14 4
69 4 3
69 3 1
69 3 2
69 14 13
69 13 5
69 13 12
69 12 9
69 9 8
69 8 6
69 8 7
69 12 11
69 11 10
70 15 12
70 12 2
70 2 0
70 2 1
70 12 11
70 11 10
70 10 9
70 9 8
70 8 7
70 7 6
70 6 4
70 4 3
70 6 5
70 15 14
70 14 13
71 19 7
71 7 5
71 5 4
71 4 1
71 1 0
71 4 3
71 3 2
71 7 6
71 19 18
71 18 15
71 15 13
71 13 12
71 12 10
71 10 8
71 10 9
71 12 11
71 15 14
71 18 17
71 17 16
72 17 16
72 16 15
72 15 11
72 11 1
72 1 0
72 11 10
72 10 9
72 9 6
72 6 5
72 5 4
72 4 2
72 4 3
72 9 8
72 8 7
72 15 14
72 14 12
72 14 13
73 15 13
73 13 8
73 8 2
73 2 1
73 1 0
73 8 7
73 7 6
73 6 4
73 4 3
73 6 5
73 13 12
73 12 9
73 12 11
73 11 10
73 15 14
74 16 1
74 1 0
74 16 15
74 15 14
74 14 13
74 13 3
74 3 2
74 13 12
74 12 10
74 10 9
74 9 8
74 8 7
74 7 5
74 5 4
74 7 6
74 12 11
75 15 14
75 14 2
75 2 0
75 2 1
75 14 13
75 13 12
75 12 10
75 10 7
75 7 6
75 6 4
75 4 3
75 6 5
75 10 9
75 9 8
75 12 11
76 18 17
76 17 15
76 15 13
76 13 12
76 12 11
76 11 1
76 1 0
76 11 10
76 10 9
76 9 7
76 7 5
76 5 4
76 4 3
76 3 2
76 7 6
76 9 8
76 15 14
76 17 16
77 14 2
77 2 0
77 2 1
77 14 13
77 13 4
77 4 3
77 13 12
77 12 11
77 11 9
77 9 8
77 8 7
77 7 5
77 7 6
77 11 10
78 14 13
78 13 12
78 12 0
78 12 11
78 11 5
78 5 2
78 2 1
78 5 4
78 4 3
78 11 10
78 10 8
78 8 7
78 7 6
78 10 9
79 15 10
79 10 2
79 2 1
79 1 0
79 10 9
79 9 5
79 5 3
79 5 4
79 9 8
79 8 6
79 8 7
79 15 14
79 14 13
79 13 12
79 12 11
80 15 0
80 15 14
80 14 4
80 4 2
80 2 1
80 4 3
80 14 13
80 13 12
80 12 7
80 7 6
80 6 5
80 12 11
80 11 10
80 10 9
80 9 8
81 18 0
81 18 17
81 17 15
81 15 5
81 5 3
81 3 1
81 3 2
81 5 4
81 15 14
81 14 13
81 13 12
81 12 11
81 11 7
81 7 6
81 11 10
81 10 9
81 9 8
81 17 16
82 14 0
82 14 13
82 13 11
82 11 10
82 10 9
82 9 4
82 4 3
82 3 2
82 2 1
82 9 8
82 8 7
82 7 5
82 7 6
82 13 12
83 16 15
83 15 2
83 2 0
83 2 1
83 15 14
83 14 13
83 13 11
83 11 5
83 5 4
83 4 3
83 11 10
83 10 9
83 9 8
83 8 7
83 7 6
83 13 12
84 16 15
84 15 0
84 15 14
84 14 13
84 13 11
84 11 10
84 10 9
84 9 2
84 2 1
84 9 8
84 8 7
84 7 5
84 5 4
84 4 3
84 7 6
84 13 12
85 15 14
85 14 13
85 13 9
85 9 4
85 4 3
85 3 0
85 3 2
85 2 1
85 9 8
85 8 7
85 7 5
85 7 6
85 13 12
85 12 11
85 11 10
86 18 17
86 17 15
86 15 7
86 7 6
86 6 2
86 2 1
86 1 0
86 6 5
86 5 3
86 5 4
86 15 14
86 14 12
86 12 8
86 12 11
86 11 10
86 10 9
86 14 13
86 17 16
87 14 9
87 9 8
87 8 3
87 3 1
87 1 0
87 3 2
87 8 7
87 7 5
87 5 4
87 7 6
87 14 13
87 13 12
87 12 10
87 12 11
88 16 0
88 16 15
88 15 13
88 13 12
88 12 1
88 12 11
88 11 6
88 6 5
88 5 4
88 4 3
88 3 2
88 11 10
88 10 8
88 8 7
88 10 9
88 15 14
89 15 14
89 14 13
89 13 12
89 12 10
89 10 2
89 2 0
89 2 1
89 10 9
89 9 6
89 6 5
89 5 3
89 5 4
89 9 8
89 8 7
89 12 11
90 16 0
90 16 15
90 15 1
90 15 14
90 14 9
90 9 8
90 8 7
90 7 3
90 3 2
90 7 6
90 6 5
90 5 4
90 14 13
90 13 12
90 12 11
90 11 10
91 15 10
91 10 9
91 9 8
91 8 7
91 7 0
91 7 6
91 6 3
91 3 2
91 2 1
91 6 5
91 5 4
91 15 14
91 14 12
91 12 11
91 14 13
92 16 14
92 14 4
92 4 2
92 2 1
92 1 0
92 4 3
92 14 13
92 13 6
92 6 5
92 13 12
92 12 11
92 11 8
92 8 7
92 11 10
92 10 9
92 16 15
93 16 9
93 9 1
93 1 0
93 9 8
93 8 7
93 7 6
93 6 3
93 3 2
93 6 5
93 5 4
93 16 15
93 15 14
93 14 12
93 12 10
93 12 11
93 14 13
94 19 0
94 19 18
94 18 17
94 17 16
94 16 4
94 4 3
94 3 1
94 3 2
94 16 15
94 15 14
94 14 13
94 13 11
94 11 10
94 10 8
94 8 7
94 7 6
94 6 5
94 10 9
94 13 12
95 14 11
95 11 10
95 10 3
95 3 2
95 2 0
95 2 1
95 10 9
95 9 8
95 8 4
95 8 7
95 7 6
95 6 5
95 14 13
95 13 12
96 16 11
96 11 1
96 1 0
96 11 10
96 10 7
96 7 6
96 6 5
96 5 4
96 4 3
96 3 2
96 10 9
96 9 8
96 16 15
96 15 12
96 15 14
96 14 13
97 16 12
97 12 11
97 11 10
97 10 6
97 6 5
97 5 2
97 2 0
97 2 1
97 5 4
97 4 3
97 10 9
97 9 8
97 8 7
97 16 15
97 15 14
97 14 13
98 14 13
98 13 2
98 2 1
98 1 0
98 13 12
98 12 9
98 9 4
98 4 3
98 9 8
98 8 7
98 7 5
98 7 6
98 12 11
98 11 10
99 16 15
99 15 13
99 13 12
99 12 11
99 11 10
99 10 9
99 9 0
99 9 8
99 8 6
99 6 5
99 5 3
99 3 1
99 3 2
99 5 4
99 8 7
99 15 14
100 19 18
100 18 1
100 1 0
100 18 17
100 17 5
100 5 4
100 4 2
100 4 3
100 17 16
100 16 14
100 14 12
100 12 11
100 11 10
100 10 8
100 8 6
100 8 7
100 10 9
100 14 13
100 16 15
101 19 14
101 14 10
101 10 7
101 7 6
101 6 1
101 1 0
101 6 5
101 5 4
101 4 2
101 4 3
101 10 9
101 9 8
101 14 13
101 13 12
101 12 11
101 19 18
101 18 17
101 17 16
101 16 15
