1 14 13
1 13 12
1 12 2
1 2 1
1 1 0
1 12 11
1 11 10
1 10 9
1 9 7
1 7 6
1 6 3
1 6 5
1 5 4
1 9 8
2 19 0
2 19 18
2 18 5
2 5 3
2 3 2
2 2 1
2 5 4
2 18 17
2 17 6
2 17 16
2 16 13
2 13 7
2 13 12
2 12 10
2 10 8
2 10 9
2 12 11
2 16 15
2 15 14
3 18 16
3 16 14
3 14 13
3 13 9
3 9 0
3 9 8
3 8 1
3 8 7
3 7 2
3 7 6
3 6 4
3 4 3
3 6 5
3 13 12
3 12 11
3 11 10
3 16 15
3 18 17
4 16 15
4 15 9
4 9 0
4 9 8
4 8 1
4 8 7
4 7 5
4 5 4
4 4 2
4 4 3
4 7 6
4 15 14
4 14 10
4 14 13
4 13 11
4 13 12
5 14 0
5 14 13
5 13 1
5 13 12
5 12 11
5 11 9
5 9 8
5 8 2
5 8 7
5 7 6
5 6 4
5 4 3
5 6 5
5 11 10
6 17 14
6 14 13
6 13 0
6 13 12
6 12 4
6 4 3
6 3 2
6 2 1
6 12 11
6 11 10
6 10 9
6 9 8
6 8 6
6 6 5
6 8 7
6 17 16
6 16 15
7 14 4
7 4 3
7 3 1
7 1 0
7 3 2
7 14 13
7 13 12
7 12 8
7 8 7
7 7 6
7 6 5
7 12 11
7 11 10
7 10 9
8 15 14
8 14 13
8 13 10
8 10 9
8 9 1
8 1 0
8 9 8
8 8 4
8 4 3
8 3 2
8 8 7
8 7 5
8 7 6
8 13 12
8 12 11
9 19 15
9 15 14
9 14 13
9 13 12
9 12 11
9 11 0
9 11 10
9 10 2
9 2 1
9 10 9
9 9 7
9 7 6
9 6 5
9 5 4
9 4 3
9 9 8
9 19 18
9 18 17
9 17 16
10 16 14
10 14 12
10 12 11
10 11 10
10 10 9
10 9 4
10 4 2
10 2 0
10 2 1
10 4 3
10 9 8
10 8 7
10 7 6
10 6 5
10 14 13
10 16 15
11 14 1
11 1 0
11 14 13
11 13 6
11 6 5
11 5 4
11 4 2
11 4 3
11 13 12
11 12 11
11 11 9
11 9 7
11 9 8
11 11 10
12 16 14
12 14 13
12 13 12
12 12 11
12 11 4
12 4 2
12 2 0
12 2 1
12 4 3
12 11 10
12 10 8
12 8 5
12 8 7
12 7 6
12 10 9
12 16 15
13 16 0
13 16 15
13 15 14
13 14 13
13 13 12
13 12 7
13 7 2
13 2 1
13 7 6
13 6 5
13 5 4
13 4 3
13 12 11
13 11 10
13 10 8
13 10 9
14 14 2
14 2 0
14 2 1
14 14 13
14 13 7
14 7 6
14 6 3
14 6 5
14 5 4
14 13 12
14 12 11
14 11 9
14 9 8
14 11 10
15 15 14
15 14 13
15 13 12
15 12 11
15 11 8
15 8 5
15 5 4
15 4 3
15 3 0
15 3 2
15 2 1
15 8 7
15 7 6
15 11 10
15 10 9
16 14 12
16 12 11
16 11 10
16 10 4
16 4 1
16 1 0
16 4 3
16 3 2
16 10 9
16 9 5
16 9 8
16 8 7
16 7 6
16 14 13
17 17 0
17 17 16
17 16 15
17 15 11
17 11 9
17 9 7
17 7 1
17 7 6
17 6 3
17 3 2
17 6 5
17 5 4
17 9 8
17 11 10
17 15 14
17 14 13
17 13 12
18 14 1
18 1 0
18 14 13
18 13 11
18 11 8
18 8 7
18 7 6
18 6 5
18 5 3
18 3 2
18 5 4
18 11 10
18 10 9
18 13 12
19 16 15
19 15 14
19 14 13
19 13 0
19 13 12
19 12 11
19 11 7
19 7 6
19 6 5
19 5 3
19 3 1
19 3 2
19 5 4
19 11 10
19 10 8
19 10 9
20 19 18
20 18 8
20 8 1
20 1 0
20 8 7
20 7 6
20 6 2
20 6 5
20 5 4
20 4 3
20 18 17
20 17 16
20 16 14
20 14 13
20 13 10
20 10 9
20 13 12
20 12 11
20 16 15
21 17 16
21 16 14
21 14 11
21 11 10
21 10 8
21 8 7
21 7 6
21 6 1
21 1 0
21 6 5
21 5 2
21 5 4
21 4 3
21 10 9
21 14 13
21 13 12
21 16 15
22 15 9
22 9 8
22 8 6
22 6 0
22 6 5
22 5 1
22 5 4
22 4 2
22 4 3
22 8 7
22 15 14
22 14 13
22 13 12
22 12 11
22 11 10
23 15 14
23 14 10
23 10 9
23 9 3
23 3 2
23 2 0
23 2 1
23 9 8
23 8 7
23 7 6
23 6 4
23 6 5
23 14 13
23 13 12
23 12 11
24 14 0
24 14 13
24 13 12
24 12 11
24 11 10
24 10 9
24 9 8
24 8 6
24 6 2
24 2 1
24 6 5
24 5 3
24 5 4
24 8 7
25 14 11
25 11 10
25 10 9
25 9 0
25 9 8
25 8 1
25 8 7
25 7 6
25 6 5
25 5 4
25 4 3
25 3 2
25 14 13
25 13 12
26 14 11
26 11 4
26 4 0
26 4 3
26 3 1
26 3 2
26 11 10
26 10 8
26 8 7
26 7 5
26 7 6
26 10 9
26 14 13
26 13 12
27 19 8
27 8 7
27 7 4
27 4 1
27 1 0
27 4 3
27 3 2
27 7 6
27 6 5
27 19 18
27 18 11
27 11 9
27 11 10
27 18 17
27 17 15
27 15 12
27 15 14
27 14 13
27 17 16
28 14 2
28 2 0
28 2 1
28 14 13
28 13 3
28 13 12
28 12 4
28 12 11
28 11 10
28 10 7
28 7 6
28 6 5
28 10 9
28 9 8
29 18 7
29 7 6
29 6 2
29 2 1
29 1 0
29 6 5
29 5 3
29 5 4
29 18 17
29 17 8
29 17 16
29 16 12
29 12 11
29 11 9
29 11 10
29 16 15
29 15 13
29 15 14
30 19 0
30 19 18
30 18 10
30 10 7
30 7 4
30 4 2
30 2 1
30 4 3
30 7 6
30 6 5
30 10 9
30 9 8
30 18 17
30 17 16
30 16 15
30 15 13
30 13 12
30 12 11
30 15 14
31 17 10
31 10 8
31 8 2
31 2 1
31 1 0
31 8 7
31 7 6
31 6 4
31 4 3
31 6 5
31 10 9
31 17 16
31 16 14
31 14 13
31 13 11
31 13 12
31 16 15
32 17 16
32 16 15
32 15 13
32 13 6
32 6 5
32 5 0
32 5 4
32 4 1
32 4 3
32 3 2
32 13 12
32 12 11
32 11 10
32 10 9
32 9 8
32 8 7
32 15 14
33 19 18
33 18 0
33 18 17
33 17 16
33 16 15
33 15 6
33 6 5
33 5 3
33 3 1
33 3 2
33 5 4
33 15 14
33 14 13
33 13 10
33 10 7
33 10 9
33 9 8
33 13 12
33 12 11
34 17 16
34 16 0
34 16 15
34 15 5
34 5 2
34 2 1
34 5 4
34 4 3
34 15 14
34 14 13
34 13 8
34 8 6
34 8 7
34 13 12
34 12 11
34 11 10
34 10 9
35 14 13
35 13 0
35 13 12
35 12 1
35 12 11
35 11 2
35 11 10
35 10 9
35 9 8
35 8 7
35 7 6
35 6 5
35 5 3
35 5 4
36 16 4
36 4 3
36 3 0
36 3 2
36 2 1
36 16 15
36 15 14
36 14 5
36 14 13
36 13 12
36 12 10
36 10 6
36 10 9
36 9 7
36 9 8
36 12 11
37 19 0
37 19 18
37 18 17
37 17 15
37 15 1
37 15 14
37 14 2
37 14 13
37 13 8
37 8 5
37 5 3
37 5 4
37 8 7
37 7 6
37 13 12
37 12 11
37 11 9
37 11 10
37 17 16
38 17 7
38 7 6
38 6 0
38 6 5
38 5 3
38 3 2
38 2 1
38 5 4
38 17 16
38 16 15
38 15 8
38 15 14
38 14 12
38 12 11
38 11 9
38 11 10
38 14 13
39 15 13
39 13 8
39 8 0
39 8 7
39 7 6
39 6 5
39 5 2
39 2 1
39 5 4
39 4 3
39 13 12
39 12 9
39 12 11
39 11 10
39 15 14
40 14 12
40 12 10
40 10 0
40 10 9
40 9 8
40 8 7
40 7 5
40 5 2
40 2 1
40 5 4
40 4 3
40 7 6
40 12 11
40 14 13
41 16 15
41 15 12
41 12 0
41 12 11
41 11 10
41 10 9
41 9 8
41 8 6
41 6 3
41 3 1
41 3 2
41 6 5
41 5 4
41 8 7
41 15 14
41 14 13
42 15 10
42 10 5
42 5 3
42 3 1
42 1 0
42 3 2
42 5 4
42 10 9
42 9 7
42 7 6
42 9 8
42 15 14
42 14 13
42 13 12
42 12 11
43 16 10
43 10 9
43 9 4
43 4 2
43 2 1
43 1 0
43 4 3
43 9 8
43 8 7
43 7 6
43 6 5
43 16 15
43 15 11
43 15 14
43 14 12
43 14 13
44 17 16
44 16 2
44 2 0
44 2 1
44 16 15
44 15 4
44 4 3
44 15 14
44 14 6
44 6 5
44 14 13
44 13 11
44 11 7
44 11 10
44 10 8
44 10 9
44 13 12
45 14 13
45 13 12
45 12 11
45 11 10
45 10 1
45 1 0
45 10 9
45 9 7
45 7 6
45 6 4
45 4 3
45 3 2
45 6 5
45 9 8
46 14 12
46 12 11
46 11 10
46 10 5
46 5 3
46 3 2
46 2 0
46 2 1
46 5 4
46 10 9
46 9 7
46 7 6
46 9 8
46 14 13
47 14 0
47 14 13
47 13 1
47 13 12
47 12 11
47 11 6
47 6 5
47 5 3
47 3 2
47 5 4
47 11 10
47 10 9
47 9 7
47 9 8
48 15 2
48 2 0
48 2 1
48 15 14
48 14 10
48 10 9
48 9 8
48 8 7
48 7 6
48 6 3
48 6 5
48 5 4
48 14 13
48 13 12
48 12 11
49 19 18
49 18 16
49 16 4
49 4 3
49 3 0
49 3 2
49 2 1
49 16 15
49 15 7
49 7 6
49 6 5
49 15 14
49 14 13
49 13 9
49 9 8
49 13 12
49 12 11
49 11 10
49 18 17
50 19 18
50 18 17
50 17 16
50 16 6
50 6 1
50 1 0
50 6 5
50 5 3
50 3 2
50 5 4
50 16 15
50 15 11
50 11 7
50 11 10
50 10 9
50 9 8
50 15 14
50 14 12
50 14 13
51 15 5
51 5 4
51 4 0
51 4 3
51 3 1
51 3 2
51 15 14
51 14 9
51 9 8
51 8 6
51 8 7
51 14 13
51 13 12
51 12 11
51 11 10
52 17 16
52 16 0
52 16 15
52 15 14
52 14 5
52 5 1
52 5 4
52 4 2
52 4 3
52 14 13
52 13 11
52 11 10
52 10 8
52 8 6
52 8 7
52 10 9
52 13 12
53 16 0
53 16 15
53 15 11
53 11 8
53 8 7
53 7 6
53 6 1
53 6 5
53 5 4
53 4 3
53 3 2
53 11 10
53 10 9
53 15 14
53 14 13
53 13 12
54 18 17
54 17 15
54 15 13
54 13 12
54 12 0
54 12 11
54 11 10
54 10 1
54 10 9
54 9 6
54 6 4
54 4 2
54 4 3
54 6 5
54 9 8
54 8 7
54 15 14
54 17 16
55 15 13
55 13 12
55 12 10
55 10 3
55 3 2
55 2 1
55 1 0
55 10 9
55 9 7
55 7 6
55 6 5
55 5 4
55 9 8
55 12 11
55 15 14
56 18 16
56 16 6
56 6 0
56 6 5
56 5 3
56 3 2
56 2 1
56 5 4
56 16 15
56 15 7
56 15 14
56 14 10
56 10 9
56 9 8
56 14 13
56 13 12
56 12 11
56 18 17
57 17 2
57 2 1
57 1 0
57 17 16
57 16 14
57 14 13
57 13 3
57 13 12
57 12 7
57 7 6
57 6 5
57 5 4
57 12 11
57 11 10
57 10 9
57 9 8
57 16 15
58 17 16
58 16 5
58 5 2
58 2 0
58 2 1
58 5 4
58 4 3
58 16 15
58 15 13
58 13 11
58 11 8
58 8 7
58 7 6
58 11 10
58 10 9
58 13 12
58 15 14
59 15 14
59 14 0
59 14 13
59 13 12
59 12 10
59 10 4
59 4 1
59 4 3
59 3 2
59 10 9
59 9 8
59 8 7
59 7 5
59 7 6
59 12 11
60 14 2
60 2 1
60 1 0
60 14 13
60 13 12
60 12 11
60 11 10
60 10 3
60 10 9
60 9 8
60 8 4
60 8 7
60 7 5
60 7 6
61 15 14
61 14 13
61 13 1
61 1 0
61 13 12
61 12 8
61 8 7
61 7 4
61 4 3
61 3 2
61 7 6
61 6 5
61 12 11
61 11 9
61 11 10
62 19 18
62 18 17
62 17 0
62 17 16
62 16 14
62 14 3
62 3 2
62 2 1
62 14 13
62 13 11
62 11 10
62 10 9
62 9 8
62 8 6
62 6 4
62 6 5
62 8 7
62 13 12
62 16 15
63 18 17
63 17 16
63 16 6
63 6 5
63 5 0
63 5 4
63 4 3
63 3 1
63 3 2
63 16 15
63 15 7
63 15 14
63 14 13
63 13 9
63 9 8
63 13 12
63 12 11
63 11 10
64 18 9
64 9 0
64 9 8
64 8 7
64 7 2
64 2 1
64 7 6
64 6 5
64 5 4
64 4 3
64 18 17
64 17 15
64 15 14
64 14 10
64 14 13
64 13 12
64 12 11
64 17 16
65 16 11
65 11 10
65 10 9
65 9 0
65 9 8
65 8 7
65 7 6
65 6 5
65 5 2
65 2 1
65 5 4
65 4 3
65 16 15
65 15 14
65 14 12
65 14 13
66 14 13
66 13 0
66 13 12
66 12 10
66 10 3
66 3 1
66 3 2
66 10 9
66 9 4
66 9 8
66 8 6
66 6 5
66 8 7
66 12 11
67 15 7
67 7 0
67 7 6
67 6 5
67 5 3
67 3 2
67 2 1
67 5 4
67 15 14
67 14 13
67 13 11
67 11 10
67 10 9
67 9 8
67 13 12
68 17 5
68 5 3
68 3 2
68 2 0
68 2 1
68 5 4
68 17 16
68 16 15
68 15 11
68 11 10
68 10 9
68 9 8
68 8 7
68 7 6
68 15 14
68 14 13
68 13 12
69 19 17
69 17 14
69 14 6
69 6 3
69 3 2
69 2 1
69 1 0
69 6 5
69 5 4
69 14 13
69 13 7
69 13 12
69 12 11
69 11 10
69 10 8
69 10 9
69 17 16
69 16 15
69 19 18
70 14 0
70 14 13
70 13 4
70 4 1
70 4 3
70 3 2
70 13 12
70 12 10
70 10 5
70 10 9
70 9 8
70 8 7
70 7 6
70 12 11
71 17 15
71 15 14
71 14 12
71 12 3
71 3 2
71 2 1
71 1 0
71 12 11
71 11 4
71 11 10
71 10 9
71 9 8
71 8 7
71 7 5
71 7 6
71 14 13
71 17 16
72 16 15
72 15 14
72 14 13
72 13 12
72 12 0
72 12 11
72 11 10
72 10 1
72 10 9
72 9 8
72 8 3
72 3 2
72 8 7
72 7 4
72 7 6
72 6 5
73 14 13
73 13 12
73 12 11
73 11 9
73 9 5
73 5 3
73 3 2
73 2 1
73 1 0
73 5 4
73 9 8
73 8 6
73 8 7
73 11 10
74 17 16
74 16 15
74 15 13
74 13 12
74 12 11
74 11 9
74 9 1
74 1 0
74 9 8
74 8 7
74 7 6
74 6 4
74 4 3
74 3 2
74 6 5
74 11 10
74 15 14
75 19 0
75 19 18
75 18 17
75 17 1
75 17 16
75 16 15
75 15 12
75 12 10
75 10 2
75 10 9
75 9 3
75 9 8
75 8 6
75 6 4
75 6 5
75 8 7
75 12 11
75 15 14
75 14 13
76 14 1
76 1 0
76 14 13
76 13 4
76 4 2
76 4 3
76 13 12
76 12 9
76 9 7
76 7 6
76 6 5
76 9 8
76 12 11
76 11 10
77 15 2
77 2 0
77 2 1
77 15 14
77 14 3
77 14 13
77 13 4
77 13 12
77 12 11
77 11 10
77 10 8
77 8 7
77 7 5
77 7 6
77 10 9
78 17 16
78 16 0
78 16 15
78 15 14
78 14 8
78 8 5
78 5 1
78 5 4
78 4 2
78 4 3
78 8 7
78 7 6
78 14 13
78 13 12
78 12 10
78 10 9
78 12 11
79 18 8
79 8 1
79 1 0
79 8 7
79 7 6
79 6 2
79 6 5
79 5 3
79 5 4
79 18 17
79 17 15
79 15 12
79 12 11
79 11 9
79 11 10
79 15 14
79 14 13
79 17 16
80 19 1
80 1 0
80 19 18
80 18 2
80 18 17
80 17 6
80 6 4
80 4 3
80 6 5
80 17 16
80 16 9
80 9 8
80 8 7
80 16 15
80 15 14
80 14 11
80 11 10
80 14 13
80 13 12
81 17 1
81 1 0
81 17 16
81 16 14
81 14 12
81 12 11
81 11 10
81 10 8
81 8 5
81 5 3
81 3 2
81 5 4
81 8 7
81 7 6
81 10 9
81 14 13
81 16 15
82 19 12
82 12 5
82 5 0
82 5 4
82 4 3
82 3 2
82 2 1
82 12 11
82 11 10
82 10 9
82 9 8
82 8 7
82 7 6
82 19 18
82 18 15
82 15 13
82 15 14
82 18 17
82 17 16
83 14 13
83 13 10
83 10 0
83 10 9
83 9 8
83 8 1
83 8 7
83 7 6
83 6 3
83 3 2
83 6 5
83 5 4
83 13 12
83 12 11
84 15 14
84 14 13
84 13 0
84 13 12
84 12 7
84 7 6
84 6 2
84 2 1
84 6 5
84 5 4
84 4 3
84 12 11
84 11 10
84 10 8
84 10 9
85 17 16
85 16 4
85 4 1
85 1 0
85 4 3
85 3 2
85 16 15
85 15 14
85 14 9
85 9 6
85 6 5
85 9 8
85 8 7
85 14 13
85 13 12
85 12 10
85 12 11
86 16 14
86 14 13
86 13 12
86 12 11
86 11 10
86 10 8
86 8 7
86 7 6
86 6 5
86 5 2
86 2 0
86 2 1
86 5 4
86 4 3
86 10 9
86 16 15
87 14 6
87 6 0
87 6 5
87 5 3
87 3 1
87 3 2
87 5 4
87 14 13
87 13 12
87 12 11
87 11 10
87 10 9
87 9 8
87 8 7
88 16 15
88 15 14
88 14 6
88 6 5
88 5 4
88 4 2
88 2 1
88 1 0
88 4 3
88 14 13
88 13 12
88 12 11
88 11 10
88 10 9
88 9 8
88 8 7
89 14 12
89 12 0
89 12 11
89 11 3
89 3 1
89 3 2
89 11 10
89 10 4
89 10 9
89 9 8
89 8 6
89 6 5
89 8 7
89 14 13
90 16 15
90 15 14
90 14 4
90 4 3
90 3 2
90 2 1
90 1 0
90 14 13
90 13 6
90 6 5
90 13 12
90 12 11
90 11 10
90 10 9
90 9 7
90 9 8
91 19 7
91 7 0
91 7 6
91 6 2
91 2 1
91 6 5
91 5 3
91 5 4
91 19 18
91 18 11
91 11 10
91 10 8
91 10 9
91 18 17
91 17 16
91 16 14
91 14 12
91 14 13
91 16 15
92 17 2
92 2 1
92 1 0
92 17 16
92 16 15
92 15 14
92 14 3
92 14 13
92 13 8
92 8 7
92 7 6
92 6 4
92 6 5
92 13 12
92 12 11
92 11 9
92 11 10
93 14 12
93 12 5
93 5 4
93 4 3
93 3 2
93 2 0
93 2 1
93 12 11
93 11 6
93 11 10
93 10 9
93 9 7
93 9 8
93 14 13
94 17 16
94 16 1
94 1 0
94 16 15
94 15 2
94 15 14
94 14 4
94 4 3
94 14 13
94 13 8
94 8 5
94 8 7
94 7 6
94 13 12
94 12 9
94 12 11
94 11 10
95 17 8
95 8 7
95 7 6
95 6 4
95 4 3
95 3 2
95 2 1
95 1 0
95 6 5
95 17 16
95 16 10
95 10 9
95 16 15
95 15 11
95 15 14
95 14 12
95 14 13
96 16 0
96 16 15
96 15 9
96 9 8
96 8 7
96 7 1
96 7 6
96 6 2
96 6 5
96 5 3
96 5 4
96 15 14
96 14 13
96 13 12
96 12 10
96 12 11
97 14 2
97 2 0
97 2 1
97 14 13
97 13 11
97 11 10
97 10 8
97 8 7
97 7 3
97 7 6
97 6 5
97 5 4
97 10 9
97 13 12
98 16 15
98 15 0
98 15 14
98 14 4
98 4 1
98 4 3
98 3 2
98 14 13
98 13 9
98 9 8
98 8 7
98 7 5
98 7 6
98 13 12
98 12 11
98 11 10
99 16 12
99 12 2
99 2 1
99 1 0
99 12 11
99 11 3
99 11 10
99 10 7
99 7 5
99 5 4
99 7 6
99 10 9
99 9 8
99 16 15
99 15 14
99 14 13
100 18 17
100 17 14
100 14 13
100 13 10
100 10 3
100 3 1
100 1 0
100 3 2
100 10 9
100 9 8
100 8 7
100 7 6
100 6 5
100 5 4
100 13 12
100 12 11
100 17 16
100 16 15
101 16 0
101 16 15
101 15 14
101 14 3
101 3 2
101 2 1
101 14 13
101 13 11
101 11 10
101 10 9
101 9 6
101 6 4
101 6 5
101 9 8
101 8 7
101 13 12
