1 15 14
1 14 13
1 13 1
1 1 0
1 13 12
1 12 10
1 10 9
1 9 8
1 8 7
1 7 3
1 3 2
1 7 6
1 6 4
1 6 5
1 12 11
2 19 11
2 11 9
2 9 7
2 7 2
2 2 1
2 1 0
2 7 6
2 6 3
2 6 5
2 5 4
2 9 8
2 11 10
2 19 18
2 18 17
2 17 15
2 15 12
2 15 14
2 14 13
2 17 16
3 15 13
3 13 11
3 11 10
3 10 9
3 9 6
3 6 0
3 6 5
3 5 1
3 5 4
3 4 2
3 4 3
3 9 8
3 8 7
3 13 12
3 15 14
4 17 16
4 16 15
4 15 1
4 1 0
4 15 14
4 14 7
4 7 6
4 6 5
4 5 4
4 4 3
4 3 2
4 14 13
4 13 8
4 13 12
4 12 11
4 11 9
4 11 10
5 14 3
5 3 2
5 2 0
5 2 1
5 14 13
5 13 10
5 10 6
5 6 5
5 5 4
5 10 9
5 9 7
5 9 8
5 13 12
5 12 11
6 16 0
6 16 15
6 15 6
6 6 5
6 5 3
6 3 2
6 2 1
6 5 4
6 15 14
6 14 10
6 10 9
6 9 8
6 8 7
6 14 13
6 13 12
6 12 11
7 19 17
7 17 16
7 16 15
7 15 2
7 2 1
7 1 0
7 15 14
7 14 12
7 12 11
7 11 10
7 10 5
7 5 3
7 5 4
7 10 9
7 9 6
7 9 8
7 8 7
7 14 13
7 19 18
8 19 0
8 19 18
8 18 17
8 17 14
8 14 12
8 12 2
8 2 1
8 12 11
8 11 10
8 10 9
8 9 3
8 9 8
8 8 5
8 5 4
8 8 7
8 7 6
8 14 13
8 17 16
8 16 15
9 17 16
9 16 15
9 15 14
9 14 8
9 8 6
9 6 5
9 5 4
9 4 3
9 3 0
9 3 2
9 2 1
9 8 7
9 14 13
9 13 9
9 13 12
9 12 10
9 12 11
10 15 14
10 14 13
10 13 0
10 13 12
10 12 10
10 10 9
10 9 2
10 2 1
10 9 8
10 8 7
10 7 6
10 6 5
10 5 3
10 5 4
10 12 11
11 14 13
11 13 7
11 7 6
11 6 5
11 5 4
11 4 1
11 1 0
11 4 3
11 3 2
11 13 12
11 12 9
11 9 8
11 12 11
11 11 10
12 15 13
12 13 0
12 13 12
12 12 1
12 12 11
12 11 8
12 8 3
12 3 2
12 8 7
12 7 4
12 7 6
12 6 5
12 11 10
12 10 9
12 15 14
13 15 14
13 14 4
13 4 1
13 1 0
13 4 3
13 3 2
13 14 13
13 13 10
13 10 6
13 6 5
13 10 9
13 9 8
13 8 7
13 13 12
13 12 11
14 16 11
14 11 0
14 11 10
14 10 8
14 8 6
14 6 5
14 5 1
14 5 4
14 4 2
14 4 3
14 8 7
14 10 9
14 16 15
14 15 13
14 13 12
14 15 14
15 17 5
15 5 1
15 1 0
15 5 4
15 4 2
15 4 3
15 17 16
15 16 15
15 15 14
15 14 8
15 8 7
15 7 6
15 14 13
15 13 10
15 10 9
15 13 12
15 12 11
16 17 13
16 13 12
16 12 10
16 10 9
16 9 8
16 8 7
16 7 0
16 7 6
16 6 3
16 3 1
16 3 2
16 6 5
16 5 4
16 12 11
16 17 16
16 16 14
16 16 15
17 18 10
17 10 2
17 2 1
17 1 0
17 10 9
17 9 8
17 8 6
17 6 3
17 6 5
17 5 4
17 8 7
17 18 17
17 17 16
17 16 15
17 15 13
17 13 11
17 13 12
17 15 14
18 15 14
18 14 13
18 13 1
18 1 0
18 13 12
18 12 11
18 11 10
18 10 9
18 9 8
18 8 7
18 7 2
18 7 6
18 6 5
18 5 3
18 5 4
19 19 18
19 18 8
19 8 7
19 7 1
19 1 0
19 7 6
19 6 5
19 5 2
19 5 4
19 4 3
19 18 17
19 17 13
19 13 11
19 11 10
19 10 9
19 13 12
19 17 16
19 16 15
19 15 14
20 14 13
20 13 4
20 4 1
20 1 0
20 4 3
20 3 2
20 13 12
20 12 11
20 11 5
20 11 10
20 10 9
20 9 8
20 8 7
20 7 6
21 19 17
21 17 16
21 16 3
21 3 1
21 1 0
21 3 2
21 16 15
21 15 14
21 14 4
21 14 13
21 13 8
21 8 7
21 7 6
21 6 5
21 13 12
21 12 11
21 11 9
21 11 10
21 19 18
22 18 17
22 17 10
22 10 9
22 9 0
22 9 8
22 8 1
22 8 7
22 7 4
22 4 2
22 4 3
22 7 6
22 6 5
22 17 16
22 16 14
22 14 13
22 13 12
22 12 11
22 16 15
23 17 16
23 16 15
23 15 1
23 1 0
23 15 14
23 14 2
23 14 13
23 13 10
23 10 9
23 9 4
23 4 3
23 9 8
23 8 7
23 7 5
23 7 6
23 13 12
23 12 11
24 16 0
24 16 15
24 15 14
24 14 13
24 13 6
24 6 3
24 3 2
24 2 1
24 6 5
24 5 4
24 13 12
24 12 8
24 8 7
24 12 11
24 11 9
24 11 10
25 14 0
25 14 13
25 13 11
25 11 9
25 9 7
25 7 6
25 6 5
25 5 4
25 4 2
25 2 1
25 4 3
25 9 8
25 11 10
25 13 12
26 15 3
26 3 2
26 2 0
26 2 1
26 15 14
26 14 4
26 14 13
26 13 5
26 13 12
26 12 11
26 11 8
26 8 6
26 8 7
26 11 10
26 10 9
27 15 13
27 13 12
27 12 2
27 2 1
27 1 0
27 12 11
27 11 8
27 8 7
27 7 5
27 5 4
27 4 3
27 7 6
27 11 10
27 10 9
27 15 14
28 18 15
28 15 14
28 14 6
28 6 5
28 5 2
28 2 1
28 1 0
28 5 4
28 4 3
28 14 13
28 13 7
28 13 12
28 12 11
28 11 10
28 10 8
28 10 9
28 18 17
28 17 16
29 16 10
29 10 9
29 9 8
29 8 7
29 7 6
29 6 1
29 1 0
29 6 5
29 5 3
29 3 2
29 5 4
29 16 15
29 15 13
29 13 11
29 13 12
29 15 14
30 18 10
30 10 3
30 3 2
30 2 0
30 2 1
30 10 9
30 9 6
30 6 4
30 6 5
30 9 8
30 8 7
30 18 17
30 17 16
30 16 11
30 16 15
30 15 13
30 13 12
30 15 14
31 19 17
31 17 2
31 2 1
31 1 0
31 17 16
31 16 14
31 14 3
31 14 13
31 13 12
31 12 4
31 12 11
31 11 10
31 10 8
31 8 6
31 6 5
31 8 7
31 10 9
31 16 15
31 19 18
32 18 12
32 12 5
32 5 3
32 3 2
32 2 0
32 2 1
32 5 4
32 12 11
32 11 10
32 10 9
32 9 8
32 8 6
32 8 7
32 18 17
32 17 14
32 14 13
32 17 16
32 16 15
33 17 16
33 16 14
33 14 7
33 7 6
33 6 4
33 4 0
33 4 3
33 3 1
33 3 2
33 6 5
33 14 13
33 13 12
33 12 8
33 12 11
33 11 10
33 10 9
33 16 15
34 14 1
34 1 0
34 14 13
34 13 12
34 12 10
34 10 9
34 9 4
34 4 3
34 3 2
34 9 8
34 8 5
34 8 7
34 7 6
34 12 11
35 18 2
35 2 0
35 2 1
35 18 17
35 17 16
35 16 15
35 15 14
35 14 13
35 13 3
35 13 12
35 12 11
35 11 9
35 9 7
35 7 4
35 7 6
35 6 5
35 9 8
35 11 10
36 16 11
36 11 4
36 4 3
36 3 1
36 1 0
36 3 2
36 11 10
36 10 5
36 10 9
36 9 8
36 8 6
36 8 7
36 16 15
36 15 12
36 15 14
36 14 13
37 15 14
37 14 1
37 1 0
37 14 13
37 13 11
37 11 3
37 3 2
37 11 10
37 10 5
37 5 4
37 10 9
37 9 8
37 8 7
37 7 6
37 13 12
38 17 0
38 17 16
38 16 11
38 11 1
38 11 10
38 10 4
38 4 3
38 3 2
38 10 9
38 9 5
38 9 8
38 8 7
38 7 6
38 16 15
38 15 14
38 14 13
38 13 12
39 17 0
39 17 16
39 16 2
39 2 1
39 16 15
39 15 3
39 15 14
39 14 10
39 10 4
39 10 9
39 9 5
39 9 8
39 8 7
39 7 6
39 14 13
39 13 12
39 12 11
40 17 10
40 10 8
40 8 0
40 8 7
40 7 1
40 7 6
40 6 4
40 4 2
40 4 3
40 6 5
40 10 9
40 17 16
40 16 11
40 16 15
40 15 14
40 14 13
40 13 12
41 14 9
41 9 6
41 6 2
41 2 1
41 1 0
41 6 5
41 5 3
41 5 4
41 9 8
41 8 7
41 14 13
41 13 11
41 11 10
41 13 12
42 16 0
42 16 15
42 15 2
42 2 1
42 15 14
42 14 10
42 10 3
42 10 9
42 9 8
42 8 5
42 5 4
42 8 7
42 7 6
42 14 13
42 13 12
42 12 11
43 14 12
43 12 7
43 7 6
43 6 5
43 5 1
43 1 0
43 5 4
43 4 3
43 3 2
43 12 11
43 11 9
43 9 8
43 11 10
43 14 13
44 19 18
44 18 16
44 16 15
44 15 14
44 14 9
44 9 2
44 2 0
44 2 1
44 9 8
44 8 3
44 8 7
44 7 6
44 6 4
44 6 5
44 14 13
44 13 11
44 11 10
44 13 12
44 18 17
45 17 15
45 15 14
45 14 0
45 14 13
45 13 10
45 10 9
45 9 8
45 8 3
45 3 2
45 2 1
45 8 7
45 7 5
45 5 4
45 7 6
45 13 12
45 12 11
45 17 16
46 16 0
46 16 15
46 15 3
46 3 2
46 2 1
46 15 14
46 14 5
46 5 4
46 14 13
46 13 8
46 8 7
46 7 6
46 13 12
46 12 9
46 12 11
46 11 10
47 19 12
47 12 11
47 11 1
47 1 0
47 11 10
47 10 9
47 9 4
47 4 3
47 3 2
47 9 8
47 8 6
47 6 5
47 8 7
47 19 18
47 18 13
47 18 17
47 17 16
47 16 15
47 15 14
48 17 11
48 11 2
48 2 0
48 2 1
48 11 10
48 10 9
48 9 8
48 8 5
48 5 4
48 4 3
48 8 7
48 7 6
48 17 16
48 16 12
48 16 15
48 15 13
48 15 14
49 17 16
49 16 15
49 15 14
49 14 1
49 1 0
49 14 13
49 13 2
49 13 12
49 12 11
49 11 6
49 6 5
49 5 3
49 5 4
49 11 10
49 10 9
49 9 7
49 9 8
50 17 16
50 16 15
50 15 4
50 4 1
50 1 0
50 4 3
50 3 2
50 15 14
50 14 5
50 14 13
50 13 11
50 11 6
50 11 10
50 10 9
50 9 7
50 9 8
50 13 12
51 18 0
51 18 17
51 17 3
51 3 1
51 3 2
51 17 16
51 16 4
51 16 15
51 15 9
51 9 5
51 9 8
51 8 7
51 7 6
51 15 14
51 14 10
51 14 13
51 13 12
51 12 11
52 16 14
52 14 7
52 7 4
52 4 3
52 3 0
52 3 2
52 2 1
52 7 6
52 6 5
52 14 13
52 13 8
52 13 12
52 12 11
52 11 9
52 11 10
52 16 15
53 16 14
53 14 12
53 12 10
53 10 1
53 1 0
53 10 9
53 9 4
53 4 2
53 4 3
53 9 8
53 8 7
53 7 6
53 6 5
53 12 11
53 14 13
53 16 15
54 17 15
54 15 13
54 13 11
54 11 9
54 9 8
54 8 7
54 7 6
54 6 5
54 5 3
54 3 2
54 2 1
54 1 0
54 5 4
54 11 10
54 13 12
54 15 14
54 17 16
55 19 14
55 14 13
55 13 5
55 5 0
55 5 4
55 4 3
55 3 1
55 3 2
55 13 12
55 12 11
55 11 6
55 11 10
55 10 9
55 9 7
55 9 8
55 19 18
55 18 17
55 17 15
55 17 16
56 18 15
56 15 0
56 15 14
56 14 1
56 14 13
56 13 5
56 5 2
56 5 4
56 4 3
56 13 12
56 12 11
56 11 10
56 10 8
56 8 6
56 8 7
56 10 9
56 18 17
56 17 16
57 19 18
57 18 16
57 16 0
57 16 15
57 15 5
57 5 4
57 4 3
57 3 2
57 2 1
57 15 14
57 14 11
57 11 6
57 11 10
57 10 8
57 8 7
57 10 9
57 14 13
57 13 12
57 18 17
58 17 15
58 15 4
58 4 1
58 1 0
58 4 3
58 3 2
58 15 14
58 14 12
58 12 8
58 8 7
58 7 6
58 6 5
58 12 11
58 11 10
58 10 9
58 14 13
58 17 16
59 17 0
59 17 16
59 16 14
59 14 13
59 13 4
59 4 1
59 4 3
59 3 2
59 13 12
59 12 6
59 6 5
59 12 11
59 11 9
59 9 7
59 9 8
59 11 10
59 16 15
60 19 18
60 18 17
60 17 16
60 16 15
60 15 2
60 2 1
60 1 0
60 15 14
60 14 13
60 13 12
60 12 10
60 10 4
60 4 3
60 10 9
60 9 6
60 6 5
60 9 8
60 8 7
60 12 11
61 19 17
61 17 3
61 3 1
61 1 0
61 3 2
61 17 16
61 16 4
61 16 15
61 15 7
61 7 5
61 7 6
61 15 14
61 14 13
61 13 12
61 12 9
61 9 8
61 12 11
61 11 10
61 19 18
62 16 1
62 1 0
62 16 15
62 15 3
62 3 2
62 15 14
62 14 8
62 8 5
62 5 4
62 8 7
62 7 6
62 14 13
62 13 12
62 12 11
62 11 9
62 11 10
63 14 2
63 2 1
63 1 0
63 14 13
63 13 10
63 10 7
63 7 5
63 5 3
63 5 4
63 7 6
63 10 9
63 9 8
63 13 12
63 12 11
64 15 14
64 14 9
64 9 8
64 8 5
64 5 4
64 4 0
64 4 3
64 3 2
64 2 1
64 8 7
64 7 6
64 14 13
64 13 10
64 13 12
64 12 11
65 17 16
65 16 1
65 1 0
65 16 15
65 15 6
65 6 5
65 5 3
65 3 2
65 5 4
65 15 14
65 14 7
65 14 13
65 13 12
65 12 10
65 10 9
65 9 8
65 12 11
66 17 0
66 17 16
66 16 14
66 14 13
66 13 9
66 9 7
66 7 6
66 6 1
66 6 5
66 5 3
66 3 2
66 5 4
66 9 8
66 13 12
66 12 11
66 11 10
66 16 15
67 19 18
67 18 17
67 17 1
67 1 0
67 17 16
67 16 2
67 16 15
67 15 13
67 13 8
67 8 6
67 6 3
67 6 5
67 5 4
67 8 7
67 13 12
67 12 11
67 11 10
67 10 9
67 15 14
68 15 14
68 14 1
68 1 0
68 14 13
68 13 12
68 12 2
68 12 11
68 11 4
68 4 3
68 11 10
68 10 9
68 9 8
68 8 5
68 8 7
68 7 6
69 17 16
69 16 8
69 8 3
69 3 2
69 2 1
69 1 0
69 8 7
69 7 4
69 7 6
69 6 5
69 16 15
69 15 11
69 11 9
69 11 10
69 15 14
69 14 13
69 13 12
70 18 17
70 17 14
70 14 0
70 14 13
70 13 12
70 12 11
70 11 3
70 3 2
70 2 1
70 11 10
70 10 7
70 7 4
70 7 6
70 6 5
70 10 9
70 9 8
70 17 16
70 16 15
71 16 14
71 14 13
71 13 11
71 11 10
71 10 9
71 9 8
71 8 0
71 8 7
71 7 3
71 3 1
71 3 2
71 7 6
71 6 4
71 6 5
71 13 12
71 16 15
72 14 12
72 12 9
72 9 7
72 7 4
72 4 1
72 1 0
72 4 3
72 3 2
72 7 6
72 6 5
72 9 8
72 12 11
72 11 10
72 14 13
73 15 1
73 1 0
73 15 14
73 14 13
73 13 9
73 9 8
73 8 7
73 7 6
73 6 4
73 4 3
73 3 2
73 6 5
73 13 12
73 12 11
73 11 10
74 17 13
74 13 11
74 11 10
74 10 9
74 9 1
74 1 0
74 9 8
74 8 2
74 8 7
74 7 3
74 7 6
74 6 4
74 6 5
74 13 12
74 17 16
74 16 14
74 16 15
75 18 17
75 17 16
75 16 9
75 9 1
75 1 0
75 9 8
75 8 5
75 5 4
75 4 2
75 4 3
75 8 7
75 7 6
75 16 15
75 15 13
75 13 12
75 12 10
75 12 11
75 15 14
76 16 15
76 15 13
76 13 0
76 13 12
76 12 5
76 5 3
76 3 2
76 2 1
76 5 4
76 12 11
76 11 10
76 10 8
76 8 6
76 8 7
76 10 9
76 15 14
77 18 9
77 9 2
77 2 1
77 1 0
77 9 8
77 8 7
77 7 4
77 4 3
77 7 6
77 6 5
77 18 17
77 17 12
77 12 10
77 12 11
77 17 16
77 16 15
77 15 13
77 15 14
78 15 14
78 14 8
78 8 6
78 6 5
78 5 4
78 4 3
78 3 0
78 3 2
78 2 1
78 8 7
78 14 13
78 13 12
78 12 9
78 12 11
78 11 10
79 16 1
79 1 0
79 16 15
79 15 14
79 14 13
79 13 4
79 4 2
79 4 3
79 13 12
79 12 10
79 10 7
79 7 5
79 7 6
79 10 9
79 9 8
79 12 11
80 16 0
80 16 15
80 15 14
80 14 13
80 13 10
80 10 7
80 7 1
80 7 6
80 6 4
80 4 3
80 3 2
80 6 5
80 10 9
80 9 8
80 13 12
80 12 11
81 17 16
81 16 15
81 15 14
81 14 5
81 5 3
81 3 1
81 1 0
81 3 2
81 5 4
81 14 13
81 13 6
81 13 12
81 12 7
81 12 11
81 11 9
81 9 8
81 11 10
82 19 18
82 18 13
82 13 4
82 4 3
82 3 2
82 2 1
82 1 0
82 13 12
82 12 8
82 8 5
82 8 7
82 7 6
82 12 11
82 11 9
82 11 10
82 18 17
82 17 16
82 16 15
82 15 14
83 18 17
83 17 0
83 17 16
83 16 9
83 9 2
83 2 1
83 9 8
83 8 5
83 5 3
83 5 4
83 8 7
83 7 6
83 16 15
83 15 13
83 13 12
83 12 11
83 11 10
83 15 14
84 19 18
84 18 16
84 16 14
84 14 12
84 12 7
84 7 0
84 7 6
84 6 3
84 3 1
84 3 2
84 6 5
84 5 4
84 12 11
84 11 9
84 9 8
84 11 10
84 14 13
84 16 15
84 18 17
85 15 0
85 15 14
85 14 1
85 14 13
85 13 2
85 13 12
85 12 5
85 5 4
85 4 3
85 12 11
85 11 9
85 9 6
85 9 8
85 8 7
85 11 10
86 16 15
86 15 14
86 14 12
86 12 0
86 12 11
86 11 1
86 11 10
86 10 8
86 8 7
86 7 6
86 6 3
86 3 2
86 6 5
86 5 4
86 10 9
86 14 13
87 18 7
87 7 5
87 5 3
87 3 2
87 2 1
87 1 0
87 5 4
87 7 6
87 18 17
87 17 16
87 16 14
87 14 13
87 13 11
87 11 10
87 10 9
87 9 8
87 13 12
87 16 15
88 16 15
88 15 14
88 14 13
88 13 0
88 13 12
88 12 11
88 11 10
88 10 4
88 4 2
88 2 1
88 4 3
88 10 9
88 9 8
88 8 5
88 8 7
88 7 6
89 14 13
89 13 11
89 11 10
89 10 9
89 9 8
89 8 7
89 7 2
89 2 1
89 1 0
89 7 6
89 6 4
89 4 3
89 6 5
89 13 12
90 19 15
90 15 13
90 13 11
90 11 9
90 9 8
90 8 7
90 7 5
90 5 4
90 4 3
90 3 1
90 1 0
90 3 2
90 7 6
90 11 10
90 13 12
90 15 14
90 19 18
90 18 17
90 17 16
91 14 0
91 14 13
91 13 11
91 11 8
91 8 6
91 6 1
91 6 5
91 5 4
91 4 2
91 4 3
91 8 7
91 11 10
91 10 9
91 13 12
92 14 6
92 6 4
92 4 3
92 3 2
92 2 0
92 2 1
92 6 5
92 14 13
92 13 12
92 12 10
92 10 9
92 9 7
92 9 8
92 12 11
93 14 13
93 13 4
93 4 3
93 3 2
93 2 1
93 1 0
93 13 12
93 12 11
93 11 5
93 11 10
93 10 7
93 7 6
93 10 9
93 9 8
94 19 1
94 1 0
94 19 18
94 18 2
94 18 17
94 17 4
94 4 3
94 17 16
94 16 15
94 15 14
94 14 13
94 13 11
94 11 9
94 9 7
94 7 5
94 7 6
94 9 8
94 11 10
94 13 12
95 17 14
95 14 12
95 12 7
95 7 5
95 5 4
95 4 1
95 1 0
95 4 3
95 3 2
95 7 6
95 12 11
95 11 8
95 11 10
95 10 9
95 14 13
95 17 16
95 16 15
96 17 16
96 16 7
96 7 0
96 7 6
96 6 2
96 2 1
96 6 5
96 5 4
96 4 3
96 16 15
96 15 10
96 10 8
96 10 9
96 15 14
96 14 11
96 14 13
96 13 12
97 17 10
97 10 9
97 9 1
97 1 0
97 9 8
97 8 7
97 7 4
97 4 2
97 4 3
97 7 6
97 6 5
97 17 16
97 16 15
97 15 14
97 14 13
97 13 11
97 13 12
98 17 3
98 3 0
98 3 2
98 2 1
98 17 16
98 16 15
98 15 9
98 9 8
98 8 7
98 7 5
98 5 4
98 7 6
98 15 14
98 14 10
98 14 13
98 13 11
98 13 12
99 14 13
99 13 12
99 12 11
99 11 10
99 10 9
99 9 0
99 9 8
99 8 6
99 6 4
99 4 1
99 4 3
99 3 2
99 6 5
99 8 7
100 18 16
100 16 0
100 16 15
100 15 7
100 7 3
100 3 2
100 2 1
100 7 6
100 6 4
100 6 5
100 15 14
100 14 8
100 14 13
100 13 12
100 12 11
100 11 10
100 10 9
100 18 17
101 19 18
101 18 16
101 16 14
101 14 13
101 13 12
101 12 9
101 9 1
101 1 0
101 9 8
101 8 2
101 8 7
101 7 3
101 7 6
101 6 5
101 5 4
101 12 11
101 11 10
101 16 15
101 18 17
