1 15 12
1 12 0
1 12 11
1 11 9
1 9 7
1 7 4
1 4 2
1 2 1
1 4 3
1 7 6
1 6 5
1 9 8
1 11 10
1 15 14
1 14 13
2 15 0
2 15 14
2 14 13
2 13 3
2 3 2
2 2 1
2 13 12
2 12 5
2 5 4
2 12 11
2 11 10
2 10 6
2 10 9
2 9 8
2 8 7
3 16 15
3 15 9
3 9 7
3 7 0
3 7 6
3 6 5
3 5 1
3 5 4
3 4 3
3 3 2
3 9 8
3 15 14
3 14 13
3 13 11
3 11 10
3 13 12
4 16 1
4 1 0
4 16 15
4 15 12
4 12 10
4 10 3
4 3 2
4 10 9
4 9 7
4 7 6
4 6 5
4 5 4
4 9 8
4 12 11
4 15 14
4 14 13
5 17 13
5 13 12
5 12 1
5 1 0
5 12 11
5 11 9
5 9 8
5 8 2
5 8 7
5 7 4
5 4 3
5 7 6
5 6 5
5 11 10
5 17 16
5 16 15
5 15 14
6 18 16
6 16 0
6 16 15
6 15 14
6 14 1
6 14 13
6 13 3
6 3 2
6 13 12
6 12 11
6 11 9
6 9 7
6 7 6
6 6 4
6 6 5
6 9 8
6 11 10
6 18 17
7 19 1
7 1 0
7 19 18
7 18 17
7 17 16
7 16 2
7 16 15
7 15 8
7 8 7
7 7 6
7 6 5
7 5 3
7 5 4
7 15 14
7 14 12
7 12 10
7 10 9
7 12 11
7 14 13
8 19 18
8 18 16
8 16 15
8 15 14
8 14 0
8 14 13
8 13 1
8 13 12
8 12 10
8 10 6
8 6 5
8 5 4
8 4 2
8 4 3
8 10 9
8 9 8
8 8 7
8 12 11
8 18 17
9 15 13
9 13 8
9 8 7
9 7 5
9 5 0
9 5 4
9 4 3
9 3 1
9 3 2
9 7 6
9 13 12
9 12 11
9 11 9
9 11 10
9 15 14
10 19 0
10 19 18
10 18 8
10 8 4
10 4 3
10 3 2
10 2 1
10 8 7
10 7 6
10 6 5
10 18 17
10 17 16
10 16 14
10 14 13
10 13 11
10 11 10
10 10 9
10 13 12
10 16 15
11 17 12
11 12 11
11 11 0
11 11 10
11 10 6
11 6 4
11 4 3
11 3 1
11 3 2
11 6 5
11 10 9
11 9 8
11 8 7
11 17 16
11 16 14
11 14 13
11 16 15
12 15 14
12 14 13
12 13 12
12 12 11
12 11 0
12 11 10
12 10 2
12 2 1
12 10 9
12 9 3
12 9 8
12 8 6
12 6 4
12 6 5
12 8 7
13 19 0
13 19 18
13 18 17
13 17 16
13 16 14
13 14 1
13 14 13
13 13 11
13 11 10
13 10 2
13 10 9
13 9 8
13 8 5
13 5 4
13 4 3
13 8 7
13 7 6
13 13 12
13 16 15
14 16 15
14 15 11
14 11 0
14 11 10
14 10 8
14 8 7
14 7 6
14 6 5
14 5 4
14 4 3
14 3 1
14 3 2
14 10 9
14 15 14
14 14 13
14 13 12
15 15 0
15 15 14
15 14 13
15 13 12
15 12 11
15 11 3
15 3 1
15 3 2
15 11 10
15 10 8
15 8 7
15 7 4
15 7 6
15 6 5
15 10 9
16 17 16
16 16 15
16 15 7
16 7 5
16 5 3
16 3 0
16 3 2
16 2 1
16 5 4
16 7 6
16 15 14
16 14 8
16 14 13
16 13 9
16 13 12
16 12 11
16 11 10
17 19 0
17 19 18
17 18 10
17 10 9
17 9 7
17 7 6
17 6 3
17 3 2
17 2 1
17 6 5
17 5 4
17 9 8
17 18 17
17 17 16
17 16 15
17 15 14
17 14 13
17 13 12
17 12 11
18 18 2
18 2 1
18 1 0
18 18 17
18 17 13
18 13 12
18 12 11
18 11 10
18 10 5
18 5 3
18 5 4
18 10 9
18 9 7
18 7 6
18 9 8
18 17 16
18 16 14
18 16 15
19 17 0
19 17 16
19 16 15
19 15 14
19 14 2
19 2 1
19 14 13
19 13 4
19 4 3
19 13 12
19 12 11
19 11 6
19 6 5
19 11 10
19 10 8
19 8 7
19 10 9
20 15 13
20 13 12
20 12 0
20 12 11
20 11 9
20 9 1
20 9 8
20 8 2
20 8 7
20 7 4
20 4 3
20 7 6
20 6 5
20 11 10
20 15 14
21 19 18
21 18 15
21 15 14
21 14 7
21 7 6
21 6 3
21 3 0
21 3 2
21 2 1
21 6 5
21 5 4
21 14 13
21 13 11
21 11 9
21 9 8
21 11 10
21 13 12
21 18 17
21 17 16
22 17 16
22 16 15
22 15 13
22 13 12
22 12 11
22 11 0
22 11 10
22 10 8
22 8 6
22 6 5
22 5 4
22 4 2
22 2 1
22 4 3
22 8 7
22 10 9
22 15 14
23 14 9
23 9 0
23 9 8
23 8 6
23 6 5
23 5 4
23 4 1
23 4 3
23 3 2
23 8 7
23 14 13
23 13 11
23 11 10
23 13 12
24 18 0
24 18 17
24 17 16
24 16 2
24 2 1
24 16 15
24 15 14
24 14 5
24 5 3
24 5 4
24 14 13
24 13 9
24 9 7
24 7 6
24 9 8
24 13 12
24 12 10
24 12 11
25 16 2
25 2 0
25 2 1
25 16 15
25 15 14
25 14 12
25 12 3
25 12 11
25 11 7
25 7 6
25 6 5
25 5 4
25 11 10
25 10 9
25 9 8
25 14 13
26 16 15
26 15 9
26 9 8
26 8 5
26 5 3
26 3 0
26 3 2
26 2 1
26 5 4
26 8 7
26 7 6
26 15 14
26 14 10
26 14 13
26 13 11
26 13 12
27 15 0
27 15 14
27 14 11
27 11 1
27 11 10
27 10 6
27 6 3
27 3 2
27 6 5
27 5 4
27 10 9
27 9 7
27 9 8
27 14 13
27 13 12
28 19 16
28 16 14
28 14 7
28 7 5
28 5 3
28 3 2
28 2 1
28 1 0
28 5 4
28 7 6
28 14 13
28 13 10
28 10 8
28 10 9
28 13 12
28 12 11
28 16 15
28 19 18
28 18 17
29 17 5
29 5 4
29 4 2
29 2 1
29 1 0
29 4 3
29 17 16
29 16 15
29 15 6
29 15 14
29 14 13
29 13 11
29 11 9
29 9 8
29 8 7
29 11 10
29 13 12
30 14 12
30 12 2
30 2 0
30 2 1
30 12 11
30 11 3
30 11 10
30 10 4
30 10 9
30 9 5
30 9 8
30 8 6
30 8 7
30 14 13
31 16 15
31 15 14
31 14 12
31 12 2
31 2 0
31 2 1
31 12 11
31 11 10
31 10 8
31 8 3
31 8 7
31 7 6
31 6 4
31 6 5
31 10 9
31 14 13
32 17 7
32 7 6
32 6 3
32 3 0
32 3 2
32 2 1
32 6 5
32 5 4
32 17 16
32 16 8
32 16 15
32 15 9
32 15 14
32 14 13
32 13 12
32 12 11
32 11 10
33 18 16
33 16 15
33 15 8
33 8 7
33 7 3
33 3 1
33 1 0
33 3 2
33 7 6
33 6 5
33 5 4
33 15 14
33 14 12
33 12 11
33 11 9
33 11 10
33 14 13
33 18 17
34 15 12
34 12 11
34 11 10
34 10 9
34 9 0
34 9 8
34 8 7
34 7 5
34 5 1
34 5 4
34 4 2
34 4 3
34 7 6
34 15 14
34 14 13
35 17 16
35 16 5
35 5 1
35 1 0
35 5 4
35 4 3
35 3 2
35 16 15
35 15 6
35 15 14
35 14 8
35 8 7
35 14 13
35 13 10
35 10 9
35 13 12
35 12 11
36 15 2
36 2 0
36 2 1
36 15 14
36 14 4
36 4 3
36 14 13
36 13 10
36 10 9
36 9 8
36 8 6
36 6 5
36 8 7
36 13 12
36 12 11
37 18 17
37 17 15
37 15 7
37 7 4
37 4 0
37 4 3
37 3 1
37 3 2
37 7 6
37 6 5
37 15 14
37 14 9
37 9 8
37 14 13
37 13 11
37 11 10
37 13 12
37 17 16
38 15 11
38 11 4
38 4 3
38 3 2
38 2 0
38 2 1
38 11 10
38 10 8
38 8 7
38 7 6
38 6 5
38 10 9
38 15 14
38 14 13
38 13 12
39 15 11
39 11 10
39 10 6
39 6 5
39 5 3
39 3 1
39 1 0
39 3 2
39 5 4
39 10 9
39 9 7
39 9 8
39 15 14
39 14 13
39 13 12
40 17 15
40 15 14
40 14 11
40 11 6
40 6 4
40 4 0
40 4 3
40 3 1
40 3 2
40 6 5
40 11 10
40 10 8
40 8 7
40 10 9
40 14 13
40 13 12
40 17 16
41 15 3
41 3 0
41 3 2
41 2 1
41 15 14
41 14 13
41 13 12
41 12 11
41 11 10
41 10 9
41 9 8
41 8 7
41 7 6
41 6 4
41 6 5
42 17 0
42 17 16
42 16 2
42 2 1
42 16 15
42 15 3
42 15 14
42 14 4
42 14 13
42 13 11
42 11 5
42 11 10
42 10 8
42 8 6
42 8 7
42 10 9
42 13 12
43 16 14
43 14 0
43 14 13
43 13 7
43 7 6
43 6 4
43 4 3
43 3 2
43 2 1
43 6 5
43 13 12
43 12 11
43 11 10
43 10 8
43 10 9
43 16 15
44 15 10
44 10 5
44 5 4
44 4 2
44 2 0
44 2 1
44 4 3
44 10 9
44 9 7
44 7 6
44 9 8
44 15 14
44 14 13
44 13 12
44 12 11
45 16 5
45 5 2
45 2 0
45 2 1
45 5 4
45 4 3
45 16 15
45 15 7
45 7 6
45 15 14
45 14 9
45 9 8
45 14 13
45 13 10
45 13 12
45 12 11
46 15 9
46 9 5
46 5 0
46 5 4
46 4 3
46 3 2
46 2 1
46 9 8
46 8 7
46 7 6
46 15 14
46 14 13
46 13 10
46 13 12
46 12 11
47 15 14
47 14 13
47 13 11
47 11 10
47 10 8
47 8 7
47 7 5
47 5 3
47 3 2
47 2 1
47 1 0
47 5 4
47 7 6
47 10 9
47 13 12
48 19 16
48 16 14
48 14 2
48 2 0
48 2 1
48 14 13
48 13 11
48 11 9
48 9 7
48 7 6
48 6 5
48 5 4
48 4 3
48 9 8
48 11 10
48 13 12
48 16 15
48 19 18
48 18 17
49 14 11
49 11 0
49 11 10
49 10 1
49 10 9
49 9 7
49 7 2
49 7 6
49 6 3
49 6 5
49 5 4
49 9 8
49 14 13
49 13 12
50 16 11
50 11 10
50 10 8
50 8 4
50 4 3
50 3 0
50 3 2
50 2 1
50 8 7
50 7 6
50 6 5
50 10 9
50 16 15
50 15 12
50 15 14
50 14 13
51 18 16
51 16 2
51 2 0
51 2 1
51 16 15
51 15 14
51 14 13
51 13 12
51 12 8
51 8 3
51 8 7
51 7 6
51 6 5
51 5 4
51 12 11
51 11 9
51 11 10
51 18 17
52 16 15
52 15 14
52 14 7
52 7 5
52 5 1
52 1 0
52 5 4
52 4 2
52 4 3
52 7 6
52 14 13
52 13 12
52 12 9
52 9 8
52 12 11
52 11 10
53 14 7
53 7 5
53 5 4
53 4 2
53 2 0
53 2 1
53 4 3
53 7 6
53 14 13
53 13 11
53 11 8
53 11 10
53 10 9
53 13 12
54 15 7
54 7 0
54 7 6
54 6 1
54 6 5
54 5 4
54 4 3
54 3 2
54 15 14
54 14 11
54 11 10
54 10 9
54 9 8
54 14 13
54 13 12
55 14 13
55 13 12
55 12 8
55 8 2
55 2 1
55 1 0
55 8 7
55 7 6
55 6 5
55 5 4
55 4 3
55 12 11
55 11 9
55 11 10
56 18 0
56 18 17
56 17 1
56 17 16
56 16 10
56 10 8
56 8 7
56 7 2
56 7 6
56 6 4
56 4 3
56 6 5
56 10 9
56 16 15
56 15 14
56 14 12
56 12 11
56 14 13
57 18 16
57 16 14
57 14 12
57 12 10
57 10 9
57 9 5
57 5 0
57 5 4
57 4 1
57 4 3
57 3 2
57 9 8
57 8 6
57 8 7
57 12 11
57 14 13
57 16 15
57 18 17
58 15 14
58 14 12
58 12 10
58 10 3
58 3 0
58 3 2
58 2 1
58 10 9
58 9 6
58 6 5
58 5 4
58 9 8
58 8 7
58 12 11
58 14 13
59 14 0
59 14 13
59 13 1
59 13 12
59 12 10
59 10 8
59 8 4
59 4 3
59 3 2
59 8 7
59 7 6
59 6 5
59 10 9
59 12 11
60 15 7
60 7 3
60 3 1
60 1 0
60 3 2
60 7 6
60 6 4
60 6 5
60 15 14
60 14 8
60 14 13
60 13 12
60 12 10
60 10 9
60 12 11
61 17 6
61 6 5
61 5 3
61 3 2
61 2 1
61 1 0
61 5 4
61 17 16
61 16 15
61 15 7
61 15 14
61 14 8
61 14 13
61 13 9
61 13 12
61 12 11
61 11 10
62 18 1
62 1 0
62 18 17
62 17 16
62 16 15
62 15 14
62 14 11
62 11 10
62 10 2
62 10 9
62 9 8
62 8 7
62 7 4
62 4 3
62 7 6
62 6 5
62 14 13
62 13 12
63 16 15
63 15 14
63 14 13
63 13 12
63 12 10
63 10 7
63 7 3
63 3 2
63 2 0
63 2 1
63 7 6
63 6 4
63 6 5
63 10 9
63 9 8
63 12 11
64 16 15
64 15 0
64 15 14
64 14 2
64 2 1
64 14 13
64 13 3
64 13 12
64 12 7
64 7 4
64 7 6
64 6 5
64 12 11
64 11 10
64 10 8
64 10 9
65 18 0
65 18 17
65 17 15
65 15 14
65 14 2
65 2 1
65 14 13
65 13 12
65 12 6
65 6 5
65 5 4
65 4 3
65 12 11
65 11 7
65 11 10
65 10 9
65 9 8
65 17 16
66 19 18
66 18 17
66 17 5
66 5 4
66 4 3
66 3 2
66 2 0
66 2 1
66 17 16
66 16 11
66 11 10
66 10 8
66 8 6
66 8 7
66 10 9
66 16 15
66 15 14
66 14 13
66 13 12
67 14 13
67 13 10
67 10 9
67 9 8
67 8 7
67 7 0
67 7 6
67 6 5
67 5 1
67 5 4
67 4 3
67 3 2
67 13 12
67 12 11
68 16 15
68 15 13
68 13 2
68 2 1
68 1 0
68 13 12
68 12 11
68 11 9
68 9 8
68 8 6
68 6 4
68 4 3
68 6 5
68 8 7
68 11 10
68 15 14
69 16 2
69 2 1
69 1 0
69 16 15
69 15 14
69 14 6
69 6 3
69 6 5
69 5 4
69 14 13
69 13 7
69 13 12
69 12 11
69 11 9
69 9 8
69 11 10
70 16 14
70 14 2
70 2 1
70 1 0
70 14 13
70 13 9
70 9 8
70 8 7
70 7 4
70 4 3
70 7 6
70 6 5
70 13 12
70 12 11
70 11 10
70 16 15
71 15 14
71 14 0
71 14 13
71 13 10
71 10 9
71 9 5
71 5 4
71 4 1
71 4 3
71 3 2
71 9 8
71 8 6
71 8 7
71 13 12
71 12 11
72 17 0
72 17 16
72 16 14
72 14 12
72 12 10
72 10 9
72 9 1
72 9 8
72 8 2
72 8 7
72 7 6
72 6 5
72 5 3
72 5 4
72 12 11
72 14 13
72 16 15
73 18 13
73 13 1
73 1 0
73 13 12
73 12 5
73 5 4
73 4 3
73 3 2
73 12 11
73 11 9
73 9 8
73 8 6
73 8 7
73 11 10
73 18 17
73 17 15
73 15 14
73 17 16
74 16 15
74 15 0
74 15 14
74 14 11
74 11 9
74 9 3
74 3 1
74 3 2
74 9 8
74 8 7
74 7 4
74 7 6
74 6 5
74 11 10
74 14 13
74 13 12
75 15 2
75 2 0
75 2 1
75 15 14
75 14 3
75 14 13
75 13 6
75 6 4
75 6 5
75 13 12
75 12 10
75 10 9
75 9 7
75 9 8
75 12 11
76 15 8
76 8 5
76 5 2
76 2 0
76 2 1
76 5 4
76 4 3
76 8 7
76 7 6
76 15 14
76 14 12
76 12 11
76 11 10
76 10 9
76 14 13
77 16 15
77 15 13
77 13 12
77 12 0
77 12 11
77 11 9
77 9 8
77 8 1
77 8 7
77 7 5
77 5 3
77 3 2
77 5 4
77 7 6
77 11 10
77 15 14
78 14 12
78 12 11
78 11 8
78 8 6
78 6 5
78 5 0
78 5 4
78 4 2
78 2 1
78 4 3
78 8 7
78 11 10
78 10 9
78 14 13
79 19 18
79 18 17
79 17 0
79 17 16
79 16 1
79 16 15
79 15 14
79 14 13
79 13 3
79 3 2
79 13 12
79 12 11
79 11 10
79 10 9
79 9 5
79 5 4
79 9 8
79 8 6
79 8 7
80 17 15
80 15 14
80 14 0
80 14 13
80 13 1
80 13 12
80 12 10
80 10 2
80 10 9
80 9 3
80 9 8
80 8 7
80 7 5
80 5 4
80 7 6
80 12 11
80 17 16
81 14 6
81 6 5
81 5 4
81 4 0
81 4 3
81 3 2
81 2 1
81 14 13
81 13 8
81 8 7
81 13 12
81 12 9
81 12 11
81 11 10
82 18 17
82 17 8
82 8 7
82 7 6
82 6 5
82 5 4
82 4 2
82 2 1
82 1 0
82 4 3
82 17 16
82 16 9
82 16 15
82 15 11
82 11 10
82 15 14
82 14 13
82 13 12
83 17 16
83 16 6
83 6 5
83 5 3
83 3 2
83 2 0
83 2 1
83 5 4
83 16 15
83 15 14
83 14 10
83 10 7
83 10 9
83 9 8
83 14 13
83 13 12
83 12 11
84 14 5
84 5 4
84 4 3
84 3 2
84 2 1
84 1 0
84 14 13
84 13 12
84 12 10
84 10 9
84 9 8
84 8 7
84 7 6
84 12 11
85 19 10
85 10 9
85 9 8
85 8 0
85 8 7
85 7 5
85 5 1
85 5 4
85 4 2
85 4 3
85 7 6
85 19 18
85 18 17
85 17 14
85 14 13
85 13 11
85 13 12
85 17 16
85 16 15
86 19 0
86 19 18
86 18 1
86 18 17
86 17 2
86 17 16
86 16 12
86 12 11
86 11 8
86 8 5
86 5 3
86 5 4
86 8 7
86 7 6
86 11 10
86 10 9
86 16 15
86 15 13
86 15 14
87 17 0
87 17 16
87 16 9
87 9 1
87 9 8
87 8 6
87 6 5
87 5 3
87 3 2
87 5 4
87 8 7
87 16 15
87 15 10
87 15 14
87 14 13
87 13 12
87 12 11
88 15 5
88 5 4
88 4 3
88 3 2
88 2 1
88 1 0
88 15 14
88 14 6
88 14 13
88 13 8
88 8 7
88 13 12
88 12 9
88 12 11
88 11 10
89 14 13
89 13 1
89 1 0
89 13 12
89 12 11
89 11 2
89 11 10
89 10 9
89 9 7
89 7 6
89 6 3
89 6 5
89 5 4
89 9 8
90 16 1
90 1 0
90 16 15
90 15 9
90 9 3
90 3 2
90 9 8
90 8 4
90 8 7
90 7 6
90 6 5
90 15 14
90 14 13
90 13 12
90 12 10
90 12 11
91 19 18
91 18 17
91 17 2
91 2 1
91 1 0
91 17 16
91 16 13
91 13 5
91 5 3
91 5 4
91 13 12
91 12 11
91 11 10
91 10 8
91 8 6
91 8 7
91 10 9
91 16 15
91 15 14
92 16 15
92 15 14
92 14 0
92 14 13
92 13 9
92 9 8
92 8 3
92 3 2
92 2 1
92 8 7
92 7 5
92 5 4
92 7 6
92 13 12
92 12 11
92 11 10
93 19 5
93 5 4
93 4 0
93 4 3
93 3 1
93 3 2
93 19 18
93 18 13
93 13 11
93 11 7
93 7 6
93 11 10
93 10 8
93 10 9
93 13 12
93 18 17
93 17 16
93 16 15
93 15 14
94 18 17
94 17 15
94 15 14
94 14 0
94 14 13
94 13 12
94 12 11
94 11 10
94 10 1
94 10 9
94 9 8
94 8 6
94 6 4
94 4 2
94 4 3
94 6 5
94 8 7
94 17 16
95 14 5
95 5 0
95 5 4
95 4 1
95 4 3
95 3 2
95 14 13
95 13 8
95 8 6
95 8 7
95 13 12
95 12 11
95 11 10
95 10 9
96 18 9
96 9 5
96 5 1
96 1 0
96 5 4
96 4 2
96 4 3
96 9 8
96 8 7
96 7 6
96 18 17
96 17 13
96 13 12
96 12 10
96 12 11
96 17 16
96 16 15
96 15 14
97 14 13
97 13 12
97 12 10
97 10 9
97 9 8
97 8 4
97 4 2
97 2 1
97 1 0
97 4 3
97 8 7
97 7 5
97 7 6
97 12 11
98 16 8
98 8 4
98 4 0
98 4 3
98 3 1
98 3 2
98 8 7
98 7 5
98 7 6
98 16 15
98 15 14
98 14 10
98 10 9
98 14 13
98 13 11
98 13 12
99 16 12
99 12 10
99 10 9
99 9 1
99 1 0
99 9 8
99 8 6
99 6 5
99 5 2
99 5 4
99 4 3
99 8 7
99 12 11
99 16 15
99 15 14
99 14 13
100 14 0
100 14 13
100 13 11
100 11 1
100 11 10
100 10 9
100 9 7
100 7 5
100 5 2
100 5 4
100 4 3
100 7 6
100 9 8
100 13 12
101 17 14
101 14 13
101 13 12
101 12 11
101 11 6
101 6 4
101 4 3
101 3 1
101 1 0
101 3 2
101 6 5
101 11 10
101 10 9
101 9 8
101 8 7
101 17 16
101 16 15
