1 14 13
1 13 12
1 12 1
1 1 0
1 12 11
1 11 7
1 7 5
1 5 2
1 5 4
1 4 3
1 7 6
1 11 10
1 10 9
1 9 8
2 16 15
2 15 11
2 11 6
2 6 3
2 3 2
2 2 0
2 2 1
2 6 5
2 5 4
2 11 10
2 10 7
2 10 9
2 9 8
2 15 14
2 14 13
2 13 12
3 14 13
3 13 12
3 12 1
3 1 0
3 12 11
3 11 10
3 10 2
3 10 9
3 9 3
3 9 8
3 8 7
3 7 6
3 6 4
3 6 5
4 14 13
4 13 12
4 12 11
4 11 8
4 8 7
4 7 3
4 3 2
4 2 1
4 1 0
4 7 6
4 6 5
4 5 4
4 11 10
4 10 9
5 16 6
5 6 5
5 5 4
5 4 0
5 4 3
5 3 1
5 3 2
5 16 15
5 15 7
5 15 14
5 14 13
5 13 12
5 12 11
5 11 8
5 11 10
5 10 9
6 19 18
6 18 13
6 13 11
6 11 8
6 8 4
6 4 3
6 3 2
6 2 0
6 2 1
6 8 7
6 7 5
6 7 6
6 11 10
6 10 9
6 13 12
6 18 17
6 17 16
6 16 14
6 16 15
7 15 0
7 15 14
7 14 7
7 7 6
7 6 4
7 4 3
7 3 2
7 2 1
7 6 5
7 14 13
7 13 9
7 9 8
7 13 12
7 12 11
7 11 10
8 19 18
8 18 6
8 6 5
8 5 0
8 5 4
8 4 3
8 3 1
8 3 2
8 18 17
8 17 16
8 16 15
8 15 14
8 14 13
8 13 12
8 12 8
8 8 7
8 12 11
8 11 10
8 10 9
9 17 13
9 13 0
9 13 12
9 12 11
9 11 9
9 9 3
9 3 2
9 2 1
9 9 8
9 8 7
9 7 4
9 7 6
9 6 5
9 11 10
9 17 16
9 16 14
9 16 15
10 19 18
10 18 7
10 7 6
10 6 5
10 5 4
10 4 3
10 3 2
10 2 0
10 2 1
10 18 17
10 17 8
10 17 16
10 16 12
10 12 10
10 10 9
10 12 11
10 16 15
10 15 13
10 15 14
11 17 2
11 2 1
11 1 0
11 17 16
11 16 14
11 14 3
11 14 13
11 13 11
11 11 6
11 6 5
11 5 4
11 11 10
11 10 8
11 8 7
11 10 9
11 13 12
11 16 15
12 14 5
12 5 1
12 1 0
12 5 4
12 4 2
12 4 3
12 14 13
12 13 7
12 7 6
12 13 12
12 12 10
12 10 8
12 10 9
12 12 11
13 14 10
13 10 9
13 9 0
13 9 8
13 8 1
13 8 7
13 7 6
13 6 2
13 6 5
13 5 3
13 5 4
13 14 13
13 13 11
13 13 12
14 19 1
14 1 0
14 19 18
14 18 17
14 17 16
14 16 10
14 10 6
14 6 2
14 6 5
14 5 3
14 5 4
14 10 9
14 9 7
14 9 8
14 16 15
14 15 14
14 14 13
14 13 12
14 12 11
15 15 14
15 14 3
15 3 2
15 2 1
15 1 0
15 14 13
15 13 5
15 5 4
15 13 12
15 12 11
15 11 10
15 10 8
15 8 6
15 8 7
15 10 9
16 15 3
16 3 1
16 1 0
16 3 2
16 15 14
16 14 13
16 13 4
16 13 12
16 12 10
16 10 9
16 9 7
16 7 5
16 7 6
16 9 8
16 12 11
17 15 0
17 15 14
17 14 12
17 12 11
17 11 10
17 10 9
17 9 7
17 7 1
17 7 6
17 6 2
17 6 5
17 5 3
17 5 4
17 9 8
17 14 13
18 14 13
18 13 12
18 12 1
18 1 0
18 12 11
18 11 10
18 10 3
18 3 2
18 10 9
18 9 4
18 9 8
18 8 5
18 8 7
18 7 6
19 16 15
19 15 14
19 14 13
19 13 11
19 11 10
19 10 6
19 6 5
19 5 4
19 4 3
19 3 2
19 2 1
19 1 0
19 10 9
19 9 7
19 9 8
19 13 12
20 19 12
20 12 10
20 10 7
20 7 1
20 1 0
20 7 6
20 6 5
20 5 3
20 3 2
20 5 4
20 10 9
20 9 8
20 12 11
20 19 18
20 18 16
20 16 13
20 16 15
20 15 14
20 18 17
21 18 1
21 1 0
21 18 17
21 17 16
21 16 4
21 4 3
21 3 2
21 16 15
21 15 9
21 9 8
21 8 7
21 7 5
21 7 6
21 15 14
21 14 11
21 11 10
21 14 13
21 13 12
22 19 3
22 3 1
22 1 0
22 3 2
22 19 18
22 18 17
22 17 16
22 16 9
22 9 7
22 7 6
22 6 5
22 5 4
22 9 8
22 16 15
22 15 14
22 14 12
22 12 10
22 12 11
22 14 13
23 18 16
23 16 15
23 15 0
23 15 14
23 14 12
23 12 7
23 7 6
23 6 5
23 5 3
23 3 1
23 3 2
23 5 4
23 12 11
23 11 10
23 10 8
23 10 9
23 14 13
23 18 17
24 16 10
24 10 9
24 9 3
24 3 2
24 2 0
24 2 1
24 9 8
24 8 5
24 5 4
24 8 7
24 7 6
24 16 15
24 15 14
24 14 11
24 14 13
24 13 12
25 15 14
25 14 13
25 13 2
25 2 1
25 1 0
25 13 12
25 12 11
25 11 10
25 10 8
25 8 7
25 7 4
25 4 3
25 7 6
25 6 5
25 10 9
26 17 16
26 16 0
26 16 15
26 15 2
26 2 1
26 15 14
26 14 12
26 12 11
26 11 5
26 5 3
26 5 4
26 11 10
26 10 9
26 9 8
26 8 7
26 7 6
26 14 13
27 15 14
27 14 6
27 6 5
27 5 3
27 3 2
27 2 0
27 2 1
27 5 4
27 14 13
27 13 12
27 12 11
27 11 8
27 8 7
27 11 10
27 10 9
28 14 13
28 13 12
28 12 9
28 9 5
28 5 4
28 4 3
28 3 0
28 3 2
28 2 1
28 9 8
28 8 7
28 7 6
28 12 11
28 11 10
29 14 13
29 13 12
29 12 10
29 10 9
29 9 1
29 1 0
29 9 8
29 8 6
29 6 5
29 5 4
29 4 2
29 4 3
29 8 7
29 12 11
30 14 1
30 1 0
30 14 13
30 13 2
30 13 12
30 12 8
30 8 5
30 5 3
30 5 4
30 8 7
30 7 6
30 12 11
30 11 9
30 11 10
31 14 13
31 13 6
31 6 5
31 5 2
31 2 0
31 2 1
31 5 4
31 4 3
31 13 12
31 12 8
31 8 7
31 12 11
31 11 9
31 11 10
32 15 13
32 13 11
32 11 10
32 10 8
32 8 3
32 3 2
32 2 1
32 1 0
32 8 7
32 7 6
32 6 5
32 5 4
32 10 9
32 13 12
32 15 14
33 17 11
33 11 6
33 6 5
33 5 2
33 2 1
33 1 0
33 5 4
33 4 3
33 11 10
33 10 7
33 10 9
33 9 8
33 17 16
33 16 14
33 14 12
33 14 13
33 16 15
34 18 10
34 10 9
34 9 0
34 9 8
34 8 7
34 7 6
34 6 5
34 5 3
34 3 2
34 2 1
34 5 4
34 18 17
34 17 16
34 16 15
34 15 14
34 14 13
34 13 12
34 12 11
35 16 15
35 15 3
35 3 1
35 1 0
35 3 2
35 15 14
35 14 6
35 6 5
35 5 4
35 14 13
35 13 12
35 12 11
35 11 8
35 8 7
35 11 10
35 10 9
36 14 11
36 11 9
36 9 8
36 8 0
36 8 7
36 7 1
36 7 6
36 6 4
36 4 2
36 4 3
36 6 5
36 11 10
36 14 13
36 13 12
37 14 0
37 14 13
37 13 10
37 10 9
37 9 7
37 7 5
37 5 3
37 3 1
37 3 2
37 5 4
37 7 6
37 9 8
37 13 12
37 12 11
38 17 4
38 4 3
38 3 2
38 2 1
38 1 0
38 17 16
38 16 6
38 6 5
38 16 15
38 15 7
38 15 14
38 14 13
38 13 12
38 12 9
38 9 8
38 12 11
38 11 10
39 16 9
39 9 8
39 8 7
39 7 5
39 5 3
39 3 0
39 3 2
39 2 1
39 5 4
39 7 6
39 16 15
39 15 12
39 12 10
39 12 11
39 15 14
39 14 13
40 19 13
40 13 12
40 12 2
40 2 1
40 1 0
40 12 11
40 11 10
40 10 9
40 9 8
40 8 6
40 6 4
40 4 3
40 6 5
40 8 7
40 19 18
40 18 16
40 16 14
40 16 15
40 18 17
41 19 0
41 19 18
41 18 17
41 17 10
41 10 8
41 8 7
41 7 6
41 6 5
41 5 1
41 5 4
41 4 3
41 3 2
41 10 9
41 17 16
41 16 13
41 13 12
41 12 11
41 16 15
41 15 14
42 19 7
42 7 6
42 6 5
42 5 3
42 3 1
42 1 0
42 3 2
42 5 4
42 19 18
42 18 17
42 17 11
42 11 10
42 10 9
42 9 8
42 17 16
42 16 15
42 15 14
42 14 12
42 14 13
43 18 17
43 17 3
43 3 2
43 2 1
43 1 0
43 17 16
43 16 10
43 10 9
43 9 6
43 6 4
43 6 5
43 9 8
43 8 7
43 16 15
43 15 12
43 12 11
43 15 14
43 14 13
44 17 14
44 14 13
44 13 1
44 1 0
44 13 12
44 12 2
44 12 11
44 11 5
44 5 4
44 4 3
44 11 10
44 10 9
44 9 8
44 8 6
44 8 7
44 17 16
44 16 15
45 15 14
45 14 13
45 13 3
45 3 2
45 2 0
45 2 1
45 13 12
45 12 10
45 10 9
45 9 8
45 8 7
45 7 6
45 6 4
45 6 5
45 12 11
46 14 13
46 13 5
46 5 3
46 3 2
46 2 0
46 2 1
46 5 4
46 13 12
46 12 9
46 9 6
46 9 8
46 8 7
46 12 11
46 11 10
47 15 11
47 11 10
47 10 1
47 1 0
47 10 9
47 9 5
47 5 4
47 4 2
47 4 3
47 9 8
47 8 7
47 7 6
47 15 14
47 14 13
47 13 12
48 17 1
48 1 0
48 17 16
48 16 15
48 15 14
48 14 12
48 12 5
48 5 4
48 4 3
48 3 2
48 12 11
48 11 10
48 10 9
48 9 7
48 7 6
48 9 8
48 14 13
49 17 16
49 16 15
49 15 0
49 15 14
49 14 13
49 13 8
49 8 7
49 7 6
49 6 5
49 5 4
49 4 3
49 3 1
49 3 2
49 13 12
49 12 10
49 10 9
49 12 11
50 14 7
50 7 0
50 7 6
50 6 3
50 3 2
50 2 1
50 6 5
50 5 4
50 14 13
50 13 12
50 12 10
50 10 8
50 10 9
50 12 11
51 18 3
51 3 1
51 1 0
51 3 2
51 18 17
51 17 16
51 16 4
51 16 15
51 15 14
51 14 13
51 13 9
51 9 8
51 8 7
51 7 5
51 7 6
51 13 12
51 12 10
51 12 11
52 17 0
52 17 16
52 16 1
52 16 15
52 15 13
52 13 6
52 6 2
52 6 5
52 5 3
52 5 4
52 13 12
52 12 11
52 11 10
52 10 7
52 10 9
52 9 8
52 15 14
53 16 14
53 14 11
53 11 9
53 9 4
53 4 3
53 3 2
53 2 1
53 1 0
53 9 8
53 8 6
53 6 5
53 8 7
53 11 10
53 14 13
53 13 12
53 16 15
54 18 14
54 14 4
54 4 2
54 2 0
54 2 1
54 4 3
54 14 13
54 13 12
54 12 10
54 10 8
54 8 5
54 8 7
54 7 6
54 10 9
54 12 11
54 18 17
54 17 16
54 16 15
55 17 15
55 15 14
55 14 0
55 14 13
55 13 6
55 6 2
55 2 1
55 6 5
55 5 4
55 4 3
55 13 12
55 12 10
55 10 9
55 9 7
55 9 8
55 12 11
55 17 16
56 15 14
56 14 12
56 12 11
56 11 10
56 10 0
56 10 9
56 9 7
56 7 5
56 5 3
56 3 1
56 3 2
56 5 4
56 7 6
56 9 8
56 14 13
57 15 11
57 11 0
57 11 10
57 10 2
57 2 1
57 10 9
57 9 6
57 6 5
57 5 4
57 4 3
57 9 8
57 8 7
57 15 14
57 14 12
57 14 13
58 14 12
58 12 10
58 10 9
58 9 4
58 4 0
58 4 3
58 3 1
58 3 2
58 9 8
58 8 6
58 6 5
58 8 7
58 12 11
58 14 13
59 16 15
59 15 14
59 14 0
59 14 13
59 13 1
59 13 12
59 12 11
59 11 3
59 3 2
59 11 10
59 10 9
59 9 4
59 9 8
59 8 7
59 7 5
59 7 6
60 14 5
60 5 3
60 3 2
60 2 0
60 2 1
60 5 4
60 14 13
60 13 11
60 11 9
60 9 7
60 7 6
60 9 8
60 11 10
60 13 12
61 16 0
61 16 15
61 15 1
61 15 14
61 14 11
61 11 9
61 9 8
61 8 6
61 6 5
61 5 3
61 3 2
61 5 4
61 8 7
61 11 10
61 14 13
61 13 12
62 17 15
62 15 0
62 15 14
62 14 11
62 11 9
62 9 5
62 5 2
62 2 1
62 5 4
62 4 3
62 9 8
62 8 6
62 8 7
62 11 10
62 14 13
62 13 12
62 17 16
63 16 8
63 8 7
63 7 3
63 3 0
63 3 2
63 2 1
63 7 6
63 6 4
63 6 5
63 16 15
63 15 14
63 14 10
63 10 9
63 14 13
63 13 11
63 13 12
64 16 14
64 14 7
64 7 5
64 5 4
64 4 1
64 1 0
64 4 3
64 3 2
64 7 6
64 14 13
64 13 12
64 12 11
64 11 10
64 10 9
64 9 8
64 16 15
65 19 10
65 10 9
65 9 8
65 8 7
65 7 3
65 3 2
65 2 0
65 2 1
65 7 6
65 6 4
65 6 5
65 19 18
65 18 17
65 17 16
65 16 15
65 15 13
65 13 12
65 12 11
65 15 14
66 16 12
66 12 11
66 11 7
66 7 6
66 6 5
66 5 3
66 3 2
66 2 0
66 2 1
66 5 4
66 11 10
66 10 9
66 9 8
66 16 15
66 15 13
66 15 14
67 15 14
67 14 5
67 5 1
67 1 0
67 5 4
67 4 3
67 3 2
67 14 13
67 13 12
67 12 11
67 11 10
67 10 9
67 9 7
67 7 6
67 9 8
68 19 18
68 18 11
68 11 4
68 4 0
68 4 3
68 3 1
68 3 2
68 11 10
68 10 9
68 9 5
68 9 8
68 8 6
68 8 7
68 18 17
68 17 16
68 16 14
68 14 13
68 13 12
68 16 15
69 15 14
69 14 12
69 12 1
69 1 0
69 12 11
69 11 9
69 9 8
69 8 7
69 7 3
69 3 2
69 7 6
69 6 5
69 5 4
69 11 10
69 14 13
70 15 14
70 14 5
70 5 4
70 4 2
70 2 1
70 1 0
70 4 3
70 14 13
70 13 11
70 11 10
70 10 8
70 8 6
70 8 7
70 10 9
70 13 12
71 17 10
71 10 1
71 1 0
71 10 9
71 9 8
71 8 7
71 7 3
71 3 2
71 7 6
71 6 5
71 5 4
71 17 16
71 16 14
71 14 13
71 13 12
71 12 11
71 16 15
72 16 0
72 16 15
72 15 8
72 8 4
72 4 2
72 2 1
72 4 3
72 8 7
72 7 5
72 7 6
72 15 14
72 14 10
72 10 9
72 14 13
72 13 12
72 12 11
73 14 12
73 12 11
73 11 10
73 10 9
73 9 7
73 7 0
73 7 6
73 6 5
73 5 4
73 4 2
73 2 1
73 4 3
73 9 8
73 14 13
74 14 10
74 10 5
74 5 0
74 5 4
74 4 3
74 3 1
74 3 2
74 10 9
74 9 7
74 7 6
74 9 8
74 14 13
74 13 12
74 12 11
75 19 18
75 18 1
75 1 0
75 18 17
75 17 2
75 17 16
75 16 14
75 14 13
75 13 3
75 13 12
75 12 4
75 12 11
75 11 10
75 10 5
75 10 9
75 9 6
75 9 8
75 8 7
75 16 15
76 15 7
76 7 6
76 6 4
76 4 3
76 3 2
76 2 1
76 1 0
76 6 5
76 15 14
76 14 12
76 12 11
76 11 10
76 10 9
76 9 8
76 14 13
77 14 13
77 13 4
77 4 0
77 4 3
77 3 1
77 3 2
77 13 12
77 12 5
77 12 11
77 11 8
77 8 6
77 8 7
77 11 10
77 10 9
78 14 5
78 5 4
78 4 2
78 2 1
78 1 0
78 4 3
78 14 13
78 13 12
78 12 11
78 11 9
78 9 8
78 8 6
78 8 7
78 11 10
79 16 15
79 15 14
79 14 8
79 8 6
79 6 5
79 5 3
79 3 1
79 1 0
79 3 2
79 5 4
79 8 7
79 14 13
79 13 11
79 11 10
79 10 9
79 13 12
80 15 0
80 15 14
80 14 13
80 13 1
80 13 12
80 12 2
80 12 11
80 11 4
80 4 3
80 11 10
80 10 8
80 8 5
80 8 7
80 7 6
80 10 9
81 19 1
81 1 0
81 19 18
81 18 16
81 16 15
81 15 14
81 14 4
81 4 3
81 3 2
81 14 13
81 13 12
81 12 8
81 8 7
81 7 5
81 7 6
81 12 11
81 11 9
81 11 10
81 18 17
82 16 14
82 14 13
82 13 12
82 12 3
82 3 2
82 2 0
82 2 1
82 12 11
82 11 7
82 7 6
82 6 4
82 6 5
82 11 10
82 10 9
82 9 8
82 16 15
83 14 10
83 10 9
83 9 0
83 9 8
83 8 7
83 7 6
83 6 2
83 2 1
83 6 5
83 5 3
83 5 4
83 14 13
83 13 12
83 12 11
84 15 14
84 14 13
84 13 12
84 12 10
84 10 9
84 9 2
84 2 1
84 1 0
84 9 8
84 8 6
84 6 3
84 6 5
84 5 4
84 8 7
84 12 11
85 14 10
85 10 9
85 9 7
85 7 6
85 6 4
85 4 3
85 3 2
85 2 0
85 2 1
85 6 5
85 9 8
85 14 13
85 13 12
85 12 11
86 16 15
86 15 13
86 13 12
86 12 11
86 11 1
86 1 0
86 11 10
86 10 2
86 10 9
86 9 8
86 8 7
86 7 6
86 6 5
86 5 4
86 4 3
86 15 14
87 19 17
87 17 16
87 16 14
87 14 10
87 10 3
87 3 0
87 3 2
87 2 1
87 10 9
87 9 8
87 8 7
87 7 6
87 6 5
87 5 4
87 14 13
87 13 11
87 13 12
87 16 15
87 19 18
88 18 2
88 2 1
88 1 0
88 18 17
88 17 16
88 16 12
88 12 6
88 6 4
88 4 3
88 6 5
88 12 11
88 11 9
88 9 7
88 9 8
88 11 10
88 16 15
88 15 14
88 14 13
89 16 0
89 16 15
89 15 9
89 9 8
89 8 7
89 7 6
89 6 4
89 4 3
89 3 2
89 2 1
89 6 5
89 15 14
89 14 12
89 12 10
89 12 11
89 14 13
90 18 0
90 18 17
90 17 16
90 16 15
90 15 2
90 2 1
90 15 14
90 14 12
90 12 8
90 8 7
90 7 6
90 6 5
90 5 3
90 5 4
90 12 11
90 11 10
90 10 9
90 14 13
91 17 16
91 16 0
91 16 15
91 15 14
91 14 12
91 12 10
91 10 9
91 9 8
91 8 4
91 4 3
91 3 1
91 3 2
91 8 7
91 7 6
91 6 5
91 12 11
91 14 13
92 17 16
92 16 12
92 12 0
92 12 11
92 11 1
92 11 10
92 10 9
92 9 8
92 8 3
92 3 2
92 8 7
92 7 6
92 6 5
92 5 4
92 16 15
92 15 14
92 14 13
93 15 9
93 9 8
93 8 6
93 6 1
93 1 0
93 6 5
93 5 4
93 4 2
93 4 3
93 8 7
93 15 14
93 14 12
93 12 10
93 12 11
93 14 13
94 19 12
94 12 8
94 8 5
94 5 2
94 2 0
94 2 1
94 5 4
94 4 3
94 8 7
94 7 6
94 12 11
94 11 9
94 11 10
94 19 18
94 18 13
94 18 17
94 17 15
94 15 14
94 17 16
95 18 15
95 15 13
95 13 0
95 13 12
95 12 11
95 11 1
95 11 10
95 10 9
95 9 8
95 8 7
95 7 5
95 5 2
95 5 4
95 4 3
95 7 6
95 15 14
95 18 17
95 17 16
96 16 13
96 13 4
96 4 3
96 3 2
96 2 1
96 1 0
96 13 12
96 12 11
96 11 10
96 10 9
96 9 7
96 7 5
96 7 6
96 9 8
96 16 15
96 15 14
97 19 18
97 18 3
97 3 2
97 2 1
97 1 0
97 18 17
97 17 16
97 16 8
97 8 6
97 6 5
97 5 4
97 8 7
97 16 15
97 15 14
97 14 13
97 13 10
97 10 9
97 13 12
97 12 11
98 14 13
98 13 12
98 12 11
98 11 0
98 11 10
98 10 8
98 8 6
98 6 5
98 5 4
98 4 3
98 3 1
98 3 2
98 8 7
98 10 9
99 19 17
99 17 15
99 15 13
99 13 4
99 4 3
99 3 2
99 2 1
99 1 0
99 13 12
99 12 11
99 11 5
99 11 10
99 10 8
99 8 6
99 8 7
99 10 9
99 15 14
99 17 16
99 19 18
100 18 15
100 15 14
100 14 2
100 2 1
100 1 0
100 14 13
100 13 12
100 12 9
100 9 7
100 7 6
100 6 5
100 5 3
100 5 4
100 9 8
100 12 11
100 11 10
100 18 17
100 17 16
101 17 14
101 14 13
101 13 11
101 11 10
101 10 8
101 8 7
101 7 5
101 5 0
101 5 4
101 4 3
101 3 2
101 2 1
101 7 6
101 10 9
101 13 12
101 17 16
101 16 15
