1 15 13
1 13 12
1 12 8
1 8 3
1 3 2
1 2 1
1 1 0
1 8 7
1 7 4
1 7 6
1 6 5
1 12 11
1 11 9
1 11 10
1 15 14
2 17 16
2 16 13
2 13 11
2 11 6
2 6 5
2 5 4
2 4 2
2 2 0
2 2 1
2 4 3
2 11 10
2 10 9
2 9 7
2 9 8
2 13 12
2 16 15
2 15 14
3 17 16
3 16 15
3 15 14
3 14 3
3 3 2
3 2 1
3 1 0
3 14 13
3 13 12
3 12 11
3 11 9
3 9 8
3 8 7
3 7 4
3 7 6
3 6 5
3 11 10
4 14 0
4 14 13
4 13 1
4 13 12
4 12 11
4 11 10
4 10 4
4 4 2
4 4 3
4 10 9
4 9 8
4 8 6
4 6 5
4 8 7
5 18 6
5 6 5
5 5 0
5 5 4
5 4 1
5 4 3
5 3 2
5 18 17
5 17 16
5 16 8
5 8 7
5 16 15
5 15 13
5 13 12
5 12 10
5 10 9
5 12 11
5 15 14
6 18 17
6 17 15
6 15 14
6 14 9
6 9 6
6 6 5
6 5 4
6 4 0
6 4 3
6 3 2
6 2 1
6 9 8
6 8 7
6 14 13
6 13 11
6 11 10
6 13 12
6 17 16
7 19 17
7 17 10
7 10 9
7 9 4
7 4 3
7 3 1
7 1 0
7 3 2
7 9 8
7 8 7
7 7 5
7 7 6
7 17 16
7 16 13
7 13 12
7 12 11
7 16 15
7 15 14
7 19 18
8 16 12
8 12 11
8 11 0
8 11 10
8 10 9
8 9 8
8 8 7
8 7 6
8 6 5
8 5 1
8 5 4
8 4 3
8 3 2
8 16 15
8 15 13
8 15 14
9 18 11
9 11 0
9 11 10
9 10 9
9 9 2
9 2 1
9 9 8
9 8 3
9 8 7
9 7 5
9 5 4
9 7 6
9 18 17
9 17 14
9 14 13
9 13 12
9 17 16
9 16 15
10 19 0
10 19 18
10 18 1
10 18 17
10 17 16
10 16 13
10 13 7
10 7 5
10 5 4
10 4 2
10 4 3
10 7 6
10 13 12
10 12 10
10 10 8
10 10 9
10 12 11
10 16 15
10 15 14
11 18 16
11 16 15
11 15 13
11 13 12
11 12 2
11 2 0
11 2 1
11 12 11
11 11 10
11 10 9
11 9 8
11 8 7
11 7 3
11 7 6
11 6 4
11 6 5
11 15 14
11 18 17
12 17 16
12 16 15
12 15 13
12 13 10
12 10 1
12 1 0
12 10 9
12 9 7
12 7 3
12 3 2
12 7 6
12 6 5
12 5 4
12 9 8
12 13 12
12 12 11
12 15 14
13 16 0
13 16 15
13 15 14
13 14 4
13 4 2
13 2 1
13 4 3
13 14 13
13 13 10
13 10 9
13 9 7
13 7 5
13 7 6
13 9 8
13 13 12
13 12 11
14 15 2
14 2 0
14 2 1
14 15 14
14 14 13
14 13 6
14 6 5
14 5 4
14 4 3
14 13 12
14 12 11
14 11 10
14 10 9
14 9 8
14 8 7
15 18 14
15 14 0
15 14 13
15 13 12
15 12 1
15 12 11
15 11 2
15 11 10
15 10 9
15 9 7
15 7 5
15 5 3
15 5 4
15 7 6
15 9 8
15 18 17
15 17 15
15 17 16
16 17 14
16 14 13
16 13 12
16 12 11
16 11 0
16 11 10
16 10 7
16 7 6
16 6 5
16 5 3
16 3 1
16 3 2
16 5 4
16 10 9
16 9 8
16 17 16
16 16 15
17 14 12
17 12 11
17 11 1
17 1 0
17 11 10
17 10 6
17 6 5
17 5 2
17 5 4
17 4 3
17 10 9
17 9 7
17 9 8
17 14 13
18 19 18
18 18 2
18 2 1
18 1 0
18 18 17
18 17 16
18 16 14
18 14 7
18 7 3
18 7 6
18 6 5
18 5 4
18 14 13
18 13 8
18 13 12
18 12 10
18 10 9
18 12 11
18 16 15
19 17 1
19 1 0
19 17 16
19 16 2
19 16 15
19 15 10
19 10 7
19 7 6
19 6 5
19 5 3
19 5 4
19 10 9
19 9 8
19 15 14
19 14 11
19 14 13
19 13 12
20 16 15
20 15 0
20 15 14
20 14 13
20 13 12
20 12 10
20 10 9
20 9 1
20 9 8
20 8 7
20 7 6
20 6 5
20 5 4
20 4 3
20 3 2
20 12 11
21 17 0
21 17 16
21 16 13
21 13 12
21 12 11
21 11 3
21 3 1
21 3 2
21 11 10
21 10 9
21 9 4
21 9 8
21 8 7
21 7 5
21 7 6
21 16 15
21 15 14
22 14 7
22 7 6
22 6 5
22 5 2
22 2 1
22 1 0
22 5 4
22 4 3
22 14 13
22 13 8
22 13 12
22 12 11
22 11 9
22 11 10
23 16 15
23 15 13
23 13 12
23 12 11
23 11 10
23 10 9
23 9 2
23 2 0
23 2 1
23 9 8
23 8 7
23 7 5
23 5 4
23 4 3
23 7 6
23 15 14
24 14 12
24 12 1
24 1 0
24 12 11
24 11 10
24 10 9
24 9 6
24 6 4
24 4 3
24 3 2
24 6 5
24 9 8
24 8 7
24 14 13
25 15 0
25 15 14
25 14 12
25 12 10
25 10 8
25 8 1
25 8 7
25 7 5
25 5 2
25 5 4
25 4 3
25 7 6
25 10 9
25 12 11
25 14 13
26 14 11
26 11 10
26 10 9
26 9 2
26 2 1
26 1 0
26 9 8
26 8 7
26 7 5
26 5 3
26 5 4
26 7 6
26 14 13
26 13 12
27 19 18
27 18 0
27 18 17
27 17 16
27 16 5
27 5 4
27 4 1
27 4 3
27 3 2
27 16 15
27 15 14
27 14 6
27 14 13
27 13 12
27 12 11
27 11 7
27 11 10
27 10 9
27 9 8
28 14 7
28 7 6
28 6 3
28 3 2
28 2 1
28 1 0
28 6 5
28 5 4
28 14 13
28 13 10
28 10 9
28 9 8
28 13 12
28 12 11
29 15 14
29 14 10
29 10 9
29 9 7
29 7 5
29 5 0
29 5 4
29 4 2
29 2 1
29 4 3
29 7 6
29 9 8
29 14 13
29 13 11
29 13 12
30 15 6
30 6 1
30 1 0
30 6 5
30 5 4
30 4 2
30 4 3
30 15 14
30 14 12
30 12 11
30 11 10
30 10 7
30 10 9
30 9 8
30 14 13
31 18 2
31 2 1
31 1 0
31 18 17
31 17 16
31 16 15
31 15 6
31 6 5
31 5 4
31 4 3
31 15 14
31 14 10
31 10 8
31 8 7
31 10 9
31 14 13
31 13 11
31 13 12
32 15 13
32 13 12
32 12 9
32 9 8
32 8 0
32 8 7
32 7 6
32 6 3
32 3 1
32 3 2
32 6 5
32 5 4
32 12 11
32 11 10
32 15 14
33 17 15
33 15 0
33 15 14
33 14 13
33 13 12
33 12 11
33 11 1
33 11 10
33 10 8
33 8 7
33 7 5
33 5 2
33 5 4
33 4 3
33 7 6
33 10 9
33 17 16
34 14 12
34 12 0
34 12 11
34 11 10
34 10 1
34 10 9
34 9 8
34 8 6
34 6 4
34 4 2
34 4 3
34 6 5
34 8 7
34 14 13
35 14 11
35 11 10
35 10 0
35 10 9
35 9 7
35 7 1
35 7 6
35 6 5
35 5 2
35 5 4
35 4 3
35 9 8
35 14 13
35 13 12
36 16 1
36 1 0
36 16 15
36 15 2
36 15 14
36 14 13
36 13 12
36 12 11
36 11 3
36 11 10
36 10 9
36 9 4
36 9 8
36 8 6
36 6 5
36 8 7
37 14 12
37 12 11
37 11 10
37 10 8
37 8 4
37 4 1
37 1 0
37 4 3
37 3 2
37 8 7
37 7 5
37 7 6
37 10 9
37 14 13
38 19 0
38 19 18
38 18 17
38 17 12
38 12 11
38 11 9
38 9 5
38 5 4
38 4 1
38 4 3
38 3 2
38 9 8
38 8 7
38 7 6
38 11 10
38 17 16
38 16 15
38 15 13
38 15 14
39 14 12
39 12 9
39 9 7
39 7 0
39 7 6
39 6 2
39 2 1
39 6 5
39 5 4
39 4 3
39 9 8
39 12 11
39 11 10
39 14 13
40 19 13
40 13 0
40 13 12
40 12 6
40 6 2
40 2 1
40 6 5
40 5 4
40 4 3
40 12 11
40 11 10
40 10 9
40 9 7
40 9 8
40 19 18
40 18 17
40 17 14
40 17 16
40 16 15
41 14 0
41 14 13
41 13 8
41 8 7
41 7 6
41 6 4
41 4 3
41 3 2
41 2 1
41 6 5
41 13 12
41 12 9
41 12 11
41 11 10
42 14 13
42 13 1
42 1 0
42 13 12
42 12 11
42 11 10
42 10 7
42 7 2
42 7 6
42 6 5
42 5 3
42 5 4
42 10 9
42 9 8
43 16 14
43 14 5
43 5 0
43 5 4
43 4 3
43 3 2
43 2 1
43 14 13
43 13 6
43 13 12
43 12 7
43 12 11
43 11 8
43 11 10
43 10 9
43 16 15
44 19 18
44 18 17
44 17 16
44 16 11
44 11 9
44 9 1
44 1 0
44 9 8
44 8 7
44 7 6
44 6 5
44 5 4
44 4 3
44 3 2
44 11 10
44 16 15
44 15 13
44 13 12
44 15 14
45 17 0
45 17 16
45 16 15
45 15 1
45 15 14
45 14 3
45 3 2
45 14 13
45 13 12
45 12 9
45 9 8
45 8 6
45 6 5
45 5 4
45 8 7
45 12 11
45 11 10
46 16 0
46 16 15
46 15 12
46 12 11
46 11 6
46 6 5
46 5 4
46 4 3
46 3 2
46 2 1
46 11 10
46 10 9
46 9 8
46 8 7
46 15 14
46 14 13
47 18 0
47 18 17
47 17 13
47 13 12
47 12 11
47 11 4
47 4 2
47 2 1
47 4 3
47 11 10
47 10 7
47 7 5
47 7 6
47 10 9
47 9 8
47 17 16
47 16 14
47 16 15
48 18 17
48 17 1
48 1 0
48 17 16
48 16 14
48 14 6
48 6 4
48 4 3
48 3 2
48 6 5
48 14 13
48 13 12
48 12 11
48 11 7
48 11 10
48 10 9
48 9 8
48 16 15
49 15 14
49 14 13
49 13 12
49 12 6
49 6 2
49 2 1
49 1 0
49 6 5
49 5 4
49 4 3
49 12 11
49 11 7
49 11 10
49 10 9
49 9 8
50 19 18
50 18 4
50 4 0
50 4 3
50 3 2
50 2 1
50 18 17
50 17 16
50 16 15
50 15 12
50 12 10
50 10 9
50 9 7
50 7 5
50 7 6
50 9 8
50 12 11
50 15 14
50 14 13
51 18 17
51 17 15
51 15 2
51 2 0
51 2 1
51 15 14
51 14 12
51 12 11
51 11 9
51 9 5
51 5 3
51 5 4
51 9 8
51 8 6
51 8 7
51 11 10
51 14 13
51 17 16
52 15 4
52 4 1
52 1 0
52 4 3
52 3 2
52 15 14
52 14 8
52 8 7
52 7 6
52 6 5
52 14 13
52 13 10
52 10 9
52 13 12
52 12 11
53 19 17
53 17 16
53 16 1
53 1 0
53 16 15
53 15 6
53 6 5
53 5 3
53 3 2
53 5 4
53 15 14
53 14 13
53 13 10
53 10 7
53 10 9
53 9 8
53 13 12
53 12 11
53 19 18
54 19 18
54 18 1
54 1 0
54 18 17
54 17 7
54 7 6
54 6 2
54 6 5
54 5 4
54 4 3
54 17 16
54 16 15
54 15 14
54 14 8
54 14 13
54 13 9
54 13 12
54 12 10
54 12 11
55 14 0
55 14 13
55 13 12
55 12 11
55 11 10
55 10 9
55 9 8
55 8 7
55 7 2
55 2 1
55 7 6
55 6 5
55 5 3
55 5 4
56 14 0
56 14 13
56 13 9
56 9 1
56 9 8
56 8 5
56 5 2
56 5 4
56 4 3
56 8 7
56 7 6
56 13 12
56 12 10
56 12 11
57 14 11
57 11 10
57 10 3
57 3 1
57 1 0
57 3 2
57 10 9
57 9 8
57 8 7
57 7 6
57 6 5
57 5 4
57 14 13
57 13 12
58 17 1
58 1 0
58 17 16
58 16 9
58 9 7
58 7 2
58 7 6
58 6 3
58 6 5
58 5 4
58 9 8
58 16 15
58 15 10
58 15 14
58 14 13
58 13 12
58 12 11
59 15 0
59 15 14
59 14 13
59 13 11
59 11 10
59 10 9
59 9 3
59 3 1
59 3 2
59 9 8
59 8 7
59 7 6
59 6 4
59 6 5
59 13 12
60 17 2
60 2 0
60 2 1
60 17 16
60 16 15
60 15 14
60 14 13
60 13 10
60 10 8
60 8 3
60 8 7
60 7 4
60 7 6
60 6 5
60 10 9
60 13 12
60 12 11
61 19 0
61 19 18
61 18 8
61 8 7
61 7 1
61 7 6
61 6 5
61 5 3
61 3 2
61 5 4
61 18 17
61 17 16
61 16 15
61 15 14
61 14 12
61 12 11
61 11 10
61 10 9
61 14 13
62 16 15
62 15 2
62 2 0
62 2 1
62 15 14
62 14 13
62 13 12
62 12 11
62 11 9
62 9 8
62 8 7
62 7 6
62 6 4
62 4 3
62 6 5
62 11 10
63 19 0
63 19 18
63 18 7
63 7 6
63 6 1
63 6 5
63 5 2
63 5 4
63 4 3
63 18 17
63 17 16
63 16 13
63 13 11
63 11 10
63 10 8
63 10 9
63 13 12
63 16 15
63 15 14
64 14 11
64 11 2
64 2 0
64 2 1
64 11 10
64 10 3
64 10 9
64 9 8
64 8 6
64 6 5
64 5 4
64 8 7
64 14 13
64 13 12
65 18 17
65 17 0
65 17 16
65 16 14
65 14 1
65 14 13
65 13 12
65 12 6
65 6 5
65 5 4
65 4 3
65 3 2
65 12 11
65 11 9
65 9 8
65 8 7
65 11 10
65 16 15
66 16 14
66 14 12
66 12 0
66 12 11
66 11 9
66 9 1
66 9 8
66 8 7
66 7 5
66 5 2
66 5 4
66 4 3
66 7 6
66 11 10
66 14 13
66 16 15
67 14 13
67 13 10
67 10 6
67 6 5
67 5 2
67 2 1
67 1 0
67 5 4
67 4 3
67 10 9
67 9 7
67 9 8
67 13 12
67 12 11
68 14 0
68 14 13
68 13 12
68 12 10
68 10 9
68 9 1
68 9 8
68 8 7
68 7 6
68 6 4
68 4 3
68 3 2
68 6 5
68 12 11
69 19 17
69 17 1
69 1 0
69 17 16
69 16 15
69 15 14
69 14 11
69 11 2
69 11 10
69 10 6
69 6 5
69 5 4
69 4 3
69 10 9
69 9 7
69 9 8
69 14 13
69 13 12
69 19 18
70 14 12
70 12 3
70 3 2
70 2 1
70 1 0
70 12 11
70 11 10
70 10 8
70 8 4
70 8 7
70 7 5
70 7 6
70 10 9
70 14 13
71 17 8
71 8 6
71 6 5
71 5 3
71 3 1
71 1 0
71 3 2
71 5 4
71 8 7
71 17 16
71 16 15
71 15 14
71 14 12
71 12 11
71 11 9
71 11 10
71 14 13
72 16 15
72 15 13
72 13 0
72 13 12
72 12 10
72 10 9
72 9 3
72 3 2
72 2 1
72 9 8
72 8 7
72 7 5
72 5 4
72 7 6
72 12 11
72 15 14
73 17 16
73 16 0
73 16 15
73 15 7
73 7 6
73 6 5
73 5 3
73 3 1
73 3 2
73 5 4
73 15 14
73 14 12
73 12 10
73 10 9
73 9 8
73 12 11
73 14 13
74 19 18
74 18 17
74 17 15
74 15 7
74 7 6
74 6 5
74 5 0
74 5 4
74 4 2
74 2 1
74 4 3
74 15 14
74 14 13
74 13 12
74 12 11
74 11 10
74 10 9
74 9 8
74 17 16
75 14 3
75 3 0
75 3 2
75 2 1
75 14 13
75 13 12
75 12 11
75 11 9
75 9 6
75 6 5
75 5 4
75 9 8
75 8 7
75 11 10
76 14 8
76 8 7
76 7 3
76 3 2
76 2 1
76 1 0
76 7 6
76 6 5
76 5 4
76 14 13
76 13 12
76 12 10
76 10 9
76 12 11
77 17 16
77 16 3
77 3 2
77 2 0
77 2 1
77 16 15
77 15 14
77 14 13
77 13 12
77 12 7
77 7 4
77 7 6
77 6 5
77 12 11
77 11 8
77 11 10
77 10 9
78 18 17
78 17 16
78 16 14
78 14 13
78 13 0
78 13 12
78 12 1
78 12 11
78 11 10
78 10 6
78 6 5
78 5 4
78 4 2
78 4 3
78 10 9
78 9 8
78 8 7
78 16 15
79 19 18
79 18 15
79 15 0
79 15 14
79 14 13
79 13 3
79 3 2
79 2 1
79 13 12
79 12 4
79 12 11
79 11 5
79 11 10
79 10 7
79 7 6
79 10 9
79 9 8
79 18 17
79 17 16
80 16 14
80 14 11
80 11 6
80 6 5
80 5 0
80 5 4
80 4 3
80 3 2
80 2 1
80 11 10
80 10 9
80 9 7
80 9 8
80 14 13
80 13 12
80 16 15
81 16 5
81 5 2
81 2 1
81 1 0
81 5 4
81 4 3
81 16 15
81 15 14
81 14 13
81 13 7
81 7 6
81 13 12
81 12 11
81 11 10
81 10 8
81 10 9
82 18 16
82 16 15
82 15 13
82 13 4
82 4 3
82 3 2
82 2 1
82 1 0
82 13 12
82 12 5
82 12 11
82 11 9
82 9 6
82 9 8
82 8 7
82 11 10
82 15 14
82 18 17
83 14 2
83 2 1
83 1 0
83 14 13
83 13 3
83 13 12
83 12 9
83 9 4
83 9 8
83 8 7
83 7 6
83 6 5
83 12 11
83 11 10
84 16 9
84 9 8
84 8 1
84 1 0
84 8 7
84 7 3
84 3 2
84 7 6
84 6 4
84 6 5
84 16 15
84 15 14
84 14 12
84 12 11
84 11 10
84 14 13
85 18 1
85 1 0
85 18 17
85 17 11
85 11 5
85 5 4
85 4 2
85 4 3
85 11 10
85 10 9
85 9 7
85 7 6
85 9 8
85 17 16
85 16 14
85 14 12
85 14 13
85 16 15
86 15 3
86 3 1
86 1 0
86 3 2
86 15 14
86 14 9
86 9 7
86 7 5
86 5 4
86 7 6
86 9 8
86 14 13
86 13 12
86 12 10
86 12 11
87 14 12
87 12 10
87 10 1
87 1 0
87 10 9
87 9 5
87 5 4
87 4 2
87 4 3
87 9 8
87 8 6
87 8 7
87 12 11
87 14 13
88 14 8
88 8 7
88 7 6
88 6 0
88 6 5
88 5 1
88 5 4
88 4 2
88 4 3
88 14 13
88 13 12
88 12 9
88 12 11
88 11 10
89 14 13
89 13 2
89 2 1
89 1 0
89 13 12
89 12 7
89 7 5
89 5 4
89 4 3
89 7 6
89 12 11
89 11 8
89 11 10
89 10 9
90 18 3
90 3 2
90 2 1
90 1 0
90 18 17
90 17 16
90 16 15
90 15 8
90 8 5
90 5 4
90 8 7
90 7 6
90 15 14
90 14 13
90 13 12
90 12 10
90 10 9
90 12 11
91 14 5
91 5 4
91 4 1
91 1 0
91 4 3
91 3 2
91 14 13
91 13 9
91 9 7
91 7 6
91 9 8
91 13 12
91 12 10
91 12 11
92 19 16
92 16 13
92 13 12
92 12 0
92 12 11
92 11 9
92 9 8
92 8 1
92 8 7
92 7 6
92 6 4
92 4 2
92 4 3
92 6 5
92 11 10
92 16 15
92 15 14
92 19 18
92 18 17
93 16 14
93 14 13
93 13 12
93 12 0
93 12 11
93 11 1
93 11 10
93 10 9
93 9 4
93 4 3
93 3 2
93 9 8
93 8 5
93 8 7
93 7 6
93 16 15
94 17 12
94 12 11
94 11 0
94 11 10
94 10 5
94 5 4
94 4 3
94 3 2
94 2 1
94 10 9
94 9 6
94 9 8
94 8 7
94 17 16
94 16 15
94 15 14
94 14 13
95 17 13
95 13 12
95 12 9
95 9 0
95 9 8
95 8 6
95 6 5
95 5 2
95 2 1
95 5 4
95 4 3
95 8 7
95 12 11
95 11 10
95 17 16
95 16 15
95 15 14
96 17 11
96 11 4
96 4 3
96 3 1
96 1 0
96 3 2
96 11 10
96 10 8
96 8 5
96 8 7
96 7 6
96 10 9
96 17 16
96 16 12
96 16 15
96 15 14
96 14 13
97 16 15
97 15 14
97 14 13
97 13 12
97 12 4
97 4 3
97 3 2
97 2 0
97 2 1
97 12 11
97 11 6
97 6 5
97 11 10
97 10 9
97 9 8
97 8 7
98 14 13
98 13 11
98 11 3
98 3 1
98 1 0
98 3 2
98 11 10
98 10 8
98 8 4
98 8 7
98 7 5
98 7 6
98 10 9
98 13 12
99 16 15
99 15 13
99 13 0
99 13 12
99 12 1
99 12 11
99 11 9
99 9 8
99 8 2
99 8 7
99 7 3
99 7 6
99 6 4
99 6 5
99 11 10
99 15 14
100 16 15
100 15 0
100 15 14
100 14 10
100 10 9
100 9 1
100 9 8
100 8 5
100 5 4
100 4 3
100 3 2
100 8 7
100 7 6
100 14 13
100 13 12
100 12 11
101 14 6
101 6 5
101 5 3
101 3 1
101 1 0
101 3 2
101 5 4
101 14 13
101 13 12
101 12 11
101 11 10
101 10 9
101 9 7
101 9 8
