1 18 4
1 4 2
1 2 1
1 1 0
1 4 3
1 18 17
1 17 13
1 13 12
1 12 11
1 11 10
1 10 9
1 9 5
1 9 8
1 8 6
1 8 7
1 17 16
1 16 15
1 15 14
2 15 13
2 13 12
2 12 11
2 11 0
2 11 10
2 10 9
2 9 8
2 8 7
2 7 6
2 6 1
2 6 5
2 5 3
2 3 2
2 5 4
2 15 14
3 17 7
3 7 5
3 5 4
3 4 3
3 3 1
3 1 0
3 3 2
3 7 6
3 17 16
3 16 9
3 9 8
3 16 15
3 15 14
3 14 13
3 13 10
3 13 12
3 12 11
4 19 18
4 18 5
4 5 3
4 3 2
4 2 1
4 1 0
4 5 4
4 18 17
4 17 6
4 17 16
4 16 15
4 15 14
4 14 11
4 11 7
4 11 10
4 10 8
4 10 9
4 14 13
4 13 12
5 18 2
5 2 0
5 2 1
5 18 17
5 17 4
5 4 3
5 17 16
5 16 15
5 15 14
5 14 7
5 7 6
5 6 5
5 14 13
5 13 12
5 12 11
5 11 8
5 11 10
5 10 9
6 15 0
6 15 14
6 14 13
6 13 3
6 3 2
6 2 1
6 13 12
6 12 8
6 8 7
6 7 6
6 6 5
6 5 4
6 12 11
6 11 10
6 10 9
7 17 8
7 8 1
7 1 0
7 8 7
7 7 6
7 6 5
7 5 4
7 4 2
7 4 3
7 17 16
7 16 15
7 15 9
7 15 14
7 14 10
7 14 13
7 13 12
7 12 11
8 15 3
8 3 2
8 2 1
8 1 0
8 15 14
8 14 4
8 14 13
8 13 12
8 12 6
8 6 5
8 12 11
8 11 10
8 10 9
8 9 8
8 8 7
9 18 16
9 16 14
9 14 0
9 14 13
9 13 8
9 8 6
9 6 1
9 6 5
9 5 3
9 3 2
9 5 4
9 8 7
9 13 12
9 12 11
9 11 9
9 11 10
9 16 15
9 18 17
10 16 4
10 4 0
10 4 3
10 3 1
10 3 2
10 16 15
10 15 14
10 14 13
10 13 11
10 11 9
10 9 8
10 8 5
10 8 7
10 7 6
10 11 10
10 13 12
11 15 14
11 14 7
11 7 0
11 7 6
11 6 4
11 4 3
11 3 2
11 2 1
11 6 5
11 14 13
11 13 12
11 12 11
11 11 8
11 11 10
11 10 9
12 16 0
12 16 15
12 15 14
12 14 5
12 5 1
12 5 4
12 4 3
12 3 2
12 14 13
12 13 12
12 12 10
12 10 9
12 9 8
12 8 6
12 8 7
12 12 11
13 19 18
13 18 10
13 10 7
13 7 3
13 3 0
13 3 2
13 2 1
13 7 6
13 6 5
13 5 4
13 10 9
13 9 8
13 18 17
13 17 16
13 16 14
13 14 13
13 13 12
13 12 11
13 16 15
14 16 13
14 13 12
14 12 0
14 12 11
14 11 1
14 11 10
14 10 2
14 10 9
14 9 8
14 8 6
14 6 5
14 5 4
14 4 3
14 8 7
14 16 15
14 15 14
15 17 11
15 11 10
15 10 9
15 9 5
15 5 3
15 3 2
15 2 0
15 2 1
15 5 4
15 9 8
15 8 7
15 7 6
15 17 16
15 16 14
15 14 12
15 14 13
15 16 15
16 19 2
16 2 1
16 1 0
16 19 18
16 18 12
16 12 11
16 11 3
16 11 10
16 10 4
16 10 9
16 9 8
16 8 6
16 6 5
16 8 7
16 18 17
16 17 13
16 17 16
16 16 15
16 15 14
17 14 13
17 13 2
17 2 1
17 1 0
17 13 12
17 12 10
17 10 9
17 9 8
17 8 7
17 7 4
17 4 3
17 7 6
17 6 5
17 12 11
18 19 2
18 2 0
18 2 1
18 19 18
18 18 17
18 17 4
18 4 3
18 17 16
18 16 14
18 14 12
18 12 9
18 9 8
18 8 7
18 7 6
18 6 5
18 12 11
18 11 10
18 14 13
18 16 15
19 14 6
19 6 2
19 2 0
19 2 1
19 6 5
19 5 3
19 5 4
19 14 13
19 13 12
19 12 11
19 11 8
19 8 7
19 11 10
19 10 9
20 16 13
20 13 5
20 5 2
20 2 1
20 1 0
20 5 4
20 4 3
20 13 12
20 12 10
20 10 9
20 9 7
20 7 6
20 9 8
20 12 11
20 16 15
20 15 14
21 17 0
21 17 16
21 16 14
21 14 13
21 13 2
21 2 1
21 13 12
21 12 11
21 11 10
21 10 5
21 5 4
21 4 3
21 10 9
21 9 8
21 8 6
21 8 7
21 16 15
22 17 16
22 16 0
22 16 15
22 15 14
22 14 11
22 11 10
22 10 9
22 9 8
22 8 7
22 7 1
22 7 6
22 6 4
22 4 3
22 3 2
22 6 5
22 14 13
22 13 12
23 15 12
23 12 10
23 10 9
23 9 8
23 8 0
23 8 7
23 7 1
23 7 6
23 6 2
23 6 5
23 5 3
23 5 4
23 12 11
23 15 14
23 14 13
24 16 15
24 15 0
24 15 14
24 14 6
24 6 1
24 6 5
24 5 3
24 3 2
24 5 4
24 14 13
24 13 12
24 12 10
24 10 8
24 8 7
24 10 9
24 12 11
25 16 12
25 12 10
25 10 0
25 10 9
25 9 8
25 8 7
25 7 6
25 6 2
25 2 1
25 6 5
25 5 4
25 4 3
25 12 11
25 16 15
25 15 13
25 15 14
26 15 0
26 15 14
26 14 6
26 6 4
26 4 3
26 3 1
26 3 2
26 6 5
26 14 13
26 13 11
26 11 10
26 10 9
26 9 8
26 8 7
26 13 12
27 18 17
27 17 16
27 16 1
27 1 0
27 16 15
27 15 14
27 14 4
27 4 3
27 3 2
27 14 13
27 13 12
27 12 10
27 10 8
27 8 6
27 6 5
27 8 7
27 10 9
27 12 11
28 16 15
28 15 5
28 5 4
28 4 2
28 2 0
28 2 1
28 4 3
28 15 14
28 14 8
28 8 6
28 8 7
28 14 13
28 13 12
28 12 11
28 11 10
28 10 9
29 17 16
29 16 0
29 16 15
29 15 2
29 2 1
29 15 14
29 14 13
29 13 11
29 11 3
29 11 10
29 10 9
29 9 6
29 6 4
29 6 5
29 9 8
29 8 7
29 13 12
30 17 16
30 16 4
30 4 0
30 4 3
30 3 1
30 3 2
30 16 15
30 15 14
30 14 12
30 12 11
30 11 5
30 11 10
30 10 8
30 8 6
30 8 7
30 10 9
30 14 13
31 14 0
31 14 13
31 13 8
31 8 6
31 6 5
31 5 1
31 5 4
31 4 3
31 3 2
31 8 7
31 13 12
31 12 9
31 12 11
31 11 10
32 15 0
32 15 14
32 14 3
32 3 1
32 3 2
32 14 13
32 13 12
32 12 8
32 8 7
32 7 5
32 5 4
32 7 6
32 12 11
32 11 10
32 10 9
33 14 13
33 13 12
33 12 9
33 9 2
33 2 0
33 2 1
33 9 8
33 8 5
33 5 4
33 4 3
33 8 7
33 7 6
33 12 11
33 11 10
34 19 0
34 19 18
34 18 5
34 5 4
34 4 1
34 4 3
34 3 2
34 18 17
34 17 16
34 16 6
34 16 15
34 15 11
34 11 7
34 11 10
34 10 8
34 10 9
34 15 14
34 14 13
34 13 12
35 15 11
35 11 9
35 9 1
35 1 0
35 9 8
35 8 6
35 6 5
35 5 4
35 4 2
35 4 3
35 8 7
35 11 10
35 15 14
35 14 13
35 13 12
36 14 13
36 13 2
36 2 1
36 1 0
36 13 12
36 12 11
36 11 5
36 5 3
36 5 4
36 11 10
36 10 8
36 8 6
36 8 7
36 10 9
37 17 0
37 17 16
37 16 15
37 15 14
37 14 6
37 6 2
37 2 1
37 6 5
37 5 4
37 4 3
37 14 13
37 13 7
37 13 12
37 12 9
37 9 8
37 12 11
37 11 10
38 17 3
38 3 2
38 2 0
38 2 1
38 17 16
38 16 15
38 15 14
38 14 11
38 11 9
38 9 8
38 8 7
38 7 6
38 6 5
38 5 4
38 11 10
38 14 13
38 13 12
39 16 14
39 14 13
39 13 11
39 11 9
39 9 4
39 4 3
39 3 2
39 2 0
39 2 1
39 9 8
39 8 7
39 7 6
39 6 5
39 11 10
39 13 12
39 16 15
40 17 15
40 15 12
40 12 11
40 11 0
40 11 10
40 10 9
40 9 3
40 3 2
40 2 1
40 9 8
40 8 4
40 8 7
40 7 6
40 6 5
40 15 14
40 14 13
40 17 16
41 15 0
41 15 14
41 14 12
41 12 5
41 5 3
41 3 2
41 2 1
41 5 4
41 12 11
41 11 10
41 10 7
41 7 6
41 10 9
41 9 8
41 14 13
42 18 0
42 18 17
42 17 16
42 16 15
42 15 12
42 12 2
42 2 1
42 12 11
42 11 10
42 10 8
42 8 6
42 6 3
42 6 5
42 5 4
42 8 7
42 10 9
42 15 14
42 14 13
43 16 15
43 15 14
43 14 11
43 11 10
43 10 9
43 9 7
43 7 6
43 6 5
43 5 4
43 4 0
43 4 3
43 3 1
43 3 2
43 9 8
43 14 13
43 13 12
44 17 16
44 16 15
44 15 8
44 8 6
44 6 5
44 5 2
44 2 1
44 1 0
44 5 4
44 4 3
44 8 7
44 15 14
44 14 13
44 13 12
44 12 10
44 10 9
44 12 11
45 14 13
45 13 3
45 3 2
45 2 0
45 2 1
45 13 12
45 12 7
45 7 4
45 7 6
45 6 5
45 12 11
45 11 8
45 11 10
45 10 9
46 14 13
46 13 10
46 10 9
46 9 1
46 1 0
46 9 8
46 8 7
46 7 5
46 5 4
46 4 3
46 3 2
46 7 6
46 13 12
46 12 11
47 17 11
47 11 8
47 8 7
47 7 2
47 2 0
47 2 1
47 7 6
47 6 3
47 6 5
47 5 4
47 11 10
47 10 9
47 17 16
47 16 14
47 14 13
47 13 12
47 16 15
48 18 0
48 18 17
48 17 6
48 6 5
48 5 3
48 3 2
48 2 1
48 5 4
48 17 16
48 16 10
48 10 8
48 8 7
48 10 9
48 16 15
48 15 14
48 14 11
48 14 13
48 13 12
49 18 0
49 18 17
49 17 9
49 9 1
49 9 8
49 8 7
49 7 2
49 7 6
49 6 4
49 4 3
49 6 5
49 17 16
49 16 14
49 14 13
49 13 12
49 12 10
49 12 11
49 16 15
50 14 6
50 6 5
50 5 3
50 3 2
50 2 1
50 1 0
50 5 4
50 14 13
50 13 12
50 12 10
50 10 8
50 8 7
50 10 9
50 12 11
51 18 16
51 16 15
51 15 0
51 15 14
51 14 1
51 14 13
51 13 2
51 13 12
51 12 9
51 9 7
51 7 4
51 4 3
51 7 6
51 6 5
51 9 8
51 12 11
51 11 10
51 18 17
52 18 17
52 17 16
52 16 0
52 16 15
52 15 14
52 14 13
52 13 12
52 12 11
52 11 6
52 6 5
52 5 4
52 4 1
52 4 3
52 3 2
52 11 10
52 10 7
52 10 9
52 9 8
53 19 17
53 17 12
53 12 3
53 3 2
53 2 1
53 1 0
53 12 11
53 11 5
53 5 4
53 11 10
53 10 6
53 10 9
53 9 8
53 8 7
53 17 16
53 16 15
53 15 13
53 15 14
53 19 18
54 18 14
54 14 0
54 14 13
54 13 12
54 12 11
54 11 1
54 11 10
54 10 9
54 9 8
54 8 6
54 6 4
54 4 2
54 4 3
54 6 5
54 8 7
54 18 17
54 17 16
54 16 15
55 19 18
55 18 5
55 5 4
55 4 3
55 3 2
55 2 1
55 1 0
55 18 17
55 17 7
55 7 6
55 17 16
55 16 15
55 15 9
55 9 8
55 15 14
55 14 13
55 13 12
55 12 10
55 12 11
56 15 13
56 13 12
56 12 11
56 11 6
56 6 5
56 5 3
56 3 2
56 2 1
56 1 0
56 5 4
56 11 10
56 10 8
56 8 7
56 10 9
56 15 14
57 16 13
57 13 1
57 1 0
57 13 12
57 12 11
57 11 10
57 10 9
57 9 7
57 7 6
57 6 4
57 4 2
57 4 3
57 6 5
57 9 8
57 16 15
57 15 14
58 14 0
58 14 13
58 13 7
58 7 6
58 6 5
58 5 4
58 4 3
58 3 2
58 2 1
58 13 12
58 12 11
58 11 10
58 10 8
58 10 9
59 16 10
59 10 7
59 7 3
59 3 0
59 3 2
59 2 1
59 7 6
59 6 5
59 5 4
59 10 9
59 9 8
59 16 15
59 15 14
59 14 12
59 12 11
59 14 13
60 16 6
60 6 0
60 6 5
60 5 4
60 4 1
60 4 3
60 3 2
60 16 15
60 15 14
60 14 12
60 12 10
60 10 9
60 9 8
60 8 7
60 12 11
60 14 13
61 16 2
61 2 0
61 2 1
61 16 15
61 15 3
61 15 14
61 14 13
61 13 7
61 7 6
61 6 5
61 5 4
61 13 12
61 12 11
61 11 9
61 9 8
61 11 10
62 16 14
62 14 13
62 13 0
62 13 12
62 12 10
62 10 9
62 9 8
62 8 7
62 7 1
62 7 6
62 6 5
62 5 4
62 4 2
62 4 3
62 12 11
62 16 15
63 16 14
63 14 12
63 12 10
63 10 3
63 3 0
63 3 2
63 2 1
63 10 9
63 9 8
63 8 4
63 8 7
63 7 6
63 6 5
63 12 11
63 14 13
63 16 15
64 17 1
64 1 0
64 17 16
64 16 14
64 14 13
64 13 11
64 11 10
64 10 7
64 7 5
64 5 2
64 5 4
64 4 3
64 7 6
64 10 9
64 9 8
64 13 12
64 16 15
65 19 17
65 17 16
65 16 2
65 2 1
65 1 0
65 16 15
65 15 5
65 5 3
65 5 4
65 15 14
65 14 13
65 13 9
65 9 8
65 8 6
65 8 7
65 13 12
65 12 10
65 12 11
65 19 18
66 14 13
66 13 0
66 13 12
66 12 11
66 11 9
66 9 8
66 8 6
66 6 1
66 6 5
66 5 2
66 5 4
66 4 3
66 8 7
66 11 10
67 16 15
67 15 14
67 14 13
67 13 12
67 12 9
67 9 1
67 1 0
67 9 8
67 8 4
67 4 2
67 4 3
67 8 7
67 7 5
67 7 6
67 12 11
67 11 10
68 18 16
68 16 6
68 6 5
68 5 1
68 1 0
68 5 4
68 4 2
68 4 3
68 16 15
68 15 12
68 12 10
68 10 9
68 9 7
68 9 8
68 12 11
68 15 14
68 14 13
68 18 17
69 18 13
69 13 12
69 12 11
69 11 9
69 9 0
69 9 8
69 8 7
69 7 1
69 7 6
69 6 4
69 4 2
69 4 3
69 6 5
69 11 10
69 18 17
69 17 15
69 15 14
69 17 16
70 14 12
70 12 11
70 11 10
70 10 7
70 7 6
70 6 4
70 4 0
70 4 3
70 3 2
70 2 1
70 6 5
70 10 9
70 9 8
70 14 13
71 16 15
71 15 14
71 14 7
71 7 5
71 5 4
71 4 2
71 2 0
71 2 1
71 4 3
71 7 6
71 14 13
71 13 12
71 12 10
71 10 9
71 9 8
71 12 11
72 17 3
72 3 0
72 3 2
72 2 1
72 17 16
72 16 14
72 14 4
72 14 13
72 13 12
72 12 10
72 10 8
72 8 7
72 7 6
72 6 5
72 10 9
72 12 11
72 16 15
73 15 13
73 13 11
73 11 10
73 10 9
73 9 7
73 7 4
73 4 0
73 4 3
73 3 2
73 2 1
73 7 6
73 6 5
73 9 8
73 13 12
73 15 14
74 17 0
74 17 16
74 16 15
74 15 14
74 14 11
74 11 6
74 6 5
74 5 1
74 5 4
74 4 2
74 4 3
74 11 10
74 10 7
74 10 9
74 9 8
74 14 13
74 13 12
75 18 17
75 17 3
75 3 2
75 2 0
75 2 1
75 17 16
75 16 15
75 15 13
75 13 12
75 12 4
75 12 11
75 11 7
75 7 6
75 6 5
75 11 10
75 10 9
75 9 8
75 15 14
76 17 12
76 12 9
76 9 7
76 7 1
76 1 0
76 7 6
76 6 5
76 5 4
76 4 2
76 4 3
76 9 8
76 12 11
76 11 10
76 17 16
76 16 13
76 16 15
76 15 14
77 16 14
77 14 13
77 13 0
77 13 12
77 12 11
77 11 10
77 10 8
77 8 7
77 7 4
77 4 1
77 4 3
77 3 2
77 7 6
77 6 5
77 10 9
77 16 15
78 14 6
78 6 1
78 1 0
78 6 5
78 5 4
78 4 3
78 3 2
78 14 13
78 13 10
78 10 9
78 9 8
78 8 7
78 13 12
78 12 11
79 17 15
79 15 0
79 15 14
79 14 6
79 6 3
79 3 1
79 3 2
79 6 5
79 5 4
79 14 13
79 13 7
79 13 12
79 12 9
79 9 8
79 12 11
79 11 10
79 17 16
80 15 5
80 5 4
80 4 0
80 4 3
80 3 1
80 3 2
80 15 14
80 14 13
80 13 6
80 13 12
80 12 11
80 11 7
80 11 10
80 10 8
80 10 9
81 14 13
81 13 11
81 11 9
81 9 4
81 4 2
81 2 1
81 1 0
81 4 3
81 9 8
81 8 6
81 6 5
81 8 7
81 11 10
81 13 12
82 15 14
82 14 1
82 1 0
82 14 13
82 13 2
82 13 12
82 12 11
82 11 7
82 7 3
82 7 6
82 6 5
82 5 4
82 11 10
82 10 9
82 9 8
83 15 5
83 5 4
83 4 1
83 1 0
83 4 3
83 3 2
83 15 14
83 14 6
83 14 13
83 13 8
83 8 7
83 13 12
83 12 11
83 11 9
83 11 10
84 15 2
84 2 1
84 1 0
84 15 14
84 14 11
84 11 10
84 10 9
84 9 7
84 7 5
84 5 3
84 5 4
84 7 6
84 9 8
84 14 13
84 13 12
85 19 0
85 19 18
85 18 16
85 16 3
85 3 2
85 2 1
85 16 15
85 15 9
85 9 4
85 9 8
85 8 7
85 7 5
85 7 6
85 15 14
85 14 13
85 13 12
85 12 10
85 12 11
85 18 17
86 17 16
86 16 15
86 15 14
86 14 0
86 14 13
86 13 1
86 13 12
86 12 2
86 12 11
86 11 5
86 5 4
86 4 3
86 11 10
86 10 6
86 10 9
86 9 7
86 9 8
87 16 15
87 15 1
87 1 0
87 15 14
87 14 13
87 13 11
87 11 10
87 10 5
87 5 2
87 5 4
87 4 3
87 10 9
87 9 8
87 8 6
87 8 7
87 13 12
88 14 13
88 13 12
88 12 11
88 11 9
88 9 8
88 8 5
88 5 1
88 1 0
88 5 4
88 4 2
88 4 3
88 8 7
88 7 6
88 11 10
89 19 17
89 17 16
89 16 15
89 15 11
89 11 9
89 9 0
89 9 8
89 8 5
89 5 1
89 5 4
89 4 3
89 3 2
89 8 7
89 7 6
89 11 10
89 15 14
89 14 12
89 14 13
89 19 18
90 15 1
90 1 0
90 15 14
90 14 11
90 11 10
90 10 6
90 6 3
90 3 2
90 6 5
90 5 4
90 10 9
90 9 7
90 9 8
90 14 13
90 13 12
91 14 13
91 13 12
91 12 11
91 11 7
91 7 2
91 2 1
91 1 0
91 7 6
91 6 5
91 5 3
91 5 4
91 11 10
91 10 9
91 9 8
92 17 5
92 5 3
92 3 1
92 1 0
92 3 2
92 5 4
92 17 16
92 16 14
92 14 13
92 13 12
92 12 11
92 11 7
92 7 6
92 11 10
92 10 9
92 9 8
92 16 15
93 17 16
93 16 1
93 1 0
93 16 15
93 15 14
93 14 2
93 14 13
93 13 6
93 6 4
93 4 3
93 6 5
93 13 12
93 12 8
93 8 7
93 12 11
93 11 9
93 11 10
94 18 10
94 10 0
94 10 9
94 9 1
94 9 8
94 8 4
94 4 2
94 4 3
94 8 7
94 7 6
94 6 5
94 18 17
94 17 12
94 12 11
94 17 16
94 16 15
94 15 14
94 14 13
95 15 3
95 3 2
95 2 1
95 1 0
95 15 14
95 14 13
95 13 12
95 12 4
95 12 11
95 11 10
95 10 9
95 9 8
95 8 7
95 7 5
95 7 6
96 16 15
96 15 0
96 15 14
96 14 13
96 13 1
96 13 12
96 12 2
96 12 11
96 11 5
96 5 4
96 4 3
96 11 10
96 10 8
96 8 6
96 8 7
96 10 9
97 19 17
97 17 14
97 14 3
97 3 2
97 2 1
97 1 0
97 14 13
97 13 12
97 12 5
97 5 4
97 12 11
97 11 8
97 8 7
97 7 6
97 11 10
97 10 9
97 17 16
97 16 15
97 19 18
98 14 12
98 12 3
98 3 0
98 3 2
98 2 1
98 12 11
98 11 4
98 11 10
98 10 9
98 9 5
98 9 8
98 8 7
98 7 6
98 14 13
99 18 17
99 17 2
99 2 0
99 2 1
99 17 16
99 16 14
99 14 4
99 4 3
99 14 13
99 13 5
99 13 12
99 12 11
99 11 6
99 11 10
99 10 9
99 9 7
99 9 8
99 16 15
100 16 2
100 2 0
100 2 1
100 16 15
100 15 14
100 14 3
100 14 13
100 13 10
100 10 8
100 8 7
100 7 6
100 6 4
100 6 5
100 10 9
100 13 12
100 12 11
101 19 8
101 8 7
101 7 0
101 7 6
101 6 3
101 3 1
101 3 2
101 6 5
101 5 4
101 19 18
101 18 15
101 15 9
101 15 14
101 14 13
101 13 12
101 12 10
101 12 11
101 18 17
101 17 16
