1 17 16
1 16 14
1 14 0
1 14 13
1 13 12
1 12 11
1 11 2
1 2 1
1 11 10
1 10 8
1 8 7
1 7 6
1 6 4
1 4 3
1 6 5
1 10 9
1 16 15
2 15 6
2 6 5
2 5 4
2 4 0
2 4 3
2 3 1
2 3 2
2 15 14
2 14 11
2 11 9
2 9 8
2 8 7
2 11 10
2 14 13
2 13 12
3 17 15
3 15 14
3 14 0
3 14 13
3 13 12
3 12 11
3 11 9
3 9 1
3 9 8
3 8 2
3 8 7
3 7 3
3 7 6
3 6 4
3 6 5
3 11 10
3 17 16
4 15 13
4 13 6
4 6 4
4 4 1
4 1 0
4 4 3
4 3 2
4 6 5
4 13 12
4 12 11
4 11 10
4 10 9
4 9 8
4 8 7
4 15 14
5 15 14
5 14 5
5 5 4
5 4 3
5 3 1
5 1 0
5 3 2
5 14 13
5 13 11
5 11 7
5 7 6
5 11 10
5 10 8
5 10 9
5 13 12
6 18 17
6 17 16
6 16 14
6 14 0
6 14 13
6 13 11
6 11 3
6 3 2
6 2 1
6 11 10
6 10 9
6 9 7
6 7 6
6 6 5
6 5 4
6 9 8
6 13 12
6 16 15
7 14 13
7 13 4
7 4 3
7 3 0
7 3 2
7 2 1
7 13 12
7 12 5
7 12 11
7 11 7
7 7 6
7 11 10
7 10 9
7 9 8
8 15 13
8 13 12
8 12 0
8 12 11
8 11 10
8 10 9
8 9 7
8 7 2
8 2 1
8 7 6
8 6 4
8 4 3
8 6 5
8 9 8
8 15 14
9 19 13
9 13 3
9 3 1
9 1 0
9 3 2
9 13 12
9 12 11
9 11 8
9 8 7
9 7 4
9 7 6
9 6 5
9 11 10
9 10 9
9 19 18
9 18 16
9 16 14
9 16 15
9 18 17
10 16 12
10 12 0
10 12 11
10 11 1
10 11 10
10 10 3
10 3 2
10 10 9
10 9 8
10 8 6
10 6 4
10 6 5
10 8 7
10 16 15
10 15 13
10 15 14
11 15 14
11 14 13
11 13 12
11 12 8
11 8 6
11 6 4
11 4 2
11 2 1
11 1 0
11 4 3
11 6 5
11 8 7
11 12 11
11 11 10
11 10 9
12 17 15
12 15 4
12 4 3
12 3 2
12 2 0
12 2 1
12 15 14
12 14 5
12 14 13
12 13 6
12 13 12
12 12 10
12 10 9
12 9 7
12 9 8
12 12 11
12 17 16
13 19 18
13 18 0
13 18 17
13 17 3
13 3 2
13 2 1
13 17 16
13 16 15
13 15 14
13 14 13
13 13 7
13 7 6
13 6 5
13 5 4
13 13 12
13 12 10
13 10 9
13 9 8
13 12 11
14 16 15
14 15 1
14 1 0
14 15 14
14 14 13
14 13 9
14 9 7
14 7 5
14 5 4
14 4 3
14 3 2
14 7 6
14 9 8
14 13 12
14 12 11
14 11 10
15 15 14
15 14 13
15 13 6
15 6 5
15 5 3
15 3 1
15 1 0
15 3 2
15 5 4
15 13 12
15 12 7
15 12 11
15 11 8
15 11 10
15 10 9
16 15 13
16 13 12
16 12 3
16 3 0
16 3 2
16 2 1
16 12 11
16 11 10
16 10 4
16 10 9
16 9 5
16 9 8
16 8 6
16 8 7
16 15 14
17 15 10
17 10 9
17 9 7
17 7 0
17 7 6
17 6 5
17 5 4
17 4 2
17 2 1
17 4 3
17 9 8
17 15 14
17 14 13
17 13 12
17 12 11
18 17 16
18 16 3
18 3 2
18 2 0
18 2 1
18 16 15
18 15 14
18 14 13
18 13 12
18 12 11
18 11 6
18 6 4
18 6 5
18 11 10
18 10 8
18 8 7
18 10 9
19 15 13
19 13 11
19 11 10
19 10 9
19 9 8
19 8 7
19 7 5
19 5 4
19 4 2
19 2 1
19 1 0
19 4 3
19 7 6
19 13 12
19 15 14
20 19 18
20 18 1
20 1 0
20 18 17
20 17 16
20 16 15
20 15 14
20 14 13
20 13 11
20 11 6
20 6 2
20 6 5
20 5 3
20 5 4
20 11 10
20 10 8
20 8 7
20 10 9
20 13 12
21 17 16
21 16 12
21 12 11
21 11 0
21 11 10
21 10 9
21 9 1
21 9 8
21 8 3
21 3 2
21 8 7
21 7 4
21 7 6
21 6 5
21 16 15
21 15 14
21 14 13
22 15 8
22 8 6
22 6 0
22 6 5
22 5 1
22 5 4
22 4 3
22 3 2
22 8 7
22 15 14
22 14 9
22 14 13
22 13 12
22 12 10
22 12 11
23 17 14
23 14 11
23 11 10
23 10 9
23 9 7
23 7 3
23 3 1
23 1 0
23 3 2
23 7 6
23 6 4
23 6 5
23 9 8
23 14 13
23 13 12
23 17 16
23 16 15
24 14 13
24 13 3
24 3 1
24 1 0
24 3 2
24 13 12
24 12 6
24 6 5
24 5 4
24 12 11
24 11 9
24 9 8
24 8 7
24 11 10
25 15 0
25 15 14
25 14 13
25 13 11
25 11 10
25 10 8
25 8 6
25 6 5
25 5 3
25 3 1
25 3 2
25 5 4
25 8 7
25 10 9
25 13 12
26 14 9
26 9 7
26 7 6
26 6 4
26 4 0
26 4 3
26 3 2
26 2 1
26 6 5
26 9 8
26 14 13
26 13 12
26 12 11
26 11 10
27 19 18
27 18 3
27 3 2
27 2 1
27 1 0
27 18 17
27 17 16
27 16 13
27 13 8
27 8 5
27 5 4
27 8 7
27 7 6
27 13 12
27 12 11
27 11 10
27 10 9
27 16 15
27 15 14
28 18 17
28 17 15
28 15 14
28 14 13
28 13 12
28 12 0
28 12 11
28 11 10
28 10 9
28 9 7
28 7 2
28 2 1
28 7 6
28 6 4
28 4 3
28 6 5
28 9 8
28 17 16
29 17 16
29 16 15
29 15 13
29 13 12
29 12 11
29 11 5
29 5 0
29 5 4
29 4 1
29 4 3
29 3 2
29 11 10
29 10 9
29 9 8
29 8 6
29 8 7
29 15 14
30 19 17
30 17 13
30 13 12
30 12 7
30 7 2
30 2 1
30 1 0
30 7 6
30 6 3
30 6 5
30 5 4
30 12 11
30 11 8
30 11 10
30 10 9
30 17 16
30 16 15
30 15 14
30 19 18
31 16 11
31 11 10
31 10 0
31 10 9
31 9 1
31 9 8
31 8 7
31 7 6
31 6 3
31 3 2
31 6 5
31 5 4
31 16 15
31 15 13
31 13 12
31 15 14
32 15 2
32 2 1
32 1 0
32 15 14
32 14 5
32 5 3
32 5 4
32 14 13
32 13 12
32 12 7
32 7 6
32 12 11
32 11 9
32 9 8
32 11 10
33 17 16
33 16 11
33 11 9
33 9 8
33 8 5
33 5 1
33 1 0
33 5 4
33 4 3
33 3 2
33 8 7
33 7 6
33 11 10
33 16 15
33 15 14
33 14 13
33 13 12
34 18 17
34 17 7
34 7 0
34 7 6
34 6 2
34 2 1
34 6 5
34 5 4
34 4 3
34 17 16
34 16 8
34 16 15
34 15 9
34 15 14
34 14 12
34 12 10
34 12 11
34 14 13
35 14 13
35 13 0
35 13 12
35 12 10
35 10 6
35 6 5
35 5 1
35 5 4
35 4 3
35 3 2
35 10 9
35 9 8
35 8 7
35 12 11
36 19 11
36 11 3
36 3 2
36 2 1
36 1 0
36 11 10
36 10 8
36 8 7
36 7 5
36 5 4
36 7 6
36 10 9
36 19 18
36 18 17
36 17 16
36 16 15
36 15 14
36 14 12
36 14 13
37 19 1
37 1 0
37 19 18
37 18 15
37 15 13
37 13 9
37 9 2
37 9 8
37 8 7
37 7 5
37 5 4
37 4 3
37 7 6
37 13 12
37 12 10
37 12 11
37 15 14
37 18 17
37 17 16
38 16 15
38 15 4
38 4 3
38 3 2
38 2 0
38 2 1
38 15 14
38 14 10
38 10 8
38 8 7
38 7 6
38 6 5
38 10 9
38 14 13
38 13 12
38 12 11
39 16 15
39 15 13
39 13 1
39 1 0
39 13 12
39 12 11
39 11 2
39 11 10
39 10 6
39 6 5
39 5 4
39 4 3
39 10 9
39 9 8
39 8 7
39 15 14
40 17 14
40 14 13
40 13 8
40 8 7
40 7 6
40 6 5
40 5 4
40 4 3
40 3 0
40 3 2
40 2 1
40 13 12
40 12 10
40 10 9
40 12 11
40 17 16
40 16 15
41 15 12
41 12 10
41 10 9
41 9 8
41 8 7
41 7 6
41 6 1
41 1 0
41 6 5
41 5 3
41 3 2
41 5 4
41 12 11
41 15 14
41 14 13
42 19 2
42 2 1
42 1 0
42 19 18
42 18 8
42 8 3
42 8 7
42 7 6
42 6 4
42 6 5
42 18 17
42 17 11
42 11 9
42 11 10
42 17 16
42 16 15
42 15 14
42 14 13
42 13 12
43 15 12
43 12 11
43 11 0
43 11 10
43 10 9
43 9 7
43 7 5
43 5 2
43 2 1
43 5 4
43 4 3
43 7 6
43 9 8
43 15 14
43 14 13
44 18 17
44 17 10
44 10 2
44 2 1
44 1 0
44 10 9
44 9 4
44 4 3
44 9 8
44 8 7
44 7 6
44 6 5
44 17 16
44 16 13
44 13 11
44 13 12
44 16 15
44 15 14
45 16 15
45 15 0
45 15 14
45 14 13
45 13 12
45 12 11
45 11 10
45 10 9
45 9 4
45 4 3
45 3 2
45 2 1
45 9 8
45 8 5
45 8 7
45 7 6
46 17 14
46 14 11
46 11 10
46 10 9
46 9 7
46 7 6
46 6 5
46 5 4
46 4 0
46 4 3
46 3 2
46 2 1
46 9 8
46 14 13
46 13 12
46 17 16
46 16 15
47 17 0
47 17 16
47 16 3
47 3 1
47 3 2
47 16 15
47 15 8
47 8 7
47 7 5
47 5 4
47 7 6
47 15 14
47 14 13
47 13 9
47 13 12
47 12 10
47 12 11
48 15 0
48 15 14
48 14 13
48 13 1
48 13 12
48 12 10
48 10 8
48 8 2
48 8 7
48 7 3
48 7 6
48 6 5
48 5 4
48 10 9
48 12 11
49 14 1
49 1 0
49 14 13
49 13 12
49 12 10
49 10 8
49 8 7
49 7 6
49 6 3
49 3 2
49 6 5
49 5 4
49 10 9
49 12 11
50 17 0
50 17 16
50 16 15
50 15 12
50 12 1
50 12 11
50 11 10
50 10 8
50 8 2
50 8 7
50 7 3
50 7 6
50 6 5
50 5 4
50 10 9
50 15 14
50 14 13
51 17 16
51 16 15
51 15 1
51 1 0
51 15 14
51 14 3
51 3 2
51 14 13
51 13 10
51 10 8
51 8 7
51 7 6
51 6 5
51 5 4
51 10 9
51 13 12
51 12 11
52 17 14
52 14 13
52 13 0
52 13 12
52 12 10
52 10 8
52 8 3
52 3 2
52 2 1
52 8 7
52 7 4
52 7 6
52 6 5
52 10 9
52 12 11
52 17 16
52 16 15
53 15 14
53 14 1
53 1 0
53 14 13
53 13 12
53 12 10
53 10 3
53 3 2
53 10 9
53 9 8
53 8 7
53 7 6
53 6 5
53 5 4
53 12 11
54 17 3
54 3 0
54 3 2
54 2 1
54 17 16
54 16 4
54 16 15
54 15 7
54 7 5
54 7 6
54 15 14
54 14 8
54 14 13
54 13 12
54 12 11
54 11 10
54 10 9
55 15 13
55 13 0
55 13 12
55 12 9
55 9 6
55 6 1
55 6 5
55 5 3
55 3 2
55 5 4
55 9 8
55 8 7
55 12 11
55 11 10
55 15 14
56 16 15
56 15 13
56 13 6
56 6 5
56 5 2
56 2 0
56 2 1
56 5 4
56 4 3
56 13 12
56 12 10
56 10 9
56 9 8
56 8 7
56 12 11
56 15 14
57 18 17
57 17 3
57 3 2
57 2 1
57 1 0
57 17 16
57 16 10
57 10 9
57 9 6
57 6 4
57 6 5
57 9 8
57 8 7
57 16 15
57 15 12
57 12 11
57 15 14
57 14 13
58 19 12
58 12 10
58 10 0
58 10 9
58 9 1
58 9 8
58 8 2
58 8 7
58 7 3
58 7 6
58 6 5
58 5 4
58 12 11
58 19 18
58 18 17
58 17 13
58 17 16
58 16 15
58 15 14
59 14 0
59 14 13
59 13 1
59 13 12
59 12 10
59 10 7
59 7 5
59 5 3
59 3 2
59 5 4
59 7 6
59 10 9
59 9 8
59 12 11
60 17 15
60 15 1
60 1 0
60 15 14
60 14 6
60 6 2
60 6 5
60 5 3
60 5 4
60 14 13
60 13 12
60 12 11
60 11 10
60 10 7
60 10 9
60 9 8
60 17 16
61 19 17
61 17 2
61 2 1
61 1 0
61 17 16
61 16 8
61 8 7
61 7 4
61 4 3
61 7 6
61 6 5
61 16 15
61 15 14
61 14 12
61 12 11
61 11 9
61 11 10
61 14 13
61 19 18
62 14 1
62 1 0
62 14 13
62 13 2
62 13 12
62 12 11
62 11 3
62 11 10
62 10 8
62 8 7
62 7 6
62 6 5
62 5 4
62 10 9
63 14 3
63 3 2
63 2 1
63 1 0
63 14 13
63 13 12
63 12 8
63 8 4
63 8 7
63 7 6
63 6 5
63 12 11
63 11 10
63 10 9
64 17 16
64 16 14
64 14 5
64 5 3
64 3 2
64 2 1
64 1 0
64 5 4
64 14 13
64 13 9
64 9 6
64 9 8
64 8 7
64 13 12
64 12 11
64 11 10
64 16 15
65 16 15
65 15 14
65 14 7
65 7 5
65 5 1
65 1 0
65 5 4
65 4 2
65 4 3
65 7 6
65 14 13
65 13 12
65 12 9
65 9 8
65 12 11
65 11 10
66 19 17
66 17 16
66 16 10
66 10 9
66 9 0
66 9 8
66 8 5
66 5 3
66 3 1
66 3 2
66 5 4
66 8 7
66 7 6
66 16 15
66 15 13
66 13 12
66 12 11
66 15 14
66 19 18
67 19 16
67 16 13
67 13 12
67 12 5
67 5 1
67 1 0
67 5 4
67 4 2
67 4 3
67 12 11
67 11 10
67 10 8
67 8 7
67 7 6
67 10 9
67 16 15
67 15 14
67 19 18
67 18 17
68 16 14
68 14 6
68 6 5
68 5 3
68 3 2
68 2 0
68 2 1
68 5 4
68 14 13
68 13 10
68 10 8
68 8 7
68 10 9
68 13 12
68 12 11
68 16 15
69 14 13
69 13 12
69 12 0
69 12 11
69 11 3
69 3 1
69 3 2
69 11 10
69 10 5
69 5 4
69 10 9
69 9 7
69 7 6
69 9 8
70 15 14
70 14 13
70 13 1
70 1 0
70 13 12
70 12 10
70 10 9
70 9 8
70 8 7
70 7 2
70 7 6
70 6 5
70 5 3
70 5 4
70 12 11
71 18 7
71 7 6
71 6 4
71 4 2
71 2 1
71 1 0
71 4 3
71 6 5
71 18 17
71 17 13
71 13 12
71 12 9
71 9 8
71 12 11
71 11 10
71 17 16
71 16 14
71 16 15
72 14 1
72 1 0
72 14 13
72 13 12
72 12 11
72 11 4
72 4 2
72 4 3
72 11 10
72 10 8
72 8 7
72 7 5
72 7 6
72 10 9
73 15 0
73 15 14
73 14 7
73 7 5
73 5 2
73 2 1
73 5 4
73 4 3
73 7 6
73 14 13
73 13 12
73 12 11
73 11 10
73 10 8
73 10 9
74 19 13
74 13 0
74 13 12
74 12 11
74 11 3
74 3 2
74 2 1
74 11 10
74 10 4
74 10 9
74 9 8
74 8 7
74 7 5
74 7 6
74 19 18
74 18 14
74 18 17
74 17 15
74 17 16
75 19 0
75 19 18
75 18 16
75 16 2
75 2 1
75 16 15
75 15 13
75 13 12
75 12 9
75 9 4
75 4 3
75 9 8
75 8 5
75 8 7
75 7 6
75 12 11
75 11 10
75 15 14
75 18 17
76 15 0
76 15 14
76 14 13
76 13 6
76 6 4
76 4 2
76 2 1
76 4 3
76 6 5
76 13 12
76 12 11
76 11 10
76 10 9
76 9 8
76 8 7
77 17 14
77 14 0
77 14 13
77 13 12
77 12 11
77 11 3
77 3 2
77 2 1
77 11 10
77 10 9
77 9 8
77 8 7
77 7 6
77 6 5
77 5 4
77 17 16
77 16 15
78 14 13
78 13 1
78 1 0
78 13 12
78 12 2
78 12 11
78 11 10
78 10 4
78 4 3
78 10 9
78 9 6
78 6 5
78 9 8
78 8 7
79 19 15
79 15 14
79 14 6
79 6 4
79 4 3
79 3 2
79 2 0
79 2 1
79 6 5
79 14 13
79 13 11
79 11 8
79 8 7
79 11 10
79 10 9
79 13 12
79 19 18
79 18 17
79 17 16
80 15 13
80 13 11
80 11 5
80 5 4
80 4 2
80 2 0
80 2 1
80 4 3
80 11 10
80 10 9
80 9 8
80 8 7
80 7 6
80 13 12
80 15 14
81 16 13
81 13 12
81 12 10
81 10 3
81 3 1
81 1 0
81 3 2
81 10 9
81 9 8
81 8 4
81 8 7
81 7 5
81 7 6
81 12 11
81 16 15
81 15 14
82 18 17
82 17 14
82 14 0
82 14 13
82 13 12
82 12 1
82 12 11
82 11 7
82 7 6
82 6 2
82 6 5
82 5 4
82 4 3
82 11 10
82 10 8
82 10 9
82 17 16
82 16 15
83 15 14
83 14 12
83 12 11
83 11 1
83 1 0
83 11 10
83 10 8
83 8 4
83 4 3
83 3 2
83 8 7
83 7 5
83 7 6
83 10 9
83 14 13
84 16 15
84 15 14
84 14 12
84 12 11
84 11 9
84 9 8
84 8 7
84 7 5
84 5 4
84 4 1
84 1 0
84 4 3
84 3 2
84 7 6
84 11 10
84 14 13
85 19 18
85 18 1
85 1 0
85 18 17
85 17 2
85 17 16
85 16 14
85 14 13
85 13 5
85 5 3
85 5 4
85 13 12
85 12 6
85 12 11
85 11 8
85 8 7
85 11 10
85 10 9
85 16 15
86 18 17
86 17 15
86 15 14
86 14 11
86 11 0
86 11 10
86 10 1
86 10 9
86 9 7
86 7 5
86 5 2
86 5 4
86 4 3
86 7 6
86 9 8
86 14 13
86 13 12
86 17 16
87 19 18
87 18 16
87 16 1
87 1 0
87 16 15
87 15 14
87 14 5
87 5 3
87 3 2
87 5 4
87 14 13
87 13 12
87 12 11
87 11 10
87 10 9
87 9 8
87 8 7
87 7 6
87 18 17
88 18 15
88 15 14
88 14 0
88 14 13
88 13 11
88 11 10
88 10 4
88 4 2
88 2 1
88 4 3
88 10 9
88 9 7
88 7 5
88 7 6
88 9 8
88 13 12
88 18 17
88 17 16
89 19 0
89 19 18
89 18 17
89 17 16
89 16 12
89 12 4
89 4 2
89 2 1
89 4 3
89 12 11
89 11 10
89 10 9
89 9 7
89 7 5
89 7 6
89 9 8
89 16 15
89 15 13
89 15 14
90 18 17
90 17 16
90 16 0
90 16 15
90 15 12
90 12 11
90 11 10
90 10 1
90 10 9
90 9 6
90 6 4
90 4 2
90 4 3
90 6 5
90 9 8
90 8 7
90 15 14
90 14 13
91 19 15
91 15 14
91 14 0
91 14 13
91 13 1
91 13 12
91 12 11
91 11 10
91 10 5
91 5 4
91 4 3
91 3 2
91 10 9
91 9 8
91 8 6
91 8 7
91 19 18
91 18 17
91 17 16
92 14 13
92 13 4
92 4 3
92 3 1
92 1 0
92 3 2
92 13 12
92 12 10
92 10 5
92 10 9
92 9 8
92 8 6
92 8 7
92 12 11
93 16 15
93 15 14
93 14 0
93 14 13
93 13 12
93 12 11
93 11 1
93 11 10
93 10 2
93 10 9
93 9 8
93 8 7
93 7 5
93 5 4
93 4 3
93 7 6
94 17 3
94 3 0
94 3 2
94 2 1
94 17 16
94 16 15
94 15 13
94 13 7
94 7 5
94 5 4
94 7 6
94 13 12
94 12 11
94 11 10
94 10 8
94 10 9
94 15 14
95 14 0
95 14 13
95 13 7
95 7 6
95 6 2
95 2 1
95 6 5
95 5 4
95 4 3
95 13 12
95 12 9
95 9 8
95 12 11
95 11 10
96 19 6
96 6 2
96 2 1
96 1 0
96 6 5
96 5 3
96 5 4
96 19 18
96 18 17
96 17 13
96 13 12
96 12 11
96 11 9
96 9 7
96 9 8
96 11 10
96 17 16
96 16 14
96 16 15
97 17 16
97 16 12
97 12 2
97 2 1
97 1 0
97 12 11
97 11 8
97 8 4
97 4 3
97 8 7
97 7 5
97 7 6
97 11 10
97 10 9
97 16 15
97 15 14
97 14 13
98 15 14
98 14 9
98 9 8
98 8 2
98 2 0
98 2 1
98 8 7
98 7 6
98 6 5
98 5 3
98 5 4
98 14 13
98 13 11
98 11 10
98 13 12
99 17 16
99 16 1
99 1 0
99 16 15
99 15 13
99 13 11
99 11 10
99 10 2
99 10 9
99 9 8
99 8 7
99 7 6
99 6 3
99 6 5
99 5 4
99 13 12
99 15 14
100 19 17
100 17 6
100 6 5
100 5 4
100 4 3
100 3 2
100 2 1
100 1 0
100 17 16
100 16 7
100 16 15
100 15 14
100 14 13
100 13 9
100 9 8
100 13 12
100 12 10
100 12 11
100 19 18
101 15 10
101 10 8
101 8 7
101 7 0
101 7 6
101 6 5
101 5 4
101 4 2
101 2 1
101 4 3
101 10 9
101 15 14
101 14 11
101 14 13
101 13 12
