1 16 15
1 15 0
1 15 14
1 14 5
1 5 2
1 2 1
1 5 4
1 4 3
1 14 13
1 13 8
1 8 7
1 7 6
1 13 12
1 12 11
1 11 10
1 10 9
2 16 14
2 14 7
2 7 0
2 7 6
2 6 5
2 5 4
2 4 3
2 3 2
2 2 1
2 14 13
2 13 12
2 12 11
2 11 10
2 10 8
2 10 9
2 16 15
3 14 12
3 12 1
3 1 0
3 12 11
3 11 5
3 5 4
3 4 3
3 3 2
3 11 10
3 10 9
3 9 8
3 8 7
3 7 6
3 14 13
4 14 0
4 14 13
4 13 3
4 3 1
4 3 2
4 13 12
4 12 4
4 12 11
4 11 10
4 10 6
4 6 5
4 10 9
4 9 7
4 9 8
5 14 8
5 8 7
5 7 0
5 7 6
5 6 1
5 6 5
5 5 4
5 4 3
5 3 2
5 14 13
5 13 12
5 12 10
5 10 9
5 12 11
6 14 6
6 6 0
6 6 5
6 5 1
6 5 4
6 4 2
6 4 3
6 14 13
6 13 12
6 12 9
6 9 8
6 8 7
6 12 11
6 11 10
7 15 13
7 13 12
7 12 11
7 11 0
7 11 10
7 10 8
7 8 1
7 8 7
7 7 5
7 5 2
7 5 4
7 4 3
7 7 6
7 10 9
7 15 14
8 19 14
8 14 6
8 6 4
8 4 1
8 1 0
8 4 3
8 3 2
8 6 5
8 14 13
8 13 7
8 13 12
8 12 11
8 11 10
8 10 8
8 10 9
8 19 18
8 18 17
8 17 15
8 17 16
9 15 10
9 10 0
9 10 9
9 9 2
9 2 1
9 9 8
9 8 7
9 7 6
9 6 5
9 5 3
9 5 4
9 15 14
9 14 11
9 14 13
9 13 12
10 18 16
10 16 14
10 14 13
10 13 1
10 1 0
10 13 12
10 12 11
10 11 2
10 11 10
10 10 8
10 8 3
10 8 7
10 7 4
10 7 6
10 6 5
10 10 9
10 16 15
10 18 17
11 16 11
11 11 9
11 9 8
11 8 3
11 3 0
11 3 2
11 2 1
11 8 7
11 7 6
11 6 5
11 5 4
11 11 10
11 16 15
11 15 14
11 14 12
11 14 13
12 17 16
12 16 15
12 15 14
12 14 2
12 2 1
12 1 0
12 14 13
12 13 12
12 12 11
12 11 10
12 10 8
12 8 6
12 6 5
12 5 3
12 5 4
12 8 7
12 10 9
13 14 9
13 9 1
13 1 0
13 9 8
13 8 7
13 7 6
13 6 2
13 6 5
13 5 4
13 4 3
13 14 13
13 13 11
13 11 10
13 13 12
14 16 8
14 8 7
14 7 2
14 2 0
14 2 1
14 7 6
14 6 5
14 5 3
14 5 4
14 16 15
14 15 13
14 13 11
14 11 10
14 10 9
14 13 12
14 15 14
15 16 15
15 15 13
15 13 5
15 5 4
15 4 1
15 1 0
15 4 3
15 3 2
15 13 12
15 12 10
15 10 6
15 10 9
15 9 8
15 8 7
15 12 11
15 15 14
16 14 2
16 2 0
16 2 1
16 14 13
16 13 9
16 9 3
16 9 8
16 8 4
16 8 7
16 7 6
16 6 5
16 13 12
16 12 11
16 11 10
17 17 16
17 16 15
17 15 13
17 13 0
17 13 12
17 12 7
17 7 6
17 6 4
17 4 1
17 4 3
17 3 2
17 6 5
17 12 11
17 11 9
17 9 8
17 11 10
17 15 14
18 19 0
18 19 18
18 18 17
18 17 7
18 7 4
18 4 3
18 3 1
18 3 2
18 7 6
18 6 5
18 17 16
18 16 15
18 15 14
18 14 13
18 13 8
18 13 12
18 12 10
18 10 9
18 12 11
19 15 13
19 13 3
19 3 1
19 1 0
19 3 2
19 13 12
19 12 8
19 8 5
19 5 4
19 8 7
19 7 6
19 12 11
19 11 10
19 10 9
19 15 14
20 16 15
20 15 12
20 12 10
20 10 8
20 8 7
20 7 5
20 5 0
20 5 4
20 4 2
20 2 1
20 4 3
20 7 6
20 10 9
20 12 11
20 15 14
20 14 13
21 14 0
21 14 13
21 13 11
21 11 10
21 10 3
21 3 1
21 3 2
21 10 9
21 9 8
21 8 4
21 8 7
21 7 6
21 6 5
21 13 12
22 15 5
22 5 0
22 5 4
22 4 3
22 3 1
22 3 2
22 15 14
22 14 6
22 14 13
22 13 12
22 12 11
22 11 8
22 8 7
22 11 10
22 10 9
23 17 0
23 17 16
23 16 5
23 5 3
23 3 1
23 3 2
23 5 4
23 16 15
23 15 14
23 14 7
23 7 6
23 14 13
23 13 12
23 12 11
23 11 10
23 10 9
23 9 8
24 16 3
24 3 0
24 3 2
24 2 1
24 16 15
24 15 11
24 11 10
24 10 6
24 6 4
24 6 5
24 10 9
24 9 8
24 8 7
24 15 14
24 14 13
24 13 12
25 19 0
25 19 18
25 18 17
25 17 1
25 17 16
25 16 15
25 15 14
25 14 13
25 13 11
25 11 8
25 8 6
25 6 5
25 5 3
25 3 2
25 5 4
25 8 7
25 11 10
25 10 9
25 13 12
26 14 2
26 2 1
26 1 0
26 14 13
26 13 7
26 7 3
26 7 6
26 6 5
26 5 4
26 13 12
26 12 11
26 11 8
26 11 10
26 10 9
27 15 8
27 8 4
27 4 3
27 3 2
27 2 0
27 2 1
27 8 7
27 7 5
27 7 6
27 15 14
27 14 11
27 11 9
27 11 10
27 14 13
27 13 12
28 15 14
28 14 13
28 13 12
28 12 11
28 11 2
28 2 0
28 2 1
28 11 10
28 10 9
28 9 8
28 8 7
28 7 6
28 6 5
28 5 3
28 5 4
29 15 14
29 14 13
29 13 12
29 12 0
29 12 11
29 11 5
29 5 4
29 4 3
29 3 1
29 3 2
29 11 10
29 10 9
29 9 7
29 7 6
29 9 8
30 14 10
30 10 9
30 9 8
30 8 7
30 7 6
30 6 5
30 5 4
30 4 0
30 4 3
30 3 1
30 3 2
30 14 13
30 13 11
30 13 12
31 16 15
31 15 14
31 14 13
31 13 1
31 1 0
31 13 12
31 12 10
31 10 9
31 9 3
31 3 2
31 9 8
31 8 5
31 5 4
31 8 7
31 7 6
31 12 11
32 15 13
32 13 12
32 12 7
32 7 6
32 6 4
32 4 0
32 4 3
32 3 2
32 2 1
32 6 5
32 12 11
32 11 10
32 10 9
32 9 8
32 15 14
33 17 15
33 15 12
33 12 5
33 5 4
33 4 2
33 2 0
33 2 1
33 4 3
33 12 11
33 11 6
33 11 10
33 10 7
33 10 9
33 9 8
33 15 14
33 14 13
33 17 16
34 17 4
34 4 0
34 4 3
34 3 2
34 2 1
34 17 16
34 16 15
34 15 14
34 14 6
34 6 5
34 14 13
34 13 7
34 13 12
34 12 10
34 10 9
34 9 8
34 12 11
35 18 12
35 12 11
35 11 3
35 3 1
35 1 0
35 3 2
35 11 10
35 10 9
35 9 8
35 8 4
35 8 7
35 7 6
35 6 5
35 18 17
35 17 15
35 15 14
35 14 13
35 17 16
36 18 0
36 18 17
36 17 16
36 16 14
36 14 13
36 13 2
36 2 1
36 13 12
36 12 9
36 9 3
36 9 8
36 8 7
36 7 6
36 6 4
36 6 5
36 12 11
36 11 10
36 16 15
37 14 0
37 14 13
37 13 12
37 12 9
37 9 8
37 8 7
37 7 1
37 7 6
37 6 5
37 5 2
37 5 4
37 4 3
37 12 11
37 11 10
38 16 8
38 8 0
38 8 7
38 7 6
38 6 5
38 5 3
38 3 1
38 3 2
38 5 4
38 16 15
38 15 13
38 13 10
38 10 9
38 13 12
38 12 11
38 15 14
39 19 18
39 18 1
39 1 0
39 18 17
39 17 15
39 15 14
39 14 13
39 13 11
39 11 4
39 4 3
39 3 2
39 11 10
39 10 9
39 9 8
39 8 6
39 6 5
39 8 7
39 13 12
39 17 16
40 18 4
40 4 3
40 3 1
40 1 0
40 3 2
40 18 17
40 17 15
40 15 14
40 14 6
40 6 5
40 14 13
40 13 9
40 9 8
40 8 7
40 13 12
40 12 11
40 11 10
40 17 16
41 14 7
41 7 4
41 4 0
41 4 3
41 3 1
41 3 2
41 7 6
41 6 5
41 14 13
41 13 12
41 12 11
41 11 10
41 10 9
41 9 8
42 18 0
42 18 17
42 17 1
42 17 16
42 16 13
42 13 11
42 11 10
42 10 9
42 9 8
42 8 7
42 7 6
42 6 4
42 4 3
42 3 2
42 6 5
42 13 12
42 16 15
42 15 14
43 16 2
43 2 1
43 1 0
43 16 15
43 15 4
43 4 3
43 15 14
43 14 11
43 11 10
43 10 5
43 10 9
43 9 8
43 8 6
43 8 7
43 14 13
43 13 12
44 18 17
44 17 4
44 4 3
44 3 0
44 3 2
44 2 1
44 17 16
44 16 15
44 15 10
44 10 9
44 9 8
44 8 6
44 6 5
44 8 7
44 15 14
44 14 11
44 14 13
44 13 12
45 19 18
45 18 8
45 8 3
45 3 2
45 2 0
45 2 1
45 8 7
45 7 5
45 5 4
45 7 6
45 18 17
45 17 14
45 14 9
45 14 13
45 13 11
45 11 10
45 13 12
45 17 16
45 16 15
46 17 0
46 17 16
46 16 15
46 15 1
46 15 14
46 14 13
46 13 12
46 12 2
46 12 11
46 11 10
46 10 5
46 5 4
46 4 3
46 10 9
46 9 8
46 8 7
46 7 6
47 16 14
47 14 1
47 1 0
47 14 13
47 13 11
47 11 10
47 10 9
47 9 8
47 8 6
47 6 4
47 4 2
47 4 3
47 6 5
47 8 7
47 13 12
47 16 15
48 18 17
48 17 15
48 15 8
48 8 0
48 8 7
48 7 6
48 6 5
48 5 4
48 4 1
48 4 3
48 3 2
48 15 14
48 14 13
48 13 12
48 12 11
48 11 10
48 10 9
48 17 16
49 19 18
49 18 16
49 16 12
49 12 0
49 12 11
49 11 8
49 8 7
49 7 5
49 5 4
49 4 1
49 4 3
49 3 2
49 7 6
49 11 10
49 10 9
49 16 15
49 15 13
49 15 14
49 18 17
50 15 0
50 15 14
50 14 11
50 11 4
50 4 1
50 4 3
50 3 2
50 11 10
50 10 9
50 9 7
50 7 5
50 7 6
50 9 8
50 14 13
50 13 12
51 15 14
51 14 13
51 13 10
51 10 1
51 1 0
51 10 9
51 9 8
51 8 7
51 7 2
51 7 6
51 6 5
51 5 4
51 4 3
51 13 12
51 12 11
52 15 10
52 10 6
52 6 5
52 5 0
52 5 4
52 4 2
52 2 1
52 4 3
52 10 9
52 9 8
52 8 7
52 15 14
52 14 11
52 14 13
52 13 12
53 19 15
53 15 14
53 14 0
53 14 13
53 13 11
53 11 10
53 10 4
53 4 1
53 4 3
53 3 2
53 10 9
53 9 7
53 7 6
53 6 5
53 9 8
53 13 12
53 19 18
53 18 17
53 17 16
54 15 13
54 13 0
54 13 12
54 12 10
54 10 3
54 3 1
54 3 2
54 10 9
54 9 6
54 6 5
54 5 4
54 9 8
54 8 7
54 12 11
54 15 14
55 16 15
55 15 14
55 14 0
55 14 13
55 13 1
55 13 12
55 12 3
55 3 2
55 12 11
55 11 8
55 8 4
55 8 7
55 7 6
55 6 5
55 11 10
55 10 9
56 15 9
56 9 3
56 3 1
56 1 0
56 3 2
56 9 8
56 8 7
56 7 6
56 6 4
56 6 5
56 15 14
56 14 13
56 13 10
56 13 12
56 12 11
57 15 3
57 3 0
57 3 2
57 2 1
57 15 14
57 14 13
57 13 7
57 7 6
57 6 4
57 6 5
57 13 12
57 12 10
57 10 8
57 10 9
57 12 11
58 18 6
58 6 0
58 6 5
58 5 2
58 2 1
58 5 4
58 4 3
58 18 17
58 17 15
58 15 14
58 14 13
58 13 12
58 12 8
58 8 7
58 12 11
58 11 9
58 11 10
58 17 16
59 19 18
59 18 16
59 16 12
59 12 11
59 11 9
59 9 5
59 5 4
59 4 2
59 2 0
59 2 1
59 4 3
59 9 8
59 8 6
59 8 7
59 11 10
59 16 15
59 15 14
59 14 13
59 18 17
60 18 16
60 16 13
60 13 0
60 13 12
60 12 11
60 11 7
60 7 2
60 2 1
60 7 6
60 6 5
60 5 4
60 4 3
60 11 10
60 10 9
60 9 8
60 16 15
60 15 14
60 18 17
61 14 12
61 12 0
61 12 11
61 11 10
61 10 2
61 2 1
61 10 9
61 9 7
61 7 6
61 6 5
61 5 4
61 4 3
61 9 8
61 14 13
62 14 11
62 11 1
62 1 0
62 11 10
62 10 4
62 4 2
62 4 3
62 10 9
62 9 7
62 7 5
62 7 6
62 9 8
62 14 13
62 13 12
63 19 18
63 18 3
63 3 2
63 2 1
63 1 0
63 18 17
63 17 14
63 14 11
63 11 4
63 11 10
63 10 9
63 9 8
63 8 6
63 6 5
63 8 7
63 14 13
63 13 12
63 17 16
63 16 15
64 17 16
64 16 7
64 7 6
64 6 5
64 5 4
64 4 3
64 3 2
64 2 0
64 2 1
64 16 15
64 15 8
64 15 14
64 14 12
64 12 11
64 11 9
64 11 10
64 14 13
65 19 17
65 17 2
65 2 0
65 2 1
65 17 16
65 16 15
65 15 14
65 14 13
65 13 11
65 11 7
65 7 3
65 7 6
65 6 4
65 6 5
65 11 10
65 10 8
65 10 9
65 13 12
65 19 18
66 15 3
66 3 1
66 1 0
66 3 2
66 15 14
66 14 4
66 14 13
66 13 12
66 12 5
66 12 11
66 11 9
66 9 8
66 8 6
66 8 7
66 11 10
67 19 18
67 18 17
67 17 14
67 14 8
67 8 7
67 7 6
67 6 3
67 3 2
67 2 1
67 1 0
67 6 5
67 5 4
67 14 13
67 13 11
67 11 10
67 10 9
67 13 12
67 17 16
67 16 15
68 16 13
68 13 12
68 12 3
68 3 2
68 2 0
68 2 1
68 12 11
68 11 9
68 9 8
68 8 5
68 5 4
68 8 7
68 7 6
68 11 10
68 16 15
68 15 14
69 17 2
69 2 0
69 2 1
69 17 16
69 16 15
69 15 3
69 15 14
69 14 6
69 6 4
69 6 5
69 14 13
69 13 11
69 11 8
69 8 7
69 11 10
69 10 9
69 13 12
70 19 17
70 17 16
70 16 0
70 16 15
70 15 1
70 15 14
70 14 13
70 13 4
70 4 2
70 4 3
70 13 12
70 12 11
70 11 10
70 10 6
70 6 5
70 10 9
70 9 7
70 9 8
70 19 18
71 19 0
71 19 18
71 18 17
71 17 16
71 16 13
71 13 5
71 5 2
71 2 1
71 5 4
71 4 3
71 13 12
71 12 8
71 8 6
71 8 7
71 12 11
71 11 9
71 11 10
71 16 15
71 15 14
72 19 7
72 7 0
72 7 6
72 6 4
72 4 3
72 3 2
72 2 1
72 6 5
72 19 18
72 18 12
72 12 11
72 11 8
72 11 10
72 10 9
72 18 17
72 17 14
72 14 13
72 17 16
72 16 15
73 15 13
73 13 12
73 12 11
73 11 9
73 9 8
73 8 7
73 7 1
73 1 0
73 7 6
73 6 3
73 3 2
73 6 5
73 5 4
73 11 10
73 15 14
74 15 14
74 14 12
74 12 0
74 12 11
74 11 6
74 6 4
74 4 3
74 3 1
74 3 2
74 6 5
74 11 10
74 10 9
74 9 7
74 9 8
74 14 13
75 19 0
75 19 18
75 18 17
75 17 9
75 9 3
75 3 2
75 2 1
75 9 8
75 8 7
75 7 6
75 6 5
75 5 4
75 17 16
75 16 15
75 15 10
75 15 14
75 14 11
75 14 13
75 13 12
76 18 17
76 17 16
76 16 14
76 14 2
76 2 1
76 1 0
76 14 13
76 13 5
76 5 3
76 5 4
76 13 12
76 12 10
76 10 8
76 8 6
76 8 7
76 10 9
76 12 11
76 16 15
77 16 0
77 16 15
77 15 1
77 15 14
77 14 13
77 13 12
77 12 11
77 11 10
77 10 9
77 9 2
77 9 8
77 8 7
77 7 4
77 4 3
77 7 6
77 6 5
78 17 15
78 15 13
78 13 0
78 13 12
78 12 11
78 11 10
78 10 3
78 3 1
78 3 2
78 10 9
78 9 7
78 7 6
78 6 5
78 5 4
78 9 8
78 15 14
78 17 16
79 16 0
79 16 15
79 15 1
79 15 14
79 14 5
79 5 3
79 3 2
79 5 4
79 14 13
79 13 11
79 11 6
79 11 10
79 10 7
79 10 9
79 9 8
79 13 12
80 16 15
80 15 14
80 14 0
80 14 13
80 13 12
80 12 11
80 11 9
80 9 7
80 7 6
80 6 5
80 5 4
80 4 1
80 4 3
80 3 2
80 9 8
80 11 10
81 15 14
81 14 1
81 1 0
81 14 13
81 13 2
81 13 12
81 12 11
81 11 10
81 10 8
81 8 7
81 7 3
81 7 6
81 6 5
81 5 4
81 10 9
82 14 8
82 8 7
82 7 6
82 6 2
82 2 0
82 2 1
82 6 5
82 5 3
82 5 4
82 14 13
82 13 12
82 12 11
82 11 9
82 11 10
83 17 4
83 4 3
83 3 0
83 3 2
83 2 1
83 17 16
83 16 5
83 16 15
83 15 9
83 9 7
83 7 6
83 9 8
83 15 14
83 14 13
83 13 11
83 11 10
83 13 12
84 17 16
84 16 8
84 8 7
84 7 6
84 6 5
84 5 4
84 4 3
84 3 0
84 3 2
84 2 1
84 16 15
84 15 13
84 13 9
84 13 12
84 12 10
84 12 11
84 15 14
85 15 2
85 2 1
85 1 0
85 15 14
85 14 13
85 13 11
85 11 10
85 10 3
85 10 9
85 9 8
85 8 4
85 8 7
85 7 5
85 7 6
85 13 12
86 14 13
86 13 12
86 12 9
86 9 0
86 9 8
86 8 1
86 8 7
86 7 5
86 5 4
86 4 3
86 3 2
86 7 6
86 12 11
86 11 10
87 15 14
87 14 13
87 13 11
87 11 10
87 10 9
87 9 3
87 3 2
87 2 1
87 1 0
87 9 8
87 8 7
87 7 4
87 7 6
87 6 5
87 13 12
88 15 0
88 15 14
88 14 1
88 14 13
88 13 5
88 5 3
88 3 2
88 5 4
88 13 12
88 12 10
88 10 9
88 9 6
88 9 8
88 8 7
88 12 11
89 16 15
89 15 14
89 14 13
89 13 12
89 12 9
89 9 8
89 8 6
89 6 0
89 6 5
89 5 2
89 2 1
89 5 4
89 4 3
89 8 7
89 12 11
89 11 10
90 15 4
90 4 2
90 2 1
90 1 0
90 4 3
90 15 14
90 14 13
90 13 6
90 6 5
90 13 12
90 12 10
90 10 7
90 10 9
90 9 8
90 12 11
91 14 10
91 10 2
91 2 1
91 1 0
91 10 9
91 9 8
91 8 7
91 7 4
91 4 3
91 7 6
91 6 5
91 14 13
91 13 12
91 12 11
92 17 16
92 16 11
92 11 9
92 9 7
92 7 0
92 7 6
92 6 5
92 5 4
92 4 2
92 2 1
92 4 3
92 9 8
92 11 10
92 16 15
92 15 13
92 13 12
92 15 14
93 19 17
93 17 15
93 15 14
93 14 6
93 6 1
93 1 0
93 6 5
93 5 2
93 5 4
93 4 3
93 14 13
93 13 12
93 12 10
93 10 9
93 9 7
93 9 8
93 12 11
93 17 16
93 19 18
94 14 0
94 14 13
94 13 11
94 11 2
94 2 1
94 11 10
94 10 8
94 8 3
94 8 7
94 7 6
94 6 5
94 5 4
94 10 9
94 13 12
95 18 16
95 16 15
95 15 3
95 3 0
95 3 2
95 2 1
95 15 14
95 14 12
95 12 4
95 12 11
95 11 5
95 11 10
95 10 8
95 8 6
95 8 7
95 10 9
95 14 13
95 18 17
96 16 15
96 15 14
96 14 4
96 4 3
96 3 0
96 3 2
96 2 1
96 14 13
96 13 11
96 11 9
96 9 8
96 8 5
96 8 7
96 7 6
96 11 10
96 13 12
97 19 16
97 16 8
97 8 2
97 2 1
97 1 0
97 8 7
97 7 5
97 5 3
97 5 4
97 7 6
97 16 15
97 15 9
97 15 14
97 14 12
97 12 11
97 11 10
97 14 13
97 19 18
97 18 17
98 14 12
98 12 11
98 11 3
98 3 1
98 1 0
98 3 2
98 11 10
98 10 7
98 7 6
98 6 5
98 5 4
98 10 9
98 9 8
98 14 13
99 15 9
99 9 8
99 8 7
99 7 6
99 6 5
99 5 0
99 5 4
99 4 1
99 4 3
99 3 2
99 15 14
99 14 10
99 14 13
99 13 11
99 13 12
100 16 15
100 15 7
100 7 4
100 4 2
100 2 1
100 1 0
100 4 3
100 7 6
100 6 5
100 15 14
100 14 13
100 13 11
100 11 10
100 10 8
100 10 9
100 13 12
101 16 5
101 5 0
101 5 4
101 4 2
101 2 1
101 4 3
101 16 15
101 15 13
101 13 11
101 11 8
101 8 6
101 8 7
101 11 10
101 10 9
101 13 12
101 15 14
