1 16 15
1 15 14
1 14 1
1 1 0
1 14 13
1 13 12
1 12 11
1 11 10
1 10 8
1 8 3
1 3 2
1 8 7
1 7 6
1 6 4
1 6 5
1 10 9
2 14 1
2 1 0
2 14 13
2 13 11
2 11 8
2 8 6
2 6 5
2 5 3
2 3 2
2 5 4
2 8 7
2 11 10
2 10 9
2 13 12
3 16 14
3 14 0
3 14 13
3 13 10
3 10 9
3 9 1
3 9 8
3 8 7
3 7 2
3 7 6
3 6 3
3 6 5
3 5 4
3 13 12
3 12 11
3 16 15
4 14 6
4 6 2
4 2 0
4 2 1
4 6 5
4 5 4
4 4 3
4 14 13
4 13 12
4 12 7
4 12 11
4 11 8
4 11 10
4 10 9
5 18 16
5 16 0
5 16 15
5 15 13
5 13 12
5 12 11
5 11 1
5 11 10
5 10 3
5 3 2
5 10 9
5 9 7
5 7 5
5 5 4
5 7 6
5 9 8
5 15 14
5 18 17
6 19 18
6 18 16
6 16 14
6 14 13
6 13 12
6 12 0
6 12 11
6 11 5
6 5 1
6 5 4
6 4 3
6 3 2
6 11 10
6 10 6
6 10 9
6 9 7
6 9 8
6 16 15
6 18 17
7 17 15
7 15 2
7 2 0
7 2 1
7 15 14
7 14 10
7 10 9
7 9 8
7 8 6
7 6 5
7 5 4
7 4 3
7 8 7
7 14 13
7 13 12
7 12 11
7 17 16
8 15 14
8 14 13
8 13 12
8 12 11
8 11 6
8 6 1
8 1 0
8 6 5
8 5 4
8 4 2
8 4 3
8 11 10
8 10 7
8 10 9
8 9 8
9 14 0
9 14 13
9 13 12
9 12 6
9 6 3
9 3 2
9 2 1
9 6 5
9 5 4
9 12 11
9 11 9
9 9 7
9 9 8
9 11 10
10 15 14
10 14 4
10 4 2
10 2 1
10 1 0
10 4 3
10 14 13
10 13 5
10 13 12
10 12 11
10 11 9
10 9 8
10 8 7
10 7 6
10 11 10
11 15 3
11 3 0
11 3 2
11 2 1
11 15 14
11 14 13
11 13 12
11 12 4
11 12 11
11 11 10
11 10 5
11 10 9
11 9 8
11 8 7
11 7 6
12 19 17
12 17 8
12 8 7
12 7 0
12 7 6
12 6 4
12 4 1
12 4 3
12 3 2
12 6 5
12 17 16
12 16 9
12 16 15
12 15 14
12 14 11
12 11 10
12 14 13
12 13 12
12 19 18
13 19 18
13 18 0
13 18 17
13 17 16
13 16 8
13 8 7
13 7 2
13 2 1
13 7 6
13 6 5
13 5 4
13 4 3
13 16 15
13 15 12
13 12 11
13 11 9
13 11 10
13 15 14
13 14 13
14 17 16
14 16 15
14 15 7
14 7 5
14 5 4
14 4 2
14 2 0
14 2 1
14 4 3
14 7 6
14 15 14
14 14 13
14 13 12
14 12 9
14 9 8
14 12 11
14 11 10
15 19 0
15 19 18
15 18 6
15 6 5
15 5 1
15 5 4
15 4 3
15 3 2
15 18 17
15 17 16
15 16 7
15 16 15
15 15 13
15 13 11
15 11 8
15 11 10
15 10 9
15 13 12
15 15 14
16 15 11
16 11 10
16 10 0
16 10 9
16 9 6
16 6 5
16 5 4
16 4 2
16 2 1
16 4 3
16 9 8
16 8 7
16 15 14
16 14 13
16 13 12
17 17 16
17 16 12
17 12 9
17 9 5
17 5 4
17 4 3
17 3 0
17 3 2
17 2 1
17 9 8
17 8 6
17 8 7
17 12 11
17 11 10
17 16 15
17 15 13
17 15 14
18 19 3
18 3 2
18 2 1
18 1 0
18 19 18
18 18 4
18 18 17
18 17 12
18 12 11
18 11 10
18 10 9
18 9 8
18 8 7
18 7 5
18 7 6
18 17 16
18 16 14
18 14 13
18 16 15
19 15 0
19 15 14
19 14 12
19 12 4
19 4 3
19 3 1
19 3 2
19 12 11
19 11 10
19 10 9
19 9 8
19 8 6
19 6 5
19 8 7
19 14 13
20 19 17
20 17 16
20 16 8
20 8 1
20 1 0
20 8 7
20 7 6
20 6 4
20 4 3
20 3 2
20 6 5
20 16 15
20 15 9
20 15 14
20 14 11
20 11 10
20 14 13
20 13 12
20 19 18
21 14 12
21 12 11
21 11 0
21 11 10
21 10 8
21 8 7
21 7 2
21 2 1
21 7 6
21 6 5
21 5 4
21 4 3
21 10 9
21 14 13
22 15 14
22 14 13
22 13 5
22 5 4
22 4 0
22 4 3
22 3 2
22 2 1
22 13 12
22 12 8
22 8 7
22 7 6
22 12 11
22 11 10
22 10 9
23 14 12
23 12 10
23 10 9
23 9 5
23 5 2
23 2 0
23 2 1
23 5 4
23 4 3
23 9 8
23 8 6
23 8 7
23 12 11
23 14 13
24 15 13
24 13 12
24 12 0
24 12 11
24 11 9
24 9 7
24 7 1
24 7 6
24 6 4
24 4 3
24 3 2
24 6 5
24 9 8
24 11 10
24 15 14
25 14 1
25 1 0
25 14 13
25 13 4
25 4 3
25 3 2
25 13 12
25 12 8
25 8 5
25 8 7
25 7 6
25 12 11
25 11 9
25 11 10
26 19 18
26 18 17
26 17 2
26 2 0
26 2 1
26 17 16
26 16 15
26 15 14
26 14 12
26 12 11
26 11 9
26 9 5
26 5 3
26 5 4
26 9 8
26 8 7
26 7 6
26 11 10
26 14 13
27 14 13
27 13 11
27 11 8
27 8 7
27 7 6
27 6 0
27 6 5
27 5 1
27 5 4
27 4 3
27 3 2
27 11 10
27 10 9
27 13 12
28 14 9
28 9 8
28 8 6
28 6 4
28 4 3
28 3 1
28 1 0
28 3 2
28 6 5
28 8 7
28 14 13
28 13 12
28 12 10
28 12 11
29 14 13
29 13 9
29 9 8
29 8 6
29 6 5
29 5 0
29 5 4
29 4 3
29 3 2
29 2 1
29 8 7
29 13 12
29 12 10
29 12 11
30 18 16
30 16 15
30 15 14
30 14 13
30 13 11
30 11 0
30 11 10
30 10 3
30 3 1
30 3 2
30 10 9
30 9 8
30 8 6
30 6 5
30 5 4
30 8 7
30 13 12
30 18 17
31 18 17
31 17 13
31 13 12
31 12 8
31 8 2
31 2 1
31 1 0
31 8 7
31 7 5
31 5 4
31 4 3
31 7 6
31 12 11
31 11 9
31 11 10
31 17 16
31 16 15
31 15 14
32 14 3
32 3 1
32 1 0
32 3 2
32 14 13
32 13 12
32 12 6
32 6 4
32 6 5
32 12 11
32 11 7
32 11 10
32 10 8
32 10 9
33 14 0
33 14 13
33 13 11
33 11 1
33 11 10
33 10 9
33 9 7
33 7 6
33 6 3
33 3 2
33 6 5
33 5 4
33 9 8
33 13 12
34 14 12
34 12 10
34 10 9
34 9 7
34 7 5
34 5 4
34 4 3
34 3 2
34 2 1
34 1 0
34 7 6
34 9 8
34 12 11
34 14 13
35 19 14
35 14 12
35 12 11
35 11 10
35 10 4
35 4 3
35 3 1
35 1 0
35 3 2
35 10 9
35 9 8
35 8 5
35 8 7
35 7 6
35 14 13
35 19 18
35 18 15
35 18 17
35 17 16
36 18 0
36 18 17
36 17 9
36 9 8
36 8 3
36 3 1
36 3 2
36 8 7
36 7 5
36 5 4
36 7 6
36 17 16
36 16 10
36 16 15
36 15 13
36 13 12
36 12 11
36 15 14
37 16 15
37 15 13
37 13 12
37 12 11
37 11 0
37 11 10
37 10 9
37 9 8
37 8 5
37 5 1
37 5 4
37 4 3
37 3 2
37 8 7
37 7 6
37 15 14
38 18 17
38 17 16
38 16 15
38 15 11
38 11 10
38 10 9
38 9 8
38 8 7
38 7 6
38 6 0
38 6 5
38 5 4
38 4 3
38 3 1
38 3 2
38 15 14
38 14 12
38 14 13
39 16 0
39 16 15
39 15 13
39 13 12
39 12 1
39 12 11
39 11 10
39 10 7
39 7 6
39 6 4
39 4 2
39 4 3
39 6 5
39 10 9
39 9 8
39 15 14
40 19 0
40 19 18
40 18 17
40 17 5
40 5 1
40 5 4
40 4 3
40 3 2
40 17 16
40 16 11
40 11 10
40 10 6
40 10 9
40 9 7
40 9 8
40 16 15
40 15 12
40 15 14
40 14 13
41 18 5
41 5 3
41 3 2
41 2 0
41 2 1
41 5 4
41 18 17
41 17 16
41 16 6
41 16 15
41 15 13
41 13 12
41 12 9
41 9 7
41 9 8
41 12 11
41 11 10
41 15 14
42 17 16
42 16 15
42 15 12
42 12 11
42 11 10
42 10 9
42 9 8
42 8 7
42 7 1
42 1 0
42 7 6
42 6 5
42 5 2
42 5 4
42 4 3
42 15 14
42 14 13
43 16 15
43 15 13
43 13 11
43 11 9
43 9 1
43 1 0
43 9 8
43 8 6
43 6 2
43 6 5
43 5 3
43 5 4
43 8 7
43 11 10
43 13 12
43 15 14
44 18 17
44 17 2
44 2 1
44 1 0
44 17 16
44 16 5
44 5 3
44 5 4
44 16 15
44 15 7
44 7 6
44 15 14
44 14 10
44 10 8
44 10 9
44 14 13
44 13 12
44 12 11
45 14 1
45 1 0
45 14 13
45 13 2
45 13 12
45 12 10
45 10 8
45 8 7
45 7 6
45 6 4
45 4 3
45 6 5
45 10 9
45 12 11
46 19 17
46 17 16
46 16 15
46 15 14
46 14 1
46 1 0
46 14 13
46 13 12
46 12 2
46 12 11
46 11 3
46 11 10
46 10 9
46 9 7
46 7 6
46 6 5
46 5 4
46 9 8
46 19 18
47 17 15
47 15 13
47 13 12
47 12 11
47 11 8
47 8 7
47 7 6
47 6 5
47 5 3
47 3 2
47 2 0
47 2 1
47 5 4
47 11 10
47 10 9
47 15 14
47 17 16
48 19 14
48 14 10
48 10 4
48 4 1
48 1 0
48 4 3
48 3 2
48 10 9
48 9 8
48 8 7
48 7 5
48 7 6
48 14 13
48 13 11
48 13 12
48 19 18
48 18 17
48 17 15
48 17 16
49 18 7
49 7 6
49 6 5
49 5 4
49 4 0
49 4 3
49 3 2
49 2 1
49 18 17
49 17 16
49 16 15
49 15 14
49 14 13
49 13 8
49 13 12
49 12 9
49 12 11
49 11 10
50 15 14
50 14 13
50 13 7
50 7 5
50 5 0
50 5 4
50 4 3
50 3 2
50 2 1
50 7 6
50 13 12
50 12 10
50 10 9
50 9 8
50 12 11
51 16 15
51 15 14
51 14 10
51 10 5
51 5 4
51 4 3
51 3 1
51 1 0
51 3 2
51 10 9
51 9 8
51 8 7
51 7 6
51 14 13
51 13 12
51 12 11
52 16 14
52 14 1
52 1 0
52 14 13
52 13 12
52 12 4
52 4 2
52 4 3
52 12 11
52 11 7
52 7 6
52 6 5
52 11 10
52 10 9
52 9 8
52 16 15
53 18 17
53 17 0
53 17 16
53 16 11
53 11 1
53 11 10
53 10 9
53 9 8
53 8 7
53 7 2
53 7 6
53 6 3
53 6 5
53 5 4
53 16 15
53 15 13
53 13 12
53 15 14
54 19 18
54 18 0
54 18 17
54 17 1
54 17 16
54 16 15
54 15 13
54 13 2
54 13 12
54 12 11
54 11 10
54 10 4
54 4 3
54 10 9
54 9 5
54 9 8
54 8 7
54 7 6
54 15 14
55 17 16
55 16 12
55 12 11
55 11 4
55 4 3
55 3 2
55 2 1
55 1 0
55 11 10
55 10 9
55 9 6
55 6 5
55 9 8
55 8 7
55 16 15
55 15 14
55 14 13
56 16 15
56 15 14
56 14 13
56 13 11
56 11 9
56 9 5
56 5 0
56 5 4
56 4 2
56 2 1
56 4 3
56 9 8
56 8 7
56 7 6
56 11 10
56 13 12
57 19 18
57 18 1
57 1 0
57 18 17
57 17 16
57 16 14
57 14 7
57 7 2
57 7 6
57 6 5
57 5 3
57 5 4
57 14 13
57 13 11
57 11 10
57 10 8
57 10 9
57 13 12
57 16 15
58 19 18
58 18 1
58 1 0
58 18 17
58 17 15
58 15 12
58 12 11
58 11 10
58 10 9
58 9 2
58 9 8
58 8 5
58 5 3
58 5 4
58 8 7
58 7 6
58 15 14
58 14 13
58 17 16
59 16 15
59 15 14
59 14 13
59 13 12
59 12 11
59 11 1
59 1 0
59 11 10
59 10 3
59 3 2
59 10 9
59 9 4
59 9 8
59 8 7
59 7 6
59 6 5
60 14 9
60 9 7
60 7 6
60 6 1
60 1 0
60 6 5
60 5 4
60 4 2
60 4 3
60 9 8
60 14 13
60 13 10
60 13 12
60 12 11
61 14 13
61 13 0
61 13 12
61 12 11
61 11 6
61 6 3
61 3 2
61 2 1
61 6 5
61 5 4
61 11 10
61 10 9
61 9 7
61 9 8
62 18 17
62 17 16
62 16 15
62 15 14
62 14 10
62 10 9
62 9 7
62 7 6
62 6 2
62 2 1
62 1 0
62 6 5
62 5 4
62 4 3
62 9 8
62 14 13
62 13 11
62 13 12
63 17 15
63 15 0
63 15 14
63 14 13
63 13 12
63 12 11
63 11 2
63 2 1
63 11 10
63 10 3
63 10 9
63 9 8
63 8 7
63 7 5
63 5 4
63 7 6
63 17 16
64 18 17
64 17 16
64 16 15
64 15 14
64 14 0
64 14 13
64 13 12
64 12 10
64 10 8
64 8 7
64 7 1
64 7 6
64 6 4
64 4 2
64 4 3
64 6 5
64 10 9
64 12 11
65 16 0
65 16 15
65 15 4
65 4 3
65 3 1
65 3 2
65 15 14
65 14 13
65 13 11
65 11 10
65 10 9
65 9 8
65 8 7
65 7 6
65 6 5
65 13 12
66 16 15
66 15 0
66 15 14
66 14 12
66 12 11
66 11 9
66 9 8
66 8 6
66 6 5
66 5 1
66 5 4
66 4 2
66 4 3
66 8 7
66 11 10
66 14 13
67 17 11
67 11 0
67 11 10
67 10 9
67 9 1
67 9 8
67 8 7
67 7 5
67 5 4
67 4 2
67 4 3
67 7 6
67 17 16
67 16 14
67 14 13
67 13 12
67 16 15
68 14 12
68 12 11
68 11 0
68 11 10
68 10 9
68 9 8
68 8 6
68 6 4
68 4 2
68 2 1
68 4 3
68 6 5
68 8 7
68 14 13
69 15 13
69 13 11
69 11 10
69 10 3
69 3 2
69 2 1
69 1 0
69 10 9
69 9 4
69 9 8
69 8 5
69 8 7
69 7 6
69 13 12
69 15 14
70 15 0
70 15 14
70 14 6
70 6 2
70 2 1
70 6 5
70 5 3
70 5 4
70 14 13
70 13 12
70 12 8
70 8 7
70 12 11
70 11 10
70 10 9
71 19 12
71 12 6
71 6 5
71 5 0
71 5 4
71 4 2
71 2 1
71 4 3
71 12 11
71 11 9
71 9 8
71 8 7
71 11 10
71 19 18
71 18 15
71 15 13
71 15 14
71 18 17
71 17 16
72 17 16
72 16 0
72 16 15
72 15 14
72 14 12
72 12 4
72 4 1
72 4 3
72 3 2
72 12 11
72 11 5
72 11 10
72 10 9
72 9 8
72 8 6
72 8 7
72 14 13
73 17 6
73 6 0
73 6 5
73 5 4
73 4 2
73 2 1
73 4 3
73 17 16
73 16 15
73 15 7
73 15 14
73 14 13
73 13 12
73 12 11
73 11 8
73 11 10
73 10 9
74 15 14
74 14 1
74 1 0
74 14 13
74 13 12
74 12 9
74 9 7
74 7 2
74 7 6
74 6 5
74 5 3
74 5 4
74 9 8
74 12 11
74 11 10
75 14 12
75 12 11
75 11 9
75 9 4
75 4 3
75 3 1
75 1 0
75 3 2
75 9 8
75 8 7
75 7 5
75 7 6
75 11 10
75 14 13
76 19 15
76 15 14
76 14 0
76 14 13
76 13 11
76 11 3
76 3 1
76 3 2
76 11 10
76 10 4
76 10 9
76 9 5
76 9 8
76 8 6
76 8 7
76 13 12
76 19 18
76 18 16
76 18 17
77 14 13
77 13 8
77 8 7
77 7 6
77 6 5
77 5 4
77 4 1
77 1 0
77 4 3
77 3 2
77 13 12
77 12 11
77 11 10
77 10 9
78 17 16
78 16 15
78 15 1
78 1 0
78 15 14
78 14 13
78 13 12
78 12 4
78 4 3
78 3 2
78 12 11
78 11 7
78 7 5
78 7 6
78 11 10
78 10 9
78 9 8
79 15 12
79 12 11
79 11 1
79 1 0
79 11 10
79 10 9
79 9 8
79 8 2
79 8 7
79 7 6
79 6 5
79 5 4
79 4 3
79 15 14
79 14 13
80 14 13
80 13 12
80 12 0
80 12 11
80 11 1
80 11 10
80 10 7
80 7 5
80 5 2
80 5 4
80 4 3
80 7 6
80 10 9
80 9 8
81 15 12
81 12 11
81 11 10
81 10 6
81 6 1
81 1 0
81 6 5
81 5 4
81 4 3
81 3 2
81 10 9
81 9 7
81 9 8
81 15 14
81 14 13
82 16 15
82 15 14
82 14 9
82 9 7
82 7 6
82 6 1
82 1 0
82 6 5
82 5 2
82 5 4
82 4 3
82 9 8
82 14 13
82 13 10
82 13 12
82 12 11
83 14 1
83 1 0
83 14 13
83 13 12
83 12 6
83 6 3
83 3 2
83 6 5
83 5 4
83 12 11
83 11 7
83 11 10
83 10 9
83 9 8
84 14 13
84 13 6
84 6 0
84 6 5
84 5 4
84 4 1
84 4 3
84 3 2
84 13 12
84 12 8
84 8 7
84 12 11
84 11 10
84 10 9
85 15 14
85 14 13
85 13 12
85 12 3
85 3 1
85 1 0
85 3 2
85 12 11
85 11 10
85 10 6
85 6 4
85 6 5
85 10 9
85 9 8
85 8 7
86 19 18
86 18 14
86 14 13
86 13 0
86 13 12
86 12 11
86 11 3
86 3 2
86 2 1
86 11 10
86 10 8
86 8 7
86 7 4
86 7 6
86 6 5
86 10 9
86 18 17
86 17 16
86 16 15
87 18 12
87 12 9
87 9 3
87 3 0
87 3 2
87 2 1
87 9 8
87 8 4
87 8 7
87 7 5
87 7 6
87 12 11
87 11 10
87 18 17
87 17 16
87 16 15
87 15 13
87 15 14
88 17 15
88 15 14
88 14 12
88 12 1
88 1 0
88 12 11
88 11 2
88 11 10
88 10 3
88 10 9
88 9 4
88 9 8
88 8 7
88 7 5
88 7 6
88 14 13
88 17 16
89 16 12
89 12 6
89 6 2
89 2 0
89 2 1
89 6 5
89 5 3
89 5 4
89 12 11
89 11 9
89 9 8
89 8 7
89 11 10
89 16 15
89 15 14
89 14 13
90 15 14
90 14 13
90 13 8
90 8 6
90 6 4
90 4 0
90 4 3
90 3 1
90 3 2
90 6 5
90 8 7
90 13 12
90 12 9
90 12 11
90 11 10
91 14 0
91 14 13
91 13 4
91 4 2
91 2 1
91 4 3
91 13 12
91 12 11
91 11 10
91 10 9
91 9 8
91 8 6
91 6 5
91 8 7
92 14 7
92 7 1
92 1 0
92 7 6
92 6 5
92 5 4
92 4 2
92 4 3
92 14 13
92 13 11
92 11 9
92 9 8
92 11 10
92 13 12
93 18 16
93 16 15
93 15 3
93 3 0
93 3 2
93 2 1
93 15 14
93 14 13
93 13 6
93 6 5
93 5 4
93 13 12
93 12 11
93 11 9
93 9 8
93 8 7
93 11 10
93 18 17
94 17 16
94 16 13
94 13 11
94 11 0
94 11 10
94 10 1
94 10 9
94 9 8
94 8 2
94 8 7
94 7 5
94 5 4
94 4 3
94 7 6
94 13 12
94 16 15
94 15 14
95 17 14
95 14 0
95 14 13
95 13 12
95 12 10
95 10 8
95 8 4
95 4 3
95 3 1
95 3 2
95 8 7
95 7 5
95 7 6
95 10 9
95 12 11
95 17 16
95 16 15
96 16 15
96 15 14
96 14 13
96 13 0
96 13 12
96 12 9
96 9 8
96 8 3
96 3 2
96 2 1
96 8 7
96 7 4
96 7 6
96 6 5
96 12 11
96 11 10
97 15 5
97 5 4
97 4 1
97 1 0
97 4 3
97 3 2
97 15 14
97 14 13
97 13 11
97 11 10
97 10 6
97 10 9
97 9 7
97 9 8
97 13 12
98 15 13
98 13 12
98 12 11
98 11 0
98 11 10
98 10 9
98 9 5
98 5 4
98 4 3
98 3 2
98 2 1
98 9 8
98 8 6
98 8 7
98 15 14
99 14 13
99 13 11
99 11 9
99 9 8
99 8 7
99 7 3
99 3 0
99 3 2
99 2 1
99 7 6
99 6 4
99 6 5
99 11 10
99 13 12
100 19 18
100 18 4
100 4 0
100 4 3
100 3 2
100 2 1
100 18 17
100 17 8
100 8 6
100 6 5
100 8 7
100 17 16
100 16 10
100 10 9
100 16 15
100 15 14
100 14 11
100 14 13
100 13 12
101 14 12
101 12 1
101 1 0
101 12 11
101 11 2
101 11 10
101 10 7
101 7 4
101 4 3
101 7 6
101 6 5
101 10 9
101 9 8
101 14 13
