1 18 6
1 6 2
1 2 0
1 2 1
1 6 5
1 5 3
1 5 4
1 18 17
1 17 12
1 12 11
1 11 7
1 11 10
1 10 8
1 10 9
1 17 16
1 16 13
1 16 15
1 15 14
2 19 1
2 1 0
2 19 18
2 18 16
2 16 3
2 3 2
2 16 15
2 15 12
2 12 11
2 11 5
2 5 4
2 11 10
2 10 6
2 10 9
2 9 8
2 8 7
2 15 14
2 14 13
2 18 17
3 14 13
3 13 9
3 9 5
3 5 3
3 3 1
3 1 0
3 3 2
3 5 4
3 9 8
3 8 6
3 8 7
3 13 12
3 12 10
3 12 11
4 16 15
4 15 8
4 8 6
4 6 5
4 5 1
4 1 0
4 5 4
4 4 2
4 4 3
4 8 7
4 15 14
4 14 10
4 10 9
4 14 13
4 13 11
4 13 12
5 19 18
5 18 16
5 16 13
5 13 12
5 12 5
5 5 2
5 2 0
5 2 1
5 5 4
5 4 3
5 12 11
5 11 9
5 9 8
5 8 7
5 7 6
5 11 10
5 16 15
5 15 14
5 18 17
6 19 16
6 16 13
6 13 11
6 11 7
6 7 6
6 6 5
6 5 3
6 3 0
6 3 2
6 2 1
6 5 4
6 11 10
6 10 8
6 10 9
6 13 12
6 16 15
6 15 14
6 19 18
6 18 17
7 14 0
7 14 13
7 13 9
7 9 1
7 9 8
7 8 5
7 5 2
7 5 4
7 4 3
7 8 7
7 7 6
7 13 12
7 12 11
7 11 10
8 16 14
8 14 13
8 13 12
8 12 11
8 11 9
8 9 7
8 7 6
8 6 5
8 5 0
8 5 4
8 4 3
8 3 1
8 3 2
8 9 8
8 11 10
8 16 15
9 16 15
9 15 11
9 11 9
9 9 0
9 9 8
9 8 1
9 8 7
9 7 6
9 6 5
9 5 4
9 4 3
9 3 2
9 11 10
9 15 14
9 14 12
9 14 13
10 19 9
10 9 1
10 1 0
10 9 8
10 8 6
10 6 2
10 6 5
10 5 3
10 5 4
10 8 7
10 19 18
10 18 17
10 17 16
10 16 15
10 15 13
10 13 12
10 12 10
10 12 11
10 15 14
11 16 15
11 15 12
11 12 4
11 4 1
11 1 0
11 4 3
11 3 2
11 12 11
11 11 10
11 10 5
11 10 9
11 9 7
11 7 6
11 9 8
11 15 14
11 14 13
12 19 16
12 16 1
12 1 0
12 16 15
12 15 11
12 11 10
12 10 4
12 4 2
12 4 3
12 10 9
12 9 6
12 6 5
12 9 8
12 8 7
12 15 14
12 14 13
12 13 12
12 19 18
12 18 17
13 15 13
13 13 12
13 12 0
13 12 11
13 11 9
13 9 1
13 9 8
13 8 7
13 7 6
13 6 4
13 4 2
13 4 3
13 6 5
13 11 10
13 15 14
14 18 4
14 4 3
14 3 1
14 1 0
14 3 2
14 18 17
14 17 8
14 8 5
14 8 7
14 7 6
14 17 16
14 16 15
14 15 14
14 14 9
14 14 13
14 13 12
14 12 11
14 11 10
15 17 16
15 16 15
15 15 11
15 11 10
15 10 9
15 9 7
15 7 6
15 6 4
15 4 2
15 2 1
15 1 0
15 4 3
15 6 5
15 9 8
15 15 14
15 14 12
15 14 13
16 17 16
16 16 1
16 1 0
16 16 15
16 15 8
16 8 7
16 7 3
16 3 2
16 7 6
16 6 4
16 6 5
16 15 14
16 14 9
16 14 13
16 13 12
16 12 11
16 11 10
17 14 13
17 13 2
17 2 1
17 1 0
17 13 12
17 12 11
17 11 10
17 10 9
17 9 8
17 8 4
17 4 3
17 8 7
17 7 5
17 7 6
18 14 1
18 1 0
18 14 13
18 13 12
18 12 11
18 11 2
18 11 10
18 10 4
18 4 3
18 10 9
18 9 7
18 7 5
18 7 6
18 9 8
19 18 9
19 9 8
19 8 7
19 7 6
19 6 5
19 5 4
19 4 2
19 2 1
19 1 0
19 4 3
19 18 17
19 17 13
19 13 11
19 11 10
19 13 12
19 17 16
19 16 15
19 15 14
20 16 15
20 15 1
20 1 0
20 15 14
20 14 13
20 13 12
20 12 11
20 11 5
20 5 4
20 4 2
20 4 3
20 11 10
20 10 8
20 8 6
20 8 7
20 10 9
21 15 14
21 14 13
21 13 11
21 11 10
21 10 9
21 9 7
21 7 0
21 7 6
21 6 1
21 6 5
21 5 4
21 4 3
21 3 2
21 9 8
21 13 12
22 18 17
22 17 16
22 16 14
22 14 0
22 14 13
22 13 1
22 13 12
22 12 11
22 11 8
22 8 7
22 7 5
22 5 4
22 4 3
22 3 2
22 7 6
22 11 10
22 10 9
22 16 15
23 14 13
23 13 7
23 7 6
23 6 5
23 5 0
23 5 4
23 4 3
23 3 2
23 2 1
23 13 12
23 12 9
23 9 8
23 12 11
23 11 10
24 14 10
24 10 0
24 10 9
24 9 7
24 7 6
24 6 5
24 5 4
24 4 3
24 3 2
24 2 1
24 9 8
24 14 13
24 13 11
24 13 12
25 18 0
25 18 17
25 17 1
25 17 16
25 16 12
25 12 11
25 11 9
25 9 3
25 3 2
25 9 8
25 8 4
25 8 7
25 7 5
25 7 6
25 11 10
25 16 15
25 15 13
25 15 14
26 18 0
26 18 17
26 17 4
26 4 2
26 2 1
26 4 3
26 17 16
26 16 15
26 15 13
26 13 9
26 9 8
26 8 7
26 7 5
26 7 6
26 13 12
26 12 10
26 12 11
26 15 14
27 17 10
27 10 9
27 9 7
27 7 6
27 6 2
27 2 1
27 1 0
27 6 5
27 5 3
27 5 4
27 9 8
27 17 16
27 16 14
27 14 11
27 14 13
27 13 12
27 16 15
28 16 14
28 14 6
28 6 0
28 6 5
28 5 4
28 4 2
28 2 1
28 4 3
28 14 13
28 13 7
28 13 12
28 12 10
28 10 9
28 9 8
28 12 11
28 16 15
29 18 17
29 17 16
29 16 15
29 15 0
29 15 14
29 14 1
29 14 13
29 13 12
29 12 9
29 9 8
29 8 7
29 7 2
29 7 6
29 6 5
29 5 4
29 4 3
29 12 11
29 11 10
30 17 15
30 15 1
30 1 0
30 15 14
30 14 10
30 10 9
30 9 8
30 8 7
30 7 2
30 7 6
30 6 5
30 5 4
30 4 3
30 14 13
30 13 12
30 12 11
30 17 16
31 14 13
31 13 3
31 3 1
31 1 0
31 3 2
31 13 12
31 12 11
31 11 10
31 10 4
31 10 9
31 9 8
31 8 5
31 8 7
31 7 6
32 17 1
32 1 0
32 17 16
32 16 3
32 3 2
32 16 15
32 15 14
32 14 12
32 12 9
32 9 7
32 7 6
32 6 5
32 5 4
32 9 8
32 12 11
32 11 10
32 14 13
33 18 12
33 12 11
33 11 10
33 10 2
33 2 0
33 2 1
33 10 9
33 9 5
33 5 4
33 4 3
33 9 8
33 8 7
33 7 6
33 18 17
33 17 15
33 15 14
33 14 13
33 17 16
34 19 17
34 17 16
34 16 0
34 16 15
34 15 14
34 14 13
34 13 10
34 10 1
34 10 9
34 9 2
34 9 8
34 8 7
34 7 5
34 5 4
34 4 3
34 7 6
34 13 12
34 12 11
34 19 18
35 15 14
35 14 0
35 14 13
35 13 11
35 11 5
35 5 4
35 4 1
35 4 3
35 3 2
35 11 10
35 10 9
35 9 6
35 9 8
35 8 7
35 13 12
36 18 17
36 17 16
36 16 11
36 11 6
36 6 5
36 5 3
36 3 2
36 2 1
36 1 0
36 5 4
36 11 10
36 10 9
36 9 8
36 8 7
36 16 15
36 15 14
36 14 13
36 13 12
37 15 0
37 15 14
37 14 13
37 13 1
37 13 12
37 12 5
37 5 2
37 5 4
37 4 3
37 12 11
37 11 10
37 10 8
37 8 7
37 7 6
37 10 9
38 14 13
38 13 12
38 12 5
38 5 4
38 4 1
38 1 0
38 4 3
38 3 2
38 12 11
38 11 10
38 10 7
38 7 6
38 10 9
38 9 8
39 17 16
39 16 15
39 15 10
39 10 7
39 7 4
39 4 3
39 3 2
39 2 0
39 2 1
39 7 6
39 6 5
39 10 9
39 9 8
39 15 14
39 14 12
39 12 11
39 14 13
40 15 12
40 12 0
40 12 11
40 11 9
40 9 8
40 8 7
40 7 2
40 2 1
40 7 6
40 6 3
40 6 5
40 5 4
40 11 10
40 15 14
40 14 13
41 15 9
41 9 8
41 8 3
41 3 2
41 2 1
41 1 0
41 8 7
41 7 5
41 5 4
41 7 6
41 15 14
41 14 11
41 11 10
41 14 13
41 13 12
42 19 0
42 19 18
42 18 1
42 18 17
42 17 16
42 16 15
42 15 14
42 14 2
42 14 13
42 13 12
42 12 10
42 10 4
42 4 3
42 10 9
42 9 5
42 9 8
42 8 6
42 8 7
42 12 11
43 17 16
43 16 15
43 15 2
43 2 0
43 2 1
43 15 14
43 14 13
43 13 11
43 11 8
43 8 3
43 8 7
43 7 5
43 5 4
43 7 6
43 11 10
43 10 9
43 13 12
44 15 13
44 13 2
44 2 1
44 1 0
44 13 12
44 12 3
44 12 11
44 11 4
44 11 10
44 10 9
44 9 7
44 7 5
44 7 6
44 9 8
44 15 14
45 15 13
45 13 12
45 12 11
45 11 7
45 7 6
45 6 0
45 6 5
45 5 4
45 4 3
45 3 2
45 2 1
45 11 10
45 10 9
45 9 8
45 15 14
46 17 14
46 14 10
46 10 9
46 9 8
46 8 6
46 6 0
46 6 5
46 5 3
46 3 1
46 3 2
46 5 4
46 8 7
46 14 13
46 13 12
46 12 11
46 17 16
46 16 15
47 16 13
47 13 12
47 12 11
47 11 0
47 11 10
47 10 9
47 9 1
47 9 8
47 8 2
47 8 7
47 7 6
47 6 3
47 6 5
47 5 4
47 16 15
47 15 14
48 19 0
48 19 18
48 18 17
48 17 16
48 16 15
48 15 12
48 12 10
48 10 4
48 4 2
48 2 1
48 4 3
48 10 9
48 9 8
48 8 7
48 7 6
48 6 5
48 12 11
48 15 14
48 14 13
49 15 13
49 13 12
49 12 4
49 4 3
49 3 1
49 1 0
49 3 2
49 12 11
49 11 6
49 6 5
49 11 10
49 10 8
49 8 7
49 10 9
49 15 14
50 15 14
50 14 11
50 11 7
50 7 6
50 6 5
50 5 4
50 4 3
50 3 2
50 2 1
50 1 0
50 11 10
50 10 9
50 9 8
50 14 13
50 13 12
51 14 0
51 14 13
51 13 1
51 13 12
51 12 11
51 11 2
51 11 10
51 10 3
51 10 9
51 9 7
51 7 6
51 6 5
51 5 4
51 9 8
52 14 9
52 9 8
52 8 2
52 2 0
52 2 1
52 8 7
52 7 4
52 4 3
52 7 6
52 6 5
52 14 13
52 13 10
52 13 12
52 12 11
53 16 14
53 14 13
53 13 11
53 11 10
53 10 0
53 10 9
53 9 8
53 8 7
53 7 6
53 6 5
53 5 1
53 5 4
53 4 2
53 4 3
53 13 12
53 16 15
54 16 2
54 2 1
54 1 0
54 16 15
54 15 14
54 14 12
54 12 3
54 12 11
54 11 5
54 5 4
54 11 10
54 10 7
54 7 6
54 10 9
54 9 8
54 14 13
55 19 3
55 3 2
55 2 0
55 2 1
55 19 18
55 18 16
55 16 15
55 15 11
55 11 9
55 9 6
55 6 4
55 6 5
55 9 8
55 8 7
55 11 10
55 15 14
55 14 13
55 13 12
55 18 17
56 14 9
56 9 8
56 8 6
56 6 5
56 5 4
56 4 0
56 4 3
56 3 2
56 2 1
56 8 7
56 14 13
56 13 11
56 11 10
56 13 12
57 18 17
57 17 16
57 16 4
57 4 3
57 3 0
57 3 2
57 2 1
57 16 15
57 15 12
57 12 8
57 8 5
57 8 7
57 7 6
57 12 11
57 11 10
57 10 9
57 15 14
57 14 13
58 19 18
58 18 17
58 17 16
58 16 15
58 15 7
58 7 4
58 4 3
58 3 2
58 2 1
58 1 0
58 7 6
58 6 5
58 15 14
58 14 9
58 9 8
58 14 13
58 13 10
58 13 12
58 12 11
59 18 15
59 15 0
59 15 14
59 14 1
59 14 13
59 13 12
59 12 9
59 9 6
59 6 5
59 5 2
59 5 4
59 4 3
59 9 8
59 8 7
59 12 11
59 11 10
59 18 17
59 17 16
60 16 5
60 5 4
60 4 2
60 2 0
60 2 1
60 4 3
60 16 15
60 15 8
60 8 7
60 7 6
60 15 14
60 14 12
60 12 10
60 10 9
60 12 11
60 14 13
61 18 5
61 5 1
61 1 0
61 5 4
61 4 2
61 4 3
61 18 17
61 17 6
61 17 16
61 16 15
61 15 10
61 10 7
61 10 9
61 9 8
61 15 14
61 14 13
61 13 11
61 13 12
62 18 17
62 17 7
62 7 6
62 6 5
62 5 1
62 1 0
62 5 4
62 4 3
62 3 2
62 17 16
62 16 15
62 15 8
62 15 14
62 14 13
62 13 12
62 12 11
62 11 10
62 10 9
63 19 18
63 18 14
63 14 1
63 1 0
63 14 13
63 13 2
63 13 12
63 12 11
63 11 3
63 11 10
63 10 8
63 8 4
63 8 7
63 7 6
63 6 5
63 10 9
63 18 17
63 17 15
63 17 16
64 16 15
64 15 14
64 14 9
64 9 7
64 7 0
64 7 6
64 6 1
64 6 5
64 5 3
64 3 2
64 5 4
64 9 8
64 14 13
64 13 12
64 12 11
64 11 10
65 15 1
65 1 0
65 15 14
65 14 4
65 4 2
65 4 3
65 14 13
65 13 12
65 12 10
65 10 9
65 9 5
65 9 8
65 8 6
65 8 7
65 12 11
66 16 7
66 7 2
66 2 1
66 1 0
66 7 6
66 6 4
66 4 3
66 6 5
66 16 15
66 15 8
66 15 14
66 14 13
66 13 12
66 12 9
66 12 11
66 11 10
67 16 15
67 15 10
67 10 1
67 1 0
67 10 9
67 9 5
67 5 2
67 5 4
67 4 3
67 9 8
67 8 7
67 7 6
67 15 14
67 14 12
67 12 11
67 14 13
68 16 15
68 15 14
68 14 12
68 12 3
68 3 2
68 2 0
68 2 1
68 12 11
68 11 10
68 10 9
68 9 8
68 8 7
68 7 6
68 6 4
68 6 5
68 14 13
69 19 18
69 18 17
69 17 9
69 9 8
69 8 7
69 7 0
69 7 6
69 6 1
69 6 5
69 5 4
69 4 3
69 3 2
69 17 16
69 16 14
69 14 12
69 12 11
69 11 10
69 14 13
69 16 15
70 16 4
70 4 1
70 1 0
70 4 3
70 3 2
70 16 15
70 15 11
70 11 10
70 10 5
70 10 9
70 9 6
70 9 8
70 8 7
70 15 14
70 14 12
70 14 13
71 19 0
71 19 18
71 18 1
71 18 17
71 17 3
71 3 2
71 17 16
71 16 15
71 15 13
71 13 7
71 7 5
71 5 4
71 7 6
71 13 12
71 12 11
71 11 10
71 10 8
71 10 9
71 15 14
72 15 13
72 13 8
72 8 6
72 6 2
72 2 1
72 1 0
72 6 5
72 5 4
72 4 3
72 8 7
72 13 12
72 12 10
72 10 9
72 12 11
72 15 14
73 15 10
73 10 0
73 10 9
73 9 7
73 7 5
73 5 3
73 3 2
73 2 1
73 5 4
73 7 6
73 9 8
73 15 14
73 14 11
73 14 13
73 13 12
74 18 16
74 16 8
74 8 7
74 7 5
74 5 0
74 5 4
74 4 1
74 4 3
74 3 2
74 7 6
74 16 15
74 15 12
74 12 9
74 12 11
74 11 10
74 15 14
74 14 13
74 18 17
75 18 16
75 16 0
75 16 15
75 15 14
75 14 13
75 13 12
75 12 11
75 11 8
75 8 7
75 7 6
75 6 4
75 4 1
75 4 3
75 3 2
75 6 5
75 11 10
75 10 9
75 18 17
76 16 15
76 15 13
76 13 11
76 11 10
76 10 0
76 10 9
76 9 1
76 9 8
76 8 7
76 7 6
76 6 2
76 6 5
76 5 4
76 4 3
76 13 12
76 15 14
77 18 2
77 2 1
77 1 0
77 18 17
77 17 16
77 16 15
77 15 5
77 5 4
77 4 3
77 15 14
77 14 8
77 8 7
77 7 6
77 14 13
77 13 11
77 11 10
77 10 9
77 13 12
78 14 13
78 13 10
78 10 9
78 9 8
78 8 5
78 5 0
78 5 4
78 4 3
78 3 1
78 3 2
78 8 7
78 7 6
78 13 12
78 12 11
79 17 16
79 16 6
79 6 0
79 6 5
79 5 3
79 3 1
79 3 2
79 5 4
79 16 15
79 15 14
79 14 8
79 8 7
79 14 13
79 13 12
79 12 10
79 10 9
79 12 11
80 15 14
80 14 13
80 13 8
80 8 2
80 2 1
80 1 0
80 8 7
80 7 5
80 5 4
80 4 3
80 7 6
80 13 12
80 12 11
80 11 10
80 10 9
81 15 0
81 15 14
81 14 12
81 12 1
81 12 11
81 11 10
81 10 2
81 10 9
81 9 5
81 5 3
81 5 4
81 9 8
81 8 7
81 7 6
81 14 13
82 14 13
82 13 12
82 12 11
82 11 10
82 10 9
82 9 8
82 8 7
82 7 0
82 7 6
82 6 5
82 5 4
82 4 3
82 3 1
82 3 2
83 19 17
83 17 16
83 16 15
83 15 0
83 15 14
83 14 13
83 13 12
83 12 11
83 11 1
83 11 10
83 10 9
83 9 3
83 3 2
83 9 8
83 8 4
83 8 7
83 7 5
83 7 6
83 19 18
84 16 13
84 13 8
84 8 0
84 8 7
84 7 6
84 6 5
84 5 1
84 5 4
84 4 3
84 3 2
84 13 12
84 12 9
84 12 11
84 11 10
84 16 15
84 15 14
85 14 10
85 10 5
85 5 3
85 3 1
85 1 0
85 3 2
85 5 4
85 10 9
85 9 8
85 8 7
85 7 6
85 14 13
85 13 11
85 13 12
86 16 0
86 16 15
86 15 3
86 3 1
86 3 2
86 15 14
86 14 13
86 13 8
86 8 4
86 8 7
86 7 6
86 6 5
86 13 12
86 12 9
86 12 11
86 11 10
87 18 17
87 17 0
87 17 16
87 16 15
87 15 14
87 14 13
87 13 11
87 11 4
87 4 3
87 3 2
87 2 1
87 11 10
87 10 6
87 6 5
87 10 9
87 9 8
87 8 7
87 13 12
88 15 12
88 12 11
88 11 5
88 5 4
88 4 2
88 2 0
88 2 1
88 4 3
88 11 10
88 10 9
88 9 6
88 9 8
88 8 7
88 15 14
88 14 13
89 19 18
89 18 15
89 15 5
89 5 4
89 4 0
89 4 3
89 3 2
89 2 1
89 15 14
89 14 6
89 14 13
89 13 9
89 9 8
89 8 7
89 13 12
89 12 11
89 11 10
89 18 17
89 17 16
90 14 0
90 14 13
90 13 12
90 12 11
90 11 1
90 11 10
90 10 9
90 9 2
90 9 8
90 8 7
90 7 3
90 7 6
90 6 4
90 6 5
91 17 14
91 14 13
91 13 2
91 2 0
91 2 1
91 13 12
91 12 3
91 12 11
91 11 10
91 10 4
91 10 9
91 9 8
91 8 5
91 8 7
91 7 6
91 17 16
91 16 15
92 18 16
92 16 3
92 3 2
92 2 0
92 2 1
92 16 15
92 15 7
92 7 6
92 6 4
92 6 5
92 15 14
92 14 8
92 14 13
92 13 12
92 12 11
92 11 10
92 10 9
92 18 17
93 15 2
93 2 0
93 2 1
93 15 14
93 14 9
93 9 7
93 7 5
93 5 3
93 5 4
93 7 6
93 9 8
93 14 13
93 13 11
93 11 10
93 13 12
94 15 14
94 14 8
94 8 1
94 1 0
94 8 7
94 7 5
94 5 2
94 5 4
94 4 3
94 7 6
94 14 13
94 13 12
94 12 10
94 10 9
94 12 11
95 15 14
95 14 13
95 13 6
95 6 0
95 6 5
95 5 4
95 4 1
95 4 3
95 3 2
95 13 12
95 12 7
95 12 11
95 11 9
95 9 8
95 11 10
96 15 14
96 14 1
96 1 0
96 14 13
96 13 10
96 10 9
96 9 7
96 7 5
96 5 4
96 4 3
96 3 2
96 7 6
96 9 8
96 13 12
96 12 11
97 17 3
97 3 0
97 3 2
97 2 1
97 17 16
97 16 15
97 15 4
97 15 14
97 14 12
97 12 6
97 6 5
97 12 11
97 11 10
97 10 8
97 8 7
97 10 9
97 14 13
98 16 11
98 11 10
98 10 0
98 10 9
98 9 8
98 8 7
98 7 6
98 6 3
98 3 2
98 2 1
98 6 5
98 5 4
98 16 15
98 15 13
98 13 12
98 15 14
99 15 12
99 12 11
99 11 9
99 9 4
99 4 3
99 3 2
99 2 1
99 1 0
99 9 8
99 8 7
99 7 6
99 6 5
99 11 10
99 15 14
99 14 13
100 17 15
100 15 14
100 14 1
100 1 0
100 14 13
100 13 11
100 11 2
100 11 10
100 10 9
100 9 8
100 8 3
100 8 7
100 7 4
100 7 6
100 6 5
100 13 12
100 17 16
101 16 15
101 15 12
101 12 2
101 2 1
101 1 0
101 12 11
101 11 4
101 4 3
101 11 10
101 10 5
101 10 9
101 9 8
101 8 7
101 7 6
101 15 14
101 14 13
