1 18 0
1 18 17
1 17 16
1 16 3
1 3 1
1 3 2
1 16 15
1 15 9
1 9 7
1 7 6
1 6 4
1 6 5
1 9 8
1 15 14
1 14 10
1 14 13
1 13 11
1 13 12
2 16 0
2 16 15
2 15 14
2 14 1
2 14 13
2 13 10
2 10 9
2 9 7
2 7 4
2 4 3
2 3 2
2 7 6
2 6 5
2 9 8
2 13 12
2 12 11
3 14 13
3 13 2
3 2 1
3 1 0
3 13 12
3 12 9
3 9 8
3 8 5
3 5 3
3 5 4
3 8 7
3 7 6
3 12 11
3 11 10
4 14 12
4 12 11
4 11 4
4 4 2
4 2 1
4 1 0
4 4 3
4 11 10
4 10 9
4 9 5
4 9 8
4 8 6
4 8 7
4 14 13
5 16 15
5 15 14
5 14 0
5 14 13
5 13 12
5 12 6
5 6 5
5 5 4
5 4 1
5 4 3
5 3 2
5 12 11
5 11 7
5 11 10
5 10 8
5 10 9
6 14 10
6 10 9
6 9 7
6 7 6
6 6 2
6 2 0
6 2 1
6 6 5
6 5 4
6 4 3
6 9 8
6 14 13
6 13 12
6 12 11
7 18 0
7 18 17
7 17 9
7 9 8
7 8 2
7 2 1
7 8 7
7 7 3
7 7 6
7 6 5
7 5 4
7 17 16
7 16 15
7 15 14
7 14 13
7 13 12
7 12 10
7 12 11
8 18 17
8 17 15
8 15 13
8 13 2
8 2 1
8 1 0
8 13 12
8 12 11
8 11 8
8 8 7
8 7 3
8 7 6
8 6 4
8 6 5
8 11 10
8 10 9
8 15 14
8 17 16
9 17 16
9 16 13
9 13 12
9 12 8
9 8 7
9 7 6
9 6 0
9 6 5
9 5 4
9 4 1
9 4 3
9 3 2
9 12 11
9 11 9
9 11 10
9 16 15
9 15 14
10 14 2
10 2 1
10 1 0
10 14 13
10 13 12
10 12 10
10 10 9
10 9 5
10 5 4
10 4 3
10 9 8
10 8 7
10 7 6
10 12 11
11 18 17
11 17 16
11 16 15
11 15 1
11 1 0
11 15 14
11 14 12
11 12 2
11 12 11
11 11 7
11 7 6
11 6 3
11 6 5
11 5 4
11 11 10
11 10 9
11 9 8
11 14 13
12 18 17
12 17 12
12 12 11
12 11 0
12 11 10
12 10 3
12 3 2
12 2 1
12 10 9
12 9 7
12 7 5
12 5 4
12 7 6
12 9 8
12 17 16
12 16 13
12 16 15
12 15 14
13 14 0
13 14 13
13 13 12
13 12 9
13 9 8
13 8 1
13 8 7
13 7 6
13 6 4
13 4 3
13 3 2
13 6 5
13 12 11
13 11 10
14 18 0
14 18 17
14 17 16
14 16 15
14 15 11
14 11 2
14 2 1
14 11 10
14 10 9
14 9 3
14 9 8
14 8 5
14 5 4
14 8 7
14 7 6
14 15 14
14 14 13
14 13 12
15 17 0
15 17 16
15 16 14
15 14 13
15 13 12
15 12 11
15 11 10
15 10 1
15 10 9
15 9 2
15 9 8
15 8 6
15 6 5
15 5 4
15 4 3
15 8 7
15 16 15
16 15 12
16 12 11
16 11 9
16 9 4
16 4 0
16 4 3
16 3 1
16 3 2
16 9 8
16 8 5
16 8 7
16 7 6
16 11 10
16 15 14
16 14 13
17 18 17
17 17 16
17 16 13
17 13 12
17 12 2
17 2 0
17 2 1
17 12 11
17 11 7
17 7 6
17 6 5
17 5 4
17 4 3
17 11 10
17 10 8
17 10 9
17 16 15
17 15 14
18 15 14
18 14 11
18 11 1
18 1 0
18 11 10
18 10 8
18 8 3
18 3 2
18 8 7
18 7 5
18 5 4
18 7 6
18 10 9
18 14 13
18 13 12
19 14 12
19 12 2
19 2 0
19 2 1
19 12 11
19 11 10
19 10 3
19 10 9
19 9 8
19 8 6
19 6 4
19 6 5
19 8 7
19 14 13
20 18 0
20 18 17
20 17 16
20 16 15
20 15 1
20 15 14
20 14 12
20 12 6
20 6 4
20 4 3
20 3 2
20 6 5
20 12 11
20 11 10
20 10 9
20 9 8
20 8 7
20 14 13
21 18 17
21 17 2
21 2 0
21 2 1
21 17 16
21 16 15
21 15 4
21 4 3
21 15 14
21 14 6
21 6 5
21 14 13
21 13 12
21 12 7
21 12 11
21 11 9
21 9 8
21 11 10
22 18 16
22 16 14
22 14 5
22 5 3
22 3 1
22 1 0
22 3 2
22 5 4
22 14 13
22 13 11
22 11 10
22 10 6
22 10 9
22 9 7
22 9 8
22 13 12
22 16 15
22 18 17
23 14 0
23 14 13
23 13 12
23 12 5
23 5 4
23 4 1
23 4 3
23 3 2
23 12 11
23 11 10
23 10 9
23 9 8
23 8 7
23 7 6
24 14 3
24 3 1
24 1 0
24 3 2
24 14 13
24 13 12
24 12 4
24 12 11
24 11 10
24 10 9
24 9 5
24 9 8
24 8 7
24 7 6
25 14 9
25 9 1
25 1 0
25 9 8
25 8 7
25 7 2
25 7 6
25 6 5
25 5 4
25 4 3
25 14 13
25 13 10
25 13 12
25 12 11
26 15 6
26 6 5
26 5 4
26 4 0
26 4 3
26 3 1
26 3 2
26 15 14
26 14 13
26 13 12
26 12 11
26 11 9
26 9 7
26 9 8
26 11 10
27 17 9
27 9 8
27 8 7
27 7 6
27 6 3
27 3 1
27 1 0
27 3 2
27 6 5
27 5 4
27 17 16
27 16 12
27 12 11
27 11 10
27 16 15
27 15 13
27 15 14
28 19 17
28 17 3
28 3 1
28 1 0
28 3 2
28 17 16
28 16 15
28 15 4
28 15 14
28 14 10
28 10 7
28 7 6
28 6 5
28 10 9
28 9 8
28 14 13
28 13 11
28 13 12
28 19 18
29 19 2
29 2 0
29 2 1
29 19 18
29 18 16
29 16 3
29 16 15
29 15 14
29 14 10
29 10 9
29 9 4
29 9 8
29 8 7
29 7 6
29 6 5
29 14 13
29 13 11
29 13 12
29 18 17
30 18 15
30 15 0
30 15 14
30 14 13
30 13 3
30 3 2
30 2 1
30 13 12
30 12 5
30 5 4
30 12 11
30 11 10
30 10 6
30 10 9
30 9 7
30 9 8
30 18 17
30 17 16
31 14 13
31 13 0
31 13 12
31 12 10
31 10 8
31 8 1
31 8 7
31 7 5
31 5 4
31 4 3
31 3 2
31 7 6
31 10 9
31 12 11
32 14 13
32 13 12
32 12 10
32 10 4
32 4 3
32 3 1
32 1 0
32 3 2
32 10 9
32 9 8
32 8 5
32 8 7
32 7 6
32 12 11
33 14 13
33 13 12
33 12 0
33 12 11
33 11 2
33 2 1
33 11 10
33 10 9
33 9 6
33 6 4
33 4 3
33 6 5
33 9 8
33 8 7
34 14 1
34 1 0
34 14 13
34 13 12
34 12 10
34 10 9
34 9 7
34 7 6
34 6 3
34 3 2
34 6 5
34 5 4
34 9 8
34 12 11
35 18 17
35 17 0
35 17 16
35 16 10
35 10 9
35 9 1
35 9 8
35 8 6
35 6 2
35 6 5
35 5 3
35 5 4
35 8 7
35 16 15
35 15 14
35 14 13
35 13 11
35 13 12
36 18 17
36 17 16
36 16 1
36 1 0
36 16 15
36 15 2
36 15 14
36 14 13
36 13 8
36 8 5
36 5 4
36 4 3
36 8 7
36 7 6
36 13 12
36 12 9
36 12 11
36 11 10
37 16 10
37 10 9
37 9 3
37 3 2
37 2 0
37 2 1
37 9 8
37 8 7
37 7 6
37 6 4
37 6 5
37 16 15
37 15 14
37 14 12
37 12 11
37 14 13
38 19 0
38 19 18
38 18 16
38 16 14
38 14 7
38 7 1
38 7 6
38 6 2
38 6 5
38 5 4
38 4 3
38 14 13
38 13 9
38 9 8
38 13 12
38 12 11
38 11 10
38 16 15
38 18 17
39 17 16
39 16 10
39 10 0
39 10 9
39 9 8
39 8 2
39 2 1
39 8 7
39 7 3
39 7 6
39 6 4
39 6 5
39 16 15
39 15 13
39 13 11
39 13 12
39 15 14
40 18 15
40 15 14
40 14 0
40 14 13
40 13 6
40 6 5
40 5 1
40 5 4
40 4 2
40 4 3
40 13 12
40 12 11
40 11 7
40 11 10
40 10 9
40 9 8
40 18 17
40 17 16
41 15 0
41 15 14
41 14 13
41 13 11
41 11 10
41 10 9
41 9 7
41 7 5
41 5 3
41 3 2
41 2 1
41 5 4
41 7 6
41 9 8
41 13 12
42 14 13
42 13 0
42 13 12
42 12 1
42 12 11
42 11 10
42 10 9
42 9 3
42 3 2
42 9 8
42 8 7
42 7 6
42 6 5
42 5 4
43 15 14
43 14 4
43 4 0
43 4 3
43 3 2
43 2 1
43 14 13
43 13 12
43 12 5
43 12 11
43 11 10
43 10 6
43 10 9
43 9 7
43 9 8
44 18 3
44 3 2
44 2 0
44 2 1
44 18 17
44 17 16
44 16 4
44 16 15
44 15 14
44 14 6
44 6 5
44 14 13
44 13 8
44 8 7
44 13 12
44 12 11
44 11 9
44 11 10
45 19 17
45 17 15
45 15 14
45 14 12
45 12 0
45 12 11
45 11 2
45 2 1
45 11 10
45 10 8
45 8 6
45 6 5
45 5 3
45 5 4
45 8 7
45 10 9
45 14 13
45 17 16
45 19 18
46 17 16
46 16 9
46 9 0
46 9 8
46 8 6
46 6 4
46 4 3
46 3 2
46 2 1
46 6 5
46 8 7
46 16 15
46 15 10
46 15 14
46 14 12
46 12 11
46 14 13
47 19 5
47 5 4
47 4 3
47 3 0
47 3 2
47 2 1
47 19 18
47 18 17
47 17 16
47 16 10
47 10 9
47 9 7
47 7 6
47 9 8
47 16 15
47 15 14
47 14 12
47 12 11
47 14 13
48 19 18
48 18 3
48 3 1
48 1 0
48 3 2
48 18 17
48 17 10
48 10 9
48 9 6
48 6 4
48 6 5
48 9 8
48 8 7
48 17 16
48 16 11
48 16 15
48 15 13
48 13 12
48 15 14
49 14 13
49 13 1
49 1 0
49 13 12
49 12 3
49 3 2
49 12 11
49 11 9
49 9 7
49 7 5
49 5 4
49 7 6
49 9 8
49 11 10
50 14 13
50 13 4
50 4 3
50 3 1
50 1 0
50 3 2
50 13 12
50 12 5
50 12 11
50 11 10
50 10 9
50 9 7
50 7 6
50 9 8
51 18 17
51 17 0
51 17 16
51 16 1
51 16 15
51 15 8
51 8 5
51 5 4
51 4 3
51 3 2
51 8 7
51 7 6
51 15 14
51 14 10
51 10 9
51 14 13
51 13 12
51 12 11
52 15 10
52 10 9
52 9 7
52 7 6
52 6 5
52 5 4
52 4 3
52 3 0
52 3 2
52 2 1
52 9 8
52 15 14
52 14 11
52 14 13
52 13 12
53 19 12
53 12 10
53 10 7
53 7 0
53 7 6
53 6 5
53 5 3
53 3 1
53 3 2
53 5 4
53 10 9
53 9 8
53 12 11
53 19 18
53 18 13
53 18 17
53 17 14
53 17 16
53 16 15
54 19 2
54 2 1
54 1 0
54 19 18
54 18 4
54 4 3
54 18 17
54 17 16
54 16 5
54 16 15
54 15 13
54 13 6
54 13 12
54 12 9
54 9 7
54 9 8
54 12 11
54 11 10
54 15 14
55 15 14
55 14 1
55 1 0
55 14 13
55 13 11
55 11 5
55 5 4
55 4 3
55 3 2
55 11 10
55 10 9
55 9 8
55 8 7
55 7 6
55 13 12
56 14 0
56 14 13
56 13 11
56 11 10
56 10 9
56 9 3
56 3 2
56 2 1
56 9 8
56 8 4
56 8 7
56 7 6
56 6 5
56 13 12
57 16 9
57 9 8
57 8 0
57 8 7
57 7 6
57 6 5
57 5 1
57 5 4
57 4 3
57 3 2
57 16 15
57 15 12
57 12 10
57 12 11
57 15 14
57 14 13
58 18 0
58 18 17
58 17 3
58 3 1
58 3 2
58 17 16
58 16 7
58 7 5
58 5 4
58 7 6
58 16 15
58 15 11
58 11 8
58 11 10
58 10 9
58 15 14
58 14 12
58 14 13
59 17 15
59 15 6
59 6 5
59 5 0
59 5 4
59 4 3
59 3 1
59 3 2
59 15 14
59 14 13
59 13 11
59 11 10
59 10 8
59 8 7
59 10 9
59 13 12
59 17 16
60 18 17
60 17 0
60 17 16
60 16 15
60 15 5
60 5 4
60 4 1
60 4 3
60 3 2
60 15 14
60 14 13
60 13 8
60 8 7
60 7 6
60 13 12
60 12 11
60 11 10
60 10 9
61 19 18
61 18 15
61 15 9
61 9 8
61 8 5
61 5 3
61 3 1
61 1 0
61 3 2
61 5 4
61 8 7
61 7 6
61 15 14
61 14 13
61 13 12
61 12 11
61 11 10
61 18 17
61 17 16
62 19 0
62 19 18
62 18 1
62 18 17
62 17 2
62 17 16
62 16 15
62 15 14
62 14 3
62 14 13
62 13 6
62 6 5
62 5 4
62 13 12
62 12 11
62 11 7
62 11 10
62 10 8
62 10 9
63 18 16
63 16 9
63 9 4
63 4 3
63 3 0
63 3 2
63 2 1
63 9 8
63 8 7
63 7 5
63 7 6
63 16 15
63 15 13
63 13 12
63 12 11
63 11 10
63 15 14
63 18 17
64 17 4
64 4 3
64 3 1
64 1 0
64 3 2
64 17 16
64 16 12
64 12 11
64 11 5
64 11 10
64 10 6
64 10 9
64 9 7
64 9 8
64 16 15
64 15 13
64 15 14
65 19 10
65 10 6
65 6 3
65 3 2
65 2 0
65 2 1
65 6 5
65 5 4
65 10 9
65 9 7
65 9 8
65 19 18
65 18 13
65 13 12
65 12 11
65 18 17
65 17 15
65 15 14
65 17 16
66 19 17
66 17 15
66 15 13
66 13 12
66 12 11
66 11 10
66 10 1
66 1 0
66 10 9
66 9 6
66 6 2
66 6 5
66 5 4
66 4 3
66 9 8
66 8 7
66 15 14
66 17 16
66 19 18
67 17 15
67 15 14
67 14 7
67 7 6
67 6 5
67 5 2
67 2 0
67 2 1
67 5 4
67 4 3
67 14 13
67 13 8
67 13 12
67 12 10
67 10 9
67 12 11
67 17 16
68 19 9
68 9 3
68 3 2
68 2 0
68 2 1
68 9 8
68 8 6
68 6 4
68 6 5
68 8 7
68 19 18
68 18 17
68 17 12
68 12 11
68 11 10
68 17 16
68 16 13
68 16 15
68 15 14
69 19 18
69 18 17
69 17 16
69 16 15
69 15 0
69 15 14
69 14 13
69 13 12
69 12 10
69 10 6
69 6 2
69 2 1
69 6 5
69 5 4
69 4 3
69 10 9
69 9 8
69 8 7
69 12 11
70 18 17
70 17 3
70 3 2
70 2 0
70 2 1
70 17 16
70 16 4
70 16 15
70 15 14
70 14 13
70 13 12
70 12 5
70 12 11
70 11 10
70 10 9
70 9 6
70 9 8
70 8 7
71 14 3
71 3 1
71 1 0
71 3 2
71 14 13
71 13 7
71 7 6
71 6 5
71 5 4
71 13 12
71 12 11
71 11 10
71 10 8
71 10 9
72 15 14
72 14 13
72 13 0
72 13 12
72 12 1
72 12 11
72 11 8
72 8 6
72 6 5
72 5 3
72 3 2
72 5 4
72 8 7
72 11 10
72 10 9
73 16 0
73 16 15
73 15 13
73 13 12
73 12 1
73 12 11
73 11 2
73 11 10
73 10 8
73 8 5
73 5 4
73 4 3
73 8 7
73 7 6
73 10 9
73 15 14
74 14 13
74 13 12
74 12 11
74 11 1
74 1 0
74 11 10
74 10 8
74 8 7
74 7 5
74 5 2
74 5 4
74 4 3
74 7 6
74 10 9
75 15 14
75 14 12
75 12 9
75 9 8
75 8 6
75 6 2
75 2 0
75 2 1
75 6 5
75 5 3
75 5 4
75 8 7
75 12 11
75 11 10
75 14 13
76 15 10
76 10 0
76 10 9
76 9 8
76 8 5
76 5 2
76 2 1
76 5 4
76 4 3
76 8 7
76 7 6
76 15 14
76 14 13
76 13 11
76 13 12
77 14 12
77 12 0
77 12 11
77 11 6
77 6 5
77 5 2
77 2 1
77 5 4
77 4 3
77 11 10
77 10 8
77 8 7
77 10 9
77 14 13
78 15 12
78 12 10
78 10 9
78 9 7
78 7 4
78 4 0
78 4 3
78 3 2
78 2 1
78 7 6
78 6 5
78 9 8
78 12 11
78 15 14
78 14 13
79 18 0
79 18 17
79 17 5
79 5 1
79 5 4
79 4 3
79 3 2
79 17 16
79 16 11
79 11 10
79 10 9
79 9 8
79 8 6
79 8 7
79 16 15
79 15 12
79 15 14
79 14 13
80 16 0
80 16 15
80 15 3
80 3 1
80 3 2
80 15 14
80 14 13
80 13 12
80 12 7
80 7 5
80 5 4
80 7 6
80 12 11
80 11 8
80 11 10
80 10 9
81 14 2
81 2 0
81 2 1
81 14 13
81 13 11
81 11 8
81 8 7
81 7 3
81 7 6
81 6 4
81 6 5
81 11 10
81 10 9
81 13 12
82 19 17
82 17 0
82 17 16
82 16 5
82 5 4
82 4 2
82 2 1
82 4 3
82 16 15
82 15 13
82 13 7
82 7 6
82 13 12
82 12 11
82 11 10
82 10 9
82 9 8
82 15 14
82 19 18
83 15 14
83 14 8
83 8 7
83 7 6
83 6 0
83 6 5
83 5 1
83 5 4
83 4 2
83 4 3
83 14 13
83 13 9
83 13 12
83 12 10
83 12 11
84 17 16
84 16 11
84 11 10
84 10 9
84 9 8
84 8 5
84 5 3
84 3 0
84 3 2
84 2 1
84 5 4
84 8 7
84 7 6
84 16 15
84 15 14
84 14 12
84 14 13
85 18 1
85 1 0
85 18 17
85 17 2
85 17 16
85 16 6
85 6 4
85 4 3
85 6 5
85 16 15
85 15 14
85 14 7
85 14 13
85 13 12
85 12 11
85 11 8
85 11 10
85 10 9
86 14 13
86 13 10
86 10 8
86 8 1
86 1 0
86 8 7
86 7 6
86 6 2
86 6 5
86 5 3
86 5 4
86 10 9
86 13 12
86 12 11
87 15 14
87 14 12
87 12 11
87 11 0
87 11 10
87 10 3
87 3 2
87 2 1
87 10 9
87 9 8
87 8 5
87 5 4
87 8 7
87 7 6
87 14 13
88 14 0
88 14 13
88 13 12
88 12 10
88 10 9
88 9 4
88 4 2
88 2 1
88 4 3
88 9 8
88 8 6
88 6 5
88 8 7
88 12 11
89 14 0
89 14 13
89 13 12
89 12 1
89 12 11
89 11 10
89 10 8
89 8 2
89 8 7
89 7 6
89 6 4
89 4 3
89 6 5
89 10 9
90 16 0
90 16 15
90 15 2
90 2 1
90 15 14
90 14 8
90 8 5
90 5 3
90 5 4
90 8 7
90 7 6
90 14 13
90 13 12
90 12 9
90 12 11
90 11 10
91 15 13
91 13 8
91 8 1
91 1 0
91 8 7
91 7 2
91 7 6
91 6 3
91 6 5
91 5 4
91 13 12
91 12 10
91 10 9
91 12 11
91 15 14
92 14 11
92 11 3
92 3 2
92 2 1
92 1 0
92 11 10
92 10 4
92 10 9
92 9 5
92 9 8
92 8 6
92 8 7
92 14 13
92 13 12
93 15 1
93 1 0
93 15 14
93 14 13
93 13 2
93 13 12
93 12 11
93 11 4
93 4 3
93 11 10
93 10 8
93 8 7
93 7 6
93 6 5
93 10 9
94 14 1
94 1 0
94 14 13
94 13 12
94 12 10
94 10 9
94 9 8
94 8 7
94 7 2
94 7 6
94 6 5
94 5 4
94 4 3
94 12 11
95 16 12
95 12 3
95 3 2
95 2 1
95 1 0
95 12 11
95 11 10
95 10 9
95 9 8
95 8 6
95 6 4
95 6 5
95 8 7
95 16 15
95 15 14
95 14 13
96 16 14
96 14 13
96 13 11
96 11 5
96 5 3
96 3 2
96 2 1
96 1 0
96 5 4
96 11 10
96 10 9
96 9 7
96 7 6
96 9 8
96 13 12
96 16 15
97 15 4
97 4 3
97 3 2
97 2 1
97 1 0
97 15 14
97 14 13
97 13 6
97 6 5
97 13 12
97 12 11
97 11 10
97 10 8
97 8 7
97 10 9
98 14 12
98 12 11
98 11 3
98 3 2
98 2 0
98 2 1
98 11 10
98 10 8
98 8 7
98 7 5
98 5 4
98 7 6
98 10 9
98 14 13
99 18 17
99 17 16
99 16 6
99 6 4
99 4 3
99 3 0
99 3 2
99 2 1
99 6 5
99 16 15
99 15 10
99 10 7
99 10 9
99 9 8
99 15 14
99 14 12
99 12 11
99 14 13
100 17 15
100 15 1
100 1 0
100 15 14
100 14 3
100 3 2
100 14 13
100 13 12
100 12 11
100 11 9
100 9 5
100 5 4
100 9 8
100 8 6
100 8 7
100 11 10
100 17 16
101 17 15
101 15 14
101 14 11
101 11 9
101 9 8
101 8 6
101 6 5
101 5 4
101 4 0
101 4 3
101 3 2
101 2 1
101 8 7
101 11 10
101 14 13
101 13 12
101 17 16
