1 15 14
1 14 13
1 13 1
1 1 0
1 13 12
1 12 3
1 3 2
1 12 11
1 11 10
1 10 9
1 9 7
1 7 6
1 6 4
1 6 5
1 9 8
2 14 1
2 1 0
2 14 13
2 13 11
2 11 2
2 11 10
2 10 8
2 8 6
2 6 3
2 6 5
2 5 4
2 8 7
2 10 9
2 13 12
3 16 15
3 15 8
3 8 7
3 7 0
3 7 6
3 6 5
3 5 2
3 2 1
3 5 4
3 4 3
3 15 14
3 14 13
3 13 11
3 11 9
3 11 10
3 13 12
4 19 17
4 17 3
4 3 2
4 2 1
4 1 0
4 17 16
4 16 15
4 15 13
4 13 5
4 5 4
4 13 12
4 12 10
4 10 9
4 9 7
4 7 6
4 9 8
4 12 11
4 15 14
4 19 18
5 14 13
5 13 12
5 12 11
5 11 9
5 9 7
5 7 6
5 6 4
5 4 3
5 3 2
5 2 1
5 1 0
5 6 5
5 9 8
5 11 10
6 19 18
6 18 10
6 10 8
6 8 7
6 7 6
6 6 5
6 5 4
6 4 3
6 3 0
6 3 2
6 2 1
6 10 9
6 18 17
6 17 16
6 16 11
6 16 15
6 15 12
6 15 14
6 14 13
7 18 17
7 17 14
7 14 12
7 12 1
7 1 0
7 12 11
7 11 10
7 10 9
7 9 4
7 4 3
7 3 2
7 9 8
7 8 6
7 6 5
7 8 7
7 14 13
7 17 16
7 16 15
8 16 15
8 15 14
8 14 13
8 13 10
8 10 9
8 9 6
8 6 2
8 2 1
8 1 0
8 6 5
8 5 3
8 5 4
8 9 8
8 8 7
8 13 12
8 12 11
9 15 1
9 1 0
9 15 14
9 14 2
9 14 13
9 13 12
9 12 3
9 12 11
9 11 9
9 9 8
9 8 4
9 8 7
9 7 5
9 7 6
9 11 10
10 15 0
10 15 14
10 14 13
10 13 3
10 3 1
10 3 2
10 13 12
10 12 11
10 11 4
10 11 10
10 10 9
10 9 7
10 7 5
10 7 6
10 9 8
11 19 18
11 18 17
11 17 16
11 16 1
11 1 0
11 16 15
11 15 12
11 12 7
11 7 6
11 6 5
11 5 4
11 4 3
11 3 2
11 12 11
11 11 10
11 10 8
11 10 9
11 15 14
11 14 13
12 16 15
12 15 13
12 13 10
12 10 8
12 8 7
12 7 6
12 6 5
12 5 4
12 4 2
12 2 0
12 2 1
12 4 3
12 10 9
12 13 12
12 12 11
12 15 14
13 19 0
13 19 18
13 18 17
13 17 2
13 2 1
13 17 16
13 16 15
13 15 14
13 14 9
13 9 8
13 8 6
13 6 4
13 4 3
13 6 5
13 8 7
13 14 13
13 13 10
13 13 12
13 12 11
14 16 5
14 5 0
14 5 4
14 4 2
14 2 1
14 4 3
14 16 15
14 15 14
14 14 7
14 7 6
14 14 13
14 13 8
14 13 12
14 12 9
14 12 11
14 11 10
15 19 0
15 19 18
15 18 16
15 16 14
15 14 3
15 3 2
15 2 1
15 14 13
15 13 12
15 12 10
15 10 6
15 6 5
15 5 4
15 10 9
15 9 7
15 9 8
15 12 11
15 16 15
15 18 17
16 15 1
16 1 0
16 15 14
16 14 2
16 14 13
16 13 12
16 12 11
16 11 10
16 10 8
16 8 7
16 7 6
16 6 3
16 6 5
16 5 4
16 10 9
17 16 14
17 14 6
17 6 0
17 6 5
17 5 3
17 3 2
17 2 1
17 5 4
17 14 13
17 13 7
17 13 12
17 12 8
17 12 11
17 11 10
17 10 9
17 16 15
18 18 1
18 1 0
18 18 17
18 17 16
18 16 3
18 3 2
18 16 15
18 15 14
18 14 5
18 5 4
18 14 13
18 13 11
18 11 6
18 11 10
18 10 9
18 9 8
18 8 7
18 13 12
19 18 16
19 16 14
19 14 4
19 4 3
19 3 0
19 3 2
19 2 1
19 14 13
19 13 6
19 6 5
19 13 12
19 12 9
19 9 7
19 9 8
19 12 11
19 11 10
19 16 15
19 18 17
20 16 14
20 14 13
20 13 5
20 5 0
20 5 4
20 4 3
20 3 1
20 3 2
20 13 12
20 12 11
20 11 6
20 11 10
20 10 9
20 9 7
20 9 8
20 16 15
21 14 12
21 12 10
21 10 9
21 9 8
21 8 4
21 4 2
21 2 0
21 2 1
21 4 3
21 8 7
21 7 6
21 6 5
21 12 11
21 14 13
22 19 1
22 1 0
22 19 18
22 18 17
22 17 15
22 15 14
22 14 11
22 11 10
22 10 9
22 9 7
22 7 4
22 4 3
22 3 2
22 7 6
22 6 5
22 9 8
22 14 13
22 13 12
22 17 16
23 19 15
23 15 14
23 14 0
23 14 13
23 13 12
23 12 11
23 11 1
23 11 10
23 10 8
23 8 2
23 8 7
23 7 4
23 4 3
23 7 6
23 6 5
23 10 9
23 19 18
23 18 16
23 18 17
24 17 15
24 15 4
24 4 3
24 3 1
24 1 0
24 3 2
24 15 14
24 14 5
24 14 13
24 13 11
24 11 7
24 7 6
24 11 10
24 10 8
24 10 9
24 13 12
24 17 16
25 18 17
25 17 7
25 7 5
25 5 4
25 4 3
25 3 1
25 1 0
25 3 2
25 7 6
25 17 16
25 16 14
25 14 13
25 13 11
25 11 8
25 11 10
25 10 9
25 13 12
25 16 15
26 19 0
26 19 18
26 18 6
26 6 5
26 5 4
26 4 2
26 2 1
26 4 3
26 18 17
26 17 16
26 16 15
26 15 7
26 15 14
26 14 13
26 13 8
26 13 12
26 12 9
26 12 11
26 11 10
27 14 13
27 13 12
27 12 11
27 11 10
27 10 9
27 9 7
27 7 2
27 2 0
27 2 1
27 7 6
27 6 3
27 6 5
27 5 4
27 9 8
28 16 0
28 16 15
28 15 2
28 2 1
28 15 14
28 14 6
28 6 5
28 5 3
28 5 4
28 14 13
28 13 8
28 8 7
28 13 12
28 12 11
28 11 9
28 11 10
29 14 12
29 12 3
29 3 0
29 3 2
29 2 1
29 12 11
29 11 10
29 10 9
29 9 8
29 8 5
29 5 4
29 8 7
29 7 6
29 14 13
30 15 14
30 14 6
30 6 4
30 4 2
30 2 0
30 2 1
30 4 3
30 6 5
30 14 13
30 13 11
30 11 9
30 9 8
30 8 7
30 11 10
30 13 12
31 16 13
31 13 6
31 6 5
31 5 2
31 2 1
31 1 0
31 5 4
31 4 3
31 13 12
31 12 11
31 11 10
31 10 7
31 10 9
31 9 8
31 16 15
31 15 14
32 15 14
32 14 2
32 2 1
32 1 0
32 14 13
32 13 7
32 7 6
32 6 4
32 4 3
32 6 5
32 13 12
32 12 10
32 10 9
32 9 8
32 12 11
33 16 15
33 15 0
33 15 14
33 14 11
33 11 10
33 10 9
33 9 7
33 7 5
33 5 3
33 3 1
33 3 2
33 5 4
33 7 6
33 9 8
33 14 13
33 13 12
34 15 0
34 15 14
34 14 13
34 13 12
34 12 11
34 11 2
34 2 1
34 11 10
34 10 3
34 10 9
34 9 5
34 5 4
34 9 8
34 8 7
34 7 6
35 16 15
35 15 12
35 12 1
35 1 0
35 12 11
35 11 10
35 10 9
35 9 8
35 8 2
35 8 7
35 7 4
35 4 3
35 7 6
35 6 5
35 15 14
35 14 13
36 17 16
36 16 15
36 15 5
36 5 4
36 4 0
36 4 3
36 3 1
36 3 2
36 15 14
36 14 12
36 12 11
36 11 8
36 8 6
36 8 7
36 11 10
36 10 9
36 14 13
37 16 9
37 9 8
37 8 0
37 8 7
37 7 2
37 2 1
37 7 6
37 6 5
37 5 3
37 5 4
37 16 15
37 15 12
37 12 10
37 12 11
37 15 14
37 14 13
38 16 5
38 5 4
38 4 2
38 2 0
38 2 1
38 4 3
38 16 15
38 15 6
38 15 14
38 14 13
38 13 10
38 10 7
38 10 9
38 9 8
38 13 12
38 12 11
39 19 17
39 17 16
39 16 15
39 15 14
39 14 0
39 14 13
39 13 12
39 12 10
39 10 1
39 10 9
39 9 4
39 4 2
39 4 3
39 9 8
39 8 7
39 7 5
39 7 6
39 12 11
39 19 18
40 17 9
40 9 5
40 5 3
40 3 2
40 2 0
40 2 1
40 5 4
40 9 8
40 8 6
40 8 7
40 17 16
40 16 14
40 14 13
40 13 10
40 13 12
40 12 11
40 16 15
41 14 13
41 13 0
41 13 12
41 12 11
41 11 10
41 10 9
41 9 8
41 8 7
41 7 2
41 2 1
41 7 6
41 6 3
41 6 5
41 5 4
42 19 15
42 15 14
42 14 2
42 2 1
42 1 0
42 14 13
42 13 12
42 12 7
42 7 6
42 6 3
42 6 5
42 5 4
42 12 11
42 11 10
42 10 9
42 9 8
42 19 18
42 18 16
42 18 17
43 14 0
43 14 13
43 13 1
43 13 12
43 12 11
43 11 7
43 7 2
43 7 6
43 6 3
43 6 5
43 5 4
43 11 10
43 10 8
43 10 9
44 16 13
44 13 0
44 13 12
44 12 5
44 5 4
44 4 2
44 2 1
44 4 3
44 12 11
44 11 10
44 10 6
44 10 9
44 9 7
44 9 8
44 16 15
44 15 14
45 14 13
45 13 12
45 12 10
45 10 0
45 10 9
45 9 3
45 3 1
45 3 2
45 9 8
45 8 4
45 8 7
45 7 5
45 7 6
45 12 11
46 15 14
46 14 0
46 14 13
46 13 6
46 6 4
46 4 1
46 4 3
46 3 2
46 6 5
46 13 12
46 12 11
46 11 10
46 10 9
46 9 7
46 9 8
47 18 17
47 17 16
47 16 1
47 1 0
47 16 15
47 15 14
47 14 12
47 12 2
47 12 11
47 11 10
47 10 9
47 9 4
47 4 3
47 9 8
47 8 7
47 7 5
47 7 6
47 14 13
48 17 5
48 5 3
48 3 2
48 2 0
48 2 1
48 5 4
48 17 16
48 16 6
48 16 15
48 15 14
48 14 10
48 10 8
48 8 7
48 10 9
48 14 13
48 13 11
48 13 12
49 15 14
49 14 13
49 13 0
49 13 12
49 12 10
49 10 2
49 2 1
49 10 9
49 9 3
49 9 8
49 8 7
49 7 6
49 6 5
49 5 4
49 12 11
50 18 1
50 1 0
50 18 17
50 17 13
50 13 12
50 12 2
50 12 11
50 11 6
50 6 5
50 5 3
50 5 4
50 11 10
50 10 9
50 9 8
50 8 7
50 17 16
50 16 14
50 16 15
51 15 11
51 11 1
51 1 0
51 11 10
51 10 5
51 5 4
51 4 2
51 4 3
51 10 9
51 9 8
51 8 7
51 7 6
51 15 14
51 14 13
51 13 12
52 17 13
52 13 12
52 12 11
52 11 10
52 10 5
52 5 0
52 5 4
52 4 1
52 4 3
52 3 2
52 10 9
52 9 8
52 8 6
52 8 7
52 17 16
52 16 15
52 15 14
53 15 12
53 12 11
53 11 2
53 2 1
53 1 0
53 11 10
53 10 8
53 8 4
53 4 3
53 8 7
53 7 6
53 6 5
53 10 9
53 15 14
53 14 13
54 15 14
54 14 3
54 3 2
54 2 1
54 1 0
54 14 13
54 13 9
54 9 8
54 8 7
54 7 6
54 6 4
54 6 5
54 13 12
54 12 10
54 12 11
55 14 12
55 12 11
55 11 10
55 10 9
55 9 5
55 5 0
55 5 4
55 4 1
55 4 3
55 3 2
55 9 8
55 8 6
55 8 7
55 14 13
56 16 15
56 15 0
56 15 14
56 14 10
56 10 1
56 10 9
56 9 6
56 6 5
56 5 2
56 5 4
56 4 3
56 9 8
56 8 7
56 14 13
56 13 12
56 12 11
57 15 2
57 2 1
57 1 0
57 15 14
57 14 9
57 9 8
57 8 3
57 8 7
57 7 5
57 5 4
57 7 6
57 14 13
57 13 10
57 13 12
57 12 11
58 14 12
58 12 0
58 12 11
58 11 8
58 8 1
58 8 7
58 7 6
58 6 5
58 5 4
58 4 2
58 4 3
58 11 10
58 10 9
58 14 13
59 15 0
59 15 14
59 14 13
59 13 12
59 12 11
59 11 7
59 7 2
59 2 1
59 7 6
59 6 3
59 6 5
59 5 4
59 11 10
59 10 8
59 10 9
60 17 8
60 8 5
60 5 4
60 4 0
60 4 3
60 3 2
60 2 1
60 8 7
60 7 6
60 17 16
60 16 15
60 15 11
60 11 10
60 10 9
60 15 14
60 14 13
60 13 12
61 14 4
61 4 3
61 3 2
61 2 0
61 2 1
61 14 13
61 13 5
61 13 12
61 12 11
61 11 10
61 10 8
61 8 7
61 7 6
61 10 9
62 15 14
62 14 1
62 1 0
62 14 13
62 13 12
62 12 10
62 10 7
62 7 6
62 6 5
62 5 3
62 3 2
62 5 4
62 10 9
62 9 8
62 12 11
63 18 15
63 15 0
63 15 14
63 14 1
63 14 13
63 13 12
63 12 9
63 9 6
63 6 5
63 5 2
63 5 4
63 4 3
63 9 8
63 8 7
63 12 11
63 11 10
63 18 17
63 17 16
64 17 0
64 17 16
64 16 15
64 15 5
64 5 4
64 4 3
64 3 1
64 3 2
64 15 14
64 14 6
64 14 13
64 13 12
64 12 10
64 10 9
64 9 8
64 8 7
64 12 11
65 14 5
65 5 4
65 4 1
65 1 0
65 4 3
65 3 2
65 14 13
65 13 10
65 10 6
65 10 9
65 9 7
65 9 8
65 13 12
65 12 11
66 14 13
66 13 2
66 2 0
66 2 1
66 13 12
66 12 11
66 11 9
66 9 8
66 8 4
66 4 3
66 8 7
66 7 5
66 7 6
66 11 10
67 14 0
67 14 13
67 13 10
67 10 8
67 8 6
67 6 1
67 6 5
67 5 3
67 3 2
67 5 4
67 8 7
67 10 9
67 13 12
67 12 11
68 15 6
68 6 0
68 6 5
68 5 4
68 4 3
68 3 1
68 3 2
68 15 14
68 14 12
68 12 8
68 8 7
68 12 11
68 11 9
68 11 10
68 14 13
69 16 3
69 3 2
69 2 1
69 1 0
69 16 15
69 15 11
69 11 5
69 5 4
69 11 10
69 10 8
69 8 7
69 7 6
69 10 9
69 15 14
69 14 12
69 14 13
70 19 18
70 18 0
70 18 17
70 17 16
70 16 1
70 16 15
70 15 2
70 15 14
70 14 11
70 11 10
70 10 4
70 4 3
70 10 9
70 9 8
70 8 6
70 6 5
70 8 7
70 14 13
70 13 12
71 15 14
71 14 13
71 13 11
71 11 10
71 10 0
71 10 9
71 9 8
71 8 7
71 7 6
71 6 5
71 5 1
71 5 4
71 4 3
71 3 2
71 13 12
72 18 17
72 17 16
72 16 0
72 16 15
72 15 5
72 5 4
72 4 3
72 3 1
72 3 2
72 15 14
72 14 13
72 13 6
72 13 12
72 12 9
72 9 8
72 8 7
72 12 11
72 11 10
73 17 10
73 10 9
73 9 2
73 2 0
73 2 1
73 9 8
73 8 5
73 5 3
73 5 4
73 8 7
73 7 6
73 17 16
73 16 15
73 15 14
73 14 13
73 13 11
73 13 12
74 17 16
74 16 1
74 1 0
74 16 15
74 15 14
74 14 4
74 4 3
74 3 2
74 14 13
74 13 7
74 7 6
74 6 5
74 13 12
74 12 11
74 11 9
74 9 8
74 11 10
75 16 13
75 13 9
75 9 8
75 8 6
75 6 3
75 3 1
75 1 0
75 3 2
75 6 5
75 5 4
75 8 7
75 13 12
75 12 10
75 12 11
75 16 15
75 15 14
76 14 12
76 12 8
76 8 7
76 7 6
76 6 0
76 6 5
76 5 3
76 3 2
76 2 1
76 5 4
76 12 11
76 11 9
76 11 10
76 14 13
77 16 0
77 16 15
77 15 14
77 14 13
77 13 1
77 13 12
77 12 11
77 11 9
77 9 7
77 7 5
77 5 4
77 4 2
77 4 3
77 7 6
77 9 8
77 11 10
78 17 15
78 15 14
78 14 12
78 12 11
78 11 10
78 10 9
78 9 7
78 7 0
78 7 6
78 6 5
78 5 3
78 3 2
78 2 1
78 5 4
78 9 8
78 14 13
78 17 16
79 16 12
79 12 11
79 11 10
79 10 0
79 10 9
79 9 8
79 8 1
79 8 7
79 7 5
79 5 3
79 3 2
79 5 4
79 7 6
79 16 15
79 15 13
79 15 14
80 15 0
80 15 14
80 14 13
80 13 11
80 11 1
80 11 10
80 10 9
80 9 8
80 8 2
80 8 7
80 7 3
80 7 6
80 6 5
80 5 4
80 13 12
81 14 10
81 10 9
81 9 8
81 8 0
81 8 7
81 7 3
81 3 1
81 3 2
81 7 6
81 6 4
81 6 5
81 14 13
81 13 11
81 13 12
82 19 18
82 18 17
82 17 12
82 12 11
82 11 1
82 1 0
82 11 10
82 10 9
82 9 2
82 9 8
82 8 5
82 5 3
82 5 4
82 8 7
82 7 6
82 17 16
82 16 13
82 16 15
82 15 14
83 15 13
83 13 11
83 11 10
83 10 9
83 9 0
83 9 8
83 8 7
83 7 6
83 6 4
83 4 3
83 3 2
83 2 1
83 6 5
83 13 12
83 15 14
84 14 13
84 13 5
84 5 1
84 1 0
84 5 4
84 4 2
84 4 3
84 13 12
84 12 6
84 12 11
84 11 10
84 10 9
84 9 7
84 9 8
85 14 13
85 13 12
85 12 1
85 1 0
85 12 11
85 11 10
85 10 2
85 10 9
85 9 7
85 7 6
85 6 3
85 6 5
85 5 4
85 9 8
86 15 2
86 2 1
86 1 0
86 15 14
86 14 3
86 14 13
86 13 12
86 12 11
86 11 4
86 11 10
86 10 9
86 9 5
86 9 8
86 8 7
86 7 6
87 16 15
87 15 0
87 15 14
87 14 3
87 3 2
87 2 1
87 14 13
87 13 5
87 5 4
87 13 12
87 12 11
87 11 9
87 9 7
87 7 6
87 9 8
87 11 10
88 17 16
88 16 0
88 16 15
88 15 7
88 7 4
88 4 1
88 4 3
88 3 2
88 7 6
88 6 5
88 15 14
88 14 8
88 14 13
88 13 11
88 11 10
88 10 9
88 13 12
89 17 2
89 2 0
89 2 1
89 17 16
89 16 15
89 15 3
89 15 14
89 14 9
89 9 6
89 6 4
89 6 5
89 9 8
89 8 7
89 14 13
89 13 10
89 13 12
89 12 11
90 16 14
90 14 3
90 3 0
90 3 2
90 2 1
90 14 13
90 13 11
90 11 10
90 10 9
90 9 6
90 6 4
90 6 5
90 9 8
90 8 7
90 13 12
90 16 15
91 15 7
91 7 6
91 6 0
91 6 5
91 5 4
91 4 1
91 4 3
91 3 2
91 15 14
91 14 13
91 13 12
91 12 10
91 10 9
91 9 8
91 12 11
92 16 15
92 15 14
92 14 11
92 11 8
92 8 5
92 5 4
92 4 0
92 4 3
92 3 1
92 3 2
92 8 7
92 7 6
92 11 10
92 10 9
92 14 13
92 13 12
93 19 18
93 18 17
93 17 1
93 1 0
93 17 16
93 16 14
93 14 13
93 13 12
93 12 10
93 10 9
93 9 8
93 8 7
93 7 3
93 3 2
93 7 6
93 6 4
93 6 5
93 12 11
93 16 15
94 15 1
94 1 0
94 15 14
94 14 12
94 12 2
94 12 11
94 11 9
94 9 6
94 6 5
94 5 4
94 4 3
94 9 8
94 8 7
94 11 10
94 14 13
95 14 4
95 4 0
95 4 3
95 3 2
95 2 1
95 14 13
95 13 12
95 12 6
95 6 5
95 12 11
95 11 10
95 10 9
95 9 7
95 9 8
96 14 0
96 14 13
96 13 7
96 7 4
96 4 3
96 3 1
96 3 2
96 7 6
96 6 5
96 13 12
96 12 10
96 10 9
96 9 8
96 12 11
97 14 13
97 13 3
97 3 1
97 1 0
97 3 2
97 13 12
97 12 10
97 10 7
97 7 5
97 5 4
97 7 6
97 10 9
97 9 8
97 12 11
98 17 4
98 4 2
98 2 1
98 1 0
98 4 3
98 17 16
98 16 15
98 15 13
98 13 12
98 12 11
98 11 10
98 10 9
98 9 6
98 6 5
98 9 8
98 8 7
98 15 14
99 16 2
99 2 0
99 2 1
99 16 15
99 15 14
99 14 13
99 13 4
99 4 3
99 13 12
99 12 10
99 10 9
99 9 8
99 8 7
99 7 5
99 7 6
99 12 11
100 19 17
100 17 0
100 17 16
100 16 15
100 15 11
100 11 7
100 7 6
100 6 4
100 4 1
100 4 3
100 3 2
100 6 5
100 11 10
100 10 9
100 9 8
100 15 14
100 14 12
100 14 13
100 19 18
101 14 13
101 13 12
101 12 11
101 11 8
101 8 7
101 7 2
101 2 1
101 1 0
101 7 6
101 6 5
101 5 4
101 4 3
101 11 10
101 10 9
