1 14 13
1 13 12
1 12 0
1 12 11
1 11 10
1 10 9
1 9 7
1 7 4
1 4 1
1 4 3
1 3 2
1 7 6
1 6 5
1 9 8
2 16 0
2 16 15
2 15 2
2 2 1
2 15 14
2 14 11
2 11 3
2 11 10
2 10 8
2 8 5
2 5 4
2 8 7
2 7 6
2 10 9
2 14 13
2 13 12
3 19 0
3 19 18
3 18 14
3 14 11
3 11 1
3 11 10
3 10 2
3 10 9
3 9 8
3 8 6
3 6 5
3 5 4
3 4 3
3 8 7
3 14 13
3 13 12
3 18 17
3 17 15
3 17 16
4 15 0
4 15 14
4 14 1
4 14 13
4 13 5
4 5 4
4 4 3
4 3 2
4 13 12
4 12 11
4 11 10
4 10 9
4 9 8
4 8 7
4 7 6
5 18 0
5 18 17
5 17 15
5 15 4
5 4 2
5 2 1
5 4 3
5 15 14
5 14 12
5 12 6
5 6 5
5 12 11
5 11 7
5 11 10
5 10 8
5 10 9
5 14 13
5 17 16
6 14 12
6 12 1
6 1 0
6 12 11
6 11 10
6 10 7
6 7 4
6 4 3
6 3 2
6 7 6
6 6 5
6 10 9
6 9 8
6 14 13
7 19 18
7 18 0
7 18 17
7 17 15
7 15 3
7 3 1
7 3 2
7 15 14
7 14 4
7 14 13
7 13 11
7 11 10
7 10 5
7 10 9
7 9 6
7 9 8
7 8 7
7 13 12
7 17 16
8 14 13
8 13 6
8 6 5
8 5 2
8 2 0
8 2 1
8 5 4
8 4 3
8 13 12
8 12 7
8 12 11
8 11 9
8 9 8
8 11 10
9 18 17
9 17 16
9 16 0
9 16 15
9 15 6
9 6 3
9 3 2
9 2 1
9 6 5
9 5 4
9 15 14
9 14 8
9 8 7
9 14 13
9 13 11
9 11 9
9 11 10
9 13 12
10 17 0
10 17 16
10 16 1
10 16 15
10 15 13
10 13 2
10 13 12
10 12 11
10 11 3
10 11 10
10 10 9
10 9 8
10 8 7
10 7 4
10 7 6
10 6 5
10 15 14
11 15 1
11 1 0
11 15 14
11 14 13
11 13 4
11 4 3
11 3 2
11 13 12
11 12 5
11 12 11
11 11 6
11 11 10
11 10 9
11 9 7
11 9 8
12 19 18
12 18 10
12 10 0
12 10 9
12 9 7
12 7 2
12 2 1
12 7 6
12 6 4
12 4 3
12 6 5
12 9 8
12 18 17
12 17 11
12 17 16
12 16 12
12 16 15
12 15 13
12 15 14
13 16 15
13 15 5
13 5 0
13 5 4
13 4 2
13 2 1
13 4 3
13 15 14
13 14 10
13 10 9
13 9 6
13 9 8
13 8 7
13 14 13
13 13 11
13 13 12
14 17 6
14 6 4
14 4 3
14 3 0
14 3 2
14 2 1
14 6 5
14 17 16
14 16 10
14 10 9
14 9 7
14 9 8
14 16 15
14 15 14
14 14 11
14 14 13
14 13 12
15 14 8
15 8 7
15 7 6
15 6 3
15 3 0
15 3 2
15 2 1
15 6 5
15 5 4
15 14 13
15 13 11
15 11 10
15 10 9
15 13 12
16 17 3
16 3 1
16 1 0
16 3 2
16 17 16
16 16 15
16 15 11
16 11 10
16 10 8
16 8 4
16 8 7
16 7 5
16 7 6
16 10 9
16 15 14
16 14 12
16 14 13
17 16 15
17 15 14
17 14 12
17 12 8
17 8 0
17 8 7
17 7 6
17 6 4
17 4 2
17 2 1
17 4 3
17 6 5
17 12 11
17 11 10
17 10 9
17 14 13
18 14 13
18 13 12
18 12 0
18 12 11
18 11 1
18 11 10
18 10 9
18 9 5
18 5 3
18 3 2
18 5 4
18 9 8
18 8 7
18 7 6
19 19 18
19 18 17
19 17 16
19 16 15
19 15 0
19 15 14
19 14 11
19 11 1
19 11 10
19 10 8
19 8 6
19 6 5
19 5 4
19 4 3
19 3 2
19 8 7
19 10 9
19 14 13
19 13 12
20 15 0
20 15 14
20 14 12
20 12 8
20 8 3
20 3 1
20 3 2
20 8 7
20 7 4
20 7 6
20 6 5
20 12 11
20 11 10
20 10 9
20 14 13
21 14 5
21 5 4
21 4 2
21 2 1
21 1 0
21 4 3
21 14 13
21 13 12
21 12 11
21 11 6
21 11 10
21 10 8
21 8 7
21 10 9
22 19 18
22 18 0
22 18 17
22 17 11
22 11 10
22 10 6
22 6 1
22 6 5
22 5 2
22 5 4
22 4 3
22 10 9
22 9 8
22 8 7
22 17 16
22 16 15
22 15 13
22 13 12
22 15 14
23 16 15
23 15 14
23 14 13
23 13 11
23 11 6
23 6 5
23 5 2
23 2 1
23 1 0
23 5 4
23 4 3
23 11 10
23 10 9
23 9 7
23 9 8
23 13 12
24 14 0
24 14 13
24 13 11
24 11 8
24 8 3
24 3 1
24 3 2
24 8 7
24 7 5
24 5 4
24 7 6
24 11 10
24 10 9
24 13 12
25 15 13
25 13 2
25 2 1
25 1 0
25 13 12
25 12 4
25 4 3
25 12 11
25 11 10
25 10 5
25 10 9
25 9 6
25 9 8
25 8 7
25 15 14
26 16 15
26 15 10
26 10 0
26 10 9
26 9 1
26 9 8
26 8 6
26 6 2
26 6 5
26 5 3
26 5 4
26 8 7
26 15 14
26 14 13
26 13 12
26 12 11
27 15 9
27 9 8
27 8 0
27 8 7
27 7 5
27 5 4
27 4 1
27 4 3
27 3 2
27 7 6
27 15 14
27 14 12
27 12 10
27 12 11
27 14 13
28 18 10
28 10 3
28 3 1
28 1 0
28 3 2
28 10 9
28 9 7
28 7 6
28 6 4
28 6 5
28 9 8
28 18 17
28 17 11
28 17 16
28 16 15
28 15 13
28 13 12
28 15 14
29 14 12
29 12 11
29 11 1
29 1 0
29 11 10
29 10 9
29 9 2
29 9 8
29 8 4
29 4 3
29 8 7
29 7 6
29 6 5
29 14 13
30 19 0
30 19 18
30 18 1
30 18 17
30 17 16
30 16 15
30 15 5
30 5 2
30 5 4
30 4 3
30 15 14
30 14 13
30 13 11
30 11 10
30 10 8
30 8 6
30 8 7
30 10 9
30 13 12
31 19 18
31 18 16
31 16 11
31 11 0
31 11 10
31 10 9
31 9 8
31 8 7
31 7 6
31 6 5
31 5 1
31 5 4
31 4 3
31 3 2
31 16 15
31 15 13
31 13 12
31 15 14
31 18 17
32 18 0
32 18 17
32 17 1
32 17 16
32 16 15
32 15 14
32 14 11
32 11 6
32 6 4
32 4 2
32 4 3
32 6 5
32 11 10
32 10 8
32 8 7
32 10 9
32 14 13
32 13 12
33 14 13
33 13 12
33 12 10
33 10 0
33 10 9
33 9 6
33 6 2
33 2 1
33 6 5
33 5 4
33 4 3
33 9 8
33 8 7
33 12 11
34 18 9
34 9 8
34 8 3
34 3 0
34 3 2
34 2 1
34 8 7
34 7 5
34 5 4
34 7 6
34 18 17
34 17 16
34 16 15
34 15 14
34 14 10
34 14 13
34 13 12
34 12 11
35 17 4
35 4 0
35 4 3
35 3 1
35 3 2
35 17 16
35 16 15
35 15 14
35 14 13
35 13 6
35 6 5
35 13 12
35 12 10
35 10 9
35 9 8
35 8 7
35 12 11
36 16 15
36 15 14
36 14 7
36 7 6
36 6 1
36 1 0
36 6 5
36 5 4
36 4 2
36 4 3
36 14 13
36 13 12
36 12 10
36 10 9
36 9 8
36 12 11
37 17 15
37 15 1
37 1 0
37 15 14
37 14 10
37 10 9
37 9 7
37 7 3
37 3 2
37 7 6
37 6 5
37 5 4
37 9 8
37 14 13
37 13 12
37 12 11
37 17 16
38 14 13
38 13 9
38 9 4
38 4 1
38 1 0
38 4 3
38 3 2
38 9 8
38 8 7
38 7 5
38 7 6
38 13 12
38 12 10
38 12 11
39 15 8
39 8 4
39 4 2
39 2 1
39 1 0
39 4 3
39 8 7
39 7 5
39 7 6
39 15 14
39 14 13
39 13 9
39 13 12
39 12 10
39 12 11
40 16 15
40 15 9
40 9 0
40 9 8
40 8 7
40 7 3
40 3 1
40 3 2
40 7 6
40 6 4
40 6 5
40 15 14
40 14 12
40 12 11
40 11 10
40 14 13
41 14 9
41 9 0
41 9 8
41 8 1
41 8 7
41 7 4
41 4 3
41 3 2
41 7 6
41 6 5
41 14 13
41 13 10
41 13 12
41 12 11
42 19 18
42 18 13
42 13 11
42 11 10
42 10 9
42 9 1
42 1 0
42 9 8
42 8 5
42 5 4
42 4 2
42 4 3
42 8 7
42 7 6
42 13 12
42 18 17
42 17 16
42 16 14
42 16 15
43 16 15
43 15 2
43 2 0
43 2 1
43 15 14
43 14 4
43 4 3
43 14 13
43 13 11
43 11 10
43 10 7
43 7 5
43 7 6
43 10 9
43 9 8
43 13 12
44 14 0
44 14 13
44 13 11
44 11 6
44 6 5
44 5 2
44 2 1
44 5 4
44 4 3
44 11 10
44 10 8
44 8 7
44 10 9
44 13 12
45 16 3
45 3 2
45 2 1
45 1 0
45 16 15
45 15 14
45 14 5
45 5 4
45 14 13
45 13 7
45 7 6
45 13 12
45 12 11
45 11 9
45 9 8
45 11 10
46 14 13
46 13 6
46 6 5
46 5 1
46 1 0
46 5 4
46 4 2
46 4 3
46 13 12
46 12 10
46 10 9
46 9 8
46 8 7
46 12 11
47 16 10
47 10 8
47 8 6
47 6 5
47 5 1
47 1 0
47 5 4
47 4 3
47 3 2
47 8 7
47 10 9
47 16 15
47 15 14
47 14 11
47 14 13
47 13 12
48 16 13
48 13 0
48 13 12
48 12 4
48 4 3
48 3 1
48 3 2
48 12 11
48 11 10
48 10 8
48 8 7
48 7 6
48 6 5
48 10 9
48 16 15
48 15 14
49 15 14
49 14 13
49 13 0
49 13 12
49 12 3
49 3 2
49 2 1
49 12 11
49 11 10
49 10 4
49 10 9
49 9 7
49 7 6
49 6 5
49 9 8
50 17 14
50 14 0
50 14 13
50 13 1
50 13 12
50 12 2
50 12 11
50 11 8
50 8 3
50 8 7
50 7 4
50 7 6
50 6 5
50 11 10
50 10 9
50 17 16
50 16 15
51 16 15
51 15 1
51 1 0
51 15 14
51 14 2
51 14 13
51 13 12
51 12 11
51 11 6
51 6 3
51 6 5
51 5 4
51 11 10
51 10 7
51 10 9
51 9 8
52 15 2
52 2 0
52 2 1
52 15 14
52 14 13
52 13 4
52 4 3
52 13 12
52 12 10
52 10 9
52 9 6
52 6 5
52 9 8
52 8 7
52 12 11
53 16 14
53 14 9
53 9 8
53 8 0
53 8 7
53 7 5
53 5 3
53 3 2
53 2 1
53 5 4
53 7 6
53 14 13
53 13 11
53 11 10
53 13 12
53 16 15
54 15 6
54 6 5
54 5 4
54 4 3
54 3 2
54 2 1
54 1 0
54 15 14
54 14 13
54 13 11
54 11 9
54 9 8
54 8 7
54 11 10
54 13 12
55 15 14
55 14 13
55 13 12
55 12 7
55 7 6
55 6 5
55 5 4
55 4 3
55 3 1
55 1 0
55 3 2
55 12 11
55 11 8
55 11 10
55 10 9
56 17 13
56 13 2
56 2 1
56 1 0
56 13 12
56 12 5
56 5 3
56 5 4
56 12 11
56 11 6
56 11 10
56 10 7
56 10 9
56 9 8
56 17 16
56 16 14
56 16 15
57 16 14
57 14 4
57 4 3
57 3 0
57 3 2
57 2 1
57 14 13
57 13 6
57 6 5
57 13 12
57 12 7
57 12 11
57 11 10
57 10 9
57 9 8
57 16 15
58 17 2
58 2 1
58 1 0
58 17 16
58 16 15
58 15 14
58 14 3
58 14 13
58 13 11
58 11 10
58 10 5
58 5 4
58 10 9
58 9 8
58 8 7
58 7 6
58 13 12
59 14 13
59 13 0
59 13 12
59 12 11
59 11 1
59 11 10
59 10 8
59 8 2
59 8 7
59 7 6
59 6 5
59 5 3
59 5 4
59 10 9
60 17 8
60 8 0
60 8 7
60 7 2
60 2 1
60 7 6
60 6 3
60 6 5
60 5 4
60 17 16
60 16 15
60 15 13
60 13 12
60 12 9
60 12 11
60 11 10
60 15 14
61 19 6
61 6 0
61 6 5
61 5 4
61 4 1
61 4 3
61 3 2
61 19 18
61 18 17
61 17 14
61 14 12
61 12 11
61 11 10
61 10 8
61 8 7
61 10 9
61 14 13
61 17 16
61 16 15
62 17 0
62 17 16
62 16 11
62 11 1
62 11 10
62 10 5
62 5 2
62 5 4
62 4 3
62 10 9
62 9 8
62 8 6
62 8 7
62 16 15
62 15 13
62 13 12
62 15 14
63 15 14
63 14 0
63 14 13
63 13 8
63 8 7
63 7 6
63 6 5
63 5 2
63 2 1
63 5 4
63 4 3
63 13 12
63 12 11
63 11 10
63 10 9
64 17 16
64 16 15
64 15 6
64 6 5
64 5 4
64 4 3
64 3 1
64 1 0
64 3 2
64 15 14
64 14 13
64 13 11
64 11 10
64 10 9
64 9 8
64 8 7
64 13 12
65 19 11
65 11 9
65 9 0
65 9 8
65 8 1
65 8 7
65 7 2
65 7 6
65 6 5
65 5 3
65 5 4
65 11 10
65 19 18
65 18 17
65 17 15
65 15 13
65 13 12
65 15 14
65 17 16
66 19 18
66 18 7
66 7 6
66 6 4
66 4 2
66 2 1
66 1 0
66 4 3
66 6 5
66 18 17
66 17 16
66 16 8
66 16 15
66 15 13
66 13 11
66 11 10
66 10 9
66 13 12
66 15 14
67 14 5
67 5 4
67 4 3
67 3 1
67 1 0
67 3 2
67 14 13
67 13 12
67 12 11
67 11 10
67 10 9
67 9 7
67 7 6
67 9 8
68 14 13
68 13 12
68 12 11
68 11 10
68 10 9
68 9 7
68 7 1
68 1 0
68 7 6
68 6 5
68 5 2
68 5 4
68 4 3
68 9 8
69 16 12
69 12 11
69 11 10
69 10 9
69 9 5
69 5 3
69 3 1
69 1 0
69 3 2
69 5 4
69 9 8
69 8 6
69 8 7
69 16 15
69 15 13
69 15 14
70 16 0
70 16 15
70 15 14
70 14 13
70 13 12
70 12 10
70 10 8
70 8 3
70 3 2
70 2 1
70 8 7
70 7 6
70 6 4
70 6 5
70 10 9
70 12 11
71 14 7
71 7 6
71 6 2
71 2 1
71 1 0
71 6 5
71 5 3
71 5 4
71 14 13
71 13 12
71 12 11
71 11 8
71 11 10
71 10 9
72 16 14
72 14 13
72 13 12
72 12 10
72 10 6
72 6 5
72 5 4
72 4 3
72 3 2
72 2 0
72 2 1
72 10 9
72 9 7
72 9 8
72 12 11
72 16 15
73 17 9
73 9 3
73 3 0
73 3 2
73 2 1
73 9 8
73 8 4
73 8 7
73 7 5
73 7 6
73 17 16
73 16 15
73 15 10
73 15 14
73 14 13
73 13 11
73 13 12
74 16 0
74 16 15
74 15 14
74 14 5
74 5 3
74 3 1
74 3 2
74 5 4
74 14 13
74 13 10
74 10 9
74 9 8
74 8 7
74 7 6
74 13 12
74 12 11
75 19 18
75 18 10
75 10 8
75 8 7
75 7 0
75 7 6
75 6 4
75 4 3
75 3 2
75 2 1
75 6 5
75 10 9
75 18 17
75 17 11
75 17 16
75 16 13
75 13 12
75 16 15
75 15 14
76 19 12
76 12 0
76 12 11
76 11 2
76 2 1
76 11 10
76 10 6
76 6 4
76 4 3
76 6 5
76 10 9
76 9 8
76 8 7
76 19 18
76 18 17
76 17 13
76 17 16
76 16 15
76 15 14
77 17 16
77 16 5
77 5 4
77 4 1
77 1 0
77 4 3
77 3 2
77 16 15
77 15 6
77 15 14
77 14 13
77 13 7
77 13 12
77 12 10
77 10 8
77 10 9
77 12 11
78 19 1
78 1 0
78 19 18
78 18 2
78 18 17
78 17 16
78 16 15
78 15 13
78 13 11
78 11 10
78 10 7
78 7 5
78 5 4
78 4 3
78 7 6
78 10 9
78 9 8
78 13 12
78 15 14
79 17 0
79 17 16
79 16 1
79 16 15
79 15 14
79 14 12
79 12 11
79 11 10
79 10 3
79 3 2
79 10 9
79 9 7
79 7 4
79 7 6
79 6 5
79 9 8
79 14 13
80 17 15
80 15 14
80 14 13
80 13 12
80 12 4
80 4 2
80 2 1
80 1 0
80 4 3
80 12 11
80 11 7
80 7 6
80 6 5
80 11 10
80 10 8
80 10 9
80 17 16
81 18 17
81 17 16
81 16 15
81 15 1
81 1 0
81 15 14
81 14 13
81 13 9
81 9 8
81 8 7
81 7 5
81 5 2
81 5 4
81 4 3
81 7 6
81 13 12
81 12 10
81 12 11
82 19 18
82 18 17
82 17 16
82 16 8
82 8 0
82 8 7
82 7 6
82 6 5
82 5 1
82 5 4
82 4 2
82 4 3
82 16 15
82 15 9
82 15 14
82 14 10
82 14 13
82 13 12
82 12 11
83 17 12
83 12 1
83 1 0
83 12 11
83 11 7
83 7 5
83 5 4
83 4 3
83 3 2
83 7 6
83 11 10
83 10 8
83 10 9
83 17 16
83 16 13
83 16 15
83 15 14
84 17 0
84 17 16
84 16 1
84 16 15
84 15 14
84 14 3
84 3 2
84 14 13
84 13 4
84 13 12
84 12 9
84 9 5
84 9 8
84 8 7
84 7 6
84 12 11
84 11 10
85 16 15
85 15 0
85 15 14
85 14 13
85 13 12
85 12 11
85 11 10
85 10 3
85 3 2
85 2 1
85 10 9
85 9 5
85 5 4
85 9 8
85 8 6
85 8 7
86 15 13
86 13 10
86 10 1
86 1 0
86 10 9
86 9 2
86 9 8
86 8 7
86 7 6
86 6 4
86 4 3
86 6 5
86 13 12
86 12 11
86 15 14
87 15 14
87 14 2
87 2 0
87 2 1
87 14 13
87 13 3
87 13 12
87 12 11
87 11 10
87 10 8
87 8 7
87 7 6
87 6 4
87 6 5
87 10 9
88 17 15
88 15 14
88 14 3
88 3 1
88 1 0
88 3 2
88 14 13
88 13 12
88 12 11
88 11 10
88 10 8
88 8 6
88 6 5
88 5 4
88 8 7
88 10 9
88 17 16
89 14 13
89 13 12
89 12 0
89 12 11
89 11 9
89 9 8
89 8 6
89 6 1
89 6 5
89 5 3
89 3 2
89 5 4
89 8 7
89 11 10
90 18 3
90 3 0
90 3 2
90 2 1
90 18 17
90 17 7
90 7 6
90 6 4
90 6 5
90 17 16
90 16 15
90 15 13
90 13 10
90 10 8
90 10 9
90 13 12
90 12 11
90 15 14
91 18 2
91 2 0
91 2 1
91 18 17
91 17 3
91 17 16
91 16 12
91 12 4
91 12 11
91 11 10
91 10 9
91 9 8
91 8 7
91 7 6
91 6 5
91 16 15
91 15 14
91 14 13
92 17 15
92 15 14
92 14 13
92 13 12
92 12 11
92 11 9
92 9 8
92 8 7
92 7 6
92 6 5
92 5 1
92 1 0
92 5 4
92 4 3
92 3 2
92 11 10
92 17 16
93 18 17
93 17 12
93 12 0
93 12 11
93 11 8
93 8 6
93 6 3
93 3 2
93 2 1
93 6 5
93 5 4
93 8 7
93 11 10
93 10 9
93 17 16
93 16 15
93 15 13
93 15 14
94 14 11
94 11 3
94 3 2
94 2 0
94 2 1
94 11 10
94 10 9
94 9 4
94 9 8
94 8 7
94 7 6
94 6 5
94 14 13
94 13 12
95 14 12
95 12 5
95 5 4
95 4 2
95 2 1
95 1 0
95 4 3
95 12 11
95 11 7
95 7 6
95 11 10
95 10 8
95 10 9
95 14 13
96 17 16
96 16 0
96 16 15
96 15 5
96 5 3
96 3 2
96 2 1
96 5 4
96 15 14
96 14 10
96 10 7
96 7 6
96 10 9
96 9 8
96 14 13
96 13 11
96 13 12
97 16 12
97 12 10
97 10 0
97 10 9
97 9 7
97 7 1
97 7 6
97 6 2
97 6 5
97 5 3
97 5 4
97 9 8
97 12 11
97 16 15
97 15 13
97 15 14
98 19 0
98 19 18
98 18 3
98 3 1
98 3 2
98 18 17
98 17 16
98 16 4
98 16 15
98 15 11
98 11 10
98 10 9
98 9 7
98 7 5
98 7 6
98 9 8
98 15 14
98 14 12
98 14 13
99 17 12
99 12 10
99 10 7
99 7 6
99 6 5
99 5 0
99 5 4
99 4 2
99 2 1
99 4 3
99 10 9
99 9 8
99 12 11
99 17 16
99 16 15
99 15 13
99 15 14
100 17 16
100 16 15
100 15 0
100 15 14
100 14 7
100 7 4
100 4 1
100 4 3
100 3 2
100 7 6
100 6 5
100 14 13
100 13 11
100 11 9
100 9 8
100 11 10
100 13 12
101 18 16
101 16 14
101 14 12
101 12 4
101 4 3
101 3 2
101 2 1
101 1 0
101 12 11
101 11 5
101 11 10
101 10 6
101 10 9
101 9 7
101 9 8
101 14 13
101 16 15
101 18 17
