1 18 12
1 12 11
1 11 10
1 10 9
1 9 8
1 8 3
1 3 2
1 2 1
1 1 0
1 8 7
1 7 6
1 6 4
1 6 5
1 18 17
1 17 16
1 16 13
1 16 15
1 15 14
2 16 14
2 14 0
2 14 13
2 13 12
2 12 10
2 10 9
2 9 2
2 2 1
2 9 8
2 8 7
2 7 6
2 6 4
2 4 3
2 6 5
2 12 11
2 16 15
3 16 15
3 15 14
3 14 13
3 13 2
3 2 1
3 1 0
3 13 12
3 12 11
3 11 3
3 11 10
3 10 9
3 9 8
3 8 7
3 7 4
3 7 6
3 6 5
4 19 16
4 16 12
4 12 11
4 11 0
4 11 10
4 10 9
4 9 6
4 6 2
4 2 1
4 6 5
4 5 3
4 5 4
4 9 8
4 8 7
4 16 15
4 15 14
4 14 13
4 19 18
4 18 17
5 18 16
5 16 15
5 15 0
5 15 14
5 14 10
5 10 7
5 7 6
5 6 4
5 4 3
5 3 1
5 3 2
5 6 5
5 10 9
5 9 8
5 14 13
5 13 11
5 13 12
5 18 17
6 17 16
6 16 15
6 15 14
6 14 0
6 14 13
6 13 12
6 12 11
6 11 9
6 9 8
6 8 1
6 8 7
6 7 6
6 6 4
6 4 2
6 4 3
6 6 5
6 11 10
7 19 9
7 9 8
7 8 0
7 8 7
7 7 6
7 6 4
7 4 3
7 3 1
7 3 2
7 6 5
7 19 18
7 18 17
7 17 10
7 17 16
7 16 11
7 16 15
7 15 13
7 13 12
7 15 14
8 16 12
8 12 10
8 10 5
8 5 4
8 4 1
8 1 0
8 4 3
8 3 2
8 10 9
8 9 8
8 8 6
8 8 7
8 12 11
8 16 15
8 15 14
8 14 13
9 16 3
9 3 2
9 2 0
9 2 1
9 16 15
9 15 14
9 14 4
9 14 13
9 13 5
9 13 12
9 12 11
9 11 9
9 9 6
9 9 8
9 8 7
9 11 10
10 17 2
10 2 1
10 1 0
10 17 16
10 16 15
10 15 13
10 13 4
10 4 3
10 13 12
10 12 11
10 11 10
10 10 6
10 6 5
10 10 9
10 9 7
10 9 8
10 15 14
11 18 16
11 16 8
11 8 4
11 4 3
11 3 2
11 2 1
11 1 0
11 8 7
11 7 5
11 7 6
11 16 15
11 15 14
11 14 13
11 13 9
11 13 12
11 12 11
11 11 10
11 18 17
12 18 13
12 13 12
12 12 4
12 4 0
12 4 3
12 3 2
12 2 1
12 12 11
12 11 9
12 9 8
12 8 7
12 7 5
12 7 6
12 11 10
12 18 17
12 17 16
12 16 14
12 16 15
13 16 15
13 15 7
13 7 1
13 1 0
13 7 6
13 6 2
13 6 5
13 5 3
13 5 4
13 15 14
13 14 9
13 9 8
13 14 13
13 13 11
13 11 10
13 13 12
14 19 5
14 5 1
14 1 0
14 5 4
14 4 3
14 3 2
14 19 18
14 18 17
14 17 16
14 16 8
14 8 7
14 7 6
14 16 15
14 15 14
14 14 13
14 13 10
14 10 9
14 13 12
14 12 11
15 16 6
15 6 0
15 6 5
15 5 4
15 4 3
15 3 1
15 3 2
15 16 15
15 15 13
15 13 7
15 13 12
15 12 11
15 11 10
15 10 8
15 10 9
15 15 14
16 19 18
16 18 17
16 17 16
16 16 15
16 15 4
16 4 0
16 4 3
16 3 2
16 2 1
16 15 14
16 14 9
16 9 5
16 9 8
16 8 6
16 8 7
16 14 13
16 13 12
16 12 11
16 11 10
17 17 16
17 16 14
17 14 12
17 12 10
17 10 9
17 9 7
17 7 6
17 6 4
17 4 1
17 1 0
17 4 3
17 3 2
17 6 5
17 9 8
17 12 11
17 14 13
17 16 15
18 15 14
18 14 11
18 11 0
18 11 10
18 10 9
18 9 1
18 9 8
18 8 7
18 7 2
18 7 6
18 6 3
18 6 5
18 5 4
18 14 13
18 13 12
19 14 13
19 13 12
19 12 11
19 11 2
19 2 0
19 2 1
19 11 10
19 10 9
19 9 8
19 8 4
19 4 3
19 8 7
19 7 5
19 7 6
20 19 18
20 18 13
20 13 11
20 11 10
20 10 9
20 9 0
20 9 8
20 8 6
20 6 1
20 6 5
20 5 2
20 5 4
20 4 3
20 8 7
20 13 12
20 18 17
20 17 16
20 16 15
20 15 14
21 16 9
21 9 6
21 6 4
21 4 2
21 2 0
21 2 1
21 4 3
21 6 5
21 9 8
21 8 7
21 16 15
21 15 12
21 12 10
21 12 11
21 15 14
21 14 13
22 16 15
22 15 14
22 14 8
22 8 7
22 7 4
22 4 0
22 4 3
22 3 2
22 2 1
22 7 6
22 6 5
22 14 13
22 13 10
22 10 9
22 13 12
22 12 11
23 15 14
23 14 13
23 13 0
23 13 12
23 12 11
23 11 1
23 11 10
23 10 9
23 9 8
23 8 3
23 3 2
23 8 7
23 7 5
23 5 4
23 7 6
24 18 7
24 7 5
24 5 1
24 1 0
24 5 4
24 4 2
24 4 3
24 7 6
24 18 17
24 17 11
24 11 8
24 11 10
24 10 9
24 17 16
24 16 15
24 15 14
24 14 12
24 14 13
25 15 13
25 13 11
25 11 10
25 10 9
25 9 0
25 9 8
25 8 7
25 7 3
25 3 1
25 3 2
25 7 6
25 6 4
25 6 5
25 13 12
25 15 14
26 16 15
26 15 14
26 14 6
26 6 4
26 4 3
26 3 1
26 1 0
26 3 2
26 6 5
26 14 13
26 13 7
26 13 12
26 12 8
26 12 11
26 11 9
26 11 10
27 19 17
27 17 12
27 12 10
27 10 6
27 6 5
27 5 0
27 5 4
27 4 2
27 2 1
27 4 3
27 10 9
27 9 8
27 8 7
27 12 11
27 17 16
27 16 13
27 16 15
27 15 14
27 19 18
28 14 7
28 7 6
28 6 1
28 1 0
28 6 5
28 5 3
28 3 2
28 5 4
28 14 13
28 13 12
28 12 9
28 9 8
28 12 11
28 11 10
29 14 1
29 1 0
29 14 13
29 13 12
29 12 2
29 12 11
29 11 10
29 10 9
29 9 7
29 7 5
29 5 4
29 4 3
29 7 6
29 9 8
30 16 15
30 15 4
30 4 3
30 3 2
30 2 1
30 1 0
30 15 14
30 14 8
30 8 6
30 6 5
30 8 7
30 14 13
30 13 10
30 10 9
30 13 12
30 12 11
31 17 13
31 13 12
31 12 0
31 12 11
31 11 1
31 11 10
31 10 9
31 9 8
31 8 7
31 7 2
31 7 6
31 6 3
31 6 5
31 5 4
31 17 16
31 16 15
31 15 14
32 18 12
32 12 10
32 10 7
32 7 6
32 6 4
32 4 2
32 2 1
32 1 0
32 4 3
32 6 5
32 10 9
32 9 8
32 12 11
32 18 17
32 17 16
32 16 13
32 16 15
32 15 14
33 17 14
33 14 13
33 13 12
33 12 11
33 11 8
33 8 2
33 2 0
33 2 1
33 8 7
33 7 6
33 6 5
33 5 4
33 4 3
33 11 10
33 10 9
33 17 16
33 16 15
34 15 13
34 13 11
34 11 9
34 9 8
34 8 6
34 6 1
34 1 0
34 6 5
34 5 4
34 4 3
34 3 2
34 8 7
34 11 10
34 13 12
34 15 14
35 18 17
35 17 13
35 13 12
35 12 10
35 10 9
35 9 0
35 9 8
35 8 4
35 4 3
35 3 2
35 2 1
35 8 7
35 7 6
35 6 5
35 12 11
35 17 16
35 16 14
35 16 15
36 18 17
36 17 0
36 17 16
36 16 7
36 7 5
36 5 4
36 4 3
36 3 1
36 3 2
36 7 6
36 16 15
36 15 13
36 13 12
36 12 8
36 12 11
36 11 10
36 10 9
36 15 14
37 16 15
37 15 10
37 10 7
37 7 5
37 5 2
37 2 0
37 2 1
37 5 4
37 4 3
37 7 6
37 10 9
37 9 8
37 15 14
37 14 12
37 12 11
37 14 13
38 16 14
38 14 3
38 3 1
38 1 0
38 3 2
38 14 13
38 13 9
38 9 7
38 7 5
38 5 4
38 7 6
38 9 8
38 13 12
38 12 11
38 11 10
38 16 15
39 14 0
39 14 13
39 13 1
39 13 12
39 12 11
39 11 10
39 10 6
39 6 5
39 5 3
39 3 2
39 5 4
39 10 9
39 9 7
39 9 8
40 18 4
40 4 3
40 3 0
40 3 2
40 2 1
40 18 17
40 17 5
40 17 16
40 16 11
40 11 10
40 10 9
40 9 6
40 9 8
40 8 7
40 16 15
40 15 13
40 13 12
40 15 14
41 15 0
41 15 14
41 14 12
41 12 8
41 8 1
41 8 7
41 7 2
41 7 6
41 6 3
41 6 5
41 5 4
41 12 11
41 11 10
41 10 9
41 14 13
42 17 11
42 11 7
42 7 0
42 7 6
42 6 3
42 3 1
42 3 2
42 6 5
42 5 4
42 11 10
42 10 9
42 9 8
42 17 16
42 16 13
42 13 12
42 16 15
42 15 14
43 18 16
43 16 15
43 15 0
43 15 14
43 14 13
43 13 10
43 10 9
43 9 8
43 8 1
43 8 7
43 7 2
43 7 6
43 6 5
43 5 4
43 4 3
43 13 12
43 12 11
43 18 17
44 17 15
44 15 0
44 15 14
44 14 1
44 14 13
44 13 12
44 12 8
44 8 4
44 4 3
44 3 2
44 8 7
44 7 5
44 7 6
44 12 11
44 11 9
44 11 10
44 17 16
45 16 4
45 4 3
45 3 0
45 3 2
45 2 1
45 16 15
45 15 5
45 15 14
45 14 8
45 8 6
45 8 7
45 14 13
45 13 12
45 12 9
45 12 11
45 11 10
46 17 16
46 16 14
46 14 13
46 13 11
46 11 4
46 4 3
46 3 2
46 2 1
46 1 0
46 11 10
46 10 9
46 9 8
46 8 7
46 7 6
46 6 5
46 13 12
46 16 15
47 19 3
47 3 2
47 2 0
47 2 1
47 19 18
47 18 16
47 16 9
47 9 6
47 6 4
47 6 5
47 9 8
47 8 7
47 16 15
47 15 13
47 13 10
47 13 12
47 12 11
47 15 14
47 18 17
48 17 11
48 11 10
48 10 0
48 10 9
48 9 1
48 9 8
48 8 2
48 8 7
48 7 6
48 6 5
48 5 3
48 5 4
48 17 16
48 16 13
48 13 12
48 16 15
48 15 14
49 16 0
49 16 15
49 15 13
49 13 11
49 11 1
49 11 10
49 10 5
49 5 4
49 4 2
49 4 3
49 10 9
49 9 8
49 8 7
49 7 6
49 13 12
49 15 14
50 16 12
50 12 11
50 11 10
50 10 9
50 9 7
50 7 2
50 2 1
50 1 0
50 7 6
50 6 5
50 5 3
50 5 4
50 9 8
50 16 15
50 15 13
50 15 14
51 18 16
51 16 15
51 15 12
51 12 0
51 12 11
51 11 10
51 10 7
51 7 5
51 5 1
51 5 4
51 4 3
51 3 2
51 7 6
51 10 9
51 9 8
51 15 14
51 14 13
51 18 17
52 18 17
52 17 14
52 14 13
52 13 12
52 12 11
52 11 10
52 10 9
52 9 6
52 6 5
52 5 3
52 3 2
52 2 0
52 2 1
52 5 4
52 9 8
52 8 7
52 17 16
52 16 15
53 15 12
53 12 11
53 11 10
53 10 0
53 10 9
53 9 8
53 8 5
53 5 3
53 3 2
53 2 1
53 5 4
53 8 7
53 7 6
53 15 14
53 14 13
54 17 16
54 16 13
54 13 6
54 6 4
54 4 0
54 4 3
54 3 2
54 2 1
54 6 5
54 13 12
54 12 11
54 11 9
54 9 7
54 9 8
54 11 10
54 16 15
54 15 14
55 16 0
55 16 15
55 15 14
55 14 13
55 13 10
55 10 1
55 10 9
55 9 7
55 7 6
55 6 3
55 3 2
55 6 5
55 5 4
55 9 8
55 13 12
55 12 11
56 14 1
56 1 0
56 14 13
56 13 12
56 12 11
56 11 10
56 10 9
56 9 5
56 5 4
56 4 3
56 3 2
56 9 8
56 8 6
56 8 7
57 14 13
57 13 11
57 11 10
57 10 0
57 10 9
57 9 8
57 8 7
57 7 6
57 6 1
57 6 5
57 5 3
57 3 2
57 5 4
57 13 12
58 14 1
58 1 0
58 14 13
58 13 12
58 12 9
58 9 2
58 9 8
58 8 3
58 8 7
58 7 4
58 7 6
58 6 5
58 12 11
58 11 10
59 15 12
59 12 1
59 1 0
59 12 11
59 11 2
59 11 10
59 10 9
59 9 5
59 5 4
59 4 3
59 9 8
59 8 7
59 7 6
59 15 14
59 14 13
60 19 13
60 13 5
60 5 0
60 5 4
60 4 3
60 3 1
60 3 2
60 13 12
60 12 10
60 10 9
60 9 8
60 8 6
60 8 7
60 12 11
60 19 18
60 18 17
60 17 15
60 15 14
60 17 16
61 18 0
61 18 17
61 17 16
61 16 1
61 16 15
61 15 10
61 10 9
61 9 5
61 5 2
61 5 4
61 4 3
61 9 8
61 8 7
61 7 6
61 15 14
61 14 13
61 13 12
61 12 11
62 14 13
62 13 12
62 12 0
62 12 11
62 11 4
62 4 3
62 3 1
62 3 2
62 11 10
62 10 9
62 9 8
62 8 5
62 8 7
62 7 6
63 16 15
63 15 12
63 12 11
63 11 3
63 3 0
63 3 2
63 2 1
63 11 10
63 10 9
63 9 4
63 9 8
63 8 7
63 7 6
63 6 5
63 15 14
63 14 13
64 14 11
64 11 10
64 10 0
64 10 9
64 9 7
64 7 3
64 3 1
64 3 2
64 7 6
64 6 4
64 6 5
64 9 8
64 14 13
64 13 12
65 14 13
65 13 11
65 11 10
65 10 9
65 9 8
65 8 3
65 3 2
65 2 0
65 2 1
65 8 7
65 7 5
65 5 4
65 7 6
65 13 12
66 15 14
66 14 13
66 13 9
66 9 1
66 1 0
66 9 8
66 8 7
66 7 2
66 7 6
66 6 3
66 6 5
66 5 4
66 13 12
66 12 10
66 12 11
67 15 14
67 14 13
67 13 1
67 1 0
67 13 12
67 12 9
67 9 3
67 3 2
67 9 8
67 8 7
67 7 4
67 7 6
67 6 5
67 12 11
67 11 10
68 19 3
68 3 1
68 1 0
68 3 2
68 19 18
68 18 4
68 18 17
68 17 12
68 12 9
68 9 8
68 8 7
68 7 5
68 7 6
68 12 11
68 11 10
68 17 16
68 16 14
68 14 13
68 16 15
69 17 4
69 4 2
69 2 0
69 2 1
69 4 3
69 17 16
69 16 5
69 16 15
69 15 14
69 14 13
69 13 10
69 10 9
69 9 8
69 8 6
69 8 7
69 13 12
69 12 11
70 17 2
70 2 1
70 1 0
70 17 16
70 16 13
70 13 12
70 12 3
70 12 11
70 11 4
70 11 10
70 10 6
70 6 5
70 10 9
70 9 7
70 9 8
70 16 15
70 15 14
71 14 13
71 13 7
71 7 6
71 6 5
71 5 4
71 4 1
71 1 0
71 4 3
71 3 2
71 13 12
71 12 10
71 10 8
71 10 9
71 12 11
72 14 9
72 9 8
72 8 0
72 8 7
72 7 6
72 6 5
72 5 2
72 2 1
72 5 4
72 4 3
72 14 13
72 13 11
72 11 10
72 13 12
73 18 0
73 18 17
73 17 4
73 4 3
73 3 1
73 3 2
73 17 16
73 16 15
73 15 7
73 7 6
73 6 5
73 15 14
73 14 13
73 13 12
73 12 11
73 11 10
73 10 9
73 9 8
74 19 0
74 19 18
74 18 4
74 4 2
74 2 1
74 4 3
74 18 17
74 17 6
74 6 5
74 17 16
74 16 8
74 8 7
74 16 15
74 15 10
74 10 9
74 15 14
74 14 12
74 12 11
74 14 13
75 18 17
75 17 1
75 1 0
75 17 16
75 16 8
75 8 7
75 7 2
75 7 6
75 6 5
75 5 3
75 5 4
75 16 15
75 15 9
75 15 14
75 14 13
75 13 12
75 12 11
75 11 10
76 17 16
76 16 15
76 15 14
76 14 12
76 12 10
76 10 0
76 10 9
76 9 1
76 9 8
76 8 3
76 3 2
76 8 7
76 7 6
76 6 5
76 5 4
76 12 11
76 14 13
77 16 1
77 1 0
77 16 15
77 15 2
77 15 14
77 14 12
77 12 11
77 11 3
77 11 10
77 10 7
77 7 5
77 5 4
77 7 6
77 10 9
77 9 8
77 14 13
78 18 14
78 14 11
78 11 9
78 9 7
78 7 3
78 3 1
78 1 0
78 3 2
78 7 6
78 6 4
78 6 5
78 9 8
78 11 10
78 14 13
78 13 12
78 18 17
78 17 15
78 17 16
79 15 0
79 15 14
79 14 13
79 13 10
79 10 6
79 6 5
79 5 1
79 5 4
79 4 3
79 3 2
79 10 9
79 9 7
79 9 8
79 13 12
79 12 11
80 16 0
80 16 15
80 15 2
80 2 1
80 15 14
80 14 5
80 5 4
80 4 3
80 14 13
80 13 6
80 13 12
80 12 7
80 12 11
80 11 10
80 10 8
80 10 9
81 15 14
81 14 0
81 14 13
81 13 8
81 8 1
81 8 7
81 7 4
81 4 3
81 3 2
81 7 6
81 6 5
81 13 12
81 12 10
81 10 9
81 12 11
82 16 7
82 7 2
82 2 0
82 2 1
82 7 6
82 6 4
82 4 3
82 6 5
82 16 15
82 15 13
82 13 12
82 12 11
82 11 8
82 11 10
82 10 9
82 15 14
83 17 1
83 1 0
83 17 16
83 16 10
83 10 9
83 9 4
83 4 3
83 3 2
83 9 8
83 8 6
83 6 5
83 8 7
83 16 15
83 15 11
83 15 14
83 14 12
83 14 13
84 14 12
84 12 0
84 12 11
84 11 9
84 9 6
84 6 5
84 5 4
84 4 1
84 4 3
84 3 2
84 9 8
84 8 7
84 11 10
84 14 13
85 14 13
85 13 5
85 5 4
85 4 2
85 2 0
85 2 1
85 4 3
85 13 12
85 12 11
85 11 10
85 10 8
85 8 6
85 8 7
85 10 9
86 16 0
86 16 15
86 15 14
86 14 10
86 10 8
86 8 7
86 7 6
86 6 4
86 4 3
86 3 1
86 3 2
86 6 5
86 10 9
86 14 13
86 13 11
86 13 12
87 18 16
87 16 0
87 16 15
87 15 13
87 13 12
87 12 10
87 10 4
87 4 1
87 4 3
87 3 2
87 10 9
87 9 8
87 8 6
87 6 5
87 8 7
87 12 11
87 15 14
87 18 17
88 16 15
88 15 8
88 8 5
88 5 4
88 4 0
88 4 3
88 3 2
88 2 1
88 8 7
88 7 6
88 15 14
88 14 13
88 13 12
88 12 10
88 10 9
88 12 11
89 18 7
89 7 0
89 7 6
89 6 1
89 6 5
89 5 3
89 3 2
89 5 4
89 18 17
89 17 10
89 10 8
89 10 9
89 17 16
89 16 15
89 15 14
89 14 13
89 13 12
89 12 11
90 18 17
90 17 15
90 15 13
90 13 9
90 9 0
90 9 8
90 8 5
90 5 1
90 5 4
90 4 2
90 4 3
90 8 7
90 7 6
90 13 12
90 12 11
90 11 10
90 15 14
90 17 16
91 19 18
91 18 2
91 2 0
91 2 1
91 18 17
91 17 16
91 16 15
91 15 9
91 9 8
91 8 7
91 7 5
91 5 3
91 5 4
91 7 6
91 15 14
91 14 13
91 13 10
91 13 12
91 12 11
92 14 11
92 11 10
92 10 9
92 9 8
92 8 4
92 4 0
92 4 3
92 3 2
92 2 1
92 8 7
92 7 6
92 6 5
92 14 13
92 13 12
93 14 13
93 13 10
93 10 9
93 9 0
93 9 8
93 8 6
93 6 5
93 5 3
93 3 2
93 2 1
93 5 4
93 8 7
93 13 12
93 12 11
94 19 0
94 19 18
94 18 10
94 10 1
94 10 9
94 9 7
94 7 4
94 4 3
94 3 2
94 7 6
94 6 5
94 9 8
94 18 17
94 17 16
94 16 15
94 15 14
94 14 12
94 12 11
94 14 13
95 18 0
95 18 17
95 17 2
95 2 1
95 17 16
95 16 14
95 14 11
95 11 3
95 11 10
95 10 4
95 10 9
95 9 7
95 7 5
95 7 6
95 9 8
95 14 13
95 13 12
95 16 15
96 15 14
96 14 1
96 1 0
96 14 13
96 13 11
96 11 10
96 10 9
96 9 8
96 8 2
96 8 7
96 7 3
96 7 6
96 6 4
96 6 5
96 13 12
97 18 11
97 11 5
97 5 0
97 5 4
97 4 1
97 4 3
97 3 2
97 11 10
97 10 6
97 10 9
97 9 8
97 8 7
97 18 17
97 17 16
97 16 14
97 14 12
97 14 13
97 16 15
98 14 8
98 8 4
98 4 3
98 3 2
98 2 1
98 1 0
98 8 7
98 7 5
98 7 6
98 14 13
98 13 9
98 13 12
98 12 11
98 11 10
99 15 14
99 14 8
99 8 7
99 7 3
99 3 2
99 2 0
99 2 1
99 7 6
99 6 4
99 6 5
99 14 13
99 13 11
99 11 10
99 10 9
99 13 12
100 19 1
100 1 0
100 19 18
100 18 16
100 16 15
100 15 12
100 12 3
100 3 2
100 12 11
100 11 10
100 10 8
100 8 6
100 6 5
100 5 4
100 8 7
100 10 9
100 15 14
100 14 13
100 18 17
101 18 16
101 16 15
101 15 1
101 1 0
101 15 14
101 14 13
101 13 11
101 11 10
101 10 9
101 9 8
101 8 6
101 6 5
101 5 2
101 5 4
101 4 3
101 8 7
101 13 12
101 18 17
