1 19 0
1 19 18
1 18 3
1 3 1
1 3 2
1 18 17
1 17 14
1 14 13
1 13 11
1 11 6
1 6 5
1 5 4
1 11 10
1 10 7
1 10 9
1 9 8
1 13 12
1 17 16
1 16 15
2 16 15
2 15 14
2 14 13
2 13 4
2 4 3
2 3 1
2 1 0
2 3 2
2 13 12
2 12 11
2 11 9
2 9 8
2 8 5
2 8 7
2 7 6
2 11 10
3 16 15
3 15 4
3 4 3
3 3 0
3 3 2
3 2 1
3 15 14
3 14 5
3 14 13
3 13 12
3 12 6
3 12 11
3 11 8
3 8 7
3 11 10
3 10 9
4 15 13
4 13 0
4 13 12
4 12 11
4 11 9
4 9 8
4 8 5
4 5 1
4 5 4
4 4 2
4 4 3
4 8 7
4 7 6
4 11 10
4 15 14
5 15 5
5 5 0
5 5 4
5 4 1
5 4 3
5 3 2
5 15 14
5 14 13
5 13 10
5 10 6
5 10 9
5 9 7
5 9 8
5 13 12
5 12 11
6 15 14
6 14 13
6 13 12
6 12 3
6 3 2
6 2 1
6 1 0
6 12 11
6 11 6
6 6 4
6 6 5
6 11 10
6 10 9
6 9 8
6 8 7
7 19 18
7 18 0
7 18 17
7 17 6
7 6 2
7 2 1
7 6 5
7 5 4
7 4 3
7 17 16
7 16 11
7 11 7
7 11 10
7 10 9
7 9 8
7 16 15
7 15 14
7 14 12
7 14 13
8 16 15
8 15 11
8 11 7
8 7 1
8 1 0
8 7 6
8 6 2
8 6 5
8 5 4
8 4 3
8 11 10
8 10 8
8 10 9
8 15 14
8 14 12
8 14 13
9 14 0
9 14 13
9 13 4
9 4 1
9 4 3
9 3 2
9 13 12
9 12 11
9 11 8
9 8 5
9 8 7
9 7 6
9 11 10
9 10 9
10 17 0
10 17 16
10 16 15
10 15 14
10 14 1
10 14 13
10 13 12
10 12 11
10 11 2
10 11 10
10 10 8
10 8 3
10 8 7
10 7 4
10 7 6
10 6 5
10 10 9
11 15 13
11 13 12
11 12 9
11 9 8
11 8 3
11 3 2
11 2 1
11 1 0
11 8 7
11 7 4
11 7 6
11 6 5
11 12 11
11 11 10
11 15 14
12 18 11
12 11 10
12 10 0
12 10 9
12 9 7
12 7 1
12 7 6
12 6 2
12 6 5
12 5 4
12 4 3
12 9 8
12 18 17
12 17 12
12 17 16
12 16 13
12 16 15
12 15 14
13 16 15
13 15 13
13 13 12
13 12 11
13 11 10
13 10 9
13 9 0
13 9 8
13 8 6
13 6 5
13 5 3
13 3 1
13 3 2
13 5 4
13 8 7
13 15 14
14 15 14
14 14 13
14 13 12
14 12 10
14 10 4
14 4 2
14 2 1
14 1 0
14 4 3
14 10 9
14 9 7
14 7 5
14 7 6
14 9 8
14 12 11
15 14 13
15 13 4
15 4 3
15 3 2
15 2 0
15 2 1
15 13 12
15 12 10
15 10 6
15 6 5
15 10 9
15 9 7
15 9 8
15 12 11
16 14 13
16 13 1
16 1 0
16 13 12
16 12 2
16 12 11
16 11 7
16 7 5
16 5 4
16 4 3
16 7 6
16 11 10
16 10 8
16 10 9
17 16 15
17 15 14
17 14 13
17 13 12
17 12 11
17 11 6
17 6 5
17 5 4
17 4 3
17 3 2
17 2 0
17 2 1
17 11 10
17 10 9
17 9 8
17 8 7
18 19 18
18 18 0
18 18 17
18 17 16
18 16 2
18 2 1
18 16 15
18 15 3
18 15 14
18 14 8
18 8 7
18 7 6
18 6 5
18 5 4
18 14 13
18 13 11
18 11 9
18 11 10
18 13 12
19 14 13
19 13 12
19 12 10
19 10 8
19 8 7
19 7 2
19 2 1
19 1 0
19 7 6
19 6 5
19 5 4
19 4 3
19 10 9
19 12 11
20 14 6
20 6 4
20 4 3
20 3 2
20 2 0
20 2 1
20 6 5
20 14 13
20 13 12
20 12 11
20 11 9
20 9 8
20 8 7
20 11 10
21 17 10
21 10 1
21 1 0
21 10 9
21 9 6
21 6 5
21 5 3
21 3 2
21 5 4
21 9 8
21 8 7
21 17 16
21 16 15
21 15 14
21 14 11
21 14 13
21 13 12
22 18 17
22 17 16
22 16 15
22 15 13
22 13 3
22 3 1
22 1 0
22 3 2
22 13 12
22 12 11
22 11 10
22 10 4
22 10 9
22 9 6
22 6 5
22 9 8
22 8 7
22 15 14
23 17 16
23 16 14
23 14 13
23 13 0
23 13 12
23 12 9
23 9 8
23 8 7
23 7 6
23 6 5
23 5 4
23 4 1
23 4 3
23 3 2
23 12 11
23 11 10
23 16 15
24 16 14
24 14 13
24 13 12
24 12 10
24 10 1
24 1 0
24 10 9
24 9 3
24 3 2
24 9 8
24 8 4
24 8 7
24 7 5
24 7 6
24 12 11
24 16 15
25 17 15
25 15 5
25 5 0
25 5 4
25 4 3
25 3 1
25 3 2
25 15 14
25 14 12
25 12 11
25 11 9
25 9 8
25 8 7
25 7 6
25 11 10
25 14 13
25 17 16
26 15 9
26 9 4
26 4 0
26 4 3
26 3 2
26 2 1
26 9 8
26 8 7
26 7 5
26 7 6
26 15 14
26 14 12
26 12 11
26 11 10
26 14 13
27 14 10
27 10 9
27 9 6
27 6 4
27 4 3
27 3 2
27 2 1
27 1 0
27 6 5
27 9 8
27 8 7
27 14 13
27 13 11
27 13 12
28 18 17
28 17 16
28 16 0
28 16 15
28 15 14
28 14 12
28 12 10
28 10 9
28 9 1
28 9 8
28 8 7
28 7 4
28 4 3
28 3 2
28 7 6
28 6 5
28 12 11
28 14 13
29 18 17
29 17 6
29 6 5
29 5 3
29 3 2
29 2 0
29 2 1
29 5 4
29 17 16
29 16 15
29 15 14
29 14 13
29 13 12
29 12 8
29 8 7
29 12 11
29 11 9
29 11 10
30 15 8
30 8 7
30 7 6
30 6 5
30 5 3
30 3 2
30 2 0
30 2 1
30 5 4
30 15 14
30 14 12
30 12 11
30 11 9
30 11 10
30 14 13
31 17 15
31 15 14
31 14 13
31 13 5
31 5 3
31 3 1
31 1 0
31 3 2
31 5 4
31 13 12
31 12 10
31 10 6
31 10 9
31 9 7
31 9 8
31 12 11
31 17 16
32 19 0
32 19 18
32 18 17
32 17 16
32 16 4
32 4 1
32 4 3
32 3 2
32 16 15
32 15 14
32 14 11
32 11 5
32 11 10
32 10 9
32 9 8
32 8 7
32 7 6
32 14 13
32 13 12
33 14 13
33 13 12
33 12 2
33 2 1
33 1 0
33 12 11
33 11 3
33 11 10
33 10 9
33 9 8
33 8 7
33 7 5
33 5 4
33 7 6
34 15 0
34 15 14
34 14 13
34 13 12
34 12 3
34 3 2
34 2 1
34 12 11
34 11 9
34 9 4
34 9 8
34 8 6
34 6 5
34 8 7
34 11 10
35 17 0
35 17 16
35 16 15
35 15 9
35 9 5
35 5 1
35 5 4
35 4 2
35 4 3
35 9 8
35 8 6
35 8 7
35 15 14
35 14 10
35 14 13
35 13 11
35 13 12
36 17 1
36 1 0
36 17 16
36 16 9
36 9 2
36 9 8
36 8 7
36 7 5
36 5 3
36 5 4
36 7 6
36 16 15
36 15 13
36 13 10
36 13 12
36 12 11
36 15 14
37 14 13
37 13 12
37 12 10
37 10 8
37 8 7
37 7 5
37 5 2
37 2 1
37 1 0
37 5 4
37 4 3
37 7 6
37 10 9
37 12 11
38 14 0
38 14 13
38 13 12
38 12 10
38 10 4
38 4 2
38 2 1
38 4 3
38 10 9
38 9 5
38 9 8
38 8 7
38 7 6
38 12 11
39 19 0
39 19 18
39 18 17
39 17 13
39 13 1
39 13 12
39 12 11
39 11 6
39 6 4
39 4 2
39 4 3
39 6 5
39 11 10
39 10 8
39 8 7
39 10 9
39 17 16
39 16 15
39 15 14
40 16 12
40 12 11
40 11 9
40 9 8
40 8 2
40 2 0
40 2 1
40 8 7
40 7 6
40 6 4
40 4 3
40 6 5
40 11 10
40 16 15
40 15 13
40 15 14
41 16 14
41 14 12
41 12 0
41 12 11
41 11 1
41 11 10
41 10 8
41 8 5
41 5 3
41 3 2
41 5 4
41 8 7
41 7 6
41 10 9
41 14 13
41 16 15
42 16 15
42 15 14
42 14 12
42 12 3
42 3 1
42 1 0
42 3 2
42 12 11
42 11 8
42 8 7
42 7 5
42 5 4
42 7 6
42 11 10
42 10 9
42 14 13
43 14 13
43 13 12
43 12 2
43 2 0
43 2 1
43 12 11
43 11 6
43 6 5
43 5 3
43 5 4
43 11 10
43 10 9
43 9 8
43 8 7
44 19 1
44 1 0
44 19 18
44 18 17
44 17 11
44 11 2
44 11 10
44 10 9
44 9 8
44 8 3
44 8 7
44 7 6
44 6 5
44 5 4
44 17 16
44 16 15
44 15 14
44 14 12
44 14 13
45 19 18
45 18 2
45 2 0
45 2 1
45 18 17
45 17 3
45 17 16
45 16 12
45 12 9
45 9 8
45 8 7
45 7 5
45 5 4
45 7 6
45 12 11
45 11 10
45 16 15
45 15 14
45 14 13
46 17 12
46 12 10
46 10 6
46 6 4
46 4 2
46 2 1
46 1 0
46 4 3
46 6 5
46 10 9
46 9 8
46 8 7
46 12 11
46 17 16
46 16 15
46 15 14
46 14 13
47 19 17
47 17 16
47 16 15
47 15 0
47 15 14
47 14 7
47 7 1
47 7 6
47 6 5
47 5 2
47 5 4
47 4 3
47 14 13
47 13 12
47 12 11
47 11 10
47 10 9
47 9 8
47 19 18
48 14 13
48 13 11
48 11 9
48 9 8
48 8 7
48 7 5
48 5 2
48 2 0
48 2 1
48 5 4
48 4 3
48 7 6
48 11 10
48 13 12
49 14 0
49 14 13
49 13 11
49 11 10
49 10 9
49 9 5
49 5 3
49 3 2
49 2 1
49 5 4
49 9 8
49 8 6
49 8 7
49 13 12
50 15 13
50 13 12
50 12 7
50 7 4
50 4 3
50 3 0
50 3 2
50 2 1
50 7 6
50 6 5
50 12 11
50 11 9
50 9 8
50 11 10
50 15 14
51 16 12
51 12 7
51 7 3
51 3 0
51 3 2
51 2 1
51 7 6
51 6 4
51 6 5
51 12 11
51 11 10
51 10 8
51 10 9
51 16 15
51 15 13
51 15 14
52 18 3
52 3 2
52 2 1
52 1 0
52 18 17
52 17 16
52 16 4
52 16 15
52 15 10
52 10 5
52 10 9
52 9 8
52 8 7
52 7 6
52 15 14
52 14 12
52 12 11
52 14 13
53 16 15
53 15 14
53 14 8
53 8 7
53 7 6
53 6 5
53 5 4
53 4 3
53 3 0
53 3 2
53 2 1
53 14 13
53 13 9
53 13 12
53 12 10
53 12 11
54 17 1
54 1 0
54 17 16
54 16 12
54 12 11
54 11 6
54 6 2
54 6 5
54 5 4
54 4 3
54 11 10
54 10 9
54 9 8
54 8 7
54 16 15
54 15 13
54 15 14
55 18 16
55 16 13
55 13 0
55 13 12
55 12 10
55 10 8
55 8 7
55 7 6
55 6 2
55 2 1
55 6 5
55 5 4
55 4 3
55 10 9
55 12 11
55 16 15
55 15 14
55 18 17
56 14 0
56 14 13
56 13 1
56 13 12
56 12 5
56 5 4
56 4 3
56 3 2
56 12 11
56 11 9
56 9 8
56 8 6
56 8 7
56 11 10
57 16 13
57 13 12
57 12 8
57 8 7
57 7 0
57 7 6
57 6 5
57 5 4
57 4 3
57 3 2
57 2 1
57 12 11
57 11 9
57 11 10
57 16 15
57 15 14
58 14 13
58 13 12
58 12 6
58 6 5
58 5 1
58 1 0
58 5 4
58 4 3
58 3 2
58 12 11
58 11 7
58 11 10
58 10 8
58 10 9
59 19 0
59 19 18
59 18 14
59 14 10
59 10 9
59 9 8
59 8 6
59 6 5
59 5 4
59 4 3
59 3 2
59 2 1
59 8 7
59 14 13
59 13 11
59 13 12
59 18 17
59 17 15
59 17 16
60 15 0
60 15 14
60 14 11
60 11 9
60 9 7
60 7 5
60 5 2
60 2 1
60 5 4
60 4 3
60 7 6
60 9 8
60 11 10
60 14 13
60 13 12
61 19 18
61 18 7
61 7 6
61 6 0
61 6 5
61 5 4
61 4 1
61 4 3
61 3 2
61 18 17
61 17 16
61 16 15
61 15 13
61 13 9
61 9 8
61 13 12
61 12 11
61 11 10
61 15 14
62 18 17
62 17 16
62 16 15
62 15 14
62 14 10
62 10 4
62 4 1
62 1 0
62 4 3
62 3 2
62 10 9
62 9 5
62 9 8
62 8 6
62 8 7
62 14 13
62 13 12
62 12 11
63 14 1
63 1 0
63 14 13
63 13 3
63 3 2
63 13 12
63 12 9
63 9 4
63 9 8
63 8 5
63 8 7
63 7 6
63 12 11
63 11 10
64 18 17
64 17 16
64 16 1
64 1 0
64 16 15
64 15 14
64 14 12
64 12 4
64 4 3
64 3 2
64 12 11
64 11 10
64 10 5
64 10 9
64 9 6
64 9 8
64 8 7
64 14 13
65 18 0
65 18 17
65 17 16
65 16 14
65 14 11
65 11 10
65 10 4
65 4 1
65 4 3
65 3 2
65 10 9
65 9 8
65 8 5
65 8 7
65 7 6
65 14 13
65 13 12
65 16 15
66 14 13
66 13 6
66 6 0
66 6 5
66 5 1
66 5 4
66 4 3
66 3 2
66 13 12
66 12 11
66 11 10
66 10 8
66 8 7
66 10 9
67 15 13
67 13 12
67 12 11
67 11 10
67 10 0
67 10 9
67 9 3
67 3 1
67 3 2
67 9 8
67 8 4
67 8 7
67 7 5
67 7 6
67 15 14
68 15 13
68 13 12
68 12 9
68 9 7
68 7 5
68 5 2
68 2 0
68 2 1
68 5 4
68 4 3
68 7 6
68 9 8
68 12 11
68 11 10
68 15 14
69 18 1
69 1 0
69 18 17
69 17 15
69 15 14
69 14 12
69 12 2
69 12 11
69 11 10
69 10 5
69 5 4
69 4 3
69 10 9
69 9 6
69 9 8
69 8 7
69 14 13
69 17 16
70 18 16
70 16 13
70 13 12
70 12 6
70 6 5
70 5 4
70 4 3
70 3 1
70 1 0
70 3 2
70 12 11
70 11 10
70 10 8
70 8 7
70 10 9
70 16 15
70 15 14
70 18 17
71 16 15
71 15 13
71 13 12
71 12 6
71 6 5
71 5 0
71 5 4
71 4 3
71 3 1
71 3 2
71 12 11
71 11 7
71 11 10
71 10 8
71 10 9
71 15 14
72 18 17
72 17 3
72 3 2
72 2 0
72 2 1
72 17 16
72 16 7
72 7 6
72 6 4
72 6 5
72 16 15
72 15 13
72 13 8
72 13 12
72 12 11
72 11 10
72 10 9
72 15 14
73 17 0
73 17 16
73 16 15
73 15 14
73 14 12
73 12 11
73 11 10
73 10 2
73 2 1
73 10 9
73 9 8
73 8 7
73 7 6
73 6 4
73 4 3
73 6 5
73 14 13
74 15 1
74 1 0
74 15 14
74 14 2
74 14 13
74 13 12
74 12 4
74 4 3
74 12 11
74 11 10
74 10 9
74 9 7
74 7 6
74 6 5
74 9 8
75 15 13
75 13 0
75 13 12
75 12 10
75 10 9
75 9 4
75 4 2
75 2 1
75 4 3
75 9 8
75 8 7
75 7 6
75 6 5
75 12 11
75 15 14
76 14 13
76 13 11
76 11 10
76 10 0
76 10 9
76 9 5
76 5 3
76 3 2
76 2 1
76 5 4
76 9 8
76 8 6
76 8 7
76 13 12
77 17 16
77 16 0
77 16 15
77 15 4
77 4 3
77 3 2
77 2 1
77 15 14
77 14 12
77 12 5
77 12 11
77 11 6
77 11 10
77 10 9
77 9 8
77 8 7
77 14 13
78 17 11
78 11 10
78 10 5
78 5 1
78 1 0
78 5 4
78 4 3
78 3 2
78 10 9
78 9 7
78 7 6
78 9 8
78 17 16
78 16 13
78 13 12
78 16 15
78 15 14
79 16 15
79 15 14
79 14 0
79 14 13
79 13 8
79 8 7
79 7 5
79 5 1
79 5 4
79 4 3
79 3 2
79 7 6
79 13 12
79 12 11
79 11 10
79 10 9
80 17 16
80 16 15
80 15 0
80 15 14
80 14 12
80 12 11
80 11 7
80 7 5
80 5 4
80 4 2
80 2 1
80 4 3
80 7 6
80 11 10
80 10 9
80 9 8
80 14 13
81 14 12
81 12 11
81 11 0
81 11 10
81 10 7
81 7 1
81 7 6
81 6 3
81 3 2
81 6 5
81 5 4
81 10 9
81 9 8
81 14 13
82 15 14
82 14 4
82 4 0
82 4 3
82 3 2
82 2 1
82 14 13
82 13 5
82 13 12
82 12 8
82 8 7
82 7 6
82 12 11
82 11 9
82 11 10
83 16 14
83 14 0
83 14 13
83 13 1
83 13 12
83 12 9
83 9 8
83 8 3
83 3 2
83 8 7
83 7 4
83 7 6
83 6 5
83 12 11
83 11 10
83 16 15
84 17 16
84 16 15
84 15 13
84 13 4
84 4 2
84 2 1
84 1 0
84 4 3
84 13 12
84 12 11
84 11 6
84 6 5
84 11 10
84 10 9
84 9 7
84 9 8
84 15 14
85 17 15
85 15 3
85 3 0
85 3 2
85 2 1
85 15 14
85 14 12
85 12 11
85 11 10
85 10 7
85 7 6
85 6 4
85 6 5
85 10 9
85 9 8
85 14 13
85 17 16
86 14 10
86 10 0
86 10 9
86 9 8
86 8 7
86 7 1
86 7 6
86 6 5
86 5 4
86 4 2
86 4 3
86 14 13
86 13 12
86 12 11
87 14 1
87 1 0
87 14 13
87 13 10
87 10 9
87 9 8
87 8 7
87 7 2
87 7 6
87 6 5
87 5 3
87 5 4
87 13 12
87 12 11
88 15 14
88 14 13
88 13 12
88 12 11
88 11 0
88 11 10
88 10 8
88 8 7
88 7 1
88 7 6
88 6 3
88 3 2
88 6 5
88 5 4
88 10 9
89 17 0
89 17 16
89 16 1
89 16 15
89 15 3
89 3 2
89 15 14
89 14 13
89 13 6
89 6 5
89 5 4
89 13 12
89 12 11
89 11 9
89 9 8
89 8 7
89 11 10
90 17 2
90 2 0
90 2 1
90 17 16
90 16 3
90 16 15
90 15 13
90 13 11
90 11 9
90 9 8
90 8 6
90 6 5
90 5 4
90 8 7
90 11 10
90 13 12
90 15 14
91 19 16
91 16 15
91 15 14
91 14 1
91 1 0
91 14 13
91 13 11
91 11 2
91 11 10
91 10 9
91 9 8
91 8 7
91 7 6
91 6 5
91 5 4
91 4 3
91 13 12
91 19 18
91 18 17
92 14 13
92 13 11
92 11 10
92 10 0
92 10 9
92 9 2
92 2 1
92 9 8
92 8 3
92 8 7
92 7 6
92 6 4
92 6 5
92 13 12
93 15 14
93 14 0
93 14 13
93 13 11
93 11 8
93 8 7
93 7 1
93 7 6
93 6 3
93 3 2
93 6 5
93 5 4
93 11 10
93 10 9
93 13 12
94 16 0
94 16 15
94 15 3
94 3 2
94 2 1
94 15 14
94 14 5
94 5 4
94 14 13
94 13 11
94 11 8
94 8 7
94 7 6
94 11 10
94 10 9
94 13 12
95 18 0
95 18 17
95 17 7
95 7 6
95 6 5
95 5 4
95 4 1
95 4 3
95 3 2
95 17 16
95 16 9
95 9 8
95 16 15
95 15 10
95 15 14
95 14 13
95 13 12
95 12 11
96 14 11
96 11 10
96 10 6
96 6 0
96 6 5
96 5 1
96 5 4
96 4 3
96 3 2
96 10 9
96 9 7
96 9 8
96 14 13
96 13 12
97 17 16
97 16 2
97 2 1
97 1 0
97 16 15
97 15 7
97 7 6
97 6 3
97 6 5
97 5 4
97 15 14
97 14 8
97 14 13
97 13 11
97 11 9
97 11 10
97 13 12
98 19 1
98 1 0
98 19 18
98 18 2
98 18 17
98 17 13
98 13 12
98 12 3
98 12 11
98 11 9
98 9 4
98 9 8
98 8 5
98 8 7
98 7 6
98 11 10
98 17 16
98 16 14
98 16 15
99 14 4
99 4 0
99 4 3
99 3 2
99 2 1
99 14 13
99 13 6
99 6 5
99 13 12
99 12 7
99 12 11
99 11 9
99 9 8
99 11 10
100 15 14
100 14 13
100 13 10
100 10 8
100 8 6
100 6 4
100 4 3
100 3 1
100 1 0
100 3 2
100 6 5
100 8 7
100 10 9
100 13 12
100 12 11
101 17 16
101 16 14
101 14 13
101 13 0
101 13 12
101 12 1
101 12 11
101 11 10
101 10 9
101 9 4
101 4 2
101 4 3
101 9 8
101 8 5
101 8 7
101 7 6
101 16 15
