1 14 13
1 13 12
1 12 11
1 11 10
1 10 3
1 3 0
1 3 2
1 2 1
1 10 9
1 9 8
1 8 7
1 7 6
1 6 4
1 6 5
2 17 16
2 16 15
2 15 14
2 14 0
2 14 13
2 13 11
2 11 10
2 10 9
2 9 3
2 3 2
2 2 1
2 9 8
2 8 7
2 7 5
2 5 4
2 7 6
2 13 12
3 15 1
3 1 0
3 15 14
3 14 2
3 14 13
3 13 3
3 13 12
3 12 4
3 12 11
3 11 9
3 9 8
3 8 5
3 8 7
3 7 6
3 11 10
4 17 3
4 3 2
4 2 1
4 1 0
4 17 16
4 16 11
4 11 10
4 10 8
4 8 6
4 6 4
4 6 5
4 8 7
4 10 9
4 16 15
4 15 13
4 13 12
4 15 14
5 17 11
5 11 10
5 10 6
5 6 2
5 2 1
5 1 0
5 6 5
5 5 4
5 4 3
5 10 9
5 9 8
5 8 7
5 17 16
5 16 12
5 16 15
5 15 14
5 14 13
6 14 0
6 14 13
6 13 12
6 12 10
6 10 9
6 9 8
6 8 5
6 5 4
6 4 2
6 2 1
6 4 3
6 8 7
6 7 6
6 12 11
7 17 16
7 16 6
7 6 0
7 6 5
7 5 4
7 4 2
7 2 1
7 4 3
7 16 15
7 15 14
7 14 7
7 14 13
7 13 12
7 12 8
7 12 11
7 11 9
7 11 10
8 17 0
8 17 16
8 16 12
8 12 2
8 2 1
8 12 11
8 11 9
8 9 6
8 6 5
8 5 4
8 4 3
8 9 8
8 8 7
8 11 10
8 16 15
8 15 14
8 14 13
9 17 3
9 3 0
9 3 2
9 2 1
9 17 16
9 16 11
9 11 10
9 10 7
9 7 4
9 7 6
9 6 5
9 10 9
9 9 8
9 16 15
9 15 13
9 13 12
9 15 14
10 19 17
10 17 16
10 16 12
10 12 0
10 12 11
10 11 10
10 10 1
10 10 9
10 9 8
10 8 6
10 6 2
10 6 5
10 5 3
10 5 4
10 8 7
10 16 15
10 15 14
10 14 13
10 19 18
11 16 15
11 15 14
11 14 13
11 13 12
11 12 3
11 3 1
11 1 0
11 3 2
11 12 11
11 11 10
11 10 9
11 9 4
11 9 8
11 8 6
11 6 5
11 8 7
12 15 14
12 14 7
12 7 2
12 2 0
12 2 1
12 7 6
12 6 3
12 6 5
12 5 4
12 14 13
12 13 12
12 12 11
12 11 10
12 10 9
12 9 8
13 16 15
13 15 14
13 14 0
13 14 13
13 13 12
13 12 11
13 11 1
13 11 10
13 10 4
13 4 3
13 3 2
13 10 9
13 9 7
13 7 5
13 7 6
13 9 8
14 14 12
14 12 11
14 11 10
14 10 3
14 3 2
14 2 0
14 2 1
14 10 9
14 9 7
14 7 5
14 5 4
14 7 6
14 9 8
14 14 13
15 17 4
15 4 1
15 1 0
15 4 3
15 3 2
15 17 16
15 16 11
15 11 7
15 7 6
15 6 5
15 11 10
15 10 8
15 10 9
15 16 15
15 15 13
15 13 12
15 15 14
16 17 15
16 15 14
16 14 13
16 13 9
16 9 0
16 9 8
16 8 7
16 7 1
16 7 6
16 6 2
16 6 5
16 5 3
16 5 4
16 13 12
16 12 10
16 12 11
16 17 16
17 16 14
17 14 12
17 12 10
17 10 1
17 1 0
17 10 9
17 9 2
17 9 8
17 8 7
17 7 6
17 6 5
17 5 4
17 4 3
17 12 11
17 14 13
17 16 15
18 14 11
18 11 9
18 9 8
18 8 6
18 6 5
18 5 4
18 4 3
18 3 0
18 3 2
18 2 1
18 8 7
18 11 10
18 14 13
18 13 12
19 17 16
19 16 15
19 15 10
19 10 9
19 9 4
19 4 3
19 3 2
19 2 1
19 1 0
19 9 8
19 8 5
19 8 7
19 7 6
19 15 14
19 14 13
19 13 11
19 13 12
20 18 17
20 17 10
20 10 9
20 9 8
20 8 5
20 5 3
20 3 2
20 2 1
20 1 0
20 5 4
20 8 7
20 7 6
20 17 16
20 16 11
20 16 15
20 15 12
20 15 14
20 14 13
21 15 13
21 13 12
21 12 8
21 8 6
21 6 0
21 6 5
21 5 4
21 4 2
21 2 1
21 4 3
21 8 7
21 12 11
21 11 9
21 11 10
21 15 14
22 15 14
22 14 12
22 12 8
22 8 6
22 6 5
22 5 4
22 4 3
22 3 1
22 1 0
22 3 2
22 8 7
22 12 11
22 11 9
22 11 10
22 14 13
23 16 0
23 16 15
23 15 14
23 14 12
23 12 11
23 11 10
23 10 1
23 10 9
23 9 8
23 8 6
23 6 5
23 5 4
23 4 2
23 4 3
23 8 7
23 14 13
24 16 15
24 15 10
24 10 9
24 9 7
24 7 6
24 6 5
24 5 3
24 3 2
24 2 1
24 1 0
24 5 4
24 9 8
24 15 14
24 14 11
24 14 13
24 13 12
25 15 2
25 2 0
25 2 1
25 15 14
25 14 13
25 13 11
25 11 9
25 9 4
25 4 3
25 9 8
25 8 6
25 6 5
25 8 7
25 11 10
25 13 12
26 15 7
26 7 6
26 6 3
26 3 1
26 1 0
26 3 2
26 6 5
26 5 4
26 15 14
26 14 13
26 13 9
26 9 8
26 13 12
26 12 10
26 12 11
27 16 15
27 15 14
27 14 13
27 13 12
27 12 3
27 3 1
27 1 0
27 3 2
27 12 11
27 11 10
27 10 9
27 9 8
27 8 7
27 7 4
27 7 6
27 6 5
28 19 1
28 1 0
28 19 18
28 18 2
28 18 17
28 17 13
28 13 4
28 4 3
28 13 12
28 12 9
28 9 5
28 9 8
28 8 7
28 7 6
28 12 11
28 11 10
28 17 16
28 16 15
28 15 14
29 14 13
29 13 12
29 12 11
29 11 0
29 11 10
29 10 1
29 10 9
29 9 8
29 8 7
29 7 6
29 6 5
29 5 4
29 4 2
29 4 3
30 14 8
30 8 1
30 1 0
30 8 7
30 7 6
30 6 5
30 5 3
30 3 2
30 5 4
30 14 13
30 13 10
30 10 9
30 13 12
30 12 11
31 17 0
31 17 16
31 16 15
31 15 1
31 15 14
31 14 3
31 3 2
31 14 13
31 13 12
31 12 11
31 11 10
31 10 4
31 10 9
31 9 8
31 8 7
31 7 5
31 7 6
32 14 13
32 13 1
32 1 0
32 13 12
32 12 11
32 11 6
32 6 5
32 5 4
32 4 3
32 3 2
32 11 10
32 10 9
32 9 7
32 9 8
33 14 13
33 13 0
33 13 12
33 12 8
33 8 6
33 6 5
33 5 4
33 4 1
33 4 3
33 3 2
33 8 7
33 12 11
33 11 10
33 10 9
34 18 0
34 18 17
34 17 3
34 3 2
34 2 1
34 17 16
34 16 15
34 15 14
34 14 8
34 8 7
34 7 5
34 5 4
34 7 6
34 14 13
34 13 9
34 13 12
34 12 11
34 11 10
35 19 14
35 14 12
35 12 1
35 1 0
35 12 11
35 11 7
35 7 6
35 6 5
35 5 2
35 5 4
35 4 3
35 11 10
35 10 9
35 9 8
35 14 13
35 19 18
35 18 16
35 16 15
35 18 17
36 14 13
36 13 12
36 12 3
36 3 2
36 2 1
36 1 0
36 12 11
36 11 10
36 10 8
36 8 7
36 7 4
36 7 6
36 6 5
36 10 9
37 19 18
37 18 17
37 17 0
37 17 16
37 16 3
37 3 1
37 3 2
37 16 15
37 15 13
37 13 4
37 13 12
37 12 10
37 10 8
37 8 5
37 8 7
37 7 6
37 10 9
37 12 11
37 15 14
38 19 16
38 16 2
38 2 1
38 1 0
38 16 15
38 15 6
38 6 3
38 6 5
38 5 4
38 15 14
38 14 8
38 8 7
38 14 13
38 13 11
38 11 10
38 10 9
38 13 12
38 19 18
38 18 17
39 19 9
39 9 4
39 4 3
39 3 2
39 2 1
39 1 0
39 9 8
39 8 5
39 8 7
39 7 6
39 19 18
39 18 17
39 17 10
39 17 16
39 16 15
39 15 14
39 14 11
39 14 13
39 13 12
40 19 18
40 18 0
40 18 17
40 17 16
40 16 2
40 2 1
40 16 15
40 15 7
40 7 6
40 6 5
40 5 4
40 4 3
40 15 14
40 14 8
40 14 13
40 13 10
40 10 9
40 13 12
40 12 11
41 16 15
41 15 2
41 2 1
41 1 0
41 15 14
41 14 13
41 13 11
41 11 9
41 9 3
41 9 8
41 8 7
41 7 5
41 5 4
41 7 6
41 11 10
41 13 12
42 15 14
42 14 0
42 14 13
42 13 1
42 13 12
42 12 7
42 7 5
42 5 4
42 4 3
42 3 2
42 7 6
42 12 11
42 11 8
42 11 10
42 10 9
43 16 15
43 15 2
43 2 0
43 2 1
43 15 14
43 14 13
43 13 3
43 13 12
43 12 6
43 6 5
43 5 4
43 12 11
43 11 8
43 8 7
43 11 10
43 10 9
44 17 16
44 16 12
44 12 11
44 11 0
44 11 10
44 10 9
44 9 3
44 3 2
44 2 1
44 9 8
44 8 7
44 7 6
44 6 4
44 6 5
44 16 15
44 15 13
44 15 14
45 15 0
45 15 14
45 14 1
45 14 13
45 13 10
45 10 9
45 9 8
45 8 7
45 7 3
45 3 2
45 7 6
45 6 4
45 6 5
45 13 12
45 12 11
46 16 15
46 15 14
46 14 10
46 10 4
46 4 3
46 3 2
46 2 1
46 1 0
46 10 9
46 9 5
46 9 8
46 8 7
46 7 6
46 14 13
46 13 12
46 12 11
47 15 12
47 12 11
47 11 5
47 5 4
47 4 1
47 1 0
47 4 3
47 3 2
47 11 10
47 10 9
47 9 8
47 8 7
47 7 6
47 15 14
47 14 13
48 18 17
48 17 15
48 15 6
48 6 2
48 2 1
48 1 0
48 6 5
48 5 3
48 5 4
48 15 14
48 14 12
48 12 7
48 12 11
48 11 10
48 10 9
48 9 8
48 14 13
48 17 16
49 18 17
49 17 2
49 2 0
49 2 1
49 17 16
49 16 15
49 15 13
49 13 11
49 11 10
49 10 9
49 9 3
49 9 8
49 8 7
49 7 6
49 6 4
49 6 5
49 13 12
49 15 14
50 14 0
50 14 13
50 13 12
50 12 8
50 8 7
50 7 6
50 6 5
50 5 4
50 4 2
50 2 1
50 4 3
50 12 11
50 11 9
50 11 10
51 17 3
51 3 2
51 2 0
51 2 1
51 17 16
51 16 14
51 14 4
51 14 13
51 13 11
51 11 7
51 7 6
51 6 5
51 11 10
51 10 8
51 10 9
51 13 12
51 16 15
52 14 8
52 8 1
52 1 0
52 8 7
52 7 2
52 7 6
52 6 5
52 5 3
52 5 4
52 14 13
52 13 10
52 10 9
52 13 12
52 12 11
53 16 15
53 15 14
53 14 3
53 3 0
53 3 2
53 2 1
53 14 13
53 13 4
53 13 12
53 12 11
53 11 5
53 11 10
53 10 9
53 9 8
53 8 7
53 7 6
54 15 13
54 13 12
54 12 11
54 11 1
54 1 0
54 11 10
54 10 9
54 9 5
54 5 4
54 4 3
54 3 2
54 9 8
54 8 6
54 8 7
54 15 14
55 14 13
55 13 11
55 11 9
55 9 8
55 8 7
55 7 0
55 7 6
55 6 4
55 4 3
55 3 1
55 3 2
55 6 5
55 11 10
55 13 12
56 19 1
56 1 0
56 19 18
56 18 17
56 17 16
56 16 15
56 15 2
56 15 14
56 14 13
56 13 12
56 12 11
56 11 3
56 11 10
56 10 6
56 6 5
56 5 4
56 10 9
56 9 8
56 8 7
57 19 18
57 18 12
57 12 10
57 10 8
57 8 0
57 8 7
57 7 5
57 5 3
57 3 2
57 2 1
57 5 4
57 7 6
57 10 9
57 12 11
57 18 17
57 17 16
57 16 15
57 15 14
57 14 13
58 14 13
58 13 7
58 7 6
58 6 1
58 1 0
58 6 5
58 5 4
58 4 2
58 4 3
58 13 12
58 12 9
58 9 8
58 12 11
58 11 10
59 18 17
59 17 16
59 16 1
59 1 0
59 16 15
59 15 14
59 14 11
59 11 10
59 10 9
59 9 8
59 8 6
59 6 2
59 6 5
59 5 3
59 5 4
59 8 7
59 14 13
59 13 12
60 17 15
60 15 13
60 13 12
60 12 9
60 9 8
60 8 0
60 8 7
60 7 2
60 2 1
60 7 6
60 6 3
60 6 5
60 5 4
60 12 11
60 11 10
60 15 14
60 17 16
61 19 17
61 17 16
61 16 15
61 15 14
61 14 0
61 14 13
61 13 1
61 13 12
61 12 11
61 11 10
61 10 9
61 9 2
61 9 8
61 8 7
61 7 3
61 7 6
61 6 4
61 6 5
61 19 18
62 15 12
62 12 11
62 11 2
62 2 0
62 2 1
62 11 10
62 10 7
62 7 6
62 6 5
62 5 4
62 4 3
62 10 9
62 9 8
62 15 14
62 14 13
63 14 13
63 13 12
63 12 10
63 10 8
63 8 6
63 6 5
63 5 3
63 3 2
63 2 0
63 2 1
63 5 4
63 8 7
63 10 9
63 12 11
64 15 0
64 15 14
64 14 13
64 13 8
64 8 7
64 7 4
64 4 1
64 4 3
64 3 2
64 7 6
64 6 5
64 13 12
64 12 11
64 11 10
64 10 9
65 15 11
65 11 9
65 9 8
65 8 6
65 6 1
65 1 0
65 6 5
65 5 4
65 4 2
65 4 3
65 8 7
65 11 10
65 15 14
65 14 13
65 13 12
66 17 16
66 16 15
66 15 14
66 14 1
66 1 0
66 14 13
66 13 2
66 13 12
66 12 11
66 11 10
66 10 4
66 4 3
66 10 9
66 9 8
66 8 5
66 8 7
66 7 6
67 15 11
67 11 7
67 7 2
67 2 0
67 2 1
67 7 6
67 6 3
67 6 5
67 5 4
67 11 10
67 10 9
67 9 8
67 15 14
67 14 13
67 13 12
68 19 15
68 15 14
68 14 13
68 13 12
68 12 11
68 11 10
68 10 9
68 9 8
68 8 6
68 6 1
68 1 0
68 6 5
68 5 2
68 5 4
68 4 3
68 8 7
68 19 18
68 18 16
68 18 17
69 14 13
69 13 5
69 5 1
69 1 0
69 5 4
69 4 3
69 3 2
69 13 12
69 12 6
69 12 11
69 11 10
69 10 9
69 9 7
69 9 8
70 19 6
70 6 1
70 1 0
70 6 5
70 5 3
70 3 2
70 5 4
70 19 18
70 18 17
70 17 7
70 17 16
70 16 14
70 14 11
70 11 9
70 9 8
70 11 10
70 14 13
70 13 12
70 16 15
71 16 15
71 15 9
71 9 6
71 6 0
71 6 5
71 5 3
71 3 2
71 2 1
71 5 4
71 9 8
71 8 7
71 15 14
71 14 13
71 13 12
71 12 11
71 11 10
72 16 1
72 1 0
72 16 15
72 15 14
72 14 7
72 7 5
72 5 4
72 4 2
72 4 3
72 7 6
72 14 13
72 13 12
72 12 11
72 11 8
72 11 10
72 10 9
73 14 13
73 13 11
73 11 0
73 11 10
73 10 5
73 5 3
73 3 1
73 3 2
73 5 4
73 10 9
73 9 8
73 8 6
73 8 7
73 13 12
74 19 12
74 12 11
74 11 3
74 3 2
74 2 0
74 2 1
74 11 10
74 10 8
74 8 6
74 6 5
74 5 4
74 8 7
74 10 9
74 19 18
74 18 17
74 17 13
74 17 16
74 16 14
74 16 15
75 18 17
75 17 2
75 2 1
75 1 0
75 17 16
75 16 3
75 16 15
75 15 14
75 14 13
75 13 12
75 12 4
75 12 11
75 11 5
75 11 10
75 10 6
75 10 9
75 9 8
75 8 7
76 15 12
76 12 10
76 10 3
76 3 1
76 1 0
76 3 2
76 10 9
76 9 6
76 6 4
76 6 5
76 9 8
76 8 7
76 12 11
76 15 14
76 14 13
77 19 18
77 18 13
77 13 11
77 11 5
77 5 4
77 4 3
77 3 0
77 3 2
77 2 1
77 11 10
77 10 8
77 8 7
77 7 6
77 10 9
77 13 12
77 18 17
77 17 16
77 16 14
77 16 15
78 16 15
78 15 13
78 13 12
78 12 2
78 2 0
78 2 1
78 12 11
78 11 9
78 9 3
78 9 8
78 8 7
78 7 6
78 6 4
78 6 5
78 11 10
78 15 14
79 14 13
79 13 6
79 6 3
79 3 2
79 2 0
79 2 1
79 6 5
79 5 4
79 13 12
79 12 11
79 11 10
79 10 7
79 10 9
79 9 8
80 18 2
80 2 0
80 2 1
80 18 17
80 17 3
80 17 16
80 16 15
80 15 12
80 12 5
80 5 4
80 12 11
80 11 10
80 10 9
80 9 7
80 7 6
80 9 8
80 15 14
80 14 13
81 16 0
81 16 15
81 15 14
81 14 11
81 11 8
81 8 5
81 5 4
81 4 1
81 4 3
81 3 2
81 8 7
81 7 6
81 11 10
81 10 9
81 14 13
81 13 12
82 14 13
82 13 0
82 13 12
82 12 5
82 5 4
82 4 3
82 3 1
82 3 2
82 12 11
82 11 7
82 7 6
82 11 10
82 10 9
82 9 8
83 16 14
83 14 4
83 4 2
83 2 1
83 1 0
83 4 3
83 14 13
83 13 10
83 10 9
83 9 8
83 8 6
83 6 5
83 8 7
83 13 12
83 12 11
83 16 15
84 15 14
84 14 9
84 9 5
84 5 4
84 4 0
84 4 3
84 3 2
84 2 1
84 9 8
84 8 6
84 8 7
84 14 13
84 13 11
84 11 10
84 13 12
85 17 16
85 16 9
85 9 7
85 7 3
85 3 1
85 1 0
85 3 2
85 7 6
85 6 4
85 6 5
85 9 8
85 16 15
85 15 14
85 14 13
85 13 12
85 12 10
85 12 11
86 18 15
86 15 8
86 8 7
86 7 0
86 7 6
86 6 4
86 4 3
86 3 2
86 2 1
86 6 5
86 15 14
86 14 13
86 13 11
86 11 9
86 11 10
86 13 12
86 18 17
86 17 16
87 15 5
87 5 3
87 3 1
87 1 0
87 3 2
87 5 4
87 15 14
87 14 9
87 9 6
87 9 8
87 8 7
87 14 13
87 13 12
87 12 11
87 11 10
88 19 17
88 17 1
88 1 0
88 17 16
88 16 15
88 15 13
88 13 12
88 12 6
88 6 5
88 5 4
88 4 2
88 4 3
88 12 11
88 11 10
88 10 7
88 10 9
88 9 8
88 15 14
88 19 18
89 15 9
89 9 8
89 8 3
89 3 2
89 2 0
89 2 1
89 8 7
89 7 5
89 5 4
89 7 6
89 15 14
89 14 12
89 12 11
89 11 10
89 14 13
90 19 18
90 18 17
90 17 16
90 16 15
90 15 0
90 15 14
90 14 11
90 11 5
90 5 4
90 4 2
90 2 1
90 4 3
90 11 10
90 10 7
90 7 6
90 10 9
90 9 8
90 14 13
90 13 12
91 14 0
91 14 13
91 13 2
91 2 1
91 13 12
91 12 11
91 11 8
91 8 7
91 7 6
91 6 3
91 6 5
91 5 4
91 11 10
91 10 9
92 15 7
92 7 6
92 6 2
92 2 0
92 2 1
92 6 5
92 5 3
92 5 4
92 15 14
92 14 8
92 14 13
92 13 12
92 12 9
92 12 11
92 11 10
93 17 5
93 5 3
93 3 2
93 2 1
93 1 0
93 5 4
93 17 16
93 16 14
93 14 12
93 12 11
93 11 10
93 10 8
93 8 7
93 7 6
93 10 9
93 14 13
93 16 15
94 16 15
94 15 14
94 14 6
94 6 5
94 5 3
94 3 0
94 3 2
94 2 1
94 5 4
94 14 13
94 13 8
94 8 7
94 13 12
94 12 10
94 10 9
94 12 11
95 19 18
95 18 17
95 17 16
95 16 0
95 16 15
95 15 1
95 15 14
95 14 13
95 13 12
95 12 11
95 11 9
95 9 7
95 7 6
95 6 5
95 5 2
95 5 4
95 4 3
95 9 8
95 11 10
96 14 1
96 1 0
96 14 13
96 13 11
96 11 6
96 6 2
96 6 5
96 5 3
96 5 4
96 11 10
96 10 8
96 8 7
96 10 9
96 13 12
97 17 16
97 16 15
97 15 14
97 14 0
97 14 13
97 13 12
97 12 3
97 3 2
97 2 1
97 12 11
97 11 9
97 9 8
97 8 6
97 6 5
97 5 4
97 8 7
97 11 10
98 14 13
98 13 1
98 1 0
98 13 12
98 12 6
98 6 3
98 3 2
98 6 5
98 5 4
98 12 11
98 11 10
98 10 8
98 8 7
98 10 9
99 16 14
99 14 12
99 12 10
99 10 9
99 9 2
99 2 0
99 2 1
99 9 8
99 8 3
99 8 7
99 7 4
99 7 6
99 6 5
99 12 11
99 14 13
99 16 15
100 17 1
100 1 0
100 17 16
100 16 7
100 7 6
100 6 5
100 5 4
100 4 2
100 4 3
100 16 15
100 15 9
100 9 8
100 15 14
100 14 13
100 13 12
100 12 11
100 11 10
101 14 12
101 12 0
101 12 11
101 11 10
101 10 8
101 8 4
101 4 3
101 3 1
101 3 2
101 8 7
101 7 6
101 6 5
101 10 9
101 14 13
