1 18 17
1 17 16
1 16 2
1 2 0
1 2 1
1 16 15
1 15 14
1 14 3
1 14 13
1 13 10
1 10 4
1 10 9
1 9 8
1 8 7
1 7 6
1 6 5
1 13 12
1 12 11
2 15 13
2 13 0
2 13 12
2 12 4
2 4 1
2 4 3
2 3 2
2 12 11
2 11 10
2 10 7
2 7 5
2 7 6
2 10 9
2 9 8
2 15 14
3 17 1
3 1 0
3 17 16
3 16 15
3 15 4
3 4 2
3 4 3
3 15 14
3 14 13
3 13 12
3 12 9
3 9 7
3 7 5
3 7 6
3 9 8
3 12 11
3 11 10
4 14 12
4 12 8
4 8 2
4 2 0
4 2 1
4 8 7
4 7 6
4 6 4
4 4 3
4 6 5
4 12 11
4 11 10
4 10 9
4 14 13
5 14 13
5 13 11
5 11 10
5 10 0
5 10 9
5 9 8
5 8 7
5 7 5
5 5 4
5 4 3
5 3 2
5 2 1
5 7 6
5 13 12
6 18 15
6 15 13
6 13 3
6 3 1
6 1 0
6 3 2
6 13 12
6 12 11
6 11 10
6 10 8
6 8 6
6 6 5
6 5 4
6 8 7
6 10 9
6 15 14
6 18 17
6 17 16
7 19 18
7 18 0
7 18 17
7 17 5
7 5 3
7 3 1
7 3 2
7 5 4
7 17 16
7 16 13
7 13 6
7 13 12
7 12 8
7 8 7
7 12 11
7 11 10
7 10 9
7 16 15
7 15 14
8 19 0
8 19 18
8 18 17
8 17 16
8 16 1
8 16 15
8 15 13
8 13 11
8 11 10
8 10 4
8 4 2
8 4 3
8 10 9
8 9 8
8 8 6
8 6 5
8 8 7
8 13 12
8 15 14
9 18 15
9 15 14
9 14 12
9 12 11
9 11 0
9 11 10
9 10 9
9 9 7
9 7 6
9 6 5
9 5 4
9 4 3
9 3 1
9 3 2
9 9 8
9 14 13
9 18 17
9 17 16
10 18 17
10 17 0
10 17 16
10 16 2
10 2 1
10 16 15
10 15 7
10 7 6
10 6 5
10 5 3
10 5 4
10 15 14
10 14 13
10 13 12
10 12 11
10 11 10
10 10 9
10 9 8
11 14 12
11 12 11
11 11 2
11 2 1
11 1 0
11 11 10
11 10 9
11 9 7
11 7 3
11 7 6
11 6 5
11 5 4
11 9 8
11 14 13
12 19 18
12 18 13
12 13 8
12 8 7
12 7 6
12 6 5
12 5 0
12 5 4
12 4 2
12 2 1
12 4 3
12 13 12
12 12 11
12 11 10
12 10 9
12 18 17
12 17 14
12 17 16
12 16 15
13 18 17
13 17 7
13 7 4
13 4 2
13 2 1
13 1 0
13 4 3
13 7 6
13 6 5
13 17 16
13 16 14
13 14 13
13 13 9
13 9 8
13 13 12
13 12 11
13 11 10
13 16 15
14 16 11
14 11 9
14 9 5
14 5 4
14 4 2
14 2 0
14 2 1
14 4 3
14 9 8
14 8 7
14 7 6
14 11 10
14 16 15
14 15 14
14 14 13
14 13 12
15 19 18
15 18 16
15 16 15
15 15 9
15 9 8
15 8 7
15 7 5
15 5 0
15 5 4
15 4 3
15 3 1
15 3 2
15 7 6
15 15 14
15 14 13
15 13 12
15 12 11
15 11 10
15 18 17
16 19 14
16 14 13
16 13 6
16 6 5
16 5 4
16 4 3
16 3 1
16 1 0
16 3 2
16 13 12
16 12 10
16 10 9
16 9 7
16 9 8
16 12 11
16 19 18
16 18 16
16 16 15
16 18 17
17 14 0
17 14 13
17 13 1
17 13 12
17 12 2
17 12 11
17 11 8
17 8 7
17 7 3
17 7 6
17 6 4
17 6 5
17 11 10
17 10 9
18 18 14
18 14 13
18 13 12
18 12 0
18 12 11
18 11 1
18 11 10
18 10 2
18 10 9
18 9 8
18 8 3
18 8 7
18 7 4
18 7 6
18 6 5
18 18 17
18 17 16
18 16 15
19 17 13
19 13 12
19 12 5
19 5 0
19 5 4
19 4 2
19 2 1
19 4 3
19 12 11
19 11 9
19 9 8
19 8 7
19 7 6
19 11 10
19 17 16
19 16 14
19 16 15
20 18 0
20 18 17
20 17 16
20 16 12
20 12 11
20 11 6
20 6 5
20 5 3
20 3 1
20 3 2
20 5 4
20 11 10
20 10 8
20 8 7
20 10 9
20 16 15
20 15 13
20 15 14
21 16 2
21 2 0
21 2 1
21 16 15
21 15 14
21 14 3
21 14 13
21 13 12
21 12 10
21 10 9
21 9 8
21 8 4
21 8 7
21 7 6
21 6 5
21 12 11
22 16 8
22 8 6
22 6 4
22 4 2
22 2 0
22 2 1
22 4 3
22 6 5
22 8 7
22 16 15
22 15 14
22 14 10
22 10 9
22 14 13
22 13 12
22 12 11
23 15 14
23 14 13
23 13 12
23 12 11
23 11 0
23 11 10
23 10 5
23 5 4
23 4 3
23 3 2
23 2 1
23 10 9
23 9 8
23 8 6
23 8 7
24 16 0
24 16 15
24 15 13
24 13 12
24 12 1
24 12 11
24 11 2
24 11 10
24 10 9
24 9 7
24 7 5
24 5 4
24 4 3
24 7 6
24 9 8
24 15 14
25 17 3
25 3 2
25 2 1
25 1 0
25 17 16
25 16 12
25 12 10
25 10 9
25 9 8
25 8 4
25 8 7
25 7 5
25 7 6
25 12 11
25 16 15
25 15 14
25 14 13
26 18 9
26 9 2
26 2 1
26 1 0
26 9 8
26 8 7
26 7 3
26 7 6
26 6 4
26 6 5
26 18 17
26 17 15
26 15 14
26 14 13
26 13 10
26 13 12
26 12 11
26 17 16
27 14 0
27 14 13
27 13 12
27 12 11
27 11 10
27 10 9
27 9 4
27 4 3
27 3 2
27 2 1
27 9 8
27 8 7
27 7 6
27 6 5
28 16 2
28 2 1
28 1 0
28 16 15
28 15 6
28 6 5
28 5 4
28 4 3
28 15 14
28 14 13
28 13 12
28 12 9
28 9 8
28 8 7
28 12 11
28 11 10
29 16 0
29 16 15
29 15 10
29 10 1
29 10 9
29 9 6
29 6 3
29 3 2
29 6 5
29 5 4
29 9 8
29 8 7
29 15 14
29 14 13
29 13 12
29 12 11
30 14 9
30 9 5
30 5 2
30 2 1
30 1 0
30 5 4
30 4 3
30 9 8
30 8 7
30 7 6
30 14 13
30 13 12
30 12 11
30 11 10
31 17 13
31 13 12
31 12 11
31 11 0
31 11 10
31 10 9
31 9 7
31 7 5
31 5 3
31 3 2
31 2 1
31 5 4
31 7 6
31 9 8
31 17 16
31 16 14
31 16 15
32 15 14
32 14 13
32 13 12
32 12 2
32 2 1
32 1 0
32 12 11
32 11 10
32 10 4
32 4 3
32 10 9
32 9 8
32 8 5
32 8 7
32 7 6
33 18 17
33 17 16
33 16 7
33 7 6
33 6 0
33 6 5
33 5 4
33 4 1
33 4 3
33 3 2
33 16 15
33 15 9
33 9 8
33 15 14
33 14 13
33 13 12
33 12 11
33 11 10
34 14 9
34 9 8
34 8 6
34 6 4
34 4 2
34 2 1
34 1 0
34 4 3
34 6 5
34 8 7
34 14 13
34 13 12
34 12 10
34 12 11
35 16 1
35 1 0
35 16 15
35 15 2
35 15 14
35 14 9
35 9 6
35 6 5
35 5 4
35 4 3
35 9 8
35 8 7
35 14 13
35 13 11
35 11 10
35 13 12
36 19 18
36 18 6
36 6 3
36 3 0
36 3 2
36 2 1
36 6 5
36 5 4
36 18 17
36 17 7
36 17 16
36 16 15
36 15 14
36 14 8
36 14 13
36 13 9
36 13 12
36 12 11
36 11 10
37 17 16
37 16 0
37 16 15
37 15 2
37 2 1
37 15 14
37 14 5
37 5 3
37 5 4
37 14 13
37 13 12
37 12 6
37 12 11
37 11 10
37 10 8
37 8 7
37 10 9
38 17 16
38 16 11
38 11 9
38 9 8
38 8 7
38 7 0
38 7 6
38 6 1
38 6 5
38 5 2
38 5 4
38 4 3
38 11 10
38 16 15
38 15 12
38 15 14
38 14 13
39 14 13
39 13 6
39 6 5
39 5 4
39 4 3
39 3 2
39 2 0
39 2 1
39 13 12
39 12 11
39 11 7
39 11 10
39 10 9
39 9 8
40 15 14
40 14 11
40 11 10
40 10 5
40 5 4
40 4 0
40 4 3
40 3 1
40 3 2
40 10 9
40 9 6
40 9 8
40 8 7
40 14 13
40 13 12
41 17 16
41 16 15
41 15 14
41 14 12
41 12 11
41 11 10
41 10 3
41 3 0
41 3 2
41 2 1
41 10 9
41 9 8
41 8 5
41 5 4
41 8 7
41 7 6
41 14 13
42 19 6
42 6 4
42 4 2
42 2 1
42 1 0
42 4 3
42 6 5
42 19 18
42 18 16
42 16 7
42 16 15
42 15 14
42 14 13
42 13 12
42 12 8
42 12 11
42 11 10
42 10 9
42 18 17
43 14 13
43 13 12
43 12 3
43 3 0
43 3 2
43 2 1
43 12 11
43 11 8
43 8 6
43 6 4
43 6 5
43 8 7
43 11 10
43 10 9
44 15 12
44 12 7
44 7 3
44 3 0
44 3 2
44 2 1
44 7 6
44 6 5
44 5 4
44 12 11
44 11 8
44 11 10
44 10 9
44 15 14
44 14 13
45 17 4
45 4 2
45 2 1
45 1 0
45 4 3
45 17 16
45 16 15
45 15 14
45 14 5
45 14 13
45 13 11
45 11 6
45 11 10
45 10 9
45 9 8
45 8 7
45 13 12
46 18 17
46 17 0
46 17 16
46 16 15
46 15 1
46 15 14
46 14 11
46 11 4
46 4 2
46 4 3
46 11 10
46 10 8
46 8 7
46 7 5
46 7 6
46 10 9
46 14 13
46 13 12
47 15 4
47 4 0
47 4 3
47 3 1
47 3 2
47 15 14
47 14 13
47 13 7
47 7 6
47 6 5
47 13 12
47 12 8
47 12 11
47 11 9
47 11 10
48 14 13
48 13 12
48 12 9
48 9 8
48 8 7
48 7 5
48 5 2
48 2 0
48 2 1
48 5 4
48 4 3
48 7 6
48 12 11
48 11 10
49 15 12
49 12 10
49 10 3
49 3 1
49 1 0
49 3 2
49 10 9
49 9 7
49 7 6
49 6 4
49 6 5
49 9 8
49 12 11
49 15 14
49 14 13
50 15 5
50 5 4
50 4 3
50 3 2
50 2 0
50 2 1
50 15 14
50 14 13
50 13 12
50 12 7
50 7 6
50 12 11
50 11 10
50 10 9
50 9 8
51 15 14
51 14 13
51 13 6
51 6 0
51 6 5
51 5 4
51 4 1
51 4 3
51 3 2
51 13 12
51 12 7
51 12 11
51 11 9
51 9 8
51 11 10
52 17 16
52 16 11
52 11 10
52 10 0
52 10 9
52 9 2
52 2 1
52 9 8
52 8 7
52 7 6
52 6 5
52 5 4
52 4 3
52 16 15
52 15 14
52 14 12
52 14 13
53 16 14
53 14 13
53 13 5
53 5 3
53 3 1
53 1 0
53 3 2
53 5 4
53 13 12
53 12 8
53 8 6
53 8 7
53 12 11
53 11 10
53 10 9
53 16 15
54 16 0
54 16 15
54 15 14
54 14 4
54 4 3
54 3 2
54 2 1
54 14 13
54 13 12
54 12 8
54 8 7
54 7 5
54 7 6
54 12 11
54 11 9
54 11 10
55 16 15
55 15 14
55 14 13
55 13 11
55 11 3
55 3 0
55 3 2
55 2 1
55 11 10
55 10 6
55 6 5
55 5 4
55 10 9
55 9 7
55 9 8
55 13 12
56 18 0
56 18 17
56 17 8
56 8 7
56 7 6
56 6 3
56 3 2
56 2 1
56 6 5
56 5 4
56 17 16
56 16 14
56 14 13
56 13 12
56 12 11
56 11 9
56 11 10
56 16 15
57 17 2
57 2 1
57 1 0
57 17 16
57 16 3
57 16 15
57 15 5
57 5 4
57 15 14
57 14 6
57 14 13
57 13 12
57 12 7
57 12 11
57 11 10
57 10 9
57 9 8
58 18 16
58 16 15
58 15 14
58 14 9
58 9 0
58 9 8
58 8 7
58 7 6
58 6 5
58 5 4
58 4 3
58 3 1
58 3 2
58 14 13
58 13 12
58 12 11
58 11 10
58 18 17
59 17 16
59 16 14
59 14 7
59 7 6
59 6 0
59 6 5
59 5 1
59 5 4
59 4 2
59 4 3
59 14 13
59 13 9
59 9 8
59 13 12
59 12 11
59 11 10
59 16 15
60 18 16
60 16 14
60 14 13
60 13 12
60 12 1
60 1 0
60 12 11
60 11 8
60 8 3
60 3 2
60 8 7
60 7 4
60 7 6
60 6 5
60 11 10
60 10 9
60 16 15
60 18 17
61 15 13
61 13 12
61 12 11
61 11 10
61 10 9
61 9 8
61 8 7
61 7 6
61 6 0
61 6 5
61 5 3
61 3 2
61 2 1
61 5 4
61 15 14
62 15 14
62 14 13
62 13 6
62 6 0
62 6 5
62 5 1
62 5 4
62 4 2
62 4 3
62 13 12
62 12 10
62 10 9
62 9 7
62 9 8
62 12 11
63 15 14
63 14 13
63 13 12
63 12 0
63 12 11
63 11 8
63 8 1
63 8 7
63 7 5
63 5 2
63 5 4
63 4 3
63 7 6
63 11 10
63 10 9
64 15 6
64 6 0
64 6 5
64 5 2
64 2 1
64 5 4
64 4 3
64 15 14
64 14 7
64 14 13
64 13 8
64 13 12
64 12 9
64 12 11
64 11 10
65 16 14
65 14 13
65 13 0
65 13 12
65 12 11
65 11 10
65 10 9
65 9 4
65 4 2
65 2 1
65 4 3
65 9 8
65 8 5
65 8 7
65 7 6
65 16 15
66 17 14
66 14 10
66 10 9
66 9 7
66 7 0
66 7 6
66 6 5
66 5 3
66 3 2
66 2 1
66 5 4
66 9 8
66 14 13
66 13 12
66 12 11
66 17 16
66 16 15
67 16 14
67 14 13
67 13 12
67 12 11
67 11 9
67 9 0
67 9 8
67 8 2
67 2 1
67 8 7
67 7 3
67 7 6
67 6 5
67 5 4
67 11 10
67 16 15
68 15 14
68 14 13
68 13 12
68 12 10
68 10 1
68 1 0
68 10 9
68 9 6
68 6 5
68 5 2
68 5 4
68 4 3
68 9 8
68 8 7
68 12 11
69 17 15
69 15 14
69 14 1
69 1 0
69 14 13
69 13 12
69 12 11
69 11 2
69 11 10
69 10 9
69 9 4
69 4 3
69 9 8
69 8 7
69 7 6
69 6 5
69 17 16
70 18 1
70 1 0
70 18 17
70 17 16
70 16 15
70 15 12
70 12 11
70 11 10
70 10 8
70 8 2
70 8 7
70 7 6
70 6 4
70 4 3
70 6 5
70 10 9
70 15 14
70 14 13
71 19 16
71 16 15
71 15 13
71 13 6
71 6 2
71 2 0
71 2 1
71 6 5
71 5 4
71 4 3
71 13 12
71 12 11
71 11 10
71 10 9
71 9 7
71 9 8
71 15 14
71 19 18
71 18 17
72 15 3
72 3 2
72 2 1
72 1 0
72 15 14
72 14 12
72 12 11
72 11 10
72 10 5
72 5 4
72 10 9
72 9 6
72 9 8
72 8 7
72 14 13
73 14 12
73 12 6
73 6 0
73 6 5
73 5 1
73 5 4
73 4 3
73 3 2
73 12 11
73 11 10
73 10 8
73 8 7
73 10 9
73 14 13
74 19 17
74 17 0
74 17 16
74 16 15
74 15 3
74 3 2
74 2 1
74 15 14
74 14 12
74 12 5
74 5 4
74 12 11
74 11 10
74 10 9
74 9 8
74 8 6
74 8 7
74 14 13
74 19 18
75 18 17
75 17 3
75 3 2
75 2 1
75 1 0
75 17 16
75 16 13
75 13 12
75 12 10
75 10 6
75 6 4
75 6 5
75 10 9
75 9 8
75 8 7
75 12 11
75 16 15
75 15 14
76 19 18
76 18 0
76 18 17
76 17 4
76 4 3
76 3 1
76 3 2
76 17 16
76 16 14
76 14 6
76 6 5
76 14 13
76 13 12
76 12 10
76 10 9
76 9 8
76 8 7
76 12 11
76 16 15
77 15 14
77 14 13
77 13 12
77 12 11
77 11 10
77 10 2
77 2 0
77 2 1
77 10 9
77 9 4
77 4 3
77 9 8
77 8 7
77 7 5
77 7 6
78 15 14
78 14 12
78 12 0
78 12 11
78 11 1
78 11 10
78 10 9
78 9 5
78 5 4
78 4 3
78 3 2
78 9 8
78 8 7
78 7 6
78 14 13
79 19 17
79 17 2
79 2 0
79 2 1
79 17 16
79 16 11
79 11 10
79 10 3
79 10 9
79 9 4
79 9 8
79 8 6
79 6 5
79 8 7
79 16 15
79 15 12
79 15 14
79 14 13
79 19 18
80 19 10
80 10 9
80 9 8
80 8 0
80 8 7
80 7 6
80 6 4
80 4 2
80 2 1
80 4 3
80 6 5
80 19 18
80 18 17
80 17 16
80 16 15
80 15 14
80 14 12
80 12 11
80 14 13
81 14 11
81 11 9
81 9 7
81 7 6
81 6 4
81 4 3
81 3 2
81 2 0
81 2 1
81 6 5
81 9 8
81 11 10
81 14 13
81 13 12
82 15 5
82 5 3
82 3 1
82 1 0
82 3 2
82 5 4
82 15 14
82 14 13
82 13 6
82 13 12
82 12 11
82 11 7
82 11 10
82 10 8
82 10 9
83 18 17
83 17 16
83 16 13
83 13 12
83 12 7
83 7 1
83 1 0
83 7 6
83 6 2
83 6 5
83 5 3
83 5 4
83 12 11
83 11 10
83 10 8
83 10 9
83 16 15
83 15 14
84 19 17
84 17 16
84 16 0
84 16 15
84 15 13
84 13 3
84 3 2
84 2 1
84 13 12
84 12 11
84 11 8
84 8 5
84 5 4
84 8 7
84 7 6
84 11 10
84 10 9
84 15 14
84 19 18
85 19 18
85 18 0
85 18 17
85 17 7
85 7 5
85 5 3
85 3 2
85 2 1
85 5 4
85 7 6
85 17 16
85 16 15
85 15 14
85 14 13
85 13 10
85 10 9
85 9 8
85 13 12
85 12 11
86 17 16
86 16 8
86 8 7
86 7 6
86 6 4
86 4 2
86 2 0
86 2 1
86 4 3
86 6 5
86 16 15
86 15 14
86 14 12
86 12 11
86 11 9
86 11 10
86 14 13
87 15 0
87 15 14
87 14 1
87 14 13
87 13 2
87 13 12
87 12 11
87 11 3
87 11 10
87 10 6
87 6 5
87 5 4
87 10 9
87 9 8
87 8 7
88 19 0
88 19 18
88 18 13
88 13 12
88 12 11
88 11 7
88 7 6
88 6 5
88 5 4
88 4 3
88 3 1
88 3 2
88 11 10
88 10 9
88 9 8
88 18 17
88 17 16
88 16 14
88 16 15
89 17 16
89 16 14
89 14 13
89 13 4
89 4 3
89 3 0
89 3 2
89 2 1
89 13 12
89 12 6
89 6 5
89 12 11
89 11 9
89 9 8
89 8 7
89 11 10
89 16 15
90 16 14
90 14 12
90 12 9
90 9 0
90 9 8
90 8 6
90 6 5
90 5 4
90 4 3
90 3 2
90 2 1
90 8 7
90 12 11
90 11 10
90 14 13
90 16 15
91 18 17
91 17 1
91 1 0
91 17 16
91 16 15
91 15 2
91 15 14
91 14 13
91 13 11
91 11 9
91 9 3
91 9 8
91 8 7
91 7 6
91 6 4
91 6 5
91 11 10
91 13 12
92 16 15
92 15 14
92 14 13
92 13 12
92 12 2
92 2 0
92 2 1
92 12 11
92 11 10
92 10 8
92 8 7
92 7 6
92 6 4
92 4 3
92 6 5
92 10 9
93 18 1
93 1 0
93 18 17
93 17 15
93 15 14
93 14 3
93 3 2
93 14 13
93 13 4
93 13 12
93 12 10
93 10 9
93 9 8
93 8 6
93 6 5
93 8 7
93 12 11
93 17 16
94 15 14
94 14 12
94 12 11
94 11 2
94 2 1
94 1 0
94 11 10
94 10 5
94 5 3
94 5 4
94 10 9
94 9 6
94 9 8
94 8 7
94 14 13
95 15 13
95 13 0
95 13 12
95 12 11
95 11 10
95 10 7
95 7 6
95 6 1
95 6 5
95 5 3
95 3 2
95 5 4
95 10 9
95 9 8
95 15 14
96 19 10
96 10 0
96 10 9
96 9 8
96 8 7
96 7 6
96 6 5
96 5 4
96 4 3
96 3 1
96 3 2
96 19 18
96 18 16
96 16 11
96 16 15
96 15 14
96 14 12
96 14 13
96 18 17
97 18 15
97 15 4
97 4 3
97 3 2
97 2 0
97 2 1
97 15 14
97 14 12
97 12 10
97 10 9
97 9 8
97 8 7
97 7 5
97 7 6
97 12 11
97 14 13
97 18 17
97 17 16
98 16 9
98 9 7
98 7 0
98 7 6
98 6 2
98 2 1
98 6 5
98 5 3
98 5 4
98 9 8
98 16 15
98 15 14
98 14 12
98 12 11
98 11 10
98 14 13
99 19 18
99 18 1
99 1 0
99 18 17
99 17 16
99 16 3
99 3 2
99 16 15
99 15 14
99 14 12
99 12 11
99 11 9
99 9 5
99 5 4
99 9 8
99 8 7
99 7 6
99 11 10
99 14 13
100 19 6
100 6 5
100 5 4
100 4 0
100 4 3
100 3 2
100 2 1
100 19 18
100 18 17
100 17 7
100 17 16
100 16 9
100 9 8
100 16 15
100 15 10
100 15 14
100 14 13
100 13 12
100 12 11
101 14 0
101 14 13
101 13 11
101 11 10
101 10 7
101 7 5
101 5 2
101 2 1
101 5 4
101 4 3
101 7 6
101 10 9
101 9 8
101 13 12
