1 94 93
1 93 11
1 11 8
1 8 4
1 4 3
1 3 2
1 2 1
1 1 0
1 8 7
1 7 6
1 6 5
1 11 10
1 10 9
1 93 92
1 92 48
1 48 47
1 47 46
1 46 44
1 44 43
1 43 41
1 41 17
1 17 13
1 13 12
1 17 16
1 16 15
1 15 14
1 41 40
1 40 37
1 37 30
1 30 19
1 19 18
1 30 29
1 29 21
1 21 20
1 29 28
1 28 25
1 25 24
1 24 23
1 23 22
1 28 27
1 27 26
1 37 36
1 36 35
1 35 31
1 35 34
1 34 33
1 33 32
1 40 39
1 39 38
1 43 42
1 46 45
1 92 91
1 91 89
1 89 52
1 52 49
1 52 51
1 51 50
1 89 88
1 88 54
1 54 53
1 88 87
1 87 86
1 86 85
1 85 84
1 84 83
1 83 56
1 56 55
1 83 82
1 82 81
1 81 68
1 68 65
1 65 64
1 64 61
1 61 60
1 60 58
1 58 57
1 60 59
1 64 63
1 63 62
1 68 67
1 67 66
1 81 80
1 80 70
1 70 69
1 80 79
1 79 78
1 78 76
1 76 75
1 75 74
1 74 71
1 74 73
1 73 72
1 78 77
1 91 90
2 97 50
2 50 49
2 49 44
2 44 39
2 39 12
2 12 11
2 11 9
2 9 8
2 8 7
2 7 6
2 6 5
2 5 2
2 2 0
2 2 1
2 5 4
2 4 3
2 11 10
2 39 38
2 38 23
2 23 13
2 23 22
2 22 14
2 22 21
2 21 17
2 17 16
2 16 15
2 21 20
2 20 18
2 20 19
2 38 37
2 37 36
2 36 35
2 35 33
2 33 25
2 25 24
2 33 32
2 32 31
2 31 29
2 29 28
2 28 26
2 28 27
2 31 30
2 35 34
2 44 43
2 43 41
2 41 40
2 43 42
2 49 48
2 48 47
2 47 45
2 47 46
2 97 96
2 96 88
2 88 81
2 81 79
2 79 52
2 52 51
2 79 78
2 78 77
2 77 53
2 77 76
2 76 54
2 76 75
2 75 55
2 75 74
2 74 73
2 73 57
2 57 56
2 73 72
2 72 69
2 69 68
2 68 67
2 67 66
2 66 64
2 64 62
2 62 60
2 60 58
2 60 59
2 62 61
2 64 63
2 66 65
2 72 71
2 71 70
2 81 80
2 88 87
2 87 86
2 86 82
2 86 85
2 85 83
2 85 84
2 96 95
2 95 93
2 93 92
2 92 89
2 92 91
2 91 90
2 95 94
3 95 94
3 94 64
3 64 1
3 1 0
3 64 63
3 63 61
3 61 60
3 60 39
3 39 2
3 39 38
3 38 33
3 33 25
3 25 23
3 23 22
3 22 21
3 21 3
3 21 20
3 20 19
3 19 18
3 18 16
3 16 15
3 15 8
3 8 7
3 7 6
3 6 4
3 6 5
3 15 14
3 14 10
3 10 9
3 14 13
3 13 11
3 13 12
3 18 17
3 25 24
3 33 32
3 32 31
3 31 27
3 27 26
3 31 30
3 30 29
3 29 28
3 38 37
3 37 35
3 35 34
3 37 36
3 60 59
3 59 58
3 58 57
3 57 46
3 46 44
3 44 43
3 43 42
3 42 41
3 41 40
3 46 45
3 57 56
3 56 55
3 55 47
3 55 54
3 54 52
3 52 48
3 52 51
3 51 49
3 51 50
3 54 53
3 63 62
3 94 93
3 93 92
3 92 73
3 73 67
3 67 65
3 67 66
3 73 72
3 72 71
3 71 68
3 71 70
3 70 69
3 92 91
3 91 75
3 75 74
3 91 90
3 90 76
3 90 89
3 89 82
3 82 81
3 81 80
3 80 79
3 79 78
3 78 77
3 89 88
3 88 84
3 84 83
3 88 87
3 87 86
3 86 85
4 98 93
4 93 91
4 91 12
4 12 11
4 11 8
4 8 0
4 8 7
4 7 6
4 6 1
4 6 5
4 5 2
4 5 4
4 4 3
4 11 10
4 10 9
4 91 90
4 90 13
4 90 89
4 89 15
4 15 14
4 89 88
4 88 87
4 87 86
4 86 84
4 84 18
4 18 16
4 18 17
4 84 83
4 83 23
4 23 19
4 23 22
4 22 21
4 21 20
4 83 82
4 82 81
4 81 78
4 78 77
4 77 76
4 76 75
4 75 34
4 34 33
4 33 24
4 33 32
4 32 31
4 31 30
4 30 25
4 30 29
4 29 28
4 28 27
4 27 26
4 75 74
4 74 68
4 68 67
4 67 66
4 66 64
4 64 62
4 62 59
4 59 37
4 37 36
4 36 35
4 59 58
4 58 38
4 58 57
4 57 40
4 40 39
4 57 56
4 56 45
4 45 41
4 45 44
4 44 42
4 44 43
4 56 55
4 55 46
4 55 54
4 54 52
4 52 47
4 52 51
4 51 50
4 50 48
4 50 49
4 54 53
4 62 61
4 61 60
4 64 63
4 66 65
4 74 73
4 73 72
4 72 71
4 71 69
4 71 70
4 81 80
4 80 79
4 86 85
4 93 92
4 98 97
4 97 94
4 97 96
4 96 95
5 102 73
5 73 71
5 71 7
5 7 6
5 6 1
5 1 0
5 6 5
5 5 4
5 4 3
5 3 2
5 71 70
5 70 63
5 63 62
5 62 61
5 61 58
5 58 57
5 57 54
5 54 52
5 52 51
5 51 11
5 11 10
5 10 8
5 10 9
5 51 50
5 50 18
5 18 16
5 16 12
5 16 15
5 15 13
5 15 14
5 18 17
5 50 49
5 49 43
5 43 21
5 21 19
5 21 20
5 43 42
5 42 22
5 42 41
5 41 25
5 25 24
5 24 23
5 41 40
5 40 39
5 39 26
5 39 38
5 38 27
5 38 37
5 37 36
5 36 35
5 35 28
5 35 34
5 34 33
5 33 29
5 33 32
5 32 31
5 31 30
5 49 48
5 48 46
5 46 45
5 45 44
5 48 47
5 54 53
5 57 56
5 56 55
5 61 60
5 60 59
5 70 69
5 69 67
5 67 66
5 66 64
5 66 65
5 69 68
5 73 72
5 102 101
5 101 87
5 87 86
5 86 85
5 85 84
5 84 81
5 81 79
5 79 74
5 79 78
5 78 77
5 77 76
5 76 75
5 81 80
5 84 83
5 83 82
5 101 100
5 100 90
5 90 88
5 90 89
5 100 99
5 99 91
5 99 98
5 98 96
5 96 92
5 96 95
5 95 93
5 95 94
5 98 97
6 101 97
6 97 1
6 1 0
6 97 96
6 96 95
6 95 94
6 94 93
6 93 91
6 91 4
6 4 3
6 3 2
6 91 90
6 90 76
6 76 5
6 76 75
6 75 67
6 67 65
6 65 6
6 65 64
6 64 7
6 64 63
6 63 62
6 62 60
6 60 59
6 59 55
6 55 12
6 12 9
6 9 8
6 12 11
6 11 10
6 55 54
6 54 50
6 50 49
6 49 35
6 35 13
6 35 34
6 34 33
6 33 14
6 33 32
6 32 17
6 17 15
6 17 16
6 32 31
6 31 30
6 30 28
6 28 26
6 26 25
6 25 24
6 24 22
6 22 21
6 21 18
6 21 20
6 20 19
6 24 23
6 28 27
6 30 29
6 49 48
6 48 39
6 39 37
6 37 36
6 39 38
6 48 47
6 47 46
6 46 40
6 46 45
6 45 44
6 44 43
6 43 41
6 43 42
6 54 53
6 53 52
6 52 51
6 59 58
6 58 56
6 58 57
6 62 61
6 67 66
6 75 74
6 74 73
6 73 70
6 70 68
6 70 69
6 73 72
6 72 71
6 90 89
6 89 80
6 80 79
6 79 78
6 78 77
6 89 88
6 88 86
6 86 85
6 85 84
6 84 83
6 83 81
6 83 82
6 88 87
6 93 92
6 101 100
6 100 99
6 99 98
7 96 0
7 96 95
7 95 78
7 78 76
7 76 75
7 75 11
7 11 10
7 10 9
7 9 5
7 5 4
7 4 2
7 2 1
7 4 3
7 9 8
7 8 7
7 7 6
7 75 74
7 74 72
7 72 40
7 40 12
7 40 39
7 39 38
7 38 13
7 38 37
7 37 32
7 32 14
7 32 31
7 31 28
7 28 15
7 28 27
7 27 26
7 26 25
7 25 16
7 25 24
7 24 23
7 23 17
7 23 22
7 22 21
7 21 18
7 21 20
7 20 19
7 31 30
7 30 29
7 37 36
7 36 35
7 35 33
7 35 34
7 72 71
7 71 63
7 63 62
7 62 60
7 60 57
7 57 53
7 53 43
7 43 42
7 42 41
7 53 52
7 52 50
7 50 49
7 49 48
7 48 44
7 48 47
7 47 45
7 47 46
7 52 51
7 57 56
7 56 54
7 56 55
7 60 59
7 59 58
7 62 61
7 71 70
7 70 65
7 65 64
7 70 69
7 69 68
7 68 66
7 68 67
7 74 73
7 78 77
7 95 94
7 94 93
7 93 90
7 90 88
7 88 87
7 87 82
7 82 81
7 81 80
7 80 79
7 87 86
7 86 84
7 84 83
7 86 85
7 90 89
7 93 92
7 92 91
8 108 106
8 106 89
8 89 88
8 88 87
8 87 84
8 84 20
8 20 0
8 20 19
8 19 18
8 18 13
8 13 12
8 12 9
8 9 6
8 6 4
8 4 1
8 4 3
8 3 2
8 6 5
8 9 8
8 8 7
8 12 11
8 11 10
8 18 17
8 17 16
8 16 14
8 16 15
8 84 83
8 83 68
8 68 26
8 26 24
8 24 23
8 23 21
8 23 22
8 26 25
8 68 67
8 67 43
8 43 31
8 31 29
8 29 28
8 28 27
8 31 30
8 43 42
8 42 40
8 40 32
8 40 39
8 39 37
8 37 35
8 35 33
8 35 34
8 37 36
8 39 38
8 42 41
8 67 66
8 66 65
8 65 64
8 64 46
8 46 44
8 46 45
8 64 63
8 63 47
8 63 62
8 62 54
8 54 49
8 49 48
8 54 53
8 53 52
8 52 51
8 51 50
8 62 61
8 61 57
8 57 56
8 56 55
8 61 60
8 60 59
8 59 58
8 83 82
8 82 75
8 75 69
8 75 74
8 74 70
8 74 73
8 73 72
8 72 71
8 82 81
8 81 79
8 79 76
8 79 78
8 78 77
8 81 80
8 87 86
8 86 85
8 106 105
8 105 104
8 104 103
8 103 102
8 102 100
8 100 90
8 100 99
8 99 92
8 92 91
8 99 98
8 98 93
8 98 97
8 97 96
8 96 94
8 96 95
8 102 101
8 108 107
9 101 100
9 100 0
9 100 99
9 99 1
9 99 98
9 98 97
9 97 92
9 92 91
9 91 2
9 91 90
9 90 89
9 89 8
9 8 7
9 7 6
9 6 5
9 5 4
9 4 3
9 89 88
9 88 87
9 87 86
9 86 84
9 84 9
9 84 83
9 83 82
9 82 81
9 81 77
9 77 76
9 76 72
9 72 16
9 16 14
9 14 13
9 13 12
9 12 10
9 12 11
9 16 15
9 72 71
9 71 64
9 64 17
9 64 63
9 63 61
9 61 32
9 32 20
9 20 18
9 20 19
9 32 31
9 31 30
9 30 28
9 28 26
9 26 21
9 26 25
9 25 24
9 24 23
9 23 22
9 28 27
9 30 29
9 61 60
9 60 42
9 42 41
9 41 40
9 40 39
9 39 36
9 36 34
9 34 33
9 36 35
9 39 38
9 38 37
9 60 59
9 59 58
9 58 46
9 46 45
9 45 44
9 44 43
9 58 57
9 57 54
9 54 53
9 53 51
9 51 47
9 51 50
9 50 48
9 50 49
9 53 52
9 57 56
9 56 55
9 63 62
9 71 70
9 70 69
9 69 65
9 69 68
9 68 66
9 68 67
9 76 75
9 75 74
9 74 73
9 81 80
9 80 78
9 80 79
9 86 85
9 97 96
9 96 94
9 94 93
9 96 95
10 97 15
10 15 13
10 13 0
10 13 12
10 12 11
10 11 1
10 11 10
10 10 6
10 6 4
10 4 3
10 3 2
10 6 5
10 10 9
10 9 8
10 8 7
10 15 14
10 97 96
10 96 94
10 94 93
10 93 91
10 91 90
10 90 87
10 87 71
10 71 16
10 71 70
10 70 65
10 65 63
10 63 30
10 30 26
10 26 18
10 18 17
10 26 25
10 25 21
10 21 20
10 20 19
10 25 24
10 24 22
10 24 23
10 30 29
10 29 27
10 29 28
10 63 62
10 62 61
10 61 31
10 61 60
10 60 32
10 60 59
10 59 33
10 59 58
10 58 34
10 58 57
10 57 56
10 56 55
10 55 35
10 55 54
10 54 47
10 47 45
10 45 36
10 45 44
10 44 43
10 43 37
10 43 42
10 42 41
10 41 40
10 40 38
10 40 39
10 47 46
10 54 53
10 53 48
10 53 52
10 52 51
10 51 49
10 51 50
10 65 64
10 70 69
10 69 68
10 68 66
10 68 67
10 87 86
10 86 74
10 74 73
10 73 72
10 86 85
10 85 80
10 80 79
10 79 77
10 77 75
10 77 76
10 79 78
10 85 84
10 84 83
10 83 81
10 83 82
10 90 89
10 89 88
10 93 92
10 96 95
11 98 95
11 95 94
11 94 93
11 93 65
11 65 4
11 4 2
11 2 1
11 1 0
11 4 3
11 65 64
11 64 61
11 61 58
11 58 57
11 57 56
11 56 32
11 32 29
11 29 28
11 28 27
11 27 25
11 25 24
11 24 8
11 8 5
11 8 7
11 7 6
11 24 23
11 23 22
11 22 11
11 11 10
11 10 9
11 22 21
11 21 18
11 18 17
11 17 16
11 16 15
11 15 12
11 15 14
11 14 13
11 21 20
11 20 19
11 27 26
11 32 31
11 31 30
11 56 55
11 55 53
11 53 50
11 50 33
11 50 49
11 49 48
11 48 46
11 46 45
11 45 34
11 45 44
11 44 40
11 40 39
11 39 38
11 38 37
11 37 35
11 37 36
11 44 43
11 43 42
11 42 41
11 48 47
11 53 52
11 52 51
11 55 54
11 61 60
11 60 59
11 64 63
11 63 62
11 93 92
11 92 66
11 92 91
11 91 87
11 87 86
11 86 85
11 85 83
11 83 74
11 74 67
11 74 73
11 73 68
11 73 72
11 72 71
11 71 69
11 71 70
11 83 82
11 82 81
11 81 77
11 77 76
11 76 75
11 81 80
11 80 79
11 79 78
11 85 84
11 91 90
11 90 88
11 90 89
11 98 97
11 97 96
12 102 92
12 92 91
12 91 88
12 88 84
12 84 83
12 83 2
12 2 0
12 2 1
12 83 82
12 82 81
12 81 80
12 80 79
12 79 78
12 78 76
12 76 70
12 70 69
12 69 68
12 68 32
12 32 17
12 17 15
12 15 13
12 13 12
12 12 11
12 11 10
12 10 8
12 8 7
12 7 6
12 6 3
12 6 5
12 5 4
12 10 9
12 15 14
12 17 16
12 32 31
12 31 21
12 21 19
12 19 18
12 21 20
12 31 30
12 30 28
12 28 22
12 28 27
12 27 25
12 25 23
12 25 24
12 27 26
12 30 29
12 68 67
12 67 33
12 67 66
12 66 65
12 65 63
12 63 54
12 54 34
12 54 53
12 53 52
12 52 46
12 46 35
12 46 45
12 45 44
12 44 42
12 42 37
12 37 36
12 42 41
12 41 40
12 40 39
12 39 38
12 44 43
12 52 51
12 51 47
12 51 50
12 50 48
12 50 49
12 63 62
12 62 61
12 61 60
12 60 58
12 58 57
12 57 56
12 56 55
12 60 59
12 65 64
12 76 75
12 75 72
12 72 71
12 75 74
12 74 73
12 78 77
12 88 87
12 87 86
12 86 85
12 91 90
12 90 89
12 102 101
12 101 93
12 101 100
12 100 96
12 96 94
12 96 95
12 100 99
12 99 98
12 98 97
13 106 103
13 103 102
13 102 100
13 100 92
13 92 79
13 79 78
13 78 60
13 60 58
13 58 57
13 57 55
13 55 49
13 49 45
13 45 1
13 1 0
13 45 44
13 44 43
13 43 36
13 36 4
13 4 3
13 3 2
13 36 35
13 35 34
13 34 5
13 34 33
13 33 31
13 31 20
13 20 6
13 20 19
13 19 17
13 17 10
13 10 8
13 8 7
13 10 9
13 17 16
13 16 11
13 16 15
13 15 14
13 14 13
13 13 12
13 19 18
13 31 30
13 30 27
13 27 24
13 24 22
13 22 21
13 24 23
13 27 26
13 26 25
13 30 29
13 29 28
13 33 32
13 43 42
13 42 41
13 41 40
13 40 37
13 40 39
13 39 38
13 49 48
13 48 46
13 48 47
13 55 54
13 54 50
13 54 53
13 53 51
13 53 52
13 57 56
13 60 59
13 78 77
13 77 73
13 73 67
13 67 61
13 67 66
13 66 65
13 65 63
13 63 62
13 65 64
13 73 72
13 72 71
13 71 68
13 71 70
13 70 69
13 77 76
13 76 74
13 76 75
13 92 91
13 91 90
13 90 88
13 88 85
13 85 83
13 83 81
13 81 80
13 83 82
13 85 84
13 88 87
13 87 86
13 90 89
13 100 99
13 99 94
13 94 93
13 99 98
13 98 97
13 97 95
13 97 96
13 102 101
13 106 105
13 105 104
14 106 105
14 105 104
14 104 102
14 102 0
14 102 101
14 101 100
14 100 8
14 8 7
14 7 6
14 6 1
14 6 5
14 5 3
14 3 2
14 5 4
14 100 99
14 99 92
14 92 91
14 91 75
14 75 10
14 10 9
14 75 74
14 74 70
14 70 68
14 68 14
14 14 11
14 14 13
14 13 12
14 68 67
14 67 66
14 66 65
14 65 16
14 16 15
14 65 64
14 64 17
14 64 63
14 63 18
14 63 62
14 62 61
14 61 60
14 60 59
14 59 51
14 51 50
14 50 49
14 49 48
14 48 47
14 47 46
14 46 45
14 45 44
14 44 43
14 43 42
14 42 20
14 20 19
14 42 41
14 41 23
14 23 21
14 23 22
14 41 40
14 40 38
14 38 30
14 30 29
14 29 28
14 28 27
14 27 24
14 27 26
14 26 25
14 38 37
14 37 36
14 36 35
14 35 34
14 34 33
14 33 31
14 33 32
14 40 39
14 59 58
14 58 53
14 53 52
14 58 57
14 57 56
14 56 54
14 56 55
14 70 69
14 74 73
14 73 71
14 73 72
14 91 90
14 90 88
14 88 87
14 87 86
14 86 85
14 85 76
14 85 84
14 84 77
14 84 83
14 83 80
14 80 79
14 79 78
14 83 82
14 82 81
14 90 89
14 99 98
14 98 97
14 97 96
14 96 95
14 95 94
14 94 93
14 104 103
15 95 94
15 94 93
15 93 89
15 89 0
15 89 88
15 88 87
15 87 86
15 86 7
15 7 6
15 6 5
15 5 3
15 3 1
15 3 2
15 5 4
15 86 85
15 85 47
15 47 46
15 46 42
15 42 32
15 32 31
15 31 23
15 23 8
15 23 22
15 22 21
15 21 20
15 20 9
15 20 19
15 19 16
15 16 15
15 15 14
15 14 10
15 14 13
15 13 11
15 13 12
15 19 18
15 18 17
15 31 30
15 30 24
15 30 29
15 29 28
15 28 25
15 28 27
15 27 26
15 42 41
15 41 39
15 39 38
15 38 36
15 36 34
15 34 33
15 36 35
15 38 37
15 41 40
15 46 45
15 45 43
15 45 44
15 85 84
15 84 74
15 74 73
15 73 72
15 72 52
15 52 51
15 51 49
15 49 48
15 51 50
15 72 71
15 71 59
15 59 53
15 59 58
15 58 56
15 56 54
15 56 55
15 58 57
15 71 70
15 70 61
15 61 60
15 70 69
15 69 68
15 68 62
15 68 67
15 67 66
15 66 64
15 64 63
15 66 65
15 84 83
15 83 77
15 77 76
15 76 75
15 83 82
15 82 79
15 79 78
15 82 81
15 81 80
15 93 92
15 92 90
15 92 91
16 100 98
16 98 0
16 98 97
16 97 1
16 97 96
16 96 95
16 95 38
16 38 4
16 4 3
16 3 2
16 38 37
16 37 33
16 33 32
16 32 25
16 25 22
16 22 20
16 20 19
16 19 5
16 19 18
16 18 13
16 13 10
16 10 8
16 8 7
16 7 6
16 10 9
16 13 12
16 12 11
16 18 17
16 17 16
16 16 15
16 15 14
16 22 21
16 25 24
16 24 23
16 32 31
16 31 28
16 28 27
16 27 26
16 31 30
16 30 29
16 37 36
16 36 35
16 35 34
16 95 94
16 94 47
16 47 46
16 46 39
16 46 45
16 45 43
16 43 41
16 41 40
16 43 42
16 45 44
16 94 93
16 93 92
16 92 88
16 88 79
16 79 78
16 78 75
16 75 73
16 73 72
16 72 51
16 51 50
16 50 49
16 49 48
16 72 71
16 71 52
16 71 70
16 70 59
16 59 57
16 57 56
16 56 53
16 56 55
16 55 54
16 59 58
16 70 69
16 69 68
16 68 65
16 65 64
16 64 60
16 64 63
16 63 61
16 63 62
16 68 67
16 67 66
16 75 74
16 78 77
16 77 76
16 88 87
16 87 86
16 86 84
16 84 83
16 83 81
16 81 80
16 83 82
16 86 85
16 92 91
16 91 89
16 91 90
16 100 99
17 95 56
17 56 55
17 55 40
17 40 38
17 38 0
17 38 37
17 37 36
17 36 35
17 35 28
17 28 27
17 27 21
17 21 4
17 4 3
17 3 2
17 2 1
17 21 20
17 20 5
17 20 19
17 19 18
17 18 7
17 7 6
17 18 17
17 17 16
17 16 15
17 15 9
17 9 8
17 15 14
17 14 13
17 13 12
17 12 10
17 12 11
17 27 26
17 26 24
17 24 23
17 23 22
17 26 25
17 35 34
17 34 33
17 33 32
17 32 30
17 30 29
17 32 31
17 40 39
17 55 54
17 54 52
17 52 41
17 52 51
17 51 45
17 45 44
17 44 42
17 44 43
17 51 50
17 50 49
17 49 46
17 49 48
17 48 47
17 54 53
17 95 94
17 94 86
17 86 85
17 85 84
17 84 83
17 83 57
17 83 82
17 82 77
17 77 71
17 71 61
17 61 58
17 61 60
17 60 59
17 71 70
17 70 62
17 70 69
17 69 68
17 68 67
17 67 66
17 66 63
17 66 65
17 65 64
17 77 76
17 76 75
17 75 74
17 74 73
17 73 72
17 82 81
17 81 80
17 80 78
17 80 79
17 94 93
17 93 87
17 93 92
17 92 91
17 91 90
17 90 88
17 90 89
18 106 101
18 101 0
18 101 100
18 100 99
18 99 98
18 98 1
18 98 97
18 97 2
18 97 96
18 96 12
18 12 11
18 11 8
18 8 7
18 7 6
18 6 4
18 4 3
18 6 5
18 11 10
18 10 9
18 96 95
18 95 31
18 31 29
18 29 13
18 29 28
18 28 27
18 27 26
18 26 25
18 25 15
18 15 14
18 25 24
18 24 22
18 22 19
18 19 18
18 18 16
18 18 17
18 22 21
18 21 20
18 24 23
18 31 30
18 95 94
18 94 93
18 93 32
18 93 92
18 92 34
18 34 33
18 92 91
18 91 63
18 63 62
18 62 35
18 62 61
18 61 37
18 37 36
18 61 60
18 60 38
18 60 59
18 59 44
18 44 42
18 42 41
18 41 40
18 40 39
18 44 43
18 59 58
18 58 57
18 57 56
18 56 50
18 50 45
18 50 49
18 49 48
18 48 46
18 48 47
18 56 55
18 55 54
18 54 52
18 52 51
18 54 53
18 91 90
18 90 64
18 90 89
18 89 65
18 89 88
18 88 68
18 68 66
18 68 67
18 88 87
18 87 86
18 86 85
18 85 77
18 77 75
18 75 69
18 75 74
18 74 73
18 73 70
18 73 72
18 72 71
18 77 76
18 85 84
18 84 83
18 83 82
18 82 81
18 81 78
18 81 80
18 80 79
18 106 105
18 105 103
18 103 102
18 105 104
19 99 98
19 98 2
19 2 1
19 1 0
19 98 97
19 97 43
19 43 42
19 42 40
19 40 35
19 35 34
19 34 29
19 29 7
19 7 5
19 5 3
19 5 4
19 7 6
19 29 28
19 28 27
19 27 9
19 9 8
19 27 26
19 26 25
19 25 14
19 14 12
19 12 10
19 12 11
19 14 13
19 25 24
19 24 17
19 17 16
19 16 15
19 24 23
19 23 22
19 22 21
19 21 18
19 21 20
19 20 19
19 34 33
19 33 30
19 33 32
19 32 31
19 40 39
19 39 37
19 37 36
19 39 38
19 42 41
19 97 96
19 96 92
19 92 89
19 89 45
19 45 44
19 89 88
19 88 69
19 69 67
19 67 66
19 66 63
19 63 56
19 56 55
19 55 47
19 47 46
19 55 54
19 54 48
19 54 53
19 53 52
19 52 49
19 52 51
19 51 50
19 63 62
19 62 61
19 61 59
19 59 58
19 58 57
19 61 60
19 66 65
19 65 64
19 69 68
19 88 87
19 87 72
19 72 70
19 72 71
19 87 86
19 86 85
19 85 80
19 80 73
19 80 79
19 79 74
19 79 78
19 78 77
19 77 75
19 77 76
19 85 84
19 84 82
19 82 81
19 84 83
19 92 91
19 91 90
19 96 95
19 95 94
19 94 93
20 96 1
20 1 0
20 96 95
20 95 39
20 39 4
20 4 2
20 4 3
20 39 38
20 38 37
20 37 36
20 36 35
20 35 34
20 34 29
20 29 5
20 29 28
20 28 14
20 14 13
20 13 12
20 12 11
20 11 6
20 11 10
20 10 9
20 9 8
20 8 7
20 28 27
20 27 15
20 27 26
20 26 25
20 25 22
20 22 21
20 21 20
20 20 18
20 18 16
20 18 17
20 20 19
20 25 24
20 24 23
20 34 33
20 33 30
20 33 32
20 32 31
20 95 94
20 94 40
20 94 93
20 93 42
20 42 41
20 93 92
20 92 90
20 90 81
20 81 80
20 80 78
20 78 47
20 47 43
20 47 46
20 46 45
20 45 44
20 78 77
20 77 76
20 76 64
20 64 62
20 62 61
20 61 49
20 49 48
20 61 60
20 60 55
20 55 54
20 54 53
20 53 52
20 52 50
20 52 51
20 60 59
20 59 57
20 57 56
20 59 58
20 64 63
20 76 75
20 75 74
20 74 73
20 73 65
20 73 72
20 72 71
20 71 66
20 71 70
20 70 69
20 69 67
20 69 68
20 80 79
20 90 89
20 89 82
20 89 88
20 88 85
20 85 83
20 85 84
20 88 87
20 87 86
20 92 91
21 108 100
21 100 2
21 2 0
21 2 1
21 100 99
21 99 98
21 98 3
21 98 97
21 97 96
21 96 94
21 94 7
21 7 6
21 6 5
21 5 4
21 94 93
21 93 91
21 91 16
21 16 14
21 14 13
21 13 12
21 12 8
21 12 11
21 11 9
21 11 10
21 16 15
21 91 90
21 90 83
21 83 26
21 26 24
21 24 22
21 22 17
21 22 21
21 21 19
21 19 18
21 21 20
21 24 23
21 26 25
21 83 82
21 82 81
21 81 80
21 80 79
21 79 33
21 33 27
21 33 32
21 32 29
21 29 28
21 32 31
21 31 30
21 79 78
21 78 77
21 77 72
21 72 70
21 70 34
21 70 69
21 69 35
21 69 68
21 68 56
21 56 49
21 49 38
21 38 36
21 38 37
21 49 48
21 48 46
21 46 45
21 45 44
21 44 42
21 42 41
21 41 40
21 40 39
21 44 43
21 48 47
21 56 55
21 55 54
21 54 51
21 51 50
21 54 53
21 53 52
21 68 67
21 67 66
21 66 63
21 63 62
21 62 61
21 61 60
21 60 59
21 59 58
21 58 57
21 66 65
21 65 64
21 72 71
21 77 76
21 76 75
21 75 74
21 74 73
21 90 89
21 89 88
21 88 87
21 87 84
21 87 86
21 86 85
21 93 92
21 96 95
21 108 107
21 107 106
21 106 103
21 103 101
21 103 102
21 106 105
21 105 104
22 98 3
22 3 2
22 2 1
22 1 0
22 98 97
22 97 12
22 12 10
22 10 9
22 9 4
22 9 8
22 8 6
22 6 5
22 8 7
22 12 11
22 97 96
22 96 95
22 95 13
22 95 94
22 94 81
22 81 16
22 16 15
22 15 14
22 81 80
22 80 77
22 77 25
22 25 24
22 24 22
22 22 17
22 22 21
22 21 20
22 20 18
22 20 19
22 24 23
22 77 76
22 76 74
22 74 34
22 34 33
22 33 26
22 33 32
22 32 31
22 31 30
22 30 29
22 29 27
22 29 28
22 74 73
22 73 61
22 61 55
22 55 53
22 53 52
22 52 35
22 52 51
22 51 50
22 50 48
22 48 36
22 48 47
22 47 37
22 47 46
22 46 40
22 40 39
22 39 38
22 46 45
22 45 41
22 45 44
22 44 43
22 43 42
22 50 49
22 55 54
22 61 60
22 60 56
22 60 59
22 59 58
22 58 57
22 73 72
22 72 71
22 71 62
22 71 70
22 70 65
22 65 63
22 65 64
22 70 69
22 69 67
22 67 66
22 69 68
22 76 75
22 80 79
22 79 78
22 94 93
22 93 91
22 91 90
22 90 82
22 90 89
22 89 88
22 88 87
22 87 85
22 85 83
22 85 84
22 87 86
22 93 92
23 109 1
23 1 0
23 109 108
23 108 2
23 108 107
23 107 106
23 106 105
23 105 104
23 104 102
23 102 101
23 101 3
23 101 100
23 100 99
23 99 98
23 98 97
23 97 96
23 96 6
23 6 4
23 6 5
23 96 95
23 95 93
23 93 7
23 93 92
23 92 72
23 72 8
23 72 71
23 71 22
23 22 21
23 21 19
23 19 18
23 18 16
23 16 15
23 15 9
23 15 14
23 14 13
23 13 12
23 12 10
23 12 11
23 18 17
23 21 20
23 71 70
23 70 59
23 59 58
23 58 46
23 46 45
23 45 25
23 25 23
23 25 24
23 45 44
23 44 32
23 32 31
23 31 29
23 29 26
23 29 28
23 28 27
23 31 30
23 44 43
23 43 42
23 42 40
23 40 37
23 37 35
23 35 34
23 34 33
23 37 36
23 40 39
23 39 38
23 42 41
23 58 57
23 57 56
23 56 53
23 53 52
23 52 50
23 50 48
23 48 47
23 50 49
23 52 51
23 56 55
23 55 54
23 70 69
23 69 60
23 69 68
23 68 66
23 66 61
23 66 65
23 65 64
23 64 63
23 63 62
23 68 67
23 92 91
23 91 89
23 89 77
23 77 73
23 77 76
23 76 74
23 76 75
23 89 88
23 88 86
23 86 81
23 81 80
23 80 79
23 79 78
23 86 85
23 85 84
23 84 82
23 84 83
23 88 87
23 91 90
23 95 94
23 104 103
24 97 95
24 95 94
24 94 93
24 93 91
24 91 43
24 43 39
24 39 38
24 38 37
24 37 0
24 37 36
24 36 2
24 2 1
24 36 35
24 35 6
24 6 4
24 4 3
24 6 5
24 35 34
24 34 7
24 34 33
24 33 12
24 12 9
24 9 8
24 12 11
24 11 10
24 33 32
24 32 31
24 31 30
24 30 14
24 14 13
24 30 29
24 29 17
24 17 15
24 17 16
24 29 28
24 28 26
24 26 24
24 24 20
24 20 19
24 19 18
24 24 23
24 23 21
24 23 22
24 26 25
24 28 27
24 43 42
24 42 41
24 41 40
24 91 90
24 90 89
24 89 88
24 88 87
24 87 47
24 47 46
24 46 45
24 45 44
24 87 86
24 86 85
24 85 84
24 84 53
24 53 48
24 53 52
24 52 49
24 52 51
24 51 50
24 84 83
24 83 78
24 78 77
24 77 55
24 55 54
24 77 76
24 76 73
24 73 56
24 73 72
24 72 70
24 70 63
24 63 60
24 60 58
24 58 57
24 60 59
24 63 62
24 62 61
24 70 69
24 69 65
24 65 64
24 69 68
24 68 67
24 67 66
24 72 71
24 76 75
24 75 74
24 83 82
24 82 80
24 80 79
24 82 81
24 93 92
24 97 96
25 107 1
25 1 0
25 107 106
25 106 22
25 22 6
25 6 2
25 6 5
25 5 3
25 5 4
25 22 21
25 21 7
25 21 20
25 20 13
25 13 12
25 12 11
25 11 10
25 10 8
25 10 9
25 20 19
25 19 16
25 16 15
25 15 14
25 19 18
25 18 17
25 106 105
25 105 30
25 30 29
25 29 28
25 28 27
25 27 23
25 27 26
25 26 25
25 25 24
25 105 104
25 104 52
25 52 37
25 37 32
25 32 31
25 37 36
25 36 35
25 35 34
25 34 33
25 52 51
25 51 39
25 39 38
25 51 50
25 50 47
25 47 40
25 47 46
25 46 44
25 44 41
25 44 43
25 43 42
25 46 45
25 50 49
25 49 48
25 104 103
25 103 93
25 93 92
25 92 55
25 55 54
25 54 53
25 92 91
25 91 57
25 57 56
25 91 90
25 90 58
25 90 89
25 89 76
25 76 73
25 73 62
25 62 61
25 61 60
25 60 59
25 73 72
25 72 70
25 70 69
25 69 65
25 65 63
25 65 64
25 69 68
25 68 67
25 67 66
25 72 71
25 76 75
25 75 74
25 89 88
25 88 87
25 87 83
25 83 82
25 82 81
25 81 79
25 79 77
25 79 78
25 81 80
25 87 86
25 86 84
25 86 85
25 103 102
25 102 100
25 100 97
25 97 94
25 97 96
25 96 95
25 100 99
25 99 98
25 102 101
26 98 97
26 97 14
26 14 0
26 14 13
26 13 2
26 2 1
26 13 12
26 12 11
26 11 3
26 11 10
26 10 4
26 10 9
26 9 7
26 7 6
26 6 5
26 9 8
26 97 96
26 96 95
26 95 94
26 94 15
26 94 93
26 93 16
26 93 92
26 92 91
26 91 88
26 88 87
26 87 28
26 28 27
26 27 18
26 18 17
26 27 26
26 26 20
26 20 19
26 26 25
26 25 23
26 23 21
26 23 22
26 25 24
26 87 86
26 86 74
26 74 29
26 74 73
26 73 30
26 73 72
26 72 71
26 71 32
26 32 31
26 71 70
26 70 69
26 69 68
26 68 67
26 67 49
26 49 34
26 34 33
26 49 48
26 48 47
26 47 45
26 45 38
26 38 37
26 37 35
26 37 36
26 45 44
26 44 42
26 42 40
26 40 39
26 42 41
26 44 43
26 47 46
26 67 66
26 66 65
26 65 63
26 63 62
26 62 61
26 61 51
26 51 50
26 61 60
26 60 58
26 58 57
26 57 56
26 56 54
26 54 53
26 53 52
26 56 55
26 60 59
26 65 64
26 86 85
26 85 83
26 83 81
26 81 80
26 80 75
26 80 79
26 79 77
26 77 76
26 79 78
26 83 82
26 85 84
26 91 90
26 90 89
27 95 30
27 30 0
27 30 29
27 29 27
27 27 6
27 6 1
27 6 5
27 5 4
27 4 2
27 4 3
27 27 26
27 26 21
27 21 9
27 9 8
27 8 7
27 21 20
27 20 19
27 19 15
27 15 14
27 14 10
27 14 13
27 13 12
27 12 11
27 19 18
27 18 17
27 17 16
27 26 25
27 25 23
27 23 22
27 25 24
27 29 28
27 95 94
27 94 31
27 94 93
27 93 92
27 92 33
27 33 32
27 92 91
27 91 87
27 87 85
27 85 84
27 84 73
27 73 43
27 43 35
27 35 34
27 43 42
27 42 40
27 40 37
27 37 36
27 40 39
27 39 38
27 42 41
27 73 72
27 72 70
27 70 45
27 45 44
27 70 69
27 69 51
27 51 50
27 50 49
27 49 48
27 48 46
27 48 47
27 69 68
27 68 67
27 67 66
27 66 64
27 64 63
27 63 59
27 59 53
27 53 52
27 59 58
27 58 57
27 57 54
27 57 56
27 56 55
27 63 62
27 62 61
27 61 60
27 66 65
27 72 71
27 84 83
27 83 82
27 82 77
27 77 76
27 76 75
27 75 74
27 82 81
27 81 78
27 81 80
27 80 79
27 87 86
27 91 90
27 90 88
27 90 89
28 100 92
28 92 89
28 89 88
28 88 0
28 88 87
28 87 86
28 86 84
28 84 83
28 83 82
28 82 74
28 74 69
28 69 68
28 68 1
28 68 67
28 67 22
28 22 21
28 21 5
28 5 3
28 3 2
28 5 4
28 21 20
28 20 19
28 19 15
28 15 10
28 10 7
28 7 6
28 10 9
28 9 8
28 15 14
28 14 12
28 12 11
28 14 13
28 19 18
28 18 17
28 17 16
28 67 66
28 66 54
28 54 26
28 26 23
28 26 25
28 25 24
28 54 53
28 53 52
28 52 42
28 42 39
28 39 27
28 39 38
28 38 35
28 35 30
28 30 28
28 30 29
28 35 34
28 34 33
28 33 32
28 32 31
28 38 37
28 37 36
28 42 41
28 41 40
28 52 51
28 51 49
28 49 45
28 45 43
28 45 44
28 49 48
28 48 46
28 48 47
28 51 50
28 66 65
28 65 61
28 61 55
28 61 60
28 60 59
28 59 58
28 58 57
28 57 56
28 65 64
28 64 62
28 64 63
28 74 73
28 73 72
28 72 70
28 72 71
28 82 81
28 81 79
28 79 75
28 79 78
28 78 77
28 77 76
28 81 80
28 86 85
28 92 91
28 91 90
28 100 99
28 99 93
28 99 98
28 98 96
28 96 94
28 96 95
28 98 97
29 98 97
29 97 94
29 94 1
29 1 0
29 94 93
29 93 88
29 88 87
29 87 81
29 81 74
29 74 71
29 71 70
29 70 69
29 69 66
29 66 65
29 65 64
29 64 62
29 62 61
29 61 2
29 61 60
29 60 59
29 59 3
29 59 58
29 58 57
29 57 56
29 56 55
29 55 29
29 29 27
29 27 24
29 24 4
29 24 23
29 23 21
29 21 11
29 11 6
29 6 5
29 11 10
29 10 9
29 9 7
29 9 8
29 21 20
29 20 16
29 16 15
29 15 14
29 14 13
29 13 12
29 20 19
29 19 18
29 18 17
29 23 22
29 27 26
29 26 25
29 29 28
29 55 54
29 54 53
29 53 40
29 40 31
29 31 30
29 40 39
29 39 37
29 37 32
29 37 36
29 36 35
29 35 33
29 35 34
29 39 38
29 53 52
29 52 51
29 51 42
29 42 41
29 51 50
29 50 49
29 49 48
29 48 47
29 47 45
29 45 44
29 44 43
29 47 46
29 64 63
29 69 68
29 68 67
29 74 73
29 73 72
29 81 80
29 80 75
29 80 79
29 79 78
29 78 77
29 77 76
29 87 86
29 86 85
29 85 82
29 85 84
29 84 83
29 93 92
29 92 91
29 91 90
29 90 89
29 97 96
29 96 95
30 100 98
30 98 94
30 94 93
30 93 84
30 84 2
30 2 1
30 1 0
30 84 83
30 83 82
30 82 80
30 80 3
30 80 79
30 79 59
30 59 58
30 58 57
30 57 56
30 56 54
30 54 45
30 45 7
30 7 4
30 7 6
30 6 5
30 45 44
30 44 8
30 44 43
30 43 41
30 41 40
30 40 34
30 34 32
30 32 14
30 14 9
30 14 13
30 13 10
30 13 12
30 12 11
30 32 31
30 31 30
30 30 26
30 26 15
30 26 25
30 25 23
30 23 21
30 21 16
30 21 20
30 20 18
30 18 17
30 20 19
30 23 22
30 25 24
30 30 29
30 29 28
30 28 27
30 34 33
30 40 39
30 39 35
30 39 38
30 38 36
30 38 37
30 43 42
30 54 53
30 53 52
30 52 48
30 48 47
30 47 46
30 52 51
30 51 49
30 51 50
30 56 55
30 79 78
30 78 77
30 77 66
30 66 61
30 61 60
30 66 65
30 65 64
30 64 63
30 63 62
30 77 76
30 76 75
30 75 74
30 74 71
30 71 67
30 71 70
30 70 69
30 69 68
30 74 73
30 73 72
30 82 81
30 93 92
30 92 90
30 90 89
30 89 88
30 88 86
30 86 85
30 88 87
30 92 91
30 98 97
30 97 96
30 96 95
30 100 99
31 103 102
31 102 101
31 101 0
31 101 100
31 100 98
31 98 31
31 31 8
31 8 2
31 2 1
31 8 7
31 7 5
31 5 4
31 4 3
31 7 6
31 31 30
31 30 28
31 28 17
31 17 16
31 16 13
31 13 10
31 10 9
31 13 12
31 12 11
31 16 15
31 15 14
31 28 27
31 27 22
31 22 18
31 22 21
31 21 20
31 20 19
31 27 26
31 26 25
31 25 24
31 24 23
31 30 29
31 98 97
31 97 34
31 34 32
31 34 33
31 97 96
31 96 94
31 94 93
31 93 90
31 90 84
31 84 37
31 37 35
31 37 36
31 84 83
31 83 82
31 82 79
31 79 43
31 43 40
31 40 39
31 39 38
31 43 42
31 42 41
31 79 78
31 78 77
31 77 44
31 77 76
31 76 75
31 75 45
31 75 74
31 74 52
31 52 51
31 51 50
31 50 49
31 49 48
31 48 47
31 47 46
31 74 73
31 73 71
31 71 67
31 67 60
31 60 59
31 59 54
31 54 53
31 59 58
31 58 56
31 56 55
31 58 57
31 67 66
31 66 65
31 65 64
31 64 63
31 63 62
31 62 61
31 71 70
31 70 69
31 69 68
31 73 72
31 82 81
31 81 80
31 90 89
31 89 86
31 86 85
31 89 88
31 88 87
31 93 92
31 92 91
31 96 95
31 100 99
32 96 89
32 89 0
32 89 88
32 88 1
32 88 87
32 87 85
32 85 62
32 62 61
32 61 59
32 59 43
32 43 42
32 42 41
32 41 40
32 40 39
32 39 34
32 34 13
32 13 10
32 10 2
32 10 9
32 9 8
32 8 3
32 8 7
32 7 6
32 6 5
32 5 4
32 13 12
32 12 11
32 34 33
32 33 14
32 33 32
32 32 31
32 31 16
32 16 15
32 31 30
32 30 29
32 29 23
32 23 22
32 22 21
32 21 18
32 18 17
32 21 20
32 20 19
32 29 28
32 28 27
32 27 26
32 26 25
32 25 24
32 39 38
32 38 37
32 37 35
32 37 36
32 59 58
32 58 57
32 57 53
32 53 52
32 52 45
32 45 44
32 52 51
32 51 47
32 47 46
32 51 50
32 50 49
32 49 48
32 57 56
32 56 54
32 56 55
32 61 60
32 85 84
32 84 83
32 83 81
32 81 80
32 80 69
32 69 67
32 67 66
32 66 64
32 64 63
32 66 65
32 69 68
32 80 79
32 79 77
32 77 72
32 72 70
32 72 71
32 77 76
32 76 73
32 76 75
32 75 74
32 79 78
32 83 82
32 87 86
32 96 95
32 95 94
32 94 93
32 93 90
32 93 92
32 92 91
33 105 0
33 105 104
33 104 1
33 104 103
33 103 102
33 102 53
33 53 18
33 18 17
33 17 12
33 12 11
33 11 2
33 11 10
33 10 3
33 10 9
33 9 8
33 8 6
33 6 5
33 5 4
33 8 7
33 17 16
33 16 14
33 14 13
33 16 15
33 53 52
33 52 49
33 49 42
33 42 41
33 41 32
33 32 31
33 31 29
33 29 20
33 20 19
33 29 28
33 28 27
33 27 26
33 26 21
33 26 25
33 25 24
33 24 23
33 23 22
33 31 30
33 41 40
33 40 39
33 39 38
33 38 37
33 37 36
33 36 34
33 34 33
33 36 35
33 49 48
33 48 47
33 47 45
33 45 43
33 45 44
33 47 46
33 52 51
33 51 50
33 102 101
33 101 100
33 100 99
33 99 98
33 98 54
33 98 97
33 97 96
33 96 94
33 94 93
33 93 61
33 61 60
33 60 55
33 60 59
33 59 57
33 57 56
33 59 58
33 93 92
33 92 91
33 91 90
33 90 88
33 88 86
33 86 63
33 63 62
33 86 85
33 85 67
33 67 66
33 66 65
33 65 64
33 85 84
33 84 83
33 83 82
33 82 79
33 79 78
33 78 68
33 78 77
33 77 75
33 75 74
33 74 70
33 70 69
33 74 73
33 73 71
33 73 72
33 77 76
33 82 81
33 81 80
33 88 87
33 90 89
33 96 95
34 96 95
34 95 93
34 93 92
34 92 91
34 91 0
34 91 90
34 90 89
34 89 88
34 88 87
34 87 86
34 86 25
34 25 6
34 6 3
34 3 1
34 3 2
34 6 5
34 5 4
34 25 24
34 24 16
34 16 14
34 14 13
34 13 12
34 12 10
34 10 7
34 10 9
34 9 8
34 12 11
34 16 15
34 24 23
34 23 21
34 21 20
34 20 19
34 19 17
34 19 18
34 23 22
34 86 85
34 85 83
34 83 45
34 45 26
34 45 44
34 44 30
34 30 29
34 29 27
34 29 28
34 44 43
34 43 42
34 42 41
34 41 40
34 40 39
34 39 32
34 32 31
34 39 38
34 38 37
34 37 35
34 35 33
34 35 34
34 37 36
34 83 82
34 82 46
34 82 81
34 81 80
34 80 54
34 54 53
34 53 48
34 48 47
34 53 52
34 52 49
34 52 51
34 51 50
34 80 79
34 79 78
34 78 74
34 74 73
34 73 69
34 69 57
34 57 56
34 56 55
34 69 68
34 68 66
34 66 65
34 65 63
34 63 62
34 62 58
34 62 61
34 61 59
34 61 60
34 65 64
34 68 67
34 73 72
34 72 71
34 71 70
34 78 77
34 77 76
34 76 75
34 85 84
34 95 94
35 98 90
35 90 89
35 89 79
35 79 78
35 78 76
35 76 0
35 76 75
35 75 5
35 5 4
35 4 2
35 2 1
35 4 3
35 75 74
35 74 6
35 74 73
35 73 9
35 9 8
35 8 7
35 73 72
35 72 69
35 69 11
35 11 10
35 69 68
35 68 12
35 68 67
35 67 65
35 65 64
35 64 17
35 17 16
35 16 13
35 16 15
35 15 14
35 64 63
35 63 40
35 40 18
35 40 39
35 39 38
35 38 35
35 35 34
35 34 33
35 33 32
35 32 31
35 31 30
35 30 19
35 30 29
35 29 22
35 22 20
35 22 21
35 29 28
35 28 25
35 25 24
35 24 23
35 28 27
35 27 26
35 38 37
35 37 36
35 63 62
35 62 61
35 61 58
35 58 57
35 57 56
35 56 54
35 54 43
35 43 42
35 42 41
35 54 53
35 53 44
35 53 52
35 52 49
35 49 46
35 46 45
35 49 48
35 48 47
35 52 51
35 51 50
35 56 55
35 61 60
35 60 59
35 67 66
35 72 71
35 71 70
35 78 77
35 89 88
35 88 80
35 88 87
35 87 86
35 86 82
35 82 81
35 86 85
35 85 84
35 84 83
35 98 97
35 97 96
35 96 95
35 95 93
35 93 92
35 92 91
35 95 94
36 97 85
36 85 84
36 84 82
36 82 80
36 80 79
36 79 66
36 66 4
36 4 2
36 2 0
36 2 1
36 4 3
36 66 65
36 65 64
36 64 5
36 64 63
36 63 19
36 19 18
36 18 17
36 17 6
36 17 16
36 16 15
36 15 13
36 13 11
36 11 8
36 8 7
36 11 10
36 10 9
36 13 12
36 15 14
36 63 62
36 62 61
36 61 20
36 61 60
36 60 40
36 40 38
36 38 35
36 35 34
36 34 25
36 25 21
36 25 24
36 24 22
36 24 23
36 34 33
36 33 32
36 32 29
36 29 28
36 28 26
36 28 27
36 32 31
36 31 30
36 38 37
36 37 36
36 40 39
36 60 59
36 59 58
36 58 57
36 57 55
36 55 52
36 52 41
36 52 51
36 51 42
36 51 50
36 50 45
36 45 43
36 45 44
36 50 49
36 49 46
36 49 48
36 48 47
36 55 54
36 54 53
36 57 56
36 79 78
36 78 67
36 78 77
36 77 69
36 69 68
36 77 76
36 76 72
36 72 70
36 72 71
36 76 75
36 75 73
36 75 74
36 82 81
36 84 83
36 97 96
36 96 94
36 94 86
36 94 93
36 93 92
36 92 91
36 91 88
36 88 87
36 91 90
36 90 89
36 96 95
37 104 103
37 103 102
37 102 97
37 97 95
37 95 1
37 1 0
37 95 94
37 94 3
37 3 2
37 94 93
37 93 84
37 84 83
37 83 82
37 82 12
37 12 11
37 11 10
37 10 4
37 10 9
37 9 7
37 7 6
37 6 5
37 9 8
37 82 81
37 81 13
37 81 80
37 80 72
37 72 46
37 46 44
37 44 43
37 43 40
37 40 38
37 38 31
37 31 30
37 30 28
37 28 27
37 27 26
37 26 25
37 25 21
37 21 20
37 20 19
37 19 18
37 18 16
37 16 14
37 16 15
37 18 17
37 25 24
37 24 22
37 24 23
37 30 29
37 38 37
37 37 36
37 36 34
37 34 33
37 33 32
37 36 35
37 40 39
37 43 42
37 42 41
37 46 45
37 72 71
37 71 70
37 70 69
37 69 49
37 49 47
37 49 48
37 69 68
37 68 51
37 51 50
37 68 67
37 67 63
37 63 54
37 54 53
37 53 52
37 63 62
37 62 59
37 59 58
37 58 56
37 56 55
37 58 57
37 62 61
37 61 60
37 67 66
37 66 64
37 66 65
37 80 79
37 79 78
37 78 76
37 76 75
37 75 74
37 74 73
37 78 77
37 93 92
37 92 85
37 92 91
37 91 90
37 90 86
37 90 89
37 89 87
37 89 88
37 97 96
37 102 101
37 101 98
37 101 100
37 100 99
38 104 0
38 104 103
38 103 22
38 22 19
38 19 18
38 18 1
38 18 17
38 17 16
38 16 15
38 15 3
38 3 2
38 15 14
38 14 10
38 10 9
38 9 4
38 9 8
38 8 5
38 8 7
38 7 6
38 14 13
38 13 11
38 13 12
38 22 21
38 21 20
38 103 102
38 102 101
38 101 99
38 99 27
38 27 26
38 26 23
38 26 25
38 25 24
38 99 98
38 98 33
38 33 32
38 32 30
38 30 28
38 30 29
38 32 31
38 98 97
38 97 35
38 35 34
38 97 96
38 96 95
38 95 93
38 93 51
38 51 50
38 50 49
38 49 48
38 48 40
38 40 36
38 40 39
38 39 37
38 39 38
38 48 47
38 47 43
38 43 42
38 42 41
38 47 46
38 46 44
38 46 45
38 93 92
38 92 55
38 55 54
38 54 52
38 54 53
38 92 91
38 91 56
38 91 90
38 90 57
38 90 89
38 89 79
38 79 78
38 78 58
38 78 77
38 77 70
38 70 69
38 69 64
38 64 59
38 64 63
38 63 62
38 62 60
38 62 61
38 69 68
38 68 67
38 67 66
38 66 65
38 77 76
38 76 72
38 72 71
38 76 75
38 75 73
38 75 74
38 89 88
38 88 80
38 88 87
38 87 86
38 86 85
38 85 84
38 84 82
38 82 81
38 84 83
38 95 94
38 101 100
39 108 107
39 107 0
39 107 106
39 106 105
39 105 104
39 104 98
39 98 97
39 97 1
39 97 96
39 96 32
39 32 6
39 6 5
39 5 2
39 5 4
39 4 3
39 32 31
39 31 9
39 9 8
39 8 7
39 31 30
39 30 12
39 12 10
39 12 11
39 30 29
39 29 14
39 14 13
39 29 28
39 28 27
39 27 15
39 27 26
39 26 24
39 24 21
39 21 17
39 17 16
39 21 20
39 20 18
39 20 19
39 24 23
39 23 22
39 26 25
39 96 95
39 95 94
39 94 67
39 67 59
39 59 33
39 59 58
39 58 34
39 58 57
39 57 37
39 37 35
39 37 36
39 57 56
39 56 38
39 56 55
39 55 54
39 54 52
39 52 51
39 51 40
39 40 39
39 51 50
39 50 49
39 49 48
39 48 46
39 46 45
39 45 41
39 45 44
39 44 42
39 44 43
39 48 47
39 54 53
39 67 66
39 66 60
39 66 65
39 65 63
39 63 61
39 63 62
39 65 64
39 94 93
39 93 91
39 91 84
39 84 83
39 83 82
39 82 75
39 75 71
39 71 70
39 70 69
39 69 68
39 75 74
39 74 72
39 74 73
39 82 81
39 81 80
39 80 79
39 79 78
39 78 77
39 77 76
39 91 90
39 90 89
39 89 87
39 87 86
39 86 85
39 89 88
39 93 92
39 104 103
39 103 100
39 100 99
39 103 102
39 102 101
40 107 106
40 106 0
40 106 105
40 105 104
40 104 103
40 103 102
40 102 98
40 98 1
40 98 97
40 97 95
40 95 92
40 92 87
40 87 81
40 81 10
40 10 9
40 9 2
40 9 8
40 8 6
40 6 4
40 4 3
40 6 5
40 8 7
40 81 80
40 80 11
40 80 79
40 79 78
40 78 77
40 77 70
40 70 69
40 69 68
40 68 22
40 22 21
40 21 20
40 20 19
40 19 17
40 17 16
40 16 15
40 15 14
40 14 12
40 14 13
40 19 18
40 68 67
40 67 23
40 67 66
40 66 61
40 61 59
40 59 49
40 49 48
40 48 27
40 27 26
40 26 25
40 25 24
40 48 47
40 47 46
40 46 33
40 33 30
40 30 28
40 30 29
40 33 32
40 32 31
40 46 45
40 45 44
40 44 43
40 43 41
40 41 34
40 41 40
40 40 35
40 40 39
40 39 38
40 38 36
40 38 37
40 43 42
40 59 58
40 58 56
40 56 55
40 55 53
40 53 51
40 51 50
40 53 52
40 55 54
40 58 57
40 61 60
40 66 65
40 65 62
40 65 64
40 64 63
40 77 76
40 76 74
40 74 72
40 72 71
40 74 73
40 76 75
40 87 86
40 86 84
40 84 83
40 83 82
40 86 85
40 92 91
40 91 90
40 90 89
40 89 88
40 95 94
40 94 93
40 97 96
40 102 101
40 101 100
40 100 99
41 108 2
41 2 1
41 1 0
41 108 107
41 107 3
41 107 106
41 106 85
41 85 83
41 83 4
41 83 82
41 82 5
41 82 81
41 81 80
41 80 79
41 79 9
41 9 7
41 7 6
41 9 8
41 79 78
41 78 77
41 77 76
41 76 71
41 71 70
41 70 10
41 70 69
41 69 62
41 62 38
41 38 35
41 35 26
41 26 13
41 13 12
41 12 11
41 26 25
41 25 15
41 15 14
41 25 24
41 24 20
41 20 17
41 17 16
41 20 19
41 19 18
41 24 23
41 23 22
41 22 21
41 35 34
41 34 29
41 29 28
41 28 27
41 34 33
41 33 31
41 31 30
41 33 32
41 38 37
41 37 36
41 62 61
41 61 59
41 59 58
41 58 39
41 58 57
41 57 41
41 41 40
41 57 56
41 56 55
41 55 54
41 54 53
41 53 42
41 53 52
41 52 49
41 49 43
41 49 48
41 48 47
41 47 44
41 47 46
41 46 45
41 52 51
41 51 50
41 61 60
41 69 68
41 68 67
41 67 66
41 66 63
41 66 65
41 65 64
41 76 75
41 75 73
41 73 72
41 75 74
41 85 84
41 106 105
41 105 104
41 104 103
41 103 93
41 93 91
41 91 88
41 88 86
41 88 87
41 91 90
41 90 89
41 93 92
41 103 102
41 102 94
41 102 101
41 101 95
41 101 100
41 100 97
41 97 96
41 100 99
41 99 98
42 94 93
42 93 92
42 92 89
42 89 88
42 88 86
42 86 1
42 1 0
42 86 85
42 85 84
42 84 82
42 82 77
42 77 75
42 75 2
42 75 74
42 74 73
42 73 10
42 10 3
42 10 9
42 9 5
42 5 4
42 9 8
42 8 7
42 7 6
42 73 72
42 72 70
42 70 33
42 33 31
42 31 27
42 27 16
42 16 15
42 15 13
42 13 12
42 12 11
42 15 14
42 27 26
42 26 25
42 25 24
42 24 23
42 23 17
42 23 22
42 22 20
42 20 18
42 20 19
42 22 21
42 31 30
42 30 28
42 30 29
42 33 32
42 70 69
42 69 68
42 68 66
42 66 64
42 64 41
42 41 34
42 41 40
42 40 37
42 37 35
42 37 36
42 40 39
42 39 38
42 64 63
42 63 61
42 61 60
42 60 59
42 59 42
42 59 58
42 58 57
42 57 43
42 57 56
42 56 54
42 54 52
42 52 51
42 51 50
42 50 46
42 46 44
42 46 45
42 50 49
42 49 47
42 49 48
42 54 53
42 56 55
42 63 62
42 66 65
42 68 67
42 72 71
42 77 76
42 82 81
42 81 80
42 80 79
42 79 78
42 84 83
42 88 87
42 92 91
42 91 90
43 102 34
43 34 14
43 14 3
43 3 2
43 2 0
43 2 1
43 14 13
43 13 10
43 10 5
43 5 4
43 10 9
43 9 8
43 8 6
43 8 7
43 13 12
43 12 11
43 34 33
43 33 32
43 32 25
43 25 24
43 24 23
43 23 22
43 22 21
43 21 19
43 19 18
43 18 17
43 17 16
43 16 15
43 21 20
43 32 31
43 31 26
43 31 30
43 30 28
43 28 27
43 30 29
43 102 101
43 101 100
43 100 99
43 99 40
43 40 39
43 39 37
43 37 35
43 37 36
43 39 38
43 99 98
43 98 97
43 97 42
43 42 41
43 97 96
43 96 95
43 95 94
43 94 43
43 94 93
43 93 91
43 91 89
43 89 46
43 46 44
43 46 45
43 89 88
43 88 87
43 87 74
43 74 61
43 61 60
43 60 57
43 57 49
43 49 48
43 48 47
43 57 56
43 56 53
43 53 50
43 53 52
43 52 51
43 56 55
43 55 54
43 60 59
43 59 58
43 74 73
43 73 72
43 72 70
43 70 62
43 70 69
43 69 66
43 66 64
43 64 63
43 66 65
43 69 68
43 68 67
43 72 71
43 87 86
43 86 83
43 83 80
43 80 76
43 76 75
43 80 79
43 79 78
43 78 77
43 83 82
43 82 81
43 86 85
43 85 84
43 91 90
43 93 92
44 99 6
44 6 2
44 2 0
44 2 1
44 6 5
44 5 4
44 4 3
44 99 98
44 98 7
44 98 97
44 97 93
44 93 92
44 92 90
44 90 89
44 89 88
44 88 82
44 82 80
44 80 8
44 80 79
44 79 11
44 11 9
44 11 10
44 79 78
44 78 67
44 67 54
44 54 14
44 14 13
44 13 12
44 54 53
44 53 52
44 52 15
44 52 51
44 51 50
44 50 49
44 49 16
44 49 48
44 48 47
44 47 46
44 46 44
44 44 43
44 43 42
44 42 40
44 40 39
44 39 20
44 20 19
44 19 17
44 19 18
44 39 38
44 38 36
44 36 22
44 22 21
44 36 35
44 35 23
44 35 34
44 34 29
44 29 28
44 28 27
44 27 26
44 26 24
44 26 25
44 34 33
44 33 32
44 32 30
44 32 31
44 38 37
44 42 41
44 46 45
44 67 66
44 66 65
44 65 64
44 64 57
44 57 56
44 56 55
44 64 63
44 63 62
44 62 61
44 61 58
44 61 60
44 60 59
44 78 77
44 77 76
44 76 73
44 73 72
44 72 68
44 72 71
44 71 69
44 71 70
44 76 75
44 75 74
44 82 81
44 88 87
44 87 86
44 86 85
44 85 83
44 85 84
44 92 91
44 97 96
44 96 94
44 96 95
45 94 93
45 93 92
45 92 1
45 1 0
45 92 91
45 91 90
45 90 35
45 35 5
45 5 4
45 4 3
45 3 2
45 35 34
45 34 32
45 32 9
45 9 6
45 9 8
45 8 7
45 32 31
45 31 15
45 15 13
45 13 12
45 12 11
45 11 10
45 15 14
45 31 30
45 30 29
45 29 27
45 27 22
45 22 21
45 21 20
45 20 19
45 19 18
45 18 17
45 17 16
45 27 26
45 26 23
45 26 25
45 25 24
45 29 28
45 34 33
45 90 89
45 89 58
45 58 53
45 53 52
45 52 36
45 52 51
45 51 49
45 49 42
45 42 41
45 41 40
45 40 39
45 39 37
45 39 38
45 49 48
45 48 47
45 47 46
45 46 45
45 45 44
45 44 43
45 51 50
45 58 57
45 57 56
45 56 54
45 56 55
45 89 88
45 88 86
45 86 60
45 60 59
45 86 85
45 85 84
45 84 83
45 83 67
45 67 65
45 65 64
45 64 61
45 64 63
45 63 62
45 67 66
45 83 82
45 82 72
45 72 68
45 72 71
45 71 69
45 71 70
45 82 81
45 81 80
45 80 79
45 79 73
45 79 78
45 78 76
45 76 75
45 75 74
45 78 77
45 88 87
46 96 95
46 95 93
46 93 91
46 91 10
46 10 0
46 10 9
46 9 1
46 9 8
46 8 4
46 4 2
46 4 3
46 8 7
46 7 6
46 6 5
46 91 90
46 90 89
46 89 11
46 89 88
46 88 86
46 86 18
46 18 17
46 17 15
46 15 14
46 14 13
46 13 12
46 17 16
46 86 85
46 85 84
46 84 83
46 83 20
46 20 19
46 83 82
46 82 79
46 79 78
46 78 77
46 77 23
46 23 22
46 22 21
46 77 76
46 76 67
46 67 66
46 66 65
46 65 24
46 65 64
46 64 62
46 62 61
46 61 60
46 60 38
46 38 37
46 37 34
46 34 29
46 29 27
46 27 25
46 27 26
46 29 28
46 34 33
46 33 30
46 33 32
46 32 31
46 37 36
46 36 35
46 60 59
46 59 56
46 56 39
46 56 55
46 55 42
46 42 40
46 42 41
46 55 54
46 54 53
46 53 43
46 53 52
46 52 51
46 51 47
46 47 46
46 46 45
46 45 44
46 51 50
46 50 48
46 50 49
46 59 58
46 58 57
46 64 63
46 76 75
46 75 68
46 75 74
46 74 73
46 73 70
46 70 69
46 73 72
46 72 71
46 82 81
46 81 80
46 88 87
46 93 92
46 95 94
47 99 0
47 99 98
47 98 1
47 98 97
47 97 96
47 96 2
47 96 95
47 95 94
47 94 9
47 9 7
47 7 6
47 6 3
47 6 5
47 5 4
47 9 8
47 94 93
47 93 81
47 81 13
47 13 10
47 13 12
47 12 11
47 81 80
47 80 79
47 79 14
47 79 78
47 78 74
47 74 23
47 23 20
47 20 16
47 16 15
47 20 19
47 19 18
47 18 17
47 23 22
47 22 21
47 74 73
47 73 71
47 71 24
47 71 70
47 70 44
47 44 42
47 42 29
47 29 25
47 29 28
47 28 26
47 28 27
47 42 41
47 41 40
47 40 39
47 39 30
47 39 38
47 38 37
47 37 34
47 34 32
47 32 31
47 34 33
47 37 36
47 36 35
47 44 43
47 70 69
47 69 48
47 48 45
47 48 47
47 47 46
47 69 68
47 68 50
47 50 49
47 68 67
47 67 66
47 66 51
47 66 65
47 65 64
47 64 63
47 63 52
47 63 62
47 62 61
47 61 55
47 55 54
47 54 53
47 61 60
47 60 59
47 59 58
47 58 56
47 58 57
47 73 72
47 78 77
47 77 75
47 77 76
47 93 92
47 92 82
47 92 91
47 91 83
47 91 90
47 90 84
47 90 89
47 89 88
47 88 86
47 86 85
47 88 87
48 102 101
48 101 2
48 2 1
48 1 0
48 101 100
48 100 11
48 11 9
48 9 4
48 4 3
48 9 8
48 8 5
48 8 7
48 7 6
48 11 10
48 100 99
48 99 98
48 98 97
48 97 93
48 93 26
48 26 16
48 16 14
48 14 12
48 14 13
48 16 15
48 26 25
48 25 24
48 24 18
48 18 17
48 24 23
48 23 21
48 21 20
48 20 19
48 23 22
48 93 92
48 92 28
48 28 27
48 92 91
48 91 29
48 91 90
48 90 76
48 76 30
48 76 75
48 75 73
48 73 34
48 34 33
48 33 31
48 33 32
48 73 72
48 72 71
48 71 47
48 47 37
48 37 36
48 36 35
48 47 46
48 46 45
48 45 44
48 44 43
48 43 42
48 42 40
48 40 38
48 40 39
48 42 41
48 71 70
48 70 69
48 69 65
48 65 59
48 59 58
48 58 48
48 58 57
48 57 50
48 50 49
48 57 56
48 56 55
48 55 54
48 54 52
48 52 51
48 54 53
48 65 64
48 64 62
48 62 60
48 62 61
48 64 63
48 69 68
48 68 66
48 68 67
48 75 74
48 90 89
48 89 81
48 81 80
48 80 78
48 78 77
48 80 79
48 89 88
48 88 83
48 83 82
48 88 87
48 87 86
48 86 84
48 86 85
48 97 96
48 96 94
48 96 95
49 97 96
49 96 77
49 77 74
49 74 63
49 63 0
49 63 62
49 62 61
49 61 59
49 59 51
49 51 49
49 49 3
49 3 1
49 3 2
49 49 48
49 48 17
49 17 16
49 16 15
49 15 12
49 12 11
49 11 9
49 9 6
49 6 4
49 6 5
49 9 8
49 8 7
49 11 10
49 15 14
49 14 13
49 48 47
49 47 19
49 19 18
49 47 46
49 46 30
49 30 28
49 28 26
49 26 24
49 24 20
49 24 23
49 23 21
49 23 22
49 26 25
49 28 27
49 30 29
49 46 45
49 45 40
49 40 31
49 40 39
49 39 38
49 38 34
49 34 33
49 33 32
49 38 37
49 37 36
49 36 35
49 45 44
49 44 41
49 44 43
49 43 42
49 51 50
49 59 58
49 58 57
49 57 56
49 56 54
49 54 52
49 54 53
49 56 55
49 61 60
49 74 73
49 73 72
49 72 65
49 65 64
49 72 71
49 71 70
49 70 68
49 68 67
49 67 66
49 70 69
49 77 76
49 76 75
49 96 95
49 95 93
49 93 92
49 92 89
49 89 88
49 88 87
49 87 86
49 86 85
49 85 81
49 81 79
49 79 78
49 81 80
49 85 84
49 84 83
49 83 82
49 92 91
49 91 90
49 95 94
50 106 6
50 6 5
50 5 0
50 5 4
50 4 3
50 3 2
50 2 1
50 106 105
50 105 54
50 54 53
50 53 8
50 8 7
50 53 52
50 52 20
50 20 9
50 20 19
50 19 11
50 11 10
50 19 18
50 18 16
50 16 15
50 15 14
50 14 13
50 13 12
50 18 17
50 52 51
50 51 50
50 50 49
50 49 38
50 38 37
50 37 34
50 34 27
50 27 26
50 26 21
50 26 25
50 25 23
50 23 22
50 25 24
50 34 33
50 33 28
50 33 32
50 32 30
50 30 29
50 32 31
50 37 36
50 36 35
50 49 48
50 48 43
50 43 42
50 42 40
50 40 39
50 42 41
50 48 47
50 47 46
50 46 45
50 45 44
50 105 104
50 104 84
50 84 83
50 83 78
50 78 66
50 66 61
50 61 59
50 59 58
50 58 55
50 58 57
50 57 56
50 61 60
50 66 65
50 65 62
50 65 64
50 64 63
50 78 77
50 77 76
50 76 75
50 75 71
50 71 70
50 70 67
50 70 69
50 69 68
50 75 74
50 74 73
50 73 72
50 83 82
50 82 81
50 81 80
50 80 79
50 104 103
50 103 90
50 90 89
50 89 87
50 87 86
50 86 85
50 89 88
50 103 102
50 102 101
50 101 91
50 101 100
50 100 99
50 99 97
50 97 95
50 95 92
50 95 94
50 94 93
50 97 96
50 99 98
51 100 77
51 77 75
51 75 74
51 74 73
51 73 0
51 73 72
51 72 1
51 72 71
51 71 70
51 70 67
51 67 2
51 67 66
51 66 25
51 25 8
51 8 7
51 7 5
51 5 4
51 4 3
51 7 6
51 25 24
51 24 12
51 12 11
51 11 10
51 10 9
51 24 23
51 23 15
51 15 13
51 15 14
51 23 22
51 22 20
51 20 19
51 19 18
51 18 17
51 17 16
51 22 21
51 66 65
51 65 63
51 63 26
51 63 62
51 62 61
51 61 60
51 60 59
51 59 58
51 58 50
51 50 49
51 49 48
51 48 47
51 47 39
51 39 29
51 29 27
51 29 28
51 39 38
51 38 33
51 33 30
51 33 32
51 32 31
51 38 37
51 37 36
51 36 35
51 35 34
51 47 46
51 46 40
51 46 45
51 45 44
51 44 43
51 43 41
51 43 42
51 58 57
51 57 56
51 56 55
51 55 54
51 54 53
51 53 51
51 53 52
51 65 64
51 70 69
51 69 68
51 77 76
51 100 99
51 99 80
51 80 79
51 79 78
51 99 98
51 98 81
51 98 97
51 97 82
51 97 96
51 96 83
51 96 95
51 95 94
51 94 86
51 86 85
51 85 84
51 94 93
51 93 92
51 92 91
51 91 90
51 90 87
51 90 89
51 89 88
52 102 13
52 13 10
52 10 6
52 6 5
52 5 1
52 1 0
52 5 4
52 4 3
52 3 2
52 10 9
52 9 7
52 9 8
52 13 12
52 12 11
52 102 101
52 101 100
52 100 14
52 100 99
52 99 15
52 99 98
52 98 95
52 95 94
52 94 93
52 93 19
52 19 16
52 19 18
52 18 17
52 93 92
52 92 91
52 91 90
52 90 87
52 87 20
52 87 86
52 86 51
52 51 50
52 50 49
52 49 40
52 40 22
52 22 21
52 40 39
52 39 38
52 38 23
52 38 37
52 37 36
52 36 31
52 31 24
52 31 30
52 30 29
52 29 28
52 28 27
52 27 26
52 26 25
52 36 35
52 35 34
52 34 32
52 34 33
52 49 48
52 48 42
52 42 41
52 48 47
52 47 46
52 46 45
52 45 43
52 45 44
52 86 85
52 85 84
52 84 83
52 83 56
52 56 55
52 55 52
52 55 54
52 54 53
52 83 82
52 82 81
52 81 80
52 80 72
52 72 62
52 62 57
52 62 61
52 61 58
52 61 60
52 60 59
52 72 71
52 71 70
52 70 63
52 70 69
52 69 68
52 68 64
52 68 67
52 67 66
52 66 65
52 80 79
52 79 78
52 78 77
52 77 76
52 76 75
52 75 73
52 75 74
52 90 89
52 89 88
52 98 97
52 97 96
53 94 79
53 79 55
53 55 0
53 55 54
53 54 53
53 53 52
53 52 48
53 48 1
53 48 47
53 47 46
53 46 45
53 45 2
53 45 44
53 44 41
53 41 40
53 40 3
53 40 39
53 39 28
53 28 27
53 27 4
53 27 26
53 26 25
53 25 18
53 18 17
53 17 16
53 16 14
53 14 11
53 11 9
53 9 6
53 6 5
53 9 8
53 8 7
53 11 10
53 14 13
53 13 12
53 16 15
53 25 24
53 24 19
53 24 23
53 23 21
53 21 20
53 23 22
53 39 38
53 38 36
53 36 31
53 31 30
53 30 29
53 36 35
53 35 34
53 34 32
53 34 33
53 38 37
53 44 43
53 43 42
53 52 51
53 51 49
53 51 50
53 79 78
53 78 56
53 78 77
53 77 57
53 77 76
53 76 73
53 73 67
53 67 61
53 61 58
53 61 60
53 60 59
53 67 66
53 66 62
53 66 65
53 65 63
53 65 64
53 73 72
53 72 69
53 69 68
53 72 71
53 71 70
53 76 75
53 75 74
53 94 93
53 93 89
53 89 80
53 89 88
53 88 87
53 87 81
53 87 86
53 86 85
53 85 84
53 84 83
53 83 82
53 93 92
53 92 91
53 91 90
54 104 20
54 20 5
54 5 1
54 1 0
54 5 4
54 4 2
54 4 3
54 20 19
54 19 18
54 18 7
54 7 6
54 18 17
54 17 16
54 16 9
54 9 8
54 16 15
54 15 10
54 15 14
54 14 13
54 13 11
54 13 12
54 104 103
54 103 21
54 103 102
54 102 101
54 101 100
54 100 97
54 97 35
54 35 34
54 34 26
54 26 23
54 23 22
54 26 25
54 25 24
54 34 33
54 33 31
54 31 28
54 28 27
54 31 30
54 30 29
54 33 32
54 97 96
54 96 95
54 95 94
54 94 93
54 93 92
54 92 78
54 78 37
54 37 36
54 78 77
54 77 38
54 77 76
54 76 75
54 75 51
54 51 49
54 49 39
54 49 48
54 48 45
54 45 44
54 44 43
54 43 40
54 43 42
54 42 41
54 48 47
54 47 46
54 51 50
54 75 74
54 74 57
54 57 56
54 56 55
54 55 54
54 54 52
54 54 53
54 74 73
54 73 72
54 72 69
54 69 68
54 68 67
54 67 66
54 66 58
54 66 65
54 65 59
54 65 64
54 64 62
54 62 60
54 62 61
54 64 63
54 72 71
54 71 70
54 92 91
54 91 90
54 90 80
54 80 79
54 90 89
54 89 87
54 87 86
54 86 85
54 85 84
54 84 82
54 82 81
54 84 83
54 89 88
54 100 99
54 99 98
55 99 34
55 34 32
55 32 31
55 31 28
55 28 24
55 24 5
55 5 2
55 2 0
55 2 1
55 5 4
55 4 3
55 24 23
55 23 22
55 22 20
55 20 17
55 17 16
55 16 15
55 15 7
55 7 6
55 15 14
55 14 13
55 13 9
55 9 8
55 13 12
55 12 10
55 12 11
55 20 19
55 19 18
55 22 21
55 28 27
55 27 25
55 27 26
55 31 30
55 30 29
55 34 33
55 99 98
55 98 79
55 79 78
55 78 37
55 37 36
55 36 35
55 78 77
55 77 67
55 67 64
55 64 44
55 44 42
55 42 41
55 41 40
55 40 38
55 40 39
55 44 43
55 64 63
55 63 59
55 59 58
55 58 57
55 57 48
55 48 45
55 48 47
55 47 46
55 57 56
55 56 55
55 55 50
55 50 49
55 55 54
55 54 53
55 53 51
55 53 52
55 63 62
55 62 60
55 62 61
55 67 66
55 66 65
55 77 76
55 76 75
55 75 74
55 74 68
55 74 73
55 73 72
55 72 71
55 71 70
55 70 69
55 98 97
55 97 94
55 94 80
55 94 93
55 93 92
55 92 91
55 91 90
55 90 83
55 83 81
55 83 82
55 90 89
55 89 87
55 87 84
55 87 86
55 86 85
55 89 88
55 97 96
55 96 95
56 104 103
56 103 93
56 93 89
56 89 0
56 89 88
56 88 85
56 85 83
56 83 81
56 81 11
56 11 1
56 11 10
56 10 9
56 9 5
56 5 4
56 4 2
56 4 3
56 9 8
56 8 7
56 7 6
56 81 80
56 80 12
56 80 79
56 79 13
56 79 78
56 78 18
56 18 17
56 17 15
56 15 14
56 17 16
56 78 77
56 77 76
56 76 56
56 56 53
56 53 19
56 53 52
56 52 51
56 51 50
56 50 20
56 50 49
56 49 35
56 35 27
56 27 21
56 27 26
56 26 22
56 26 25
56 25 23
56 25 24
56 35 34
56 34 33
56 33 32
56 32 31
56 31 28
56 31 30
56 30 29
56 49 48
56 48 46
56 46 45
56 45 41
56 41 40
56 40 38
56 38 37
56 37 36
56 40 39
56 45 44
56 44 42
56 44 43
56 48 47
56 56 55
56 55 54
56 76 75
56 75 63
56 63 62
56 62 61
56 61 60
56 60 57
56 60 59
56 59 58
56 75 74
56 74 73
56 73 65
56 65 64
56 73 72
56 72 66
56 72 71
56 71 69
56 69 67
56 69 68
56 71 70
56 83 82
56 85 84
56 88 87
56 87 86
56 93 92
56 92 90
56 92 91
56 103 102
56 102 101
56 101 97
56 97 96
56 96 95
56 95 94
56 101 100
56 100 98
56 100 99
57 95 4
57 4 3
57 3 2
57 2 1
57 1 0
57 95 94
57 94 93
57 93 92
57 92 15
57 15 14
57 14 9
57 9 7
57 7 5
57 7 6
57 9 8
57 14 13
57 13 10
57 13 12
57 12 11
57 92 91
57 91 90
57 90 88
57 88 87
57 87 86
57 86 16
57 86 85
57 85 19
57 19 17
57 19 18
57 85 84
57 84 23
57 23 22
57 22 21
57 21 20
57 84 83
57 83 29
57 29 25
57 25 24
57 29 28
57 28 26
57 28 27
57 83 82
57 82 30
57 82 81
57 81 75
57 75 74
57 74 48
57 48 47
57 47 46
57 46 45
57 45 31
57 45 44
57 44 42
57 42 41
57 41 36
57 36 34
57 34 32
57 34 33
57 36 35
57 41 40
57 40 39
57 39 38
57 38 37
57 44 43
57 74 73
57 73 70
57 70 69
57 69 56
57 56 53
57 53 51
57 51 49
57 51 50
57 53 52
57 56 55
57 55 54
57 69 68
57 68 61
57 61 60
57 60 59
57 59 58
57 58 57
57 68 67
57 67 65
57 65 64
57 64 63
57 63 62
57 67 66
57 73 72
57 72 71
57 81 80
57 80 78
57 78 77
57 77 76
57 80 79
57 90 89
58 101 99
58 99 98
58 98 0
58 98 97
58 97 96
58 96 92
58 92 82
58 82 78
58 78 2
58 2 1
58 78 77
58 77 76
58 76 3
58 76 75
58 75 4
58 75 74
58 74 72
58 72 6
58 6 5
58 72 71
58 71 70
58 70 68
58 68 61
58 61 60
58 60 59
58 59 9
58 9 8
58 8 7
58 59 58
58 58 56
58 56 53
58 53 30
58 30 10
58 30 29
58 29 11
58 29 28
58 28 16
58 16 12
58 16 15
58 15 14
58 14 13
58 28 27
58 27 24
58 24 23
58 23 21
58 21 19
58 19 18
58 18 17
58 21 20
58 23 22
58 27 26
58 26 25
58 53 52
58 52 51
58 51 50
58 50 34
58 34 31
58 34 33
58 33 32
58 50 49
58 49 47
58 47 45
58 45 35
58 45 44
58 44 43
58 43 42
58 42 41
58 41 40
58 40 36
58 40 39
58 39 38
58 38 37
58 47 46
58 49 48
58 56 55
58 55 54
58 58 57
58 68 67
58 67 66
58 66 65
58 65 64
58 64 62
58 64 63
58 70 69
58 74 73
58 82 81
58 81 79
58 81 80
58 92 91
58 91 90
58 90 89
58 89 87
58 87 83
58 87 86
58 86 84
58 86 85
58 89 88
58 96 95
58 95 93
58 95 94
58 101 100
59 108 107
59 107 104
59 104 99
59 99 97
59 97 96
59 96 89
59 89 86
59 86 43
59 43 42
59 42 31
59 31 1
59 1 0
59 31 30
59 30 29
59 29 2
59 29 28
59 28 26
59 26 3
59 26 25
59 25 16
59 16 15
59 15 13
59 13 4
59 13 12
59 12 5
59 12 11
59 11 9
59 9 7
59 7 6
59 9 8
59 11 10
59 15 14
59 25 24
59 24 23
59 23 17
59 23 22
59 22 21
59 21 20
59 20 19
59 19 18
59 28 27
59 42 41
59 41 40
59 40 39
59 39 36
59 36 33
59 33 32
59 36 35
59 35 34
59 39 38
59 38 37
59 86 85
59 85 76
59 76 75
59 75 47
59 47 46
59 46 44
59 46 45
59 75 74
59 74 72
59 72 49
59 49 48
59 72 71
59 71 69
59 69 54
59 54 53
59 53 50
59 53 52
59 52 51
59 69 68
59 68 67
59 67 66
59 66 65
59 65 55
59 65 64
59 64 62
59 62 58
59 58 57
59 57 56
59 62 61
59 61 59
59 61 60
59 64 63
59 71 70
59 74 73
59 85 84
59 84 81
59 81 78
59 78 77
59 81 80
59 80 79
59 84 83
59 83 82
59 89 88
59 88 87
59 96 95
59 95 90
59 95 94
59 94 91
59 94 93
59 93 92
59 99 98
59 104 103
59 103 100
59 103 102
59 102 101
59 107 106
59 106 105
60 96 93
60 93 87
60 87 86
60 86 4
60 4 3
60 3 2
60 2 1
60 1 0
60 86 85
60 85 84
60 84 82
60 82 81
60 81 7
60 7 5
60 7 6
60 81 80
60 80 24
60 24 23
60 23 21
60 21 8
60 21 20
60 20 18
60 18 12
60 12 11
60 11 10
60 10 9
60 18 17
60 17 16
60 16 15
60 15 14
60 14 13
60 20 19
60 23 22
60 80 79
60 79 78
60 78 76
60 76 75
60 75 72
60 72 70
60 70 69
60 69 68
60 68 66
60 66 27
60 27 26
60 26 25
60 66 65
60 65 60
60 60 59
60 59 28
60 59 58
60 58 57
60 57 56
60 56 54
60 54 31
60 31 30
60 30 29
60 54 53
60 53 48
60 48 33
60 33 32
60 48 47
60 47 45
60 45 36
60 36 35
60 35 34
60 45 44
60 44 43
60 43 37
60 43 42
60 42 41
60 41 38
60 41 40
60 40 39
60 47 46
60 53 52
60 52 50
60 50 49
60 52 51
60 56 55
60 65 64
60 64 62
60 62 61
60 64 63
60 68 67
60 72 71
60 75 74
60 74 73
60 78 77
60 84 83
60 93 92
60 92 88
60 92 91
60 91 90
60 90 89
60 96 95
60 95 94
61 107 3
61 3 2
61 2 0
61 2 1
61 107 106
61 106 105
61 105 104
61 104 99
61 99 98
61 98 6
61 6 4
61 6 5
61 98 97
61 97 96
61 96 81
61 81 14
61 14 13
61 13 12
61 12 10
61 10 9
61 9 7
61 9 8
61 12 11
61 81 80
61 80 79
61 79 15
61 79 78
61 78 25
61 25 24
61 24 16
61 24 23
61 23 22
61 22 19
61 19 17
61 19 18
61 22 21
61 21 20
61 78 77
61 77 27
61 27 26
61 77 76
61 76 31
61 31 30
61 30 28
61 30 29
61 76 75
61 75 41
61 41 36
61 36 34
61 34 33
61 33 32
61 36 35
61 41 40
61 40 39
61 39 37
61 39 38
61 75 74
61 74 65
61 65 64
61 64 61
61 61 60
61 60 42
61 60 59
61 59 44
61 44 43
61 59 58
61 58 47
61 47 45
61 47 46
61 58 57
61 57 49
61 49 48
61 57 56
61 56 52
61 52 51
61 51 50
61 56 55
61 55 53
61 55 54
61 64 63
61 63 62
61 74 73
61 73 72
61 72 66
61 72 71
61 71 69
61 69 68
61 68 67
61 71 70
61 96 95
61 95 91
61 91 90
61 90 85
61 85 83
61 83 82
61 85 84
61 90 89
61 89 88
61 88 86
61 88 87
61 95 94
61 94 92
61 94 93
61 104 103
61 103 100
61 103 102
61 102 101
62 97 96
62 96 0
62 96 95
62 95 91
62 91 17
62 17 16
62 16 15
62 15 14
62 14 4
62 4 2
62 2 1
62 4 3
62 14 13
62 13 9
62 9 8
62 8 6
62 6 5
62 8 7
62 13 12
62 12 10
62 12 11
62 91 90
62 90 53
62 53 45
62 45 44
62 44 39
62 39 37
62 37 36
62 36 35
62 35 18
62 35 34
62 34 26
62 26 21
62 21 19
62 21 20
62 26 25
62 25 23
62 23 22
62 25 24
62 34 33
62 33 32
62 32 31
62 31 29
62 29 28
62 28 27
62 31 30
62 39 38
62 44 43
62 43 40
62 43 42
62 42 41
62 53 52
62 52 50
62 50 48
62 48 46
62 48 47
62 50 49
62 52 51
62 90 89
62 89 88
62 88 86
62 86 54
62 86 85
62 85 63
62 63 62
62 62 61
62 61 59
62 59 58
62 58 56
62 56 55
62 58 57
62 61 60
62 85 84
62 84 83
62 83 69
62 69 68
62 68 65
62 65 64
62 68 67
62 67 66
62 83 82
62 82 78
62 78 75
62 75 74
62 74 73
62 73 71
62 71 70
62 73 72
62 78 77
62 77 76
62 82 81
62 81 79
62 81 80
62 88 87
62 95 94
62 94 93
62 93 92
63 104 103
63 103 0
63 103 102
63 102 1
63 102 101
63 101 99
63 99 15
63 15 14
63 14 2
63 14 13
63 13 3
63 13 12
63 12 10
63 10 4
63 10 9
63 9 7
63 7 6
63 6 5
63 9 8
63 12 11
63 99 98
63 98 16
63 98 97
63 97 86
63 86 17
63 86 85
63 85 23
63 23 21
63 21 20
63 20 18
63 20 19
63 23 22
63 85 84
63 84 29
63 29 28
63 28 24
63 28 27
63 27 26
63 26 25
63 84 83
63 83 30
63 83 82
63 82 81
63 81 75
63 75 36
63 36 31
63 36 35
63 35 34
63 34 32
63 34 33
63 75 74
63 74 43
63 43 39
63 39 37
63 39 38
63 43 42
63 42 41
63 41 40
63 74 73
63 73 72
63 72 71
63 71 70
63 70 69
63 69 53
63 53 44
63 53 52
63 52 50
63 50 49
63 49 48
63 48 47
63 47 46
63 46 45
63 52 51
63 69 68
63 68 66
63 66 64
63 64 63
63 63 57
63 57 56
63 56 54
63 56 55
63 63 62
63 62 58
63 62 61
63 61 59
63 61 60
63 66 65
63 68 67
63 81 80
63 80 78
63 78 76
63 78 77
63 80 79
63 97 96
63 96 95
63 95 94
63 94 92
63 92 88
63 88 87
63 92 91
63 91 90
63 90 89
63 94 93
63 101 100
64 102 100
64 100 99
64 99 98
64 98 2
64 2 0
64 2 1
64 98 97
64 97 96
64 96 95
64 95 69
64 69 68
64 68 23
64 23 22
64 22 3
64 22 21
64 21 20
64 20 11
64 11 4
64 11 10
64 10 8
64 8 5
64 8 7
64 7 6
64 10 9
64 20 19
64 19 17
64 17 16
64 16 13
64 13 12
64 16 15
64 15 14
64 19 18
64 68 67
64 67 66
64 66 62
64 62 29
64 29 28
64 28 25
64 25 24
64 28 27
64 27 26
64 62 61
64 61 34
64 34 32
64 32 30
64 32 31
64 34 33
64 61 60
64 60 59
64 59 44
64 44 43
64 43 39
64 39 35
64 39 38
64 38 36
64 38 37
64 43 42
64 42 41
64 41 40
64 59 58
64 58 56
64 56 55
64 55 54
64 54 53
64 53 47
64 47 45
64 47 46
64 53 52
64 52 51
64 51 48
64 51 50
64 50 49
64 58 57
64 66 65
64 65 63
64 65 64
64 95 94
64 94 93
64 93 87
64 87 70
64 87 86
64 86 84
64 84 80
64 80 79
64 79 78
64 78 73
64 73 71
64 73 72
64 78 77
64 77 76
64 76 75
64 75 74
64 84 83
64 83 81
64 83 82
64 86 85
64 93 92
64 92 91
64 91 90
64 90 88
64 90 89
64 102 101
65 100 0
65 100 99
65 99 98
65 98 1
65 98 97
65 97 96
65 96 95
65 95 94
65 94 4
65 4 2
65 4 3
65 94 93
65 93 9
65 9 5
65 9 8
65 8 7
65 7 6
65 93 92
65 92 20
65 20 10
65 20 19
65 19 17
65 17 16
65 16 12
65 12 11
65 16 15
65 15 13
65 15 14
65 19 18
65 92 91
65 91 89
65 89 88
65 88 21
65 88 87
65 87 86
65 86 29
65 29 28
65 28 22
65 28 27
65 27 25
65 25 23
65 25 24
65 27 26
65 86 85
65 85 79
65 79 38
65 38 34
65 34 33
65 33 30
65 33 32
65 32 31
65 38 37
65 37 36
65 36 35
65 79 78
65 78 39
65 78 77
65 77 40
65 77 76
65 76 75
65 75 74
65 74 73
65 73 72
65 72 67
65 67 66
65 66 43
65 43 41
65 43 42
65 66 65
65 65 64
65 64 61
65 61 51
65 51 49
65 49 48
65 48 47
65 47 44
65 47 46
65 46 45
65 51 50
65 61 60
65 60 55
65 55 52
65 55 54
65 54 53
65 60 59
65 59 58
65 58 57
65 57 56
65 64 63
65 63 62
65 72 71
65 71 70
65 70 69
65 69 68
65 85 84
65 84 83
65 83 81
65 81 80
65 83 82
65 91 90
66 100 99
66 99 98
66 98 97
66 97 96
66 96 1
66 1 0
66 96 95
66 95 42
66 42 34
66 34 28
66 28 2
66 28 27
66 27 3
66 27 26
66 26 25
66 25 18
66 18 17
66 17 16
66 16 13
66 13 12
66 12 5
66 5 4
66 12 11
66 11 7
66 7 6
66 11 10
66 10 9
66 9 8
66 16 15
66 15 14
66 25 24
66 24 20
66 20 19
66 24 23
66 23 22
66 22 21
66 34 33
66 33 32
66 32 30
66 30 29
66 32 31
66 42 41
66 41 35
66 41 40
66 40 36
66 40 39
66 39 38
66 38 37
66 95 94
66 94 92
66 92 59
66 59 55
66 55 51
66 51 49
66 49 48
66 48 47
66 47 43
66 47 46
66 46 44
66 46 45
66 51 50
66 55 54
66 54 52
66 54 53
66 59 58
66 58 56
66 58 57
66 92 91
66 91 85
66 85 84
66 84 83
66 83 80
66 80 69
66 69 62
66 62 61
66 61 60
66 69 68
66 68 67
66 67 66
66 66 65
66 65 63
66 65 64
66 80 79
66 79 78
66 78 70
66 78 77
66 77 76
66 76 72
66 72 71
66 76 75
66 75 73
66 75 74
66 83 82
66 82 81
66 91 90
66 90 89
66 89 88
66 88 86
66 88 87
66 94 93
67 100 0
67 100 99
67 99 46
67 46 28
67 28 17
67 17 2
67 2 1
67 17 16
67 16 14
67 14 12
67 12 10
67 10 5
67 5 4
67 4 3
67 10 9
67 9 8
67 8 6
67 8 7
67 12 11
67 14 13
67 16 15
67 28 27
67 27 23
67 23 22
67 22 21
67 21 19
67 19 18
67 21 20
67 27 26
67 26 25
67 25 24
67 46 45
67 45 44
67 44 41
67 41 29
67 41 40
67 40 32
67 32 31
67 31 30
67 40 39
67 39 36
67 36 35
67 35 34
67 34 33
67 39 38
67 38 37
67 44 43
67 43 42
67 99 98
67 98 82
67 82 50
67 50 47
67 50 49
67 49 48
67 82 81
67 81 74
67 74 73
67 73 69
67 69 53
67 53 52
67 52 51
67 69 68
67 68 57
67 57 54
67 57 56
67 56 55
67 68 67
67 67 64
67 64 63
67 63 61
67 61 58
67 61 60
67 60 59
67 63 62
67 67 66
67 66 65
67 73 72
67 72 70
67 72 71
67 81 80
67 80 78
67 78 77
67 77 76
67 76 75
67 80 79
67 98 97
67 97 96
67 96 95
67 95 93
67 93 86
67 86 85
67 85 83
67 85 84
67 93 92
67 92 88
67 88 87
67 92 91
67 91 90
67 90 89
67 95 94
68 94 92
68 92 3
68 3 2
68 2 0
68 2 1
68 92 91
68 91 90
68 90 88
68 88 83
68 83 81
68 81 80
68 80 14
68 14 9
68 9 8
68 8 4
68 8 7
68 7 5
68 7 6
68 14 13
68 13 12
68 12 11
68 11 10
68 80 79
68 79 78
68 78 15
68 78 77
68 77 74
68 74 73
68 73 65
68 65 64
68 64 17
68 17 16
68 64 63
68 63 18
68 63 62
68 62 61
68 61 60
68 60 59
68 59 58
68 58 20
68 20 19
68 58 57
68 57 48
68 48 22
68 22 21
68 48 47
68 47 45
68 45 42
68 42 31
68 31 23
68 31 30
68 30 28
68 28 27
68 27 26
68 26 24
68 26 25
68 30 29
68 42 41
68 41 33
68 33 32
68 41 40
68 40 38
68 38 37
68 37 35
68 35 34
68 37 36
68 40 39
68 45 44
68 44 43
68 47 46
68 57 56
68 56 53
68 53 52
68 52 50
68 50 49
68 52 51
68 56 55
68 55 54
68 73 72
68 72 66
68 72 71
68 71 67
68 71 70
68 70 69
68 69 68
68 77 76
68 76 75
68 83 82
68 88 87
68 87 86
68 86 85
68 85 84
68 90 89
68 94 93
69 98 91
69 91 5
69 5 3
69 3 2
69 2 1
69 1 0
69 5 4
69 91 90
69 90 89
69 89 88
69 88 6
69 88 87
69 87 86
69 86 85
69 85 15
69 15 14
69 14 13
69 13 7
69 13 12
69 12 11
69 11 10
69 10 8
69 10 9
69 85 84
69 84 82
69 82 79
69 79 72
69 72 43
69 43 38
69 38 19
69 19 18
69 18 17
69 17 16
69 38 37
69 37 36
69 36 32
69 32 27
69 27 23
69 23 20
69 23 22
69 22 21
69 27 26
69 26 24
69 26 25
69 32 31
69 31 29
69 29 28
69 31 30
69 36 35
69 35 34
69 34 33
69 43 42
69 42 41
69 41 40
69 40 39
69 72 71
69 71 50
69 50 49
69 49 48
69 48 47
69 47 44
69 47 46
69 46 45
69 71 70
69 70 69
69 69 51
69 69 68
69 68 67
69 67 66
69 66 65
69 65 64
69 64 62
69 62 52
69 62 61
69 61 60
69 60 53
69 60 59
69 59 58
69 58 54
69 58 57
69 57 56
69 56 55
69 64 63
69 79 78
69 78 76
69 76 73
69 76 75
69 75 74
69 78 77
69 82 81
69 81 80
69 84 83
69 98 97
69 97 95
69 95 93
69 93 92
69 95 94
69 97 96
70 95 94
70 94 2
70 2 0
70 2 1
70 94 93
70 93 92
70 92 89
70 89 83
70 83 78
70 78 49
70 49 48
70 48 46
70 46 42
70 42 5
70 5 4
70 4 3
70 42 41
70 41 39
70 39 38
70 38 25
70 25 18
70 18 8
70 8 7
70 7 6
70 18 17
70 17 14
70 14 13
70 13 11
70 11 9
70 11 10
70 13 12
70 17 16
70 16 15
70 25 24
70 24 20
70 20 19
70 24 23
70 23 21
70 23 22
70 38 37
70 37 34
70 34 27
70 27 26
70 34 33
70 33 32
70 32 28
70 32 31
70 31 29
70 31 30
70 37 36
70 36 35
70 41 40
70 46 45
70 45 44
70 44 43
70 48 47
70 78 77
70 77 76
70 76 75
70 75 74
70 74 73
70 73 71
70 71 50
70 71 70
70 70 69
70 69 57
70 57 56
70 56 55
70 55 54
70 54 51
70 54 53
70 53 52
70 69 68
70 68 67
70 67 66
70 66 59
70 59 58
70 66 65
70 65 64
70 64 60
70 64 63
70 63 61
70 63 62
70 73 72
70 83 82
70 82 80
70 80 79
70 82 81
70 89 88
70 88 87
70 87 84
70 87 86
70 86 85
70 92 91
70 91 90
71 94 93
71 93 17
71 17 16
71 16 9
71 9 7
71 7 0
71 7 6
71 6 3
71 3 1
71 3 2
71 6 5
71 5 4
71 9 8
71 16 15
71 15 11
71 11 10
71 15 14
71 14 13
71 13 12
71 93 92
71 92 80
71 80 18
71 80 79
71 79 19
71 79 78
71 78 39
71 39 20
71 39 38
71 38 27
71 27 23
71 23 22
71 22 21
71 27 26
71 26 25
71 25 24
71 38 37
71 37 36
71 36 35
71 35 29
71 29 28
71 35 34
71 34 33
71 33 32
71 32 30
71 32 31
71 78 77
71 77 76
71 76 51
71 51 49
71 49 48
71 48 42
71 42 40
71 42 41
71 48 47
71 47 43
71 47 46
71 46 44
71 46 45
71 51 50
71 76 75
71 75 62
71 62 56
71 56 55
71 55 52
71 55 54
71 54 53
71 62 61
71 61 60
71 60 59
71 59 58
71 58 57
71 75 74
71 74 65
71 65 63
71 65 64
71 74 73
71 73 71
71 71 70
71 70 69
71 69 68
71 68 67
71 67 66
71 73 72
71 92 91
71 91 81
71 91 90
71 90 82
71 90 89
71 89 87
71 87 86
71 86 84
71 84 83
71 86 85
71 89 88
72 105 104
72 104 103
72 103 18
72 18 17
72 17 1
72 1 0
72 17 16
72 16 11
72 11 5
72 5 3
72 3 2
72 5 4
72 11 10
72 10 9
72 9 7
72 7 6
72 9 8
72 16 15
72 15 12
72 15 14
72 14 13
72 103 102
72 102 101
72 101 100
72 100 84
72 84 83
72 83 82
72 82 26
72 26 23
72 23 22
72 22 20
72 20 19
72 22 21
72 26 25
72 25 24
72 82 81
72 81 78
72 78 28
72 28 27
72 78 77
72 77 75
72 75 62
72 62 61
72 61 50
72 50 29
72 50 49
72 49 42
72 42 30
72 42 41
72 41 40
72 40 39
72 39 38
72 38 36
72 36 34
72 34 33
72 33 31
72 33 32
72 36 35
72 38 37
72 49 48
72 48 47
72 47 46
72 46 43
72 46 45
72 45 44
72 61 60
72 60 58
72 58 53
72 53 52
72 52 51
72 58 57
72 57 54
72 57 56
72 56 55
72 60 59
72 75 74
72 74 73
72 73 72
72 72 71
72 71 69
72 69 63
72 69 68
72 68 64
72 68 67
72 67 65
72 67 66
72 71 70
72 77 76
72 81 80
72 80 79
72 100 99
72 99 86
72 86 85
72 99 98
72 98 96
72 96 88
72 88 87
72 96 95
72 95 94
72 94 93
72 93 90
72 90 89
72 93 92
72 92 91
72 98 97
73 106 104
73 104 103
73 103 0
73 103 102
73 102 1
73 102 101
73 101 100
73 100 91
73 91 79
73 79 27
73 27 26
73 26 23
73 23 8
73 8 7
73 7 6
73 6 3
73 3 2
73 6 5
73 5 4
73 23 22
73 22 21
73 21 9
73 21 20
73 20 17
73 17 16
73 16 15
73 15 10
73 15 14
73 14 13
73 13 11
73 13 12
73 20 19
73 19 18
73 26 25
73 25 24
73 79 78
73 78 76
73 76 75
73 75 40
73 40 39
73 39 37
73 37 28
73 37 36
73 36 29
73 36 35
73 35 30
73 35 34
73 34 31
73 34 33
73 33 32
73 39 38
73 75 74
73 74 72
73 72 71
73 71 42
73 42 41
73 71 70
73 70 69
73 69 51
73 51 50
73 50 49
73 49 44
73 44 43
73 49 48
73 48 45
73 48 47
73 47 46
73 69 68
73 68 67
73 67 59
73 59 58
73 58 57
73 57 55
73 55 52
73 55 54
73 54 53
73 57 56
73 67 66
73 66 63
73 63 62
73 62 61
73 61 60
73 66 65
73 65 64
73 74 73
73 78 77
73 91 90
73 90 88
73 88 87
73 87 86
73 86 85
73 85 82
73 82 81
73 81 80
73 85 84
73 84 83
73 90 89
73 100 99
73 99 97
73 97 96
73 96 92
73 96 95
73 95 93
73 95 94
73 99 98
73 106 105
74 109 108
74 108 104
74 104 103
74 103 44
74 44 30
74 30 0
74 30 29
74 29 19
74 19 6
74 6 2
74 2 1
74 6 5
74 5 3
74 5 4
74 19 18
74 18 17
74 17 11
74 11 10
74 10 9
74 9 8
74 8 7
74 17 16
74 16 15
74 15 14
74 14 13
74 13 12
74 29 28
74 28 27
74 27 22
74 22 20
74 22 21
74 27 26
74 26 23
74 26 25
74 25 24
74 44 43
74 43 31
74 43 42
74 42 32
74 42 41
74 41 39
74 39 35
74 35 34
74 34 33
74 39 38
74 38 36
74 38 37
74 41 40
74 103 102
74 102 91
74 91 80
74 80 51
74 51 50
74 50 45
74 50 49
74 49 47
74 47 46
74 49 48
74 80 79
74 79 78
74 78 77
74 77 76
74 76 75
74 75 74
74 74 73
74 73 57
74 57 53
74 53 52
74 57 56
74 56 55
74 55 54
74 73 72
74 72 61
74 61 60
74 60 58
74 60 59
74 72 71
74 71 63
74 63 62
74 71 70
74 70 69
74 69 67
74 67 66
74 66 64
74 66 65
74 69 68
74 91 90
74 90 88
74 88 85
74 85 84
74 84 83
74 83 81
74 83 82
74 88 87
74 87 86
74 90 89
74 102 101
74 101 100
74 100 99
74 99 98
74 98 95
74 95 94
74 94 92
74 94 93
74 98 97
74 97 96
74 108 107
74 107 106
74 106 105
75 98 1
75 1 0
75 98 97
75 97 96
75 96 95
75 95 94
75 94 5
75 5 2
75 5 4
75 4 3
75 94 93
75 93 92
75 92 91
75 91 90
75 90 86
75 86 84
75 84 83
75 83 81
75 81 80
75 80 79
75 79 8
75 8 7
75 7 6
75 79 78
75 78 45
75 45 15
75 15 13
75 13 11
75 11 10
75 10 9
75 13 12
75 15 14
75 45 44
75 44 43
75 43 41
75 41 40
75 40 18
75 18 17
75 17 16
75 40 39
75 39 38
75 38 36
75 36 24
75 24 19
75 24 23
75 23 20
75 23 22
75 22 21
75 36 35
75 35 33
75 33 32
75 32 29
75 29 26
75 26 25
75 29 28
75 28 27
75 32 31
75 31 30
75 35 34
75 38 37
75 43 42
75 78 77
75 77 74
75 74 51
75 51 48
75 48 46
75 48 47
75 51 50
75 50 49
75 74 73
75 73 52
75 73 72
75 72 57
75 57 55
75 55 53
75 55 54
75 57 56
75 72 71
75 71 64
75 64 63
75 63 59
75 59 58
75 63 62
75 62 61
75 61 60
75 71 70
75 70 69
75 69 67
75 67 66
75 66 65
75 69 68
75 77 76
75 76 75
75 83 82
75 86 85
75 90 89
75 89 88
75 88 87
76 100 99
76 99 9
76 9 0
76 9 8
76 8 7
76 7 6
76 6 5
76 5 4
76 4 1
76 4 3
76 3 2
76 99 98
76 98 10
76 98 97
76 97 96
76 96 37
76 37 36
76 36 28
76 28 27
76 27 11
76 27 26
76 26 12
76 26 25
76 25 24
76 24 23
76 23 22
76 22 20
76 20 18
76 18 13
76 18 17
76 17 15
76 15 14
76 17 16
76 20 19
76 22 21
76 36 35
76 35 33
76 33 31
76 31 30
76 30 29
76 33 32
76 35 34
76 96 95
76 95 94
76 94 86
76 86 65
76 65 38
76 65 64
76 64 39
76 64 63
76 63 41
76 41 40
76 63 62
76 62 53
76 53 52
76 52 50
76 50 49
76 49 48
76 48 46
76 46 44
76 44 43
76 43 42
76 46 45
76 48 47
76 52 51
76 62 61
76 61 60
76 60 59
76 59 58
76 58 57
76 57 56
76 56 55
76 55 54
76 86 85
76 85 66
76 85 84
76 84 82
76 82 81
76 81 79
76 79 67
76 79 78
76 78 71
76 71 70
76 70 69
76 69 68
76 78 77
76 77 73
76 73 72
76 77 76
76 76 74
76 76 75
76 81 80
76 84 83
76 94 93
76 93 90
76 90 89
76 89 88
76 88 87
76 93 92
76 92 91
77 107 105
77 105 1
77 1 0
77 105 104
77 104 2
77 104 103
77 103 101
77 101 100
77 100 99
77 99 98
77 98 97
77 97 96
77 96 95
77 95 94
77 94 93
77 93 90
77 90 3
77 90 89
77 89 69
77 69 68
77 68 58
77 58 54
77 54 52
77 52 41
77 41 8
77 8 4
77 8 7
77 7 5
77 7 6
77 41 40
77 40 39
77 39 36
77 36 35
77 35 9
77 35 34
77 34 14
77 14 13
77 13 10
77 13 12
77 12 11
77 34 33
77 33 29
77 29 15
77 29 28
77 28 27
77 27 26
77 26 25
77 25 24
77 24 16
77 24 23
77 23 21
77 21 20
77 20 17
77 20 19
77 19 18
77 23 22
77 33 32
77 32 31
77 31 30
77 39 38
77 38 37
77 52 51
77 51 50
77 50 46
77 46 44
77 44 43
77 43 42
77 46 45
77 50 49
77 49 47
77 49 48
77 54 53
77 58 57
77 57 55
77 57 56
77 68 67
77 67 66
77 66 64
77 64 61
77 61 60
77 60 59
77 64 63
77 63 62
77 66 65
77 89 88
77 88 70
77 88 87
77 87 86
77 86 74
77 74 71
77 74 73
77 73 72
77 86 85
77 85 84
77 84 83
77 83 75
77 83 82
77 82 81
77 81 77
77 77 76
77 81 80
77 80 78
77 80 79
77 93 92
77 92 91
77 103 102
77 107 106
78 98 1
78 1 0
78 98 97
78 97 95
78 95 93
78 93 92
78 92 91
78 91 75
78 75 74
78 74 73
78 73 72
78 72 35
78 35 34
78 34 28
78 28 22
78 22 8
78 8 6
78 6 5
78 5 3
78 3 2
78 5 4
78 8 7
78 22 21
78 21 20
78 20 18
78 18 9
78 18 17
78 17 15
78 15 10
78 15 14
78 14 11
78 14 13
78 13 12
78 17 16
78 20 19
78 28 27
78 27 25
78 25 24
78 24 23
78 27 26
78 34 33
78 33 30
78 30 29
78 33 32
78 32 31
78 72 71
78 71 69
78 69 36
78 69 68
78 68 67
78 67 66
78 66 38
78 38 37
78 66 65
78 65 64
78 64 63
78 63 62
78 62 60
78 60 54
78 54 53
78 53 41
78 41 39
78 41 40
78 53 52
78 52 50
78 50 42
78 50 49
78 49 43
78 49 48
78 48 44
78 48 47
78 47 46
78 46 45
78 52 51
78 60 59
78 59 58
78 58 55
78 58 57
78 57 56
78 62 61
78 71 70
78 91 90
78 90 88
78 88 87
78 87 85
78 85 76
78 85 84
78 84 82
78 82 78
78 78 77
78 82 81
78 81 79
78 81 80
78 84 83
78 87 86
78 90 89
78 95 94
78 97 96
79 104 91
79 91 0
79 91 90
79 90 86
79 86 85
79 85 83
79 83 1
79 83 82
79 82 78
79 78 31
79 31 30
79 30 2
79 30 29
79 29 13
79 13 11
79 11 3
79 11 10
79 10 4
79 10 9
79 9 6
79 6 5
79 9 8
79 8 7
79 13 12
79 29 28
79 28 24
79 24 23
79 23 22
79 22 20
79 20 14
79 20 19
79 19 17
79 17 15
79 17 16
79 19 18
79 22 21
79 28 27
79 27 25
79 27 26
79 78 77
79 77 75
79 75 72
79 72 71
79 71 69
79 69 68
79 68 65
79 65 64
79 64 56
79 56 40
79 40 37
79 37 36
79 36 35
79 35 34
79 34 32
79 34 33
79 40 39
79 39 38
79 56 55
79 55 53
79 53 41
79 53 52
79 52 51
79 51 50
79 50 49
79 49 47
79 47 45
79 45 44
79 44 43
79 43 42
79 47 46
79 49 48
79 55 54
79 64 63
79 63 61
79 61 60
79 60 59
79 59 58
79 58 57
79 63 62
79 68 67
79 67 66
79 71 70
79 75 74
79 74 73
79 77 76
79 82 81
79 81 79
79 81 80
79 85 84
79 90 89
79 89 87
79 89 88
79 104 103
79 103 102
79 102 101
79 101 92
79 101 100
79 100 99
79 99 98
79 98 96
79 96 95
79 95 94
79 94 93
79 98 97
80 99 7
80 7 6
80 6 5
80 5 1
80 1 0
80 5 4
80 4 2
80 4 3
80 99 98
80 98 8
80 98 97
80 97 96
80 96 9
80 96 95
80 95 94
80 94 92
80 92 79
80 79 16
80 16 15
80 15 14
80 14 10
80 14 13
80 13 12
80 12 11
80 79 78
80 78 76
80 76 75
80 75 17
80 75 74
80 74 73
80 73 72
80 72 18
80 72 71
80 71 24
80 24 23
80 23 22
80 22 19
80 22 21
80 21 20
80 71 70
80 70 33
80 33 32
80 32 25
80 32 31
80 31 30
80 30 29
80 29 28
80 28 27
80 27 26
80 70 69
80 69 68
80 68 66
80 66 48
80 48 43
80 43 42
80 42 40
80 40 39
80 39 36
80 36 35
80 35 34
80 39 38
80 38 37
80 42 41
80 48 47
80 47 45
80 45 44
80 47 46
80 66 65
80 65 63
80 63 54
80 54 50
80 50 49
80 54 53
80 53 52
80 52 51
80 63 62
80 62 61
80 61 55
80 61 60
80 60 56
80 60 59
80 59 57
80 59 58
80 65 64
80 68 67
80 78 77
80 92 91
80 91 80
80 91 90
80 90 81
80 90 89
80 89 88
80 88 85
80 85 82
80 85 84
80 84 83
80 88 87
80 87 86
80 94 93
81 99 84
81 84 83
81 83 81
81 81 79
81 79 38
81 38 4
81 4 0
81 4 3
81 3 1
81 3 2
81 38 37
81 37 5
81 37 36
81 36 34
81 34 6
81 34 33
81 33 32
81 32 31
81 31 7
81 31 30
81 30 11
81 11 10
81 10 9
81 9 8
81 30 29
81 29 17
81 17 16
81 16 14
81 14 13
81 13 12
81 16 15
81 29 28
81 28 27
81 27 26
81 26 24
81 24 23
81 23 21
81 21 20
81 20 19
81 19 18
81 23 22
81 26 25
81 36 35
81 79 78
81 78 77
81 77 76
81 76 39
81 76 75
81 75 74
81 74 72
81 72 48
81 48 47
81 47 40
81 47 46
81 46 45
81 45 43
81 43 41
81 43 42
81 45 44
81 72 71
81 71 70
81 70 60
81 60 58
81 58 56
81 56 49
81 56 55
81 55 54
81 54 53
81 53 51
81 51 50
81 53 52
81 58 57
81 60 59
81 70 69
81 69 61
81 69 68
81 68 67
81 67 65
81 65 62
81 65 64
81 64 63
81 67 66
81 74 73
81 81 80
81 83 82
81 99 98
81 98 97
81 97 96
81 96 86
81 86 85
81 96 95
81 95 94
81 94 88
81 88 87
81 94 93
81 93 92
81 92 91
81 91 89
81 91 90
82 98 96
82 96 94
82 94 93
82 93 1
82 1 0
82 93 92
82 92 91
82 91 39
82 39 37
82 37 36
82 36 35
82 35 34
82 34 15
82 15 2
82 15 14
82 14 10
82 10 3
82 10 9
82 9 8
82 8 7
82 7 6
82 6 4
82 6 5
82 14 13
82 13 12
82 12 11
82 34 33
82 33 27
82 27 26
82 26 22
82 22 16
82 22 21
82 21 20
82 20 19
82 19 17
82 19 18
82 26 25
82 25 23
82 25 24
82 33 32
82 32 28
82 32 31
82 31 29
82 31 30
82 39 38
82 91 90
82 90 89
82 89 88
82 88 87
82 87 72
82 72 44
82 44 43
82 43 40
82 43 42
82 42 41
82 72 71
82 71 45
82 71 70
82 70 69
82 69 68
82 68 67
82 67 50
82 50 46
82 50 49
82 49 48
82 48 47
82 67 66
82 66 65
82 65 63
82 63 59
82 59 58
82 58 57
82 57 51
82 57 56
82 56 53
82 53 52
82 56 55
82 55 54
82 63 62
82 62 60
82 62 61
82 65 64
82 87 86
82 86 73
82 86 85
82 85 81
82 81 80
82 80 74
82 80 79
82 79 78
82 78 75
82 78 77
82 77 76
82 85 84
82 84 82
82 84 83
82 96 95
82 98 97
83 107 103
83 103 92
83 92 5
83 5 4
83 4 1
83 1 0
83 4 3
83 3 2
83 92 91
83 91 90
83 90 6
83 90 89
83 89 87
83 87 86
83 86 84
83 84 83
83 83 82
83 82 81
83 81 80
83 80 79
83 79 78
83 78 13
83 13 10
83 10 9
83 9 7
83 9 8
83 13 12
83 12 11
83 78 77
83 77 75
83 75 73
83 73 14
83 73 72
83 72 71
83 71 69
83 69 67
83 67 65
83 65 59
83 59 58
83 58 57
83 57 53
83 53 52
83 52 22
83 22 21
83 21 20
83 20 16
83 16 15
83 20 19
83 19 17
83 19 18
83 52 51
83 51 34
83 34 33
83 33 23
83 33 32
83 32 29
83 29 25
83 25 24
83 29 28
83 28 27
83 27 26
83 32 31
83 31 30
83 51 50
83 50 36
83 36 35
83 50 49
83 49 45
83 45 38
83 38 37
83 45 44
83 44 40
83 40 39
83 44 43
83 43 41
83 43 42
83 49 48
83 48 46
83 48 47
83 57 56
83 56 54
83 56 55
83 65 64
83 64 63
83 63 62
83 62 60
83 62 61
83 67 66
83 69 68
83 71 70
83 75 74
83 77 76
83 86 85
83 89 88
83 103 102
83 102 96
83 96 95
83 95 94
83 94 93
83 102 101
83 101 100
83 100 99
83 99 97
83 99 98
83 107 106
83 106 104
83 106 105
84 98 97
84 97 9
84 9 7
84 7 0
84 7 6
84 6 4
84 4 1
84 4 3
84 3 2
84 6 5
84 9 8
84 97 96
84 96 10
84 96 95
84 95 73
84 73 25
84 25 23
84 23 19
84 19 18
84 18 16
84 16 14
84 14 13
84 13 12
84 12 11
84 16 15
84 18 17
84 23 22
84 22 21
84 21 20
84 25 24
84 73 72
84 72 29
84 29 28
84 28 26
84 28 27
84 72 71
84 71 33
84 33 32
84 32 30
84 32 31
84 71 70
84 70 38
84 38 34
84 38 37
84 37 35
84 37 36
84 70 69
84 69 68
84 68 66
84 66 65
84 65 62
84 62 60
84 60 39
84 60 59
84 59 57
84 57 56
84 56 54
84 54 40
84 54 53
84 53 52
84 52 51
84 51 50
84 50 48
84 48 47
84 47 45
84 45 44
84 44 43
84 43 41
84 43 42
84 47 46
84 50 49
84 56 55
84 59 58
84 62 61
84 65 64
84 64 63
84 68 67
84 95 94
84 94 92
84 92 91
84 91 75
84 75 74
84 91 90
84 90 84
84 84 81
84 81 80
84 80 78
84 78 76
84 78 77
84 80 79
84 84 83
84 83 82
84 90 89
84 89 88
84 88 87
84 87 85
84 87 86
84 94 93
85 107 0
85 107 106
85 106 94
85 94 14
85 14 13
85 13 12
85 12 5
85 5 1
85 5 4
85 4 2
85 4 3
85 12 11
85 11 10
85 10 9
85 9 8
85 8 7
85 7 6
85 94 93
85 93 48
85 48 16
85 16 15
85 48 47
85 47 46
85 46 45
85 45 24
85 24 23
85 23 22
85 22 20
85 20 17
85 20 19
85 19 18
85 22 21
85 45 44
85 44 43
85 43 30
85 30 25
85 30 29
85 29 28
85 28 27
85 27 26
85 43 42
85 42 40
85 40 31
85 40 39
85 39 38
85 38 36
85 36 34
85 34 33
85 33 32
85 36 35
85 38 37
85 42 41
85 93 92
85 92 50
85 50 49
85 92 91
85 91 90
85 90 54
85 54 51
85 54 53
85 53 52
85 90 89
85 89 87
85 87 86
85 86 85
85 85 81
85 81 80
85 80 79
85 79 55
85 79 78
85 78 56
85 78 77
85 77 76
85 76 65
85 65 64
85 64 63
85 63 61
85 61 57
85 61 60
85 60 59
85 59 58
85 63 62
85 76 75
85 75 74
85 74 73
85 73 69
85 69 68
85 68 67
85 67 66
85 73 72
85 72 71
85 71 70
85 85 84
85 84 82
85 84 83
85 89 88
85 106 105
85 105 104
85 104 95
85 104 103
85 103 96
85 103 102
85 102 101
85 101 99
85 99 98
85 98 97
85 101 100
86 95 93
86 93 1
86 1 0
86 93 92
86 92 2
86 92 91
86 91 90
86 90 46
86 46 42
86 42 7
86 7 3
86 7 6
86 6 4
86 6 5
86 42 41
86 41 40
86 40 8
86 40 39
86 39 37
86 37 22
86 22 21
86 21 20
86 20 19
86 19 18
86 18 17
86 17 16
86 16 15
86 15 14
86 14 13
86 13 9
86 13 12
86 12 11
86 11 10
86 37 36
86 36 34
86 34 33
86 33 31
86 31 23
86 31 30
86 30 28
86 28 27
86 27 24
86 27 26
86 26 25
86 30 29
86 33 32
86 36 35
86 39 38
86 46 45
86 45 43
86 45 44
86 90 89
86 89 88
86 88 47
86 88 87
86 87 55
86 55 54
86 54 53
86 53 51
86 51 48
86 51 50
86 50 49
86 53 52
86 87 86
86 86 56
86 86 85
86 85 83
86 83 82
86 82 79
86 79 76
86 76 75
86 75 73
86 73 72
86 72 71
86 71 70
86 70 69
86 69 60
86 60 59
86 59 57
86 59 58
86 69 68
86 68 67
86 67 66
86 66 61
86 66 65
86 65 63
86 63 62
86 65 64
86 75 74
86 79 78
86 78 77
86 82 81
86 81 80
86 85 84
86 95 94
87 106 98
87 98 97
87 97 96
87 96 93
87 93 20
87 20 4
87 4 2
87 2 0
87 2 1
87 4 3
87 20 19
87 19 5
87 19 18
87 18 17
87 17 16
87 16 7
87 7 6
87 16 15
87 15 10
87 10 8
87 10 9
87 15 14
87 14 12
87 12 11
87 14 13
87 93 92
87 92 91
87 91 21
87 91 90
87 90 89
87 89 88
87 88 27
87 27 26
87 26 22
87 26 25
87 25 24
87 24 23
87 88 87
87 87 86
87 86 84
87 84 31
87 31 30
87 30 29
87 29 28
87 84 83
87 83 82
87 82 32
87 82 81
87 81 33
87 81 80
87 80 78
87 78 75
87 75 66
87 66 57
87 57 35
87 35 34
87 57 56
87 56 37
87 37 36
87 56 55
87 55 54
87 54 52
87 52 38
87 52 51
87 51 39
87 51 50
87 50 43
87 43 40
87 43 42
87 42 41
87 50 49
87 49 47
87 47 44
87 47 46
87 46 45
87 49 48
87 54 53
87 66 65
87 65 64
87 64 60
87 60 58
87 60 59
87 64 63
87 63 62
87 62 61
87 75 74
87 74 73
87 73 72
87 72 71
87 71 70
87 70 69
87 69 68
87 68 67
87 78 77
87 77 76
87 80 79
87 86 85
87 96 95
87 95 94
87 106 105
87 105 104
87 104 102
87 102 101
87 101 99
87 101 100
87 104 103
88 97 19
88 19 6
88 6 4
88 4 2
88 2 0
88 2 1
88 4 3
88 6 5
88 19 18
88 18 13
88 13 12
88 12 10
88 10 9
88 9 7
88 9 8
88 12 11
88 18 17
88 17 15
88 15 14
88 17 16
88 97 96
88 96 95
88 95 86
88 86 36
88 36 34
88 34 33
88 33 32
88 32 31
88 31 30
88 30 22
88 22 21
88 21 20
88 30 29
88 29 24
88 24 23
88 29 28
88 28 27
88 27 26
88 26 25
88 36 35
88 86 85
88 85 84
88 84 83
88 83 37
88 83 82
88 82 41
88 41 40
88 40 38
88 40 39
88 82 81
88 81 80
88 80 79
88 79 78
88 78 62
88 62 61
88 61 60
88 60 55
88 55 54
88 54 53
88 53 52
88 52 51
88 51 50
88 50 44
88 44 43
88 43 42
88 50 49
88 49 48
88 48 45
88 48 47
88 47 46
88 60 59
88 59 58
88 58 56
88 58 57
88 78 77
88 77 72
88 72 65
88 65 63
88 65 64
88 72 71
88 71 70
88 70 66
88 70 69
88 69 68
88 68 67
88 77 76
88 76 74
88 74 73
88 76 75
88 95 94
88 94 93
88 93 87
88 93 92
88 92 91
88 91 90
88 90 88
88 90 89
89 95 93
89 93 50
89 50 49
89 49 44
89 44 42
89 42 40
89 40 0
89 40 39
89 39 38
89 38 4
89 4 1
89 4 3
89 3 2
89 38 37
89 37 28
89 28 23
89 23 21
89 21 20
89 20 13
89 13 12
89 12 7
89 7 5
89 7 6
89 12 11
89 11 9
89 9 8
89 11 10
89 20 19
89 19 17
89 17 14
89 17 16
89 16 15
89 19 18
89 23 22
89 28 27
89 27 25
89 25 24
89 27 26
89 37 36
89 36 31
89 31 30
89 30 29
89 36 35
89 35 32
89 35 34
89 34 33
89 42 41
89 44 43
89 49 48
89 48 46
89 46 45
89 48 47
89 93 92
89 92 52
89 52 51
89 92 91
89 91 53
89 91 90
89 90 89
89 89 88
89 88 87
89 87 83
89 83 81
89 81 79
89 79 78
89 78 77
89 77 76
89 76 66
89 66 65
89 65 54
89 65 64
89 64 58
89 58 55
89 58 57
89 57 56
89 64 63
89 63 62
89 62 60
89 60 59
89 62 61
89 76 75
89 75 67
89 75 74
89 74 68
89 74 73
89 73 69
89 73 72
89 72 71
89 71 70
89 81 80
89 83 82
89 87 86
89 86 84
89 86 85
89 95 94
90 107 105
90 105 104
90 104 10
90 10 8
90 8 5
90 5 4
90 4 0
90 4 3
90 3 1
90 3 2
90 8 7
90 7 6
90 10 9
90 104 103
90 103 78
90 78 11
90 78 77
90 77 76
90 76 75
90 75 74
90 74 70
90 70 65
90 65 64
90 64 39
90 39 37
90 37 31
90 31 28
90 28 27
90 27 26
90 26 21
90 21 12
90 21 20
90 20 17
90 17 16
90 16 14
90 14 13
90 16 15
90 20 19
90 19 18
90 26 25
90 25 24
90 24 22
90 24 23
90 31 30
90 30 29
90 37 36
90 36 35
90 35 32
90 35 34
90 34 33
90 39 38
90 64 63
90 63 62
90 62 61
90 61 59
90 59 58
90 58 43
90 43 42
90 42 40
90 42 41
90 58 57
90 57 54
90 54 53
90 53 52
90 52 49
90 49 48
90 48 44
90 48 47
90 47 45
90 47 46
90 52 51
90 51 50
90 57 56
90 56 55
90 61 60
90 70 69
90 69 68
90 68 67
90 67 66
90 74 73
90 73 72
90 72 71
90 103 102
90 102 99
90 99 80
90 80 79
90 99 98
90 98 95
90 95 94
90 94 83
90 83 82
90 82 81
90 94 93
90 93 90
90 90 89
90 89 84
90 89 88
90 88 86
90 86 85
90 88 87
90 93 92
90 92 91
90 98 97
90 97 96
90 102 101
90 101 100
90 107 106
91 99 98
91 98 18
91 18 10
91 10 8
91 8 6
91 6 5
91 5 2
91 2 1
91 1 0
91 5 4
91 4 3
91 8 7
91 10 9
91 18 17
91 17 16
91 16 15
91 15 14
91 14 13
91 13 12
91 12 11
91 98 97
91 97 96
91 96 83
91 83 82
91 82 81
91 81 80
91 80 19
91 80 79
91 79 78
91 78 20
91 78 77
91 77 72
91 72 21
91 72 71
91 71 22
91 71 70
91 70 55
91 55 27
91 27 26
91 26 24
91 24 23
91 26 25
91 55 54
91 54 53
91 53 49
91 49 28
91 49 48
91 48 43
91 43 31
91 31 29
91 31 30
91 43 42
91 42 40
91 40 36
91 36 34
91 34 33
91 33 32
91 36 35
91 40 39
91 39 38
91 38 37
91 42 41
91 48 47
91 47 44
91 47 46
91 46 45
91 53 52
91 52 50
91 52 51
91 70 69
91 69 67
91 67 63
91 63 56
91 63 62
91 62 59
91 59 57
91 59 58
91 62 61
91 61 60
91 67 66
91 66 64
91 66 65
91 69 68
91 77 76
91 76 75
91 75 74
91 74 73
91 96 95
91 95 94
91 94 92
91 92 91
91 91 90
91 90 84
91 90 89
91 89 87
91 87 86
91 86 85
91 89 88
91 94 93
92 97 87
92 87 84
92 84 83
92 83 82
92 82 10
92 10 6
92 6 5
92 5 0
92 5 4
92 4 1
92 4 3
92 3 2
92 10 9
92 9 8
92 8 7
92 82 81
92 81 80
92 80 78
92 78 77
92 77 74
92 74 28
92 28 27
92 27 26
92 26 22
92 22 20
92 20 16
92 16 12
92 12 11
92 16 15
92 15 13
92 15 14
92 20 19
92 19 18
92 18 17
92 22 21
92 26 25
92 25 24
92 24 23
92 74 73
92 73 29
92 73 72
92 72 69
92 69 37
92 37 36
92 36 30
92 36 35
92 35 31
92 35 34
92 34 33
92 33 32
92 69 68
92 68 63
92 63 38
92 63 62
92 62 61
92 61 43
92 43 41
92 41 40
92 40 39
92 43 42
92 61 60
92 60 59
92 59 45
92 45 44
92 59 58
92 58 52
92 52 51
92 51 50
92 50 48
92 48 47
92 47 46
92 50 49
92 58 57
92 57 56
92 56 53
92 56 55
92 55 54
92 68 67
92 67 66
92 66 65
92 65 64
92 72 71
92 71 70
92 77 76
92 76 75
92 80 79
92 87 86
92 86 85
92 97 96
92 96 94
92 94 92
92 92 88
92 92 91
92 91 90
92 90 89
92 94 93
92 96 95
93 106 105
93 105 104
93 104 101
93 101 99
93 99 0
93 99 98
93 98 96
93 96 21
93 21 1
93 21 20
93 20 17
93 17 16
93 16 12
93 12 5
93 5 4
93 4 2
93 4 3
93 12 11
93 11 9
93 9 6
93 9 8
93 8 7
93 11 10
93 16 15
93 15 14
93 14 13
93 20 19
93 19 18
93 96 95
93 95 89
93 89 88
93 88 86
93 86 85
93 85 84
93 84 68
93 68 53
93 53 24
93 24 23
93 23 22
93 53 52
93 52 44
93 44 25
93 44 43
93 43 33
93 33 31
93 31 30
93 30 28
93 28 27
93 27 26
93 30 29
93 33 32
93 43 42
93 42 37
93 37 36
93 36 34
93 36 35
93 42 41
93 41 40
93 40 38
93 40 39
93 52 51
93 51 46
93 46 45
93 51 50
93 50 47
93 50 49
93 49 48
93 68 67
93 67 65
93 65 56
93 56 54
93 56 55
93 65 64
93 64 63
93 63 62
93 62 57
93 62 61
93 61 59
93 59 58
93 61 60
93 67 66
93 84 83
93 83 81
93 81 78
93 78 69
93 78 77
93 77 70
93 77 76
93 76 72
93 72 71
93 76 75
93 75 74
93 74 73
93 81 80
93 80 79
93 83 82
93 88 87
93 95 94
93 94 93
93 93 91
93 91 90
93 93 92
93 98 97
93 101 100
93 104 103
93 103 102
94 107 2
94 2 1
94 1 0
94 107 106
94 106 104
94 104 4
94 4 3
94 104 103
94 103 102
94 102 77
94 77 73
94 73 72
94 72 71
94 71 70
94 70 64
94 64 62
94 62 27
94 27 26
94 26 8
94 8 6
94 6 5
94 8 7
94 26 25
94 25 24
94 24 23
94 23 22
94 22 11
94 11 10
94 10 9
94 22 21
94 21 20
94 20 19
94 19 18
94 18 12
94 18 17
94 17 13
94 17 16
94 16 15
94 15 14
94 62 61
94 61 30
94 30 28
94 30 29
94 61 60
94 60 56
94 56 48
94 48 44
94 44 42
94 42 31
94 42 41
94 41 32
94 41 40
94 40 39
94 39 36
94 36 34
94 34 33
94 36 35
94 39 38
94 38 37
94 44 43
94 48 47
94 47 45
94 47 46
94 56 55
94 55 53
94 53 51
94 51 49
94 51 50
94 53 52
94 55 54
94 60 59
94 59 57
94 59 58
94 64 63
94 70 69
94 69 68
94 68 65
94 68 67
94 67 66
94 77 76
94 76 74
94 76 75
94 102 101
94 101 99
94 99 97
94 97 81
94 81 80
94 80 79
94 79 78
94 97 96
94 96 82
94 96 95
94 95 93
94 93 92
94 92 91
94 91 86
94 86 85
94 85 83
94 85 84
94 91 90
94 90 89
94 89 87
94 89 88
94 95 94
94 99 98
94 101 100
94 106 105
95 96 94
95 94 2
95 2 0
95 2 1
95 94 93
95 93 92
95 92 91
95 91 3
95 91 90
95 90 5
95 5 4
95 90 89
95 89 88
95 88 39
95 39 38
95 38 6
95 38 37
95 37 36
95 36 35
95 35 33
95 33 7
95 33 32
95 32 8
95 32 31
95 31 30
95 30 29
95 29 28
95 28 27
95 27 26
95 26 25
95 25 9
95 25 24
95 24 15
95 15 13
95 13 12
95 12 10
95 12 11
95 15 14
95 24 23
95 23 18
95 18 17
95 17 16
95 23 22
95 22 21
95 21 19
95 21 20
95 35 34
95 88 87
95 87 86
95 86 42
95 42 40
95 42 41
95 86 85
95 85 83
95 83 82
95 82 63
95 63 55
95 55 43
95 55 54
95 54 51
95 51 50
95 50 49
95 49 47
95 47 44
95 47 46
95 46 45
95 49 48
95 54 53
95 53 52
95 63 62
95 62 61
95 61 59
95 59 57
95 57 56
95 59 58
95 61 60
95 82 81
95 81 74
95 74 72
95 72 67
95 67 66
95 66 64
95 66 65
95 72 71
95 71 70
95 70 68
95 70 69
95 74 73
95 81 80
95 80 77
95 77 75
95 77 76
95 80 79
95 79 78
95 85 84
95 96 95
96 104 0
96 104 103
96 103 55
96 55 54
96 54 53
96 53 52
96 52 2
96 2 1
96 52 51
96 51 50
96 50 5
96 5 4
96 4 3
96 50 49
96 49 48
96 48 47
96 47 46
96 46 6
96 46 45
96 45 12
96 12 11
96 11 10
96 10 7
96 10 9
96 9 8
96 45 44
96 44 43
96 43 42
96 42 41
96 41 40
96 40 39
96 39 14
96 14 13
96 39 38
96 38 29
96 29 15
96 29 28
96 28 26
96 26 24
96 24 23
96 23 22
96 22 21
96 21 20
96 20 19
96 19 17
96 17 16
96 19 18
96 26 25
96 28 27
96 38 37
96 37 36
96 36 33
96 33 31
96 31 30
96 33 32
96 36 35
96 35 34
96 103 102
96 102 101
96 101 97
96 97 56
96 97 96
96 96 94
96 94 63
96 63 61
96 61 60
96 60 59
96 59 58
96 58 57
96 63 62
96 94 93
96 93 92
96 92 91
96 91 88
96 88 73
96 73 72
96 72 71
96 71 69
96 69 68
96 68 64
96 68 67
96 67 65
96 67 66
96 71 70
96 88 87
96 87 86
96 86 82
96 82 79
96 79 78
96 78 77
96 77 75
96 75 74
96 77 76
96 82 81
96 81 80
96 86 85
96 85 83
96 85 84
96 91 90
96 90 89
96 96 95
96 101 100
96 100 99
96 99 98
97 106 101
97 101 100
97 100 82
97 82 0
97 82 81
97 81 1
97 81 80
97 80 2
97 80 79
97 79 77
97 77 67
97 67 66
97 66 64
97 64 27
97 27 8
97 8 7
97 7 5
97 5 3
97 5 4
97 7 6
97 27 26
97 26 19
97 19 15
97 15 12
97 12 11
97 11 10
97 10 9
97 15 14
97 14 13
97 19 18
97 18 17
97 17 16
97 26 25
97 25 20
97 25 24
97 24 23
97 23 22
97 22 21
97 64 63
97 63 62
97 62 60
97 60 38
97 38 36
97 36 31
97 31 30
97 30 29
97 29 28
97 36 35
97 35 33
97 33 32
97 35 34
97 38 37
97 60 59
97 59 58
97 58 53
97 53 40
97 40 39
97 53 52
97 52 41
97 52 51
97 51 50
97 50 42
97 50 49
97 49 48
97 48 45
97 45 44
97 44 43
97 48 47
97 47 46
97 58 57
97 57 56
97 56 55
97 55 54
97 62 61
97 66 65
97 77 76
97 76 75
97 75 74
97 74 73
97 73 72
97 72 71
97 71 68
97 71 70
97 70 69
97 79 78
97 100 99
97 99 96
97 96 93
97 93 92
97 92 90
97 90 87
97 87 85
97 85 83
97 85 84
97 87 86
97 90 89
97 89 88
97 92 91
97 96 95
97 95 94
97 99 98
97 98 97
97 106 105
97 105 104
97 104 103
97 103 102
98 106 104
98 104 76
98 76 74
98 74 1
98 1 0
98 74 73
98 73 53
98 53 52
98 52 11
98 11 5
98 5 4
98 4 3
98 3 2
98 11 10
98 10 7
98 7 6
98 10 9
98 9 8
98 52 51
98 51 18
98 18 15
98 15 14
98 14 13
98 13 12
98 18 17
98 17 16
98 51 50
98 50 49
98 49 19
98 49 48
98 48 39
98 39 37
98 37 36
98 36 33
98 33 31
98 31 20
98 31 30
98 30 29
98 29 21
98 29 28
98 28 27
98 27 26
98 26 24
98 24 22
98 24 23
98 26 25
98 33 32
98 36 35
98 35 34
98 39 38
98 48 47
98 47 41
98 41 40
98 47 46
98 46 42
98 46 45
98 45 44
98 44 43
98 73 72
98 72 71
98 71 70
98 70 54
98 70 69
98 69 65
98 65 55
98 65 64
98 64 63
98 63 58
98 58 57
98 57 56
98 63 62
98 62 61
98 61 60
98 60 59
98 69 68
98 68 67
98 67 66
98 76 75
98 104 103
98 103 101
98 101 100
98 100 79
98 79 78
98 78 77
98 100 99
98 99 98
98 98 97
98 97 91
98 91 80
98 91 90
98 90 89
98 89 87
98 87 86
98 86 85
98 85 84
98 84 81
98 84 83
98 83 82
98 89 88
98 97 96
98 96 95
98 95 93
98 93 92
98 95 94
98 103 102
98 106 105
99 96 95
99 95 94
99 94 86
99 86 83
99 83 2
99 2 0
99 2 1
99 83 82
99 82 79
99 79 73
99 73 71
99 71 66
99 66 65
99 65 64
99 64 3
99 64 63
99 63 4
99 63 62
99 62 6
99 6 5
99 62 61
99 61 57
99 57 51
99 51 27
99 27 24
99 24 21
99 21 20
99 20 18
99 18 14
99 14 12
99 12 11
99 11 7
99 11 10
99 10 9
99 9 8
99 14 13
99 18 17
99 17 16
99 16 15
99 20 19
99 24 23
99 23 22
99 27 26
99 26 25
99 51 50
99 50 49
99 49 28
99 49 48
99 48 45
99 45 44
99 44 43
99 43 42
99 42 41
99 41 30
99 30 29
99 41 40
99 40 39
99 39 37
99 37 35
99 35 33
99 33 31
99 33 32
99 35 34
99 37 36
99 39 38
99 48 47
99 47 46
99 57 56
99 56 55
99 55 54
99 54 52
99 54 53
99 61 60
99 60 58
99 60 59
99 71 70
99 70 69
99 69 67
99 69 68
99 73 72
99 79 78
99 78 75
99 75 74
99 78 77
99 77 76
99 82 81
99 81 80
99 86 85
99 85 84
99 94 93
99 93 92
99 92 91
99 91 89
99 89 87
99 89 88
99 91 90
100 101 100
100 100 99
100 99 97
100 97 96
100 96 94
100 94 92
100 92 91
100 91 78
100 78 76
100 76 74
100 74 69
100 69 62
100 62 61
100 61 7
100 7 6
100 6 5
100 5 0
100 5 4
100 4 1
100 4 3
100 3 2
100 61 60
100 60 53
100 53 8
100 53 52
100 52 47
100 47 46
100 46 44
100 44 43
100 43 9
100 43 42
100 42 41
100 41 40
100 40 10
100 40 39
100 39 38
100 38 36
100 36 11
100 36 35
100 35 12
100 35 34
100 34 33
100 33 28
100 28 26
100 26 22
100 22 20
100 20 19
100 19 13
100 19 18
100 18 16
100 16 15
100 15 14
100 18 17
100 22 21
100 26 25
100 25 23
100 25 24
100 28 27
100 33 32
100 32 29
100 32 31
100 31 30
100 38 37
100 46 45
100 52 51
100 51 48
100 51 50
100 50 49
100 60 59
100 59 57
100 57 54
100 57 56
100 56 55
100 59 58
100 69 68
100 68 67
100 67 63
100 67 66
100 66 64
100 66 65
100 74 73
100 73 72
100 72 70
100 72 71
100 76 75
100 78 77
100 91 90
100 90 89
100 89 85
100 85 79
100 85 84
100 84 83
100 83 81
100 81 80
100 83 82
100 89 88
100 88 87
100 87 86
100 94 93
100 96 95
100 99 98
101 100 98
101 98 97
101 97 20
101 20 19
101 19 18
101 18 12
101 12 7
101 7 5
101 5 0
101 5 4
101 4 3
101 3 1
101 3 2
101 7 6
101 12 11
101 11 10
101 10 8
101 10 9
101 18 17
101 17 16
101 16 13
101 16 15
101 15 14
101 97 96
101 96 95
101 95 93
101 93 91
101 91 90
101 90 89
101 89 84
101 84 82
101 82 23
101 23 21
101 23 22
101 82 81
101 81 80
101 80 79
101 79 72
101 72 27
101 27 24
101 27 26
101 26 25
101 72 71
101 71 29
101 29 28
101 71 70
101 70 31
101 31 30
101 70 69
101 69 68
101 68 67
101 67 32
101 67 66
101 66 64
101 64 63
101 63 34
101 34 33
101 63 62
101 62 61
101 61 58
101 58 51
101 51 36
101 36 35
101 51 50
101 50 37
101 50 49
101 49 48
101 48 43
101 43 41
101 41 40
101 40 38
101 40 39
101 43 42
101 48 47
101 47 44
101 47 46
101 46 45
101 58 57
101 57 52
101 57 56
101 56 55
101 55 53
101 55 54
101 61 60
101 60 59
101 66 65
101 79 78
101 78 77
101 77 76
101 76 74
101 74 73
101 76 75
101 84 83
101 89 88
101 88 86
101 86 85
101 88 87
101 93 92
101 95 94
101 100 99
