1 30 27
1 27 26
1 26 25
1 25 23
1 23 22
1 22 2
1 2 0
1 2 1
1 22 21
1 21 4
1 4 3
1 21 20
1 20 9
1 9 8
1 8 7
1 7 6
1 6 5
1 20 19
1 19 18
1 18 17
1 17 10
1 17 16
1 16 11
1 16 15
1 15 12
1 15 14
1 14 13
1 25 24
1 30 29
1 29 28
2 29 28
2 28 27
2 27 15
2 15 14
2 14 13
2 13 1
2 1 0
2 13 12
2 12 7
2 7 6
2 6 5
2 5 2
2 5 4
2 4 3
2 12 11
2 11 8
2 11 10
2 10 9
2 27 26
2 26 16
2 26 25
2 25 24
2 24 18
2 18 17
2 24 23
2 23 22
2 22 19
2 22 21
2 21 20
3 31 29
3 29 20
3 20 19
3 19 18
3 18 17
3 17 15
3 15 13
3 13 11
3 11 10
3 10 0
3 10 9
3 9 8
3 8 6
3 6 5
3 5 4
3 4 1
3 4 3
3 3 2
3 8 7
3 13 12
3 15 14
3 17 16
3 29 28
3 28 24
3 24 21
3 24 23
3 23 22
3 28 27
3 27 26
3 26 25
3 31 30
4 32 8
4 8 6
4 6 5
4 5 3
4 3 1
4 1 0
4 3 2
4 5 4
4 8 7
4 32 31
4 31 9
4 31 30
4 30 29
4 29 18
4 18 17
4 17 16
4 16 15
4 15 11
4 11 10
4 15 14
4 14 12
4 14 13
4 29 28
4 28 25
4 25 23
4 23 22
4 22 21
4 21 20
4 20 19
4 25 24
4 28 27
4 27 26
5 34 0
5 34 33
5 33 27
5 27 26
5 26 25
5 25 24
5 24 23
5 23 22
5 22 21
5 21 20
5 20 19
5 19 17
5 17 16
5 16 8
5 8 6
5 6 3
5 3 2
5 2 1
5 6 5
5 5 4
5 8 7
5 16 15
5 15 14
5 14 9
5 14 13
5 13 12
5 12 11
5 11 10
5 19 18
5 33 32
5 32 31
5 31 28
5 31 30
5 30 29
6 29 28
6 28 27
6 27 17
6 17 16
6 16 3
6 3 1
6 1 0
6 3 2
6 16 15
6 15 4
6 15 14
6 14 13
6 13 7
6 7 6
6 6 5
6 13 12
6 12 9
6 9 8
6 12 11
6 11 10
6 27 26
6 26 25
6 25 24
6 24 21
6 21 18
6 21 20
6 20 19
6 24 23
6 23 22
7 30 13
7 13 12
7 12 11
7 11 0
7 11 10
7 10 2
7 2 1
7 10 9
7 9 8
7 8 6
7 6 5
7 5 4
7 4 3
7 8 7
7 30 29
7 29 14
7 29 28
7 28 27
7 27 25
7 25 17
7 17 16
7 16 15
7 25 24
7 24 22
7 22 20
7 20 19
7 19 18
7 22 21
7 24 23
7 27 26
8 31 0
8 31 30
8 30 4
8 4 3
8 3 2
8 2 1
8 30 29
8 29 28
8 28 27
8 27 19
8 19 6
8 6 5
8 19 18
8 18 7
8 18 17
8 17 15
8 15 14
8 14 8
8 14 13
8 13 12
8 12 11
8 11 9
8 11 10
8 17 16
8 27 26
8 26 21
8 21 20
8 26 25
8 25 22
8 25 24
8 24 23
9 30 27
9 27 25
9 25 1
9 1 0
9 25 24
9 24 23
9 23 21
9 21 2
9 21 20
9 20 9
9 9 8
9 8 7
9 7 5
9 5 4
9 4 3
9 7 6
9 20 19
9 19 14
9 14 12
9 12 11
9 11 10
9 14 13
9 19 18
9 18 16
9 16 15
9 18 17
9 23 22
9 27 26
9 30 29
9 29 28
10 33 32
10 32 22
10 22 5
10 5 4
10 4 0
10 4 3
10 3 2
10 2 1
10 22 21
10 21 6
10 21 20
10 20 19
10 19 17
10 17 16
10 16 10
10 10 7
10 10 9
10 9 8
10 16 15
10 15 14
10 14 12
10 12 11
10 14 13
10 19 18
10 32 31
10 31 24
10 24 23
10 31 30
10 30 25
10 30 29
10 29 28
10 28 26
10 28 27
11 29 28
11 28 1
11 1 0
11 28 27
11 27 16
11 16 15
11 15 14
11 14 4
11 4 2
11 4 3
11 14 13
11 13 12
11 12 10
11 10 8
11 8 7
11 7 5
11 7 6
11 10 9
11 12 11
11 27 26
11 26 24
11 24 23
11 23 22
11 22 21
11 21 20
11 20 19
11 19 17
11 19 18
11 26 25
12 31 1
12 1 0
12 31 30
12 30 29
12 29 5
12 5 4
12 4 2
12 4 3
12 29 28
12 28 27
12 27 16
12 16 14
12 14 12
12 12 8
12 8 7
12 7 6
12 12 11
12 11 9
12 11 10
12 14 13
12 16 15
12 27 26
12 26 25
12 25 24
12 24 23
12 23 22
12 22 21
12 21 17
12 21 20
12 20 19
12 19 18
13 31 30
13 30 14
13 14 12
13 12 10
13 10 2
13 2 0
13 2 1
13 10 9
13 9 5
13 5 3
13 5 4
13 9 8
13 8 6
13 8 7
13 12 11
13 14 13
13 30 29
13 29 16
13 16 15
13 29 28
13 28 21
13 21 19
13 19 17
13 19 18
13 21 20
13 28 27
13 27 22
13 27 26
13 26 25
13 25 23
13 25 24
14 31 26
14 26 25
14 25 23
14 23 20
14 20 10
14 10 9
14 9 7
14 7 6
14 6 4
14 4 0
14 4 3
14 3 2
14 2 1
14 6 5
14 9 8
14 20 19
14 19 18
14 18 16
14 16 13
14 13 12
14 12 11
14 16 15
14 15 14
14 18 17
14 23 22
14 22 21
14 25 24
14 31 30
14 30 29
14 29 27
14 29 28
15 34 9
15 9 7
15 7 6
15 6 5
15 5 4
15 4 2
15 2 0
15 2 1
15 4 3
15 9 8
15 34 33
15 33 31
15 31 29
15 29 28
15 28 27
15 27 26
15 26 22
15 22 20
15 20 18
15 18 17
15 17 11
15 11 10
15 17 16
15 16 14
15 14 12
15 14 13
15 16 15
15 20 19
15 22 21
15 26 25
15 25 24
15 24 23
15 31 30
15 33 32
16 34 0
16 34 33
16 33 31
16 31 25
16 25 22
16 22 4
16 4 3
16 3 1
16 3 2
16 22 21
16 21 20
16 20 17
16 17 16
16 16 13
16 13 9
16 9 8
16 8 7
16 7 5
16 7 6
16 13 12
16 12 10
16 12 11
16 16 15
16 15 14
16 20 19
16 19 18
16 25 24
16 24 23
16 31 30
16 30 27
16 27 26
16 30 29
16 29 28
16 33 32
17 31 30
17 30 16
17 16 15
17 15 4
17 4 1
17 1 0
17 4 3
17 3 2
17 15 14
17 14 11
17 11 6
17 6 5
17 11 10
17 10 7
17 10 9
17 9 8
17 14 13
17 13 12
17 30 29
17 29 23
17 23 21
17 21 20
17 20 17
17 20 19
17 19 18
17 23 22
17 29 28
17 28 26
17 26 25
17 25 24
17 28 27
18 33 26
18 26 25
18 25 23
18 23 22
18 22 18
18 18 6
18 6 4
18 4 2
18 2 1
18 1 0
18 4 3
18 6 5
18 18 17
18 17 11
18 11 7
18 11 10
18 10 9
18 9 8
18 17 16
18 16 12
18 16 15
18 15 13
18 15 14
18 22 21
18 21 19
18 21 20
18 25 24
18 33 32
18 32 31
18 31 30
18 30 28
18 28 27
18 30 29
19 32 10
19 10 8
19 8 7
19 7 1
19 1 0
19 7 6
19 6 5
19 5 2
19 5 4
19 4 3
19 10 9
19 32 31
19 31 17
19 17 16
19 16 11
19 16 15
19 15 12
19 15 14
19 14 13
19 31 30
19 30 29
19 29 21
19 21 20
19 20 19
19 19 18
19 29 28
19 28 22
19 28 27
19 27 26
19 26 23
19 26 25
19 25 24
20 33 27
20 27 13
20 13 12
20 12 7
20 7 1
20 1 0
20 7 6
20 6 4
20 4 2
20 4 3
20 6 5
20 12 11
20 11 9
20 9 8
20 11 10
20 27 26
20 26 24
20 24 16
20 16 15
20 15 14
20 24 23
20 23 21
20 21 17
20 21 20
20 20 19
20 19 18
20 23 22
20 26 25
20 33 32
20 32 31
20 31 30
20 30 28
20 30 29
21 29 28
21 28 1
21 1 0
21 28 27
21 27 24
21 24 23
21 23 20
21 20 18
21 18 6
21 6 4
21 4 2
21 4 3
21 6 5
21 18 17
21 17 10
21 10 9
21 9 8
21 8 7
21 17 16
21 16 14
21 14 13
21 13 11
21 13 12
21 16 15
21 20 19
21 23 22
21 22 21
21 27 26
21 26 25
22 31 2
22 2 1
22 1 0
22 31 30
22 30 29
22 29 26
22 26 11
22 11 10
22 10 3
22 10 9
22 9 5
22 5 4
22 9 8
22 8 6
22 8 7
22 26 25
22 25 24
22 24 21
22 21 20
22 20 19
22 19 17
22 17 12
22 17 16
22 16 15
22 15 13
22 15 14
22 19 18
22 24 23
22 23 22
22 29 28
22 28 27
23 30 29
23 29 0
23 29 28
23 28 1
23 28 27
23 27 21
23 21 20
23 20 6
23 6 5
23 5 4
23 4 2
23 4 3
23 20 19
23 19 17
23 17 10
23 10 9
23 9 8
23 8 7
23 17 16
23 16 14
23 14 13
23 13 11
23 13 12
23 16 15
23 19 18
23 27 26
23 26 25
23 25 23
23 23 22
23 25 24
24 29 28
24 28 27
24 27 24
24 24 0
24 24 23
24 23 22
24 22 20
24 20 19
24 19 17
24 17 16
24 16 2
24 2 1
24 16 15
24 15 14
24 14 13
24 13 12
24 12 11
24 11 10
24 10 9
24 9 7
24 7 4
24 4 3
24 7 6
24 6 5
24 9 8
24 19 18
24 22 21
24 27 26
24 26 25
25 32 11
25 11 10
25 10 0
25 10 9
25 9 8
25 8 2
25 2 1
25 8 7
25 7 6
25 6 3
25 6 5
25 5 4
25 32 31
25 31 30
25 30 29
25 29 18
25 18 17
25 17 13
25 13 12
25 17 16
25 16 14
25 16 15
25 29 28
25 28 20
25 20 19
25 28 27
25 27 26
25 26 24
25 24 23
25 23 22
25 22 21
25 26 25
26 32 31
26 31 0
26 31 30
26 30 29
26 29 28
26 28 27
26 27 23
26 23 21
26 21 20
26 20 5
26 5 3
26 3 1
26 3 2
26 5 4
26 20 19
26 19 18
26 18 7
26 7 6
26 18 17
26 17 15
26 15 9
26 9 8
26 15 14
26 14 13
26 13 10
26 13 12
26 12 11
26 17 16
26 23 22
26 27 26
26 26 25
26 25 24
27 32 0
27 32 31
27 31 30
27 30 3
27 3 1
27 3 2
27 30 29
27 29 10
27 10 9
27 9 8
27 8 7
27 7 6
27 6 4
27 6 5
27 29 28
27 28 21
27 21 19
27 19 11
27 19 18
27 18 17
27 17 16
27 16 15
27 15 13
27 13 12
27 15 14
27 21 20
27 28 27
27 27 26
27 26 22
27 26 25
27 25 23
27 25 24
28 31 9
28 9 5
28 5 4
28 4 0
28 4 3
28 3 2
28 2 1
28 9 8
28 8 6
28 8 7
28 31 30
28 30 28
28 28 27
28 27 26
28 26 18
28 18 17
28 17 16
28 16 15
28 15 10
28 15 14
28 14 13
28 13 12
28 12 11
28 26 25
28 25 19
28 25 24
28 24 22
28 22 20
28 22 21
28 24 23
28 30 29
29 33 30
29 30 29
29 29 21
29 21 0
29 21 20
29 20 1
29 20 19
29 19 10
29 10 9
29 9 2
29 9 8
29 8 7
29 7 6
29 6 3
29 6 5
29 5 4
29 19 18
29 18 11
29 18 17
29 17 13
29 13 12
29 17 16
29 16 14
29 16 15
29 29 28
29 28 23
29 23 22
29 28 27
29 27 26
29 26 24
29 26 25
29 33 32
29 32 31
30 30 28
30 28 27
30 27 0
30 27 26
30 26 22
30 22 21
30 21 20
30 20 19
30 19 2
30 2 1
30 19 18
30 18 16
30 16 14
30 14 11
30 11 6
30 6 3
30 6 5
30 5 4
30 11 10
30 10 7
30 10 9
30 9 8
30 14 13
30 13 12
30 16 15
30 18 17
30 26 25
30 25 23
30 25 24
30 30 29
31 30 29
31 29 28
31 28 27
31 27 25
31 25 23
31 23 21
31 21 19
31 19 5
31 5 1
31 1 0
31 5 4
31 4 2
31 4 3
31 19 18
31 18 15
31 15 14
31 14 13
31 13 11
31 11 7
31 7 6
31 11 10
31 10 8
31 10 9
31 13 12
31 18 17
31 17 16
31 21 20
31 23 22
31 25 24
31 27 26
32 34 1
32 1 0
32 34 33
32 33 3
32 3 2
32 33 32
32 32 4
32 32 31
32 31 7
32 7 5
32 7 6
32 31 30
32 30 29
32 29 8
32 29 28
32 28 9
32 28 27
32 27 25
32 25 10
32 25 24
32 24 11
32 24 23
32 23 20
32 20 16
32 16 15
32 15 13
32 13 12
32 15 14
32 20 19
32 19 18
32 18 17
32 23 22
32 22 21
32 27 26
33 33 14
33 14 13
33 13 12
33 12 0
33 12 11
33 11 8
33 8 6
33 6 5
33 5 4
33 4 2
33 2 1
33 4 3
33 8 7
33 11 10
33 10 9
33 33 32
33 32 16
33 16 15
33 32 31
33 31 29
33 29 17
33 29 28
33 28 18
33 28 27
33 27 20
33 20 19
33 27 26
33 26 21
33 26 25
33 25 24
33 24 23
33 23 22
33 31 30
34 29 13
34 13 0
34 13 12
34 12 4
34 4 3
34 3 1
34 3 2
34 12 11
34 11 5
34 11 10
34 10 9
34 9 6
34 9 8
34 8 7
34 29 28
34 28 27
34 27 14
34 27 26
34 26 25
34 25 15
34 25 24
34 24 23
34 23 22
34 22 21
34 21 16
34 21 20
34 20 19
34 19 17
34 19 18
35 31 1
35 1 0
35 31 30
35 30 29
35 29 28
35 28 27
35 27 22
35 22 21
35 21 20
35 20 18
35 18 2
35 18 17
35 17 15
35 15 7
35 7 6
35 6 5
35 5 3
35 5 4
35 15 14
35 14 11
35 11 10
35 10 8
35 10 9
35 14 13
35 13 12
35 17 16
35 20 19
35 27 26
35 26 23
35 26 25
35 25 24
36 31 29
36 29 0
36 29 28
36 28 4
36 4 3
36 3 2
36 2 1
36 28 27
36 27 26
36 26 25
36 25 24
36 24 23
36 23 6
36 6 5
36 23 22
36 22 20
36 20 17
36 17 7
36 17 16
36 16 8
36 16 15
36 15 13
36 13 9
36 13 12
36 12 11
36 11 10
36 15 14
36 20 19
36 19 18
36 22 21
36 31 30
37 30 23
37 23 2
37 2 1
37 1 0
37 23 22
37 22 20
37 20 18
37 18 16
37 16 9
37 9 7
37 7 3
37 7 6
37 6 4
37 6 5
37 9 8
37 16 15
37 15 13
37 13 10
37 13 12
37 12 11
37 15 14
37 18 17
37 20 19
37 22 21
37 30 29
37 29 28
37 28 26
37 26 25
37 25 24
37 28 27
38 30 28
38 28 14
38 14 0
38 14 13
38 13 11
38 11 10
38 10 9
38 9 8
38 8 6
38 6 5
38 5 4
38 4 2
38 2 1
38 4 3
38 8 7
38 13 12
38 28 27
38 27 15
38 27 26
38 26 23
38 23 18
38 18 16
38 18 17
38 23 22
38 22 19
38 22 21
38 21 20
38 26 25
38 25 24
38 30 29
39 29 11
39 11 1
39 1 0
39 11 10
39 10 2
39 10 9
39 9 8
39 8 7
39 7 3
39 7 6
39 6 4
39 6 5
39 29 28
39 28 27
39 27 23
39 23 18
39 18 12
39 18 17
39 17 15
39 15 14
39 14 13
39 17 16
39 23 22
39 22 21
39 21 20
39 20 19
39 27 26
39 26 24
39 26 25
40 34 3
40 3 2
40 2 1
40 1 0
40 34 33
40 33 17
40 17 16
40 16 14
40 14 12
40 12 4
40 12 11
40 11 5
40 11 10
40 10 8
40 8 7
40 7 6
40 10 9
40 14 13
40 16 15
40 33 32
40 32 28
40 28 23
40 23 18
40 23 22
40 22 21
40 21 20
40 20 19
40 28 27
40 27 25
40 25 24
40 27 26
40 32 31
40 31 30
40 30 29
41 30 1
41 1 0
41 30 29
41 29 25
41 25 2
41 25 24
41 24 23
41 23 12
41 12 11
41 11 5
41 5 4
41 4 3
41 11 10
41 10 7
41 7 6
41 10 9
41 9 8
41 23 22
41 22 17
41 17 15
41 15 13
41 15 14
41 17 16
41 22 21
41 21 20
41 20 18
41 20 19
41 29 28
41 28 27
41 27 26
42 32 0
42 32 31
42 31 30
42 30 4
42 4 1
42 4 3
42 3 2
42 30 29
42 29 27
42 27 25
42 25 20
42 20 19
42 19 9
42 9 8
42 8 7
42 7 6
42 6 5
42 19 18
42 18 13
42 13 10
42 13 12
42 12 11
42 18 17
42 17 14
42 17 16
42 16 15
42 25 24
42 24 22
42 22 21
42 24 23
42 27 26
42 29 28
43 34 33
43 33 0
43 33 32
43 32 24
43 24 23
43 23 22
43 22 20
43 20 19
43 19 3
43 3 2
43 2 1
43 19 18
43 18 17
43 17 16
43 16 9
43 9 4
43 9 8
43 8 7
43 7 5
43 7 6
43 16 15
43 15 13
43 13 11
43 11 10
43 13 12
43 15 14
43 22 21
43 32 31
43 31 28
43 28 25
43 28 27
43 27 26
43 31 30
43 30 29
44 30 27
44 27 0
44 27 26
44 26 1
44 26 25
44 25 24
44 24 23
44 23 12
44 12 8
44 8 7
44 7 4
44 4 2
44 4 3
44 7 6
44 6 5
44 12 11
44 11 9
44 11 10
44 23 22
44 22 21
44 21 13
44 21 20
44 20 19
44 19 18
44 18 17
44 17 14
44 17 16
44 16 15
44 30 29
44 29 28
45 32 29
45 29 9
45 9 0
45 9 8
45 8 3
45 3 1
45 3 2
45 8 7
45 7 6
45 6 4
45 6 5
45 29 28
45 28 27
45 27 26
45 26 21
45 21 20
45 20 18
45 18 17
45 17 16
45 16 11
45 11 10
45 16 15
45 15 14
45 14 13
45 13 12
45 20 19
45 26 25
45 25 23
45 23 22
45 25 24
45 32 31
45 31 30
46 34 29
46 29 4
46 4 2
46 2 1
46 1 0
46 4 3
46 29 28
46 28 23
46 23 22
46 22 21
46 21 20
46 20 5
46 20 19
46 19 18
46 18 6
46 18 17
46 17 12
46 12 7
46 12 11
46 11 10
46 10 9
46 9 8
46 17 16
46 16 14
46 14 13
46 16 15
46 28 27
46 27 24
46 27 26
46 26 25
46 34 33
46 33 32
46 32 30
46 32 31
47 30 0
47 30 29
47 29 25
47 25 17
47 17 2
47 2 1
47 17 16
47 16 6
47 6 5
47 5 4
47 4 3
47 16 15
47 15 14
47 14 7
47 14 13
47 13 12
47 12 9
47 9 8
47 12 11
47 11 10
47 25 24
47 24 19
47 19 18
47 24 23
47 23 20
47 23 22
47 22 21
47 29 28
47 28 26
47 28 27
48 30 17
48 17 16
48 16 1
48 1 0
48 16 15
48 15 14
48 14 12
48 12 3
48 3 2
48 12 11
48 11 4
48 11 10
48 10 8
48 8 6
48 6 5
48 8 7
48 10 9
48 14 13
48 30 29
48 29 28
48 28 27
48 27 26
48 26 18
48 26 25
48 25 19
48 25 24
48 24 20
48 24 23
48 23 21
48 23 22
49 33 32
49 32 31
49 31 28
49 28 27
49 27 0
49 27 26
49 26 12
49 12 11
49 11 10
49 10 2
49 2 1
49 10 9
49 9 7
49 7 6
49 6 4
49 4 3
49 6 5
49 9 8
49 26 25
49 25 24
49 24 23
49 23 20
49 20 13
49 20 19
49 19 18
49 18 14
49 18 17
49 17 16
49 16 15
49 23 22
49 22 21
49 31 30
49 30 29
50 30 4
50 4 2
50 2 1
50 1 0
50 4 3
50 30 29
50 29 11
50 11 7
50 7 6
50 6 5
50 11 10
50 10 8
50 10 9
50 29 28
50 28 14
50 14 12
50 14 13
50 28 27
50 27 26
50 26 25
50 25 16
50 16 15
50 25 24
50 24 21
50 21 17
50 21 20
50 20 19
50 19 18
50 24 23
50 23 22
51 32 30
51 30 7
51 7 6
51 6 5
51 5 1
51 1 0
51 5 4
51 4 2
51 4 3
51 30 29
51 29 28
51 28 26
51 26 24
51 24 23
51 23 22
51 22 13
51 13 11
51 11 9
51 9 8
51 11 10
51 13 12
51 22 21
51 21 14
51 21 20
51 20 18
51 18 17
51 17 15
51 17 16
51 20 19
51 26 25
51 28 27
51 32 31
52 30 29
52 29 0
52 29 28
52 28 1
52 28 27
52 27 11
52 11 10
52 10 4
52 4 3
52 3 2
52 10 9
52 9 8
52 8 7
52 7 5
52 7 6
52 27 26
52 26 23
52 23 17
52 17 16
52 16 14
52 14 13
52 13 12
52 16 15
52 23 22
52 22 21
52 21 19
52 19 18
52 21 20
52 26 25
52 25 24
53 32 2
53 2 0
53 2 1
53 32 31
53 31 29
53 29 26
53 26 25
53 25 24
53 24 23
53 23 22
53 22 21
53 21 20
53 20 19
53 19 4
53 4 3
53 19 18
53 18 16
53 16 5
53 16 15
53 15 13
53 13 8
53 8 6
53 8 7
53 13 12
53 12 11
53 11 10
53 10 9
53 15 14
53 18 17
53 29 28
53 28 27
53 31 30
54 33 2
54 2 0
54 2 1
54 33 32
54 32 3
54 32 31
54 31 29
54 29 28
54 28 26
54 26 25
54 25 6
54 6 4
54 6 5
54 25 24
54 24 8
54 8 7
54 24 23
54 23 18
54 18 17
54 17 9
54 17 16
54 16 15
54 15 13
54 13 11
54 11 10
54 13 12
54 15 14
54 23 22
54 22 21
54 21 19
54 21 20
54 28 27
54 31 30
55 29 27
55 27 25
55 25 24
55 24 0
55 24 23
55 23 22
55 22 17
55 17 16
55 16 15
55 15 3
55 3 2
55 2 1
55 15 14
55 14 12
55 12 11
55 11 10
55 10 6
55 6 5
55 5 4
55 10 9
55 9 7
55 9 8
55 14 13
55 22 21
55 21 19
55 19 18
55 21 20
55 27 26
55 29 28
56 29 1
56 1 0
56 29 28
56 28 2
56 28 27
56 27 26
56 26 5
56 5 4
56 4 3
56 26 25
56 25 23
56 23 22
56 22 21
56 21 8
56 8 6
56 8 7
56 21 20
56 20 19
56 19 18
56 18 17
56 17 10
56 10 9
56 17 16
56 16 15
56 15 11
56 15 14
56 14 13
56 13 12
56 25 24
57 29 26
57 26 2
57 2 0
57 2 1
57 26 25
57 25 22
57 22 14
57 14 5
57 5 3
57 5 4
57 14 13
57 13 10
57 10 6
57 10 9
57 9 7
57 9 8
57 13 12
57 12 11
57 22 21
57 21 15
57 21 20
57 20 19
57 19 17
57 17 16
57 19 18
57 25 24
57 24 23
57 29 28
57 28 27
58 32 0
58 32 31
58 31 29
58 29 28
58 28 1
58 28 27
58 27 26
58 26 25
58 25 22
58 22 3
58 3 2
58 22 21
58 21 12
58 12 10
58 10 5
58 5 4
58 10 9
58 9 6
58 9 8
58 8 7
58 12 11
58 21 20
58 20 19
58 19 13
58 19 18
58 18 17
58 17 15
58 15 14
58 17 16
58 25 24
58 24 23
58 31 30
59 29 28
59 28 25
59 25 21
59 21 20
59 20 19
59 19 18
59 18 17
59 17 15
59 15 14
59 14 4
59 4 3
59 3 2
59 2 0
59 2 1
59 14 13
59 13 9
59 9 7
59 7 6
59 6 5
59 9 8
59 13 12
59 12 10
59 12 11
59 17 16
59 25 24
59 24 23
59 23 22
59 28 27
59 27 26
60 32 24
60 24 23
60 23 8
60 8 1
60 1 0
60 8 7
60 7 6
60 6 4
60 4 3
60 3 2
60 6 5
60 23 22
60 22 20
60 20 12
60 12 10
60 10 9
60 12 11
60 20 19
60 19 18
60 18 17
60 17 14
60 14 13
60 17 16
60 16 15
60 22 21
60 32 31
60 31 28
60 28 27
60 27 25
60 27 26
60 31 30
60 30 29
61 34 18
61 18 1
61 1 0
61 18 17
61 17 15
61 15 13
61 13 12
61 12 2
61 12 11
61 11 3
61 11 10
61 10 4
61 10 9
61 9 8
61 8 7
61 7 6
61 6 5
61 15 14
61 17 16
61 34 33
61 33 31
61 31 28
61 28 27
61 27 26
61 26 25
61 25 22
61 22 19
61 22 21
61 21 20
61 25 24
61 24 23
61 31 30
61 30 29
61 33 32
62 33 0
62 33 32
62 32 31
62 31 6
62 6 5
62 5 4
62 4 3
62 3 1
62 3 2
62 31 30
62 30 26
62 26 8
62 8 7
62 26 25
62 25 23
62 23 22
62 22 21
62 21 16
62 16 14
62 14 11
62 11 9
62 11 10
62 14 13
62 13 12
62 16 15
62 21 20
62 20 19
62 19 18
62 18 17
62 25 24
62 30 29
62 29 28
62 28 27
63 33 32
63 32 1
63 1 0
63 32 31
63 31 12
63 12 11
63 11 10
63 10 7
63 7 2
63 7 6
63 6 3
63 6 5
63 5 4
63 10 9
63 9 8
63 31 30
63 30 27
63 27 13
63 27 26
63 26 24
63 24 23
63 23 20
63 20 19
63 19 16
63 16 15
63 15 14
63 19 18
63 18 17
63 23 22
63 22 21
63 26 25
63 30 29
63 29 28
64 29 26
64 26 25
64 25 24
64 24 0
64 24 23
64 23 19
64 19 1
64 19 18
64 18 11
64 11 5
64 5 2
64 5 4
64 4 3
64 11 10
64 10 9
64 9 8
64 8 7
64 7 6
64 18 17
64 17 16
64 16 12
64 16 15
64 15 13
64 15 14
64 23 22
64 22 20
64 22 21
64 29 28
64 28 27
65 29 0
65 29 28
65 28 1
65 28 27
65 27 10
65 10 9
65 9 4
65 4 3
65 3 2
65 9 8
65 8 7
65 7 6
65 6 5
65 27 26
65 26 13
65 13 12
65 12 11
65 26 25
65 25 24
65 24 23
65 23 22
65 22 17
65 17 15
65 15 14
65 17 16
65 22 21
65 21 18
65 21 20
65 20 19
66 31 27
66 27 0
66 27 26
66 26 25
66 25 24
66 24 21
66 21 19
66 19 18
66 18 10
66 10 2
66 2 1
66 10 9
66 9 8
66 8 7
66 7 5
66 5 3
66 5 4
66 7 6
66 18 17
66 17 16
66 16 15
66 15 13
66 13 11
66 13 12
66 15 14
66 21 20
66 24 23
66 23 22
66 31 30
66 30 29
66 29 28
67 31 30
67 30 29
67 29 28
67 28 18
67 18 14
67 14 13
67 13 12
67 12 9
67 9 8
67 8 3
67 3 2
67 2 0
67 2 1
67 8 7
67 7 4
67 7 6
67 6 5
67 12 11
67 11 10
67 18 17
67 17 15
67 17 16
67 28 27
67 27 26
67 26 21
67 21 19
67 21 20
67 26 25
67 25 23
67 23 22
67 25 24
68 32 1
68 1 0
68 32 31
68 31 6
68 6 4
68 4 3
68 3 2
68 6 5
68 31 30
68 30 28
68 28 27
68 27 25
68 25 24
68 24 23
68 23 22
68 22 20
68 20 16
68 16 10
68 10 9
68 9 8
68 8 7
68 16 15
68 15 13
68 13 12
68 12 11
68 15 14
68 20 19
68 19 18
68 18 17
68 22 21
68 27 26
68 30 29
69 32 16
69 16 1
69 1 0
69 16 15
69 15 2
69 15 14
69 14 13
69 13 12
69 12 11
69 11 10
69 10 8
69 8 7
69 7 3
69 7 6
69 6 4
69 6 5
69 10 9
69 32 31
69 31 17
69 31 30
69 30 18
69 30 29
69 29 28
69 28 27
69 27 26
69 26 19
69 26 25
69 25 24
69 24 22
69 22 21
69 21 20
69 24 23
70 32 0
70 32 31
70 31 3
70 3 1
70 3 2
70 31 30
70 30 29
70 29 11
70 11 10
70 10 9
70 9 7
70 7 6
70 6 4
70 6 5
70 9 8
70 29 28
70 28 20
70 20 16
70 16 13
70 13 12
70 16 15
70 15 14
70 20 19
70 19 18
70 18 17
70 28 27
70 27 26
70 26 22
70 22 21
70 26 25
70 25 23
70 25 24
71 30 3
71 3 1
71 1 0
71 3 2
71 30 29
71 29 28
71 28 27
71 27 20
71 20 18
71 18 17
71 17 16
71 16 7
71 7 6
71 6 5
71 5 4
71 16 15
71 15 10
71 10 9
71 9 8
71 15 14
71 14 13
71 13 11
71 13 12
71 20 19
71 27 26
71 26 21
71 26 25
71 25 24
71 24 22
71 24 23
72 29 28
72 28 3
72 3 1
72 1 0
72 3 2
72 28 27
72 27 6
72 6 5
72 5 4
72 27 26
72 26 25
72 25 13
72 13 7
72 13 12
72 12 8
72 12 11
72 11 10
72 10 9
72 25 24
72 24 15
72 15 14
72 24 23
72 23 18
72 18 16
72 18 17
72 23 22
72 22 19
72 22 21
72 21 20
73 29 28
73 28 27
73 27 24
73 24 23
73 23 14
73 14 11
73 11 10
73 10 9
73 9 0
73 9 8
73 8 6
73 6 4
73 4 2
73 2 1
73 4 3
73 6 5
73 8 7
73 14 13
73 13 12
73 23 22
73 22 21
73 21 20
73 20 19
73 19 17
73 17 15
73 17 16
73 19 18
73 27 26
73 26 25
74 31 30
74 30 10
74 10 9
74 9 8
74 8 0
74 8 7
74 7 1
74 7 6
74 6 3
74 3 2
74 6 5
74 5 4
74 30 29
74 29 24
74 24 23
74 23 16
74 16 12
74 12 11
74 16 15
74 15 13
74 15 14
74 23 22
74 22 21
74 21 20
74 20 19
74 19 17
74 19 18
74 29 28
74 28 27
74 27 26
74 26 25
75 31 23
75 23 8
75 8 5
75 5 4
75 4 0
75 4 3
75 3 2
75 2 1
75 8 7
75 7 6
75 23 22
75 22 9
75 22 21
75 21 19
75 19 18
75 18 10
75 18 17
75 17 16
75 16 13
75 13 12
75 12 11
75 16 15
75 15 14
75 21 20
75 31 30
75 30 29
75 29 24
75 29 28
75 28 26
75 26 25
75 28 27
76 34 31
76 31 0
76 31 30
76 30 2
76 2 1
76 30 29
76 29 21
76 21 3
76 21 20
76 20 4
76 20 19
76 19 13
76 13 12
76 12 11
76 11 9
76 9 5
76 9 8
76 8 7
76 7 6
76 11 10
76 19 18
76 18 16
76 16 15
76 15 14
76 18 17
76 29 28
76 28 26
76 26 25
76 25 24
76 24 23
76 23 22
76 28 27
76 34 33
76 33 32
77 34 32
77 32 31
77 31 30
77 30 0
77 30 29
77 29 27
77 27 24
77 24 5
77 5 3
77 3 2
77 2 1
77 5 4
77 24 23
77 23 21
77 21 6
77 21 20
77 20 19
77 19 17
77 17 15
77 15 10
77 10 7
77 10 9
77 9 8
77 15 14
77 14 11
77 14 13
77 13 12
77 17 16
77 19 18
77 23 22
77 27 26
77 26 25
77 29 28
77 34 33
78 31 30
78 30 4
78 4 2
78 2 1
78 1 0
78 4 3
78 30 29
78 29 28
78 28 22
78 22 6
78 6 5
78 22 21
78 21 11
78 11 10
78 10 7
78 10 9
78 9 8
78 21 20
78 20 18
78 18 12
78 18 17
78 17 15
78 15 13
78 15 14
78 17 16
78 20 19
78 28 27
78 27 25
78 25 23
78 25 24
78 27 26
79 34 33
79 33 1
79 1 0
79 33 32
79 32 23
79 23 21
79 21 12
79 12 11
79 11 10
79 10 8
79 8 5
79 5 4
79 4 2
79 4 3
79 8 7
79 7 6
79 10 9
79 21 20
79 20 19
79 19 18
79 18 16
79 16 13
79 16 15
79 15 14
79 18 17
79 23 22
79 32 31
79 31 30
79 30 28
79 28 24
79 28 27
79 27 26
79 26 25
79 30 29
80 32 31
80 31 29
80 29 27
80 27 26
80 26 0
80 26 25
80 25 18
80 18 16
80 16 14
80 14 10
80 10 9
80 9 8
80 8 7
80 7 5
80 5 3
80 3 2
80 2 1
80 5 4
80 7 6
80 14 13
80 13 12
80 12 11
80 16 15
80 18 17
80 25 24
80 24 22
80 22 20
80 20 19
80 22 21
80 24 23
80 29 28
80 31 30
81 29 28
81 28 4
81 4 3
81 3 1
81 1 0
81 3 2
81 28 27
81 27 22
81 22 17
81 17 9
81 9 8
81 8 7
81 7 5
81 7 6
81 17 16
81 16 15
81 15 14
81 14 12
81 12 11
81 11 10
81 14 13
81 22 21
81 21 19
81 19 18
81 21 20
81 27 26
81 26 25
81 25 24
81 24 23
82 31 30
82 30 2
82 2 1
82 1 0
82 30 29
82 29 3
82 29 28
82 28 27
82 27 22
82 22 21
82 21 18
82 18 4
82 18 17
82 17 16
82 16 15
82 15 9
82 9 5
82 9 8
82 8 6
82 8 7
82 15 14
82 14 10
82 14 13
82 13 12
82 12 11
82 21 20
82 20 19
82 27 26
82 26 25
82 25 24
82 24 23
83 31 30
83 30 29
83 29 25
83 25 18
83 18 0
83 18 17
83 17 15
83 15 14
83 14 9
83 9 8
83 8 6
83 6 4
83 4 2
83 2 1
83 4 3
83 6 5
83 8 7
83 14 13
83 13 10
83 13 12
83 12 11
83 17 16
83 25 24
83 24 21
83 21 20
83 20 19
83 24 23
83 23 22
83 29 28
83 28 26
83 28 27
84 31 4
84 4 2
84 2 1
84 1 0
84 4 3
84 31 30
84 30 9
84 9 5
84 9 8
84 8 6
84 8 7
84 30 29
84 29 27
84 27 26
84 26 10
84 26 25
84 25 21
84 21 19
84 19 15
84 15 14
84 14 13
84 13 12
84 12 11
84 19 18
84 18 16
84 18 17
84 21 20
84 25 24
84 24 22
84 24 23
84 29 28
85 32 31
85 31 30
85 30 26
85 26 24
85 24 19
85 19 0
85 19 18
85 18 1
85 18 17
85 17 16
85 16 15
85 15 5
85 5 4
85 4 2
85 4 3
85 15 14
85 14 9
85 9 6
85 9 8
85 8 7
85 14 13
85 13 11
85 11 10
85 13 12
85 24 23
85 23 20
85 23 22
85 22 21
85 26 25
85 30 29
85 29 28
85 28 27
86 34 2
86 2 0
86 2 1
86 34 33
86 33 32
86 32 31
86 31 30
86 30 9
86 9 8
86 8 7
86 7 4
86 4 3
86 7 6
86 6 5
86 30 29
86 29 27
86 27 25
86 25 23
86 23 11
86 11 10
86 23 22
86 22 21
86 21 12
86 21 20
86 20 19
86 19 17
86 17 16
86 16 13
86 16 15
86 15 14
86 19 18
86 25 24
86 27 26
86 29 28
87 33 11
87 11 10
87 10 9
87 9 8
87 8 7
87 7 6
87 6 5
87 5 0
87 5 4
87 4 2
87 2 1
87 4 3
87 33 32
87 32 13
87 13 12
87 32 31
87 31 28
87 28 22
87 22 16
87 16 15
87 15 14
87 22 21
87 21 20
87 20 19
87 19 18
87 18 17
87 28 27
87 27 25
87 25 24
87 24 23
87 27 26
87 31 30
87 30 29
88 29 26
88 26 24
88 24 20
88 20 19
88 19 18
88 18 9
88 9 8
88 8 7
88 7 0
88 7 6
88 6 5
88 5 1
88 5 4
88 4 3
88 3 2
88 18 17
88 17 16
88 16 14
88 14 12
88 12 10
88 12 11
88 14 13
88 16 15
88 24 23
88 23 21
88 23 22
88 26 25
88 29 28
88 28 27
89 29 28
89 28 26
89 26 25
89 25 24
89 24 22
89 22 21
89 21 16
89 16 15
89 15 13
89 13 6
89 6 1
89 1 0
89 6 5
89 5 3
89 3 2
89 5 4
89 13 12
89 12 11
89 11 9
89 9 8
89 8 7
89 11 10
89 15 14
89 21 20
89 20 19
89 19 17
89 19 18
89 24 23
89 28 27
90 30 26
90 26 24
90 24 23
90 23 21
90 21 19
90 19 7
90 7 4
90 4 0
90 4 3
90 3 1
90 3 2
90 7 6
90 6 5
90 19 18
90 18 14
90 14 11
90 11 8
90 11 10
90 10 9
90 14 13
90 13 12
90 18 17
90 17 15
90 17 16
90 21 20
90 23 22
90 26 25
90 30 29
90 29 28
90 28 27
91 29 28
91 28 15
91 15 2
91 2 0
91 2 1
91 15 14
91 14 13
91 13 6
91 6 5
91 5 3
91 5 4
91 13 12
91 12 7
91 12 11
91 11 8
91 11 10
91 10 9
91 28 27
91 27 26
91 26 16
91 26 25
91 25 22
91 22 19
91 19 17
91 19 18
91 22 21
91 21 20
91 25 24
91 24 23
92 31 28
92 28 27
92 27 1
92 1 0
92 27 26
92 26 2
92 26 25
92 25 24
92 24 23
92 23 22
92 22 21
92 21 19
92 19 18
92 18 3
92 18 17
92 17 4
92 17 16
92 16 5
92 16 15
92 15 7
92 7 6
92 15 14
92 14 12
92 12 11
92 11 8
92 11 10
92 10 9
92 14 13
92 21 20
92 31 30
92 30 29
93 32 31
93 31 30
93 30 29
93 29 27
93 27 26
93 26 25
93 25 24
93 24 0
93 24 23
93 23 14
93 14 2
93 2 1
93 14 13
93 13 3
93 13 12
93 12 8
93 8 5
93 5 4
93 8 7
93 7 6
93 12 11
93 11 10
93 10 9
93 23 22
93 22 21
93 21 15
93 21 20
93 20 18
93 18 16
93 18 17
93 20 19
93 29 28
94 32 31
94 31 30
94 30 29
94 29 4
94 4 3
94 3 1
94 1 0
94 3 2
94 29 28
94 28 26
94 26 24
94 24 23
94 23 6
94 6 5
94 23 22
94 22 11
94 11 9
94 9 8
94 8 7
94 11 10
94 22 21
94 21 12
94 21 20
94 20 19
94 19 18
94 18 13
94 18 17
94 17 15
94 15 14
94 17 16
94 26 25
94 28 27
95 33 32
95 32 31
95 31 19
95 19 18
95 18 17
95 17 16
95 16 13
95 13 12
95 12 5
95 5 4
95 4 0
95 4 3
95 3 2
95 2 1
95 12 11
95 11 10
95 10 6
95 10 9
95 9 8
95 8 7
95 16 15
95 15 14
95 31 30
95 30 29
95 29 22
95 22 21
95 21 20
95 29 28
95 28 24
95 24 23
95 28 27
95 27 26
95 26 25
96 31 29
96 29 28
96 28 27
96 27 0
96 27 26
96 26 25
96 25 23
96 23 20
96 20 17
96 17 16
96 16 15
96 15 4
96 4 2
96 2 1
96 4 3
96 15 14
96 14 5
96 14 13
96 13 12
96 12 9
96 9 7
96 7 6
96 9 8
96 12 11
96 11 10
96 20 19
96 19 18
96 23 22
96 22 21
96 25 24
96 31 30
97 33 5
97 5 4
97 4 0
97 4 3
97 3 2
97 2 1
97 33 32
97 32 20
97 20 12
97 12 6
97 12 11
97 11 10
97 10 8
97 8 7
97 10 9
97 20 19
97 19 18
97 18 13
97 18 17
97 17 16
97 16 14
97 16 15
97 32 31
97 31 29
97 29 21
97 29 28
97 28 22
97 28 27
97 27 23
97 27 26
97 26 24
97 26 25
97 31 30
98 32 14
98 14 12
98 12 11
98 11 5
98 5 0
98 5 4
98 4 1
98 4 3
98 3 2
98 11 10
98 10 9
98 9 6
98 9 8
98 8 7
98 14 13
98 32 31
98 31 17
98 17 16
98 16 15
98 31 30
98 30 29
98 29 28
98 28 18
98 28 27
98 27 24
98 24 23
98 23 22
98 22 21
98 21 19
98 21 20
98 27 26
98 26 25
99 33 32
99 32 31
99 31 23
99 23 22
99 22 19
99 19 2
99 2 0
99 2 1
99 19 18
99 18 3
99 18 17
99 17 16
99 16 14
99 14 11
99 11 10
99 10 9
99 9 4
99 9 8
99 8 7
99 7 6
99 6 5
99 14 13
99 13 12
99 16 15
99 22 21
99 21 20
99 31 30
99 30 25
99 25 24
99 30 29
99 29 28
99 28 26
99 28 27
100 34 24
100 24 20
100 20 17
100 17 15
100 15 14
100 14 13
100 13 6
100 6 5
100 5 0
100 5 4
100 4 3
100 3 2
100 2 1
100 13 12
100 12 10
100 10 9
100 9 8
100 8 7
100 12 11
100 17 16
100 20 19
100 19 18
100 24 23
100 23 21
100 23 22
100 34 33
100 33 31
100 31 26
100 26 25
100 31 30
100 30 29
100 29 28
100 28 27
100 33 32
101 33 31
101 31 1
101 1 0
101 31 30
101 30 29
101 29 7
101 7 2
101 7 6
101 6 3
101 6 5
101 5 4
101 29 28
101 28 27
101 27 26
101 26 25
101 25 8
101 25 24
101 24 21
101 21 20
101 20 19
101 19 18
101 18 9
101 18 17
101 17 11
101 11 10
101 17 16
101 16 15
101 15 13
101 13 12
101 15 14
101 24 23
101 23 22
101 33 32
