1 108 107
1 107 3
1 3 2
1 2 1
1 1 0
1 107 106
1 106 8
1 8 4
1 8 7
1 7 6
1 6 5
1 106 105
1 105 11
1 11 10
1 10 9
1 105 104
1 104 103
1 103 101
1 101 99
1 99 12
1 99 98
1 98 97
1 97 95
1 95 14
1 14 13
1 95 94
1 94 15
1 94 93
1 93 16
1 93 92
1 92 89
1 89 17
1 89 88
1 88 83
1 83 18
1 83 82
1 82 80
1 80 20
1 20 19
1 80 79
1 79 78
1 78 77
1 77 76
1 76 41
1 41 40
1 40 39
1 39 21
1 39 38
1 38 23
1 23 22
1 38 37
1 37 35
1 35 34
1 34 33
1 33 32
1 32 30
1 30 24
1 30 29
1 29 25
1 29 28
1 28 27
1 27 26
1 32 31
1 37 36
1 76 75
1 75 71
1 71 70
1 70 42
1 70 69
1 69 60
1 60 53
1 53 43
1 53 52
1 52 51
1 51 50
1 50 48
1 48 46
1 46 45
1 45 44
1 48 47
1 50 49
1 60 59
1 59 58
1 58 54
1 58 57
1 57 56
1 56 55
1 69 68
1 68 67
1 67 66
1 66 61
1 66 65
1 65 63
1 63 62
1 65 64
1 75 74
1 74 72
1 74 73
1 82 81
1 88 87
1 87 84
1 87 86
1 86 85
1 92 91
1 91 90
1 97 96
1 101 100
1 103 102
2 103 95
2 95 94
2 94 93
2 93 0
2 93 92
2 92 91
2 91 2
2 2 1
2 91 90
2 90 89
2 89 88
2 88 6
2 6 3
2 6 5
2 5 4
2 88 87
2 87 10
2 10 9
2 9 8
2 8 7
2 87 86
2 86 46
2 46 44
2 44 43
2 43 42
2 42 41
2 41 40
2 40 17
2 17 11
2 17 16
2 16 12
2 16 15
2 15 14
2 14 13
2 40 39
2 39 38
2 38 37
2 37 18
2 37 36
2 36 35
2 35 34
2 34 20
2 20 19
2 34 33
2 33 32
2 32 24
2 24 23
2 23 22
2 22 21
2 32 31
2 31 30
2 30 28
2 28 27
2 27 25
2 27 26
2 30 29
2 46 45
2 86 85
2 85 84
2 84 82
2 82 81
2 81 79
2 79 47
2 79 78
2 78 77
2 77 76
2 76 75
2 75 60
2 60 58
2 58 52
2 52 50
2 50 48
2 50 49
2 52 51
2 58 57
2 57 54
2 54 53
2 57 56
2 56 55
2 60 59
2 75 74
2 74 73
2 73 61
2 73 72
2 72 71
2 71 70
2 70 68
2 68 66
2 66 65
2 65 63
2 63 62
2 65 64
2 68 67
2 70 69
2 81 80
2 84 83
2 103 102
2 102 100
2 100 99
2 99 96
2 99 98
2 98 97
2 102 101
3 109 106
3 106 27
3 27 22
3 22 20
3 20 2
3 2 1
3 1 0
3 20 19
3 19 14
3 14 13
3 13 12
3 12 11
3 11 10
3 10 6
3 6 5
3 5 3
3 5 4
3 10 9
3 9 7
3 9 8
3 19 18
3 18 16
3 16 15
3 18 17
3 22 21
3 27 26
3 26 25
3 25 24
3 24 23
3 106 105
3 105 54
3 54 53
3 53 47
3 47 32
3 32 30
3 30 28
3 30 29
3 32 31
3 47 46
3 46 34
3 34 33
3 46 45
3 45 44
3 44 42
3 42 40
3 40 38
3 38 36
3 36 35
3 38 37
3 40 39
3 42 41
3 44 43
3 53 52
3 52 51
3 51 50
3 50 49
3 49 48
3 105 104
3 104 102
3 102 59
3 59 58
3 58 56
3 56 55
3 58 57
3 102 101
3 101 100
3 100 96
3 96 60
3 96 95
3 95 94
3 94 93
3 93 89
3 89 86
3 86 73
3 73 72
3 72 62
3 62 61
3 72 71
3 71 70
3 70 68
3 68 67
3 67 63
3 67 66
3 66 64
3 66 65
3 70 69
3 86 85
3 85 81
3 81 77
3 77 76
3 76 74
3 76 75
3 81 80
3 80 78
3 80 79
3 85 84
3 84 82
3 84 83
3 89 88
3 88 87
3 93 92
3 92 90
3 92 91
3 100 99
3 99 98
3 98 97
3 104 103
3 109 108
3 108 107
4 104 103
4 103 8
4 8 7
4 7 5
4 5 4
4 4 1
4 1 0
4 4 3
4 3 2
4 7 6
4 103 102
4 102 90
4 90 10
4 10 9
4 90 89
4 89 88
4 88 85
4 85 45
4 45 44
4 44 40
4 40 11
4 40 39
4 39 36
4 36 12
4 36 35
4 35 34
4 34 33
4 33 31
4 31 13
4 31 30
4 30 14
4 30 29
4 29 15
4 29 28
4 28 20
4 20 16
4 20 19
4 19 17
4 19 18
4 28 27
4 27 22
4 22 21
4 27 26
4 26 25
4 25 24
4 24 23
4 33 32
4 39 38
4 38 37
4 44 43
4 43 41
4 43 42
4 85 84
4 84 83
4 83 82
4 82 76
4 76 75
4 75 74
4 74 60
4 60 58
4 58 47
4 47 46
4 58 57
4 57 51
4 51 50
4 50 48
4 50 49
4 57 56
4 56 52
4 56 55
4 55 54
4 54 53
4 60 59
4 74 73
4 73 61
4 73 72
4 72 69
4 69 68
4 68 62
4 68 67
4 67 66
4 66 65
4 65 64
4 64 63
4 72 71
4 71 70
4 82 81
4 81 80
4 80 79
4 79 77
4 79 78
4 88 87
4 87 86
4 102 101
4 101 100
4 100 99
4 99 97
4 97 96
4 96 93
4 93 92
4 92 91
4 96 95
4 95 94
4 99 98
5 101 2
5 2 1
5 1 0
5 101 100
5 100 3
5 100 99
5 99 98
5 98 97
5 97 4
5 97 96
5 96 95
5 95 94
5 94 93
5 93 82
5 82 10
5 10 8
5 8 6
5 6 5
5 8 7
5 10 9
5 82 81
5 81 64
5 64 12
5 12 11
5 64 63
5 63 13
5 63 62
5 62 60
5 60 59
5 59 20
5 20 15
5 15 14
5 20 19
5 19 18
5 18 16
5 18 17
5 59 58
5 58 57
5 57 55
5 55 31
5 31 29
5 29 28
5 28 21
5 28 27
5 27 26
5 26 24
5 24 23
5 23 22
5 26 25
5 31 30
5 55 54
5 54 53
5 53 48
5 48 32
5 48 47
5 47 33
5 47 46
5 46 45
5 45 44
5 44 40
5 40 37
5 37 34
5 37 36
5 36 35
5 40 39
5 39 38
5 44 43
5 43 41
5 43 42
5 53 52
5 52 51
5 51 50
5 50 49
5 57 56
5 62 61
5 81 80
5 80 79
5 79 69
5 69 68
5 68 67
5 67 65
5 67 66
5 79 78
5 78 76
5 76 75
5 75 70
5 75 74
5 74 73
5 73 72
5 72 71
5 78 77
5 93 92
5 92 91
5 91 90
5 90 89
5 89 87
5 87 85
5 85 84
5 84 83
5 87 86
5 89 88
6 99 0
6 99 98
6 98 93
6 93 31
6 31 22
6 22 20
6 20 11
6 11 1
6 11 10
6 10 9
6 9 8
6 8 7
6 7 6
6 6 5
6 5 2
6 5 4
6 4 3
6 20 19
6 19 18
6 18 14
6 14 12
6 14 13
6 18 17
6 17 15
6 17 16
6 22 21
6 31 30
6 30 25
6 25 23
6 25 24
6 30 29
6 29 28
6 28 26
6 28 27
6 93 92
6 92 45
6 45 32
6 45 44
6 44 43
6 43 40
6 40 37
6 37 36
6 36 35
6 35 34
6 34 33
6 40 39
6 39 38
6 43 42
6 42 41
6 92 91
6 91 90
6 90 89
6 89 46
6 89 88
6 88 47
6 88 87
6 87 83
6 83 82
6 82 80
6 80 79
6 79 78
6 78 76
6 76 49
6 49 48
6 76 75
6 75 73
6 73 71
6 71 56
6 56 53
6 53 51
6 51 50
6 53 52
6 56 55
6 55 54
6 71 70
6 70 68
6 68 67
6 67 57
6 67 66
6 66 65
6 65 64
6 64 58
6 64 63
6 63 60
6 60 59
6 63 62
6 62 61
6 70 69
6 73 72
6 75 74
6 78 77
6 82 81
6 87 86
6 86 85
6 85 84
6 98 97
6 97 94
6 97 96
6 96 95
7 109 108
7 108 106
7 106 100
7 100 88
7 88 86
7 86 84
7 84 83
7 83 23
7 23 9
7 9 8
7 8 6
7 6 5
7 5 4
7 4 1
7 1 0
7 4 3
7 3 2
7 8 7
7 23 22
7 22 21
7 21 20
7 20 19
7 19 18
7 18 15
7 15 14
7 14 13
7 13 11
7 11 10
7 13 12
7 18 17
7 17 16
7 83 82
7 82 67
7 67 58
7 58 40
7 40 39
7 39 27
7 27 26
7 26 25
7 25 24
7 39 38
7 38 35
7 35 34
7 34 33
7 33 30
7 30 28
7 30 29
7 33 32
7 32 31
7 38 37
7 37 36
7 58 57
7 57 41
7 57 56
7 56 54
7 54 53
7 53 51
7 51 50
7 50 47
7 47 44
7 44 43
7 43 42
7 47 46
7 46 45
7 50 49
7 49 48
7 53 52
7 56 55
7 67 66
7 66 65
7 65 63
7 63 59
7 63 62
7 62 61
7 61 60
7 65 64
7 82 81
7 81 80
7 80 79
7 79 78
7 78 77
7 77 76
7 76 75
7 75 74
7 74 68
7 74 73
7 73 70
7 70 69
7 73 72
7 72 71
7 86 85
7 88 87
7 100 99
7 99 89
7 99 98
7 98 97
7 97 91
7 91 90
7 97 96
7 96 93
7 93 92
7 96 95
7 95 94
7 106 105
7 105 104
7 104 103
7 103 102
7 102 101
7 108 107
8 103 4
8 4 0
8 4 3
8 3 2
8 2 1
8 103 102
8 102 101
8 101 5
8 101 100
8 100 96
8 96 95
8 95 77
8 77 76
8 76 67
8 67 11
8 11 8
8 8 7
8 7 6
8 11 10
8 10 9
8 67 66
8 66 18
8 18 17
8 17 12
8 17 16
8 16 14
8 14 13
8 16 15
8 66 65
8 65 63
8 63 62
8 62 60
8 60 56
8 56 55
8 55 54
8 54 50
8 50 21
8 21 19
8 21 20
8 50 49
8 49 48
8 48 45
8 45 43
8 43 39
8 39 38
8 38 36
8 36 34
8 34 33
8 33 32
8 32 23
8 23 22
8 32 31
8 31 25
8 25 24
8 31 30
8 30 29
8 29 28
8 28 26
8 28 27
8 36 35
8 38 37
8 43 42
8 42 40
8 42 41
8 45 44
8 48 47
8 47 46
8 54 53
8 53 52
8 52 51
8 60 59
8 59 57
8 59 58
8 62 61
8 65 64
8 76 75
8 75 72
8 72 71
8 71 68
8 71 70
8 70 69
8 75 74
8 74 73
8 95 94
8 94 81
8 81 80
8 80 79
8 79 78
8 94 93
8 93 92
8 92 82
8 92 91
8 91 90
8 90 88
8 88 83
8 88 87
8 87 86
8 86 85
8 85 84
8 90 89
8 100 99
8 99 98
8 98 97
9 104 103
9 103 102
9 102 3
9 3 2
9 2 0
9 2 1
9 102 101
9 101 100
9 100 64
9 64 4
9 64 63
9 63 53
9 53 6
9 6 5
9 53 52
9 52 51
9 51 13
9 13 8
9 8 7
9 13 12
9 12 9
9 12 11
9 11 10
9 51 50
9 50 26
9 26 21
9 21 14
9 21 20
9 20 19
9 19 15
9 19 18
9 18 16
9 18 17
9 26 25
9 25 22
9 25 24
9 24 23
9 50 49
9 49 45
9 45 42
9 42 41
9 41 39
9 39 35
9 35 29
9 29 28
9 28 27
9 35 34
9 34 33
9 33 32
9 32 31
9 31 30
9 39 38
9 38 36
9 38 37
9 41 40
9 45 44
9 44 43
9 49 48
9 48 46
9 48 47
9 63 62
9 62 61
9 61 58
9 58 57
9 57 56
9 56 54
9 56 55
9 61 60
9 60 59
9 100 99
9 99 84
9 84 83
9 83 81
9 81 80
9 80 79
9 79 78
9 78 65
9 78 77
9 77 75
9 75 74
9 74 66
9 74 73
9 73 70
9 70 67
9 70 69
9 69 68
9 73 72
9 72 71
9 77 76
9 83 82
9 99 98
9 98 97
9 97 91
9 91 89
9 89 88
9 88 86
9 86 85
9 88 87
9 91 90
9 97 96
9 96 92
9 96 95
9 95 94
9 94 93
10 108 107
10 107 97
10 97 96
10 96 0
10 96 95
10 95 94
10 94 93
10 93 91
10 91 2
10 2 1
10 91 90
10 90 18
10 18 17
10 17 15
10 15 13
10 13 12
10 12 9
10 9 8
10 8 7
10 7 3
10 7 6
10 6 4
10 6 5
10 12 11
10 11 10
10 15 14
10 17 16
10 90 89
10 89 87
10 87 85
10 85 51
10 51 24
10 24 23
10 23 19
10 23 22
10 22 20
10 22 21
10 51 50
10 50 25
10 50 49
10 49 48
10 48 26
10 48 47
10 47 46
10 46 33
10 33 31
10 31 27
10 31 30
10 30 28
10 30 29
10 33 32
10 46 45
10 45 34
10 45 44
10 44 35
10 44 43
10 43 42
10 42 40
10 40 39
10 39 37
10 37 36
10 39 38
10 42 41
10 85 84
10 84 57
10 57 54
10 54 52
10 54 53
10 57 56
10 56 55
10 84 83
10 83 58
10 83 82
10 82 81
10 81 61
10 61 60
10 60 59
10 81 80
10 80 62
10 80 79
10 79 63
10 79 78
10 78 76
10 76 75
10 75 71
10 71 70
10 70 66
10 66 64
10 66 65
10 70 69
10 69 67
10 69 68
10 75 74
10 74 73
10 73 72
10 78 77
10 87 86
10 89 88
10 93 92
10 107 106
10 106 104
10 104 101
10 101 100
10 100 99
10 99 98
10 104 103
10 103 102
10 106 105
11 107 2
11 2 1
11 1 0
11 107 106
11 106 3
11 106 105
11 105 4
11 105 104
11 104 103
11 103 5
11 103 102
11 102 88
11 88 61
11 61 10
11 10 8
11 8 7
11 7 6
11 10 9
11 61 60
11 60 58
11 58 48
11 48 47
11 47 45
11 45 44
11 44 39
11 39 37
11 37 11
11 37 36
11 36 13
11 13 12
11 36 35
11 35 32
11 32 30
11 30 29
11 29 28
11 28 27
11 27 26
11 26 25
11 25 24
11 24 23
11 23 20
11 20 19
11 19 15
11 15 14
11 19 18
11 18 17
11 17 16
11 23 22
11 22 21
11 32 31
11 35 34
11 34 33
11 39 38
11 44 43
11 43 41
11 41 40
11 43 42
11 47 46
11 58 57
11 57 55
11 55 53
11 53 52
11 52 49
11 52 51
11 51 50
11 55 54
11 57 56
11 60 59
11 88 87
11 87 64
11 64 62
11 64 63
11 87 86
11 86 75
11 75 74
11 74 65
11 74 73
11 73 72
11 72 71
11 71 70
11 70 69
11 69 68
11 68 67
11 67 66
11 86 85
11 85 79
11 79 76
11 79 78
11 78 77
11 85 84
11 84 83
11 83 82
11 82 81
11 81 80
11 102 101
11 101 100
11 100 98
11 98 93
11 93 91
11 91 89
11 91 90
11 93 92
11 98 97
11 97 96
11 96 94
11 96 95
11 100 99
12 105 104
12 104 0
12 104 103
12 103 100
12 100 99
12 99 97
12 97 96
12 96 1
12 96 95
12 95 94
12 94 2
12 94 93
12 93 92
12 92 87
12 87 64
12 64 27
12 27 3
12 27 26
12 26 21
12 21 20
12 20 4
12 20 19
12 19 18
12 18 5
12 18 17
12 17 14
12 14 13
12 13 11
12 11 7
12 7 6
12 11 10
12 10 8
12 10 9
12 13 12
12 17 16
12 16 15
12 26 25
12 25 23
12 23 22
12 25 24
12 64 63
12 63 62
12 62 54
12 54 28
12 54 53
12 53 30
12 30 29
12 53 52
12 52 41
12 41 37
12 37 36
12 36 35
12 35 34
12 34 33
12 33 32
12 32 31
12 41 40
12 40 39
12 39 38
12 52 51
12 51 50
12 50 43
12 43 42
12 50 49
12 49 44
12 49 48
12 48 47
12 47 45
12 47 46
12 62 61
12 61 58
12 58 56
12 56 55
12 58 57
12 61 60
12 60 59
12 87 86
12 86 65
12 86 85
12 85 84
12 84 82
12 82 70
12 70 68
12 68 66
12 68 67
12 70 69
12 82 81
12 81 72
12 72 71
12 81 80
12 80 74
12 74 73
12 80 79
12 79 78
12 78 77
12 77 76
12 76 75
12 84 83
12 92 91
12 91 88
12 91 90
12 90 89
12 99 98
12 103 102
12 102 101
13 106 103
13 103 102
13 102 100
13 100 92
13 92 79
13 79 78
13 78 60
13 60 58
13 58 57
13 57 55
13 55 49
13 49 45
13 45 1
13 1 0
13 45 44
13 44 43
13 43 36
13 36 4
13 4 3
13 3 2
13 36 35
13 35 34
13 34 5
13 34 33
13 33 31
13 31 20
13 20 6
13 20 19
13 19 17
13 17 10
13 10 8
13 8 7
13 10 9
13 17 16
13 16 11
13 16 15
13 15 14
13 14 13
13 13 12
13 19 18
13 31 30
13 30 27
13 27 24
13 24 22
13 22 21
13 24 23
13 27 26
13 26 25
13 30 29
13 29 28
13 33 32
13 43 42
13 42 41
13 41 40
13 40 37
13 40 39
13 39 38
13 49 48
13 48 46
13 48 47
13 55 54
13 54 50
13 54 53
13 53 51
13 53 52
13 57 56
13 60 59
13 78 77
13 77 73
13 73 67
13 67 61
13 67 66
13 66 65
13 65 63
13 63 62
13 65 64
13 73 72
13 72 71
13 71 68
13 71 70
13 70 69
13 77 76
13 76 74
13 76 75
13 92 91
13 91 90
13 90 88
13 88 85
13 85 83
13 83 81
13 81 80
13 83 82
13 85 84
13 88 87
13 87 86
13 90 89
13 100 99
13 99 94
13 94 93
13 99 98
13 98 97
13 97 95
13 97 96
13 102 101
13 106 105
13 105 104
14 107 0
14 107 106
14 106 5
14 5 4
14 4 3
14 3 1
14 3 2
14 106 105
14 105 104
14 104 103
14 103 6
14 103 102
14 102 96
14 96 81
14 81 7
14 81 80
14 80 8
14 80 79
14 79 52
14 52 20
14 20 9
14 20 19
14 19 18
14 18 17
14 17 16
14 16 14
14 14 11
14 11 10
14 14 13
14 13 12
14 16 15
14 52 51
14 51 21
14 51 50
14 50 35
14 35 23
14 23 22
14 35 34
14 34 31
14 31 30
14 30 29
14 29 28
14 28 27
14 27 26
14 26 24
14 26 25
14 34 33
14 33 32
14 50 49
14 49 36
14 49 48
14 48 47
14 47 46
14 46 45
14 45 43
14 43 41
14 41 39
14 39 37
14 39 38
14 41 40
14 43 42
14 45 44
14 79 78
14 78 76
14 76 74
14 74 73
14 73 53
14 73 72
14 72 71
14 71 70
14 70 55
14 55 54
14 70 69
14 69 59
14 59 56
14 59 58
14 58 57
14 69 68
14 68 67
14 67 65
14 65 61
14 61 60
14 65 64
14 64 62
14 64 63
14 67 66
14 76 75
14 78 77
14 96 95
14 95 94
14 94 88
14 88 87
14 87 82
14 87 86
14 86 85
14 85 83
14 85 84
14 94 93
14 93 92
14 92 89
14 92 91
14 91 90
14 102 101
14 101 99
14 99 98
14 98 97
14 101 100
15 99 92
15 92 90
15 90 0
15 90 89
15 89 88
15 88 87
15 87 85
15 85 84
15 84 16
15 16 2
15 2 1
15 16 15
15 15 14
15 14 13
15 13 3
15 13 12
15 12 11
15 11 10
15 10 4
15 10 9
15 9 7
15 7 6
15 6 5
15 9 8
15 84 83
15 83 17
15 83 82
15 82 81
15 81 80
15 80 79
15 79 18
15 79 78
15 78 77
15 77 33
15 33 19
15 33 32
15 32 30
15 30 28
15 28 27
15 27 25
15 25 24
15 24 22
15 22 21
15 21 20
15 24 23
15 27 26
15 30 29
15 32 31
15 77 76
15 76 75
15 75 70
15 70 69
15 69 40
15 40 39
15 39 37
15 37 36
15 36 35
15 35 34
15 39 38
15 69 68
15 68 48
15 48 44
15 44 42
15 42 41
15 44 43
15 48 47
15 47 45
15 47 46
15 68 67
15 67 66
15 66 50
15 50 49
15 66 65
15 65 54
15 54 51
15 54 53
15 53 52
15 65 64
15 64 63
15 63 62
15 62 55
15 62 61
15 61 60
15 60 58
15 58 57
15 57 56
15 60 59
15 75 74
15 74 71
15 74 73
15 73 72
15 87 86
15 92 91
15 99 98
15 98 97
15 97 93
15 97 96
15 96 94
15 96 95
16 100 67
16 67 65
16 65 64
16 64 38
16 38 37
16 37 36
16 36 35
16 35 1
16 1 0
16 35 34
16 34 20
16 20 19
16 19 18
16 18 17
16 17 16
16 16 7
16 7 6
16 6 5
16 5 4
16 4 2
16 4 3
16 16 15
16 15 8
16 15 14
16 14 13
16 13 12
16 12 10
16 10 9
16 12 11
16 34 33
16 33 32
16 32 31
16 31 30
16 30 29
16 29 27
16 27 26
16 26 23
16 23 22
16 22 21
16 26 25
16 25 24
16 29 28
16 64 63
16 63 61
16 61 56
16 56 52
16 52 51
16 51 50
16 50 49
16 49 48
16 48 46
16 46 44
16 44 41
16 41 39
16 41 40
16 44 43
16 43 42
16 46 45
16 48 47
16 56 55
16 55 53
16 55 54
16 61 60
16 60 59
16 59 57
16 59 58
16 63 62
16 67 66
16 100 99
16 99 87
16 87 86
16 86 68
16 86 85
16 85 70
16 70 69
16 85 84
16 84 82
16 82 80
16 80 79
16 79 71
16 79 78
16 78 72
16 78 77
16 77 76
16 76 75
16 75 73
16 75 74
16 82 81
16 84 83
16 99 98
16 98 97
16 97 96
16 96 94
16 94 93
16 93 92
16 92 91
16 91 89
16 89 88
16 91 90
16 96 95
