1 17 16
1 16 0
1 16 15
1 15 13
1 13 12
1 12 8
1 8 7
1 7 5
1 5 3
1 3 2
1 2 1
1 5 4
1 7 6
1 12 11
1 11 9
1 11 10
1 15 14
2 19 0
2 19 18
2 18 17
2 17 16
2 16 13
2 13 12
2 12 11
2 11 2
2 2 1
2 11 10
2 10 9
2 9 8
2 8 7
2 7 3
2 7 6
2 6 4
2 6 5
2 16 15
2 15 14
3 14 13
3 13 12
3 12 10
3 10 8
3 8 7
3 7 4
3 4 3
3 3 0
3 3 2
3 2 1
3 7 6
3 6 5
3 10 9
3 12 11
4 18 5
4 5 4
4 4 2
4 2 0
4 2 1
4 4 3
4 18 17
4 17 6
4 17 16
4 16 15
4 15 14
4 14 13
4 13 10
4 10 9
4 9 8
4 8 7
4 13 12
4 12 11
5 15 14
5 14 0
5 14 13
5 13 12
5 12 11
5 11 3
5 3 1
5 3 2
5 11 10
5 10 9
5 9 7
5 7 6
5 6 5
5 5 4
5 9 8
6 16 15
6 15 7
6 7 0
6 7 6
6 6 1
6 6 5
6 5 4
6 4 2
6 4 3
6 15 14
6 14 9
6 9 8
6 14 13
6 13 10
6 13 12
6 12 11
7 19 17
7 17 8
7 8 6
7 6 0
7 6 5
7 5 4
7 4 3
7 3 2
7 2 1
7 8 7
7 17 16
7 16 15
7 15 11
7 11 9
7 11 10
7 15 14
7 14 12
7 14 13
7 19 18
8 19 18
8 18 16
8 16 15
8 15 14
8 14 11
8 11 0
8 11 10
8 10 2
8 2 1
8 10 9
8 9 7
8 7 6
8 6 5
8 5 3
8 5 4
8 9 8
8 14 13
8 13 12
8 18 17
9 18 0
9 18 17
9 17 16
9 16 14
9 14 13
9 13 8
9 8 7
9 7 4
9 4 3
9 3 2
9 2 1
9 7 6
9 6 5
9 13 12
9 12 11
9 11 10
9 10 9
9 16 15
10 19 18
10 18 0
10 18 17
10 17 3
10 3 2
10 2 1
10 17 16
10 16 11
10 11 6
10 6 5
10 5 4
10 11 10
10 10 8
10 8 7
10 10 9
10 16 15
10 15 14
10 14 12
10 14 13
11 14 0
11 14 13
11 13 12
11 12 11
11 11 10
11 10 9
11 9 8
11 8 7
11 7 4
11 4 1
11 4 3
11 3 2
11 7 6
11 6 5
12 15 1
12 1 0
12 15 14
12 14 7
12 7 2
12 7 6
12 6 5
12 5 3
12 5 4
12 14 13
12 13 12
12 12 9
12 9 8
12 12 11
12 11 10
13 14 0
13 14 13
13 13 5
13 5 4
13 4 2
13 2 1
13 4 3
13 13 12
13 12 11
13 11 9
13 9 8
13 8 7
13 7 6
13 11 10
14 16 6
14 6 5
14 5 2
14 2 0
14 2 1
14 5 4
14 4 3
14 16 15
14 15 13
14 13 12
14 12 11
14 11 9
14 9 8
14 8 7
14 11 10
14 15 14
15 18 15
15 15 14
15 14 13
15 13 0
15 13 12
15 12 7
15 7 5
15 5 3
15 3 2
15 2 1
15 5 4
15 7 6
15 12 11
15 11 9
15 9 8
15 11 10
15 18 17
15 17 16
16 17 10
16 10 8
16 8 7
16 7 0
16 7 6
16 6 4
16 4 1
16 4 3
16 3 2
16 6 5
16 10 9
16 17 16
16 16 15
16 15 14
16 14 12
16 12 11
16 14 13
17 17 16
17 16 12
17 12 0
17 12 11
17 11 10
17 10 6
17 6 4
17 4 3
17 3 1
17 3 2
17 6 5
17 10 9
17 9 7
17 9 8
17 16 15
17 15 14
17 14 13
18 18 16
18 16 15
18 15 14
18 14 13
18 13 0
18 13 12
18 12 11
18 11 10
18 10 1
18 10 9
18 9 3
18 3 2
18 9 8
18 8 7
18 7 6
18 6 4
18 6 5
18 18 17
19 14 12
19 12 9
19 9 7
19 7 6
19 6 5
19 5 0
19 5 4
19 4 3
19 3 1
19 3 2
19 9 8
19 12 11
19 11 10
19 14 13
20 14 13
20 13 8
20 8 0
20 8 7
20 7 6
20 6 3
20 3 2
20 2 1
20 6 5
20 5 4
20 13 12
20 12 9
20 12 11
20 11 10
21 14 13
21 13 10
21 10 8
21 8 7
21 7 6
21 6 0
21 6 5
21 5 1
21 5 4
21 4 3
21 3 2
21 10 9
21 13 12
21 12 11
22 19 18
22 18 1
22 1 0
22 18 17
22 17 15
22 15 4
22 4 3
22 3 2
22 15 14
22 14 5
22 14 13
22 13 11
22 11 8
22 8 7
22 7 6
22 11 10
22 10 9
22 13 12
22 17 16
23 18 17
23 17 0
23 17 16
23 16 3
23 3 1
23 3 2
23 16 15
23 15 14
23 14 7
23 7 6
23 6 4
23 6 5
23 14 13
23 13 11
23 11 10
23 10 9
23 9 8
23 13 12
24 18 16
24 16 15
24 15 14
24 14 2
24 2 1
24 1 0
24 14 13
24 13 12
24 12 5
24 5 3
24 5 4
24 12 11
24 11 8
24 8 7
24 7 6
24 11 10
24 10 9
24 18 17
25 17 16
25 16 15
25 15 14
25 14 12
25 12 0
25 12 11
25 11 1
25 11 10
25 10 9
25 9 7
25 7 6
25 6 4
25 4 2
25 4 3
25 6 5
25 9 8
25 14 13
26 19 17
26 17 16
26 16 0
26 16 15
26 15 14
26 14 2
26 2 1
26 14 13
26 13 9
26 9 8
26 8 3
26 8 7
26 7 4
26 7 6
26 6 5
26 13 12
26 12 11
26 11 10
26 19 18
27 17 16
27 16 7
27 7 3
27 3 1
27 1 0
27 3 2
27 7 6
27 6 5
27 5 4
27 16 15
27 15 8
27 15 14
27 14 13
27 13 11
27 11 9
27 11 10
27 13 12
28 19 17
28 17 15
28 15 14
28 14 13
28 13 6
28 6 1
28 1 0
28 6 5
28 5 4
28 4 2
28 4 3
28 13 12
28 12 11
28 11 9
28 9 8
28 8 7
28 11 10
28 17 16
28 19 18
29 14 12
29 12 11
29 11 1
29 1 0
29 11 10
29 10 8
29 8 7
29 7 3
29 3 2
29 7 6
29 6 5
29 5 4
29 10 9
29 14 13
30 15 12
30 12 10
30 10 8
30 8 1
30 1 0
30 8 7
30 7 6
30 6 5
30 5 3
30 3 2
30 5 4
30 10 9
30 12 11
30 15 14
30 14 13
31 18 16
31 16 4
31 4 0
31 4 3
31 3 2
31 2 1
31 16 15
31 15 14
31 14 13
31 13 5
31 13 12
31 12 11
31 11 8
31 8 6
31 8 7
31 11 10
31 10 9
31 18 17
32 19 13
32 13 12
32 12 11
32 11 10
32 10 0
32 10 9
32 9 1
32 9 8
32 8 2
32 8 7
32 7 3
32 7 6
32 6 5
32 5 4
32 19 18
32 18 16
32 16 14
32 16 15
32 18 17
33 17 1
33 1 0
33 17 16
33 16 15
33 15 14
33 14 5
33 5 4
33 4 2
33 4 3
33 14 13
33 13 12
33 12 11
33 11 10
33 10 6
33 10 9
33 9 7
33 9 8
34 17 16
34 16 15
34 15 1
34 1 0
34 15 14
34 14 13
34 13 11
34 11 2
34 11 10
34 10 9
34 9 3
34 9 8
34 8 6
34 6 5
34 5 4
34 8 7
34 13 12
35 19 17
35 17 15
35 15 0
35 15 14
35 14 1
35 14 13
35 13 3
35 3 2
35 13 12
35 12 4
35 12 11
35 11 10
35 10 9
35 9 6
35 6 5
35 9 8
35 8 7
35 17 16
35 19 18
36 14 0
36 14 13
36 13 12
36 12 10
36 10 9
36 9 8
36 8 7
36 7 2
36 2 1
36 7 6
36 6 3
36 6 5
36 5 4
36 12 11
37 15 14
37 14 13
37 13 0
37 13 12
37 12 3
37 3 2
37 2 1
37 12 11
37 11 6
37 6 5
37 5 4
37 11 10
37 10 9
37 9 7
37 9 8
38 19 2
38 2 0
38 2 1
38 19 18
38 18 6
38 6 5
38 5 3
38 5 4
38 18 17
38 17 10
38 10 8
38 8 7
38 10 9
38 17 16
38 16 11
38 16 15
38 15 14
38 14 12
38 14 13
39 19 11
39 11 10
39 10 0
39 10 9
39 9 7
39 7 4
39 4 2
39 2 1
39 4 3
39 7 6
39 6 5
39 9 8
39 19 18
39 18 17
39 17 14
39 14 12
39 14 13
39 17 16
39 16 15
40 18 0
40 18 17
40 17 16
40 16 14
40 14 12
40 12 11
40 11 10
40 10 9
40 9 3
40 3 1
40 3 2
40 9 8
40 8 4
40 8 7
40 7 5
40 7 6
40 14 13
40 16 15
41 16 0
41 16 15
41 15 14
41 14 4
41 4 3
41 3 1
41 3 2
41 14 13
41 13 12
41 12 7
41 7 6
41 6 5
41 12 11
41 11 10
41 10 8
41 10 9
42 14 13
42 13 1
42 1 0
42 13 12
42 12 3
42 3 2
42 12 11
42 11 8
42 8 7
42 7 5
42 5 4
42 7 6
42 11 10
42 10 9
43 15 0
43 15 14
43 14 13
43 13 12
43 12 10
43 10 8
43 8 1
43 8 7
43 7 6
43 6 5
43 5 3
43 3 2
43 5 4
43 10 9
43 12 11
44 14 0
44 14 13
44 13 12
44 12 10
44 10 4
44 4 3
44 3 1
44 3 2
44 10 9
44 9 8
44 8 6
44 6 5
44 8 7
44 12 11
45 14 6
45 6 3
45 3 2
45 2 1
45 1 0
45 6 5
45 5 4
45 14 13
45 13 12
45 12 9
45 9 7
45 9 8
45 12 11
45 11 10
46 16 13
46 13 9
46 9 8
46 8 6
46 6 5
46 5 3
46 3 0
46 3 2
46 2 1
46 5 4
46 8 7
46 13 12
46 12 10
46 12 11
46 16 15
46 15 14
47 18 3
47 3 0
47 3 2
47 2 1
47 18 17
47 17 4
47 17 16
47 16 15
47 15 14
47 14 12
47 12 10
47 10 9
47 9 7
47 7 6
47 6 5
47 9 8
47 12 11
47 14 13
48 15 6
48 6 5
48 5 3
48 3 2
48 2 0
48 2 1
48 5 4
48 15 14
48 14 12
48 12 10
48 10 9
48 9 8
48 8 7
48 12 11
48 14 13
49 16 15
49 15 6
49 6 0
49 6 5
49 5 4
49 4 2
49 2 1
49 4 3
49 15 14
49 14 7
49 14 13
49 13 9
49 9 8
49 13 12
49 12 11
49 11 10
50 19 17
50 17 16
50 16 14
50 14 11
50 11 10
50 10 9
50 9 8
50 8 6
50 6 5
50 5 4
50 4 2
50 2 0
50 2 1
50 4 3
50 8 7
50 14 13
50 13 12
50 16 15
50 19 18
51 19 18
51 18 1
51 1 0
51 18 17
51 17 16
51 16 2
51 16 15
51 15 3
51 15 14
51 14 4
51 14 13
51 13 6
51 6 5
51 13 12
51 12 10
51 10 9
51 9 8
51 8 7
51 12 11
52 14 3
52 3 2
52 2 1
52 1 0
52 14 13
52 13 12
52 12 11
52 11 10
52 10 9
52 9 8
52 8 6
52 6 5
52 5 4
52 8 7
53 19 18
53 18 1
53 1 0
53 18 17
53 17 16
53 16 2
53 16 15
53 15 12
53 12 3
53 12 11
53 11 4
53 11 10
53 10 9
53 9 8
53 8 5
53 8 7
53 7 6
53 15 14
53 14 13
54 14 9
54 9 7
54 7 2
54 2 1
54 1 0
54 7 6
54 6 4
54 4 3
54 6 5
54 9 8
54 14 13
54 13 11
54 11 10
54 13 12
55 19 16
55 16 15
55 15 5
55 5 3
55 3 0
55 3 2
55 2 1
55 5 4
55 15 14
55 14 6
55 14 13
55 13 10
55 10 8
55 8 7
55 10 9
55 13 12
55 12 11
55 19 18
55 18 17
56 17 0
56 17 16
56 16 4
56 4 3
56 3 1
56 3 2
56 16 15
56 15 13
56 13 5
56 13 12
56 12 11
56 11 9
56 9 6
56 9 8
56 8 7
56 11 10
56 15 14
57 17 16
57 16 15
57 15 10
57 10 6
57 6 0
57 6 5
57 5 4
57 4 1
57 4 3
57 3 2
57 10 9
57 9 7
57 9 8
57 15 14
57 14 12
57 12 11
57 14 13
58 19 1
58 1 0
58 19 18
58 18 3
58 3 2
58 18 17
58 17 14
58 14 13
58 13 10
58 10 9
58 9 8
58 8 7
58 7 6
58 6 4
58 6 5
58 13 12
58 12 11
58 17 16
58 16 15
59 19 18
59 18 16
59 16 1
59 1 0
59 16 15
59 15 14
59 14 13
59 13 6
59 6 4
59 4 3
59 3 2
59 6 5
59 13 12
59 12 11
59 11 10
59 10 8
59 8 7
59 10 9
59 18 17
60 17 0
60 17 16
60 16 15
60 15 1
60 15 14
60 14 12
60 12 10
60 10 2
60 10 9
60 9 7
60 7 6
60 6 3
60 6 5
60 5 4
60 9 8
60 12 11
60 14 13
61 17 16
61 16 11
61 11 0
61 11 10
61 10 6
61 6 1
61 6 5
61 5 3
61 3 2
61 5 4
61 10 9
61 9 8
61 8 7
61 16 15
61 15 12
61 15 14
61 14 13
62 17 16
62 16 0
62 16 15
62 15 12
62 12 10
62 10 7
62 7 2
62 2 1
62 7 6
62 6 5
62 5 3
62 5 4
62 10 9
62 9 8
62 12 11
62 15 14
62 14 13
63 16 0
63 16 15
63 15 2
63 2 1
63 15 14
63 14 12
63 12 11
63 11 10
63 10 9
63 9 8
63 8 7
63 7 6
63 6 5
63 5 3
63 5 4
63 14 13
64 18 11
64 11 10
64 10 1
64 1 0
64 10 9
64 9 8
64 8 7
64 7 5
64 5 4
64 4 2
64 4 3
64 7 6
64 18 17
64 17 15
64 15 13
64 13 12
64 15 14
64 17 16
65 15 7
65 7 6
65 6 0
65 6 5
65 5 3
65 3 1
65 3 2
65 5 4
65 15 14
65 14 12
65 12 8
65 12 11
65 11 9
65 11 10
65 14 13
66 15 0
66 15 14
66 14 8
66 8 7
66 7 6
66 6 5
66 5 3
66 3 2
66 2 1
66 5 4
66 14 13
66 13 11
66 11 9
66 11 10
66 13 12
67 18 2
67 2 0
67 2 1
67 18 17
67 17 16
67 16 15
67 15 10
67 10 3
67 10 9
67 9 6
67 6 4
67 6 5
67 9 8
67 8 7
67 15 14
67 14 13
67 13 12
67 12 11
68 14 10
68 10 1
68 1 0
68 10 9
68 9 3
68 3 2
68 9 8
68 8 7
68 7 6
68 6 4
68 6 5
68 14 13
68 13 11
68 13 12
69 14 12
69 12 9
69 9 7
69 7 6
69 6 5
69 5 4
69 4 3
69 3 0
69 3 2
69 2 1
69 9 8
69 12 11
69 11 10
69 14 13
70 14 5
70 5 3
70 3 0
70 3 2
70 2 1
70 5 4
70 14 13
70 13 8
70 8 7
70 7 6
70 13 12
70 12 11
70 11 10
70 10 9
71 17 16
71 16 15
71 15 1
71 1 0
71 15 14
71 14 13
71 13 12
71 12 11
71 11 10
71 10 6
71 6 5
71 5 2
71 5 4
71 4 3
71 10 9
71 9 7
71 9 8
72 14 13
72 13 12
72 12 11
72 11 0
72 11 10
72 10 9
72 9 3
72 3 1
72 3 2
72 9 8
72 8 7
72 7 6
72 6 5
72 5 4
73 14 0
73 14 13
73 13 12
73 12 9
73 9 8
73 8 6
73 6 3
73 3 2
73 2 1
73 6 5
73 5 4
73 8 7
73 12 11
73 11 10
74 15 11
74 11 9
74 9 3
74 3 1
74 1 0
74 3 2
74 9 8
74 8 5
74 5 4
74 8 7
74 7 6
74 11 10
74 15 14
74 14 12
74 14 13
75 14 10
75 10 9
75 9 8
75 8 2
75 2 0
75 2 1
75 8 7
75 7 6
75 6 5
75 5 3
75 5 4
75 14 13
75 13 11
75 13 12
76 16 13
76 13 12
76 12 9
76 9 8
76 8 7
76 7 0
76 7 6
76 6 1
76 6 5
76 5 2
76 5 4
76 4 3
76 12 11
76 11 10
76 16 15
76 15 14
77 18 0
77 18 17
77 17 16
77 16 15
77 15 3
77 3 1
77 3 2
77 15 14
77 14 4
77 14 13
77 13 9
77 9 8
77 8 7
77 7 5
77 7 6
77 13 12
77 12 11
77 11 10
78 18 17
78 17 16
78 16 15
78 15 14
78 14 11
78 11 0
78 11 10
78 10 6
78 6 2
78 2 1
78 6 5
78 5 4
78 4 3
78 10 9
78 9 7
78 9 8
78 14 13
78 13 12
79 17 16
79 16 0
79 16 15
79 15 14
79 14 12
79 12 4
79 4 1
79 4 3
79 3 2
79 12 11
79 11 9
79 9 8
79 8 7
79 7 5
79 7 6
79 11 10
79 14 13
80 15 12
80 12 7
80 7 0
80 7 6
80 6 1
80 6 5
80 5 3
80 3 2
80 5 4
80 12 11
80 11 10
80 10 8
80 10 9
80 15 14
80 14 13
81 16 0
81 16 15
81 15 14
81 14 1
81 14 13
81 13 12
81 12 2
81 12 11
81 11 10
81 10 6
81 6 4
81 4 3
81 6 5
81 10 9
81 9 8
81 8 7
82 18 13
82 13 12
82 12 10
82 10 8
82 8 6
82 6 1
82 1 0
82 6 5
82 5 3
82 3 2
82 5 4
82 8 7
82 10 9
82 12 11
82 18 17
82 17 16
82 16 14
82 16 15
83 16 13
83 13 10
83 10 9
83 9 8
83 8 6
83 6 1
83 1 0
83 6 5
83 5 3
83 3 2
83 5 4
83 8 7
83 13 12
83 12 11
83 16 15
83 15 14
84 18 17
84 17 16
84 16 15
84 15 3
84 3 2
84 2 0
84 2 1
84 15 14
84 14 10
84 10 5
84 5 4
84 10 9
84 9 7
84 7 6
84 9 8
84 14 13
84 13 11
84 13 12
85 15 13
85 13 1
85 1 0
85 13 12
85 12 4
85 4 3
85 3 2
85 12 11
85 11 10
85 10 7
85 7 5
85 7 6
85 10 9
85 9 8
85 15 14
86 15 14
86 14 13
86 13 0
86 13 12
86 12 1
86 12 11
86 11 7
86 7 6
86 6 5
86 5 2
86 5 4
86 4 3
86 11 10
86 10 9
86 9 8
87 14 1
87 1 0
87 14 13
87 13 12
87 12 3
87 3 2
87 12 11
87 11 8
87 8 7
87 7 6
87 6 4
87 6 5
87 11 10
87 10 9
88 14 3
88 3 1
88 1 0
88 3 2
88 14 13
88 13 12
88 12 4
88 12 11
88 11 8
88 8 7
88 7 6
88 6 5
88 11 10
88 10 9
89 14 13
89 13 5
89 5 4
89 4 3
89 3 2
89 2 0
89 2 1
89 13 12
89 12 11
89 11 9
89 9 8
89 8 6
89 8 7
89 11 10
90 14 3
90 3 0
90 3 2
90 2 1
90 14 13
90 13 12
90 12 11
90 11 10
90 10 9
90 9 8
90 8 4
90 8 7
90 7 5
90 7 6
91 19 16
91 16 8
91 8 2
91 2 1
91 1 0
91 8 7
91 7 5
91 5 3
91 5 4
91 7 6
91 16 15
91 15 14
91 14 13
91 13 9
91 13 12
91 12 10
91 12 11
91 19 18
91 18 17
92 14 13
92 13 0
92 13 12
92 12 11
92 11 10
92 10 1
92 10 9
92 9 8
92 8 2
92 8 7
92 7 4
92 4 3
92 7 6
92 6 5
93 15 14
93 14 13
93 13 11
93 11 1
93 1 0
93 11 10
93 10 7
93 7 6
93 6 4
93 4 3
93 3 2
93 6 5
93 10 9
93 9 8
93 13 12
94 18 9
94 9 8
94 8 0
94 8 7
94 7 6
94 6 3
94 3 2
94 2 1
94 6 5
94 5 4
94 18 17
94 17 12
94 12 11
94 11 10
94 17 16
94 16 14
94 14 13
94 16 15
95 17 16
95 16 15
95 15 13
95 13 12
95 12 11
95 11 0
95 11 10
95 10 7
95 7 1
95 7 6
95 6 4
95 4 3
95 3 2
95 6 5
95 10 9
95 9 8
95 15 14
96 18 11
96 11 2
96 2 0
96 2 1
96 11 10
96 10 8
96 8 6
96 6 5
96 5 3
96 5 4
96 8 7
96 10 9
96 18 17
96 17 16
96 16 15
96 15 14
96 14 12
96 14 13
97 18 0
97 18 17
97 17 16
97 16 2
97 2 1
97 16 15
97 15 13
97 13 12
97 12 11
97 11 8
97 8 5
97 5 3
97 5 4
97 8 7
97 7 6
97 11 10
97 10 9
97 15 14
98 15 12
98 12 11
98 11 3
98 3 1
98 1 0
98 3 2
98 11 10
98 10 9
98 9 6
98 6 4
98 6 5
98 9 8
98 8 7
98 15 14
98 14 13
99 18 17
99 17 16
99 16 9
99 9 8
99 8 1
99 1 0
99 8 7
99 7 6
99 6 2
99 6 5
99 5 3
99 5 4
99 16 15
99 15 14
99 14 13
99 13 11
99 11 10
99 13 12
100 18 17
100 17 16
100 16 7
100 7 6
100 6 5
100 5 4
100 4 3
100 3 1
100 1 0
100 3 2
100 16 15
100 15 14
100 14 13
100 13 12
100 12 8
100 12 11
100 11 9
100 11 10
101 18 17
101 17 15
101 15 8
101 8 6
101 6 1
101 1 0
101 6 5
101 5 4
101 4 2
101 4 3
101 8 7
101 15 14
101 14 11
101 11 9
101 11 10
101 14 13
101 13 12
101 17 16
