1 18 7
1 7 6
1 6 4
1 4 2
1 2 0
1 2 1
1 4 3
1 6 5
1 18 17
1 17 8
1 17 16
1 16 14
1 14 12
1 12 11
1 11 9
1 11 10
1 14 13
1 16 15
2 19 5
2 5 2
2 2 0
2 2 1
2 5 4
2 4 3
2 19 18
2 18 6
2 18 17
2 17 11
2 11 10
2 10 9
2 9 7
2 9 8
2 17 16
2 16 14
2 14 13
2 13 12
2 16 15
3 17 13
3 13 8
3 8 7
3 7 3
3 3 0
3 3 2
3 2 1
3 7 6
3 6 5
3 5 4
3 13 12
3 12 11
3 11 9
3 11 10
3 17 16
3 16 14
3 16 15
4 15 13
4 13 5
4 5 4
4 4 3
4 3 0
4 3 2
4 2 1
4 13 12
4 12 10
4 10 9
4 9 8
4 8 7
4 7 6
4 12 11
4 15 14
5 14 2
5 2 0
5 2 1
5 14 13
5 13 12
5 12 11
5 11 9
5 9 7
5 7 3
5 7 6
5 6 5
5 5 4
5 9 8
5 11 10
6 16 12
6 12 7
6 7 5
6 5 4
6 4 2
6 2 0
6 2 1
6 4 3
6 7 6
6 12 11
6 11 10
6 10 9
6 9 8
6 16 15
6 15 14
6 14 13
7 14 13
7 13 12
7 12 11
7 11 4
7 4 3
7 3 2
7 2 0
7 2 1
7 11 10
7 10 9
7 9 8
7 8 6
7 6 5
7 8 7
8 16 9
8 9 8
8 8 7
8 7 5
8 5 4
8 4 1
8 1 0
8 4 3
8 3 2
8 7 6
8 16 15
8 15 10
8 15 14
8 14 13
8 13 12
8 12 11
9 16 4
9 4 0
9 4 3
9 3 2
9 2 1
9 16 15
9 15 14
9 14 13
9 13 11
9 11 5
9 11 10
9 10 8
9 8 6
9 8 7
9 10 9
9 13 12
10 19 17
10 17 0
10 17 16
10 16 3
10 3 2
10 2 1
10 16 15
10 15 13
10 13 12
10 12 5
10 5 4
10 12 11
10 11 6
10 11 10
10 10 8
10 8 7
10 10 9
10 15 14
10 19 18
11 14 7
11 7 0
11 7 6
11 6 4
11 4 2
11 2 1
11 4 3
11 6 5
11 14 13
11 13 8
11 13 12
11 12 10
11 10 9
11 12 11
12 19 15
12 15 14
12 14 0
12 14 13
12 13 12
12 12 9
12 9 7
12 7 5
12 5 2
12 2 1
12 5 4
12 4 3
12 7 6
12 9 8
12 12 11
12 11 10
12 19 18
12 18 17
12 17 16
13 17 16
13 16 15
13 15 0
13 15 14
13 14 13
13 13 6
13 6 1
13 6 5
13 5 3
13 3 2
13 5 4
13 13 12
13 12 11
13 11 9
13 9 7
13 9 8
13 11 10
14 19 13
14 13 12
14 12 11
14 11 9
14 9 0
14 9 8
14 8 6
14 6 5
14 5 3
14 3 1
14 3 2
14 5 4
14 8 7
14 11 10
14 19 18
14 18 17
14 17 16
14 16 15
14 15 14
15 17 16
15 16 0
15 16 15
15 15 2
15 2 1
15 15 14
15 14 12
15 12 7
15 7 6
15 6 5
15 5 4
15 4 3
15 12 11
15 11 8
15 11 10
15 10 9
15 14 13
16 16 6
16 6 5
16 5 4
16 4 3
16 3 2
16 2 0
16 2 1
16 16 15
16 15 7
16 15 14
16 14 12
16 12 9
16 9 8
16 12 11
16 11 10
16 14 13
17 16 14
17 14 13
17 13 0
17 13 12
17 12 11
17 11 10
17 10 8
17 8 7
17 7 4
17 4 1
17 4 3
17 3 2
17 7 6
17 6 5
17 10 9
17 16 15
18 14 13
18 13 11
18 11 7
18 7 0
18 7 6
18 6 5
18 5 4
18 4 1
18 4 3
18 3 2
18 11 10
18 10 8
18 10 9
18 13 12
19 16 15
19 15 13
19 13 4
19 4 1
19 1 0
19 4 3
19 3 2
19 13 12
19 12 11
19 11 5
19 11 10
19 10 6
19 10 9
19 9 8
19 8 7
19 15 14
20 14 1
20 1 0
20 14 13
20 13 2
20 13 12
20 12 4
20 4 3
20 12 11
20 11 10
20 10 9
20 9 5
20 9 8
20 8 6
20 8 7
21 18 17
21 17 9
21 9 8
21 8 0
21 8 7
21 7 3
21 3 1
21 3 2
21 7 6
21 6 5
21 5 4
21 17 16
21 16 10
21 16 15
21 15 11
21 15 14
21 14 12
21 14 13
22 15 14
22 14 0
22 14 13
22 13 4
22 4 2
22 2 1
22 4 3
22 13 12
22 12 5
22 12 11
22 11 10
22 10 7
22 7 6
22 10 9
22 9 8
23 18 17
23 17 1
23 1 0
23 17 16
23 16 15
23 15 3
23 3 2
23 15 14
23 14 13
23 13 4
23 13 12
23 12 11
23 11 5
23 11 10
23 10 9
23 9 8
23 8 6
23 8 7
24 15 14
24 14 9
24 9 4
24 4 0
24 4 3
24 3 2
24 2 1
24 9 8
24 8 6
24 6 5
24 8 7
24 14 13
24 13 11
24 11 10
24 13 12
25 18 0
25 18 17
25 17 5
25 5 3
25 3 2
25 2 1
25 5 4
25 17 16
25 16 13
25 13 10
25 10 7
25 7 6
25 10 9
25 9 8
25 13 12
25 12 11
25 16 15
25 15 14
26 15 14
26 14 13
26 13 2
26 2 0
26 2 1
26 13 12
26 12 7
26 7 5
26 5 4
26 4 3
26 7 6
26 12 11
26 11 9
26 9 8
26 11 10
27 17 7
27 7 0
27 7 6
27 6 1
27 6 5
27 5 4
27 4 2
27 4 3
27 17 16
27 16 15
27 15 14
27 14 12
27 12 9
27 9 8
27 12 11
27 11 10
27 14 13
28 16 14
28 14 13
28 13 1
28 1 0
28 13 12
28 12 6
28 6 5
28 5 2
28 5 4
28 4 3
28 12 11
28 11 10
28 10 7
28 10 9
28 9 8
28 16 15
29 17 7
29 7 6
29 6 0
29 6 5
29 5 4
29 4 3
29 3 2
29 2 1
29 17 16
29 16 15
29 15 11
29 11 9
29 9 8
29 11 10
29 15 14
29 14 12
29 14 13
30 16 2
30 2 0
30 2 1
30 16 15
30 15 3
30 15 14
30 14 4
30 14 13
30 13 5
30 13 12
30 12 7
30 7 6
30 12 11
30 11 8
30 11 10
30 10 9
31 19 15
31 15 2
31 2 0
31 2 1
31 15 14
31 14 12
31 12 7
31 7 4
31 4 3
31 7 6
31 6 5
31 12 11
31 11 8
31 11 10
31 10 9
31 14 13
31 19 18
31 18 17
31 17 16
32 18 16
32 16 15
32 15 7
32 7 0
32 7 6
32 6 4
32 4 2
32 2 1
32 4 3
32 6 5
32 15 14
32 14 9
32 9 8
32 14 13
32 13 11
32 11 10
32 13 12
32 18 17
33 19 13
33 13 11
33 11 3
33 3 2
33 2 0
33 2 1
33 11 10
33 10 8
33 8 7
33 7 6
33 6 5
33 5 4
33 10 9
33 13 12
33 19 18
33 18 14
33 18 17
33 17 15
33 17 16
34 16 0
34 16 15
34 15 5
34 5 3
34 3 2
34 2 1
34 5 4
34 15 14
34 14 12
34 12 6
34 12 11
34 11 10
34 10 8
34 8 7
34 10 9
34 14 13
35 14 5
35 5 4
35 4 2
35 2 1
35 1 0
35 4 3
35 14 13
35 13 11
35 11 9
35 9 7
35 7 6
35 9 8
35 11 10
35 13 12
36 18 12
36 12 2
36 2 0
36 2 1
36 12 11
36 11 10
36 10 4
36 4 3
36 10 9
36 9 5
36 9 8
36 8 7
36 7 6
36 18 17
36 17 16
36 16 13
36 16 15
36 15 14
37 18 17
37 17 2
37 2 0
37 2 1
37 17 16
37 16 13
37 13 3
37 13 12
37 12 11
37 11 10
37 10 4
37 10 9
37 9 6
37 6 5
37 9 8
37 8 7
37 16 15
37 15 14
38 16 15
38 15 11
38 11 10
38 10 6
38 6 4
38 4 3
38 3 2
38 2 1
38 1 0
38 6 5
38 10 9
38 9 8
38 8 7
38 15 14
38 14 13
38 13 12
39 18 2
39 2 0
39 2 1
39 18 17
39 17 16
39 16 4
39 4 3
39 16 15
39 15 14
39 14 13
39 13 10
39 10 9
39 9 8
39 8 7
39 7 5
39 7 6
39 13 12
39 12 11
40 14 13
40 13 2
40 2 1
40 1 0
40 13 12
40 12 11
40 11 7
40 7 5
40 5 4
40 4 3
40 7 6
40 11 10
40 10 9
40 9 8
41 18 17
41 17 0
41 17 16
41 16 14
41 14 1
41 14 13
41 13 12
41 12 3
41 3 2
41 12 11
41 11 10
41 10 9
41 9 8
41 8 7
41 7 4
41 7 6
41 6 5
41 16 15
42 18 1
42 1 0
42 18 17
42 17 10
42 10 9
42 9 2
42 9 8
42 8 7
42 7 6
42 6 5
42 5 3
42 5 4
42 17 16
42 16 14
42 14 12
42 12 11
42 14 13
42 16 15
43 16 15
43 15 13
43 13 12
43 12 9
43 9 7
43 7 6
43 6 4
43 4 2
43 2 1
43 1 0
43 4 3
43 6 5
43 9 8
43 12 11
43 11 10
43 15 14
44 19 17
44 17 0
44 17 16
44 16 15
44 15 2
44 2 1
44 15 14
44 14 13
44 13 12
44 12 11
44 11 10
44 10 7
44 7 5
44 5 3
44 5 4
44 7 6
44 10 9
44 9 8
44 19 18
45 15 13
45 13 12
45 12 11
45 11 0
45 11 10
45 10 1
45 10 9
45 9 7
45 7 6
45 6 2
45 6 5
45 5 3
45 5 4
45 9 8
45 15 14
46 15 14
46 14 13
46 13 0
46 13 12
46 12 3
46 3 1
46 3 2
46 12 11
46 11 7
46 7 6
46 6 5
46 5 4
46 11 10
46 10 8
46 10 9
47 15 11
47 11 0
47 11 10
47 10 9
47 9 6
47 6 3
47 3 2
47 2 1
47 6 5
47 5 4
47 9 8
47 8 7
47 15 14
47 14 12
47 14 13
48 19 0
48 19 18
48 18 2
48 2 1
48 18 17
48 17 15
48 15 14
48 14 8
48 8 3
48 8 7
48 7 4
48 7 6
48 6 5
48 14 13
48 13 12
48 12 9
48 12 11
48 11 10
48 17 16
49 15 14
49 14 0
49 14 13
49 13 6
49 6 5
49 5 3
49 3 1
49 3 2
49 5 4
49 13 12
49 12 11
49 11 9
49 9 7
49 9 8
49 11 10
50 14 12
50 12 11
50 11 2
50 2 0
50 2 1
50 11 10
50 10 9
50 9 6
50 6 5
50 5 4
50 4 3
50 9 8
50 8 7
50 14 13
51 18 0
51 18 17
51 17 15
51 15 13
51 13 3
51 3 2
51 2 1
51 13 12
51 12 11
51 11 10
51 10 9
51 9 6
51 6 5
51 5 4
51 9 8
51 8 7
51 15 14
51 17 16
52 15 5
52 5 0
52 5 4
52 4 1
52 4 3
52 3 2
52 15 14
52 14 6
52 14 13
52 13 7
52 13 12
52 12 8
52 12 11
52 11 10
52 10 9
53 19 11
53 11 7
53 7 6
53 6 5
53 5 4
53 4 3
53 3 2
53 2 0
53 2 1
53 11 10
53 10 9
53 9 8
53 19 18
53 18 17
53 17 16
53 16 15
53 15 13
53 13 12
53 15 14
54 18 15
54 15 0
54 15 14
54 14 13
54 13 10
54 10 8
54 8 2
54 2 1
54 8 7
54 7 3
54 7 6
54 6 5
54 5 4
54 10 9
54 13 12
54 12 11
54 18 17
54 17 16
55 15 14
55 14 8
55 8 5
55 5 2
55 2 1
55 1 0
55 5 4
55 4 3
55 8 7
55 7 6
55 14 13
55 13 12
55 12 11
55 11 9
55 11 10
56 14 13
56 13 1
56 1 0
56 13 12
56 12 9
56 9 3
56 3 2
56 9 8
56 8 7
56 7 6
56 6 5
56 5 4
56 12 11
56 11 10
57 19 18
57 18 17
57 17 16
57 16 15
57 15 3
57 3 2
57 2 0
57 2 1
57 15 14
57 14 4
57 14 13
57 13 5
57 13 12
57 12 10
57 10 9
57 9 8
57 8 6
57 8 7
57 12 11
58 15 14
58 14 0
58 14 13
58 13 10
58 10 9
58 9 5
58 5 4
58 4 1
58 4 3
58 3 2
58 9 8
58 8 6
58 8 7
58 13 12
58 12 11
59 14 12
59 12 10
59 10 1
59 1 0
59 10 9
59 9 8
59 8 7
59 7 6
59 6 5
59 5 4
59 4 2
59 4 3
59 12 11
59 14 13
60 14 11
60 11 5
60 5 3
60 3 2
60 2 1
60 1 0
60 5 4
60 11 10
60 10 8
60 8 7
60 7 6
60 10 9
60 14 13
60 13 12
61 15 14
61 14 13
61 13 3
61 3 1
61 1 0
61 3 2
61 13 12
61 12 10
61 10 8
61 8 6
61 6 5
61 5 4
61 8 7
61 10 9
61 12 11
62 15 0
62 15 14
62 14 4
62 4 2
62 2 1
62 4 3
62 14 13
62 13 12
62 12 5
62 12 11
62 11 6
62 11 10
62 10 9
62 9 7
62 9 8
63 15 11
63 11 0
63 11 10
63 10 1
63 10 9
63 9 8
63 8 6
63 6 2
63 6 5
63 5 3
63 5 4
63 8 7
63 15 14
63 14 13
63 13 12
64 14 13
64 13 12
64 12 11
64 11 7
64 7 6
64 6 5
64 5 3
64 3 2
64 2 0
64 2 1
64 5 4
64 11 10
64 10 8
64 10 9
65 15 0
65 15 14
65 14 13
65 13 12
65 12 2
65 2 1
65 12 11
65 11 3
65 11 10
65 10 9
65 9 8
65 8 7
65 7 4
65 7 6
65 6 5
66 19 0
66 19 18
66 18 17
66 17 10
66 10 9
66 9 1
66 9 8
66 8 4
66 4 3
66 3 2
66 8 7
66 7 5
66 7 6
66 17 16
66 16 15
66 15 14
66 14 11
66 14 13
66 13 12
67 19 18
67 18 17
67 17 16
67 16 7
67 7 2
67 2 1
67 1 0
67 7 6
67 6 3
67 6 5
67 5 4
67 16 15
67 15 14
67 14 8
67 14 13
67 13 10
67 10 9
67 13 12
67 12 11
68 15 8
68 8 6
68 6 4
68 4 3
68 3 1
68 1 0
68 3 2
68 6 5
68 8 7
68 15 14
68 14 13
68 13 9
68 13 12
68 12 10
68 12 11
69 16 15
69 15 13
69 13 12
69 12 8
69 8 5
69 5 4
69 4 3
69 3 0
69 3 2
69 2 1
69 8 7
69 7 6
69 12 11
69 11 10
69 10 9
69 15 14
70 14 5
70 5 4
70 4 1
70 1 0
70 4 3
70 3 2
70 14 13
70 13 6
70 13 12
70 12 8
70 8 7
70 12 11
70 11 10
70 10 9
71 15 0
71 15 14
71 14 13
71 13 10
71 10 3
71 3 2
71 2 1
71 10 9
71 9 8
71 8 6
71 6 4
71 6 5
71 8 7
71 13 12
71 12 11
72 14 13
72 13 10
72 10 8
72 8 7
72 7 5
72 5 1
72 1 0
72 5 4
72 4 3
72 3 2
72 7 6
72 10 9
72 13 12
72 12 11
73 14 2
73 2 0
73 2 1
73 14 13
73 13 12
73 12 6
73 6 5
73 5 4
73 4 3
73 12 11
73 11 9
73 9 7
73 9 8
73 11 10
74 15 14
74 14 0
74 14 13
74 13 11
74 11 6
74 6 5
74 5 3
74 3 1
74 3 2
74 5 4
74 11 10
74 10 9
74 9 7
74 9 8
74 13 12
75 14 9
75 9 4
75 4 1
75 1 0
75 4 3
75 3 2
75 9 8
75 8 7
75 7 6
75 6 5
75 14 13
75 13 12
75 12 10
75 12 11
76 19 17
76 17 16
76 16 15
76 15 13
76 13 6
76 6 0
76 6 5
76 5 4
76 4 3
76 3 2
76 2 1
76 13 12
76 12 7
76 12 11
76 11 9
76 9 8
76 11 10
76 15 14
76 19 18
77 18 17
77 17 16
77 16 7
77 7 5
77 5 0
77 5 4
77 4 2
77 2 1
77 4 3
77 7 6
77 16 15
77 15 14
77 14 10
77 10 9
77 9 8
77 14 13
77 13 12
77 12 11
78 16 15
78 15 0
78 15 14
78 14 10
78 10 9
78 9 4
78 4 1
78 4 3
78 3 2
78 9 8
78 8 7
78 7 5
78 7 6
78 14 13
78 13 11
78 13 12
79 16 0
79 16 15
79 15 11
79 11 10
79 10 7
79 7 6
79 6 5
79 5 4
79 4 2
79 2 1
79 4 3
79 10 9
79 9 8
79 15 14
79 14 13
79 13 12
80 16 15
80 15 12
80 12 11
80 11 4
80 4 1
80 1 0
80 4 3
80 3 2
80 11 10
80 10 5
80 10 9
80 9 6
80 9 8
80 8 7
80 15 14
80 14 13
81 18 11
81 11 0
81 11 10
81 10 7
81 7 6
81 6 5
81 5 4
81 4 3
81 3 2
81 2 1
81 10 9
81 9 8
81 18 17
81 17 12
81 17 16
81 16 14
81 14 13
81 16 15
82 18 16
82 16 15
82 15 3
82 3 2
82 2 0
82 2 1
82 15 14
82 14 12
82 12 9
82 9 8
82 8 7
82 7 5
82 5 4
82 7 6
82 12 11
82 11 10
82 14 13
82 18 17
83 19 0
83 19 18
83 18 5
83 5 2
83 2 1
83 5 4
83 4 3
83 18 17
83 17 10
83 10 7
83 7 6
83 10 9
83 9 8
83 17 16
83 16 12
83 12 11
83 16 15
83 15 14
83 14 13
84 19 18
84 18 15
84 15 11
84 11 0
84 11 10
84 10 8
84 8 7
84 7 6
84 6 3
84 3 2
84 2 1
84 6 5
84 5 4
84 10 9
84 15 14
84 14 12
84 14 13
84 18 17
84 17 16
85 17 16
85 16 14
85 14 13
85 13 0
85 13 12
85 12 11
85 11 10
85 10 9
85 9 2
85 2 1
85 9 8
85 8 7
85 7 3
85 7 6
85 6 4
85 6 5
85 16 15
86 17 1
86 1 0
86 17 16
86 16 14
86 14 7
86 7 6
86 6 5
86 5 2
86 5 4
86 4 3
86 14 13
86 13 12
86 12 11
86 11 10
86 10 8
86 10 9
86 16 15
87 17 16
87 16 15
87 15 14
87 14 13
87 13 3
87 3 1
87 1 0
87 3 2
87 13 12
87 12 10
87 10 9
87 9 6
87 6 4
87 6 5
87 9 8
87 8 7
87 12 11
88 16 14
88 14 10
88 10 1
88 1 0
88 10 9
88 9 7
88 7 6
88 6 5
88 5 3
88 3 2
88 5 4
88 9 8
88 14 13
88 13 11
88 13 12
88 16 15
89 16 15
89 15 11
89 11 10
89 10 3
89 3 0
89 3 2
89 2 1
89 10 9
89 9 8
89 8 7
89 7 6
89 6 5
89 5 4
89 15 14
89 14 12
89 14 13
90 19 18
90 18 10
90 10 0
90 10 9
90 9 7
90 7 6
90 6 1
90 6 5
90 5 4
90 4 2
90 4 3
90 9 8
90 18 17
90 17 16
90 16 11
90 16 15
90 15 13
90 13 12
90 15 14
91 19 18
91 18 9
91 9 2
91 2 1
91 1 0
91 9 8
91 8 7
91 7 3
91 7 6
91 6 5
91 5 4
91 18 17
91 17 16
91 16 15
91 15 14
91 14 13
91 13 12
91 12 11
91 11 10
92 15 14
92 14 13
92 13 1
92 1 0
92 13 12
92 12 11
92 11 7
92 7 5
92 5 4
92 4 3
92 3 2
92 7 6
92 11 10
92 10 9
92 9 8
93 17 15
93 15 7
93 7 4
93 4 3
93 3 0
93 3 2
93 2 1
93 7 6
93 6 5
93 15 14
93 14 13
93 13 12
93 12 8
93 12 11
93 11 10
93 10 9
93 17 16
94 14 11
94 11 10
94 10 9
94 9 7
94 7 3
94 3 2
94 2 1
94 1 0
94 7 6
94 6 4
94 6 5
94 9 8
94 14 13
94 13 12
95 14 13
95 13 10
95 10 4
95 4 0
95 4 3
95 3 1
95 3 2
95 10 9
95 9 7
95 7 6
95 6 5
95 9 8
95 13 12
95 12 11
96 16 12
96 12 11
96 11 10
96 10 9
96 9 8
96 8 6
96 6 5
96 5 3
96 3 1
96 1 0
96 3 2
96 5 4
96 8 7
96 16 15
96 15 14
96 14 13
97 15 14
97 14 0
97 14 13
97 13 11
97 11 2
97 2 1
97 11 10
97 10 9
97 9 7
97 7 4
97 4 3
97 7 6
97 6 5
97 9 8
97 13 12
98 14 0
98 14 13
98 13 12
98 12 3
98 3 1
98 3 2
98 12 11
98 11 10
98 10 5
98 5 4
98 10 9
98 9 6
98 9 8
98 8 7
99 15 13
99 13 3
99 3 1
99 1 0
99 3 2
99 13 12
99 12 5
99 5 4
99 12 11
99 11 10
99 10 9
99 9 6
99 9 8
99 8 7
99 15 14
100 16 11
100 11 10
100 10 9
100 9 1
100 1 0
100 9 8
100 8 2
100 8 7
100 7 6
100 6 4
100 4 3
100 6 5
100 16 15
100 15 12
100 15 14
100 14 13
101 16 14
101 14 7
101 7 5
101 5 4
101 4 2
101 2 1
101 1 0
101 4 3
101 7 6
101 14 13
101 13 12
101 12 8
101 12 11
101 11 10
101 10 9
101 16 15
