1 15 5
1 5 3
1 3 0
1 3 2
1 2 1
1 5 4
1 15 14
1 14 8
1 8 7
1 7 6
1 14 13
1 13 12
1 12 9
1 12 11
1 11 10
2 15 14
2 14 0
2 14 13
2 13 5
2 5 3
2 3 1
2 3 2
2 5 4
2 13 12
2 12 11
2 11 6
2 11 10
2 10 9
2 9 7
2 9 8
3 16 0
3 16 15
3 15 7
3 7 6
3 6 5
3 5 1
3 5 4
3 4 2
3 4 3
3 15 14
3 14 9
3 9 8
3 14 13
3 13 12
3 12 10
3 12 11
4 19 18
4 18 9
4 9 5
4 5 4
4 4 0
4 4 3
4 3 2
4 2 1
4 9 8
4 8 6
4 8 7
4 18 17
4 17 13
4 13 12
4 12 10
4 12 11
4 17 16
4 16 15
4 15 14
5 16 0
5 16 15
5 15 1
5 15 14
5 14 2
5 14 13
5 13 12
5 12 4
5 4 3
5 12 11
5 11 10
5 10 8
5 8 7
5 7 6
5 6 5
5 10 9
6 15 8
6 8 6
6 6 5
6 5 4
6 4 2
6 2 0
6 2 1
6 4 3
6 8 7
6 15 14
6 14 11
6 11 9
6 11 10
6 14 13
6 13 12
7 18 17
7 17 14
7 14 3
7 3 1
7 1 0
7 3 2
7 14 13
7 13 5
7 5 4
7 13 12
7 12 11
7 11 10
7 10 9
7 9 8
7 8 6
7 8 7
7 17 16
7 16 15
8 18 17
8 17 3
8 3 0
8 3 2
8 2 1
8 17 16
8 16 14
8 14 13
8 13 4
8 13 12
8 12 11
8 11 9
8 9 8
8 8 5
8 8 7
8 7 6
8 11 10
8 16 15
9 19 4
9 4 3
9 3 0
9 3 2
9 2 1
9 19 18
9 18 17
9 17 15
9 15 11
9 11 9
9 9 8
9 8 7
9 7 5
9 7 6
9 11 10
9 15 14
9 14 13
9 13 12
9 17 16
10 17 15
10 15 14
10 14 13
10 13 9
10 9 7
10 7 3
10 3 0
10 3 2
10 2 1
10 7 6
10 6 5
10 5 4
10 9 8
10 13 12
10 12 10
10 12 11
10 17 16
11 17 3
11 3 2
11 2 0
11 2 1
11 17 16
11 16 15
11 15 14
11 14 5
11 5 4
11 14 13
11 13 9
11 9 7
11 7 6
11 9 8
11 13 12
11 12 11
11 11 10
12 14 13
12 13 12
12 12 3
12 3 0
12 3 2
12 2 1
12 12 11
12 11 4
12 11 10
12 10 9
12 9 6
12 6 5
12 9 8
12 8 7
13 17 0
13 17 16
13 16 13
13 13 8
13 8 7
13 7 6
13 6 4
13 4 2
13 2 1
13 4 3
13 6 5
13 13 12
13 12 9
13 12 11
13 11 10
13 16 15
13 15 14
14 15 1
14 1 0
14 15 14
14 14 2
14 14 13
14 13 11
14 11 10
14 10 8
14 8 5
14 5 3
14 5 4
14 8 7
14 7 6
14 10 9
14 13 12
15 18 2
15 2 0
15 2 1
15 18 17
15 17 15
15 15 14
15 14 13
15 13 12
15 12 9
15 9 8
15 8 6
15 6 4
15 4 3
15 6 5
15 8 7
15 12 11
15 11 10
15 17 16
16 18 3
16 3 2
16 2 1
16 1 0
16 18 17
16 17 16
16 16 14
16 14 9
16 9 8
16 8 7
16 7 6
16 6 5
16 5 4
16 14 13
16 13 12
16 12 10
16 12 11
16 16 15
17 14 10
17 10 9
17 9 8
17 8 1
17 1 0
17 8 7
17 7 6
17 6 5
17 5 2
17 5 4
17 4 3
17 14 13
17 13 12
17 12 11
18 15 13
18 13 2
18 2 0
18 2 1
18 13 12
18 12 9
18 9 8
18 8 7
18 7 5
18 5 3
18 5 4
18 7 6
18 12 11
18 11 10
18 15 14
19 15 13
19 13 12
19 12 10
19 10 9
19 9 0
19 9 8
19 8 1
19 8 7
19 7 2
19 7 6
19 6 5
19 5 4
19 4 3
19 12 11
19 15 14
20 17 1
20 1 0
20 17 16
20 16 11
20 11 9
20 9 5
20 5 2
20 5 4
20 4 3
20 9 8
20 8 6
20 8 7
20 11 10
20 16 15
20 15 14
20 14 13
20 13 12
21 19 16
21 16 15
21 15 14
21 14 1
21 1 0
21 14 13
21 13 12
21 12 10
21 10 4
21 4 2
21 4 3
21 10 9
21 9 7
21 7 6
21 6 5
21 9 8
21 12 11
21 19 18
21 18 17
22 15 14
22 14 0
22 14 13
22 13 12
22 12 10
22 10 1
22 10 9
22 9 8
22 8 2
22 8 7
22 7 3
22 7 6
22 6 4
22 6 5
22 12 11
23 16 15
23 15 12
23 12 10
23 10 9
23 9 8
23 8 2
23 2 1
23 1 0
23 8 7
23 7 5
23 5 4
23 4 3
23 7 6
23 12 11
23 15 14
23 14 13
24 16 15
24 15 11
24 11 0
24 11 10
24 10 8
24 8 6
24 6 5
24 5 2
24 2 1
24 5 4
24 4 3
24 8 7
24 10 9
24 15 14
24 14 13
24 13 12
25 18 17
25 17 16
25 16 15
25 15 11
25 11 10
25 10 0
25 10 9
25 9 8
25 8 1
25 8 7
25 7 4
25 4 3
25 3 2
25 7 6
25 6 5
25 15 14
25 14 13
25 13 12
26 14 12
26 12 2
26 2 0
26 2 1
26 12 11
26 11 10
26 10 9
26 9 8
26 8 4
26 4 3
26 8 7
26 7 5
26 7 6
26 14 13
27 15 7
27 7 5
27 5 4
27 4 1
27 1 0
27 4 3
27 3 2
27 7 6
27 15 14
27 14 10
27 10 9
27 9 8
27 14 13
27 13 12
27 12 11
28 16 15
28 15 0
28 15 14
28 14 4
28 4 3
28 3 1
28 3 2
28 14 13
28 13 12
28 12 11
28 11 5
28 11 10
28 10 9
28 9 7
28 7 6
28 9 8
29 19 18
29 18 17
29 17 14
29 14 11
29 11 2
29 2 1
29 1 0
29 11 10
29 10 4
29 4 3
29 10 9
29 9 5
29 9 8
29 8 7
29 7 6
29 14 13
29 13 12
29 17 16
29 16 15
30 16 15
30 15 14
30 14 2
30 2 0
30 2 1
30 14 13
30 13 6
30 6 5
30 5 4
30 4 3
30 13 12
30 12 9
30 9 7
30 9 8
30 12 11
30 11 10
31 19 18
31 18 17
31 17 15
31 15 0
31 15 14
31 14 13
31 13 12
31 12 4
31 4 3
31 3 2
31 2 1
31 12 11
31 11 5
31 11 10
31 10 9
31 9 6
31 9 8
31 8 7
31 17 16
32 19 18
32 18 0
32 18 17
32 17 16
32 16 14
32 14 13
32 13 12
32 12 7
32 7 3
32 3 2
32 2 1
32 7 6
32 6 5
32 5 4
32 12 11
32 11 8
32 11 10
32 10 9
32 16 15
33 14 13
33 13 0
33 13 12
33 12 1
33 12 11
33 11 10
33 10 8
33 8 7
33 7 4
33 4 3
33 3 2
33 7 6
33 6 5
33 10 9
34 14 13
34 13 12
34 12 7
34 7 4
34 4 2
34 2 1
34 1 0
34 4 3
34 7 6
34 6 5
34 12 11
34 11 10
34 10 9
34 9 8
35 18 10
35 10 9
35 9 8
35 8 7
35 7 6
35 6 1
35 1 0
35 6 5
35 5 4
35 4 3
35 3 2
35 18 17
35 17 16
35 16 15
35 15 11
35 15 14
35 14 13
35 13 12
36 16 14
36 14 7
36 7 2
36 2 1
36 1 0
36 7 6
36 6 5
36 5 4
36 4 3
36 14 13
36 13 12
36 12 11
36 11 10
36 10 9
36 9 8
36 16 15
37 16 2
37 2 1
37 1 0
37 16 15
37 15 13
37 13 6
37 6 4
37 4 3
37 6 5
37 13 12
37 12 11
37 11 7
37 11 10
37 10 9
37 9 8
37 15 14
38 14 13
38 13 9
38 9 2
38 2 0
38 2 1
38 9 8
38 8 4
38 4 3
38 8 7
38 7 6
38 6 5
38 13 12
38 12 10
38 12 11
39 18 16
39 16 7
39 7 2
39 2 0
39 2 1
39 7 6
39 6 5
39 5 4
39 4 3
39 16 15
39 15 14
39 14 12
39 12 8
39 12 11
39 11 9
39 11 10
39 14 13
39 18 17
40 18 17
40 17 16
40 16 1
40 1 0
40 16 15
40 15 14
40 14 4
40 4 3
40 3 2
40 14 13
40 13 12
40 12 10
40 10 8
40 8 6
40 6 5
40 8 7
40 10 9
40 12 11
41 19 17
41 17 14
41 14 11
41 11 4
41 4 3
41 3 0
41 3 2
41 2 1
41 11 10
41 10 6
41 6 5
41 10 9
41 9 8
41 8 7
41 14 13
41 13 12
41 17 16
41 16 15
41 19 18
42 17 1
42 1 0
42 17 16
42 16 14
42 14 4
42 4 3
42 3 2
42 14 13
42 13 11
42 11 8
42 8 5
42 8 7
42 7 6
42 11 10
42 10 9
42 13 12
42 16 15
43 15 14
43 14 0
43 14 13
43 13 12
43 12 1
43 12 11
43 11 2
43 11 10
43 10 9
43 9 7
43 7 6
43 6 5
43 5 3
43 5 4
43 9 8
44 15 12
44 12 0
44 12 11
44 11 9
44 9 6
44 6 5
44 5 1
44 5 4
44 4 3
44 3 2
44 9 8
44 8 7
44 11 10
44 15 14
44 14 13
45 16 15
45 15 13
45 13 12
45 12 9
45 9 8
45 8 5
45 5 4
45 4 2
45 2 1
45 1 0
45 4 3
45 8 7
45 7 6
45 12 11
45 11 10
45 15 14
46 19 4
46 4 2
46 2 1
46 1 0
46 4 3
46 19 18
46 18 5
46 18 17
46 17 11
46 11 10
46 10 6
46 10 9
46 9 8
46 8 7
46 17 16
46 16 15
46 15 12
46 15 14
46 14 13
47 18 17
47 17 15
47 15 0
47 15 14
47 14 1
47 14 13
47 13 10
47 10 6
47 6 3
47 3 2
47 6 5
47 5 4
47 10 9
47 9 8
47 8 7
47 13 12
47 12 11
47 17 16
48 15 13
48 13 1
48 1 0
48 13 12
48 12 11
48 11 4
48 4 3
48 3 2
48 11 10
48 10 5
48 10 9
48 9 6
48 9 8
48 8 7
48 15 14
49 18 17
49 17 16
49 16 14
49 14 13
49 13 11
49 11 9
49 9 7
49 7 4
49 4 0
49 4 3
49 3 1
49 3 2
49 7 6
49 6 5
49 9 8
49 11 10
49 13 12
49 16 15
50 17 5
50 5 4
50 4 0
50 4 3
50 3 2
50 2 1
50 17 16
50 16 6
50 16 15
50 15 14
50 14 11
50 11 8
50 8 7
50 11 10
50 10 9
50 14 13
50 13 12
51 18 1
51 1 0
51 18 17
51 17 2
51 17 16
51 16 8
51 8 7
51 7 5
51 5 3
51 5 4
51 7 6
51 16 15
51 15 13
51 13 12
51 12 11
51 11 10
51 10 9
51 15 14
52 19 17
52 17 16
52 16 8
52 8 0
52 8 7
52 7 6
52 6 4
52 4 3
52 3 1
52 3 2
52 6 5
52 16 15
52 15 14
52 14 13
52 13 9
52 13 12
52 12 11
52 11 10
52 19 18
53 18 10
53 10 2
53 2 1
53 1 0
53 10 9
53 9 8
53 8 3
53 8 7
53 7 4
53 7 6
53 6 5
53 18 17
53 17 16
53 16 11
53 16 15
53 15 14
53 14 13
53 13 12
54 16 15
54 15 13
54 13 0
54 13 12
54 12 11
54 11 3
54 3 1
54 3 2
54 11 10
54 10 9
54 9 6
54 6 5
54 5 4
54 9 8
54 8 7
54 15 14
55 16 14
55 14 11
55 11 10
55 10 0
55 10 9
55 9 7
55 7 5
55 5 4
55 4 3
55 3 2
55 2 1
55 7 6
55 9 8
55 14 13
55 13 12
55 16 15
56 14 13
56 13 12
56 12 11
56 11 1
56 1 0
56 11 10
56 10 6
56 6 5
56 5 2
56 5 4
56 4 3
56 10 9
56 9 7
56 9 8
57 19 2
57 2 1
57 1 0
57 19 18
57 18 17
57 17 3
57 17 16
57 16 15
57 15 5
57 5 4
57 15 14
57 14 12
57 12 10
57 10 9
57 9 7
57 7 6
57 9 8
57 12 11
57 14 13
58 14 13
58 13 4
58 4 2
58 2 0
58 2 1
58 4 3
58 13 12
58 12 11
58 11 9
58 9 7
58 7 5
58 7 6
58 9 8
58 11 10
59 15 14
59 14 12
59 12 0
59 12 11
59 11 9
59 9 4
59 4 1
59 4 3
59 3 2
59 9 8
59 8 7
59 7 5
59 7 6
59 11 10
59 14 13
60 15 13
60 13 1
60 1 0
60 13 12
60 12 2
60 12 11
60 11 3
60 11 10
60 10 8
60 8 4
60 8 7
60 7 6
60 6 5
60 10 9
60 15 14
61 14 13
61 13 8
61 8 0
61 8 7
61 7 5
61 5 4
61 4 3
61 3 1
61 3 2
61 7 6
61 13 12
61 12 11
61 11 10
61 10 9
62 14 0
62 14 13
62 13 10
62 10 3
62 3 2
62 2 1
62 10 9
62 9 8
62 8 7
62 7 4
62 7 6
62 6 5
62 13 12
62 12 11
63 15 4
63 4 3
63 3 1
63 1 0
63 3 2
63 15 14
63 14 12
63 12 11
63 11 10
63 10 5
63 10 9
63 9 8
63 8 6
63 8 7
63 14 13
64 17 16
64 16 15
64 15 0
64 15 14
64 14 8
64 8 1
64 8 7
64 7 6
64 6 2
64 6 5
64 5 4
64 4 3
64 14 13
64 13 9
64 13 12
64 12 11
64 11 10
65 16 0
65 16 15
65 15 14
65 14 11
65 11 8
65 8 5
65 5 4
65 4 1
65 4 3
65 3 2
65 8 7
65 7 6
65 11 10
65 10 9
65 14 13
65 13 12
66 14 1
66 1 0
66 14 13
66 13 11
66 11 10
66 10 7
66 7 2
66 7 6
66 6 5
66 5 4
66 4 3
66 10 9
66 9 8
66 13 12
67 14 12
67 12 11
67 11 10
67 10 1
67 1 0
67 10 9
67 9 7
67 7 5
67 5 3
67 3 2
67 5 4
67 7 6
67 9 8
67 14 13
68 19 0
68 19 18
68 18 15
68 15 14
68 14 13
68 13 12
68 12 11
68 11 10
68 10 3
68 3 1
68 3 2
68 10 9
68 9 8
68 8 4
68 8 7
68 7 5
68 7 6
68 18 17
68 17 16
69 14 9
69 9 1
69 1 0
69 9 8
69 8 6
69 6 5
69 5 2
69 5 4
69 4 3
69 8 7
69 14 13
69 13 12
69 12 10
69 12 11
70 14 12
70 12 10
70 10 8
70 8 7
70 7 3
70 3 1
70 1 0
70 3 2
70 7 6
70 6 5
70 5 4
70 10 9
70 12 11
70 14 13
71 17 16
71 16 15
71 15 14
71 14 2
71 2 1
71 1 0
71 14 13
71 13 3
71 13 12
71 12 11
71 11 10
71 10 6
71 6 5
71 5 4
71 10 9
71 9 8
71 8 7
72 16 7
72 7 6
72 6 0
72 6 5
72 5 4
72 4 1
72 4 3
72 3 2
72 16 15
72 15 14
72 14 9
72 9 8
72 14 13
72 13 10
72 13 12
72 12 11
73 14 11
73 11 10
73 10 0
73 10 9
73 9 2
73 2 1
73 9 8
73 8 7
73 7 5
73 5 3
73 5 4
73 7 6
73 14 13
73 13 12
74 17 14
74 14 8
74 8 7
74 7 6
74 6 0
74 6 5
74 5 2
74 2 1
74 5 4
74 4 3
74 14 13
74 13 11
74 11 9
74 11 10
74 13 12
74 17 16
74 16 15
75 15 14
75 14 12
75 12 8
75 8 7
75 7 6
75 6 1
75 1 0
75 6 5
75 5 2
75 5 4
75 4 3
75 12 11
75 11 10
75 10 9
75 14 13
76 16 0
76 16 15
76 15 9
76 9 7
76 7 5
76 5 4
76 4 1
76 4 3
76 3 2
76 7 6
76 9 8
76 15 14
76 14 12
76 12 11
76 11 10
76 14 13
77 14 13
77 13 12
77 12 11
77 11 6
77 6 5
77 5 0
77 5 4
77 4 3
77 3 1
77 3 2
77 11 10
77 10 8
77 8 7
77 10 9
78 14 13
78 13 2
78 2 0
78 2 1
78 13 12
78 12 3
78 12 11
78 11 4
78 11 10
78 10 9
78 9 5
78 9 8
78 8 6
78 8 7
79 18 0
79 18 17
79 17 16
79 16 15
79 15 14
79 14 13
79 13 2
79 2 1
79 13 12
79 12 6
79 6 5
79 5 4
79 4 3
79 12 11
79 11 8
79 8 7
79 11 10
79 10 9
80 19 13
80 13 0
80 13 12
80 12 9
80 9 8
80 8 7
80 7 5
80 5 1
80 5 4
80 4 3
80 3 2
80 7 6
80 12 11
80 11 10
80 19 18
80 18 17
80 17 14
80 17 16
80 16 15
81 18 9
81 9 2
81 2 0
81 2 1
81 9 8
81 8 7
81 7 5
81 5 4
81 4 3
81 7 6
81 18 17
81 17 16
81 16 15
81 15 11
81 11 10
81 15 14
81 14 13
81 13 12
82 19 13
82 13 0
82 13 12
82 12 11
82 11 10
82 10 2
82 2 1
82 10 9
82 9 5
82 5 4
82 4 3
82 9 8
82 8 6
82 8 7
82 19 18
82 18 17
82 17 14
82 17 16
82 16 15
83 19 18
83 18 13
83 13 1
83 1 0
83 13 12
83 12 11
83 11 10
83 10 8
83 8 7
83 7 4
83 4 2
83 4 3
83 7 6
83 6 5
83 10 9
83 18 17
83 17 16
83 16 14
83 16 15
84 18 3
84 3 2
84 2 0
84 2 1
84 18 17
84 17 11
84 11 5
84 5 4
84 11 10
84 10 7
84 7 6
84 10 9
84 9 8
84 17 16
84 16 14
84 14 12
84 14 13
84 16 15
85 16 15
85 15 14
85 14 12
85 12 11
85 11 6
85 6 5
85 5 4
85 4 3
85 3 1
85 1 0
85 3 2
85 11 10
85 10 7
85 10 9
85 9 8
85 14 13
86 15 9
86 9 2
86 2 0
86 2 1
86 9 8
86 8 7
86 7 3
86 7 6
86 6 5
86 5 4
86 15 14
86 14 13
86 13 12
86 12 11
86 11 10
87 15 9
87 9 0
87 9 8
87 8 7
87 7 1
87 7 6
87 6 5
87 5 4
87 4 3
87 3 2
87 15 14
87 14 11
87 11 10
87 14 13
87 13 12
88 14 10
88 10 9
88 9 5
88 5 0
88 5 4
88 4 3
88 3 2
88 2 1
88 9 8
88 8 6
88 8 7
88 14 13
88 13 12
88 12 11
89 19 0
89 19 18
89 18 4
89 4 1
89 4 3
89 3 2
89 18 17
89 17 12
89 12 11
89 11 10
89 10 5
89 10 9
89 9 6
89 9 8
89 8 7
89 17 16
89 16 15
89 15 13
89 15 14
90 18 15
90 15 14
90 14 1
90 1 0
90 14 13
90 13 12
90 12 11
90 11 10
90 10 9
90 9 8
90 8 4
90 4 3
90 3 2
90 8 7
90 7 6
90 6 5
90 18 17
90 17 16
91 15 5
91 5 4
91 4 3
91 3 0
91 3 2
91 2 1
91 15 14
91 14 13
91 13 6
91 13 12
91 12 10
91 10 9
91 9 7
91 9 8
91 12 11
92 14 12
92 12 0
92 12 11
92 11 2
92 2 1
92 11 10
92 10 9
92 9 8
92 8 6
92 6 5
92 5 3
92 5 4
92 8 7
92 14 13
93 15 14
93 14 13
93 13 12
93 12 11
93 11 10
93 10 8
93 8 1
93 1 0
93 8 7
93 7 5
93 5 2
93 5 4
93 4 3
93 7 6
93 10 9
94 17 1
94 1 0
94 17 16
94 16 3
94 3 2
94 16 15
94 15 11
94 11 4
94 11 10
94 10 5
94 10 9
94 9 7
94 7 6
94 9 8
94 15 14
94 14 13
94 13 12
95 14 13
95 13 0
95 13 12
95 12 5
95 5 4
95 4 3
95 3 2
95 2 1
95 12 11
95 11 9
95 9 8
95 8 7
95 7 6
95 11 10
96 15 7
96 7 6
96 6 5
96 5 3
96 3 1
96 1 0
96 3 2
96 5 4
96 15 14
96 14 8
96 14 13
96 13 12
96 12 11
96 11 10
96 10 9
97 15 1
97 1 0
97 15 14
97 14 11
97 11 9
97 9 6
97 6 4
97 4 3
97 3 2
97 6 5
97 9 8
97 8 7
97 11 10
97 14 13
97 13 12
98 15 0
98 15 14
98 14 10
98 10 6
98 6 4
98 4 3
98 3 2
98 2 1
98 6 5
98 10 9
98 9 8
98 8 7
98 14 13
98 13 11
98 13 12
99 18 17
99 17 1
99 1 0
99 17 16
99 16 15
99 15 3
99 3 2
99 15 14
99 14 6
99 6 5
99 5 4
99 14 13
99 13 12
99 12 11
99 11 10
99 10 9
99 9 7
99 9 8
100 14 12
100 12 11
100 11 10
100 10 9
100 9 8
100 8 0
100 8 7
100 7 5
100 5 1
100 5 4
100 4 2
100 4 3
100 7 6
100 14 13
101 15 13
101 13 12
101 12 11
101 11 2
101 2 0
101 2 1
101 11 10
101 10 5
101 5 4
101 4 3
101 10 9
101 9 6
101 9 8
101 8 7
101 15 14
