1 18 0
1 18 17
1 17 6
1 6 4
1 4 3
1 3 2
1 2 1
1 6 5
1 17 16
1 16 8
1 8 7
1 16 15
1 15 14
1 14 11
1 11 10
1 10 9
1 14 13
1 13 12
2 18 16
2 16 2
2 2 1
2 1 0
2 16 15
2 15 8
2 8 3
2 8 7
2 7 4
2 7 6
2 6 5
2 15 14
2 14 11
2 11 10
2 10 9
2 14 13
2 13 12
2 18 17
3 17 15
3 15 14
3 14 13
3 13 11
3 11 3
3 3 1
3 1 0
3 3 2
3 11 10
3 10 6
3 6 4
3 6 5
3 10 9
3 9 7
3 9 8
3 13 12
3 17 16
4 18 17
4 17 9
4 9 8
4 8 7
4 7 1
4 1 0
4 7 6
4 6 2
4 6 5
4 5 3
4 5 4
4 17 16
4 16 15
4 15 14
4 14 10
4 14 13
4 13 12
4 12 11
5 16 4
5 4 3
5 3 2
5 2 0
5 2 1
5 16 15
5 15 14
5 14 13
5 13 12
5 12 5
5 12 11
5 11 7
5 7 6
5 11 10
5 10 9
5 9 8
6 17 1
6 1 0
6 17 16
6 16 15
6 15 13
6 13 12
6 12 11
6 11 7
6 7 4
6 4 2
6 4 3
6 7 6
6 6 5
6 11 10
6 10 8
6 10 9
6 15 14
7 17 16
7 16 4
7 4 3
7 3 1
7 1 0
7 3 2
7 16 15
7 15 13
7 13 11
7 11 10
7 10 7
7 7 6
7 6 5
7 10 9
7 9 8
7 13 12
7 15 14
8 15 2
8 2 0
8 2 1
8 15 14
8 14 13
8 13 8
8 8 7
8 7 3
8 7 6
8 6 5
8 5 4
8 13 12
8 12 10
8 10 9
8 12 11
9 14 9
9 9 7
9 7 6
9 6 0
9 6 5
9 5 1
9 5 4
9 4 2
9 4 3
9 9 8
9 14 13
9 13 10
9 13 12
9 12 11
10 14 13
10 13 12
10 12 11
10 11 0
10 11 10
10 10 6
10 6 5
10 5 4
10 4 3
10 3 2
10 2 1
10 10 9
10 9 8
10 8 7
11 14 13
11 13 1
11 1 0
11 13 12
11 12 11
11 11 9
11 9 4
11 4 3
11 3 2
11 9 8
11 8 7
11 7 5
11 7 6
11 11 10
12 15 4
12 4 3
12 3 1
12 1 0
12 3 2
12 15 14
12 14 13
12 13 12
12 12 8
12 8 5
12 8 7
12 7 6
12 12 11
12 11 9
12 11 10
13 14 12
13 12 10
13 10 8
13 8 4
13 4 0
13 4 3
13 3 1
13 3 2
13 8 7
13 7 5
13 7 6
13 10 9
13 12 11
13 14 13
14 19 18
14 18 10
14 10 4
14 4 0
14 4 3
14 3 1
14 3 2
14 10 9
14 9 5
14 9 8
14 8 6
14 8 7
14 18 17
14 17 16
14 16 14
14 14 13
14 13 12
14 12 11
14 16 15
15 14 13
15 13 12
15 12 10
15 10 9
15 9 4
15 4 3
15 3 2
15 2 0
15 2 1
15 9 8
15 8 7
15 7 6
15 6 5
15 12 11
16 16 3
16 3 0
16 3 2
16 2 1
16 16 15
16 15 12
16 12 11
16 11 10
16 10 9
16 9 8
16 8 7
16 7 4
16 7 6
16 6 5
16 15 14
16 14 13
17 14 13
17 13 2
17 2 0
17 2 1
17 13 12
17 12 10
17 10 8
17 8 7
17 7 6
17 6 5
17 5 3
17 5 4
17 10 9
17 12 11
18 15 14
18 14 13
18 13 11
18 11 3
18 3 1
18 1 0
18 3 2
18 11 10
18 10 7
18 7 4
18 7 6
18 6 5
18 10 9
18 9 8
18 13 12
19 16 0
19 16 15
19 15 11
19 11 4
19 4 3
19 3 1
19 3 2
19 11 10
19 10 9
19 9 5
19 9 8
19 8 7
19 7 6
19 15 14
19 14 13
19 13 12
20 14 1
20 1 0
20 14 13
20 13 12
20 12 10
20 10 2
20 10 9
20 9 7
20 7 6
20 6 5
20 5 4
20 4 3
20 9 8
20 12 11
21 15 13
21 13 12
21 12 11
21 11 9
21 9 1
21 1 0
21 9 8
21 8 4
21 4 3
21 3 2
21 8 7
21 7 5
21 7 6
21 11 10
21 15 14
22 14 12
22 12 3
22 3 1
22 1 0
22 3 2
22 12 11
22 11 8
22 8 6
22 6 4
22 6 5
22 8 7
22 11 10
22 10 9
22 14 13
23 18 16
23 16 15
23 15 14
23 14 5
23 5 4
23 4 2
23 2 1
23 1 0
23 4 3
23 14 13
23 13 12
23 12 11
23 11 9
23 9 8
23 8 7
23 7 6
23 11 10
23 18 17
24 19 18
24 18 16
24 16 2
24 2 1
24 1 0
24 16 15
24 15 5
24 5 4
24 4 3
24 15 14
24 14 8
24 8 6
24 8 7
24 14 13
24 13 10
24 10 9
24 13 12
24 12 11
24 18 17
25 15 14
25 14 13
25 13 0
25 13 12
25 12 1
25 12 11
25 11 10
25 10 2
25 10 9
25 9 8
25 8 6
25 6 4
25 4 3
25 6 5
25 8 7
26 17 1
26 1 0
26 17 16
26 16 12
26 12 11
26 11 10
26 10 7
26 7 2
26 7 6
26 6 3
26 6 5
26 5 4
26 10 9
26 9 8
26 16 15
26 15 13
26 15 14
27 16 11
27 11 0
27 11 10
27 10 7
27 7 6
27 6 5
27 5 4
27 4 3
27 3 2
27 2 1
27 10 9
27 9 8
27 16 15
27 15 13
27 13 12
27 15 14
28 14 0
28 14 13
28 13 12
28 12 1
28 12 11
28 11 10
28 10 8
28 8 4
28 4 3
28 3 2
28 8 7
28 7 6
28 6 5
28 10 9
29 14 3
29 3 1
29 1 0
29 3 2
29 14 13
29 13 6
29 6 5
29 5 4
29 13 12
29 12 11
29 11 10
29 10 7
29 10 9
29 9 8
30 17 16
30 16 15
30 15 8
30 8 7
30 7 5
30 5 4
30 4 0
30 4 3
30 3 1
30 3 2
30 7 6
30 15 14
30 14 9
30 14 13
30 13 12
30 12 10
30 12 11
31 16 15
31 15 5
31 5 4
31 4 3
31 3 1
31 1 0
31 3 2
31 15 14
31 14 13
31 13 9
31 9 7
31 7 6
31 9 8
31 13 12
31 12 11
31 11 10
32 14 13
32 13 12
32 12 0
32 12 11
32 11 10
32 10 9
32 9 8
32 8 6
32 6 5
32 5 1
32 5 4
32 4 2
32 4 3
32 8 7
33 17 16
33 16 3
33 3 2
33 2 0
33 2 1
33 16 15
33 15 13
33 13 11
33 11 10
33 10 9
33 9 6
33 6 5
33 5 4
33 9 8
33 8 7
33 13 12
33 15 14
34 14 13
34 13 11
34 11 10
34 10 6
34 6 3
34 3 2
34 2 0
34 2 1
34 6 5
34 5 4
34 10 9
34 9 8
34 8 7
34 13 12
35 16 15
35 15 14
35 14 13
35 13 10
35 10 8
35 8 7
35 7 6
35 6 5
35 5 4
35 4 3
35 3 0
35 3 2
35 2 1
35 10 9
35 13 12
35 12 11
36 14 13
36 13 10
36 10 0
36 10 9
36 9 7
36 7 1
36 7 6
36 6 5
36 5 4
36 4 3
36 3 2
36 9 8
36 13 12
36 12 11
37 17 14
37 14 13
37 13 11
37 11 10
37 10 7
37 7 0
37 7 6
37 6 5
37 5 2
37 2 1
37 5 4
37 4 3
37 10 9
37 9 8
37 13 12
37 17 16
37 16 15
38 18 2
38 2 1
38 1 0
38 18 17
38 17 16
38 16 15
38 15 12
38 12 5
38 5 3
38 5 4
38 12 11
38 11 9
38 9 6
38 9 8
38 8 7
38 11 10
38 15 14
38 14 13
39 18 16
39 16 14
39 14 2
39 2 0
39 2 1
39 14 13
39 13 12
39 12 9
39 9 8
39 8 7
39 7 6
39 6 3
39 6 5
39 5 4
39 12 11
39 11 10
39 16 15
39 18 17
40 16 0
40 16 15
40 15 2
40 2 1
40 15 14
40 14 3
40 14 13
40 13 11
40 11 10
40 10 4
40 10 9
40 9 7
40 7 5
40 7 6
40 9 8
40 13 12
41 16 15
41 15 12
41 12 11
41 11 10
41 10 9
41 9 8
41 8 7
41 7 2
41 2 0
41 2 1
41 7 6
41 6 3
41 6 5
41 5 4
41 15 14
41 14 13
42 17 16
42 16 11
42 11 10
42 10 9
42 9 4
42 4 3
42 3 2
42 2 0
42 2 1
42 9 8
42 8 7
42 7 5
42 7 6
42 16 15
42 15 14
42 14 12
42 14 13
43 15 14
43 14 11
43 11 2
43 2 0
43 2 1
43 11 10
43 10 6
43 6 5
43 5 4
43 4 3
43 10 9
43 9 8
43 8 7
43 14 13
43 13 12
44 14 12
44 12 0
44 12 11
44 11 8
44 8 1
44 8 7
44 7 6
44 6 2
44 6 5
44 5 4
44 4 3
44 11 10
44 10 9
44 14 13
45 15 14
45 14 13
45 13 6
45 6 5
45 5 2
45 2 1
45 1 0
45 5 4
45 4 3
45 13 12
45 12 7
45 12 11
45 11 10
45 10 9
45 9 8
46 14 13
46 13 12
46 12 0
46 12 11
46 11 10
46 10 9
46 9 8
46 8 6
46 6 5
46 5 3
46 3 1
46 3 2
46 5 4
46 8 7
47 16 15
47 15 14
47 14 13
47 13 9
47 9 5
47 5 3
47 3 1
47 1 0
47 3 2
47 5 4
47 9 8
47 8 6
47 8 7
47 13 12
47 12 10
47 12 11
48 15 1
48 1 0
48 15 14
48 14 11
48 11 6
48 6 4
48 4 3
48 3 2
48 6 5
48 11 10
48 10 9
48 9 7
48 9 8
48 14 13
48 13 12
49 17 0
49 17 16
49 16 15
49 15 14
49 14 12
49 12 7
49 7 6
49 6 5
49 5 4
49 4 3
49 3 2
49 2 1
49 12 11
49 11 10
49 10 9
49 9 8
49 14 13
50 16 3
50 3 0
50 3 2
50 2 1
50 16 15
50 15 13
50 13 10
50 10 7
50 7 6
50 6 5
50 5 4
50 10 9
50 9 8
50 13 12
50 12 11
50 15 14
51 15 14
51 14 12
51 12 11
51 11 10
51 10 5
51 5 4
51 4 3
51 3 2
51 2 0
51 2 1
51 10 9
51 9 8
51 8 6
51 8 7
51 14 13
52 15 0
52 15 14
52 14 2
52 2 1
52 14 13
52 13 12
52 12 4
52 4 3
52 12 11
52 11 10
52 10 6
52 6 5
52 10 9
52 9 8
52 8 7
53 14 13
53 13 11
53 11 3
53 3 2
53 2 1
53 1 0
53 11 10
53 10 5
53 5 4
53 10 9
53 9 8
53 8 7
53 7 6
53 13 12
54 16 14
54 14 13
54 13 1
54 1 0
54 13 12
54 12 11
54 11 10
54 10 2
54 10 9
54 9 7
54 7 6
54 6 5
54 5 3
54 5 4
54 9 8
54 16 15
55 15 14
55 14 10
55 10 9
55 9 8
55 8 0
55 8 7
55 7 5
55 5 3
55 3 1
55 3 2
55 5 4
55 7 6
55 14 13
55 13 11
55 13 12
56 19 2
56 2 1
56 1 0
56 19 18
56 18 17
56 17 15
56 15 14
56 14 12
56 12 7
56 7 6
56 6 3
56 6 5
56 5 4
56 12 11
56 11 9
56 9 8
56 11 10
56 14 13
56 17 16
57 16 15
57 15 14
57 14 13
57 13 9
57 9 8
57 8 6
57 6 5
57 5 4
57 4 2
57 2 1
57 1 0
57 4 3
57 8 7
57 13 12
57 12 10
57 12 11
58 16 13
58 13 12
58 12 6
58 6 0
58 6 5
58 5 2
58 2 1
58 5 4
58 4 3
58 12 11
58 11 7
58 11 10
58 10 9
58 9 8
58 16 15
58 15 14
59 18 6
59 6 0
59 6 5
59 5 1
59 5 4
59 4 3
59 3 2
59 18 17
59 17 7
59 17 16
59 16 14
59 14 13
59 13 11
59 11 10
59 10 9
59 9 8
59 13 12
59 16 15
60 16 15
60 15 14
60 14 9
60 9 6
60 6 5
60 5 1
60 1 0
60 5 4
60 4 3
60 3 2
60 9 8
60 8 7
60 14 13
60 13 12
60 12 11
60 11 10
61 18 13
61 13 12
61 12 0
61 12 11
61 11 9
61 9 8
61 8 2
61 2 1
61 8 7
61 7 3
61 7 6
61 6 5
61 5 4
61 11 10
61 18 17
61 17 15
61 15 14
61 17 16
62 15 13
62 13 0
62 13 12
62 12 10
62 10 9
62 9 7
62 7 6
62 6 3
62 3 2
62 2 1
62 6 5
62 5 4
62 9 8
62 12 11
62 15 14
63 16 15
63 15 13
63 13 9
63 9 6
63 6 4
63 4 3
63 3 2
63 2 0
63 2 1
63 6 5
63 9 8
63 8 7
63 13 12
63 12 11
63 11 10
63 15 14
64 19 1
64 1 0
64 19 18
64 18 17
64 17 16
64 16 10
64 10 9
64 9 7
64 7 3
64 3 2
64 7 6
64 6 4
64 6 5
64 9 8
64 16 15
64 15 14
64 14 13
64 13 11
64 13 12
65 14 13
65 13 7
65 7 2
65 2 1
65 1 0
65 7 6
65 6 5
65 5 3
65 5 4
65 13 12
65 12 8
65 12 11
65 11 10
65 10 9
66 19 17
66 17 0
66 17 16
66 16 13
66 13 10
66 10 8
66 8 1
66 8 7
66 7 6
66 6 5
66 5 3
66 3 2
66 5 4
66 10 9
66 13 12
66 12 11
66 16 15
66 15 14
66 19 18
67 15 11
67 11 8
67 8 0
67 8 7
67 7 1
67 7 6
67 6 2
67 6 5
67 5 4
67 4 3
67 11 10
67 10 9
67 15 14
67 14 12
67 14 13
68 15 13
68 13 0
68 13 12
68 12 9
68 9 7
68 7 6
68 6 4
68 4 1
68 4 3
68 3 2
68 6 5
68 9 8
68 12 11
68 11 10
68 15 14
69 16 4
69 4 0
69 4 3
69 3 1
69 3 2
69 16 15
69 15 7
69 7 6
69 6 5
69 15 14
69 14 13
69 13 12
69 12 11
69 11 8
69 11 10
69 10 9
70 14 13
70 13 4
70 4 0
70 4 3
70 3 1
70 3 2
70 13 12
70 12 5
70 12 11
70 11 10
70 10 7
70 7 6
70 10 9
70 9 8
71 14 12
71 12 9
71 9 8
71 8 0
71 8 7
71 7 6
71 6 5
71 5 4
71 4 3
71 3 2
71 2 1
71 12 11
71 11 10
71 14 13
72 18 17
72 17 14
72 14 2
72 2 1
72 1 0
72 14 13
72 13 6
72 6 4
72 4 3
72 6 5
72 13 12
72 12 10
72 10 7
72 10 9
72 9 8
72 12 11
72 17 16
72 16 15
73 19 0
73 19 18
73 18 17
73 17 16
73 16 15
73 15 1
73 15 14
73 14 2
73 14 13
73 13 10
73 10 7
73 7 6
73 6 5
73 5 4
73 4 3
73 10 9
73 9 8
73 13 12
73 12 11
74 15 3
74 3 1
74 1 0
74 3 2
74 15 14
74 14 9
74 9 8
74 8 4
74 8 7
74 7 5
74 7 6
74 14 13
74 13 10
74 13 12
74 12 11
75 16 15
75 15 12
75 12 10
75 10 1
75 1 0
75 10 9
75 9 8
75 8 2
75 8 7
75 7 6
75 6 5
75 5 4
75 4 3
75 12 11
75 15 14
75 14 13
76 16 0
76 16 15
76 15 14
76 14 8
76 8 7
76 7 6
76 6 1
76 6 5
76 5 3
76 3 2
76 5 4
76 14 13
76 13 11
76 11 10
76 10 9
76 13 12
77 18 1
77 1 0
77 18 17
77 17 11
77 11 10
77 10 8
77 8 7
77 7 2
77 7 6
77 6 4
77 4 3
77 6 5
77 10 9
77 17 16
77 16 15
77 15 12
77 15 14
77 14 13
78 16 15
78 15 13
78 13 11
78 11 9
78 9 8
78 8 6
78 6 0
78 6 5
78 5 4
78 4 2
78 2 1
78 4 3
78 8 7
78 11 10
78 13 12
78 15 14
79 15 8
79 8 7
79 7 6
79 6 5
79 5 1
79 1 0
79 5 4
79 4 3
79 3 2
79 15 14
79 14 12
79 12 11
79 11 9
79 11 10
79 14 13
80 17 2
80 2 1
80 1 0
80 17 16
80 16 15
80 15 14
80 14 13
80 13 11
80 11 9
80 9 4
80 4 3
80 9 8
80 8 5
80 8 7
80 7 6
80 11 10
80 13 12
81 19 0
81 19 18
81 18 15
81 15 13
81 13 12
81 12 1
81 12 11
81 11 8
81 8 5
81 5 4
81 4 3
81 3 2
81 8 7
81 7 6
81 11 10
81 10 9
81 15 14
81 18 17
81 17 16
82 17 1
82 1 0
82 17 16
82 16 3
82 3 2
82 16 15
82 15 5
82 5 4
82 15 14
82 14 12
82 12 11
82 11 10
82 10 8
82 8 7
82 7 6
82 10 9
82 14 13
83 15 9
83 9 5
83 5 3
83 3 1
83 1 0
83 3 2
83 5 4
83 9 8
83 8 7
83 7 6
83 15 14
83 14 11
83 11 10
83 14 13
83 13 12
84 15 14
84 14 13
84 13 12
84 12 11
84 11 0
84 11 10
84 10 5
84 5 4
84 4 3
84 3 2
84 2 1
84 10 9
84 9 8
84 8 7
84 7 6
85 16 14
85 14 13
85 13 5
85 5 3
85 3 0
85 3 2
85 2 1
85 5 4
85 13 12
85 12 10
85 10 9
85 9 8
85 8 7
85 7 6
85 12 11
85 16 15
86 18 12
86 12 11
86 11 2
86 2 1
86 1 0
86 11 10
86 10 3
86 10 9
86 9 5
86 5 4
86 9 8
86 8 6
86 8 7
86 18 17
86 17 16
86 16 14
86 14 13
86 16 15
87 17 16
87 16 15
87 15 14
87 14 7
87 7 5
87 5 3
87 3 1
87 1 0
87 3 2
87 5 4
87 7 6
87 14 13
87 13 9
87 9 8
87 13 12
87 12 10
87 12 11
88 16 0
88 16 15
88 15 5
88 5 2
88 2 1
88 5 4
88 4 3
88 15 14
88 14 13
88 13 12
88 12 6
88 12 11
88 11 9
88 9 8
88 8 7
88 11 10
89 16 0
89 16 15
89 15 14
89 14 13
89 13 1
89 13 12
89 12 11
89 11 9
89 9 2
89 9 8
89 8 7
89 7 6
89 6 4
89 4 3
89 6 5
89 11 10
90 16 5
90 5 3
90 3 2
90 2 1
90 1 0
90 5 4
90 16 15
90 15 6
90 15 14
90 14 12
90 12 11
90 11 10
90 10 7
90 10 9
90 9 8
90 14 13
91 14 8
91 8 6
91 6 5
91 5 4
91 4 2
91 2 0
91 2 1
91 4 3
91 8 7
91 14 13
91 13 11
91 11 10
91 10 9
91 13 12
92 17 4
92 4 0
92 4 3
92 3 2
92 2 1
92 17 16
92 16 13
92 13 12
92 12 10
92 10 6
92 6 5
92 10 9
92 9 8
92 8 7
92 12 11
92 16 15
92 15 14
93 18 0
93 18 17
93 17 12
93 12 11
93 11 10
93 10 7
93 7 6
93 6 1
93 6 5
93 5 3
93 3 2
93 5 4
93 10 9
93 9 8
93 17 16
93 16 14
93 14 13
93 16 15
94 19 0
94 19 18
94 18 17
94 17 7
94 7 6
94 6 5
94 5 3
94 3 1
94 3 2
94 5 4
94 17 16
94 16 8
94 16 15
94 15 9
94 15 14
94 14 13
94 13 10
94 13 12
94 12 11
95 15 14
95 14 9
95 9 4
95 4 3
95 3 0
95 3 2
95 2 1
95 9 8
95 8 5
95 8 7
95 7 6
95 14 13
95 13 10
95 13 12
95 12 11
96 16 9
96 9 0
96 9 8
96 8 7
96 7 3
96 3 1
96 3 2
96 7 6
96 6 4
96 6 5
96 16 15
96 15 13
96 13 10
96 13 12
96 12 11
96 15 14
97 19 18
97 18 16
97 16 14
97 14 13
97 13 12
97 12 11
97 11 1
97 1 0
97 11 10
97 10 5
97 5 3
97 3 2
97 5 4
97 10 9
97 9 8
97 8 6
97 8 7
97 16 15
97 18 17
98 19 18
98 18 0
98 18 17
98 17 14
98 14 12
98 12 10
98 10 9
98 9 8
98 8 1
98 8 7
98 7 5
98 5 2
98 5 4
98 4 3
98 7 6
98 12 11
98 14 13
98 17 16
98 16 15
99 15 14
99 14 4
99 4 0
99 4 3
99 3 1
99 3 2
99 14 13
99 13 7
99 7 5
99 7 6
99 13 12
99 12 11
99 11 10
99 10 9
99 9 8
100 16 10
100 10 4
100 4 2
100 2 1
100 1 0
100 4 3
100 10 9
100 9 7
100 7 5
100 7 6
100 9 8
100 16 15
100 15 14
100 14 12
100 12 11
100 14 13
101 14 8
101 8 2
101 2 1
101 1 0
101 8 7
101 7 5
101 5 4
101 4 3
101 7 6
101 14 13
101 13 9
101 13 12
101 12 10
101 12 11
