1 14 13
1 13 12
1 12 10
1 10 0
1 10 9
1 9 7
1 7 1
1 7 6
1 6 3
1 3 2
1 6 5
1 5 4
1 9 8
1 12 11
2 17 15
2 15 0
2 15 14
2 14 12
2 12 8
2 8 7
2 7 5
2 5 4
2 4 1
2 4 3
2 3 2
2 7 6
2 12 11
2 11 9
2 11 10
2 14 13
2 17 16
3 14 1
3 1 0
3 14 13
3 13 10
3 10 5
3 5 4
3 4 3
3 3 2
3 10 9
3 9 8
3 8 6
3 8 7
3 13 12
3 12 11
4 17 16
4 16 5
4 5 4
4 4 0
4 4 3
4 3 2
4 2 1
4 16 15
4 15 6
4 15 14
4 14 7
4 14 13
4 13 11
4 11 8
4 11 10
4 10 9
4 13 12
5 17 16
5 16 14
5 14 5
5 5 0
5 5 4
5 4 3
5 3 1
5 3 2
5 14 13
5 13 6
5 13 12
5 12 10
5 10 9
5 9 7
5 9 8
5 12 11
5 16 15
6 17 16
6 16 0
6 16 15
6 15 14
6 14 13
6 13 10
6 10 9
6 9 8
6 8 2
6 2 1
6 8 7
6 7 6
6 6 5
6 5 4
6 4 3
6 13 12
6 12 11
7 16 15
7 15 14
7 14 12
7 12 2
7 2 1
7 1 0
7 12 11
7 11 3
7 11 10
7 10 8
7 8 6
7 6 4
7 6 5
7 8 7
7 10 9
7 14 13
8 15 0
8 15 14
8 14 13
8 13 12
8 12 11
8 11 9
8 9 8
8 8 1
8 8 7
8 7 5
8 5 4
8 4 2
8 4 3
8 7 6
8 11 10
9 19 6
9 6 5
9 5 4
9 4 0
9 4 3
9 3 2
9 2 1
9 19 18
9 18 7
9 18 17
9 17 8
9 17 16
9 16 14
9 14 13
9 13 9
9 13 12
9 12 11
9 11 10
9 16 15
10 15 14
10 14 13
10 13 12
10 12 11
10 11 10
10 10 2
10 2 1
10 1 0
10 10 9
10 9 8
10 8 4
10 4 3
10 8 7
10 7 5
10 7 6
11 17 16
11 16 2
11 2 0
11 2 1
11 16 15
11 15 4
11 4 3
11 15 14
11 14 8
11 8 5
11 8 7
11 7 6
11 14 13
11 13 9
11 13 12
11 12 10
11 12 11
12 14 9
12 9 8
12 8 7
12 7 6
12 6 2
12 2 0
12 2 1
12 6 5
12 5 4
12 4 3
12 14 13
12 13 12
12 12 11
12 11 10
13 17 0
13 17 16
13 16 15
13 15 13
13 13 12
13 12 6
13 6 5
13 5 3
13 3 2
13 2 1
13 5 4
13 12 11
13 11 10
13 10 8
13 8 7
13 10 9
13 15 14
14 14 13
14 13 1
14 1 0
14 13 12
14 12 10
14 10 9
14 9 6
14 6 3
14 3 2
14 6 5
14 5 4
14 9 8
14 8 7
14 12 11
15 18 16
15 16 15
15 15 14
15 14 12
15 12 11
15 11 4
15 4 1
15 1 0
15 4 3
15 3 2
15 11 10
15 10 9
15 9 7
15 7 5
15 7 6
15 9 8
15 14 13
15 18 17
16 15 14
16 14 12
16 12 11
16 11 8
16 8 6
16 6 5
16 5 3
16 3 2
16 2 0
16 2 1
16 5 4
16 8 7
16 11 10
16 10 9
16 14 13
17 19 14
17 14 13
17 13 12
17 12 10
17 10 7
17 7 3
17 3 2
17 2 1
17 1 0
17 7 6
17 6 4
17 6 5
17 10 9
17 9 8
17 12 11
17 19 18
17 18 17
17 17 16
17 16 15
18 19 0
18 19 18
18 18 15
18 15 8
18 8 7
18 7 6
18 6 1
18 6 5
18 5 4
18 4 3
18 3 2
18 15 14
18 14 13
18 13 10
18 10 9
18 13 12
18 12 11
18 18 17
18 17 16
19 14 7
19 7 6
19 6 5
19 5 4
19 4 2
19 2 0
19 2 1
19 4 3
19 14 13
19 13 11
19 11 10
19 10 8
19 10 9
19 13 12
20 17 7
20 7 6
20 6 5
20 5 0
20 5 4
20 4 1
20 4 3
20 3 2
20 17 16
20 16 15
20 15 12
20 12 10
20 10 9
20 9 8
20 12 11
20 15 14
20 14 13
21 18 2
21 2 1
21 1 0
21 18 17
21 17 15
21 15 14
21 14 13
21 13 12
21 12 3
21 12 11
21 11 10
21 10 8
21 8 6
21 6 4
21 6 5
21 8 7
21 10 9
21 17 16
22 18 16
22 16 0
22 16 15
22 15 1
22 15 14
22 14 5
22 5 2
22 5 4
22 4 3
22 14 13
22 13 6
22 13 12
22 12 11
22 11 10
22 10 8
22 8 7
22 10 9
22 18 17
23 19 18
23 18 7
23 7 6
23 6 5
23 5 4
23 4 3
23 3 2
23 2 0
23 2 1
23 18 17
23 17 8
23 17 16
23 16 12
23 12 10
23 10 9
23 12 11
23 16 15
23 15 13
23 15 14
24 14 13
24 13 11
24 11 4
24 4 1
24 1 0
24 4 3
24 3 2
24 11 10
24 10 8
24 8 6
24 6 5
24 8 7
24 10 9
24 13 12
25 19 12
25 12 10
25 10 8
25 8 3
25 3 2
25 2 0
25 2 1
25 8 7
25 7 5
25 5 4
25 7 6
25 10 9
25 12 11
25 19 18
25 18 17
25 17 15
25 15 14
25 14 13
25 17 16
26 14 12
26 12 11
26 11 0
26 11 10
26 10 1
26 10 9
26 9 2
26 9 8
26 8 7
26 7 3
26 7 6
26 6 5
26 5 4
26 14 13
27 16 15
27 15 14
27 14 12
27 12 11
27 11 10
27 10 9
27 9 8
27 8 6
27 6 0
27 6 5
27 5 4
27 4 3
27 3 1
27 3 2
27 8 7
27 14 13
28 16 11
28 11 3
28 3 2
28 2 0
28 2 1
28 11 10
28 10 9
28 9 8
28 8 7
28 7 6
28 6 4
28 6 5
28 16 15
28 15 12
28 15 14
28 14 13
29 17 16
29 16 15
29 15 14
29 14 1
29 1 0
29 14 13
29 13 12
29 12 10
29 10 2
29 10 9
29 9 8
29 8 3
29 8 7
29 7 5
29 5 4
29 7 6
29 12 11
30 17 16
30 16 14
30 14 9
30 9 8
30 8 7
30 7 6
30 6 1
30 1 0
30 6 5
30 5 4
30 4 2
30 4 3
30 14 13
30 13 12
30 12 11
30 11 10
30 16 15
31 18 9
31 9 0
31 9 8
31 8 7
31 7 2
31 2 1
31 7 6
31 6 3
31 6 5
31 5 4
31 18 17
31 17 15
31 15 14
31 14 12
31 12 10
31 12 11
31 14 13
31 17 16
32 19 17
32 17 16
32 16 1
32 1 0
32 16 15
32 15 10
32 10 4
32 4 2
32 4 3
32 10 9
32 9 7
32 7 6
32 6 5
32 9 8
32 15 14
32 14 13
32 13 12
32 12 11
32 19 18
33 16 15
33 15 2
33 2 1
33 1 0
33 15 14
33 14 13
33 13 8
33 8 3
33 8 7
33 7 6
33 6 4
33 6 5
33 13 12
33 12 10
33 10 9
33 12 11
34 19 3
34 3 2
34 2 1
34 1 0
34 19 18
34 18 16
34 16 11
34 11 8
34 8 5
34 5 4
34 8 7
34 7 6
34 11 10
34 10 9
34 16 15
34 15 12
34 15 14
34 14 13
34 18 17
35 17 16
35 16 13
35 13 11
35 11 10
35 10 2
35 2 1
35 1 0
35 10 9
35 9 4
35 4 3
35 9 8
35 8 7
35 7 6
35 6 5
35 13 12
35 16 15
35 15 14
36 17 16
36 16 0
36 16 15
36 15 14
36 14 13
36 13 2
36 2 1
36 13 12
36 12 5
36 5 4
36 4 3
36 12 11
36 11 10
36 10 9
36 9 7
36 7 6
36 9 8
37 17 10
37 10 3
37 3 1
37 1 0
37 3 2
37 10 9
37 9 8
37 8 7
37 7 6
37 6 4
37 6 5
37 17 16
37 16 11
37 16 15
37 15 12
37 15 14
37 14 13
38 19 0
38 19 18
38 18 13
38 13 11
38 11 9
38 9 8
38 8 7
38 7 6
38 6 5
38 5 4
38 4 3
38 3 2
38 2 1
38 11 10
38 13 12
38 18 17
38 17 14
38 17 16
38 16 15
39 17 0
39 17 16
39 16 10
39 10 5
39 5 4
39 4 2
39 2 1
39 4 3
39 10 9
39 9 8
39 8 6
39 8 7
39 16 15
39 15 14
39 14 11
39 14 13
39 13 12
40 14 13
40 13 1
40 1 0
40 13 12
40 12 2
40 12 11
40 11 3
40 11 10
40 10 9
40 9 6
40 6 5
40 5 4
40 9 8
40 8 7
41 15 0
41 15 14
41 14 13
41 13 12
41 12 7
41 7 6
41 6 1
41 6 5
41 5 4
41 4 3
41 3 2
41 12 11
41 11 10
41 10 8
41 10 9
42 19 17
42 17 16
42 16 13
42 13 12
42 12 11
42 11 0
42 11 10
42 10 9
42 9 8
42 8 2
42 2 1
42 8 7
42 7 6
42 6 4
42 4 3
42 6 5
42 16 15
42 15 14
42 19 18
43 17 16
43 16 13
43 13 12
43 12 11
43 11 9
43 9 7
43 7 0
43 7 6
43 6 1
43 6 5
43 5 3
43 3 2
43 5 4
43 9 8
43 11 10
43 16 15
43 15 14
44 17 16
44 16 0
44 16 15
44 15 14
44 14 5
44 5 1
44 5 4
44 4 2
44 4 3
44 14 13
44 13 11
44 11 10
44 10 7
44 7 6
44 10 9
44 9 8
44 13 12
45 14 0
45 14 13
45 13 12
45 12 11
45 11 4
45 4 1
45 4 3
45 3 2
45 11 10
45 10 8
45 8 6
45 6 5
45 8 7
45 10 9
46 15 14
46 14 0
46 14 13
46 13 10
46 10 9
46 9 4
46 4 2
46 2 1
46 4 3
46 9 8
46 8 6
46 6 5
46 8 7
46 13 12
46 12 11
47 14 5
47 5 1
47 1 0
47 5 4
47 4 2
47 4 3
47 14 13
47 13 12
47 12 6
47 12 11
47 11 10
47 10 9
47 9 8
47 8 7
48 17 16
48 16 14
48 14 2
48 2 0
48 2 1
48 14 13
48 13 12
48 12 3
48 12 11
48 11 8
48 8 6
48 6 5
48 5 4
48 8 7
48 11 10
48 10 9
48 16 15
49 14 13
49 13 9
49 9 0
49 9 8
49 8 7
49 7 6
49 6 5
49 5 4
49 4 3
49 3 1
49 3 2
49 13 12
49 12 10
49 12 11
50 14 13
50 13 5
50 5 3
50 3 1
50 1 0
50 3 2
50 5 4
50 13 12
50 12 10
50 10 8
50 8 7
50 7 6
50 10 9
50 12 11
51 14 13
51 13 12
51 12 11
51 11 9
51 9 6
51 6 4
51 4 3
51 3 1
51 1 0
51 3 2
51 6 5
51 9 8
51 8 7
51 11 10
52 15 13
52 13 12
52 12 0
52 12 11
52 11 6
52 6 1
52 6 5
52 5 2
52 5 4
52 4 3
52 11 10
52 10 7
52 10 9
52 9 8
52 15 14
53 19 17
53 17 16
53 16 15
53 15 14
53 14 2
53 2 0
53 2 1
53 14 13
53 13 11
53 11 10
53 10 9
53 9 3
53 9 8
53 8 4
53 8 7
53 7 5
53 7 6
53 13 12
53 19 18
54 19 16
54 16 5
54 5 4
54 4 2
54 2 0
54 2 1
54 4 3
54 16 15
54 15 6
54 15 14
54 14 9
54 9 8
54 8 7
54 14 13
54 13 11
54 11 10
54 13 12
54 19 18
54 18 17
55 19 6
55 6 5
55 5 0
55 5 4
55 4 3
55 3 1
55 3 2
55 19 18
55 18 17
55 17 16
55 16 13
55 13 11
55 11 7
55 11 10
55 10 9
55 9 8
55 13 12
55 16 15
55 15 14
56 17 0
56 17 16
56 16 15
56 15 14
56 14 13
56 13 2
56 2 1
56 13 12
56 12 4
56 4 3
56 12 11
56 11 5
56 11 10
56 10 8
56 8 6
56 8 7
56 10 9
57 17 12
57 12 8
57 8 6
57 6 3
57 3 0
57 3 2
57 2 1
57 6 5
57 5 4
57 8 7
57 12 11
57 11 10
57 10 9
57 17 16
57 16 15
57 15 14
57 14 13
58 16 15
58 15 3
58 3 0
58 3 2
58 2 1
58 15 14
58 14 4
58 14 13
58 13 10
58 10 8
58 8 6
58 6 5
58 8 7
58 10 9
58 13 12
58 12 11
59 14 0
59 14 13
59 13 10
59 10 3
59 3 1
59 3 2
59 10 9
59 9 4
59 9 8
59 8 6
59 6 5
59 8 7
59 13 12
59 12 11
60 19 13
60 13 12
60 12 11
60 11 0
60 11 10
60 10 4
60 4 3
60 3 2
60 2 1
60 10 9
60 9 8
60 8 7
60 7 6
60 6 5
60 19 18
60 18 17
60 17 15
60 15 14
60 17 16
61 14 13
61 13 12
61 12 11
61 11 8
61 8 6
61 6 3
61 3 2
61 2 1
61 1 0
61 6 5
61 5 4
61 8 7
61 11 10
61 10 9
62 17 2
62 2 1
62 1 0
62 17 16
62 16 3
62 16 15
62 15 12
62 12 10
62 10 9
62 9 8
62 8 5
62 5 4
62 8 7
62 7 6
62 12 11
62 15 14
62 14 13
63 15 14
63 14 13
63 13 0
63 13 12
63 12 6
63 6 3
63 3 1
63 3 2
63 6 5
63 5 4
63 12 11
63 11 9
63 9 8
63 8 7
63 11 10
64 18 0
64 18 17
64 17 16
64 16 1
64 16 15
64 15 10
64 10 9
64 9 7
64 7 5
64 5 4
64 4 2
64 4 3
64 7 6
64 9 8
64 15 14
64 14 11
64 14 13
64 13 12
65 17 15
65 15 13
65 13 0
65 13 12
65 12 10
65 10 9
65 9 1
65 9 8
65 8 7
65 7 2
65 7 6
65 6 4
65 4 3
65 6 5
65 12 11
65 15 14
65 17 16
66 16 15
66 15 12
66 12 1
66 1 0
66 12 11
66 11 4
66 4 2
66 4 3
66 11 10
66 10 9
66 9 5
66 9 8
66 8 7
66 7 6
66 15 14
66 14 13
67 14 12
67 12 0
67 12 11
67 11 1
67 11 10
67 10 2
67 10 9
67 9 8
67 8 7
67 7 4
67 4 3
67 7 6
67 6 5
67 14 13
68 14 13
68 13 12
68 12 0
68 12 11
68 11 4
68 4 1
68 4 3
68 3 2
68 11 10
68 10 8
68 8 5
68 8 7
68 7 6
68 10 9
69 16 15
69 15 13
69 13 10
69 10 9
69 9 4
69 4 1
69 1 0
69 4 3
69 3 2
69 9 8
69 8 6
69 6 5
69 8 7
69 13 12
69 12 11
69 15 14
70 18 17
70 17 0
70 17 16
70 16 1
70 16 15
70 15 13
70 13 12
70 12 9
70 9 8
70 8 7
70 7 5
70 5 4
70 4 2
70 4 3
70 7 6
70 12 11
70 11 10
70 15 14
71 18 0
71 18 17
71 17 1
71 17 16
71 16 14
71 14 2
71 14 13
71 13 11
71 11 3
71 11 10
71 10 4
71 10 9
71 9 5
71 9 8
71 8 6
71 8 7
71 13 12
71 16 15
72 14 13
72 13 9
72 9 3
72 3 2
72 2 1
72 1 0
72 9 8
72 8 7
72 7 6
72 6 5
72 5 4
72 13 12
72 12 10
72 12 11
73 16 1
73 1 0
73 16 15
73 15 5
73 5 2
73 5 4
73 4 3
73 15 14
73 14 13
73 13 9
73 9 8
73 8 6
73 8 7
73 13 12
73 12 10
73 12 11
74 15 7
74 7 6
74 6 5
74 5 4
74 4 3
74 3 2
74 2 0
74 2 1
74 15 14
74 14 12
74 12 8
74 12 11
74 11 10
74 10 9
74 14 13
75 19 18
75 18 16
75 16 14
75 14 13
75 13 11
75 11 0
75 11 10
75 10 8
75 8 6
75 6 5
75 5 3
75 3 2
75 2 1
75 5 4
75 8 7
75 10 9
75 13 12
75 16 15
75 18 17
76 14 5
76 5 4
76 4 0
76 4 3
76 3 2
76 2 1
76 14 13
76 13 12
76 12 11
76 11 10
76 10 9
76 9 8
76 8 7
76 7 6
77 15 13
77 13 11
77 11 0
77 11 10
77 10 9
77 9 8
77 8 6
77 6 1
77 6 5
77 5 4
77 4 2
77 4 3
77 8 7
77 13 12
77 15 14
78 16 4
78 4 0
78 4 3
78 3 1
78 3 2
78 16 15
78 15 14
78 14 13
78 13 5
78 13 12
78 12 11
78 11 10
78 10 8
78 8 7
78 7 6
78 10 9
79 16 2
79 2 1
79 1 0
79 16 15
79 15 14
79 14 13
79 13 12
79 12 11
79 11 10
79 10 9
79 9 8
79 8 6
79 6 5
79 5 4
79 4 3
79 8 7
80 14 12
80 12 7
80 7 6
80 6 5
80 5 0
80 5 4
80 4 3
80 3 2
80 2 1
80 12 11
80 11 8
80 11 10
80 10 9
80 14 13
81 19 17
81 17 16
81 16 4
81 4 0
81 4 3
81 3 2
81 2 1
81 16 15
81 15 14
81 14 13
81 13 5
81 13 12
81 12 11
81 11 6
81 11 10
81 10 9
81 9 7
81 9 8
81 19 18
82 17 16
82 16 14
82 14 13
82 13 10
82 10 0
82 10 9
82 9 5
82 5 4
82 4 3
82 3 2
82 2 1
82 9 8
82 8 7
82 7 6
82 13 12
82 12 11
82 16 15
83 19 0
83 19 18
83 18 16
83 16 13
83 13 12
83 12 11
83 11 2
83 2 1
83 11 10
83 10 9
83 9 3
83 9 8
83 8 7
83 7 4
83 7 6
83 6 5
83 16 15
83 15 14
83 18 17
84 17 0
84 17 16
84 16 3
84 3 1
84 3 2
84 16 15
84 15 14
84 14 4
84 14 13
84 13 11
84 11 10
84 10 9
84 9 8
84 8 7
84 7 5
84 7 6
84 13 12
85 15 12
85 12 9
85 9 5
85 5 4
85 4 3
85 3 1
85 1 0
85 3 2
85 9 8
85 8 7
85 7 6
85 12 11
85 11 10
85 15 14
85 14 13
86 16 15
86 15 13
86 13 12
86 12 10
86 10 9
86 9 7
86 7 6
86 6 0
86 6 5
86 5 4
86 4 1
86 4 3
86 3 2
86 9 8
86 12 11
86 15 14
87 16 9
87 9 8
87 8 7
87 7 0
87 7 6
87 6 4
87 4 3
87 3 2
87 2 1
87 6 5
87 16 15
87 15 14
87 14 13
87 13 10
87 13 12
87 12 11
88 15 1
88 1 0
88 15 14
88 14 9
88 9 8
88 8 3
88 3 2
88 8 7
88 7 5
88 5 4
88 7 6
88 14 13
88 13 12
88 12 10
88 12 11
89 18 16
89 16 14
89 14 13
89 13 12
89 12 4
89 4 0
89 4 3
89 3 2
89 2 1
89 12 11
89 11 5
89 11 10
89 10 7
89 7 6
89 10 9
89 9 8
89 16 15
89 18 17
90 14 13
90 13 9
90 9 8
90 8 0
90 8 7
90 7 2
90 2 1
90 7 6
90 6 5
90 5 3
90 5 4
90 13 12
90 12 10
90 12 11
91 19 11
91 11 9
91 9 7
91 7 6
91 6 5
91 5 3
91 3 2
91 2 0
91 2 1
91 5 4
91 9 8
91 11 10
91 19 18
91 18 17
91 17 12
91 17 16
91 16 14
91 14 13
91 16 15
92 16 1
92 1 0
92 16 15
92 15 6
92 6 2
92 6 5
92 5 4
92 4 3
92 15 14
92 14 12
92 12 7
92 12 11
92 11 9
92 9 8
92 11 10
92 14 13
93 15 9
93 9 0
93 9 8
93 8 7
93 7 6
93 6 5
93 5 3
93 3 1
93 3 2
93 5 4
93 15 14
93 14 13
93 13 10
93 13 12
93 12 11
94 19 18
94 18 17
94 17 6
94 6 0
94 6 5
94 5 4
94 4 1
94 4 3
94 3 2
94 17 16
94 16 10
94 10 8
94 8 7
94 10 9
94 16 15
94 15 13
94 13 12
94 12 11
94 15 14
95 17 4
95 4 3
95 3 0
95 3 2
95 2 1
95 17 16
95 16 15
95 15 14
95 14 13
95 13 11
95 11 5
95 11 10
95 10 8
95 8 6
95 8 7
95 10 9
95 13 12
96 19 16
96 16 15
96 15 1
96 1 0
96 15 14
96 14 11
96 11 3
96 3 2
96 11 10
96 10 9
96 9 8
96 8 7
96 7 4
96 7 6
96 6 5
96 14 13
96 13 12
96 19 18
96 18 17
97 14 13
97 13 1
97 1 0
97 13 12
97 12 3
97 3 2
97 12 11
97 11 9
97 9 5
97 5 4
97 9 8
97 8 6
97 8 7
97 11 10
98 16 15
98 15 14
98 14 7
98 7 6
98 6 5
98 5 4
98 4 0
98 4 3
98 3 2
98 2 1
98 14 13
98 13 10
98 10 9
98 9 8
98 13 12
98 12 11
99 15 1
99 1 0
99 15 14
99 14 9
99 9 4
99 4 2
99 4 3
99 9 8
99 8 7
99 7 6
99 6 5
99 14 13
99 13 12
99 12 10
99 12 11
100 17 1
100 1 0
100 17 16
100 16 15
100 15 14
100 14 13
100 13 12
100 12 2
100 12 11
100 11 10
100 10 9
100 9 3
100 9 8
100 8 4
100 8 7
100 7 6
100 6 5
101 18 17
101 17 5
101 5 4
101 4 1
101 1 0
101 4 3
101 3 2
101 17 16
101 16 15
101 15 14
101 14 13
101 13 11
101 11 6
101 11 10
101 10 8
101 8 7
101 10 9
101 13 12
