1 18 8
1 8 3
1 3 2
1 2 1
1 1 0
1 8 7
1 7 5
1 5 4
1 7 6
1 18 17
1 17 16
1 16 13
1 13 10
1 10 9
1 13 12
1 12 11
1 16 15
1 15 14
2 19 14
2 14 13
2 13 11
2 11 1
2 1 0
2 11 10
2 10 9
2 9 8
2 8 2
2 8 7
2 7 4
2 4 3
2 7 6
2 6 5
2 13 12
2 19 18
2 18 15
2 18 17
2 17 16
3 16 15
3 15 4
3 4 1
3 1 0
3 4 3
3 3 2
3 15 14
3 14 13
3 13 12
3 12 11
3 11 9
3 9 6
3 6 5
3 9 8
3 8 7
3 11 10
4 16 15
4 15 14
4 14 12
4 12 11
4 11 10
4 10 9
4 9 4
4 4 0
4 4 3
4 3 1
4 3 2
4 9 8
4 8 7
4 7 6
4 6 5
4 14 13
5 16 15
5 15 7
5 7 0
5 7 6
5 6 3
5 3 2
5 2 1
5 6 5
5 5 4
5 15 14
5 14 13
5 13 12
5 12 10
5 10 8
5 10 9
5 12 11
6 19 17
6 17 14
6 14 3
6 3 1
6 1 0
6 3 2
6 14 13
6 13 12
6 12 11
6 11 10
6 10 9
6 9 8
6 8 7
6 7 5
6 5 4
6 7 6
6 17 16
6 16 15
6 19 18
7 19 5
7 5 3
7 3 1
7 1 0
7 3 2
7 5 4
7 19 18
7 18 7
7 7 6
7 18 17
7 17 16
7 16 15
7 15 12
7 12 10
7 10 9
7 9 8
7 12 11
7 15 14
7 14 13
8 18 17
8 17 16
8 16 15
8 15 14
8 14 12
8 12 11
8 11 0
8 11 10
8 10 8
8 8 5
8 5 4
8 4 3
8 3 1
8 3 2
8 8 7
8 7 6
8 10 9
8 14 13
9 19 1
9 1 0
9 19 18
9 18 9
9 9 8
9 8 7
9 7 6
9 6 4
9 4 3
9 3 2
9 6 5
9 18 17
9 17 15
9 15 14
9 14 13
9 13 12
9 12 11
9 11 10
9 17 16
10 19 18
10 18 17
10 17 2
10 2 0
10 2 1
10 17 16
10 16 14
10 14 12
10 12 11
10 11 3
10 11 10
10 10 9
10 9 8
10 8 6
10 6 4
10 6 5
10 8 7
10 14 13
10 16 15
11 17 6
11 6 5
11 5 4
11 4 2
11 2 0
11 2 1
11 4 3
11 17 16
11 16 15
11 15 8
11 8 7
11 15 14
11 14 13
11 13 9
11 13 12
11 12 10
11 12 11
12 16 15
12 15 1
12 1 0
12 15 14
12 14 2
12 14 13
12 13 6
12 6 5
12 5 3
12 5 4
12 13 12
12 12 8
12 8 7
12 12 11
12 11 9
12 11 10
13 14 4
13 4 3
13 3 2
13 2 1
13 1 0
13 14 13
13 13 11
13 11 10
13 10 9
13 9 5
13 9 8
13 8 6
13 8 7
13 13 12
14 19 1
14 1 0
14 19 18
14 18 3
14 3 2
14 18 17
14 17 15
14 15 4
14 15 14
14 14 11
14 11 9
14 9 5
14 9 8
14 8 6
14 8 7
14 11 10
14 14 13
14 13 12
14 17 16
15 16 15
15 15 13
15 13 4
15 4 3
15 3 1
15 1 0
15 3 2
15 13 12
15 12 5
15 12 11
15 11 10
15 10 6
15 10 9
15 9 8
15 8 7
15 15 14
16 15 0
16 15 14
16 14 1
16 14 13
16 13 7
16 7 6
16 6 2
16 6 5
16 5 3
16 5 4
16 13 12
16 12 11
16 11 9
16 9 8
16 11 10
17 16 15
17 15 1
17 1 0
17 15 14
17 14 13
17 13 12
17 12 11
17 11 8
17 8 7
17 7 5
17 5 3
17 3 2
17 5 4
17 7 6
17 11 10
17 10 9
18 17 0
18 17 16
18 16 1
18 16 15
18 15 9
18 9 8
18 8 6
18 6 4
18 4 2
18 4 3
18 6 5
18 8 7
18 15 14
18 14 13
18 13 12
18 12 10
18 12 11
19 14 12
19 12 0
19 12 11
19 11 9
19 9 7
19 7 1
19 7 6
19 6 2
19 6 5
19 5 3
19 5 4
19 9 8
19 11 10
19 14 13
20 18 0
20 18 17
20 17 2
20 2 1
20 17 16
20 16 15
20 15 6
20 6 3
20 6 5
20 5 4
20 15 14
20 14 12
20 12 11
20 11 8
20 8 7
20 11 10
20 10 9
20 14 13
21 17 16
21 16 13
21 13 11
21 11 10
21 10 0
21 10 9
21 9 7
21 7 3
21 3 2
21 2 1
21 7 6
21 6 4
21 6 5
21 9 8
21 13 12
21 16 15
21 15 14
22 15 14
22 14 11
22 11 10
22 10 0
22 10 9
22 9 8
22 8 3
22 3 1
22 3 2
22 8 7
22 7 6
22 6 4
22 6 5
22 14 13
22 13 12
23 18 17
23 17 1
23 1 0
23 17 16
23 16 15
23 15 14
23 14 4
23 4 2
23 4 3
23 14 13
23 13 7
23 7 6
23 6 5
23 13 12
23 12 11
23 11 10
23 10 8
23 10 9
24 16 12
24 12 9
24 9 8
24 8 7
24 7 3
24 3 0
24 3 2
24 2 1
24 7 6
24 6 5
24 5 4
24 12 11
24 11 10
24 16 15
24 15 14
24 14 13
25 14 13
25 13 12
25 12 11
25 11 10
25 10 7
25 7 4
25 4 1
25 1 0
25 4 3
25 3 2
25 7 6
25 6 5
25 10 9
25 9 8
26 19 18
26 18 17
26 17 16
26 16 0
26 16 15
26 15 10
26 10 9
26 9 1
26 9 8
26 8 6
26 6 5
26 5 3
26 3 2
26 5 4
26 8 7
26 15 14
26 14 12
26 12 11
26 14 13
27 14 13
27 13 0
27 13 12
27 12 6
27 6 5
27 5 3
27 3 1
27 3 2
27 5 4
27 12 11
27 11 10
27 10 8
27 8 7
27 10 9
28 18 17
28 17 1
28 1 0
28 17 16
28 16 2
28 16 15
28 15 14
28 14 12
28 12 6
28 6 4
28 4 3
28 6 5
28 12 11
28 11 10
28 10 9
28 9 8
28 8 7
28 14 13
29 18 15
29 15 13
29 13 12
29 12 0
29 12 11
29 11 9
29 9 3
29 3 2
29 2 1
29 9 8
29 8 4
29 8 7
29 7 6
29 6 5
29 11 10
29 15 14
29 18 17
29 17 16
30 15 14
30 14 0
30 14 13
30 13 8
30 8 7
30 7 2
30 2 1
30 7 6
30 6 4
30 4 3
30 6 5
30 13 12
30 12 11
30 11 10
30 10 9
31 18 17
31 17 13
31 13 12
31 12 1
31 1 0
31 12 11
31 11 10
31 10 9
31 9 8
31 8 6
31 6 2
31 6 5
31 5 3
31 5 4
31 8 7
31 17 16
31 16 15
31 15 14
32 14 1
32 1 0
32 14 13
32 13 2
32 13 12
32 12 7
32 7 3
32 7 6
32 6 4
32 6 5
32 12 11
32 11 9
32 9 8
32 11 10
33 18 0
33 18 17
33 17 16
33 16 14
33 14 3
33 3 1
33 3 2
33 14 13
33 13 4
33 13 12
33 12 9
33 9 8
33 8 7
33 7 5
33 7 6
33 12 11
33 11 10
33 16 15
34 14 13
34 13 4
34 4 2
34 2 1
34 1 0
34 4 3
34 13 12
34 12 10
34 10 9
34 9 5
34 9 8
34 8 6
34 8 7
34 12 11
35 17 16
35 16 1
35 1 0
35 16 15
35 15 7
35 7 2
35 7 6
35 6 4
35 4 3
35 6 5
35 15 14
35 14 8
35 14 13
35 13 9
35 13 12
35 12 10
35 12 11
36 17 16
36 16 14
36 14 9
36 9 8
36 8 0
36 8 7
36 7 6
36 6 2
36 2 1
36 6 5
36 5 3
36 5 4
36 14 13
36 13 11
36 11 10
36 13 12
36 16 15
37 17 16
37 16 0
37 16 15
37 15 1
37 15 14
37 14 13
37 13 4
37 4 3
37 3 2
37 13 12
37 12 5
37 12 11
37 11 7
37 7 6
37 11 10
37 10 9
37 9 8
38 18 0
38 18 17
38 17 16
38 16 15
38 15 1
38 15 14
38 14 13
38 13 3
38 3 2
38 13 12
38 12 11
38 11 4
38 11 10
38 10 9
38 9 5
38 9 8
38 8 6
38 8 7
39 15 14
39 14 13
39 13 12
39 12 0
39 12 11
39 11 10
39 10 1
39 10 9
39 9 2
39 9 8
39 8 7
39 7 6
39 6 5
39 5 3
39 5 4
40 17 1
40 1 0
40 17 16
40 16 15
40 15 14
40 14 13
40 13 12
40 12 11
40 11 2
40 11 10
40 10 8
40 8 3
40 8 7
40 7 4
40 7 6
40 6 5
40 10 9
41 15 14
41 14 7
41 7 1
41 1 0
41 7 6
41 6 2
41 6 5
41 5 4
41 4 3
41 14 13
41 13 8
41 13 12
41 12 11
41 11 10
41 10 9
42 15 3
42 3 2
42 2 0
42 2 1
42 15 14
42 14 12
42 12 4
42 12 11
42 11 6
42 6 5
42 11 10
42 10 7
42 10 9
42 9 8
42 14 13
43 18 0
43 18 17
43 17 15
43 15 14
43 14 11
43 11 6
43 6 5
43 5 2
43 2 1
43 5 4
43 4 3
43 11 10
43 10 9
43 9 7
43 9 8
43 14 13
43 13 12
43 17 16
44 16 12
44 12 9
44 9 7
44 7 6
44 6 1
44 1 0
44 6 5
44 5 2
44 5 4
44 4 3
44 9 8
44 12 11
44 11 10
44 16 15
44 15 13
44 15 14
45 14 0
45 14 13
45 13 12
45 12 9
45 9 8
45 8 1
45 8 7
45 7 6
45 6 5
45 5 2
45 5 4
45 4 3
45 12 11
45 11 10
46 19 16
46 16 15
46 15 12
46 12 10
46 10 4
46 4 3
46 3 0
46 3 2
46 2 1
46 10 9
46 9 6
46 6 5
46 9 8
46 8 7
46 12 11
46 15 14
46 14 13
46 19 18
46 18 17
47 14 12
47 12 0
47 12 11
47 11 1
47 11 10
47 10 5
47 5 2
47 5 4
47 4 3
47 10 9
47 9 7
47 7 6
47 9 8
47 14 13
48 16 8
48 8 7
48 7 6
48 6 5
48 5 0
48 5 4
48 4 3
48 3 1
48 3 2
48 16 15
48 15 9
48 15 14
48 14 10
48 14 13
48 13 12
48 12 11
49 15 0
49 15 14
49 14 13
49 13 1
49 13 12
49 12 11
49 11 4
49 4 3
49 3 2
49 11 10
49 10 5
49 10 9
49 9 6
49 9 8
49 8 7
50 19 18
50 18 17
50 17 15
50 15 0
50 15 14
50 14 13
50 13 11
50 11 9
50 9 7
50 7 1
50 7 6
50 6 5
50 5 4
50 4 2
50 4 3
50 9 8
50 11 10
50 13 12
50 17 16
51 19 18
51 18 4
51 4 1
51 1 0
51 4 3
51 3 2
51 18 17
51 17 5
51 17 16
51 16 7
51 7 6
51 16 15
51 15 10
51 10 8
51 10 9
51 15 14
51 14 13
51 13 11
51 13 12
52 15 9
52 9 1
52 1 0
52 9 8
52 8 6
52 6 5
52 5 2
52 5 4
52 4 3
52 8 7
52 15 14
52 14 12
52 12 11
52 11 10
52 14 13
53 18 17
53 17 11
53 11 10
53 10 9
53 9 8
53 8 7
53 7 6
53 6 4
53 4 2
53 2 1
53 1 0
53 4 3
53 6 5
53 17 16
53 16 12
53 16 15
53 15 13
53 15 14
54 18 13
54 13 1
54 1 0
54 13 12
54 12 2
54 12 11
54 11 10
54 10 9
54 9 4
54 4 3
54 9 8
54 8 6
54 6 5
54 8 7
54 18 17
54 17 16
54 16 15
54 15 14
55 14 13
55 13 12
55 12 11
55 11 0
55 11 10
55 10 9
55 9 8
55 8 7
55 7 6
55 6 5
55 5 1
55 5 4
55 4 2
55 4 3
56 17 16
56 16 13
56 13 1
56 1 0
56 13 12
56 12 9
56 9 4
56 4 3
56 3 2
56 9 8
56 8 6
56 6 5
56 8 7
56 12 11
56 11 10
56 16 15
56 15 14
57 16 15
57 15 4
57 4 2
57 2 0
57 2 1
57 4 3
57 15 14
57 14 13
57 13 6
57 6 5
57 13 12
57 12 8
57 8 7
57 12 11
57 11 9
57 11 10
58 16 13
58 13 12
58 12 0
58 12 11
58 11 7
58 7 1
58 7 6
58 6 2
58 6 5
58 5 3
58 5 4
58 11 10
58 10 9
58 9 8
58 16 15
58 15 14
59 19 6
59 6 4
59 4 2
59 2 1
59 1 0
59 4 3
59 6 5
59 19 18
59 18 7
59 18 17
59 17 8
59 17 16
59 16 14
59 14 13
59 13 12
59 12 11
59 11 10
59 10 9
59 16 15
60 18 17
60 17 0
60 17 16
60 16 9
60 9 2
60 2 1
60 9 8
60 8 3
60 8 7
60 7 6
60 6 5
60 5 4
60 16 15
60 15 13
60 13 12
60 12 11
60 11 10
60 15 14
61 17 0
61 17 16
61 16 9
61 9 8
61 8 7
61 7 6
61 6 4
61 4 1
61 4 3
61 3 2
61 6 5
61 16 15
61 15 10
61 15 14
61 14 13
61 13 11
61 13 12
62 14 13
62 13 12
62 12 11
62 11 4
62 4 3
62 3 1
62 1 0
62 3 2
62 11 10
62 10 9
62 9 8
62 8 6
62 6 5
62 8 7
63 14 6
63 6 0
63 6 5
63 5 4
63 4 2
63 2 1
63 4 3
63 14 13
63 13 12
63 12 11
63 11 10
63 10 9
63 9 7
63 9 8
64 16 13
64 13 12
64 12 11
64 11 9
64 9 7
64 7 6
64 6 5
64 5 4
64 4 1
64 1 0
64 4 3
64 3 2
64 9 8
64 11 10
64 16 15
64 15 14
65 14 13
65 13 0
65 13 12
65 12 9
65 9 7
65 7 6
65 6 1
65 6 5
65 5 3
65 3 2
65 5 4
65 9 8
65 12 11
65 11 10
66 19 15
66 15 2
66 2 0
66 2 1
66 15 14
66 14 3
66 14 13
66 13 12
66 12 4
66 12 11
66 11 6
66 6 5
66 11 10
66 10 9
66 9 8
66 8 7
66 19 18
66 18 17
66 17 16
67 19 18
67 18 16
67 16 0
67 16 15
67 15 12
67 12 11
67 11 10
67 10 9
67 9 8
67 8 7
67 7 5
67 5 1
67 5 4
67 4 2
67 4 3
67 7 6
67 15 14
67 14 13
67 18 17
68 19 18
68 18 17
68 17 15
68 15 0
68 15 14
68 14 13
68 13 11
68 11 1
68 11 10
68 10 7
68 7 6
68 6 5
68 5 3
68 3 2
68 5 4
68 10 9
68 9 8
68 13 12
68 17 16
69 16 14
69 14 13
69 13 11
69 11 9
69 9 0
69 9 8
69 8 7
69 7 6
69 6 5
69 5 1
69 5 4
69 4 3
69 3 2
69 11 10
69 13 12
69 16 15
70 15 5
70 5 3
70 3 2
70 2 1
70 1 0
70 5 4
70 15 14
70 14 6
70 14 13
70 13 12
70 12 9
70 9 7
70 9 8
70 12 11
70 11 10
71 15 13
71 13 12
71 12 11
71 11 10
71 10 6
71 6 5
71 5 0
71 5 4
71 4 3
71 3 2
71 2 1
71 10 9
71 9 7
71 9 8
71 15 14
72 16 0
72 16 15
72 15 13
72 13 4
72 4 1
72 4 3
72 3 2
72 13 12
72 12 9
72 9 6
72 6 5
72 9 8
72 8 7
72 12 11
72 11 10
72 15 14
73 16 14
73 14 12
73 12 6
73 6 0
73 6 5
73 5 3
73 3 2
73 2 1
73 5 4
73 12 11
73 11 10
73 10 9
73 9 8
73 8 7
73 14 13
73 16 15
74 16 12
74 12 10
74 10 7
74 7 5
74 5 3
74 3 2
74 2 1
74 1 0
74 5 4
74 7 6
74 10 9
74 9 8
74 12 11
74 16 15
74 15 14
74 14 13
75 14 13
75 13 12
75 12 0
75 12 11
75 11 10
75 10 1
75 10 9
75 9 7
75 7 6
75 6 4
75 4 3
75 3 2
75 6 5
75 9 8
76 18 17
76 17 16
76 16 3
76 3 2
76 2 1
76 1 0
76 16 15
76 15 4
76 15 14
76 14 13
76 13 9
76 9 7
76 7 5
76 7 6
76 9 8
76 13 12
76 12 11
76 11 10
77 15 12
77 12 0
77 12 11
77 11 10
77 10 7
77 7 2
77 2 1
77 7 6
77 6 5
77 5 4
77 4 3
77 10 9
77 9 8
77 15 14
77 14 13
78 17 1
78 1 0
78 17 16
78 16 13
78 13 2
78 13 12
78 12 5
78 5 4
78 4 3
78 12 11
78 11 10
78 10 9
78 9 8
78 8 6
78 8 7
78 16 15
78 15 14
79 15 12
79 12 0
79 12 11
79 11 10
79 10 1
79 10 9
79 9 8
79 8 3
79 3 2
79 8 7
79 7 6
79 6 5
79 5 4
79 15 14
79 14 13
80 17 16
80 16 15
80 15 11
80 11 1
80 1 0
80 11 10
80 10 3
80 3 2
80 10 9
80 9 8
80 8 4
80 8 7
80 7 5
80 7 6
80 15 14
80 14 13
80 13 12
81 18 17
81 17 3
81 3 1
81 1 0
81 3 2
81 17 16
81 16 15
81 15 4
81 15 14
81 14 13
81 13 5
81 13 12
81 12 10
81 10 9
81 9 7
81 7 6
81 9 8
81 12 11
82 15 9
82 9 8
82 8 1
82 1 0
82 8 7
82 7 6
82 6 4
82 4 3
82 3 2
82 6 5
82 15 14
82 14 12
82 12 10
82 12 11
82 14 13
83 17 14
83 14 2
83 2 0
83 2 1
83 14 13
83 13 12
83 12 10
83 10 7
83 7 6
83 6 5
83 5 3
83 5 4
83 10 9
83 9 8
83 12 11
83 17 16
83 16 15
84 14 2
84 2 1
84 1 0
84 14 13
84 13 12
84 12 11
84 11 10
84 10 9
84 9 8
84 8 7
84 7 3
84 7 6
84 6 4
84 6 5
85 16 15
85 15 3
85 3 1
85 1 0
85 3 2
85 15 14
85 14 7
85 7 5
85 5 4
85 7 6
85 14 13
85 13 12
85 12 10
85 10 9
85 9 8
85 12 11
86 17 0
86 17 16
86 16 15
86 15 3
86 3 2
86 2 1
86 15 14
86 14 13
86 13 11
86 11 5
86 5 4
86 11 10
86 10 9
86 9 8
86 8 7
86 7 6
86 13 12
87 18 13
87 13 11
87 11 0
87 11 10
87 10 3
87 3 2
87 2 1
87 10 9
87 9 5
87 5 4
87 9 8
87 8 6
87 8 7
87 13 12
87 18 17
87 17 14
87 17 16
87 16 15
88 16 2
88 2 1
88 1 0
88 16 15
88 15 13
88 13 12
88 12 11
88 11 10
88 10 6
88 6 3
88 6 5
88 5 4
88 10 9
88 9 8
88 8 7
88 15 14
89 15 9
89 9 8
89 8 4
89 4 2
89 2 0
89 2 1
89 4 3
89 8 7
89 7 5
89 7 6
89 15 14
89 14 13
89 13 10
89 13 12
89 12 11
90 19 18
90 18 17
90 17 10
90 10 3
90 3 2
90 2 0
90 2 1
90 10 9
90 9 8
90 8 4
90 8 7
90 7 6
90 6 5
90 17 16
90 16 15
90 15 13
90 13 11
90 13 12
90 15 14
91 19 18
91 18 12
91 12 1
91 1 0
91 12 11
91 11 9
91 9 8
91 8 3
91 3 2
91 8 7
91 7 6
91 6 5
91 5 4
91 11 10
91 18 17
91 17 13
91 17 16
91 16 14
91 16 15
92 15 3
92 3 1
92 1 0
92 3 2
92 15 14
92 14 4
92 14 13
92 13 12
92 12 5
92 12 11
92 11 9
92 9 7
92 7 6
92 9 8
92 11 10
93 16 3
93 3 0
93 3 2
93 2 1
93 16 15
93 15 14
93 14 12
93 12 10
93 10 9
93 9 8
93 8 7
93 7 5
93 5 4
93 7 6
93 12 11
93 14 13
94 19 17
94 17 1
94 1 0
94 17 16
94 16 2
94 16 15
94 15 6
94 6 3
94 6 5
94 5 4
94 15 14
94 14 12
94 12 7
94 12 11
94 11 8
94 11 10
94 10 9
94 14 13
94 19 18
95 16 5
95 5 1
95 1 0
95 5 4
95 4 3
95 3 2
95 16 15
95 15 6
95 15 14
95 14 13
95 13 11
95 11 7
95 11 10
95 10 9
95 9 8
95 13 12
96 18 17
96 17 16
96 16 15
96 15 2
96 2 0
96 2 1
96 15 14
96 14 11
96 11 5
96 5 4
96 4 3
96 11 10
96 10 6
96 10 9
96 9 8
96 8 7
96 14 13
96 13 12
97 16 15
97 15 7
97 7 5
97 5 4
97 4 3
97 3 1
97 1 0
97 3 2
97 7 6
97 15 14
97 14 13
97 13 12
97 12 10
97 10 8
97 10 9
97 12 11
98 14 8
98 8 5
98 5 4
98 4 3
98 3 0
98 3 2
98 2 1
98 8 7
98 7 6
98 14 13
98 13 9
98 13 12
98 12 11
98 11 10
99 18 1
99 1 0
99 18 17
99 17 15
99 15 14
99 14 8
99 8 6
99 6 5
99 5 4
99 4 2
99 4 3
99 8 7
99 14 13
99 13 11
99 11 9
99 11 10
99 13 12
99 17 16
100 15 0
100 15 14
100 14 4
100 4 3
100 3 2
100 2 1
100 14 13
100 13 11
100 11 5
100 11 10
100 10 6
100 10 9
100 9 7
100 9 8
100 13 12
101 15 14
101 14 0
101 14 13
101 13 12
101 12 4
101 4 3
101 3 1
101 3 2
101 12 11
101 11 5
101 11 10
101 10 6
101 10 9
101 9 8
101 8 7
