1 16 15
1 15 0
1 15 14
1 14 12
1 12 1
1 12 11
1 11 10
1 10 9
1 9 8
1 8 4
1 4 3
1 3 2
1 8 7
1 7 5
1 7 6
1 14 13
2 15 14
2 14 0
2 14 13
2 13 12
2 12 6
2 6 4
2 4 3
2 3 2
2 2 1
2 6 5
2 12 11
2 11 10
2 10 7
2 10 9
2 9 8
3 15 14
3 14 13
3 13 12
3 12 11
3 11 10
3 10 9
3 9 8
3 8 1
3 1 0
3 8 7
3 7 2
3 7 6
3 6 3
3 6 5
3 5 4
4 14 13
4 13 12
4 12 6
4 6 1
4 1 0
4 6 5
4 5 4
4 4 2
4 4 3
4 12 11
4 11 10
4 10 7
4 10 9
4 9 8
5 17 16
5 16 15
5 15 11
5 11 9
5 9 7
5 7 0
5 7 6
5 6 5
5 5 4
5 4 2
5 2 1
5 4 3
5 9 8
5 11 10
5 15 14
5 14 13
5 13 12
6 17 16
6 16 15
6 15 14
6 14 0
6 14 13
6 13 12
6 12 1
6 12 11
6 11 2
6 11 10
6 10 3
6 10 9
6 9 6
6 6 5
6 5 4
6 9 8
6 8 7
7 17 13
7 13 12
7 12 0
7 12 11
7 11 3
7 3 1
7 3 2
7 11 10
7 10 8
7 8 4
7 8 7
7 7 5
7 7 6
7 10 9
7 17 16
7 16 14
7 16 15
8 14 0
8 14 13
8 13 12
8 12 11
8 11 10
8 10 9
8 9 8
8 8 2
8 2 1
8 8 7
8 7 6
8 6 5
8 5 4
8 4 3
9 16 15
9 15 1
9 1 0
9 15 14
9 14 10
9 10 5
9 5 4
9 4 2
9 4 3
9 10 9
9 9 6
9 9 8
9 8 7
9 14 13
9 13 11
9 13 12
10 19 17
10 17 15
10 15 14
10 14 7
10 7 1
10 1 0
10 7 6
10 6 4
10 4 2
10 4 3
10 6 5
10 14 13
10 13 12
10 12 11
10 11 10
10 10 9
10 9 8
10 17 16
10 19 18
11 15 11
11 11 2
11 2 0
11 2 1
11 11 10
11 10 7
11 7 5
11 5 3
11 5 4
11 7 6
11 10 9
11 9 8
11 15 14
11 14 12
11 14 13
12 19 18
12 18 14
12 14 13
12 13 12
12 12 11
12 11 8
12 8 6
12 6 5
12 5 4
12 4 1
12 1 0
12 4 3
12 3 2
12 8 7
12 11 10
12 10 9
12 18 17
12 17 15
12 17 16
13 14 13
13 13 12
13 12 11
13 11 10
13 10 6
13 6 0
13 6 5
13 5 1
13 5 4
13 4 3
13 3 2
13 10 9
13 9 8
13 8 7
14 15 14
14 14 13
14 13 12
14 12 11
14 11 5
14 5 4
14 4 3
14 3 2
14 2 0
14 2 1
14 11 10
14 10 9
14 9 8
14 8 7
14 7 6
15 16 0
15 16 15
15 15 14
15 14 13
15 13 2
15 2 1
15 13 12
15 12 11
15 11 4
15 4 3
15 11 10
15 10 9
15 9 8
15 8 7
15 7 5
15 7 6
16 15 13
16 13 9
16 9 8
16 8 3
16 3 2
16 2 1
16 1 0
16 8 7
16 7 4
16 7 6
16 6 5
16 13 12
16 12 11
16 11 10
16 15 14
17 18 14
17 14 0
17 14 13
17 13 12
17 12 2
17 2 1
17 12 11
17 11 10
17 10 9
17 9 8
17 8 7
17 7 5
17 5 3
17 5 4
17 7 6
17 18 17
17 17 16
17 16 15
18 17 9
18 9 7
18 7 6
18 6 2
18 2 0
18 2 1
18 6 5
18 5 4
18 4 3
18 9 8
18 17 16
18 16 15
18 15 12
18 12 11
18 11 10
18 15 14
18 14 13
19 19 17
19 17 1
19 1 0
19 17 16
19 16 15
19 15 10
19 10 8
19 8 7
19 7 3
19 3 2
19 7 6
19 6 5
19 5 4
19 10 9
19 15 14
19 14 13
19 13 12
19 12 11
19 19 18
20 14 13
20 13 11
20 11 10
20 10 5
20 5 3
20 3 0
20 3 2
20 2 1
20 5 4
20 10 9
20 9 8
20 8 6
20 8 7
20 13 12
21 17 9
21 9 8
21 8 6
21 6 3
21 3 2
21 2 1
21 1 0
21 6 5
21 5 4
21 8 7
21 17 16
21 16 10
21 16 15
21 15 14
21 14 11
21 14 13
21 13 12
22 19 18
22 18 16
22 16 15
22 15 14
22 14 13
22 13 12
22 12 11
22 11 9
22 9 2
22 2 1
22 1 0
22 9 8
22 8 7
22 7 4
22 4 3
22 7 6
22 6 5
22 11 10
22 18 17
23 15 14
23 14 1
23 1 0
23 14 13
23 13 12
23 12 10
23 10 2
23 10 9
23 9 8
23 8 4
23 4 3
23 8 7
23 7 6
23 6 5
23 12 11
24 18 17
24 17 16
24 16 15
24 15 13
24 13 3
24 3 2
24 2 0
24 2 1
24 13 12
24 12 10
24 10 9
24 9 4
24 9 8
24 8 7
24 7 5
24 7 6
24 12 11
24 15 14
25 19 18
25 18 16
25 16 15
25 15 0
25 15 14
25 14 11
25 11 8
25 8 7
25 7 5
25 5 3
25 3 1
25 3 2
25 5 4
25 7 6
25 11 10
25 10 9
25 14 13
25 13 12
25 18 17
26 18 0
26 18 17
26 17 16
26 16 15
26 15 14
26 14 3
26 3 2
26 2 1
26 14 13
26 13 11
26 11 10
26 10 6
26 6 5
26 5 4
26 10 9
26 9 7
26 9 8
26 13 12
27 19 1
27 1 0
27 19 18
27 18 3
27 3 2
27 18 17
27 17 16
27 16 4
27 16 15
27 15 14
27 14 6
27 6 5
27 14 13
27 13 12
27 12 8
27 8 7
27 12 11
27 11 10
27 10 9
28 14 10
28 10 9
28 9 8
28 8 0
28 8 7
28 7 3
28 3 2
28 2 1
28 7 6
28 6 4
28 6 5
28 14 13
28 13 12
28 12 11
29 14 3
29 3 2
29 2 0
29 2 1
29 14 13
29 13 7
29 7 5
29 5 4
29 7 6
29 13 12
29 12 9
29 9 8
29 12 11
29 11 10
30 15 14
30 14 13
30 13 11
30 11 10
30 10 9
30 9 0
30 9 8
30 8 7
30 7 2
30 2 1
30 7 6
30 6 3
30 6 5
30 5 4
30 13 12
31 17 14
31 14 4
31 4 2
31 2 0
31 2 1
31 4 3
31 14 13
31 13 12
31 12 11
31 11 9
31 9 6
31 6 5
31 9 8
31 8 7
31 11 10
31 17 16
31 16 15
32 18 8
32 8 3
32 3 2
32 2 0
32 2 1
32 8 7
32 7 6
32 6 4
32 6 5
32 18 17
32 17 16
32 16 13
32 13 11
32 11 9
32 11 10
32 13 12
32 16 15
32 15 14
33 17 0
33 17 16
33 16 13
33 13 12
33 12 3
33 3 1
33 3 2
33 12 11
33 11 4
33 11 10
33 10 9
33 9 7
33 7 5
33 7 6
33 9 8
33 16 15
33 15 14
34 14 1
34 1 0
34 14 13
34 13 12
34 12 11
34 11 5
34 5 4
34 4 3
34 3 2
34 11 10
34 10 7
34 7 6
34 10 9
34 9 8
35 14 13
35 13 11
35 11 10
35 10 0
35 10 9
35 9 7
35 7 5
35 5 3
35 3 1
35 3 2
35 5 4
35 7 6
35 9 8
35 13 12
36 15 5
36 5 4
36 4 3
36 3 1
36 1 0
36 3 2
36 15 14
36 14 13
36 13 11
36 11 9
36 9 7
36 7 6
36 9 8
36 11 10
36 13 12
37 17 15
37 15 0
37 15 14
37 14 12
37 12 10
37 10 6
37 6 5
37 5 1
37 5 4
37 4 2
37 4 3
37 10 9
37 9 8
37 8 7
37 12 11
37 14 13
37 17 16
38 16 14
38 14 12
38 12 0
38 12 11
38 11 10
38 10 5
38 5 1
38 5 4
38 4 2
38 4 3
38 10 9
38 9 8
38 8 6
38 8 7
38 14 13
38 16 15
39 17 0
39 17 16
39 16 13
39 13 11
39 11 1
39 11 10
39 10 9
39 9 8
39 8 7
39 7 2
39 7 6
39 6 5
39 5 3
39 5 4
39 13 12
39 16 15
39 15 14
40 17 16
40 16 15
40 15 13
40 13 8
40 8 0
40 8 7
40 7 2
40 2 1
40 7 6
40 6 4
40 4 3
40 6 5
40 13 12
40 12 10
40 10 9
40 12 11
40 15 14
41 17 16
41 16 8
41 8 0
41 8 7
41 7 1
41 7 6
41 6 5
41 5 2
41 5 4
41 4 3
41 16 15
41 15 14
41 14 10
41 10 9
41 14 13
41 13 12
41 12 11
42 19 6
42 6 5
42 5 1
42 1 0
42 5 4
42 4 3
42 3 2
42 19 18
42 18 16
42 16 7
42 16 15
42 15 13
42 13 10
42 10 9
42 9 8
42 13 12
42 12 11
42 15 14
42 18 17
43 19 18
43 18 17
43 17 16
43 16 14
43 14 2
43 2 1
43 1 0
43 14 13
43 13 12
43 12 11
43 11 4
43 4 3
43 11 10
43 10 9
43 9 5
43 9 8
43 8 7
43 7 6
43 16 15
44 14 12
44 12 9
44 9 1
44 1 0
44 9 8
44 8 2
44 8 7
44 7 4
44 4 3
44 7 6
44 6 5
44 12 11
44 11 10
44 14 13
45 19 18
45 18 0
45 18 17
45 17 3
45 3 1
45 3 2
45 17 16
45 16 14
45 14 12
45 12 10
45 10 4
45 10 9
45 9 5
45 9 8
45 8 7
45 7 6
45 12 11
45 14 13
45 16 15
46 18 15
46 15 1
46 1 0
46 15 14
46 14 13
46 13 2
46 13 12
46 12 10
46 10 6
46 6 5
46 5 4
46 4 3
46 10 9
46 9 7
46 9 8
46 12 11
46 18 17
46 17 16
47 16 15
47 15 1
47 1 0
47 15 14
47 14 12
47 12 11
47 11 10
47 10 9
47 9 5
47 5 3
47 3 2
47 5 4
47 9 8
47 8 6
47 8 7
47 14 13
48 15 13
48 13 12
48 12 3
48 3 0
48 3 2
48 2 1
48 12 11
48 11 4
48 11 10
48 10 5
48 10 9
48 9 8
48 8 7
48 7 6
48 15 14
49 17 16
49 16 15
49 15 14
49 14 3
49 3 0
49 3 2
49 2 1
49 14 13
49 13 4
49 13 12
49 12 8
49 8 7
49 7 6
49 6 5
49 12 11
49 11 10
49 10 9
50 17 11
50 11 0
50 11 10
50 10 6
50 6 5
50 5 4
50 4 3
50 3 2
50 2 1
50 10 9
50 9 8
50 8 7
50 17 16
50 16 14
50 14 13
50 13 12
50 16 15
51 15 0
51 15 14
51 14 3
51 3 2
51 2 1
51 14 13
51 13 11
51 11 7
51 7 6
51 6 4
51 6 5
51 11 10
51 10 9
51 9 8
51 13 12
52 15 13
52 13 12
52 12 11
52 11 10
52 10 0
52 10 9
52 9 6
52 6 3
52 3 1
52 3 2
52 6 5
52 5 4
52 9 8
52 8 7
52 15 14
53 14 13
53 13 12
53 12 11
53 11 2
53 2 0
53 2 1
53 11 10
53 10 9
53 9 8
53 8 4
53 4 3
53 8 7
53 7 5
53 7 6
54 15 0
54 15 14
54 14 3
54 3 1
54 3 2
54 14 13
54 13 10
54 10 9
54 9 8
54 8 4
54 8 7
54 7 5
54 7 6
54 13 12
54 12 11
55 19 18
55 18 0
55 18 17
55 17 16
55 16 14
55 14 13
55 13 11
55 11 10
55 10 9
55 9 7
55 7 1
55 7 6
55 6 4
55 4 3
55 3 2
55 6 5
55 9 8
55 13 12
55 16 15
56 19 18
56 18 4
56 4 0
56 4 3
56 3 2
56 2 1
56 18 17
56 17 15
56 15 8
56 8 7
56 7 6
56 6 5
56 15 14
56 14 13
56 13 11
56 11 9
56 11 10
56 13 12
56 17 16
57 16 11
57 11 10
57 10 9
57 9 8
57 8 0
57 8 7
57 7 6
57 6 5
57 5 3
57 3 2
57 2 1
57 5 4
57 16 15
57 15 12
57 15 14
57 14 13
58 14 13
58 13 11
58 11 10
58 10 2
58 2 1
58 1 0
58 10 9
58 9 8
58 8 7
58 7 6
58 6 4
58 4 3
58 6 5
58 13 12
59 15 10
59 10 6
59 6 4
59 4 3
59 3 0
59 3 2
59 2 1
59 6 5
59 10 9
59 9 8
59 8 7
59 15 14
59 14 12
59 12 11
59 14 13
60 14 0
60 14 13
60 13 12
60 12 9
60 9 1
60 9 8
60 8 7
60 7 6
60 6 2
60 6 5
60 5 3
60 5 4
60 12 11
60 11 10
61 18 17
61 17 11
61 11 0
61 11 10
61 10 9
61 9 6
61 6 5
61 5 4
61 4 1
61 4 3
61 3 2
61 9 8
61 8 7
61 17 16
61 16 15
61 15 12
61 15 14
61 14 13
62 17 10
62 10 1
62 1 0
62 10 9
62 9 2
62 9 8
62 8 7
62 7 6
62 6 3
62 6 5
62 5 4
62 17 16
62 16 11
62 16 15
62 15 13
62 13 12
62 15 14
63 18 16
63 16 0
63 16 15
63 15 13
63 13 7
63 7 1
63 7 6
63 6 4
63 4 2
63 4 3
63 6 5
63 13 12
63 12 11
63 11 9
63 9 8
63 11 10
63 15 14
63 18 17
64 14 0
64 14 13
64 13 6
64 6 5
64 5 4
64 4 3
64 3 2
64 2 1
64 13 12
64 12 7
64 12 11
64 11 9
64 9 8
64 11 10
65 15 14
65 14 13
65 13 12
65 12 11
65 11 3
65 3 1
65 1 0
65 3 2
65 11 10
65 10 9
65 9 8
65 8 4
65 8 7
65 7 5
65 7 6
66 18 5
66 5 4
66 4 0
66 4 3
66 3 2
66 2 1
66 18 17
66 17 15
66 15 14
66 14 13
66 13 7
66 7 6
66 13 12
66 12 11
66 11 10
66 10 8
66 10 9
66 17 16
67 17 0
67 17 16
67 16 9
67 9 8
67 8 1
67 8 7
67 7 6
67 6 2
67 6 5
67 5 3
67 5 4
67 16 15
67 15 10
67 15 14
67 14 13
67 13 11
67 13 12
68 19 18
68 18 17
68 17 12
68 12 7
68 7 6
68 6 5
68 5 1
68 1 0
68 5 4
68 4 3
68 3 2
68 12 11
68 11 9
68 9 8
68 11 10
68 17 16
68 16 15
68 15 13
68 15 14
69 19 18
69 18 3
69 3 2
69 2 1
69 1 0
69 18 17
69 17 16
69 16 15
69 15 14
69 14 10
69 10 7
69 7 6
69 6 4
69 6 5
69 10 9
69 9 8
69 14 13
69 13 11
69 13 12
70 18 17
70 17 7
70 7 6
70 6 2
70 2 1
70 1 0
70 6 5
70 5 4
70 4 3
70 17 16
70 16 11
70 11 9
70 9 8
70 11 10
70 16 15
70 15 14
70 14 12
70 14 13
71 15 4
71 4 1
71 1 0
71 4 3
71 3 2
71 15 14
71 14 5
71 14 13
71 13 12
71 12 11
71 11 9
71 9 8
71 8 6
71 8 7
71 11 10
72 16 11
72 11 10
72 10 7
72 7 0
72 7 6
72 6 4
72 4 2
72 2 1
72 4 3
72 6 5
72 10 9
72 9 8
72 16 15
72 15 13
72 13 12
72 15 14
73 17 8
73 8 7
73 7 5
73 5 0
73 5 4
73 4 1
73 4 3
73 3 2
73 7 6
73 17 16
73 16 14
73 14 12
73 12 11
73 11 10
73 10 9
73 14 13
73 16 15
74 19 2
74 2 1
74 1 0
74 19 18
74 18 17
74 17 3
74 17 16
74 16 14
74 14 11
74 11 10
74 10 7
74 7 4
74 7 6
74 6 5
74 10 9
74 9 8
74 14 13
74 13 12
74 16 15
75 16 15
75 15 13
75 13 11
75 11 10
75 10 0
75 10 9
75 9 8
75 8 7
75 7 6
75 6 3
75 3 1
75 3 2
75 6 5
75 5 4
75 13 12
75 15 14
76 17 0
76 17 16
76 16 12
76 12 10
76 10 6
76 6 5
76 5 4
76 4 3
76 3 2
76 2 1
76 10 9
76 9 8
76 8 7
76 12 11
76 16 15
76 15 13
76 15 14
77 14 12
77 12 1
77 1 0
77 12 11
77 11 9
77 9 8
77 8 2
77 8 7
77 7 4
77 4 3
77 7 6
77 6 5
77 11 10
77 14 13
78 15 14
78 14 0
78 14 13
78 13 6
78 6 2
78 2 1
78 6 5
78 5 3
78 5 4
78 13 12
78 12 11
78 11 8
78 8 7
78 11 10
78 10 9
79 14 10
79 10 7
79 7 6
79 6 2
79 2 0
79 2 1
79 6 5
79 5 3
79 5 4
79 10 9
79 9 8
79 14 13
79 13 12
79 12 11
80 18 17
80 17 2
80 2 0
80 2 1
80 17 16
80 16 4
80 4 3
80 16 15
80 15 12
80 12 11
80 11 10
80 10 9
80 9 6
80 6 5
80 9 8
80 8 7
80 15 14
80 14 13
81 19 18
81 18 8
81 8 0
81 8 7
81 7 5
81 5 3
81 3 1
81 3 2
81 5 4
81 7 6
81 18 17
81 17 14
81 14 9
81 14 13
81 13 11
81 11 10
81 13 12
81 17 16
81 16 15
82 18 17
82 17 13
82 13 0
82 13 12
82 12 11
82 11 9
82 9 8
82 8 7
82 7 1
82 7 6
82 6 3
82 3 2
82 6 5
82 5 4
82 11 10
82 17 16
82 16 14
82 16 15
83 15 14
83 14 13
83 13 12
83 12 11
83 11 5
83 5 4
83 4 2
83 2 1
83 1 0
83 4 3
83 11 10
83 10 8
83 8 7
83 7 6
83 10 9
84 17 3
84 3 2
84 2 0
84 2 1
84 17 16
84 16 10
84 10 9
84 9 4
84 9 8
84 8 7
84 7 6
84 6 5
84 16 15
84 15 11
84 15 14
84 14 12
84 14 13
85 19 0
85 19 18
85 18 2
85 2 1
85 18 17
85 17 16
85 16 15
85 15 13
85 13 11
85 11 3
85 11 10
85 10 9
85 9 4
85 9 8
85 8 7
85 7 5
85 7 6
85 13 12
85 15 14
86 18 5
86 5 4
86 4 3
86 3 0
86 3 2
86 2 1
86 18 17
86 17 16
86 16 6
86 16 15
86 15 10
86 10 7
86 10 9
86 9 8
86 15 14
86 14 11
86 14 13
86 13 12
87 15 9
87 9 0
87 9 8
87 8 7
87 7 6
87 6 1
87 6 5
87 5 4
87 4 3
87 3 2
87 15 14
87 14 12
87 12 11
87 11 10
87 14 13
88 16 0
88 16 15
88 15 6
88 6 2
88 2 1
88 6 5
88 5 3
88 5 4
88 15 14
88 14 12
88 12 9
88 9 7
88 9 8
88 12 11
88 11 10
88 14 13
89 14 4
89 4 1
89 1 0
89 4 3
89 3 2
89 14 13
89 13 12
89 12 11
89 11 10
89 10 5
89 10 9
89 9 8
89 8 7
89 7 6
90 15 11
90 11 10
90 10 9
90 9 7
90 7 6
90 6 4
90 4 0
90 4 3
90 3 2
90 2 1
90 6 5
90 9 8
90 15 14
90 14 12
90 14 13
91 15 14
91 14 13
91 13 12
91 12 10
91 10 0
91 10 9
91 9 8
91 8 1
91 8 7
91 7 5
91 5 4
91 4 2
91 4 3
91 7 6
91 12 11
92 17 7
92 7 6
92 6 5
92 5 4
92 4 3
92 3 2
92 2 1
92 1 0
92 17 16
92 16 11
92 11 10
92 10 9
92 9 8
92 16 15
92 15 12
92 15 14
92 14 13
93 18 16
93 16 14
93 14 13
93 13 12
93 12 8
93 8 0
93 8 7
93 7 6
93 6 4
93 4 2
93 2 1
93 4 3
93 6 5
93 12 11
93 11 9
93 11 10
93 16 15
93 18 17
94 18 0
94 18 17
94 17 5
94 5 4
94 4 1
94 4 3
94 3 2
94 17 16
94 16 15
94 15 14
94 14 13
94 13 12
94 12 7
94 7 6
94 12 11
94 11 8
94 11 10
94 10 9
95 16 7
95 7 6
95 6 0
95 6 5
95 5 4
95 4 2
95 2 1
95 4 3
95 16 15
95 15 10
95 10 8
95 10 9
95 15 14
95 14 12
95 12 11
95 14 13
96 16 15
96 15 9
96 9 7
96 7 6
96 6 0
96 6 5
96 5 1
96 5 4
96 4 2
96 4 3
96 9 8
96 15 14
96 14 13
96 13 12
96 12 10
96 12 11
97 16 11
97 11 9
97 9 8
97 8 6
97 6 5
97 5 3
97 3 0
97 3 2
97 2 1
97 5 4
97 8 7
97 11 10
97 16 15
97 15 12
97 15 14
97 14 13
98 16 12
98 12 11
98 11 2
98 2 1
98 1 0
98 11 10
98 10 8
98 8 6
98 6 5
98 5 4
98 4 3
98 8 7
98 10 9
98 16 15
98 15 13
98 15 14
99 14 13
99 13 0
99 13 12
99 12 11
99 11 10
99 10 2
99 2 1
99 10 9
99 9 7
99 7 3
99 7 6
99 6 5
99 5 4
99 9 8
100 16 15
100 15 0
100 15 14
100 14 4
100 4 3
100 3 2
100 2 1
100 14 13
100 13 10
100 10 9
100 9 8
100 8 5
100 8 7
100 7 6
100 13 12
100 12 11
101 18 0
101 18 17
101 17 2
101 2 1
101 17 16
101 16 14
101 14 13
101 13 11
101 11 10
101 10 3
101 10 9
101 9 8
101 8 7
101 7 5
101 5 4
101 7 6
101 13 12
101 16 15
