1 18 10
1 10 8
1 8 4
1 4 3
1 3 0
1 3 2
1 2 1
1 8 7
1 7 6
1 6 5
1 10 9
1 18 17
1 17 15
1 15 14
1 14 11
1 14 13
1 13 12
1 17 16
2 17 0
2 17 16
2 16 15
2 15 9
2 9 1
2 9 8
2 8 2
2 8 7
2 7 3
2 7 6
2 6 4
2 6 5
2 15 14
2 14 13
2 13 10
2 13 12
2 12 11
3 15 8
3 8 0
3 8 7
3 7 5
3 5 1
3 5 4
3 4 3
3 3 2
3 7 6
3 15 14
3 14 10
3 10 9
3 14 13
3 13 11
3 13 12
4 14 8
4 8 4
4 4 3
4 3 2
4 2 0
4 2 1
4 8 7
4 7 6
4 6 5
4 14 13
4 13 12
4 12 11
4 11 10
4 10 9
5 14 5
5 5 3
5 3 0
5 3 2
5 2 1
5 5 4
5 14 13
5 13 7
5 7 6
5 13 12
5 12 8
5 12 11
5 11 9
5 11 10
6 18 5
6 5 2
6 2 1
6 1 0
6 5 4
6 4 3
6 18 17
6 17 13
6 13 10
6 10 9
6 9 7
6 7 6
6 9 8
6 13 12
6 12 11
6 17 16
6 16 14
6 16 15
7 15 14
7 14 2
7 2 1
7 1 0
7 14 13
7 13 12
7 12 11
7 11 3
7 11 10
7 10 6
7 6 5
7 5 4
7 10 9
7 9 7
7 9 8
8 19 2
8 2 1
8 1 0
8 19 18
8 18 17
8 17 16
8 16 15
8 15 9
8 9 8
8 8 7
8 7 6
8 6 3
8 6 5
8 5 4
8 15 14
8 14 13
8 13 10
8 13 12
8 12 11
9 16 0
9 16 15
9 15 14
9 14 7
9 7 6
9 6 1
9 6 5
9 5 3
9 3 2
9 5 4
9 14 13
9 13 12
9 12 11
9 11 10
9 10 9
9 9 8
10 15 13
10 13 1
10 1 0
10 13 12
10 12 2
10 12 11
10 11 6
10 6 5
10 5 3
10 5 4
10 11 10
10 10 9
10 9 8
10 8 7
10 15 14
11 14 13
11 13 11
11 11 2
11 2 0
11 2 1
11 11 10
11 10 6
11 6 5
11 5 4
11 4 3
11 10 9
11 9 8
11 8 7
11 13 12
12 18 15
12 15 0
12 15 14
12 14 12
12 12 9
12 9 8
12 8 7
12 7 1
12 7 6
12 6 3
12 3 2
12 6 5
12 5 4
12 12 11
12 11 10
12 14 13
12 18 17
12 17 16
13 15 14
13 14 13
13 13 11
13 11 10
13 10 1
13 1 0
13 10 9
13 9 8
13 8 7
13 7 3
13 3 2
13 7 6
13 6 5
13 5 4
13 13 12
14 19 7
14 7 5
14 5 3
14 3 2
14 2 1
14 1 0
14 5 4
14 7 6
14 19 18
14 18 17
14 17 16
14 16 15
14 15 14
14 14 13
14 13 8
14 13 12
14 12 11
14 11 9
14 11 10
15 14 9
15 9 1
15 1 0
15 9 8
15 8 7
15 7 6
15 6 3
15 3 2
15 6 5
15 5 4
15 14 13
15 13 10
15 13 12
15 12 11
16 15 7
16 7 6
16 6 5
16 5 4
16 4 2
16 2 0
16 2 1
16 4 3
16 15 14
16 14 9
16 9 8
16 14 13
16 13 10
16 13 12
16 12 11
17 18 13
17 13 7
17 7 0
17 7 6
17 6 2
17 2 1
17 6 5
17 5 3
17 5 4
17 13 12
17 12 11
17 11 10
17 10 9
17 9 8
17 18 17
17 17 14
17 17 16
17 16 15
18 17 0
18 17 16
18 16 8
18 8 3
18 3 2
18 2 1
18 8 7
18 7 6
18 6 4
18 6 5
18 16 15
18 15 9
18 15 14
18 14 13
18 13 12
18 12 11
18 11 10
19 17 16
19 16 0
19 16 15
19 15 6
19 6 4
19 4 3
19 3 2
19 2 1
19 6 5
19 15 14
19 14 13
19 13 12
19 12 8
19 8 7
19 12 11
19 11 10
19 10 9
20 14 0
20 14 13
20 13 4
20 4 3
20 3 1
20 3 2
20 13 12
20 12 5
20 12 11
20 11 8
20 8 6
20 8 7
20 11 10
20 10 9
21 15 7
21 7 0
21 7 6
21 6 1
21 6 5
21 5 2
21 5 4
21 4 3
21 15 14
21 14 13
21 13 12
21 12 8
21 12 11
21 11 9
21 11 10
22 14 13
22 13 12
22 12 1
22 1 0
22 12 11
22 11 9
22 9 8
22 8 7
22 7 6
22 6 5
22 5 3
22 3 2
22 5 4
22 11 10
23 19 18
23 18 14
23 14 13
23 13 11
23 11 10
23 10 9
23 9 3
23 3 2
23 2 0
23 2 1
23 9 8
23 8 7
23 7 6
23 6 5
23 5 4
23 13 12
23 18 17
23 17 15
23 17 16
24 16 15
24 15 12
24 12 11
24 11 4
24 4 3
24 3 2
24 2 1
24 1 0
24 11 10
24 10 5
24 10 9
24 9 8
24 8 6
24 8 7
24 15 14
24 14 13
25 15 12
25 12 6
25 6 5
25 5 4
25 4 3
25 3 2
25 2 0
25 2 1
25 12 11
25 11 7
25 11 10
25 10 9
25 9 8
25 15 14
25 14 13
26 16 0
26 16 15
26 15 3
26 3 1
26 3 2
26 15 14
26 14 12
26 12 11
26 11 4
26 11 10
26 10 7
26 7 6
26 6 5
26 10 9
26 9 8
26 14 13
27 18 9
27 9 8
27 8 0
27 8 7
27 7 6
27 6 5
27 5 1
27 5 4
27 4 2
27 4 3
27 18 17
27 17 10
27 17 16
27 16 15
27 15 14
27 14 13
27 13 12
27 12 11
28 18 17
28 17 16
28 16 0
28 16 15
28 15 3
28 3 2
28 2 1
28 15 14
28 14 4
28 14 13
28 13 12
28 12 11
28 11 10
28 10 8
28 8 7
28 7 5
28 7 6
28 10 9
29 14 4
29 4 3
29 3 0
29 3 2
29 2 1
29 14 13
29 13 11
29 11 9
29 9 6
29 6 5
29 9 8
29 8 7
29 11 10
29 13 12
30 17 8
30 8 7
30 7 5
30 5 4
30 4 2
30 2 1
30 1 0
30 4 3
30 7 6
30 17 16
30 16 11
30 11 9
30 11 10
30 16 15
30 15 12
30 15 14
30 14 13
31 15 11
31 11 1
31 1 0
31 11 10
31 10 5
31 5 4
31 4 3
31 3 2
31 10 9
31 9 6
31 9 8
31 8 7
31 15 14
31 14 13
31 13 12
32 14 6
32 6 0
32 6 5
32 5 3
32 3 1
32 3 2
32 5 4
32 14 13
32 13 11
32 11 9
32 9 8
32 8 7
32 11 10
32 13 12
33 14 2
33 2 1
33 1 0
33 14 13
33 13 12
33 12 5
33 5 3
33 5 4
33 12 11
33 11 9
33 9 6
33 9 8
33 8 7
33 11 10
34 17 6
34 6 3
34 3 2
34 2 0
34 2 1
34 6 5
34 5 4
34 17 16
34 16 15
34 15 12
34 12 11
34 11 10
34 10 8
34 8 7
34 10 9
34 15 14
34 14 13
35 14 13
35 13 2
35 2 1
35 1 0
35 13 12
35 12 3
35 12 11
35 11 10
35 10 9
35 9 7
35 7 5
35 5 4
35 7 6
35 9 8
36 14 0
36 14 13
36 13 12
36 12 5
36 5 4
36 4 3
36 3 1
36 3 2
36 12 11
36 11 9
36 9 8
36 8 7
36 7 6
36 11 10
37 18 17
37 17 16
37 16 13
37 13 12
37 12 0
37 12 11
37 11 10
37 10 8
37 8 1
37 8 7
37 7 6
37 6 5
37 5 2
37 5 4
37 4 3
37 10 9
37 16 15
37 15 14
38 18 15
38 15 2
38 2 1
38 1 0
38 15 14
38 14 13
38 13 7
38 7 6
38 6 4
38 4 3
38 6 5
38 13 12
38 12 9
38 9 8
38 12 11
38 11 10
38 18 17
38 17 16
39 19 18
39 18 17
39 17 16
39 16 12
39 12 11
39 11 10
39 10 6
39 6 5
39 5 3
39 3 0
39 3 2
39 2 1
39 5 4
39 10 9
39 9 7
39 9 8
39 16 15
39 15 13
39 15 14
40 15 14
40 14 13
40 13 11
40 11 0
40 11 10
40 10 9
40 9 7
40 7 4
40 4 3
40 3 2
40 2 1
40 7 6
40 6 5
40 9 8
40 13 12
41 17 16
41 16 15
41 15 1
41 1 0
41 15 14
41 14 3
41 3 2
41 14 13
41 13 11
41 11 8
41 8 7
41 7 4
41 7 6
41 6 5
41 11 10
41 10 9
41 13 12
42 19 15
42 15 1
42 1 0
42 15 14
42 14 2
42 14 13
42 13 12
42 12 7
42 7 6
42 6 4
42 4 3
42 6 5
42 12 11
42 11 9
42 9 8
42 11 10
42 19 18
42 18 16
42 18 17
43 16 15
43 15 14
43 14 13
43 13 11
43 11 10
43 10 9
43 9 8
43 8 7
43 7 6
43 6 5
43 5 4
43 4 0
43 4 3
43 3 2
43 2 1
43 13 12
44 16 14
44 14 13
44 13 5
44 5 4
44 4 0
44 4 3
44 3 2
44 2 1
44 13 12
44 12 8
44 8 6
44 8 7
44 12 11
44 11 10
44 10 9
44 16 15
45 15 14
45 14 0
45 14 13
45 13 8
45 8 6
45 6 5
45 5 1
45 5 4
45 4 2
45 4 3
45 8 7
45 13 12
45 12 10
45 10 9
45 12 11
46 17 16
46 16 15
46 15 14
46 14 10
46 10 5
46 5 4
46 4 3
46 3 0
46 3 2
46 2 1
46 10 9
46 9 7
46 7 6
46 9 8
46 14 13
46 13 11
46 13 12
47 17 4
47 4 3
47 3 0
47 3 2
47 2 1
47 17 16
47 16 15
47 15 12
47 12 10
47 10 5
47 10 9
47 9 6
47 9 8
47 8 7
47 12 11
47 15 14
47 14 13
48 15 14
48 14 13
48 13 12
48 12 11
48 11 9
48 9 7
48 7 3
48 3 0
48 3 2
48 2 1
48 7 6
48 6 4
48 6 5
48 9 8
48 11 10
49 15 8
49 8 7
49 7 6
49 6 1
49 1 0
49 6 5
49 5 4
49 4 3
49 3 2
49 15 14
49 14 13
49 13 12
49 12 11
49 11 9
49 11 10
50 16 1
50 1 0
50 16 15
50 15 3
50 3 2
50 15 14
50 14 9
50 9 4
50 9 8
50 8 6
50 6 5
50 8 7
50 14 13
50 13 11
50 11 10
50 13 12
51 14 11
51 11 10
51 10 8
51 8 7
51 7 1
51 1 0
51 7 6
51 6 5
51 5 4
51 4 2
51 4 3
51 10 9
51 14 13
51 13 12
52 16 15
52 15 14
52 14 12
52 12 5
52 5 4
52 4 3
52 3 1
52 1 0
52 3 2
52 12 11
52 11 7
52 7 6
52 11 10
52 10 9
52 9 8
52 14 13
53 16 14
53 14 12
53 12 10
53 10 9
53 9 8
53 8 7
53 7 0
53 7 6
53 6 5
53 5 2
53 2 1
53 5 4
53 4 3
53 12 11
53 14 13
53 16 15
54 17 16
54 16 14
54 14 8
54 8 3
54 3 2
54 2 0
54 2 1
54 8 7
54 7 4
54 7 6
54 6 5
54 14 13
54 13 9
54 13 12
54 12 10
54 12 11
54 16 15
55 18 2
55 2 1
55 1 0
55 18 17
55 17 14
55 14 12
55 12 10
55 10 8
55 8 4
55 4 3
55 8 7
55 7 6
55 6 5
55 10 9
55 12 11
55 14 13
55 17 16
55 16 15
56 17 15
56 15 13
56 13 8
56 8 7
56 7 3
56 3 2
56 2 1
56 1 0
56 7 6
56 6 5
56 5 4
56 13 12
56 12 11
56 11 10
56 10 9
56 15 14
56 17 16
57 14 13
57 13 12
57 12 10
57 10 8
57 8 7
57 7 6
57 6 5
57 5 2
57 2 0
57 2 1
57 5 4
57 4 3
57 10 9
57 12 11
58 16 15
58 15 14
58 14 13
58 13 11
58 11 3
58 3 2
58 2 0
58 2 1
58 11 10
58 10 9
58 9 8
58 8 6
58 6 5
58 5 4
58 8 7
58 13 12
59 15 14
59 14 12
59 12 10
59 10 9
59 9 8
59 8 6
59 6 3
59 3 0
59 3 2
59 2 1
59 6 5
59 5 4
59 8 7
59 12 11
59 14 13
60 15 14
60 14 0
60 14 13
60 13 3
60 3 1
60 3 2
60 13 12
60 12 11
60 11 9
60 9 7
60 7 6
60 6 5
60 5 4
60 9 8
60 11 10
61 16 0
61 16 15
61 15 14
61 14 4
61 4 3
61 3 1
61 3 2
61 14 13
61 13 12
61 12 6
61 6 5
61 12 11
61 11 10
61 10 9
61 9 8
61 8 7
62 16 8
62 8 6
62 6 4
62 4 3
62 3 1
62 1 0
62 3 2
62 6 5
62 8 7
62 16 15
62 15 9
62 15 14
62 14 10
62 14 13
62 13 12
62 12 11
63 19 18
63 18 4
63 4 2
63 2 0
63 2 1
63 4 3
63 18 17
63 17 10
63 10 5
63 10 9
63 9 6
63 9 8
63 8 7
63 17 16
63 16 15
63 15 13
63 13 12
63 12 11
63 15 14
64 17 1
64 1 0
64 17 16
64 16 7
64 7 6
64 6 4
64 4 3
64 3 2
64 6 5
64 16 15
64 15 8
64 15 14
64 14 12
64 12 11
64 11 9
64 11 10
64 14 13
65 14 13
65 13 12
65 12 9
65 9 7
65 7 5
65 5 4
65 4 2
65 2 0
65 2 1
65 4 3
65 7 6
65 9 8
65 12 11
65 11 10
66 14 0
66 14 13
66 13 9
66 9 3
66 3 2
66 2 1
66 9 8
66 8 6
66 6 4
66 6 5
66 8 7
66 13 12
66 12 11
66 11 10
67 15 4
67 4 2
67 2 1
67 1 0
67 4 3
67 15 14
67 14 9
67 9 8
67 8 7
67 7 6
67 6 5
67 14 13
67 13 12
67 12 11
67 11 10
68 15 3
68 3 0
68 3 2
68 2 1
68 15 14
68 14 8
68 8 6
68 6 5
68 5 4
68 8 7
68 14 13
68 13 10
68 10 9
68 13 12
68 12 11
69 15 14
69 14 13
69 13 0
69 13 12
69 12 8
69 8 1
69 8 7
69 7 2
69 7 6
69 6 5
69 5 4
69 4 3
69 12 11
69 11 9
69 11 10
70 17 1
70 1 0
70 17 16
70 16 8
70 8 6
70 6 2
70 6 5
70 5 3
70 5 4
70 8 7
70 16 15
70 15 14
70 14 12
70 12 11
70 11 10
70 10 9
70 14 13
71 14 12
71 12 11
71 11 10
71 10 5
71 5 4
71 4 2
71 2 0
71 2 1
71 4 3
71 10 9
71 9 8
71 8 6
71 8 7
71 14 13
72 15 13
72 13 0
72 13 12
72 12 5
72 5 2
72 2 1
72 5 4
72 4 3
72 12 11
72 11 6
72 11 10
72 10 9
72 9 8
72 8 7
72 15 14
73 16 15
73 15 13
73 13 2
73 2 0
73 2 1
73 13 12
73 12 5
73 5 3
73 5 4
73 12 11
73 11 8
73 8 7
73 7 6
73 11 10
73 10 9
73 15 14
74 19 0
74 19 18
74 18 1
74 18 17
74 17 2
74 17 16
74 16 4
74 4 3
74 16 15
74 15 13
74 13 5
74 13 12
74 12 10
74 10 9
74 9 7
74 7 6
74 9 8
74 12 11
74 15 14
75 15 14
75 14 9
75 9 8
75 8 0
75 8 7
75 7 6
75 6 5
75 5 4
75 4 3
75 3 1
75 3 2
75 14 13
75 13 11
75 11 10
75 13 12
76 16 8
76 8 7
76 7 1
76 1 0
76 7 6
76 6 2
76 6 5
76 5 4
76 4 3
76 16 15
76 15 14
76 14 13
76 13 11
76 11 9
76 11 10
76 13 12
77 14 13
77 13 11
77 11 2
77 2 1
77 1 0
77 11 10
77 10 8
77 8 7
77 7 6
77 6 5
77 5 4
77 4 3
77 10 9
77 13 12
78 18 0
78 18 17
78 17 1
78 17 16
78 16 13
78 13 12
78 12 10
78 10 7
78 7 2
78 7 6
78 6 3
78 6 5
78 5 4
78 10 9
78 9 8
78 12 11
78 16 15
78 15 14
79 17 16
79 16 8
79 8 0
79 8 7
79 7 1
79 7 6
79 6 5
79 5 2
79 5 4
79 4 3
79 16 15
79 15 14
79 14 10
79 10 9
79 14 13
79 13 12
79 12 11
80 17 14
80 14 6
80 6 4
80 4 2
80 2 0
80 2 1
80 4 3
80 6 5
80 14 13
80 13 11
80 11 10
80 10 9
80 9 7
80 9 8
80 13 12
80 17 16
80 16 15
81 18 17
81 17 9
81 9 4
81 4 3
81 3 1
81 1 0
81 3 2
81 9 8
81 8 5
81 8 7
81 7 6
81 17 16
81 16 13
81 13 11
81 11 10
81 13 12
81 16 15
81 15 14
82 17 0
82 17 16
82 16 1
82 16 15
82 15 12
82 12 7
82 7 5
82 5 2
82 5 4
82 4 3
82 7 6
82 12 11
82 11 10
82 10 9
82 9 8
82 15 14
82 14 13
83 18 3
83 3 0
83 3 2
83 2 1
83 18 17
83 17 16
83 16 4
83 16 15
83 15 14
83 14 6
83 6 5
83 14 13
83 13 12
83 12 11
83 11 8
83 8 7
83 11 10
83 10 9
84 17 14
84 14 13
84 13 12
84 12 6
84 6 5
84 5 4
84 4 3
84 3 2
84 2 1
84 1 0
84 12 11
84 11 10
84 10 7
84 10 9
84 9 8
84 17 16
84 16 15
85 16 9
85 9 8
85 8 4
85 4 1
85 1 0
85 4 3
85 3 2
85 8 7
85 7 6
85 6 5
85 16 15
85 15 14
85 14 13
85 13 11
85 11 10
85 13 12
86 19 1
86 1 0
86 19 18
86 18 17
86 17 16
86 16 15
86 15 14
86 14 13
86 13 3
86 3 2
86 13 12
86 12 11
86 11 6
86 6 5
86 5 4
86 11 10
86 10 8
86 8 7
86 10 9
87 16 15
87 15 14
87 14 7
87 7 0
87 7 6
87 6 2
87 2 1
87 6 5
87 5 3
87 5 4
87 14 13
87 13 9
87 9 8
87 13 12
87 12 10
87 12 11
88 15 14
88 14 0
88 14 13
88 13 12
88 12 11
88 11 1
88 11 10
88 10 9
88 9 8
88 8 6
88 6 5
88 5 3
88 3 2
88 5 4
88 8 7
89 16 15
89 15 9
89 9 0
89 9 8
89 8 7
89 7 3
89 3 2
89 2 1
89 7 6
89 6 4
89 6 5
89 15 14
89 14 13
89 13 12
89 12 11
89 11 10
90 18 17
90 17 16
90 16 8
90 8 7
90 7 5
90 5 3
90 3 2
90 2 0
90 2 1
90 5 4
90 7 6
90 16 15
90 15 14
90 14 9
90 14 13
90 13 11
90 11 10
90 13 12
91 14 13
91 13 0
91 13 12
91 12 10
91 10 8
91 8 7
91 7 1
91 7 6
91 6 5
91 5 3
91 3 2
91 5 4
91 10 9
91 12 11
92 17 14
92 14 12
92 12 10
92 10 0
92 10 9
92 9 8
92 8 1
92 8 7
92 7 5
92 5 2
92 5 4
92 4 3
92 7 6
92 12 11
92 14 13
92 17 16
92 16 15
93 16 15
93 15 14
93 14 11
93 11 10
93 10 9
93 9 0
93 9 8
93 8 1
93 8 7
93 7 4
93 4 2
93 4 3
93 7 6
93 6 5
93 14 13
93 13 12
94 19 0
94 19 18
94 18 14
94 14 3
94 3 2
94 2 1
94 14 13
94 13 10
94 10 7
94 7 6
94 6 4
94 6 5
94 10 9
94 9 8
94 13 12
94 12 11
94 18 17
94 17 16
94 16 15
95 14 13
95 13 11
95 11 4
95 4 2
95 2 0
95 2 1
95 4 3
95 11 10
95 10 8
95 8 5
95 8 7
95 7 6
95 10 9
95 13 12
96 19 3
96 3 1
96 1 0
96 3 2
96 19 18
96 18 17
96 17 8
96 8 4
96 8 7
96 7 5
96 7 6
96 17 16
96 16 14
96 14 12
96 12 11
96 11 9
96 11 10
96 14 13
96 16 15
97 14 13
97 13 12
97 12 11
97 11 9
97 9 8
97 8 7
97 7 2
97 2 1
97 1 0
97 7 6
97 6 5
97 5 4
97 4 3
97 11 10
98 15 14
98 14 13
98 13 5
98 5 0
98 5 4
98 4 3
98 3 2
98 2 1
98 13 12
98 12 6
98 12 11
98 11 10
98 10 7
98 10 9
98 9 8
99 14 0
99 14 13
99 13 3
99 3 1
99 3 2
99 13 12
99 12 10
99 10 8
99 8 7
99 7 4
99 7 6
99 6 5
99 10 9
99 12 11
100 14 11
100 11 2
100 2 1
100 1 0
100 11 10
100 10 3
100 10 9
100 9 7
100 7 6
100 6 4
100 6 5
100 9 8
100 14 13
100 13 12
101 17 4
101 4 1
101 1 0
101 4 3
101 3 2
101 17 16
101 16 15
101 15 13
101 13 6
101 6 5
101 13 12
101 12 11
101 11 7
101 11 10
101 10 8
101 10 9
101 15 14
