1 14 13
1 13 2
1 2 1
1 1 0
1 13 12
1 12 11
1 11 4
1 4 3
1 11 10
1 10 5
1 10 9
1 9 6
1 9 8
1 8 7
2 15 14
2 14 13
2 13 12
2 12 9
2 9 0
2 9 8
2 8 6
2 6 5
2 5 3
2 3 2
2 2 1
2 5 4
2 8 7
2 12 11
2 11 10
3 14 13
3 13 3
3 3 1
3 1 0
3 3 2
3 13 12
3 12 11
3 11 10
3 10 4
3 10 9
3 9 8
3 8 7
3 7 6
3 6 5
4 17 12
4 12 10
4 10 4
4 4 3
4 3 1
4 1 0
4 3 2
4 10 9
4 9 5
4 9 8
4 8 6
4 8 7
4 12 11
4 17 16
4 16 13
4 16 15
4 15 14
5 18 0
5 18 17
5 17 14
5 14 12
5 12 10
5 10 5
5 5 3
5 3 2
5 2 1
5 5 4
5 10 9
5 9 6
5 9 8
5 8 7
5 12 11
5 14 13
5 17 16
5 16 15
6 14 0
6 14 13
6 13 1
6 13 12
6 12 11
6 11 9
6 9 7
6 7 6
6 6 3
6 3 2
6 6 5
6 5 4
6 9 8
6 11 10
7 17 10
7 10 9
7 9 7
7 7 6
7 6 5
7 5 3
7 3 1
7 1 0
7 3 2
7 5 4
7 9 8
7 17 16
7 16 13
7 13 11
7 13 12
7 16 15
7 15 14
8 14 1
8 1 0
8 14 13
8 13 12
8 12 10
8 10 9
8 9 8
8 8 7
8 7 2
8 7 6
8 6 5
8 5 3
8 5 4
8 12 11
9 17 2
9 2 1
9 1 0
9 17 16
9 16 15
9 15 4
9 4 3
9 15 14
9 14 13
9 13 6
9 6 5
9 13 12
9 12 9
9 9 7
9 9 8
9 12 11
9 11 10
10 18 17
10 17 15
10 15 13
10 13 11
10 11 8
10 8 0
10 8 7
10 7 6
10 6 4
10 4 1
10 4 3
10 3 2
10 6 5
10 11 10
10 10 9
10 13 12
10 15 14
10 17 16
11 15 2
11 2 0
11 2 1
11 15 14
11 14 4
11 4 3
11 14 13
11 13 12
11 12 7
11 7 6
11 6 5
11 12 11
11 11 10
11 10 8
11 10 9
12 16 10
12 10 9
12 9 8
12 8 4
12 4 3
12 3 0
12 3 2
12 2 1
12 8 7
12 7 5
12 7 6
12 16 15
12 15 14
12 14 13
12 13 12
12 12 11
13 17 16
13 16 15
13 15 12
13 12 7
13 7 5
13 5 4
13 4 3
13 3 2
13 2 0
13 2 1
13 7 6
13 12 11
13 11 9
13 9 8
13 11 10
13 15 14
13 14 13
14 18 17
14 17 0
14 17 16
14 16 15
14 15 1
14 15 14
14 14 10
14 10 8
14 8 3
14 3 2
14 8 7
14 7 4
14 7 6
14 6 5
14 10 9
14 14 13
14 13 11
14 13 12
15 18 17
15 17 2
15 2 1
15 1 0
15 17 16
15 16 14
15 14 13
15 13 12
15 12 11
15 11 10
15 10 4
15 4 3
15 10 9
15 9 5
15 9 8
15 8 7
15 7 6
15 16 15
16 15 13
16 13 12
16 12 3
16 3 1
16 1 0
16 3 2
16 12 11
16 11 4
16 11 10
16 10 8
16 8 7
16 7 5
16 7 6
16 10 9
16 15 14
17 18 17
17 17 16
17 16 12
17 12 11
17 11 10
17 10 8
17 8 7
17 7 6
17 6 5
17 5 4
17 4 3
17 3 1
17 1 0
17 3 2
17 10 9
17 16 15
17 15 14
17 14 13
18 15 13
18 13 1
18 1 0
18 13 12
18 12 3
18 3 2
18 12 11
18 11 10
18 10 4
18 10 9
18 9 6
18 6 5
18 9 8
18 8 7
18 15 14
19 16 14
19 14 4
19 4 2
19 2 1
19 1 0
19 4 3
19 14 13
19 13 12
19 12 9
19 9 8
19 8 7
19 7 5
19 7 6
19 12 11
19 11 10
19 16 15
20 19 18
20 18 16
20 16 6
20 6 5
20 5 4
20 4 2
20 2 1
20 1 0
20 4 3
20 16 15
20 15 14
20 14 13
20 13 9
20 9 7
20 9 8
20 13 12
20 12 10
20 12 11
20 18 17
21 15 0
21 15 14
21 14 12
21 12 1
21 12 11
21 11 3
21 3 2
21 11 10
21 10 8
21 8 7
21 7 6
21 6 4
21 6 5
21 10 9
21 14 13
22 18 4
22 4 2
22 2 1
22 1 0
22 4 3
22 18 17
22 17 5
22 17 16
22 16 14
22 14 13
22 13 6
22 13 12
22 12 9
22 9 7
22 9 8
22 12 11
22 11 10
22 16 15
23 16 15
23 15 14
23 14 8
23 8 6
23 6 0
23 6 5
23 5 1
23 5 4
23 4 2
23 4 3
23 8 7
23 14 13
23 13 12
23 12 10
23 10 9
23 12 11
24 15 9
24 9 0
24 9 8
24 8 5
24 5 2
24 2 1
24 5 4
24 4 3
24 8 7
24 7 6
24 15 14
24 14 12
24 12 10
24 12 11
24 14 13
25 18 14
25 14 11
25 11 1
25 1 0
25 11 10
25 10 7
25 7 6
25 6 5
25 5 3
25 3 2
25 5 4
25 10 9
25 9 8
25 14 13
25 13 12
25 18 17
25 17 15
25 17 16
26 14 13
26 13 12
26 12 7
26 7 2
26 2 1
26 1 0
26 7 6
26 6 5
26 5 3
26 5 4
26 12 11
26 11 8
26 11 10
26 10 9
27 14 12
27 12 7
27 7 1
27 1 0
27 7 6
27 6 5
27 5 2
27 5 4
27 4 3
27 12 11
27 11 8
27 11 10
27 10 9
27 14 13
28 16 15
28 15 2
28 2 0
28 2 1
28 15 14
28 14 11
28 11 3
28 11 10
28 10 8
28 8 4
28 8 7
28 7 5
28 7 6
28 10 9
28 14 13
28 13 12
29 15 5
29 5 4
29 4 0
29 4 3
29 3 2
29 2 1
29 15 14
29 14 8
29 8 6
29 8 7
29 14 13
29 13 12
29 12 11
29 11 9
29 11 10
30 18 0
30 18 17
30 17 4
30 4 1
30 4 3
30 3 2
30 17 16
30 16 14
30 14 12
30 12 11
30 11 10
30 10 9
30 9 7
30 7 5
30 7 6
30 9 8
30 14 13
30 16 15
31 19 7
31 7 6
31 6 5
31 5 1
31 1 0
31 5 4
31 4 3
31 3 2
31 19 18
31 18 16
31 16 8
31 16 15
31 15 9
31 15 14
31 14 10
31 14 13
31 13 12
31 12 11
31 18 17
32 17 4
32 4 2
32 2 1
32 1 0
32 4 3
32 17 16
32 16 14
32 14 13
32 13 8
32 8 5
32 8 7
32 7 6
32 13 12
32 12 10
32 10 9
32 12 11
32 16 15
33 18 17
33 17 16
33 16 15
33 15 0
33 15 14
33 14 12
33 12 10
33 10 5
33 5 2
33 2 1
33 5 4
33 4 3
33 10 9
33 9 7
33 7 6
33 9 8
33 12 11
33 14 13
34 17 0
34 17 16
34 16 1
34 16 15
34 15 5
34 5 4
34 4 2
34 4 3
34 15 14
34 14 7
34 7 6
34 14 13
34 13 10
34 10 8
34 10 9
34 13 12
34 12 11
35 17 1
35 1 0
35 17 16
35 16 14
35 14 2
35 14 13
35 13 9
35 9 5
35 5 4
35 4 3
35 9 8
35 8 6
35 8 7
35 13 12
35 12 10
35 12 11
35 16 15
36 15 14
36 14 12
36 12 11
36 11 10
36 10 2
36 2 0
36 2 1
36 10 9
36 9 8
36 8 7
36 7 5
36 5 3
36 5 4
36 7 6
36 14 13
37 14 0
37 14 13
37 13 11
37 11 7
37 7 6
37 6 4
37 4 1
37 4 3
37 3 2
37 6 5
37 11 10
37 10 8
37 10 9
37 13 12
38 15 8
38 8 7
38 7 6
38 6 5
38 5 1
38 1 0
38 5 4
38 4 2
38 4 3
38 15 14
38 14 13
38 13 11
38 11 9
38 11 10
38 13 12
39 19 1
39 1 0
39 19 18
39 18 17
39 17 14
39 14 12
39 12 11
39 11 5
39 5 2
39 5 4
39 4 3
39 11 10
39 10 7
39 7 6
39 10 9
39 9 8
39 14 13
39 17 16
39 16 15
40 19 17
40 17 0
40 17 16
40 16 10
40 10 8
40 8 6
40 6 1
40 6 5
40 5 3
40 3 2
40 5 4
40 8 7
40 10 9
40 16 15
40 15 14
40 14 12
40 12 11
40 14 13
40 19 18
41 14 0
41 14 13
41 13 2
41 2 1
41 13 12
41 12 3
41 12 11
41 11 4
41 11 10
41 10 5
41 10 9
41 9 6
41 9 8
41 8 7
42 19 16
42 16 15
42 15 0
42 15 14
42 14 10
42 10 9
42 9 7
42 7 6
42 6 4
42 4 3
42 3 2
42 2 1
42 6 5
42 9 8
42 14 13
42 13 12
42 12 11
42 19 18
42 18 17
43 15 14
43 14 13
43 13 7
43 7 4
43 4 2
43 2 0
43 2 1
43 4 3
43 7 6
43 6 5
43 13 12
43 12 8
43 12 11
43 11 10
43 10 9
44 19 18
44 18 17
44 17 16
44 16 14
44 14 0
44 14 13
44 13 3
44 3 1
44 3 2
44 13 12
44 12 11
44 11 10
44 10 9
44 9 7
44 7 4
44 7 6
44 6 5
44 9 8
44 16 15
45 16 0
45 16 15
45 15 14
45 14 13
45 13 2
45 2 1
45 13 12
45 12 11
45 11 4
45 4 3
45 11 10
45 10 9
45 9 8
45 8 7
45 7 5
45 7 6
46 16 12
46 12 0
46 12 11
46 11 10
46 10 3
46 3 2
46 2 1
46 10 9
46 9 7
46 7 5
46 5 4
46 7 6
46 9 8
46 16 15
46 15 13
46 15 14
47 14 0
47 14 13
47 13 3
47 3 2
47 2 1
47 13 12
47 12 4
47 12 11
47 11 10
47 10 6
47 6 5
47 10 9
47 9 7
47 9 8
48 17 16
48 16 11
48 11 1
48 1 0
48 11 10
48 10 4
48 4 3
48 3 2
48 10 9
48 9 8
48 8 7
48 7 5
48 7 6
48 16 15
48 15 13
48 13 12
48 15 14
49 17 16
49 16 14
49 14 11
49 11 10
49 10 9
49 9 0
49 9 8
49 8 1
49 8 7
49 7 2
49 7 6
49 6 5
49 5 4
49 4 3
49 14 13
49 13 12
49 16 15
50 14 13
50 13 2
50 2 1
50 1 0
50 13 12
50 12 3
50 12 11
50 11 4
50 11 10
50 10 7
50 7 6
50 6 5
50 10 9
50 9 8
51 18 17
51 17 14
51 14 13
51 13 11
51 11 10
51 10 1
51 1 0
51 10 9
51 9 8
51 8 7
51 7 2
51 7 6
51 6 5
51 5 3
51 5 4
51 13 12
51 17 16
51 16 15
52 19 17
52 17 4
52 4 3
52 3 0
52 3 2
52 2 1
52 17 16
52 16 14
52 14 13
52 13 7
52 7 5
52 7 6
52 13 12
52 12 11
52 11 9
52 9 8
52 11 10
52 16 15
52 19 18
53 19 9
53 9 7
53 7 2
53 2 1
53 1 0
53 7 6
53 6 5
53 5 3
53 5 4
53 9 8
53 19 18
53 18 16
53 16 14
53 14 12
53 12 10
53 12 11
53 14 13
53 16 15
53 18 17
54 17 16
54 16 4
54 4 2
54 2 0
54 2 1
54 4 3
54 16 15
54 15 14
54 14 5
54 14 13
54 13 8
54 8 7
54 7 6
54 13 12
54 12 9
54 12 11
54 11 10
55 17 16
55 16 0
55 16 15
55 15 2
55 2 1
55 15 14
55 14 13
55 13 12
55 12 11
55 11 9
55 9 8
55 8 7
55 7 6
55 6 5
55 5 4
55 4 3
55 11 10
56 14 0
56 14 13
56 13 1
56 13 12
56 12 2
56 12 11
56 11 3
56 11 10
56 10 8
56 8 6
56 6 4
56 6 5
56 8 7
56 10 9
57 19 9
57 9 2
57 2 0
57 2 1
57 9 8
57 8 3
57 8 7
57 7 5
57 5 4
57 7 6
57 19 18
57 18 11
57 11 10
57 18 17
57 17 15
57 15 12
57 15 14
57 14 13
57 17 16
58 16 15
58 15 0
58 15 14
58 14 13
58 13 1
58 13 12
58 12 2
58 12 11
58 11 5
58 5 3
58 5 4
58 11 10
58 10 7
58 7 6
58 10 9
58 9 8
59 16 3
59 3 2
59 2 1
59 1 0
59 16 15
59 15 4
59 15 14
59 14 13
59 13 12
59 12 11
59 11 10
59 10 9
59 9 6
59 6 5
59 9 8
59 8 7
60 15 13
60 13 10
60 10 5
60 5 3
60 3 2
60 2 1
60 1 0
60 5 4
60 10 9
60 9 8
60 8 7
60 7 6
60 13 12
60 12 11
60 15 14
61 17 13
61 13 0
61 13 12
61 12 1
61 12 11
61 11 8
61 8 6
61 6 5
61 5 4
61 4 3
61 3 2
61 8 7
61 11 10
61 10 9
61 17 16
61 16 14
61 16 15
62 19 0
62 19 18
62 18 17
62 17 16
62 16 15
62 15 12
62 12 10
62 10 8
62 8 4
62 4 3
62 3 2
62 2 1
62 8 7
62 7 5
62 7 6
62 10 9
62 12 11
62 15 14
62 14 13
63 14 0
63 14 13
63 13 12
63 12 11
63 11 10
63 10 9
63 9 8
63 8 7
63 7 6
63 6 5
63 5 4
63 4 3
63 3 1
63 3 2
64 17 16
64 16 15
64 15 14
64 14 13
64 13 11
64 11 8
64 8 6
64 6 4
64 4 3
64 3 2
64 2 1
64 1 0
64 6 5
64 8 7
64 11 10
64 10 9
64 13 12
65 15 13
65 13 3
65 3 2
65 2 1
65 1 0
65 13 12
65 12 9
65 9 5
65 5 4
65 9 8
65 8 7
65 7 6
65 12 11
65 11 10
65 15 14
66 19 17
66 17 5
66 5 4
66 4 0
66 4 3
66 3 1
66 3 2
66 17 16
66 16 15
66 15 14
66 14 11
66 11 9
66 9 8
66 8 7
66 7 6
66 11 10
66 14 13
66 13 12
66 19 18
67 14 12
67 12 10
67 10 9
67 9 8
67 8 7
67 7 0
67 7 6
67 6 1
67 6 5
67 5 3
67 3 2
67 5 4
67 12 11
67 14 13
68 16 7
68 7 0
68 7 6
68 6 1
68 6 5
68 5 2
68 5 4
68 4 3
68 16 15
68 15 11
68 11 10
68 10 8
68 10 9
68 15 14
68 14 13
68 13 12
69 15 13
69 13 11
69 11 10
69 10 5
69 5 2
69 2 1
69 1 0
69 5 4
69 4 3
69 10 9
69 9 7
69 7 6
69 9 8
69 13 12
69 15 14
70 16 4
70 4 2
70 2 1
70 1 0
70 4 3
70 16 15
70 15 6
70 6 5
70 15 14
70 14 13
70 13 11
70 11 7
70 11 10
70 10 8
70 10 9
70 13 12
71 16 15
71 15 2
71 2 0
71 2 1
71 15 14
71 14 8
71 8 7
71 7 5
71 5 3
71 5 4
71 7 6
71 14 13
71 13 12
71 12 10
71 10 9
71 12 11
72 17 0
72 17 16
72 16 15
72 15 14
72 14 13
72 13 1
72 13 12
72 12 11
72 11 10
72 10 9
72 9 5
72 5 4
72 4 2
72 4 3
72 9 8
72 8 7
72 7 6
73 15 4
73 4 3
73 3 2
73 2 0
73 2 1
73 15 14
73 14 9
73 9 6
73 6 5
73 9 8
73 8 7
73 14 13
73 13 10
73 13 12
73 12 11
74 16 14
74 14 13
74 13 10
74 10 3
74 3 2
74 2 0
74 2 1
74 10 9
74 9 7
74 7 5
74 5 4
74 7 6
74 9 8
74 13 12
74 12 11
74 16 15
75 16 12
75 12 9
75 9 7
75 7 6
75 6 5
75 5 0
75 5 4
75 4 1
75 4 3
75 3 2
75 9 8
75 12 11
75 11 10
75 16 15
75 15 13
75 15 14
76 17 4
76 4 0
76 4 3
76 3 2
76 2 1
76 17 16
76 16 5
76 16 15
76 15 7
76 7 6
76 15 14
76 14 8
76 14 13
76 13 12
76 12 11
76 11 9
76 11 10
77 19 1
77 1 0
77 19 18
77 18 16
77 16 7
77 7 6
77 6 5
77 5 4
77 4 2
77 4 3
77 16 15
77 15 12
77 12 10
77 10 9
77 9 8
77 12 11
77 15 14
77 14 13
77 18 17
78 16 15
78 15 12
78 12 2
78 2 0
78 2 1
78 12 11
78 11 8
78 8 6
78 6 4
78 4 3
78 6 5
78 8 7
78 11 10
78 10 9
78 15 14
78 14 13
79 15 6
79 6 5
79 5 0
79 5 4
79 4 2
79 2 1
79 4 3
79 15 14
79 14 12
79 12 11
79 11 10
79 10 7
79 10 9
79 9 8
79 14 13
80 19 18
80 18 16
80 16 15
80 15 14
80 14 13
80 13 3
80 3 0
80 3 2
80 2 1
80 13 12
80 12 11
80 11 10
80 10 8
80 8 7
80 7 6
80 6 4
80 6 5
80 10 9
80 18 17
81 14 13
81 13 11
81 11 10
81 10 0
81 10 9
81 9 8
81 8 7
81 7 6
81 6 1
81 6 5
81 5 3
81 3 2
81 5 4
81 13 12
82 19 9
82 9 8
82 8 7
82 7 5
82 5 2
82 2 0
82 2 1
82 5 4
82 4 3
82 7 6
82 19 18
82 18 12
82 12 10
82 12 11
82 18 17
82 17 16
82 16 15
82 15 14
82 14 13
83 15 13
83 13 12
83 12 11
83 11 9
83 9 3
83 3 1
83 1 0
83 3 2
83 9 8
83 8 4
83 8 7
83 7 5
83 7 6
83 11 10
83 15 14
84 18 0
84 18 17
84 17 1
84 17 16
84 16 2
84 16 15
84 15 11
84 11 3
84 11 10
84 10 6
84 6 4
84 6 5
84 10 9
84 9 8
84 8 7
84 15 14
84 14 13
84 13 12
85 16 15
85 15 14
85 14 6
85 6 0
85 6 5
85 5 3
85 3 2
85 2 1
85 5 4
85 14 13
85 13 11
85 11 10
85 10 7
85 10 9
85 9 8
85 13 12
86 18 17
86 17 3
86 3 2
86 2 1
86 1 0
86 17 16
86 16 4
86 16 15
86 15 11
86 11 10
86 10 6
86 6 5
86 10 9
86 9 7
86 9 8
86 15 14
86 14 13
86 13 12
87 18 17
87 17 2
87 2 0
87 2 1
87 17 16
87 16 15
87 15 10
87 10 8
87 8 7
87 7 4
87 4 3
87 7 6
87 6 5
87 10 9
87 15 14
87 14 12
87 12 11
87 14 13
88 17 16
88 16 1
88 1 0
88 16 15
88 15 14
88 14 13
88 13 12
88 12 11
88 11 10
88 10 8
88 8 3
88 3 2
88 8 7
88 7 6
88 6 5
88 5 4
88 10 9
89 18 0
89 18 17
89 17 1
89 17 16
89 16 15
89 15 14
89 14 9
89 9 3
89 3 2
89 9 8
89 8 6
89 6 5
89 5 4
89 8 7
89 14 13
89 13 10
89 13 12
89 12 11
90 15 4
90 4 1
90 1 0
90 4 3
90 3 2
90 15 14
90 14 5
90 14 13
90 13 10
90 10 6
90 10 9
90 9 8
90 8 7
90 13 12
90 12 11
91 15 12
91 12 8
91 8 7
91 7 6
91 6 4
91 4 3
91 3 2
91 2 1
91 1 0
91 6 5
91 12 11
91 11 10
91 10 9
91 15 14
91 14 13
92 16 15
92 15 0
92 15 14
92 14 13
92 13 11
92 11 10
92 10 7
92 7 6
92 6 4
92 4 1
92 4 3
92 3 2
92 6 5
92 10 9
92 9 8
92 13 12
93 14 13
93 13 12
93 12 7
93 7 6
93 6 4
93 4 3
93 3 2
93 2 1
93 1 0
93 6 5
93 12 11
93 11 8
93 11 10
93 10 9
94 16 15
94 15 14
94 14 13
94 13 12
94 12 11
94 11 9
94 9 7
94 7 0
94 7 6
94 6 5
94 5 4
94 4 3
94 3 1
94 3 2
94 9 8
94 11 10
95 18 15
95 15 0
95 15 14
95 14 13
95 13 12
95 12 11
95 11 2
95 2 1
95 11 10
95 10 6
95 6 5
95 5 4
95 4 3
95 10 9
95 9 7
95 9 8
95 18 17
95 17 16
96 16 15
96 15 14
96 14 13
96 13 2
96 2 0
96 2 1
96 13 12
96 12 5
96 5 3
96 5 4
96 12 11
96 11 6
96 11 10
96 10 9
96 9 8
96 8 7
97 16 14
97 14 13
97 13 11
97 11 10
97 10 8
97 8 0
97 8 7
97 7 5
97 5 1
97 5 4
97 4 3
97 3 2
97 7 6
97 10 9
97 13 12
97 16 15
98 17 16
98 16 15
98 15 14
98 14 0
98 14 13
98 13 1
98 13 12
98 12 6
98 6 5
98 5 3
98 3 2
98 5 4
98 12 11
98 11 9
98 9 7
98 9 8
98 11 10
99 18 13
99 13 12
99 12 8
99 8 4
99 4 2
99 2 1
99 1 0
99 4 3
99 8 7
99 7 6
99 6 5
99 12 11
99 11 9
99 11 10
99 18 17
99 17 15
99 15 14
99 17 16
100 16 15
100 15 10
100 10 8
100 8 7
100 7 4
100 4 1
100 1 0
100 4 3
100 3 2
100 7 6
100 6 5
100 10 9
100 15 14
100 14 11
100 14 13
100 13 12
101 18 17
101 17 14
101 14 13
101 13 1
101 1 0
101 13 12
101 12 2
101 12 11
101 11 4
101 4 3
101 11 10
101 10 5
101 10 9
101 9 6
101 9 8
101 8 7
101 17 16
101 16 15
