1 15 13
1 13 0
1 13 12
1 12 1
1 12 11
1 11 3
1 3 2
1 11 10
1 10 9
1 9 8
1 8 7
1 7 4
1 7 6
1 6 5
1 15 14
2 18 17
2 17 15
2 15 14
2 14 13
2 13 6
2 6 5
2 5 4
2 4 3
2 3 2
2 2 0
2 2 1
2 13 12
2 12 7
2 12 11
2 11 10
2 10 8
2 10 9
2 17 16
3 17 0
3 17 16
3 16 15
3 15 14
3 14 1
3 14 13
3 13 2
3 13 12
3 12 4
3 4 3
3 12 11
3 11 10
3 10 5
3 10 9
3 9 6
3 9 8
3 8 7
4 14 13
4 13 1
4 1 0
4 13 12
4 12 8
4 8 7
4 7 5
4 5 4
4 4 2
4 4 3
4 7 6
4 12 11
4 11 9
4 11 10
5 17 16
5 16 10
5 10 9
5 9 7
5 7 6
5 6 3
5 3 0
5 3 2
5 2 1
5 6 5
5 5 4
5 9 8
5 16 15
5 15 11
5 15 14
5 14 12
5 14 13
6 15 9
6 9 8
6 8 0
6 8 7
6 7 6
6 6 4
6 4 1
6 4 3
6 3 2
6 6 5
6 15 14
6 14 13
6 13 12
6 12 11
6 11 10
7 16 11
7 11 8
7 8 7
7 7 6
7 6 0
7 6 5
7 5 1
7 5 4
7 4 2
7 4 3
7 11 10
7 10 9
7 16 15
7 15 14
7 14 13
7 13 12
8 16 0
8 16 15
8 15 14
8 14 10
8 10 8
8 8 4
8 4 3
8 3 2
8 2 1
8 8 7
8 7 6
8 6 5
8 10 9
8 14 13
8 13 12
8 12 11
9 15 14
9 14 12
9 12 8
9 8 5
9 5 4
9 4 3
9 3 2
9 2 1
9 1 0
9 8 7
9 7 6
9 12 11
9 11 9
9 11 10
9 14 13
10 18 17
10 17 0
10 17 16
10 16 15
10 15 11
10 11 10
10 10 8
10 8 6
10 6 5
10 5 2
10 2 1
10 5 4
10 4 3
10 8 7
10 10 9
10 15 14
10 14 13
10 13 12
11 19 0
11 19 18
11 18 16
11 16 1
11 16 15
11 15 14
11 14 7
11 7 4
11 4 3
11 3 2
11 7 6
11 6 5
11 14 13
11 13 12
11 12 11
11 11 8
11 11 10
11 10 9
11 18 17
12 14 8
12 8 7
12 7 3
12 3 0
12 3 2
12 2 1
12 7 6
12 6 4
12 6 5
12 14 13
12 13 10
12 10 9
12 13 12
12 12 11
13 16 14
13 14 6
13 6 0
13 6 5
13 5 4
13 4 2
13 2 1
13 4 3
13 14 13
13 13 12
13 12 11
13 11 10
13 10 7
13 10 9
13 9 8
13 16 15
14 18 10
14 10 4
14 4 3
14 3 0
14 3 2
14 2 1
14 10 9
14 9 7
14 7 6
14 6 5
14 9 8
14 18 17
14 17 16
14 16 15
14 15 12
14 12 11
14 15 14
14 14 13
15 17 15
15 15 7
15 7 6
15 6 5
15 5 4
15 4 2
15 2 0
15 2 1
15 4 3
15 15 14
15 14 12
15 12 11
15 11 8
15 11 10
15 10 9
15 14 13
15 17 16
16 14 13
16 13 12
16 12 11
16 11 7
16 7 0
16 7 6
16 6 2
16 2 1
16 6 5
16 5 4
16 4 3
16 11 10
16 10 8
16 10 9
17 19 3
17 3 2
17 2 1
17 1 0
17 19 18
17 18 4
17 18 17
17 17 5
17 17 16
17 16 14
17 14 13
17 13 11
17 11 10
17 10 9
17 9 8
17 8 7
17 7 6
17 13 12
17 16 15
18 15 6
18 6 5
18 5 4
18 4 3
18 3 2
18 2 1
18 1 0
18 15 14
18 14 13
18 13 11
18 11 9
18 9 8
18 8 7
18 11 10
18 13 12
19 19 18
19 18 17
19 17 16
19 16 15
19 15 14
19 14 13
19 13 0
19 13 12
19 12 11
19 11 1
19 11 10
19 10 9
19 9 8
19 8 5
19 5 2
19 5 4
19 4 3
19 8 7
19 7 6
20 14 13
20 13 9
20 9 2
20 2 1
20 1 0
20 9 8
20 8 7
20 7 5
20 5 3
20 5 4
20 7 6
20 13 12
20 12 11
20 11 10
21 14 0
21 14 13
21 13 2
21 2 1
21 13 12
21 12 6
21 6 5
21 5 4
21 4 3
21 12 11
21 11 10
21 10 9
21 9 8
21 8 7
22 15 12
22 12 1
22 1 0
22 12 11
22 11 3
22 3 2
22 11 10
22 10 9
22 9 5
22 5 4
22 9 8
22 8 7
22 7 6
22 15 14
22 14 13
23 18 3
23 3 2
23 2 1
23 1 0
23 18 17
23 17 4
23 17 16
23 16 5
23 16 15
23 15 14
23 14 9
23 9 8
23 8 6
23 8 7
23 14 13
23 13 10
23 13 12
23 12 11
24 14 0
24 14 13
24 13 11
24 11 2
24 2 1
24 11 10
24 10 5
24 5 3
24 5 4
24 10 9
24 9 8
24 8 7
24 7 6
24 13 12
25 17 16
25 16 0
25 16 15
25 15 13
25 13 12
25 12 10
25 10 9
25 9 8
25 8 1
25 8 7
25 7 2
25 7 6
25 6 3
25 6 5
25 5 4
25 12 11
25 15 14
26 16 14
26 14 11
26 11 10
26 10 3
26 3 2
26 2 0
26 2 1
26 10 9
26 9 6
26 6 5
26 5 4
26 9 8
26 8 7
26 14 13
26 13 12
26 16 15
27 18 17
27 17 15
27 15 13
27 13 12
27 12 4
27 4 2
27 2 1
27 1 0
27 4 3
27 12 11
27 11 10
27 10 5
27 10 9
27 9 7
27 7 6
27 9 8
27 15 14
27 17 16
28 14 0
28 14 13
28 13 12
28 12 4
28 4 2
28 2 1
28 4 3
28 12 11
28 11 10
28 10 8
28 8 7
28 7 6
28 6 5
28 10 9
29 19 12
29 12 0
29 12 11
29 11 1
29 11 10
29 10 2
29 10 9
29 9 8
29 8 3
29 8 7
29 7 4
29 7 6
29 6 5
29 19 18
29 18 15
29 15 14
29 14 13
29 18 17
29 17 16
30 18 10
30 10 0
30 10 9
30 9 8
30 8 1
30 8 7
30 7 6
30 6 2
30 6 5
30 5 4
30 4 3
30 18 17
30 17 15
30 15 14
30 14 11
30 14 13
30 13 12
30 17 16
31 15 14
31 14 13
31 13 11
31 11 7
31 7 6
31 6 0
31 6 5
31 5 4
31 4 3
31 3 1
31 3 2
31 11 10
31 10 8
31 10 9
31 13 12
32 16 0
32 16 15
32 15 6
32 6 3
32 3 2
32 2 1
32 6 5
32 5 4
32 15 14
32 14 13
32 13 12
32 12 11
32 11 10
32 10 8
32 8 7
32 10 9
33 16 0
33 16 15
33 15 14
33 14 9
33 9 3
33 3 1
33 3 2
33 9 8
33 8 4
33 8 7
33 7 5
33 7 6
33 14 13
33 13 10
33 13 12
33 12 11
34 14 8
34 8 1
34 1 0
34 8 7
34 7 6
34 6 5
34 5 3
34 3 2
34 5 4
34 14 13
34 13 9
34 13 12
34 12 11
34 11 10
35 18 16
35 16 13
35 13 9
35 9 3
35 3 1
35 1 0
35 3 2
35 9 8
35 8 7
35 7 4
35 7 6
35 6 5
35 13 12
35 12 10
35 12 11
35 16 15
35 15 14
35 18 17
36 17 10
36 10 9
36 9 0
36 9 8
36 8 4
36 4 3
36 3 2
36 2 1
36 8 7
36 7 5
36 7 6
36 17 16
36 16 15
36 15 14
36 14 13
36 13 12
36 12 11
37 15 0
37 15 14
37 14 13
37 13 5
37 5 4
37 4 1
37 4 3
37 3 2
37 13 12
37 12 11
37 11 9
37 9 6
37 9 8
37 8 7
37 11 10
38 14 10
38 10 0
38 10 9
38 9 8
38 8 3
38 3 2
38 2 1
38 8 7
38 7 6
38 6 4
38 6 5
38 14 13
38 13 11
38 13 12
39 14 13
39 13 12
39 12 7
39 7 6
39 6 5
39 5 4
39 4 2
39 2 0
39 2 1
39 4 3
39 12 11
39 11 10
39 10 9
39 9 8
40 16 9
40 9 0
40 9 8
40 8 7
40 7 2
40 2 1
40 7 6
40 6 5
40 5 3
40 5 4
40 16 15
40 15 10
40 15 14
40 14 11
40 14 13
40 13 12
41 19 18
41 18 10
41 10 9
41 9 8
41 8 5
41 5 3
41 3 0
41 3 2
41 2 1
41 5 4
41 8 7
41 7 6
41 18 17
41 17 11
41 17 16
41 16 15
41 15 14
41 14 13
41 13 12
42 14 13
42 13 12
42 12 0
42 12 11
42 11 10
42 10 1
42 10 9
42 9 2
42 9 8
42 8 7
42 7 6
42 6 4
42 4 3
42 6 5
43 14 13
43 13 1
43 1 0
43 13 12
43 12 9
43 9 2
43 9 8
43 8 3
43 8 7
43 7 5
43 5 4
43 7 6
43 12 11
43 11 10
44 16 8
44 8 4
44 4 2
44 2 0
44 2 1
44 4 3
44 8 7
44 7 6
44 6 5
44 16 15
44 15 14
44 14 13
44 13 11
44 11 10
44 10 9
44 13 12
45 18 17
45 17 0
45 17 16
45 16 13
45 13 3
45 3 1
45 3 2
45 13 12
45 12 6
45 6 4
45 6 5
45 12 11
45 11 10
45 10 7
45 10 9
45 9 8
45 16 15
45 15 14
46 19 18
46 18 8
46 8 7
46 7 0
46 7 6
46 6 3
46 3 2
46 2 1
46 6 5
46 5 4
46 18 17
46 17 16
46 16 14
46 14 12
46 12 9
46 12 11
46 11 10
46 14 13
46 16 15
47 19 14
47 14 13
47 13 8
47 8 7
47 7 6
47 6 3
47 3 2
47 2 0
47 2 1
47 6 5
47 5 4
47 13 12
47 12 11
47 11 10
47 10 9
47 19 18
47 18 15
47 18 17
47 17 16
48 15 6
48 6 0
48 6 5
48 5 4
48 4 1
48 4 3
48 3 2
48 15 14
48 14 8
48 8 7
48 14 13
48 13 9
48 13 12
48 12 11
48 11 10
49 14 13
49 13 12
49 12 0
49 12 11
49 11 6
49 6 2
49 2 1
49 6 5
49 5 4
49 4 3
49 11 10
49 10 9
49 9 8
49 8 7
50 15 13
50 13 11
50 11 10
50 10 0
50 10 9
50 9 4
50 4 3
50 3 2
50 2 1
50 9 8
50 8 6
50 6 5
50 8 7
50 13 12
50 15 14
51 15 8
51 8 4
51 4 3
51 3 2
51 2 1
51 1 0
51 8 7
51 7 5
51 7 6
51 15 14
51 14 12
51 12 11
51 11 10
51 10 9
51 14 13
52 18 17
52 17 2
52 2 0
52 2 1
52 17 16
52 16 15
52 15 3
52 15 14
52 14 12
52 12 11
52 11 6
52 6 4
52 6 5
52 11 10
52 10 9
52 9 8
52 8 7
52 14 13
53 15 0
53 15 14
53 14 4
53 4 3
53 3 1
53 3 2
53 14 13
53 13 12
53 12 10
53 10 5
53 10 9
53 9 6
53 9 8
53 8 7
53 12 11
54 14 13
54 13 0
54 13 12
54 12 9
54 9 5
54 5 1
54 5 4
54 4 2
54 4 3
54 9 8
54 8 7
54 7 6
54 12 11
54 11 10
55 17 16
55 16 13
55 13 12
55 12 11
55 11 9
55 9 8
55 8 1
55 1 0
55 8 7
55 7 6
55 6 2
55 6 5
55 5 3
55 5 4
55 11 10
55 16 15
55 15 14
56 16 15
56 15 14
56 14 13
56 13 2
56 2 0
56 2 1
56 13 12
56 12 3
56 12 11
56 11 10
56 10 4
56 10 9
56 9 8
56 8 6
56 6 5
56 8 7
57 18 16
57 16 14
57 14 13
57 13 5
57 5 4
57 4 2
57 2 0
57 2 1
57 4 3
57 13 12
57 12 9
57 9 6
57 9 8
57 8 7
57 12 11
57 11 10
57 16 15
57 18 17
58 17 14
58 14 5
58 5 4
58 4 0
58 4 3
58 3 1
58 3 2
58 14 13
58 13 12
58 12 10
58 10 9
58 9 8
58 8 7
58 7 6
58 12 11
58 17 16
58 16 15
59 19 0
59 19 18
59 18 17
59 17 3
59 3 2
59 2 1
59 17 16
59 16 15
59 15 6
59 6 5
59 5 4
59 15 14
59 14 13
59 13 7
59 13 12
59 12 11
59 11 10
59 10 9
59 9 8
60 15 13
60 13 8
60 8 0
60 8 7
60 7 6
60 6 4
60 4 1
60 4 3
60 3 2
60 6 5
60 13 12
60 12 11
60 11 10
60 10 9
60 15 14
61 15 11
61 11 7
61 7 6
61 6 4
61 4 0
61 4 3
61 3 2
61 2 1
61 6 5
61 11 10
61 10 8
61 10 9
61 15 14
61 14 13
61 13 12
62 19 6
62 6 5
62 5 3
62 3 2
62 2 1
62 1 0
62 5 4
62 19 18
62 18 12
62 12 7
62 12 11
62 11 8
62 11 10
62 10 9
62 18 17
62 17 15
62 15 13
62 15 14
62 17 16
63 14 13
63 13 12
63 12 11
63 11 4
63 4 3
63 3 2
63 2 0
63 2 1
63 11 10
63 10 7
63 7 5
63 7 6
63 10 9
63 9 8
64 16 15
64 15 9
64 9 7
64 7 3
64 3 1
64 1 0
64 3 2
64 7 6
64 6 5
64 5 4
64 9 8
64 15 14
64 14 13
64 13 12
64 12 11
64 11 10
65 18 0
65 18 17
65 17 16
65 16 15
65 15 13
65 13 2
65 2 1
65 13 12
65 12 11
65 11 9
65 9 8
65 8 3
65 8 7
65 7 6
65 6 4
65 6 5
65 11 10
65 15 14
66 17 14
66 14 13
66 13 11
66 11 10
66 10 3
66 3 2
66 2 1
66 1 0
66 10 9
66 9 4
66 9 8
66 8 7
66 7 6
66 6 5
66 13 12
66 17 16
66 16 15
67 19 17
67 17 16
67 16 6
67 6 0
67 6 5
67 5 1
67 5 4
67 4 2
67 4 3
67 16 15
67 15 14
67 14 13
67 13 8
67 8 7
67 13 12
67 12 11
67 11 10
67 10 9
67 19 18
68 15 13
68 13 12
68 12 3
68 3 2
68 2 1
68 1 0
68 12 11
68 11 4
68 11 10
68 10 9
68 9 5
68 9 8
68 8 6
68 8 7
68 15 14
69 17 16
69 16 15
69 15 14
69 14 9
69 9 8
69 8 5
69 5 4
69 4 2
69 2 0
69 2 1
69 4 3
69 8 7
69 7 6
69 14 13
69 13 12
69 12 10
69 12 11
70 14 12
70 12 0
70 12 11
70 11 10
70 10 9
70 9 8
70 8 7
70 7 6
70 6 1
70 6 5
70 5 3
70 3 2
70 5 4
70 14 13
71 14 13
71 13 2
71 2 1
71 1 0
71 13 12
71 12 3
71 12 11
71 11 9
71 9 8
71 8 7
71 7 6
71 6 4
71 6 5
71 11 10
72 15 1
72 1 0
72 15 14
72 14 2
72 14 13
72 13 12
72 12 3
72 12 11
72 11 10
72 10 8
72 8 7
72 7 5
72 5 4
72 7 6
72 10 9
73 16 15
73 15 3
73 3 1
73 1 0
73 3 2
73 15 14
73 14 13
73 13 12
73 12 11
73 11 4
73 11 10
73 10 9
73 9 8
73 8 6
73 6 5
73 8 7
74 19 10
74 10 9
74 9 8
74 8 6
74 6 4
74 4 2
74 2 1
74 1 0
74 4 3
74 6 5
74 8 7
74 19 18
74 18 17
74 17 15
74 15 14
74 14 11
74 14 13
74 13 12
74 17 16
75 17 16
75 16 15
75 15 3
75 3 2
75 2 0
75 2 1
75 15 14
75 14 7
75 7 6
75 6 5
75 5 4
75 14 13
75 13 9
75 9 8
75 13 12
75 12 11
75 11 10
76 15 11
76 11 10
76 10 8
76 8 0
76 8 7
76 7 2
76 2 1
76 7 6
76 6 5
76 5 3
76 5 4
76 10 9
76 15 14
76 14 12
76 14 13
77 16 14
77 14 12
77 12 7
77 7 6
77 6 0
77 6 5
77 5 3
77 3 2
77 2 1
77 5 4
77 12 11
77 11 9
77 9 8
77 11 10
77 14 13
77 16 15
78 16 0
78 16 15
78 15 14
78 14 10
78 10 9
78 9 1
78 9 8
78 8 7
78 7 6
78 6 4
78 4 3
78 3 2
78 6 5
78 14 13
78 13 11
78 13 12
79 15 9
79 9 2
79 2 0
79 2 1
79 9 8
79 8 3
79 8 7
79 7 4
79 7 6
79 6 5
79 15 14
79 14 11
79 11 10
79 14 13
79 13 12
80 19 18
80 18 0
80 18 17
80 17 1
80 17 16
80 16 15
80 15 14
80 14 6
80 6 5
80 5 4
80 4 2
80 4 3
80 14 13
80 13 8
80 8 7
80 13 12
80 12 10
80 10 9
80 12 11
81 18 17
81 17 16
81 16 14
81 14 1
81 1 0
81 14 13
81 13 12
81 12 2
81 12 11
81 11 10
81 10 9
81 9 8
81 8 7
81 7 6
81 6 4
81 4 3
81 6 5
81 16 15
82 18 3
82 3 2
82 2 0
82 2 1
82 18 17
82 17 9
82 9 8
82 8 4
82 8 7
82 7 6
82 6 5
82 17 16
82 16 15
82 15 14
82 14 10
82 14 13
82 13 11
82 13 12
83 16 3
83 3 0
83 3 2
83 2 1
83 16 15
83 15 4
83 15 14
83 14 6
83 6 5
83 14 13
83 13 10
83 10 9
83 9 8
83 8 7
83 13 12
83 12 11
84 16 15
84 15 14
84 14 13
84 13 12
84 12 9
84 9 8
84 8 1
84 1 0
84 8 7
84 7 2
84 7 6
84 6 3
84 6 5
84 5 4
84 12 11
84 11 10
85 19 17
85 17 16
85 16 13
85 13 12
85 12 11
85 11 9
85 9 8
85 8 1
85 1 0
85 8 7
85 7 6
85 6 4
85 4 2
85 4 3
85 6 5
85 11 10
85 16 15
85 15 14
85 19 18
86 16 14
86 14 12
86 12 11
86 11 10
86 10 9
86 9 3
86 3 0
86 3 2
86 2 1
86 9 8
86 8 6
86 6 4
86 6 5
86 8 7
86 14 13
86 16 15
87 14 11
87 11 10
87 10 8
87 8 7
87 7 0
87 7 6
87 6 5
87 5 4
87 4 1
87 4 3
87 3 2
87 10 9
87 14 13
87 13 12
88 15 1
88 1 0
88 15 14
88 14 6
88 6 5
88 5 3
88 3 2
88 5 4
88 14 13
88 13 10
88 10 8
88 8 7
88 10 9
88 13 12
88 12 11
89 18 17
89 17 4
89 4 3
89 3 2
89 2 0
89 2 1
89 17 16
89 16 7
89 7 5
89 7 6
89 16 15
89 15 14
89 14 8
89 14 13
89 13 9
89 13 12
89 12 11
89 11 10
90 14 7
90 7 6
90 6 3
90 3 1
90 1 0
90 3 2
90 6 5
90 5 4
90 14 13
90 13 10
90 10 8
90 10 9
90 13 12
90 12 11
91 14 13
91 13 0
91 13 12
91 12 1
91 12 11
91 11 10
91 10 9
91 9 8
91 8 2
91 8 7
91 7 6
91 6 3
91 6 5
91 5 4
92 17 15
92 15 1
92 1 0
92 15 14
92 14 13
92 13 2
92 13 12
92 12 11
92 11 10
92 10 9
92 9 7
92 7 4
92 4 3
92 7 6
92 6 5
92 9 8
92 17 16
93 18 17
93 17 3
93 3 2
93 2 1
93 1 0
93 17 16
93 16 7
93 7 6
93 6 4
93 6 5
93 16 15
93 15 8
93 15 14
93 14 12
93 12 11
93 11 10
93 10 9
93 14 13
94 14 2
94 2 1
94 1 0
94 14 13
94 13 11
94 11 7
94 7 5
94 5 3
94 5 4
94 7 6
94 11 10
94 10 8
94 10 9
94 13 12
95 18 1
95 1 0
95 18 17
95 17 16
95 16 2
95 16 15
95 15 14
95 14 13
95 13 11
95 11 3
95 11 10
95 10 9
95 9 5
95 5 4
95 9 8
95 8 7
95 7 6
95 13 12
96 14 6
96 6 5
96 5 1
96 1 0
96 5 4
96 4 2
96 4 3
96 14 13
96 13 11
96 11 9
96 9 8
96 8 7
96 11 10
96 13 12
97 14 13
97 13 4
97 4 3
97 3 0
97 3 2
97 2 1
97 13 12
97 12 5
97 12 11
97 11 9
97 9 7
97 7 6
97 9 8
97 11 10
98 19 18
98 18 0
98 18 17
98 17 3
98 3 2
98 2 1
98 17 16
98 16 15
98 15 13
98 13 5
98 5 4
98 13 12
98 12 11
98 11 6
98 11 10
98 10 9
98 9 8
98 8 7
98 15 14
99 19 15
99 15 1
99 1 0
99 15 14
99 14 2
99 14 13
99 13 8
99 8 6
99 6 4
99 4 3
99 6 5
99 8 7
99 13 12
99 12 9
99 12 11
99 11 10
99 19 18
99 18 16
99 18 17
100 14 0
100 14 13
100 13 12
100 12 1
100 12 11
100 11 10
100 10 9
100 9 8
100 8 5
100 5 4
100 4 2
100 4 3
100 8 7
100 7 6
101 18 17
101 17 16
101 16 2
101 2 1
101 1 0
101 16 15
101 15 14
101 14 4
101 4 3
101 14 13
101 13 12
101 12 10
101 10 9
101 9 8
101 8 6
101 6 5
101 8 7
101 12 11
