1 16 15
1 15 14
1 14 12
1 12 8
1 8 0
1 8 7
1 7 6
1 6 1
1 6 5
1 5 4
1 4 2
1 4 3
1 12 11
1 11 10
1 10 9
1 14 13
2 14 13
2 13 12
2 12 0
2 12 11
2 11 10
2 10 9
2 9 8
2 8 6
2 6 1
2 6 5
2 5 4
2 4 3
2 3 2
2 8 7
3 14 4
3 4 1
3 1 0
3 4 3
3 3 2
3 14 13
3 13 12
3 12 8
3 8 7
3 7 5
3 7 6
3 12 11
3 11 9
3 11 10
4 16 11
4 11 10
4 10 9
4 9 0
4 9 8
4 8 6
4 6 4
4 4 1
4 4 3
4 3 2
4 6 5
4 8 7
4 16 15
4 15 13
4 13 12
4 15 14
5 19 1
5 1 0
5 19 18
5 18 17
5 17 3
5 3 2
5 17 16
5 16 14
5 14 13
5 13 4
5 13 12
5 12 6
5 6 5
5 12 11
5 11 9
5 9 7
5 9 8
5 11 10
5 16 15
6 19 18
6 18 13
6 13 1
6 1 0
6 13 12
6 12 8
6 8 5
6 5 2
6 5 4
6 4 3
6 8 7
6 7 6
6 12 11
6 11 9
6 11 10
6 18 17
6 17 14
6 17 16
6 16 15
7 18 0
7 18 17
7 17 1
7 17 16
7 16 15
7 15 14
7 14 9
7 9 8
7 8 7
7 7 6
7 6 5
7 5 2
7 5 4
7 4 3
7 14 13
7 13 10
7 13 12
7 12 11
8 14 11
8 11 8
8 8 6
8 6 4
8 4 3
8 3 0
8 3 2
8 2 1
8 6 5
8 8 7
8 11 10
8 10 9
8 14 13
8 13 12
9 14 12
9 12 10
9 10 9
9 9 7
9 7 6
9 6 5
9 5 1
9 1 0
9 5 4
9 4 2
9 4 3
9 9 8
9 12 11
9 14 13
10 15 6
10 6 1
10 1 0
10 6 5
10 5 4
10 4 2
10 4 3
10 15 14
10 14 12
10 12 7
10 12 11
10 11 10
10 10 8
10 10 9
10 14 13
11 15 6
11 6 4
11 4 2
11 2 1
11 1 0
11 4 3
11 6 5
11 15 14
11 14 13
11 13 11
11 11 7
11 11 10
11 10 8
11 10 9
11 13 12
12 14 11
12 11 0
12 11 10
12 10 5
12 5 4
12 4 2
12 2 1
12 4 3
12 10 9
12 9 6
12 9 8
12 8 7
12 14 13
12 13 12
13 16 14
13 14 0
13 14 13
13 13 2
13 2 1
13 13 12
13 12 3
13 12 11
13 11 7
13 7 5
13 5 4
13 7 6
13 11 10
13 10 8
13 10 9
13 16 15
14 18 11
14 11 10
14 10 8
14 8 0
14 8 7
14 7 2
14 2 1
14 7 6
14 6 4
14 4 3
14 6 5
14 10 9
14 18 17
14 17 16
14 16 14
14 14 12
14 14 13
14 16 15
15 17 16
15 16 0
15 16 15
15 15 5
15 5 2
15 2 1
15 5 4
15 4 3
15 15 14
15 14 13
15 13 9
15 9 7
15 7 6
15 9 8
15 13 12
15 12 10
15 12 11
16 16 0
16 16 15
16 15 4
16 4 2
16 2 1
16 4 3
16 15 14
16 14 13
16 13 9
16 9 8
16 8 7
16 7 6
16 6 5
16 13 12
16 12 10
16 12 11
17 15 14
17 14 6
17 6 5
17 5 2
17 2 0
17 2 1
17 5 4
17 4 3
17 14 13
17 13 10
17 10 9
17 9 7
17 9 8
17 13 12
17 12 11
18 18 7
18 7 3
18 3 1
18 1 0
18 3 2
18 7 6
18 6 4
18 6 5
18 18 17
18 17 14
18 14 12
18 12 10
18 10 9
18 9 8
18 12 11
18 14 13
18 17 16
18 16 15
19 19 9
19 9 8
19 8 2
19 2 1
19 1 0
19 8 7
19 7 6
19 6 3
19 6 5
19 5 4
19 19 18
19 18 17
19 17 10
19 17 16
19 16 15
19 15 14
19 14 13
19 13 12
19 12 11
20 14 2
20 2 1
20 1 0
20 14 13
20 13 11
20 11 10
20 10 9
20 9 6
20 6 5
20 5 4
20 4 3
20 9 8
20 8 7
20 13 12
21 15 14
21 14 2
21 2 0
21 2 1
21 14 13
21 13 3
21 13 12
21 12 7
21 7 6
21 6 4
21 6 5
21 12 11
21 11 10
21 10 9
21 9 8
22 17 16
22 16 1
22 1 0
22 16 15
22 15 14
22 14 11
22 11 10
22 10 9
22 9 7
22 7 6
22 6 5
22 5 3
22 3 2
22 5 4
22 9 8
22 14 13
22 13 12
23 17 7
23 7 6
23 6 5
23 5 3
23 3 2
23 2 1
23 1 0
23 5 4
23 17 16
23 16 14
23 14 13
23 13 12
23 12 10
23 10 8
23 10 9
23 12 11
23 16 15
24 17 16
24 16 12
24 12 0
24 12 11
24 11 1
24 11 10
24 10 2
24 10 9
24 9 3
24 9 8
24 8 5
24 5 4
24 8 7
24 7 6
24 16 15
24 15 14
24 14 13
25 14 13
25 13 12
25 12 6
25 6 5
25 5 4
25 4 1
25 1 0
25 4 3
25 3 2
25 12 11
25 11 10
25 10 7
25 10 9
25 9 8
26 15 13
26 13 10
26 10 1
26 1 0
26 10 9
26 9 3
26 3 2
26 9 8
26 8 4
26 8 7
26 7 6
26 6 5
26 13 12
26 12 11
26 15 14
27 19 17
27 17 16
27 16 9
27 9 1
27 1 0
27 9 8
27 8 2
27 8 7
27 7 5
27 5 3
27 5 4
27 7 6
27 16 15
27 15 13
27 13 11
27 11 10
27 13 12
27 15 14
27 19 18
28 16 9
28 9 0
28 9 8
28 8 7
28 7 1
28 7 6
28 6 5
28 5 4
28 4 3
28 3 2
28 16 15
28 15 14
28 14 13
28 13 12
28 12 10
28 12 11
29 18 5
29 5 1
29 1 0
29 5 4
29 4 2
29 4 3
29 18 17
29 17 16
29 16 11
29 11 8
29 8 6
29 8 7
29 11 10
29 10 9
29 16 15
29 15 12
29 15 14
29 14 13
30 15 1
30 1 0
30 15 14
30 14 2
30 14 13
30 13 7
30 7 3
30 7 6
30 6 5
30 5 4
30 13 12
30 12 11
30 11 9
30 9 8
30 11 10
31 16 2
31 2 1
31 1 0
31 16 15
31 15 14
31 14 5
31 5 4
31 4 3
31 14 13
31 13 6
31 13 12
31 12 10
31 10 7
31 10 9
31 9 8
31 12 11
32 18 17
32 17 0
32 17 16
32 16 15
32 15 14
32 14 1
32 14 13
32 13 12
32 12 11
32 11 10
32 10 3
32 3 2
32 10 9
32 9 5
32 5 4
32 9 8
32 8 7
32 7 6
33 15 14
33 14 13
33 13 12
33 12 9
33 9 0
33 9 8
33 8 7
33 7 5
33 5 1
33 5 4
33 4 3
33 3 2
33 7 6
33 12 11
33 11 10
34 16 0
34 16 15
34 15 1
34 15 14
34 14 13
34 13 4
34 4 3
34 3 2
34 13 12
34 12 7
34 7 6
34 6 5
34 12 11
34 11 8
34 11 10
34 10 9
35 17 16
35 16 13
35 13 12
35 12 10
35 10 3
35 3 2
35 2 0
35 2 1
35 10 9
35 9 4
35 9 8
35 8 7
35 7 6
35 6 5
35 12 11
35 16 15
35 15 14
36 14 13
36 13 12
36 12 0
36 12 11
36 11 10
36 10 6
36 6 3
36 3 1
36 3 2
36 6 5
36 5 4
36 10 9
36 9 7
36 9 8
37 17 5
37 5 2
37 2 0
37 2 1
37 5 4
37 4 3
37 17 16
37 16 15
37 15 14
37 14 13
37 13 12
37 12 11
37 11 10
37 10 7
37 7 6
37 10 9
37 9 8
38 16 15
38 15 1
38 1 0
38 15 14
38 14 13
38 13 10
38 10 9
38 9 8
38 8 7
38 7 2
38 7 6
38 6 3
38 6 5
38 5 4
38 13 12
38 12 11
39 15 14
39 14 13
39 13 11
39 11 8
39 8 5
39 5 0
39 5 4
39 4 3
39 3 1
39 3 2
39 8 7
39 7 6
39 11 10
39 10 9
39 13 12
40 19 18
40 18 14
40 14 5
40 5 4
40 4 0
40 4 3
40 3 1
40 3 2
40 14 13
40 13 8
40 8 6
40 8 7
40 13 12
40 12 10
40 10 9
40 12 11
40 18 17
40 17 15
40 17 16
41 18 1
41 1 0
41 18 17
41 17 15
41 15 14
41 14 3
41 3 2
41 14 13
41 13 12
41 12 5
41 5 4
41 12 11
41 11 8
41 8 6
41 8 7
41 11 10
41 10 9
41 17 16
42 17 15
42 15 1
42 1 0
42 15 14
42 14 13
42 13 11
42 11 10
42 10 9
42 9 7
42 7 5
42 5 3
42 3 2
42 5 4
42 7 6
42 9 8
42 13 12
42 17 16
43 16 15
43 15 12
43 12 5
43 5 0
43 5 4
43 4 3
43 3 1
43 3 2
43 12 11
43 11 9
43 9 8
43 8 7
43 7 6
43 11 10
43 15 14
43 14 13
44 15 2
44 2 0
44 2 1
44 15 14
44 14 13
44 13 3
44 13 12
44 12 8
44 8 7
44 7 5
44 5 4
44 7 6
44 12 11
44 11 9
44 11 10
45 17 15
45 15 11
45 11 10
45 10 9
45 9 8
45 8 7
45 7 0
45 7 6
45 6 5
45 5 3
45 3 2
45 2 1
45 5 4
45 15 14
45 14 12
45 14 13
45 17 16
46 15 14
46 14 8
46 8 7
46 7 3
46 3 0
46 3 2
46 2 1
46 7 6
46 6 5
46 5 4
46 14 13
46 13 12
46 12 9
46 12 11
46 11 10
47 15 14
47 14 4
47 4 0
47 4 3
47 3 1
47 3 2
47 14 13
47 13 8
47 8 5
47 8 7
47 7 6
47 13 12
47 12 11
47 11 9
47 11 10
48 14 1
48 1 0
48 14 13
48 13 12
48 12 2
48 12 11
48 11 4
48 4 3
48 11 10
48 10 7
48 7 6
48 6 5
48 10 9
48 9 8
49 19 1
49 1 0
49 19 18
49 18 3
49 3 2
49 18 17
49 17 16
49 16 7
49 7 4
49 7 6
49 6 5
49 16 15
49 15 14
49 14 13
49 13 10
49 10 8
49 10 9
49 13 12
49 12 11
50 14 1
50 1 0
50 14 13
50 13 12
50 12 11
50 11 9
50 9 8
50 8 7
50 7 5
50 5 3
50 3 2
50 5 4
50 7 6
50 11 10
51 14 11
51 11 0
51 11 10
51 10 1
51 10 9
51 9 3
51 3 2
51 9 8
51 8 6
51 6 5
51 5 4
51 8 7
51 14 13
51 13 12
52 19 18
52 18 17
52 17 0
52 17 16
52 16 15
52 15 14
52 14 11
52 11 7
52 7 5
52 5 4
52 4 1
52 4 3
52 3 2
52 7 6
52 11 10
52 10 8
52 10 9
52 14 13
52 13 12
53 16 15
53 15 14
53 14 13
53 13 1
53 1 0
53 13 12
53 12 11
53 11 10
53 10 9
53 9 7
53 7 5
53 5 4
53 4 2
53 4 3
53 7 6
53 9 8
54 19 17
54 17 16
54 16 14
54 14 13
54 13 1
54 1 0
54 13 12
54 12 2
54 12 11
54 11 4
54 4 3
54 11 10
54 10 6
54 6 5
54 10 9
54 9 7
54 9 8
54 16 15
54 19 18
55 16 0
55 16 15
55 15 1
55 15 14
55 14 13
55 13 9
55 9 8
55 8 7
55 7 2
55 7 6
55 6 3
55 6 5
55 5 4
55 13 12
55 12 10
55 12 11
56 16 15
56 15 14
56 14 12
56 12 11
56 11 9
56 9 8
56 8 7
56 7 6
56 6 0
56 6 5
56 5 4
56 4 2
56 2 1
56 4 3
56 11 10
56 14 13
57 17 15
57 15 14
57 14 3
57 3 2
57 2 1
57 1 0
57 14 13
57 13 5
57 5 4
57 13 12
57 12 10
57 10 6
57 10 9
57 9 8
57 8 7
57 12 11
57 17 16
58 17 10
58 10 3
58 3 1
58 1 0
58 3 2
58 10 9
58 9 8
58 8 7
58 7 4
58 7 6
58 6 5
58 17 16
58 16 15
58 15 11
58 15 14
58 14 13
58 13 12
59 16 10
59 10 9
59 9 0
59 9 8
59 8 1
59 8 7
59 7 2
59 7 6
59 6 4
59 4 3
59 6 5
59 16 15
59 15 11
59 15 14
59 14 13
59 13 12
60 17 16
60 16 11
60 11 4
60 4 2
60 2 1
60 1 0
60 4 3
60 11 10
60 10 5
60 10 9
60 9 6
60 9 8
60 8 7
60 16 15
60 15 12
60 15 14
60 14 13
61 17 16
61 16 15
61 15 9
61 9 8
61 8 1
61 1 0
61 8 7
61 7 4
61 4 2
61 4 3
61 7 6
61 6 5
61 15 14
61 14 13
61 13 12
61 12 10
61 12 11
62 16 6
62 6 4
62 4 1
62 1 0
62 4 3
62 3 2
62 6 5
62 16 15
62 15 14
62 14 13
62 13 12
62 12 11
62 11 10
62 10 8
62 8 7
62 10 9
63 15 14
63 14 13
63 13 12
63 12 1
63 1 0
63 12 11
63 11 8
63 8 7
63 7 6
63 6 4
63 4 2
63 4 3
63 6 5
63 11 10
63 10 9
64 16 15
64 15 14
64 14 0
64 14 13
64 13 12
64 12 11
64 11 1
64 11 10
64 10 3
64 3 2
64 10 9
64 9 7
64 7 5
64 5 4
64 7 6
64 9 8
65 16 1
65 1 0
65 16 15
65 15 10
65 10 9
65 9 8
65 8 2
65 8 7
65 7 6
65 6 5
65 5 4
65 4 3
65 15 14
65 14 12
65 12 11
65 14 13
66 15 14
66 14 0
66 14 13
66 13 1
66 13 12
66 12 2
66 12 11
66 11 10
66 10 8
66 8 3
66 8 7
66 7 6
66 6 5
66 5 4
66 10 9
67 18 1
67 1 0
67 18 17
67 17 2
67 17 16
67 16 3
67 16 15
67 15 7
67 7 5
67 5 4
67 7 6
67 15 14
67 14 13
67 13 8
67 13 12
67 12 11
67 11 10
67 10 9
68 15 12
68 12 10
68 10 8
68 8 7
68 7 5
68 5 2
68 2 1
68 1 0
68 5 4
68 4 3
68 7 6
68 10 9
68 12 11
68 15 14
68 14 13
69 17 4
69 4 2
69 2 0
69 2 1
69 4 3
69 17 16
69 16 15
69 15 11
69 11 7
69 7 6
69 6 5
69 11 10
69 10 9
69 9 8
69 15 14
69 14 13
69 13 12
70 15 2
70 2 0
70 2 1
70 15 14
70 14 13
70 13 4
70 4 3
70 13 12
70 12 11
70 11 10
70 10 5
70 10 9
70 9 7
70 7 6
70 9 8
71 16 1
71 1 0
71 16 15
71 15 14
71 14 13
71 13 2
71 13 12
71 12 9
71 9 6
71 6 5
71 5 3
71 5 4
71 9 8
71 8 7
71 12 11
71 11 10
72 17 15
72 15 14
72 14 2
72 2 0
72 2 1
72 14 13
72 13 12
72 12 11
72 11 10
72 10 8
72 8 7
72 7 5
72 5 3
72 5 4
72 7 6
72 10 9
72 17 16
73 18 6
73 6 5
73 5 2
73 2 1
73 1 0
73 5 4
73 4 3
73 18 17
73 17 11
73 11 10
73 10 9
73 9 8
73 8 7
73 17 16
73 16 15
73 15 14
73 14 13
73 13 12
74 14 0
74 14 13
74 13 10
74 10 2
74 2 1
74 10 9
74 9 3
74 9 8
74 8 4
74 8 7
74 7 6
74 6 5
74 13 12
74 12 11
75 14 13
75 13 6
75 6 0
75 6 5
75 5 2
75 2 1
75 5 4
75 4 3
75 13 12
75 12 11
75 11 10
75 10 9
75 9 8
75 8 7
76 19 0
76 19 18
76 18 13
76 13 12
76 12 10
76 10 9
76 9 7
76 7 5
76 5 4
76 4 1
76 4 3
76 3 2
76 7 6
76 9 8
76 12 11
76 18 17
76 17 15
76 15 14
76 17 16
77 17 10
77 10 5
77 5 4
77 4 2
77 2 1
77 1 0
77 4 3
77 10 9
77 9 8
77 8 6
77 8 7
77 17 16
77 16 15
77 15 11
77 15 14
77 14 13
77 13 12
78 15 14
78 14 13
78 13 12
78 12 11
78 11 8
78 8 6
78 6 5
78 5 4
78 4 3
78 3 1
78 1 0
78 3 2
78 8 7
78 11 10
78 10 9
79 16 14
79 14 13
79 13 1
79 1 0
79 13 12
79 12 5
79 5 3
79 3 2
79 5 4
79 12 11
79 11 6
79 11 10
79 10 7
79 10 9
79 9 8
79 16 15
80 15 11
80 11 9
80 9 8
80 8 6
80 6 0
80 6 5
80 5 3
80 3 1
80 3 2
80 5 4
80 8 7
80 11 10
80 15 14
80 14 12
80 14 13
81 17 0
81 17 16
81 16 6
81 6 5
81 5 4
81 4 3
81 3 1
81 3 2
81 16 15
81 15 7
81 15 14
81 14 13
81 13 11
81 11 10
81 10 8
81 10 9
81 13 12
82 19 18
82 18 16
82 16 2
82 2 1
82 1 0
82 16 15
82 15 13
82 13 3
82 13 12
82 12 6
82 6 4
82 6 5
82 12 11
82 11 10
82 10 7
82 10 9
82 9 8
82 15 14
82 18 17
83 14 13
83 13 0
83 13 12
83 12 11
83 11 9
83 9 6
83 6 5
83 5 4
83 4 3
83 3 2
83 2 1
83 9 8
83 8 7
83 11 10
84 17 13
84 13 11
84 11 0
84 11 10
84 10 6
84 6 5
84 5 4
84 4 3
84 3 1
84 3 2
84 10 9
84 9 7
84 9 8
84 13 12
84 17 16
84 16 14
84 16 15
85 17 16
85 16 14
85 14 10
85 10 4
85 4 3
85 3 2
85 2 1
85 1 0
85 10 9
85 9 8
85 8 7
85 7 6
85 6 5
85 14 13
85 13 12
85 12 11
85 16 15
86 18 17
86 17 16
86 16 15
86 15 14
86 14 3
86 3 2
86 2 0
86 2 1
86 14 13
86 13 11
86 11 4
86 11 10
86 10 5
86 10 9
86 9 8
86 8 7
86 7 6
86 13 12
87 19 18
87 18 15
87 15 0
87 15 14
87 14 1
87 14 13
87 13 7
87 7 5
87 5 4
87 4 3
87 3 2
87 7 6
87 13 12
87 12 10
87 10 8
87 10 9
87 12 11
87 18 17
87 17 16
88 14 13
88 13 0
88 13 12
88 12 11
88 11 10
88 10 7
88 7 6
88 6 5
88 5 4
88 4 2
88 2 1
88 4 3
88 10 9
88 9 8
89 15 14
89 14 8
89 8 5
89 5 0
89 5 4
89 4 3
89 3 1
89 3 2
89 8 7
89 7 6
89 14 13
89 13 12
89 12 10
89 10 9
89 12 11
90 19 17
90 17 16
90 16 15
90 15 13
90 13 0
90 13 12
90 12 11
90 11 10
90 10 3
90 3 1
90 3 2
90 10 9
90 9 8
90 8 4
90 8 7
90 7 6
90 6 5
90 15 14
90 19 18
91 16 2
91 2 0
91 2 1
91 16 15
91 15 3
91 15 14
91 14 6
91 6 4
91 6 5
91 14 13
91 13 12
91 12 10
91 10 7
91 10 9
91 9 8
91 12 11
92 16 14
92 14 2
92 2 0
92 2 1
92 14 13
92 13 10
92 10 4
92 4 3
92 10 9
92 9 8
92 8 5
92 8 7
92 7 6
92 13 12
92 12 11
92 16 15
93 14 0
93 14 13
93 13 12
93 12 11
93 11 10
93 10 1
93 10 9
93 9 8
93 8 7
93 7 6
93 6 4
93 4 3
93 3 2
93 6 5
94 19 17
94 17 2
94 2 1
94 1 0
94 17 16
94 16 12
94 12 11
94 11 9
94 9 7
94 7 3
94 7 6
94 6 5
94 5 4
94 9 8
94 11 10
94 16 15
94 15 14
94 14 13
94 19 18
95 18 14
95 14 11
95 11 10
95 10 0
95 10 9
95 9 6
95 6 5
95 5 4
95 4 2
95 2 1
95 4 3
95 9 8
95 8 7
95 14 13
95 13 12
95 18 17
95 17 15
95 17 16
96 18 17
96 17 15
96 15 13
96 13 0
96 13 12
96 12 11
96 11 9
96 9 4
96 4 1
96 4 3
96 3 2
96 9 8
96 8 7
96 7 6
96 6 5
96 11 10
96 15 14
96 17 16
97 18 0
97 18 17
97 17 1
97 17 16
97 16 10
97 10 9
97 9 7
97 7 6
97 6 4
97 4 3
97 3 2
97 6 5
97 9 8
97 16 15
97 15 14
97 14 11
97 14 13
97 13 12
98 16 0
98 16 15
98 15 1
98 15 14
98 14 5
98 5 4
98 4 3
98 3 2
98 14 13
98 13 8
98 8 7
98 7 6
98 13 12
98 12 11
98 11 9
98 11 10
99 15 3
99 3 2
99 2 0
99 2 1
99 15 14
99 14 10
99 10 4
99 10 9
99 9 8
99 8 6
99 6 5
99 8 7
99 14 13
99 13 11
99 13 12
100 15 14
100 14 12
100 12 11
100 11 5
100 5 1
100 1 0
100 5 4
100 4 3
100 3 2
100 11 10
100 10 7
100 7 6
100 10 9
100 9 8
100 14 13
101 16 13
101 13 6
101 6 3
101 3 2
101 2 0
101 2 1
101 6 5
101 5 4
101 13 12
101 12 11
101 11 9
101 9 8
101 8 7
101 11 10
101 16 15
101 15 14
