1 14 12
1 12 6
1 6 0
1 6 5
1 5 1
1 5 4
1 4 3
1 3 2
1 12 11
1 11 10
1 10 7
1 10 9
1 9 8
1 14 13
2 17 0
2 17 16
2 16 4
2 4 3
2 3 1
2 3 2
2 16 15
2 15 14
2 14 5
2 14 13
2 13 6
2 13 12
2 12 11
2 11 7
2 11 10
2 10 8
2 10 9
3 14 1
3 1 0
3 14 13
3 13 2
3 13 12
3 12 7
3 7 6
3 6 3
3 6 5
3 5 4
3 12 11
3 11 8
3 11 10
3 10 9
4 16 0
4 16 15
4 15 1
4 15 14
4 14 12
4 12 11
4 11 5
4 5 2
4 5 4
4 4 3
4 11 10
4 10 9
4 9 8
4 8 6
4 8 7
4 14 13
5 16 6
5 6 4
5 4 1
5 1 0
5 4 3
5 3 2
5 6 5
5 16 15
5 15 14
5 14 13
5 13 8
5 8 7
5 13 12
5 12 11
5 11 9
5 11 10
6 18 0
6 18 17
6 17 16
6 16 14
6 14 13
6 13 1
6 13 12
6 12 3
6 3 2
6 12 11
6 11 6
6 6 5
6 5 4
6 11 10
6 10 7
6 10 9
6 9 8
6 16 15
7 16 15
7 15 7
7 7 0
7 7 6
7 6 5
7 5 1
7 5 4
7 4 3
7 3 2
7 15 14
7 14 10
7 10 8
7 10 9
7 14 13
7 13 12
7 12 11
8 15 14
8 14 12
8 12 4
8 4 0
8 4 3
8 3 2
8 2 1
8 12 11
8 11 7
8 7 6
8 6 5
8 11 10
8 10 9
8 9 8
8 14 13
9 17 15
9 15 0
9 15 14
9 14 3
9 3 2
9 2 1
9 14 13
9 13 12
9 12 4
9 12 11
9 11 9
9 9 8
9 8 7
9 7 5
9 7 6
9 11 10
9 17 16
10 17 12
10 12 10
10 10 0
10 10 9
10 9 1
10 9 8
10 8 4
10 4 2
10 4 3
10 8 7
10 7 6
10 6 5
10 12 11
10 17 16
10 16 14
10 14 13
10 16 15
11 18 13
11 13 12
11 12 11
11 11 9
11 9 5
11 5 4
11 4 0
11 4 3
11 3 2
11 2 1
11 9 8
11 8 6
11 8 7
11 11 10
11 18 17
11 17 14
11 17 16
11 16 15
12 15 13
12 13 10
12 10 6
12 6 4
12 4 3
12 3 0
12 3 2
12 2 1
12 6 5
12 10 9
12 9 8
12 8 7
12 13 12
12 12 11
12 15 14
13 18 17
13 17 16
13 16 15
13 15 11
13 11 10
13 10 8
13 8 0
13 8 7
13 7 6
13 6 1
13 6 5
13 5 4
13 4 3
13 3 2
13 10 9
13 15 14
13 14 13
13 13 12
14 17 1
14 1 0
14 17 16
14 16 14
14 14 2
14 14 13
14 13 12
14 12 10
14 10 3
14 10 9
14 9 6
14 6 5
14 5 4
14 9 8
14 8 7
14 12 11
14 16 15
15 15 8
15 8 2
15 2 0
15 2 1
15 8 7
15 7 3
15 7 6
15 6 4
15 6 5
15 15 14
15 14 12
15 12 9
15 12 11
15 11 10
15 14 13
16 15 14
16 14 13
16 13 12
16 12 9
16 9 3
16 3 2
16 2 0
16 2 1
16 9 8
16 8 7
16 7 6
16 6 5
16 5 4
16 12 11
16 11 10
17 15 14
17 14 6
17 6 4
17 4 0
17 4 3
17 3 1
17 3 2
17 6 5
17 14 13
17 13 12
17 12 9
17 9 8
17 8 7
17 12 11
17 11 10
18 16 14
18 14 7
18 7 6
18 6 0
18 6 5
18 5 3
18 3 1
18 3 2
18 5 4
18 14 13
18 13 12
18 12 10
18 10 8
18 10 9
18 12 11
18 16 15
19 19 0
19 19 18
19 18 1
19 18 17
19 17 16
19 16 4
19 4 3
19 3 2
19 16 15
19 15 5
19 15 14
19 14 13
19 13 11
19 11 10
19 10 7
19 7 6
19 10 9
19 9 8
19 13 12
20 16 15
20 15 0
20 15 14
20 14 13
20 13 11
20 11 10
20 10 9
20 9 8
20 8 7
20 7 3
20 3 2
20 2 1
20 7 6
20 6 4
20 6 5
20 13 12
21 14 13
21 13 4
21 4 3
21 3 2
21 2 0
21 2 1
21 13 12
21 12 11
21 11 10
21 10 8
21 8 6
21 6 5
21 8 7
21 10 9
22 17 11
22 11 9
22 9 6
22 6 4
22 4 3
22 3 0
22 3 2
22 2 1
22 6 5
22 9 8
22 8 7
22 11 10
22 17 16
22 16 12
22 16 15
22 15 13
22 15 14
23 15 14
23 14 13
23 13 1
23 1 0
23 13 12
23 12 11
23 11 10
23 10 4
23 4 3
23 3 2
23 10 9
23 9 8
23 8 6
23 6 5
23 8 7
24 15 12
24 12 0
24 12 11
24 11 9
24 9 6
24 6 5
24 5 4
24 4 2
24 2 1
24 4 3
24 9 8
24 8 7
24 11 10
24 15 14
24 14 13
25 14 13
25 13 0
25 13 12
25 12 11
25 11 1
25 11 10
25 10 7
25 7 3
25 3 2
25 7 6
25 6 5
25 5 4
25 10 9
25 9 8
26 17 12
26 12 11
26 11 10
26 10 9
26 9 2
26 2 0
26 2 1
26 9 8
26 8 7
26 7 6
26 6 5
26 5 4
26 4 3
26 17 16
26 16 15
26 15 13
26 15 14
27 19 18
27 18 17
27 17 14
27 14 13
27 13 12
27 12 11
27 11 10
27 10 0
27 10 9
27 9 1
27 9 8
27 8 7
27 7 2
27 7 6
27 6 3
27 6 5
27 5 4
27 17 16
27 16 15
28 16 11
28 11 10
28 10 9
28 9 2
28 2 1
28 1 0
28 9 8
28 8 6
28 6 5
28 5 4
28 4 3
28 8 7
28 16 15
28 15 13
28 13 12
28 15 14
29 15 14
29 14 0
29 14 13
29 13 7
29 7 3
29 3 2
29 2 1
29 7 6
29 6 4
29 6 5
29 13 12
29 12 11
29 11 8
29 11 10
29 10 9
30 14 12
30 12 11
30 11 7
30 7 6
30 6 5
30 5 3
30 3 1
30 1 0
30 3 2
30 5 4
30 11 10
30 10 8
30 10 9
30 14 13
31 19 17
31 17 4
31 4 0
31 4 3
31 3 2
31 2 1
31 17 16
31 16 5
31 16 15
31 15 9
31 9 8
31 8 7
31 7 6
31 15 14
31 14 11
31 11 10
31 14 13
31 13 12
31 19 18
32 15 0
32 15 14
32 14 13
32 13 12
32 12 11
32 11 10
32 10 8
32 8 7
32 7 2
32 2 1
32 7 6
32 6 5
32 5 3
32 5 4
32 10 9
33 15 14
33 14 10
33 10 8
33 8 7
33 7 5
33 5 4
33 4 1
33 1 0
33 4 3
33 3 2
33 7 6
33 10 9
33 14 13
33 13 11
33 13 12
34 18 5
34 5 2
34 2 0
34 2 1
34 5 4
34 4 3
34 18 17
34 17 12
34 12 11
34 11 10
34 10 8
34 8 7
34 7 6
34 10 9
34 17 16
34 16 15
34 15 13
34 15 14
35 15 8
35 8 7
35 7 5
35 5 4
35 4 3
35 3 2
35 2 1
35 1 0
35 7 6
35 15 14
35 14 13
35 13 12
35 12 11
35 11 10
35 10 9
36 14 13
36 13 0
36 13 12
36 12 8
36 8 6
36 6 5
36 5 3
36 3 1
36 3 2
36 5 4
36 8 7
36 12 11
36 11 9
36 11 10
37 17 1
37 1 0
37 17 16
37 16 14
37 14 13
37 13 6
37 6 5
37 5 3
37 3 2
37 5 4
37 13 12
37 12 8
37 8 7
37 12 11
37 11 10
37 10 9
37 16 15
38 14 10
38 10 5
38 5 4
38 4 3
38 3 1
38 1 0
38 3 2
38 10 9
38 9 8
38 8 6
38 8 7
38 14 13
38 13 12
38 12 11
39 18 17
39 17 16
39 16 15
39 15 0
39 15 14
39 14 8
39 8 2
39 2 1
39 8 7
39 7 6
39 6 4
39 4 3
39 6 5
39 14 13
39 13 12
39 12 9
39 12 11
39 11 10
40 17 15
40 15 6
40 6 5
40 5 4
40 4 3
40 3 0
40 3 2
40 2 1
40 15 14
40 14 13
40 13 11
40 11 7
40 11 10
40 10 8
40 10 9
40 13 12
40 17 16
41 18 15
41 15 14
41 14 12
41 12 1
41 1 0
41 12 11
41 11 9
41 9 8
41 8 2
41 8 7
41 7 3
41 7 6
41 6 4
41 6 5
41 11 10
41 14 13
41 18 17
41 17 16
42 17 6
42 6 5
42 5 4
42 4 2
42 2 0
42 2 1
42 4 3
42 17 16
42 16 8
42 8 7
42 16 15
42 15 12
42 12 9
42 12 11
42 11 10
42 15 14
42 14 13
43 14 6
43 6 2
43 2 1
43 1 0
43 6 5
43 5 4
43 4 3
43 14 13
43 13 12
43 12 7
43 12 11
43 11 9
43 9 8
43 11 10
44 19 18
44 18 0
44 18 17
44 17 2
44 2 1
44 17 16
44 16 3
44 16 15
44 15 13
44 13 12
44 12 11
44 11 10
44 10 7
44 7 4
44 7 6
44 6 5
44 10 9
44 9 8
44 15 14
45 15 14
45 14 4
45 4 3
45 3 2
45 2 1
45 1 0
45 14 13
45 13 11
45 11 10
45 10 8
45 8 5
45 8 7
45 7 6
45 10 9
45 13 12
46 16 1
46 1 0
46 16 15
46 15 8
46 8 7
46 7 2
46 7 6
46 6 5
46 5 3
46 5 4
46 15 14
46 14 9
46 14 13
46 13 10
46 13 12
46 12 11
47 14 12
47 12 11
47 11 9
47 9 0
47 9 8
47 8 7
47 7 1
47 7 6
47 6 2
47 6 5
47 5 4
47 4 3
47 11 10
47 14 13
48 15 12
48 12 7
48 7 0
48 7 6
48 6 1
48 6 5
48 5 3
48 3 2
48 5 4
48 12 11
48 11 10
48 10 8
48 10 9
48 15 14
48 14 13
49 14 5
49 5 0
49 5 4
49 4 1
49 4 3
49 3 2
49 14 13
49 13 11
49 11 7
49 7 6
49 11 10
49 10 8
49 10 9
49 13 12
50 14 13
50 13 7
50 7 6
50 6 4
50 4 0
50 4 3
50 3 2
50 2 1
50 6 5
50 13 12
50 12 10
50 10 8
50 10 9
50 12 11
51 19 17
51 17 15
51 15 8
51 8 7
51 7 5
51 5 0
51 5 4
51 4 2
51 2 1
51 4 3
51 7 6
51 15 14
51 14 10
51 10 9
51 14 13
51 13 11
51 13 12
51 17 16
51 19 18
52 18 17
52 17 0
52 17 16
52 16 14
52 14 10
52 10 9
52 9 7
52 7 1
52 7 6
52 6 3
52 3 2
52 6 5
52 5 4
52 9 8
52 14 13
52 13 11
52 13 12
52 16 15
53 17 16
53 16 12
53 12 4
53 4 2
53 2 0
53 2 1
53 4 3
53 12 11
53 11 9
53 9 6
53 6 5
53 9 8
53 8 7
53 11 10
53 16 15
53 15 13
53 15 14
54 16 6
54 6 4
54 4 0
54 4 3
54 3 2
54 2 1
54 6 5
54 16 15
54 15 14
54 14 13
54 13 12
54 12 11
54 11 9
54 9 8
54 8 7
54 11 10
55 15 14
55 14 10
55 10 7
55 7 0
55 7 6
55 6 5
55 5 2
55 2 1
55 5 4
55 4 3
55 10 9
55 9 8
55 14 13
55 13 11
55 13 12
56 19 17
56 17 16
56 16 15
56 15 0
56 15 14
56 14 3
56 3 1
56 3 2
56 14 13
56 13 10
56 10 9
56 9 8
56 8 7
56 7 4
56 7 6
56 6 5
56 13 12
56 12 11
56 19 18
57 17 15
57 15 13
57 13 2
57 2 1
57 1 0
57 13 12
57 12 3
57 12 11
57 11 4
57 11 10
57 10 7
57 7 5
57 7 6
57 10 9
57 9 8
57 15 14
57 17 16
58 19 12
58 12 3
58 3 2
58 2 1
58 1 0
58 12 11
58 11 8
58 8 7
58 7 6
58 6 5
58 5 4
58 11 10
58 10 9
58 19 18
58 18 17
58 17 16
58 16 14
58 14 13
58 16 15
59 18 17
59 17 15
59 15 13
59 13 12
59 12 11
59 11 10
59 10 7
59 7 6
59 6 5
59 5 0
59 5 4
59 4 3
59 3 1
59 3 2
59 10 9
59 9 8
59 15 14
59 17 16
60 19 12
60 12 8
60 8 7
60 7 0
60 7 6
60 6 4
60 4 2
60 2 1
60 4 3
60 6 5
60 12 11
60 11 10
60 10 9
60 19 18
60 18 15
60 15 13
60 15 14
60 18 17
60 17 16
61 15 14
61 14 9
61 9 8
61 8 7
61 7 4
61 4 0
61 4 3
61 3 1
61 3 2
61 7 6
61 6 5
61 14 13
61 13 10
61 13 12
61 12 11
62 16 9
62 9 1
62 1 0
62 9 8
62 8 5
62 5 2
62 5 4
62 4 3
62 8 7
62 7 6
62 16 15
62 15 14
62 14 12
62 12 11
62 11 10
62 14 13
63 18 0
63 18 17
63 17 16
63 16 15
63 15 2
63 2 1
63 15 14
63 14 13
63 13 12
63 12 10
63 10 9
63 9 8
63 8 7
63 7 6
63 6 3
63 6 5
63 5 4
63 12 11
64 19 18
64 18 12
64 12 11
64 11 0
64 11 10
64 10 5
64 5 1
64 5 4
64 4 2
64 4 3
64 10 9
64 9 7
64 7 6
64 9 8
64 18 17
64 17 16
64 16 15
64 15 13
64 15 14
65 18 17
65 17 0
65 17 16
65 16 3
65 3 1
65 3 2
65 16 15
65 15 6
65 6 4
65 6 5
65 15 14
65 14 8
65 8 7
65 14 13
65 13 12
65 12 11
65 11 10
65 10 9
66 15 7
66 7 5
66 5 4
66 4 3
66 3 1
66 1 0
66 3 2
66 7 6
66 15 14
66 14 13
66 13 12
66 12 8
66 12 11
66 11 10
66 10 9
67 18 10
67 10 8
67 8 5
67 5 4
67 4 1
67 1 0
67 4 3
67 3 2
67 8 7
67 7 6
67 10 9
67 18 17
67 17 15
67 15 14
67 14 13
67 13 12
67 12 11
67 17 16
68 16 11
68 11 0
68 11 10
68 10 8
68 8 7
68 7 6
68 6 2
68 2 1
68 6 5
68 5 3
68 5 4
68 10 9
68 16 15
68 15 14
68 14 12
68 14 13
69 15 14
69 14 13
69 13 12
69 12 10
69 10 7
69 7 6
69 6 4
69 4 3
69 3 2
69 2 0
69 2 1
69 6 5
69 10 9
69 9 8
69 12 11
70 15 14
70 14 13
70 13 12
70 12 11
70 11 10
70 10 9
70 9 0
70 9 8
70 8 7
70 7 1
70 7 6
70 6 5
70 5 4
70 4 3
70 3 2
71 17 0
71 17 16
71 16 1
71 16 15
71 15 14
71 14 10
71 10 9
71 9 8
71 8 2
71 8 7
71 7 5
71 5 3
71 5 4
71 7 6
71 14 13
71 13 11
71 13 12
72 19 15
72 15 14
72 14 3
72 3 1
72 1 0
72 3 2
72 14 13
72 13 4
72 13 12
72 12 5
72 12 11
72 11 10
72 10 6
72 10 9
72 9 7
72 9 8
72 19 18
72 18 16
72 18 17
73 14 13
73 13 12
73 12 11
73 11 10
73 10 1
73 1 0
73 10 9
73 9 2
73 9 8
73 8 6
73 6 5
73 5 3
73 5 4
73 8 7
74 15 14
74 14 12
74 12 1
74 1 0
74 12 11
74 11 3
74 3 2
74 11 10
74 10 7
74 7 4
74 7 6
74 6 5
74 10 9
74 9 8
74 14 13
75 14 11
75 11 1
75 1 0
75 11 10
75 10 6
75 6 3
75 3 2
75 6 5
75 5 4
75 10 9
75 9 7
75 9 8
75 14 13
75 13 12
76 15 0
76 15 14
76 14 9
76 9 3
76 3 2
76 2 1
76 9 8
76 8 4
76 8 7
76 7 5
76 7 6
76 14 13
76 13 11
76 11 10
76 13 12
77 16 15
77 15 0
77 15 14
77 14 13
77 13 2
77 2 1
77 13 12
77 12 11
77 11 10
77 10 9
77 9 3
77 9 8
77 8 7
77 7 4
77 7 6
77 6 5
78 18 15
78 15 11
78 11 2
78 2 1
78 1 0
78 11 10
78 10 6
78 6 5
78 5 3
78 5 4
78 10 9
78 9 8
78 8 7
78 15 14
78 14 12
78 14 13
78 18 17
78 17 16
79 16 15
79 15 0
79 15 14
79 14 1
79 14 13
79 13 3
79 3 2
79 13 12
79 12 6
79 6 5
79 5 4
79 12 11
79 11 10
79 10 9
79 9 7
79 9 8
80 14 13
80 13 11
80 11 10
80 10 7
80 7 5
80 5 0
80 5 4
80 4 1
80 4 3
80 3 2
80 7 6
80 10 9
80 9 8
80 13 12
81 18 17
81 17 14
81 14 12
81 12 4
81 4 2
81 2 1
81 1 0
81 4 3
81 12 11
81 11 10
81 10 9
81 9 8
81 8 5
81 8 7
81 7 6
81 14 13
81 17 16
81 16 15
82 17 15
82 15 14
82 14 13
82 13 12
82 12 11
82 11 10
82 10 0
82 10 9
82 9 8
82 8 4
82 4 3
82 3 2
82 2 1
82 8 7
82 7 6
82 6 5
82 17 16
83 15 3
83 3 2
83 2 1
83 1 0
83 15 14
83 14 4
83 14 13
83 13 12
83 12 11
83 11 10
83 10 7
83 7 6
83 6 5
83 10 9
83 9 8
84 18 17
84 17 6
84 6 4
84 4 0
84 4 3
84 3 1
84 3 2
84 6 5
84 17 16
84 16 7
84 16 15
84 15 9
84 9 8
84 15 14
84 14 12
84 12 10
84 12 11
84 14 13
85 16 15
85 15 11
85 11 2
85 2 0
85 2 1
85 11 10
85 10 3
85 10 9
85 9 7
85 7 6
85 6 4
85 6 5
85 9 8
85 15 14
85 14 13
85 13 12
86 15 0
86 15 14
86 14 2
86 2 1
86 14 13
86 13 12
86 12 11
86 11 3
86 11 10
86 10 8
86 8 4
86 8 7
86 7 6
86 6 5
86 10 9
87 15 2
87 2 1
87 1 0
87 15 14
87 14 3
87 14 13
87 13 5
87 5 4
87 13 12
87 12 10
87 10 6
87 10 9
87 9 8
87 8 7
87 12 11
88 15 8
88 8 6
88 6 5
88 5 4
88 4 3
88 3 2
88 2 1
88 1 0
88 8 7
88 15 14
88 14 12
88 12 10
88 10 9
88 12 11
88 14 13
89 19 18
89 18 4
89 4 3
89 3 2
89 2 1
89 1 0
89 18 17
89 17 5
89 17 16
89 16 14
89 14 12
89 12 10
89 10 7
89 7 6
89 10 9
89 9 8
89 12 11
89 14 13
89 16 15
90 16 14
90 14 7
90 7 6
90 6 5
90 5 0
90 5 4
90 4 3
90 3 2
90 2 1
90 14 13
90 13 8
90 13 12
90 12 11
90 11 10
90 10 9
90 16 15
91 17 16
91 16 15
91 15 13
91 13 0
91 13 12
91 12 11
91 11 9
91 9 8
91 8 3
91 3 1
91 3 2
91 8 7
91 7 6
91 6 5
91 5 4
91 11 10
91 15 14
92 17 8
92 8 6
92 6 2
92 2 1
92 1 0
92 6 5
92 5 4
92 4 3
92 8 7
92 17 16
92 16 12
92 12 11
92 11 10
92 10 9
92 16 15
92 15 13
92 15 14
93 14 9
93 9 8
93 8 0
93 8 7
93 7 4
93 4 3
93 3 1
93 3 2
93 7 6
93 6 5
93 14 13
93 13 12
93 12 10
93 12 11
94 17 15
94 15 14
94 14 11
94 11 6
94 6 0
94 6 5
94 5 1
94 5 4
94 4 3
94 3 2
94 11 10
94 10 9
94 9 7
94 9 8
94 14 13
94 13 12
94 17 16
95 14 3
95 3 0
95 3 2
95 2 1
95 14 13
95 13 6
95 6 4
95 6 5
95 13 12
95 12 10
95 10 8
95 8 7
95 10 9
95 12 11
96 16 13
96 13 12
96 12 10
96 10 0
96 10 9
96 9 2
96 2 1
96 9 8
96 8 3
96 8 7
96 7 6
96 6 5
96 5 4
96 12 11
96 16 15
96 15 14
97 16 15
97 15 14
97 14 13
97 13 12
97 12 8
97 8 3
97 3 0
97 3 2
97 2 1
97 8 7
97 7 6
97 6 5
97 5 4
97 12 11
97 11 9
97 11 10
98 15 14
98 14 0
98 14 13
98 13 12
98 12 11
98 11 10
98 10 9
98 9 1
98 9 8
98 8 6
98 6 5
98 5 2
98 5 4
98 4 3
98 8 7
99 14 13
99 13 1
99 1 0
99 13 12
99 12 9
99 9 8
99 8 4
99 4 2
99 4 3
99 8 7
99 7 6
99 6 5
99 12 11
99 11 10
100 19 18
100 18 17
100 17 14
100 14 13
100 13 0
100 13 12
100 12 6
100 6 5
100 5 3
100 3 2
100 2 1
100 5 4
100 12 11
100 11 10
100 10 9
100 9 8
100 8 7
100 17 16
100 16 15
101 18 17
101 17 16
101 16 15
101 15 1
101 1 0
101 15 14
101 14 13
101 13 3
101 3 2
101 13 12
101 12 11
101 11 4
101 11 10
101 10 9
101 9 8
101 8 7
101 7 6
101 6 5
