1 14 2
1 2 0
1 2 1
1 14 13
1 13 12
1 12 3
1 12 11
1 11 10
1 10 9
1 9 8
1 8 6
1 6 5
1 5 4
1 8 7
2 14 12
2 12 11
2 11 8
2 8 3
2 3 2
2 2 0
2 2 1
2 8 7
2 7 5
2 5 4
2 7 6
2 11 10
2 10 9
2 14 13
3 16 14
3 14 13
3 13 11
3 11 8
3 8 2
3 2 1
3 1 0
3 8 7
3 7 3
3 7 6
3 6 4
3 6 5
3 11 10
3 10 9
3 13 12
3 16 15
4 15 14
4 14 13
4 13 0
4 13 12
4 12 2
4 2 1
4 12 11
4 11 8
4 8 7
4 7 5
4 5 4
4 4 3
4 7 6
4 11 10
4 10 9
5 15 0
5 15 14
5 14 1
5 14 13
5 13 5
5 5 3
5 3 2
5 5 4
5 13 12
5 12 11
5 11 8
5 8 7
5 7 6
5 11 10
5 10 9
6 15 14
6 14 0
6 14 13
6 13 11
6 11 2
6 2 1
6 11 10
6 10 8
6 8 7
6 7 6
6 6 3
6 6 5
6 5 4
6 10 9
6 13 12
7 17 16
7 16 3
7 3 1
7 1 0
7 3 2
7 16 15
7 15 4
7 15 14
7 14 7
7 7 6
7 6 5
7 14 13
7 13 11
7 11 9
7 9 8
7 11 10
7 13 12
8 19 0
8 19 18
8 18 17
8 17 16
8 16 3
8 3 1
8 3 2
8 16 15
8 15 14
8 14 13
8 13 12
8 12 5
8 5 4
8 12 11
8 11 10
8 10 7
8 7 6
8 10 9
8 9 8
9 14 4
9 4 2
9 2 0
9 2 1
9 4 3
9 14 13
9 13 12
9 12 6
9 6 5
9 12 11
9 11 7
9 11 10
9 10 9
9 9 8
10 18 17
10 17 6
10 6 5
10 5 4
10 4 3
10 3 2
10 2 0
10 2 1
10 17 16
10 16 14
10 14 11
10 11 10
10 10 9
10 9 8
10 8 7
10 14 13
10 13 12
10 16 15
11 17 16
11 16 14
11 14 13
11 13 12
11 12 11
11 11 10
11 10 8
11 8 0
11 8 7
11 7 6
11 6 5
11 5 4
11 4 3
11 3 1
11 3 2
11 10 9
11 16 15
12 14 13
12 13 0
12 13 12
12 12 9
12 9 8
12 8 5
12 5 3
12 3 1
12 3 2
12 5 4
12 8 7
12 7 6
12 12 11
12 11 10
13 14 13
13 13 12
13 12 11
13 11 10
13 10 8
13 8 7
13 7 6
13 6 0
13 6 5
13 5 3
13 3 1
13 3 2
13 5 4
13 10 9
14 18 0
14 18 17
14 17 16
14 16 4
14 4 2
14 2 1
14 4 3
14 16 15
14 15 13
14 13 12
14 12 5
14 12 11
14 11 9
14 9 8
14 8 6
14 8 7
14 11 10
14 15 14
15 14 12
15 12 2
15 2 0
15 2 1
15 12 11
15 11 9
15 9 7
15 7 5
15 5 3
15 5 4
15 7 6
15 9 8
15 11 10
15 14 13
16 18 12
16 12 11
16 11 10
16 10 7
16 7 4
16 4 3
16 3 1
16 1 0
16 3 2
16 7 6
16 6 5
16 10 9
16 9 8
16 18 17
16 17 13
16 17 16
16 16 15
16 15 14
17 14 13
17 13 10
17 10 9
17 9 6
17 6 5
17 5 4
17 4 0
17 4 3
17 3 1
17 3 2
17 9 8
17 8 7
17 13 12
17 12 11
18 15 14
18 14 0
18 14 13
18 13 5
18 5 3
18 3 1
18 3 2
18 5 4
18 13 12
18 12 11
18 11 10
18 10 9
18 9 8
18 8 6
18 8 7
19 17 16
19 16 12
19 12 11
19 11 10
19 10 1
19 1 0
19 10 9
19 9 8
19 8 3
19 3 2
19 8 7
19 7 4
19 7 6
19 6 5
19 16 15
19 15 13
19 15 14
20 18 3
20 3 1
20 1 0
20 3 2
20 18 17
20 17 16
20 16 15
20 15 4
20 15 14
20 14 7
20 7 5
20 7 6
20 14 13
20 13 11
20 11 10
20 10 8
20 10 9
20 13 12
21 17 16
21 16 14
21 14 12
21 12 1
21 1 0
21 12 11
21 11 5
21 5 4
21 4 2
21 4 3
21 11 10
21 10 6
21 10 9
21 9 8
21 8 7
21 14 13
21 16 15
22 17 15
22 15 0
22 15 14
22 14 13
22 13 12
22 12 11
22 11 8
22 8 5
22 5 3
22 3 1
22 3 2
22 5 4
22 8 7
22 7 6
22 11 10
22 10 9
22 17 16
23 19 2
23 2 0
23 2 1
23 19 18
23 18 14
23 14 13
23 13 11
23 11 10
23 10 8
23 8 7
23 7 6
23 6 4
23 4 3
23 6 5
23 10 9
23 13 12
23 18 17
23 17 15
23 17 16
24 14 8
24 8 7
24 7 4
24 4 1
24 1 0
24 4 3
24 3 2
24 7 6
24 6 5
24 14 13
24 13 11
24 11 9
24 11 10
24 13 12
25 19 18
25 18 14
25 14 0
25 14 13
25 13 1
25 13 12
25 12 2
25 12 11
25 11 10
25 10 9
25 9 8
25 8 7
25 7 3
25 7 6
25 6 4
25 6 5
25 18 17
25 17 15
25 17 16
26 15 14
26 14 13
26 13 0
26 13 12
26 12 2
26 2 1
26 12 11
26 11 9
26 9 3
26 9 8
26 8 5
26 5 4
26 8 7
26 7 6
26 11 10
27 19 3
27 3 1
27 1 0
27 3 2
27 19 18
27 18 17
27 17 14
27 14 12
27 12 5
27 5 4
27 12 11
27 11 6
27 11 10
27 10 9
27 9 8
27 8 7
27 14 13
27 17 16
27 16 15
28 14 13
28 13 4
28 4 2
28 2 0
28 2 1
28 4 3
28 13 12
28 12 11
28 11 8
28 8 7
28 7 6
28 6 5
28 11 10
28 10 9
29 15 14
29 14 13
29 13 2
29 2 1
29 1 0
29 13 12
29 12 4
29 4 3
29 12 11
29 11 8
29 8 7
29 7 5
29 7 6
29 11 10
29 10 9
30 15 14
30 14 12
30 12 9
30 9 7
30 7 6
30 6 0
30 6 5
30 5 3
30 3 1
30 3 2
30 5 4
30 9 8
30 12 11
30 11 10
30 14 13
31 16 12
31 12 11
31 11 10
31 10 1
31 1 0
31 10 9
31 9 7
31 7 6
31 6 4
31 4 3
31 3 2
31 6 5
31 9 8
31 16 15
31 15 13
31 15 14
32 14 0
32 14 13
32 13 9
32 9 7
32 7 2
32 2 1
32 7 6
32 6 5
32 5 4
32 4 3
32 9 8
32 13 12
32 12 10
32 12 11
33 14 1
33 1 0
33 14 13
33 13 10
33 10 3
33 3 2
33 10 9
33 9 8
33 8 6
33 6 5
33 5 4
33 8 7
33 13 12
33 12 11
34 14 1
34 1 0
34 14 13
34 13 12
34 12 11
34 11 9
34 9 5
34 5 2
34 5 4
34 4 3
34 9 8
34 8 6
34 8 7
34 11 10
35 14 13
35 13 5
35 5 4
35 4 3
35 3 2
35 2 0
35 2 1
35 13 12
35 12 11
35 11 9
35 9 8
35 8 6
35 8 7
35 11 10
36 16 15
36 15 0
36 15 14
36 14 5
36 5 3
36 3 1
36 3 2
36 5 4
36 14 13
36 13 12
36 12 11
36 11 10
36 10 7
36 7 6
36 10 9
36 9 8
37 17 16
37 16 14
37 14 2
37 2 1
37 1 0
37 14 13
37 13 12
37 12 3
37 12 11
37 11 4
37 11 10
37 10 8
37 8 7
37 7 6
37 6 5
37 10 9
37 16 15
38 14 13
38 13 12
38 12 11
38 11 10
38 10 9
38 9 8
38 8 6
38 6 0
38 6 5
38 5 1
38 5 4
38 4 3
38 3 2
38 8 7
39 17 16
39 16 4
39 4 0
39 4 3
39 3 2
39 2 1
39 16 15
39 15 14
39 14 13
39 13 12
39 12 8
39 8 6
39 6 5
39 8 7
39 12 11
39 11 10
39 10 9
40 19 18
40 18 7
40 7 6
40 6 5
40 5 0
40 5 4
40 4 3
40 3 2
40 2 1
40 18 17
40 17 15
40 15 8
40 15 14
40 14 13
40 13 9
40 13 12
40 12 11
40 11 10
40 17 16
41 18 17
41 17 14
41 14 13
41 13 11
41 11 0
41 11 10
41 10 8
41 8 7
41 7 1
41 7 6
41 6 3
41 3 2
41 6 5
41 5 4
41 10 9
41 13 12
41 17 16
41 16 15
42 14 12
42 12 2
42 2 1
42 1 0
42 12 11
42 11 10
42 10 3
42 10 9
42 9 4
42 9 8
42 8 7
42 7 6
42 6 5
42 14 13
43 15 13
43 13 1
43 1 0
43 13 12
43 12 4
43 4 3
43 3 2
43 12 11
43 11 6
43 6 5
43 11 10
43 10 9
43 9 8
43 8 7
43 15 14
44 17 0
44 17 16
44 16 1
44 16 15
44 15 4
44 4 2
44 4 3
44 15 14
44 14 13
44 13 5
44 13 12
44 12 11
44 11 8
44 8 7
44 7 6
44 11 10
44 10 9
45 19 18
45 18 16
45 16 15
45 15 14
45 14 13
45 13 3
45 3 1
45 1 0
45 3 2
45 13 12
45 12 10
45 10 9
45 9 8
45 8 7
45 7 5
45 5 4
45 7 6
45 12 11
45 18 17
46 17 4
46 4 0
46 4 3
46 3 2
46 2 1
46 17 16
46 16 6
46 6 5
46 16 15
46 15 14
46 14 13
46 13 12
46 12 11
46 11 9
46 9 8
46 8 7
46 11 10
47 14 7
47 7 0
47 7 6
47 6 3
47 3 2
47 2 1
47 6 5
47 5 4
47 14 13
47 13 12
47 12 10
47 10 8
47 10 9
47 12 11
48 18 17
48 17 0
48 17 16
48 16 3
48 3 1
48 3 2
48 16 15
48 15 14
48 14 7
48 7 5
48 5 4
48 7 6
48 14 13
48 13 12
48 12 11
48 11 9
48 9 8
48 11 10
49 17 0
49 17 16
49 16 15
49 15 14
49 14 11
49 11 10
49 10 9
49 9 8
49 8 7
49 7 1
49 7 6
49 6 2
49 6 5
49 5 4
49 4 3
49 14 13
49 13 12
50 15 2
50 2 1
50 1 0
50 15 14
50 14 13
50 13 5
50 5 3
50 5 4
50 13 12
50 12 11
50 11 6
50 11 10
50 10 8
50 8 7
50 10 9
51 17 14
51 14 1
51 1 0
51 14 13
51 13 6
51 6 3
51 3 2
51 6 5
51 5 4
51 13 12
51 12 9
51 9 8
51 8 7
51 12 11
51 11 10
51 17 16
51 16 15
52 19 3
52 3 0
52 3 2
52 2 1
52 19 18
52 18 17
52 17 5
52 5 4
52 17 16
52 16 8
52 8 7
52 7 6
52 16 15
52 15 9
52 15 14
52 14 10
52 14 13
52 13 11
52 13 12
53 19 0
53 19 18
53 18 17
53 17 15
53 15 2
53 2 1
53 15 14
53 14 3
53 14 13
53 13 6
53 6 4
53 6 5
53 13 12
53 12 9
53 9 7
53 9 8
53 12 11
53 11 10
53 17 16
54 14 13
54 13 11
54 11 10
54 10 0
54 10 9
54 9 3
54 3 2
54 2 1
54 9 8
54 8 4
54 8 7
54 7 5
54 7 6
54 13 12
55 15 12
55 12 2
55 2 1
55 1 0
55 12 11
55 11 3
55 11 10
55 10 6
55 6 5
55 5 4
55 10 9
55 9 7
55 9 8
55 15 14
55 14 13
56 15 9
56 9 8
56 8 7
56 7 1
56 1 0
56 7 6
56 6 2
56 6 5
56 5 3
56 5 4
56 15 14
56 14 13
56 13 12
56 12 11
56 11 10
57 16 2
57 2 0
57 2 1
57 16 15
57 15 14
57 14 3
57 14 13
57 13 4
57 13 12
57 12 11
57 11 10
57 10 9
57 9 8
57 8 5
57 8 7
57 7 6
58 18 6
58 6 3
58 3 0
58 3 2
58 2 1
58 6 5
58 5 4
58 18 17
58 17 16
58 16 15
58 15 14
58 14 11
58 11 7
58 11 10
58 10 9
58 9 8
58 14 13
58 13 12
59 18 10
59 10 2
59 2 1
59 1 0
59 10 9
59 9 3
59 9 8
59 8 4
59 8 7
59 7 6
59 6 5
59 18 17
59 17 15
59 15 14
59 14 13
59 13 11
59 13 12
59 17 16
60 16 5
60 5 0
60 5 4
60 4 3
60 3 1
60 3 2
60 16 15
60 15 14
60 14 13
60 13 6
60 13 12
60 12 10
60 10 7
60 10 9
60 9 8
60 12 11
61 14 7
61 7 0
61 7 6
61 6 2
61 2 1
61 6 5
61 5 3
61 5 4
61 14 13
61 13 12
61 12 10
61 10 8
61 10 9
61 12 11
62 18 17
62 17 13
62 13 8
62 8 7
62 7 6
62 6 5
62 5 1
62 1 0
62 5 4
62 4 2
62 4 3
62 13 12
62 12 11
62 11 9
62 11 10
62 17 16
62 16 14
62 16 15
63 17 13
63 13 4
63 4 3
63 3 2
63 2 1
63 1 0
63 13 12
63 12 10
63 10 9
63 9 8
63 8 5
63 8 7
63 7 6
63 12 11
63 17 16
63 16 14
63 16 15
64 15 14
64 14 13
64 13 9
64 9 7
64 7 5
64 5 4
64 4 3
64 3 2
64 2 1
64 1 0
64 7 6
64 9 8
64 13 12
64 12 10
64 12 11
65 17 16
65 16 0
65 16 15
65 15 13
65 13 11
65 11 10
65 10 3
65 3 1
65 3 2
65 10 9
65 9 8
65 8 5
65 5 4
65 8 7
65 7 6
65 13 12
65 15 14
66 15 14
66 14 13
66 13 12
66 12 1
66 1 0
66 12 11
66 11 2
66 11 10
66 10 3
66 10 9
66 9 4
66 9 8
66 8 7
66 7 6
66 6 5
67 18 17
67 17 0
67 17 16
67 16 13
67 13 12
67 12 10
67 10 9
67 9 8
67 8 1
67 8 7
67 7 4
67 4 2
67 4 3
67 7 6
67 6 5
67 12 11
67 16 15
67 15 14
68 19 18
68 18 16
68 16 14
68 14 13
68 13 12
68 12 9
68 9 1
68 1 0
68 9 8
68 8 2
68 8 7
68 7 3
68 7 6
68 6 5
68 5 4
68 12 11
68 11 10
68 16 15
68 18 17
69 14 13
69 13 0
69 13 12
69 12 11
69 11 4
69 4 2
69 2 1
69 4 3
69 11 10
69 10 9
69 9 6
69 6 5
69 9 8
69 8 7
70 16 11
70 11 9
70 9 8
70 8 7
70 7 0
70 7 6
70 6 2
70 2 1
70 6 5
70 5 4
70 4 3
70 11 10
70 16 15
70 15 12
70 15 14
70 14 13
71 18 15
71 15 6
71 6 0
71 6 5
71 5 4
71 4 2
71 2 1
71 4 3
71 15 14
71 14 13
71 13 12
71 12 11
71 11 10
71 10 9
71 9 8
71 8 7
71 18 17
71 17 16
72 14 0
72 14 13
72 13 9
72 9 7
72 7 6
72 6 2
72 2 1
72 6 5
72 5 4
72 4 3
72 9 8
72 13 12
72 12 10
72 12 11
73 14 8
73 8 3
73 3 2
73 2 1
73 1 0
73 8 7
73 7 5
73 5 4
73 7 6
73 14 13
73 13 11
73 11 9
73 11 10
73 13 12
74 14 3
74 3 0
74 3 2
74 2 1
74 14 13
74 13 8
74 8 5
74 5 4
74 8 7
74 7 6
74 13 12
74 12 11
74 11 10
74 10 9
75 16 13
75 13 11
75 11 9
75 9 5
75 5 4
75 4 2
75 2 0
75 2 1
75 4 3
75 9 8
75 8 6
75 8 7
75 11 10
75 13 12
75 16 15
75 15 14
76 18 7
76 7 0
76 7 6
76 6 2
76 2 1
76 6 5
76 5 4
76 4 3
76 18 17
76 17 8
76 17 16
76 16 15
76 15 14
76 14 13
76 13 12
76 12 11
76 11 9
76 11 10
77 15 13
77 13 12
77 12 11
77 11 10
77 10 9
77 9 8
77 8 2
77 2 1
77 1 0
77 8 7
77 7 5
77 5 3
77 5 4
77 7 6
77 15 14
78 17 16
78 16 15
78 15 6
78 6 5
78 5 0
78 5 4
78 4 3
78 3 1
78 3 2
78 15 14
78 14 8
78 8 7
78 14 13
78 13 12
78 12 9
78 12 11
78 11 10
79 19 18
79 18 17
79 17 5
79 5 1
79 1 0
79 5 4
79 4 3
79 3 2
79 17 16
79 16 15
79 15 14
79 14 12
79 12 10
79 10 8
79 8 7
79 7 6
79 10 9
79 12 11
79 14 13
80 14 13
80 13 0
80 13 12
80 12 1
80 12 11
80 11 10
80 10 9
80 9 2
80 9 8
80 8 7
80 7 3
80 7 6
80 6 4
80 6 5
81 15 5
81 5 0
81 5 4
81 4 2
81 2 1
81 4 3
81 15 14
81 14 12
81 12 6
81 12 11
81 11 10
81 10 7
81 10 9
81 9 8
81 14 13
82 16 11
82 11 10
82 10 3
82 3 2
82 2 1
82 1 0
82 10 9
82 9 4
82 9 8
82 8 6
82 6 5
82 8 7
82 16 15
82 15 14
82 14 13
82 13 12
83 17 12
83 12 10
83 10 8
83 8 7
83 7 4
83 4 3
83 3 2
83 2 0
83 2 1
83 7 6
83 6 5
83 10 9
83 12 11
83 17 16
83 16 15
83 15 14
83 14 13
84 15 14
84 14 2
84 2 0
84 2 1
84 14 13
84 13 12
84 12 11
84 11 9
84 9 8
84 8 4
84 4 3
84 8 7
84 7 5
84 7 6
84 11 10
85 15 13
85 13 12
85 12 5
85 5 3
85 3 2
85 2 0
85 2 1
85 5 4
85 12 11
85 11 6
85 11 10
85 10 7
85 10 9
85 9 8
85 15 14
86 15 2
86 2 0
86 2 1
86 15 14
86 14 9
86 9 8
86 8 7
86 7 6
86 6 5
86 5 4
86 4 3
86 14 13
86 13 12
86 12 11
86 11 10
87 16 15
87 15 12
87 12 7
87 7 6
87 6 5
87 5 0
87 5 4
87 4 2
87 2 1
87 4 3
87 12 11
87 11 10
87 10 8
87 10 9
87 15 14
87 14 13
88 14 0
88 14 13
88 13 6
88 6 5
88 5 4
88 4 3
88 3 2
88 2 1
88 13 12
88 12 10
88 10 8
88 8 7
88 10 9
88 12 11
89 16 14
89 14 0
89 14 13
89 13 7
89 7 6
89 6 5
89 5 4
89 4 1
89 4 3
89 3 2
89 13 12
89 12 8
89 12 11
89 11 10
89 10 9
89 16 15
90 15 14
90 14 13
90 13 11
90 11 9
90 9 0
90 9 8
90 8 2
90 2 1
90 8 7
90 7 5
90 5 3
90 5 4
90 7 6
90 11 10
90 13 12
91 16 2
91 2 0
91 2 1
91 16 15
91 15 14
91 14 13
91 13 12
91 12 3
91 12 11
91 11 7
91 7 4
91 7 6
91 6 5
91 11 10
91 10 9
91 9 8
92 14 13
92 13 12
92 12 11
92 11 1
92 1 0
92 11 10
92 10 6
92 6 4
92 4 3
92 3 2
92 6 5
92 10 9
92 9 8
92 8 7
93 18 17
93 17 13
93 13 12
93 12 1
93 1 0
93 12 11
93 11 7
93 7 4
93 4 2
93 4 3
93 7 6
93 6 5
93 11 10
93 10 9
93 9 8
93 17 16
93 16 15
93 15 14
94 19 18
94 18 5
94 5 2
94 2 1
94 1 0
94 5 4
94 4 3
94 18 17
94 17 15
94 15 14
94 14 8
94 8 6
94 8 7
94 14 13
94 13 11
94 11 10
94 10 9
94 13 12
94 17 16
95 17 16
95 16 15
95 15 14
95 14 10
95 10 6
95 6 4
95 4 0
95 4 3
95 3 2
95 2 1
95 6 5
95 10 9
95 9 8
95 8 7
95 14 13
95 13 12
95 12 11
96 17 10
96 10 6
96 6 5
96 5 4
96 4 2
96 2 1
96 1 0
96 4 3
96 10 9
96 9 8
96 8 7
96 17 16
96 16 15
96 15 14
96 14 11
96 14 13
96 13 12
97 17 15
97 15 1
97 1 0
97 15 14
97 14 10
97 10 9
97 9 3
97 3 2
97 9 8
97 8 5
97 5 4
97 8 7
97 7 6
97 14 13
97 13 11
97 13 12
97 17 16
98 19 18
98 18 15
98 15 14
98 14 13
98 13 0
98 13 12
98 12 1
98 12 11
98 11 7
98 7 5
98 5 3
98 3 2
98 5 4
98 7 6
98 11 10
98 10 8
98 10 9
98 18 17
98 17 16
99 16 0
99 16 15
99 15 12
99 12 3
99 3 2
99 2 1
99 12 11
99 11 10
99 10 7
99 7 5
99 5 4
99 7 6
99 10 9
99 9 8
99 15 14
99 14 13
100 15 13
100 13 9
100 9 0
100 9 8
100 8 6
100 6 1
100 6 5
100 5 4
100 4 3
100 3 2
100 8 7
100 13 12
100 12 11
100 11 10
100 15 14
101 14 12
101 12 4
101 4 2
101 2 1
101 1 0
101 4 3
101 12 11
101 11 9
101 9 7
101 7 6
101 6 5
101 9 8
101 11 10
101 14 13
