1 17 15
1 15 14
1 14 13
1 13 12
1 12 0
1 12 11
1 11 3
1 3 2
1 2 1
1 11 10
1 10 9
1 9 8
1 8 7
1 7 6
1 6 5
1 5 4
1 17 16
2 17 13
2 13 3
2 3 1
2 1 0
2 3 2
2 13 12
2 12 11
2 11 10
2 10 4
2 10 9
2 9 8
2 8 7
2 7 6
2 6 5
2 17 16
2 16 14
2 16 15
3 15 14
3 14 13
3 13 12
3 12 0
3 12 11
3 11 7
3 7 1
3 7 6
3 6 5
3 5 4
3 4 2
3 4 3
3 11 10
3 10 9
3 9 8
4 16 14
4 14 9
4 9 8
4 8 7
4 7 6
4 6 5
4 5 0
4 5 4
4 4 2
4 2 1
4 4 3
4 14 13
4 13 10
4 13 12
4 12 11
4 16 15
5 14 13
5 13 11
5 11 6
5 6 0
5 6 5
5 5 1
5 5 4
5 4 2
5 4 3
5 11 10
5 10 7
5 10 9
5 9 8
5 13 12
6 14 13
6 13 1
6 1 0
6 13 12
6 12 11
6 11 2
6 11 10
6 10 3
6 10 9
6 9 8
6 8 5
6 5 4
6 8 7
6 7 6
7 16 0
7 16 15
7 15 14
7 14 12
7 12 3
7 3 1
7 3 2
7 12 11
7 11 10
7 10 9
7 9 4
7 9 8
7 8 7
7 7 5
7 7 6
7 14 13
8 17 16
8 16 15
8 15 6
8 6 0
8 6 5
8 5 2
8 2 1
8 5 4
8 4 3
8 15 14
8 14 7
8 14 13
8 13 12
8 12 11
8 11 10
8 10 9
8 9 8
9 19 5
9 5 0
9 5 4
9 4 2
9 2 1
9 4 3
9 19 18
9 18 6
9 18 17
9 17 13
9 13 9
9 9 7
9 9 8
9 13 12
9 12 10
9 12 11
9 17 16
9 16 15
9 15 14
10 18 12
10 12 9
10 9 8
10 8 6
10 6 0
10 6 5
10 5 4
10 4 3
10 3 2
10 2 1
10 8 7
10 12 11
10 11 10
10 18 17
10 17 13
10 17 16
10 16 14
10 16 15
11 16 14
11 14 13
11 13 0
11 13 12
11 12 11
11 11 7
11 7 6
11 6 4
11 4 3
11 3 2
11 2 1
11 6 5
11 11 10
11 10 8
11 10 9
11 16 15
12 19 18
12 18 17
12 17 10
12 10 0
12 10 9
12 9 7
12 7 3
12 3 1
12 3 2
12 7 6
12 6 5
12 5 4
12 9 8
12 17 16
12 16 14
12 14 12
12 12 11
12 14 13
12 16 15
13 16 8
13 8 4
13 4 1
13 1 0
13 4 3
13 3 2
13 8 7
13 7 5
13 7 6
13 16 15
13 15 14
13 14 13
13 13 9
13 13 12
13 12 11
13 11 10
14 16 0
14 16 15
14 15 14
14 14 6
14 6 1
14 6 5
14 5 4
14 4 3
14 3 2
14 14 13
14 13 11
14 11 10
14 10 9
14 9 8
14 8 7
14 13 12
15 16 15
15 15 13
15 13 4
15 4 2
15 2 0
15 2 1
15 4 3
15 13 12
15 12 8
15 8 5
15 8 7
15 7 6
15 12 11
15 11 9
15 11 10
15 15 14
16 14 3
16 3 0
16 3 2
16 2 1
16 14 13
16 13 4
16 13 12
16 12 6
16 6 5
16 12 11
16 11 10
16 10 9
16 9 7
16 9 8
17 15 0
17 15 14
17 14 12
17 12 10
17 10 6
17 6 5
17 5 4
17 4 3
17 3 2
17 2 1
17 10 9
17 9 8
17 8 7
17 12 11
17 14 13
18 14 2
18 2 1
18 1 0
18 14 13
18 13 11
18 11 3
18 11 10
18 10 6
18 6 4
18 6 5
18 10 9
18 9 7
18 9 8
18 13 12
19 15 12
19 12 11
19 11 1
19 1 0
19 11 10
19 10 9
19 9 8
19 8 6
19 6 2
19 6 5
19 5 4
19 4 3
19 8 7
19 15 14
19 14 13
20 15 4
20 4 2
20 2 1
20 1 0
20 4 3
20 15 14
20 14 5
20 14 13
20 13 7
20 7 6
20 13 12
20 12 11
20 11 10
20 10 8
20 10 9
21 16 13
21 13 0
21 13 12
21 12 10
21 10 9
21 9 3
21 3 2
21 2 1
21 9 8
21 8 4
21 8 7
21 7 5
21 7 6
21 12 11
21 16 15
21 15 14
22 16 1
22 1 0
22 16 15
22 15 10
22 10 7
22 7 5
22 5 3
22 3 2
22 5 4
22 7 6
22 10 9
22 9 8
22 15 14
22 14 13
22 13 11
22 13 12
23 15 1
23 1 0
23 15 14
23 14 13
23 13 11
23 11 10
23 10 2
23 10 9
23 9 3
23 9 8
23 8 7
23 7 6
23 6 5
23 5 4
23 13 12
24 17 6
24 6 0
24 6 5
24 5 3
24 3 2
24 2 1
24 5 4
24 17 16
24 16 15
24 15 13
24 13 12
24 12 8
24 8 7
24 12 11
24 11 10
24 10 9
24 15 14
25 14 13
25 13 12
25 12 3
25 3 0
25 3 2
25 2 1
25 12 11
25 11 5
25 5 4
25 11 10
25 10 9
25 9 7
25 7 6
25 9 8
26 17 16
26 16 5
26 5 4
26 4 0
26 4 3
26 3 1
26 3 2
26 16 15
26 15 14
26 14 13
26 13 12
26 12 8
26 8 6
26 8 7
26 12 11
26 11 10
26 10 9
27 16 0
27 16 15
27 15 14
27 14 12
27 12 1
27 12 11
27 11 10
27 10 4
27 4 3
27 3 2
27 10 9
27 9 8
27 8 6
27 6 5
27 8 7
27 14 13
28 16 15
28 15 0
28 15 14
28 14 4
28 4 1
28 4 3
28 3 2
28 14 13
28 13 12
28 12 8
28 8 6
28 6 5
28 8 7
28 12 11
28 11 10
28 10 9
29 16 13
29 13 11
29 11 10
29 10 7
29 7 2
29 2 1
29 1 0
29 7 6
29 6 5
29 5 3
29 5 4
29 10 9
29 9 8
29 13 12
29 16 15
29 15 14
30 16 15
30 15 14
30 14 12
30 12 11
30 11 3
30 3 0
30 3 2
30 2 1
30 11 10
30 10 9
30 9 5
30 5 4
30 9 8
30 8 6
30 8 7
30 14 13
31 19 17
31 17 0
31 17 16
31 16 2
31 2 1
31 16 15
31 15 3
31 15 14
31 14 11
31 11 5
31 5 4
31 11 10
31 10 9
31 9 8
31 8 7
31 7 6
31 14 13
31 13 12
31 19 18
32 14 13
32 13 0
32 13 12
32 12 1
32 12 11
32 11 10
32 10 6
32 6 5
32 5 4
32 4 2
32 4 3
32 10 9
32 9 7
32 9 8
33 18 17
33 17 15
33 15 1
33 1 0
33 15 14
33 14 6
33 6 5
33 5 4
33 4 3
33 3 2
33 14 13
33 13 10
33 10 9
33 9 8
33 8 7
33 13 12
33 12 11
33 17 16
34 15 7
34 7 1
34 1 0
34 7 6
34 6 5
34 5 4
34 4 3
34 3 2
34 15 14
34 14 13
34 13 12
34 12 8
34 12 11
34 11 9
34 11 10
35 19 18
35 18 17
35 17 0
35 17 16
35 16 8
35 8 7
35 7 1
35 7 6
35 6 4
35 4 2
35 4 3
35 6 5
35 16 15
35 15 14
35 14 13
35 13 12
35 12 9
35 12 11
35 11 10
36 18 0
36 18 17
36 17 12
36 12 1
36 12 11
36 11 9
36 9 3
36 3 2
36 9 8
36 8 4
36 8 7
36 7 6
36 6 5
36 11 10
36 17 16
36 16 15
36 15 14
36 14 13
37 16 15
37 15 10
37 10 6
37 6 0
37 6 5
37 5 2
37 2 1
37 5 4
37 4 3
37 10 9
37 9 7
37 9 8
37 15 14
37 14 12
37 12 11
37 14 13
38 16 2
38 2 1
38 1 0
38 16 15
38 15 14
38 14 3
38 14 13
38 13 12
38 12 10
38 10 8
38 8 4
38 8 7
38 7 5
38 7 6
38 10 9
38 12 11
39 18 17
39 17 1
39 1 0
39 17 16
39 16 15
39 15 2
39 15 14
39 14 13
39 13 10
39 10 9
39 9 7
39 7 6
39 6 4
39 4 3
39 6 5
39 9 8
39 13 12
39 12 11
40 17 15
40 15 0
40 15 14
40 14 1
40 14 13
40 13 12
40 12 2
40 12 11
40 11 9
40 9 3
40 9 8
40 8 4
40 8 7
40 7 6
40 6 5
40 11 10
40 17 16
41 17 4
41 4 2
41 2 1
41 1 0
41 4 3
41 17 16
41 16 15
41 15 7
41 7 5
41 7 6
41 15 14
41 14 12
41 12 8
41 12 11
41 11 9
41 11 10
41 14 13
42 15 13
42 13 11
42 11 8
42 8 7
42 7 0
42 7 6
42 6 4
42 4 3
42 3 1
42 3 2
42 6 5
42 11 10
42 10 9
42 13 12
42 15 14
43 14 1
43 1 0
43 14 13
43 13 12
43 12 5
43 5 2
43 5 4
43 4 3
43 12 11
43 11 10
43 10 9
43 9 8
43 8 6
43 8 7
44 16 3
44 3 2
44 2 1
44 1 0
44 16 15
44 15 8
44 8 6
44 6 5
44 5 4
44 8 7
44 15 14
44 14 12
44 12 10
44 10 9
44 12 11
44 14 13
45 19 18
45 18 17
45 17 15
45 15 0
45 15 14
45 14 11
45 11 1
45 11 10
45 10 8
45 8 2
45 8 7
45 7 5
45 5 4
45 4 3
45 7 6
45 10 9
45 14 13
45 13 12
45 17 16
46 19 18
46 18 17
46 17 1
46 1 0
46 17 16
46 16 15
46 15 13
46 13 12
46 12 11
46 11 4
46 4 3
46 3 2
46 11 10
46 10 8
46 8 6
46 6 5
46 8 7
46 10 9
46 15 14
47 18 17
47 17 16
47 16 15
47 15 0
47 15 14
47 14 4
47 4 3
47 3 2
47 2 1
47 14 13
47 13 11
47 11 5
47 11 10
47 10 6
47 10 9
47 9 7
47 9 8
47 13 12
48 14 13
48 13 9
48 9 6
48 6 1
48 1 0
48 6 5
48 5 4
48 4 2
48 4 3
48 9 8
48 8 7
48 13 12
48 12 10
48 12 11
49 16 3
49 3 2
49 2 1
49 1 0
49 16 15
49 15 4
49 15 14
49 14 5
49 14 13
49 13 6
49 13 12
49 12 10
49 10 9
49 9 8
49 8 7
49 12 11
50 15 1
50 1 0
50 15 14
50 14 12
50 12 3
50 3 2
50 12 11
50 11 8
50 8 7
50 7 6
50 6 4
50 6 5
50 11 10
50 10 9
50 14 13
51 19 17
51 17 14
51 14 13
51 13 9
51 9 8
51 8 4
51 4 1
51 1 0
51 4 3
51 3 2
51 8 7
51 7 5
51 7 6
51 13 12
51 12 11
51 11 10
51 17 16
51 16 15
51 19 18
52 18 17
52 17 15
52 15 13
52 13 9
52 9 2
52 2 1
52 1 0
52 9 8
52 8 6
52 6 5
52 5 3
52 5 4
52 8 7
52 13 12
52 12 11
52 11 10
52 15 14
52 17 16
53 19 0
53 19 18
53 18 17
53 17 16
53 16 15
53 15 13
53 13 12
53 12 6
53 6 4
53 4 3
53 3 1
53 3 2
53 6 5
53 12 11
53 11 10
53 10 7
53 10 9
53 9 8
53 15 14
54 15 14
54 14 12
54 12 0
54 12 11
54 11 10
54 10 2
54 2 1
54 10 9
54 9 5
54 5 3
54 5 4
54 9 8
54 8 6
54 8 7
54 14 13
55 19 0
55 19 18
55 18 17
55 17 12
55 12 1
55 12 11
55 11 9
55 9 7
55 7 5
55 5 3
55 3 2
55 5 4
55 7 6
55 9 8
55 11 10
55 17 16
55 16 15
55 15 13
55 15 14
56 18 17
56 17 2
56 2 1
56 1 0
56 17 16
56 16 15
56 15 4
56 4 3
56 15 14
56 14 5
56 14 13
56 13 12
56 12 6
56 12 11
56 11 10
56 10 8
56 8 7
56 10 9
57 14 7
57 7 4
57 4 2
57 2 1
57 1 0
57 4 3
57 7 6
57 6 5
57 14 13
57 13 9
57 9 8
57 13 12
57 12 10
57 12 11
58 16 15
58 15 0
58 15 14
58 14 13
58 13 11
58 11 10
58 10 9
58 9 8
58 8 1
58 8 7
58 7 4
58 4 2
58 4 3
58 7 6
58 6 5
58 13 12
59 19 3
59 3 2
59 2 0
59 2 1
59 19 18
59 18 11
59 11 4
59 11 10
59 10 9
59 9 7
59 7 5
59 7 6
59 9 8
59 18 17
59 17 12
59 17 16
59 16 15
59 15 14
59 14 13
60 19 18
60 18 16
60 16 15
60 15 0
60 15 14
60 14 13
60 13 11
60 11 10
60 10 2
60 2 1
60 10 9
60 9 8
60 8 5
60 5 3
60 5 4
60 8 7
60 7 6
60 13 12
60 18 17
61 19 18
61 18 0
61 18 17
61 17 4
61 4 1
61 4 3
61 3 2
61 17 16
61 16 14
61 14 7
61 7 5
61 7 6
61 14 13
61 13 12
61 12 8
61 12 11
61 11 10
61 10 9
61 16 15
62 15 0
62 15 14
62 14 13
62 13 12
62 12 1
62 12 11
62 11 9
62 9 8
62 8 4
62 4 3
62 3 2
62 8 7
62 7 6
62 6 5
62 11 10
63 15 10
63 10 9
63 9 7
63 7 1
63 1 0
63 7 6
63 6 5
63 5 4
63 4 3
63 3 2
63 9 8
63 15 14
63 14 13
63 13 11
63 13 12
64 17 11
64 11 10
64 10 0
64 10 9
64 9 5
64 5 4
64 4 2
64 2 1
64 4 3
64 9 8
64 8 7
64 7 6
64 17 16
64 16 12
64 16 15
64 15 13
64 15 14
65 19 8
65 8 4
65 4 3
65 3 1
65 1 0
65 3 2
65 8 7
65 7 6
65 6 5
65 19 18
65 18 17
65 17 10
65 10 9
65 17 16
65 16 11
65 16 15
65 15 14
65 14 13
65 13 12
66 16 14
66 14 3
66 3 2
66 2 0
66 2 1
66 14 13
66 13 12
66 12 4
66 12 11
66 11 7
66 7 5
66 7 6
66 11 10
66 10 9
66 9 8
66 16 15
67 14 13
67 13 2
67 2 0
67 2 1
67 13 12
67 12 10
67 10 9
67 9 8
67 8 6
67 6 3
67 6 5
67 5 4
67 8 7
67 12 11
68 19 13
68 13 2
68 2 1
68 1 0
68 13 12
68 12 4
68 4 3
68 12 11
68 11 8
68 8 7
68 7 5
68 7 6
68 11 10
68 10 9
68 19 18
68 18 17
68 17 16
68 16 15
68 15 14
69 15 13
69 13 3
69 3 0
69 3 2
69 2 1
69 13 12
69 12 4
69 12 11
69 11 8
69 8 5
69 8 7
69 7 6
69 11 10
69 10 9
69 15 14
70 17 16
70 16 14
70 14 13
70 13 5
70 5 4
70 4 3
70 3 1
70 1 0
70 3 2
70 13 12
70 12 6
70 12 11
70 11 10
70 10 7
70 10 9
70 9 8
70 16 15
71 17 4
71 4 3
71 3 1
71 1 0
71 3 2
71 17 16
71 16 5
71 16 15
71 15 14
71 14 10
71 10 6
71 10 9
71 9 8
71 8 7
71 14 13
71 13 11
71 13 12
72 16 15
72 15 14
72 14 13
72 13 4
72 4 3
72 3 1
72 1 0
72 3 2
72 13 12
72 12 5
72 12 11
72 11 8
72 8 6
72 8 7
72 11 10
72 10 9
73 18 17
73 17 16
73 16 15
73 15 13
73 13 10
73 10 9
73 9 8
73 8 7
73 7 3
73 3 1
73 1 0
73 3 2
73 7 6
73 6 5
73 5 4
73 13 12
73 12 11
73 15 14
74 14 1
74 1 0
74 14 13
74 13 8
74 8 6
74 6 2
74 6 5
74 5 3
74 5 4
74 8 7
74 13 12
74 12 11
74 11 9
74 11 10
75 15 10
75 10 9
75 9 5
75 5 1
75 1 0
75 5 4
75 4 2
75 4 3
75 9 8
75 8 6
75 8 7
75 15 14
75 14 11
75 14 13
75 13 12
76 14 13
76 13 0
76 13 12
76 12 6
76 6 1
76 6 5
76 5 3
76 3 2
76 5 4
76 12 11
76 11 10
76 10 7
76 10 9
76 9 8
77 15 14
77 14 13
77 13 11
77 11 10
77 10 1
77 1 0
77 10 9
77 9 8
77 8 7
77 7 6
77 6 3
77 3 2
77 6 5
77 5 4
77 13 12
78 19 18
78 18 6
78 6 0
78 6 5
78 5 4
78 4 2
78 2 1
78 4 3
78 18 17
78 17 16
78 16 10
78 10 7
78 10 9
78 9 8
78 16 15
78 15 13
78 13 11
78 13 12
78 15 14
79 15 0
79 15 14
79 14 1
79 14 13
79 13 2
79 13 12
79 12 8
79 8 6
79 6 4
79 4 3
79 6 5
79 8 7
79 12 11
79 11 9
79 11 10
80 16 14
80 14 0
80 14 13
80 13 12
80 12 7
80 7 6
80 6 5
80 5 4
80 4 3
80 3 1
80 3 2
80 12 11
80 11 8
80 11 10
80 10 9
80 16 15
81 16 10
81 10 9
81 9 0
81 9 8
81 8 7
81 7 6
81 6 4
81 4 2
81 2 1
81 4 3
81 6 5
81 16 15
81 15 11
81 15 14
81 14 12
81 14 13
82 18 0
82 18 17
82 17 15
82 15 14
82 14 2
82 2 1
82 14 13
82 13 12
82 12 11
82 11 7
82 7 6
82 6 5
82 5 4
82 4 3
82 11 10
82 10 8
82 10 9
82 17 16
83 15 1
83 1 0
83 15 14
83 14 5
83 5 4
83 4 3
83 3 2
83 14 13
83 13 11
83 11 10
83 10 8
83 8 6
83 8 7
83 10 9
83 13 12
84 18 17
84 17 16
84 16 15
84 15 14
84 14 0
84 14 13
84 13 11
84 11 8
84 8 4
84 4 1
84 4 3
84 3 2
84 8 7
84 7 5
84 7 6
84 11 10
84 10 9
84 13 12
85 17 16
85 16 15
85 15 8
85 8 2
85 2 0
85 2 1
85 8 7
85 7 3
85 7 6
85 6 4
85 6 5
85 15 14
85 14 13
85 13 12
85 12 9
85 12 11
85 11 10
86 18 16
86 16 0
86 16 15
86 15 3
86 3 1
86 3 2
86 15 14
86 14 13
86 13 8
86 8 6
86 6 5
86 5 4
86 8 7
86 13 12
86 12 11
86 11 9
86 11 10
86 18 17
87 19 17
87 17 8
87 8 2
87 2 0
87 2 1
87 8 7
87 7 3
87 7 6
87 6 4
87 6 5
87 17 16
87 16 15
87 15 14
87 14 9
87 14 13
87 13 12
87 12 10
87 12 11
87 19 18
88 18 16
88 16 0
88 16 15
88 15 14
88 14 1
88 14 13
88 13 12
88 12 2
88 12 11
88 11 5
88 5 3
88 5 4
88 11 10
88 10 8
88 8 7
88 7 6
88 10 9
88 18 17
89 16 0
89 16 15
89 15 8
89 8 7
89 7 6
89 6 5
89 5 3
89 3 1
89 3 2
89 5 4
89 15 14
89 14 9
89 14 13
89 13 12
89 12 10
89 12 11
90 16 15
90 15 14
90 14 13
90 13 12
90 12 11
90 11 5
90 5 4
90 4 3
90 3 0
90 3 2
90 2 1
90 11 10
90 10 9
90 9 7
90 7 6
90 9 8
91 14 13
91 13 11
91 11 10
91 10 7
91 7 5
91 5 2
91 2 0
91 2 1
91 5 4
91 4 3
91 7 6
91 10 9
91 9 8
91 13 12
92 16 14
92 14 13
92 13 7
92 7 0
92 7 6
92 6 5
92 5 1
92 5 4
92 4 2
92 4 3
92 13 12
92 12 10
92 10 8
92 10 9
92 12 11
92 16 15
93 14 0
93 14 13
93 13 12
93 12 11
93 11 8
93 8 4
93 4 2
93 2 1
93 4 3
93 8 7
93 7 5
93 7 6
93 11 10
93 10 9
94 18 1
94 1 0
94 18 17
94 17 11
94 11 2
94 11 10
94 10 8
94 8 7
94 7 5
94 5 4
94 4 3
94 7 6
94 10 9
94 17 16
94 16 15
94 15 12
94 15 14
94 14 13
95 17 13
95 13 4
95 4 0
95 4 3
95 3 2
95 2 1
95 13 12
95 12 7
95 7 5
95 7 6
95 12 11
95 11 9
95 9 8
95 11 10
95 17 16
95 16 15
95 15 14
96 18 2
96 2 0
96 2 1
96 18 17
96 17 9
96 9 5
96 5 3
96 5 4
96 9 8
96 8 6
96 8 7
96 17 16
96 16 15
96 15 13
96 13 10
96 13 12
96 12 11
96 15 14
97 17 16
97 16 1
97 1 0
97 16 15
97 15 9
97 9 8
97 8 5
97 5 4
97 4 2
97 4 3
97 8 7
97 7 6
97 15 14
97 14 13
97 13 11
97 11 10
97 13 12
98 17 15
98 15 14
98 14 12
98 12 3
98 3 2
98 2 0
98 2 1
98 12 11
98 11 7
98 7 6
98 6 5
98 5 4
98 11 10
98 10 8
98 10 9
98 14 13
98 17 16
99 17 0
99 17 16
99 16 15
99 15 12
99 12 6
99 6 5
99 5 4
99 4 1
99 4 3
99 3 2
99 12 11
99 11 7
99 11 10
99 10 8
99 10 9
99 15 14
99 14 13
100 17 2
100 2 1
100 1 0
100 17 16
100 16 14
100 14 13
100 13 4
100 4 3
100 13 12
100 12 6
100 6 5
100 12 11
100 11 7
100 11 10
100 10 9
100 9 8
100 16 15
101 17 16
101 16 15
101 15 0
101 15 14
101 14 13
101 13 12
101 12 11
101 11 5
101 5 4
101 4 2
101 2 1
101 4 3
101 11 10
101 10 9
101 9 6
101 9 8
101 8 7
