1 17 16
1 16 4
1 4 2
1 2 1
1 1 0
1 4 3
1 16 15
1 15 14
1 14 5
1 14 13
1 13 6
1 13 12
1 12 8
1 8 7
1 12 11
1 11 10
1 10 9
2 19 17
2 17 16
2 16 15
2 15 12
2 12 11
2 11 1
2 1 0
2 11 10
2 10 7
2 7 2
2 7 6
2 6 5
2 5 4
2 4 3
2 10 9
2 9 8
2 15 14
2 14 13
2 19 18
3 14 12
3 12 0
3 12 11
3 11 2
3 2 1
3 11 10
3 10 3
3 10 9
3 9 6
3 6 5
3 5 4
3 9 8
3 8 7
3 14 13
4 15 12
4 12 10
4 10 9
4 9 0
4 9 8
4 8 7
4 7 1
4 7 6
4 6 5
4 5 2
4 5 4
4 4 3
4 12 11
4 15 14
4 14 13
5 15 0
5 15 14
5 14 9
5 9 3
5 3 2
5 2 1
5 9 8
5 8 6
5 6 4
5 6 5
5 8 7
5 14 13
5 13 12
5 12 10
5 12 11
6 16 15
6 15 14
6 14 10
6 10 9
6 9 8
6 8 7
6 7 3
6 3 1
6 1 0
6 3 2
6 7 6
6 6 5
6 5 4
6 14 13
6 13 12
6 12 11
7 16 11
7 11 0
7 11 10
7 10 9
7 9 8
7 8 7
7 7 6
7 6 2
7 2 1
7 6 5
7 5 3
7 5 4
7 16 15
7 15 12
7 15 14
7 14 13
8 14 13
8 13 11
8 11 10
8 10 5
8 5 3
8 3 1
8 1 0
8 3 2
8 5 4
8 10 9
8 9 8
8 8 7
8 7 6
8 13 12
9 19 4
9 4 1
9 1 0
9 4 3
9 3 2
9 19 18
9 18 17
9 17 16
9 16 7
9 7 6
9 6 5
9 16 15
9 15 11
9 11 10
9 10 8
9 10 9
9 15 14
9 14 12
9 14 13
10 15 1
10 1 0
10 15 14
10 14 13
10 13 12
10 12 10
10 10 7
10 7 4
10 4 2
10 4 3
10 7 6
10 6 5
10 10 9
10 9 8
10 12 11
11 14 1
11 1 0
11 14 13
11 13 11
11 11 9
11 9 6
11 6 3
11 3 2
11 6 5
11 5 4
11 9 8
11 8 7
11 11 10
11 13 12
12 14 13
12 13 10
12 10 1
12 1 0
12 10 9
12 9 7
12 7 6
12 6 4
12 4 2
12 4 3
12 6 5
12 9 8
12 13 12
12 12 11
13 14 3
13 3 0
13 3 2
13 2 1
13 14 13
13 13 11
13 11 10
13 10 8
13 8 4
13 8 7
13 7 5
13 7 6
13 10 9
13 13 12
14 15 14
14 14 12
14 12 0
14 12 11
14 11 10
14 10 4
14 4 1
14 4 3
14 3 2
14 10 9
14 9 6
14 6 5
14 9 8
14 8 7
14 14 13
15 16 1
15 1 0
15 16 15
15 15 12
15 12 7
15 7 2
15 7 6
15 6 5
15 5 4
15 4 3
15 12 11
15 11 10
15 10 9
15 9 8
15 15 14
15 14 13
16 19 3
16 3 1
16 1 0
16 3 2
16 19 18
16 18 17
16 17 16
16 16 14
16 14 6
16 6 5
16 5 4
16 14 13
16 13 12
16 12 11
16 11 10
16 10 9
16 9 8
16 8 7
16 16 15
17 14 13
17 13 0
17 13 12
17 12 9
17 9 8
17 8 7
17 7 6
17 6 2
17 2 1
17 6 5
17 5 3
17 5 4
17 12 11
17 11 10
18 18 17
18 17 11
18 11 10
18 10 9
18 9 8
18 8 6
18 6 5
18 5 2
18 2 1
18 1 0
18 5 4
18 4 3
18 8 7
18 17 16
18 16 15
18 15 13
18 13 12
18 15 14
19 15 9
19 9 7
19 7 6
19 6 0
19 6 5
19 5 4
19 4 3
19 3 2
19 2 1
19 9 8
19 15 14
19 14 11
19 11 10
19 14 13
19 13 12
20 16 0
20 16 15
20 15 10
20 10 8
20 8 1
20 8 7
20 7 6
20 6 4
20 4 2
20 4 3
20 6 5
20 10 9
20 15 14
20 14 11
20 14 13
20 13 12
21 15 0
21 15 14
21 14 10
21 10 2
21 2 1
21 10 9
21 9 6
21 6 4
21 4 3
21 6 5
21 9 8
21 8 7
21 14 13
21 13 12
21 12 11
22 14 5
22 5 0
22 5 4
22 4 1
22 4 3
22 3 2
22 14 13
22 13 8
22 8 6
22 8 7
22 13 12
22 12 11
22 11 10
22 10 9
23 16 0
23 16 15
23 15 8
23 8 5
23 5 1
23 5 4
23 4 3
23 3 2
23 8 7
23 7 6
23 15 14
23 14 9
23 14 13
23 13 12
23 12 11
23 11 10
24 17 15
24 15 0
24 15 14
24 14 13
24 13 10
24 10 7
24 7 6
24 6 1
24 6 5
24 5 2
24 5 4
24 4 3
24 10 9
24 9 8
24 13 12
24 12 11
24 17 16
25 14 12
25 12 11
25 11 10
25 10 1
25 1 0
25 10 9
25 9 2
25 9 8
25 8 4
25 4 3
25 8 7
25 7 5
25 7 6
25 14 13
26 18 17
26 17 12
26 12 3
26 3 2
26 2 1
26 1 0
26 12 11
26 11 6
26 6 5
26 5 4
26 11 10
26 10 8
26 8 7
26 10 9
26 17 16
26 16 15
26 15 14
26 14 13
27 19 18
27 18 17
27 17 0
27 17 16
27 16 14
27 14 13
27 13 11
27 11 10
27 10 9
27 9 7
27 7 5
27 5 4
27 4 2
27 2 1
27 4 3
27 7 6
27 9 8
27 13 12
27 16 15
28 17 16
28 16 8
28 8 2
28 2 1
28 1 0
28 8 7
28 7 5
28 5 4
28 4 3
28 7 6
28 16 15
28 15 12
28 12 9
28 12 11
28 11 10
28 15 14
28 14 13
29 15 13
29 13 11
29 11 9
29 9 8
29 8 6
29 6 5
29 5 3
29 3 2
29 2 0
29 2 1
29 5 4
29 8 7
29 11 10
29 13 12
29 15 14
30 16 15
30 15 14
30 14 13
30 13 12
30 12 11
30 11 0
30 11 10
30 10 1
30 10 9
30 9 8
30 8 7
30 7 6
30 6 3
30 3 2
30 6 5
30 5 4
31 18 16
31 16 0
31 16 15
31 15 1
31 15 14
31 14 12
31 12 2
31 12 11
31 11 4
31 4 3
31 11 10
31 10 5
31 10 9
31 9 7
31 7 6
31 9 8
31 14 13
31 18 17
32 16 15
32 15 13
32 13 10
32 10 0
32 10 9
32 9 8
32 8 6
32 6 4
32 4 3
32 3 2
32 2 1
32 6 5
32 8 7
32 13 12
32 12 11
32 15 14
33 18 4
33 4 0
33 4 3
33 3 1
33 3 2
33 18 17
33 17 7
33 7 5
33 7 6
33 17 16
33 16 11
33 11 8
33 11 10
33 10 9
33 16 15
33 15 14
33 14 12
33 14 13
34 19 18
34 18 17
34 17 0
34 17 16
34 16 1
34 16 15
34 15 4
34 4 2
34 4 3
34 15 14
34 14 13
34 13 5
34 13 12
34 12 8
34 8 6
34 8 7
34 12 11
34 11 10
34 10 9
35 19 18
35 18 12
35 12 10
35 10 9
35 9 4
35 4 0
35 4 3
35 3 1
35 3 2
35 9 8
35 8 5
35 8 7
35 7 6
35 12 11
35 18 17
35 17 16
35 16 14
35 14 13
35 16 15
36 19 1
36 1 0
36 19 18
36 18 16
36 16 14
36 14 5
36 5 3
36 3 2
36 5 4
36 14 13
36 13 11
36 11 7
36 7 6
36 11 10
36 10 8
36 10 9
36 13 12
36 16 15
36 18 17
37 15 14
37 14 7
37 7 6
37 6 0
37 6 5
37 5 4
37 4 3
37 3 1
37 3 2
37 14 13
37 13 12
37 12 11
37 11 8
37 11 10
37 10 9
38 15 14
38 14 12
38 12 0
38 12 11
38 11 7
38 7 3
38 3 1
38 3 2
38 7 6
38 6 5
38 5 4
38 11 10
38 10 8
38 10 9
38 14 13
39 19 3
39 3 0
39 3 2
39 2 1
39 19 18
39 18 17
39 17 4
39 17 16
39 16 12
39 12 8
39 8 5
39 8 7
39 7 6
39 12 11
39 11 9
39 11 10
39 16 15
39 15 13
39 15 14
40 16 14
40 14 13
40 13 12
40 12 5
40 5 0
40 5 4
40 4 1
40 4 3
40 3 2
40 12 11
40 11 10
40 10 6
40 10 9
40 9 7
40 9 8
40 16 15
41 14 13
41 13 12
41 12 10
41 10 8
41 8 6
41 6 5
41 5 4
41 4 3
41 3 2
41 2 1
41 1 0
41 8 7
41 10 9
41 12 11
42 17 16
42 16 15
42 15 0
42 15 14
42 14 13
42 13 1
42 13 12
42 12 11
42 11 8
42 8 4
42 4 3
42 3 2
42 8 7
42 7 6
42 6 5
42 11 10
42 10 9
43 15 14
43 14 13
43 13 12
43 12 11
43 11 8
43 8 7
43 7 5
43 5 4
43 4 3
43 3 0
43 3 2
43 2 1
43 7 6
43 11 10
43 10 9
44 15 14
44 14 12
44 12 10
44 10 9
44 9 7
44 7 5
44 5 4
44 4 3
44 3 1
44 1 0
44 3 2
44 7 6
44 9 8
44 12 11
44 14 13
45 19 18
45 18 17
45 17 4
45 4 3
45 3 2
45 2 1
45 1 0
45 17 16
45 16 15
45 15 7
45 7 5
45 7 6
45 15 14
45 14 9
45 9 8
45 14 13
45 13 11
45 11 10
45 13 12
46 16 15
46 15 0
46 15 14
46 14 13
46 13 2
46 2 1
46 13 12
46 12 11
46 11 10
46 10 8
46 8 7
46 7 6
46 6 4
46 4 3
46 6 5
46 10 9
47 14 13
47 13 9
47 9 4
47 4 3
47 3 1
47 1 0
47 3 2
47 9 8
47 8 6
47 6 5
47 8 7
47 13 12
47 12 11
47 11 10
48 17 15
48 15 0
48 15 14
48 14 13
48 13 1
48 13 12
48 12 11
48 11 9
48 9 4
48 4 2
48 4 3
48 9 8
48 8 7
48 7 5
48 7 6
48 11 10
48 17 16
49 16 15
49 15 14
49 14 13
49 13 12
49 12 11
49 11 0
49 11 10
49 10 4
49 4 3
49 3 2
49 2 1
49 10 9
49 9 5
49 9 8
49 8 7
49 7 6
50 15 14
50 14 12
50 12 10
50 10 5
50 5 4
50 4 3
50 3 1
50 1 0
50 3 2
50 10 9
50 9 6
50 9 8
50 8 7
50 12 11
50 14 13
51 14 0
51 14 13
51 13 1
51 13 12
51 12 10
51 10 9
51 9 2
51 9 8
51 8 7
51 7 3
51 7 6
51 6 4
51 6 5
51 12 11
52 15 10
52 10 6
52 6 0
52 6 5
52 5 4
52 4 2
52 2 1
52 4 3
52 10 9
52 9 7
52 9 8
52 15 14
52 14 13
52 13 11
52 13 12
53 18 0
53 18 17
53 17 1
53 17 16
53 16 13
53 13 12
53 12 10
53 10 7
53 7 2
53 7 6
53 6 3
53 6 5
53 5 4
53 10 9
53 9 8
53 12 11
53 16 15
53 15 14
54 15 10
54 10 9
54 9 5
54 5 3
54 3 0
54 3 2
54 2 1
54 5 4
54 9 8
54 8 6
54 8 7
54 15 14
54 14 13
54 13 12
54 12 11
55 17 16
55 16 10
55 10 8
55 8 7
55 7 6
55 6 5
55 5 4
55 4 0
55 4 3
55 3 1
55 3 2
55 10 9
55 16 15
55 15 13
55 13 12
55 12 11
55 15 14
56 14 13
56 13 1
56 1 0
56 13 12
56 12 2
56 12 11
56 11 8
56 8 7
56 7 4
56 4 3
56 7 6
56 6 5
56 11 10
56 10 9
57 16 1
57 1 0
57 16 15
57 15 3
57 3 2
57 15 14
57 14 12
57 12 11
57 11 8
57 8 4
57 8 7
57 7 6
57 6 5
57 11 10
57 10 9
57 14 13
58 17 16
58 16 10
58 10 5
58 5 4
58 4 3
58 3 2
58 2 1
58 1 0
58 10 9
58 9 8
58 8 6
58 8 7
58 16 15
58 15 14
58 14 13
58 13 12
58 12 11
59 17 8
59 8 7
59 7 6
59 6 4
59 4 3
59 3 2
59 2 1
59 1 0
59 6 5
59 17 16
59 16 11
59 11 9
59 11 10
59 16 15
59 15 14
59 14 12
59 14 13
60 19 18
60 18 0
60 18 17
60 17 16
60 16 15
60 15 3
60 3 2
60 2 1
60 15 14
60 14 6
60 6 5
60 5 4
60 14 13
60 13 8
60 8 7
60 13 12
60 12 9
60 12 11
60 11 10
61 15 0
61 15 14
61 14 12
61 12 11
61 11 10
61 10 1
61 10 9
61 9 8
61 8 3
61 3 2
61 8 7
61 7 4
61 7 6
61 6 5
61 14 13
62 14 13
62 13 12
62 12 0
62 12 11
62 11 10
62 10 9
62 9 7
62 7 5
62 5 4
62 4 1
62 4 3
62 3 2
62 7 6
62 9 8
63 17 14
63 14 9
63 9 8
63 8 0
63 8 7
63 7 1
63 7 6
63 6 5
63 5 2
63 5 4
63 4 3
63 14 13
63 13 11
63 11 10
63 13 12
63 17 16
63 16 15
64 16 15
64 15 13
64 13 10
64 10 3
64 3 1
64 1 0
64 3 2
64 10 9
64 9 8
64 8 6
64 6 5
64 5 4
64 8 7
64 13 12
64 12 11
64 15 14
65 17 16
65 16 13
65 13 4
65 4 3
65 3 1
65 1 0
65 3 2
65 13 12
65 12 5
65 12 11
65 11 10
65 10 8
65 8 6
65 8 7
65 10 9
65 16 15
65 15 14
66 15 4
66 4 2
66 2 0
66 2 1
66 4 3
66 15 14
66 14 10
66 10 9
66 9 7
66 7 5
66 7 6
66 9 8
66 14 13
66 13 12
66 12 11
67 14 13
67 13 0
67 13 12
67 12 10
67 10 8
67 8 7
67 7 5
67 5 3
67 3 1
67 3 2
67 5 4
67 7 6
67 10 9
67 12 11
68 14 3
68 3 2
68 2 0
68 2 1
68 14 13
68 13 12
68 12 8
68 8 7
68 7 6
68 6 5
68 5 4
68 12 11
68 11 10
68 10 9
69 17 15
69 15 14
69 14 12
69 12 4
69 4 3
69 3 2
69 2 0
69 2 1
69 12 11
69 11 5
69 11 10
69 10 7
69 7 6
69 10 9
69 9 8
69 14 13
69 17 16
70 17 16
70 16 0
70 16 15
70 15 14
70 14 12
70 12 11
70 11 10
70 10 1
70 10 9
70 9 7
70 7 6
70 6 4
70 4 2
70 4 3
70 6 5
70 9 8
70 14 13
71 18 16
71 16 15
71 15 14
71 14 13
71 13 0
71 13 12
71 12 3
71 3 2
71 2 1
71 12 11
71 11 10
71 10 9
71 9 8
71 8 4
71 8 7
71 7 5
71 7 6
71 18 17
72 14 13
72 13 5
72 5 4
72 4 3
72 3 2
72 2 0
72 2 1
72 13 12
72 12 7
72 7 6
72 12 11
72 11 10
72 10 8
72 10 9
73 17 3
73 3 0
73 3 2
73 2 1
73 17 16
73 16 5
73 5 4
73 16 15
73 15 7
73 7 6
73 15 14
73 14 9
73 9 8
73 14 13
73 13 10
73 13 12
73 12 11
74 16 15
74 15 8
74 8 7
74 7 5
74 5 4
74 4 2
74 2 1
74 1 0
74 4 3
74 7 6
74 15 14
74 14 9
74 14 13
74 13 12
74 12 11
74 11 10
75 15 14
75 14 8
75 8 4
75 4 3
75 3 0
75 3 2
75 2 1
75 8 7
75 7 6
75 6 5
75 14 13
75 13 11
75 11 10
75 10 9
75 13 12
76 17 1
76 1 0
76 17 16
76 16 2
76 16 15
76 15 9
76 9 8
76 8 3
76 8 7
76 7 5
76 5 4
76 7 6
76 15 14
76 14 10
76 14 13
76 13 12
76 12 11
77 15 13
77 13 0
77 13 12
77 12 10
77 10 9
77 9 8
77 8 7
77 7 6
77 6 5
77 5 3
77 3 2
77 2 1
77 5 4
77 12 11
77 15 14
78 15 14
78 14 12
78 12 3
78 3 1
78 1 0
78 3 2
78 12 11
78 11 4
78 11 10
78 10 9
78 9 8
78 8 7
78 7 6
78 6 5
78 14 13
79 18 17
79 17 5
79 5 4
79 4 3
79 3 2
79 2 1
79 1 0
79 17 16
79 16 10
79 10 8
79 8 6
79 8 7
79 10 9
79 16 15
79 15 11
79 15 14
79 14 12
79 14 13
80 18 17
80 17 13
80 13 9
80 9 7
80 7 6
80 6 1
80 1 0
80 6 5
80 5 4
80 4 3
80 3 2
80 9 8
80 13 12
80 12 10
80 12 11
80 17 16
80 16 14
80 16 15
81 15 14
81 14 12
81 12 11
81 11 10
81 10 3
81 3 2
81 2 0
81 2 1
81 10 9
81 9 8
81 8 7
81 7 6
81 6 4
81 6 5
81 14 13
82 15 8
82 8 7
82 7 6
82 6 2
82 2 1
82 1 0
82 6 5
82 5 4
82 4 3
82 15 14
82 14 11
82 11 9
82 11 10
82 14 13
82 13 12
83 14 0
83 14 13
83 13 6
83 6 1
83 6 5
83 5 4
83 4 3
83 3 2
83 13 12
83 12 7
83 12 11
83 11 10
83 10 9
83 9 8
84 14 2
84 2 0
84 2 1
84 14 13
84 13 3
84 13 12
84 12 11
84 11 8
84 8 6
84 6 4
84 6 5
84 8 7
84 11 10
84 10 9
85 19 18
85 18 9
85 9 1
85 1 0
85 9 8
85 8 7
85 7 5
85 5 3
85 3 2
85 5 4
85 7 6
85 18 17
85 17 15
85 15 10
85 15 14
85 14 13
85 13 12
85 12 11
85 17 16
86 14 1
86 1 0
86 14 13
86 13 12
86 12 6
86 6 4
86 4 3
86 3 2
86 6 5
86 12 11
86 11 9
86 9 8
86 8 7
86 11 10
87 19 18
87 18 14
87 14 10
87 10 9
87 9 0
87 9 8
87 8 1
87 8 7
87 7 5
87 5 4
87 4 2
87 4 3
87 7 6
87 14 13
87 13 11
87 13 12
87 18 17
87 17 15
87 17 16
88 18 17
88 17 16
88 16 14
88 14 0
88 14 13
88 13 1
88 13 12
88 12 10
88 10 9
88 9 8
88 8 7
88 7 2
88 7 6
88 6 4
88 4 3
88 6 5
88 12 11
88 16 15
89 15 0
89 15 14
89 14 10
89 10 3
89 3 1
89 3 2
89 10 9
89 9 8
89 8 7
89 7 6
89 6 4
89 6 5
89 14 13
89 13 12
89 12 11
90 16 13
90 13 11
90 11 4
90 4 3
90 3 1
90 1 0
90 3 2
90 11 10
90 10 6
90 6 5
90 10 9
90 9 8
90 8 7
90 13 12
90 16 15
90 15 14
91 15 4
91 4 3
91 3 2
91 2 0
91 2 1
91 15 14
91 14 13
91 13 9
91 9 7
91 7 6
91 6 5
91 9 8
91 13 12
91 12 11
91 11 10
92 14 13
92 13 11
92 11 10
92 10 0
92 10 9
92 9 8
92 8 7
92 7 6
92 6 5
92 5 1
92 5 4
92 4 2
92 4 3
92 13 12
93 15 13
93 13 12
93 12 9
93 9 8
93 8 7
93 7 2
93 2 1
93 1 0
93 7 6
93 6 5
93 5 3
93 5 4
93 12 11
93 11 10
93 15 14
94 16 15
94 15 14
94 14 13
94 13 12
94 12 1
94 1 0
94 12 11
94 11 10
94 10 9
94 9 8
94 8 6
94 6 5
94 5 2
94 5 4
94 4 3
94 8 7
95 15 14
95 14 0
95 14 13
95 13 9
95 9 8
95 8 4
95 4 2
95 2 1
95 4 3
95 8 7
95 7 6
95 6 5
95 13 12
95 12 10
95 12 11
96 15 14
96 14 0
96 14 13
96 13 11
96 11 10
96 10 4
96 4 1
96 4 3
96 3 2
96 10 9
96 9 8
96 8 5
96 8 7
96 7 6
96 13 12
97 16 0
97 16 15
97 15 13
97 13 1
97 13 12
97 12 6
97 6 4
97 4 3
97 3 2
97 6 5
97 12 11
97 11 10
97 10 9
97 9 7
97 9 8
97 15 14
98 14 0
98 14 13
98 13 12
98 12 1
98 12 11
98 11 10
98 10 9
98 9 2
98 9 8
98 8 7
98 7 3
98 7 6
98 6 5
98 5 4
99 16 15
99 15 14
99 14 13
99 13 0
99 13 12
99 12 1
99 12 11
99 11 9
99 9 2
99 9 8
99 8 7
99 7 6
99 6 5
99 5 3
99 5 4
99 11 10
100 16 15
100 15 14
100 14 13
100 13 5
100 5 3
100 3 0
100 3 2
100 2 1
100 5 4
100 13 12
100 12 8
100 8 7
100 7 6
100 12 11
100 11 10
100 10 9
101 18 16
101 16 1
101 1 0
101 16 15
101 15 2
101 15 14
101 14 10
101 10 3
101 10 9
101 9 8
101 8 7
101 7 5
101 5 4
101 7 6
101 14 13
101 13 11
101 13 12
101 18 17
