1 16 0
1 16 15
1 15 14
1 14 6
1 6 1
1 6 5
1 5 2
1 5 4
1 4 3
1 14 13
1 13 12
1 12 7
1 12 11
1 11 10
1 10 8
1 10 9
2 16 15
2 15 14
2 14 10
2 10 5
2 5 0
2 5 4
2 4 2
2 2 1
2 4 3
2 10 9
2 9 6
2 9 8
2 8 7
2 14 13
2 13 12
2 12 11
3 16 11
3 11 10
3 10 9
3 9 7
3 7 4
3 4 0
3 4 3
3 3 1
3 3 2
3 7 6
3 6 5
3 9 8
3 16 15
3 15 13
3 13 12
3 15 14
4 14 2
4 2 0
4 2 1
4 14 13
4 13 12
4 12 11
4 11 9
4 9 3
4 9 8
4 8 6
4 6 4
4 6 5
4 8 7
4 11 10
5 17 11
5 11 1
5 1 0
5 11 10
5 10 2
5 10 9
5 9 8
5 8 4
5 4 3
5 8 7
5 7 6
5 6 5
5 17 16
5 16 12
5 16 15
5 15 13
5 15 14
6 17 15
6 15 6
6 6 5
6 5 3
6 3 2
6 2 1
6 1 0
6 5 4
6 15 14
6 14 13
6 13 8
6 8 7
6 13 12
6 12 9
6 12 11
6 11 10
6 17 16
7 14 13
7 13 6
7 6 5
7 5 4
7 4 1
7 1 0
7 4 3
7 3 2
7 13 12
7 12 7
7 12 11
7 11 8
7 11 10
7 10 9
8 18 3
8 3 2
8 2 0
8 2 1
8 18 17
8 17 16
8 16 12
8 12 4
8 12 11
8 11 7
8 7 5
8 7 6
8 11 10
8 10 9
8 9 8
8 16 15
8 15 14
8 14 13
9 16 15
9 15 10
9 10 8
9 8 0
9 8 7
9 7 6
9 6 4
9 4 3
9 3 1
9 3 2
9 6 5
9 10 9
9 15 14
9 14 11
9 14 13
9 13 12
10 19 18
10 18 0
10 18 17
10 17 16
10 16 14
10 14 6
10 6 4
10 4 1
10 4 3
10 3 2
10 6 5
10 14 13
10 13 12
10 12 8
10 8 7
10 12 11
10 11 10
10 10 9
10 16 15
11 14 3
11 3 1
11 1 0
11 3 2
11 14 13
11 13 12
11 12 4
11 12 11
11 11 9
11 9 8
11 8 6
11 6 5
11 8 7
11 11 10
12 18 1
12 1 0
12 18 17
12 17 16
12 16 15
12 15 3
12 3 2
12 15 14
12 14 4
12 14 13
12 13 12
12 12 11
12 11 5
12 11 10
12 10 9
12 9 6
12 9 8
12 8 7
13 18 17
13 17 16
13 16 15
13 15 14
13 14 2
13 2 1
13 1 0
13 14 13
13 13 12
13 12 9
13 9 8
13 8 7
13 7 6
13 6 5
13 5 3
13 5 4
13 12 11
13 11 10
14 15 14
14 14 13
14 13 9
14 9 8
14 8 4
14 4 0
14 4 3
14 3 2
14 2 1
14 8 7
14 7 6
14 6 5
14 13 12
14 12 10
14 12 11
15 14 5
15 5 4
15 4 3
15 3 0
15 3 2
15 2 1
15 14 13
15 13 12
15 12 8
15 8 6
15 8 7
15 12 11
15 11 9
15 11 10
16 16 0
16 16 15
16 15 14
16 14 13
16 13 4
16 4 1
16 4 3
16 3 2
16 13 12
16 12 11
16 11 6
16 6 5
16 11 10
16 10 9
16 9 8
16 8 7
17 15 11
17 11 4
17 4 3
17 3 1
17 1 0
17 3 2
17 11 10
17 10 5
17 10 9
17 9 8
17 8 7
17 7 6
17 15 14
17 14 12
17 14 13
18 14 13
18 13 12
18 12 9
18 9 0
18 9 8
18 8 6
18 6 5
18 5 1
18 5 4
18 4 2
18 4 3
18 8 7
18 12 11
18 11 10
19 16 15
19 15 14
19 14 12
19 12 11
19 11 10
19 10 9
19 9 7
19 7 6
19 6 3
19 3 0
19 3 2
19 2 1
19 6 5
19 5 4
19 9 8
19 14 13
20 16 0
20 16 15
20 15 14
20 14 12
20 12 11
20 11 9
20 9 3
20 3 2
20 2 1
20 9 8
20 8 6
20 6 5
20 5 4
20 8 7
20 11 10
20 14 13
21 17 1
21 1 0
21 17 16
21 16 14
21 14 12
21 12 11
21 11 4
21 4 3
21 3 2
21 11 10
21 10 9
21 9 8
21 8 5
21 8 7
21 7 6
21 14 13
21 16 15
22 16 0
22 16 15
22 15 11
22 11 10
22 10 8
22 8 1
22 8 7
22 7 6
22 6 5
22 5 4
22 4 2
22 4 3
22 10 9
22 15 14
22 14 12
22 14 13
23 18 0
23 18 17
23 17 16
23 16 14
23 14 2
23 2 1
23 14 13
23 13 3
23 13 12
23 12 7
23 7 4
23 7 6
23 6 5
23 12 11
23 11 9
23 9 8
23 11 10
23 16 15
24 14 0
24 14 13
24 13 12
24 12 11
24 11 4
24 4 2
24 2 1
24 4 3
24 11 10
24 10 5
24 10 9
24 9 8
24 8 7
24 7 6
25 19 0
25 19 18
25 18 17
25 17 3
25 3 2
25 2 1
25 17 16
25 16 7
25 7 6
25 6 4
25 6 5
25 16 15
25 15 8
25 15 14
25 14 13
25 13 9
25 13 12
25 12 10
25 12 11
26 15 0
26 15 14
26 14 1
26 14 13
26 13 2
26 13 12
26 12 11
26 11 3
26 11 10
26 10 8
26 8 7
26 7 4
26 7 6
26 6 5
26 10 9
27 17 16
27 16 14
27 14 2
27 2 1
27 1 0
27 14 13
27 13 12
27 12 11
27 11 7
27 7 5
27 5 4
27 4 3
27 7 6
27 11 10
27 10 9
27 9 8
27 16 15
28 16 15
28 15 14
28 14 13
28 13 7
28 7 0
28 7 6
28 6 2
28 2 1
28 6 5
28 5 4
28 4 3
28 13 12
28 12 8
28 12 11
28 11 9
28 11 10
29 15 2
29 2 0
29 2 1
29 15 14
29 14 13
29 13 12
29 12 11
29 11 10
29 10 9
29 9 7
29 7 6
29 6 3
29 6 5
29 5 4
29 9 8
30 14 0
30 14 13
30 13 1
30 13 12
30 12 11
30 11 9
30 9 6
30 6 2
30 6 5
30 5 3
30 5 4
30 9 8
30 8 7
30 11 10
31 17 16
31 16 11
31 11 0
31 11 10
31 10 9
31 9 8
31 8 3
31 3 1
31 3 2
31 8 7
31 7 6
31 6 5
31 5 4
31 16 15
31 15 13
31 13 12
31 15 14
32 18 17
32 17 7
32 7 6
32 6 5
32 5 4
32 4 3
32 3 2
32 2 1
32 1 0
32 17 16
32 16 15
32 15 14
32 14 13
32 13 8
32 13 12
32 12 11
32 11 10
32 10 9
33 16 15
33 15 0
33 15 14
33 14 5
33 5 1
33 5 4
33 4 3
33 3 2
33 14 13
33 13 9
33 9 8
33 8 7
33 7 6
33 13 12
33 12 10
33 12 11
34 16 14
34 14 2
34 2 0
34 2 1
34 14 13
34 13 12
34 12 3
34 12 11
34 11 7
34 7 6
34 6 5
34 5 4
34 11 10
34 10 9
34 9 8
34 16 15
35 14 0
35 14 13
35 13 11
35 11 2
35 2 1
35 11 10
35 10 9
35 9 6
35 6 5
35 5 4
35 4 3
35 9 8
35 8 7
35 13 12
36 18 16
36 16 12
36 12 11
36 11 6
36 6 1
36 1 0
36 6 5
36 5 4
36 4 2
36 4 3
36 11 10
36 10 9
36 9 8
36 8 7
36 16 15
36 15 13
36 15 14
36 18 17
37 14 0
37 14 13
37 13 12
37 12 11
37 11 2
37 2 1
37 11 10
37 10 9
37 9 7
37 7 4
37 4 3
37 7 6
37 6 5
37 9 8
38 16 15
38 15 13
38 13 11
38 11 9
38 9 8
38 8 3
38 3 2
38 2 1
38 1 0
38 8 7
38 7 4
38 7 6
38 6 5
38 11 10
38 13 12
38 15 14
39 16 12
39 12 2
39 2 0
39 2 1
39 12 11
39 11 10
39 10 3
39 10 9
39 9 8
39 8 4
39 8 7
39 7 5
39 7 6
39 16 15
39 15 14
39 14 13
40 16 10
40 10 9
40 9 0
40 9 8
40 8 7
40 7 1
40 7 6
40 6 3
40 3 2
40 6 5
40 5 4
40 16 15
40 15 14
40 14 13
40 13 12
40 12 11
41 14 6
41 6 5
41 5 4
41 4 2
41 2 0
41 2 1
41 4 3
41 14 13
41 13 12
41 12 11
41 11 10
41 10 7
41 10 9
41 9 8
42 15 11
42 11 1
42 1 0
42 11 10
42 10 5
42 5 4
42 4 2
42 4 3
42 10 9
42 9 8
42 8 7
42 7 6
42 15 14
42 14 13
42 13 12
43 19 14
43 14 10
43 10 3
43 3 1
43 1 0
43 3 2
43 10 9
43 9 4
43 9 8
43 8 7
43 7 6
43 6 5
43 14 13
43 13 11
43 13 12
43 19 18
43 18 16
43 16 15
43 18 17
44 18 16
44 16 15
44 15 0
44 15 14
44 14 2
44 2 1
44 14 13
44 13 9
44 9 6
44 6 3
44 6 5
44 5 4
44 9 8
44 8 7
44 13 12
44 12 11
44 11 10
44 18 17
45 18 17
45 17 16
45 16 15
45 15 9
45 9 8
45 8 1
45 1 0
45 8 7
45 7 5
45 5 4
45 4 2
45 4 3
45 7 6
45 15 14
45 14 13
45 13 11
45 11 10
45 13 12
46 15 7
46 7 6
46 6 0
46 6 5
46 5 4
46 4 2
46 2 1
46 4 3
46 15 14
46 14 9
46 9 8
46 14 13
46 13 12
46 12 10
46 12 11
47 16 14
47 14 9
47 9 1
47 1 0
47 9 8
47 8 6
47 6 4
47 4 2
47 4 3
47 6 5
47 8 7
47 14 13
47 13 12
47 12 11
47 11 10
47 16 15
48 14 7
48 7 6
48 6 4
48 4 2
48 2 1
48 1 0
48 4 3
48 6 5
48 14 13
48 13 10
48 10 9
48 9 8
48 13 12
48 12 11
49 17 15
49 15 0
49 15 14
49 14 10
49 10 7
49 7 6
49 6 4
49 4 2
49 2 1
49 4 3
49 6 5
49 10 9
49 9 8
49 14 13
49 13 11
49 13 12
49 17 16
50 16 15
50 15 14
50 14 13
50 13 6
50 6 5
50 5 3
50 3 2
50 2 0
50 2 1
50 5 4
50 13 12
50 12 11
50 11 10
50 10 9
50 9 8
50 8 7
51 15 7
51 7 1
51 1 0
51 7 6
51 6 5
51 5 2
51 5 4
51 4 3
51 15 14
51 14 8
51 14 13
51 13 9
51 13 12
51 12 10
51 12 11
52 15 1
52 1 0
52 15 14
52 14 13
52 13 12
52 12 11
52 11 2
52 11 10
52 10 9
52 9 4
52 4 3
52 9 8
52 8 7
52 7 5
52 7 6
53 19 16
53 16 0
53 16 15
53 15 14
53 14 1
53 14 13
53 13 7
53 7 2
53 7 6
53 6 4
53 4 3
53 6 5
53 13 12
53 12 11
53 11 9
53 9 8
53 11 10
53 19 18
53 18 17
54 16 15
54 15 14
54 14 0
54 14 13
54 13 7
54 7 6
54 6 5
54 5 4
54 4 2
54 2 1
54 4 3
54 13 12
54 12 11
54 11 10
54 10 8
54 10 9
55 16 1
55 1 0
55 16 15
55 15 14
55 14 13
55 13 2
55 13 12
55 12 11
55 11 6
55 6 5
55 5 3
55 5 4
55 11 10
55 10 9
55 9 7
55 9 8
56 14 0
56 14 13
56 13 11
56 11 9
56 9 1
56 9 8
56 8 5
56 5 3
56 3 2
56 5 4
56 8 7
56 7 6
56 11 10
56 13 12
57 14 8
57 8 0
57 8 7
57 7 4
57 4 1
57 4 3
57 3 2
57 7 6
57 6 5
57 14 13
57 13 12
57 12 11
57 11 10
57 10 9
58 15 13
58 13 8
58 8 0
58 8 7
58 7 1
58 7 6
58 6 5
58 5 2
58 5 4
58 4 3
58 13 12
58 12 10
58 10 9
58 12 11
58 15 14
59 18 0
59 18 17
59 17 3
59 3 1
59 3 2
59 17 16
59 16 14
59 14 5
59 5 4
59 14 13
59 13 12
59 12 11
59 11 10
59 10 9
59 9 8
59 8 7
59 7 6
59 16 15
60 15 14
60 14 0
60 14 13
60 13 11
60 11 3
60 3 1
60 3 2
60 11 10
60 10 9
60 9 6
60 6 4
60 6 5
60 9 8
60 8 7
60 13 12
61 18 0
61 18 17
61 17 16
61 16 1
61 16 15
61 15 3
61 3 2
61 15 14
61 14 13
61 13 12
61 12 4
61 12 11
61 11 10
61 10 5
61 10 9
61 9 8
61 8 7
61 7 6
62 14 13
62 13 0
62 13 12
62 12 11
62 11 4
62 4 3
62 3 1
62 3 2
62 11 10
62 10 6
62 6 5
62 10 9
62 9 8
62 8 7
63 19 18
63 18 17
63 17 12
63 12 8
63 8 7
63 7 0
63 7 6
63 6 4
63 4 3
63 3 1
63 3 2
63 6 5
63 12 11
63 11 9
63 11 10
63 17 16
63 16 15
63 15 13
63 15 14
64 14 12
64 12 11
64 11 10
64 10 9
64 9 5
64 5 0
64 5 4
64 4 3
64 3 1
64 3 2
64 9 8
64 8 6
64 8 7
64 14 13
65 19 17
65 17 16
65 16 15
65 15 0
65 15 14
65 14 13
65 13 2
65 2 1
65 13 12
65 12 3
65 12 11
65 11 4
65 11 10
65 10 7
65 7 5
65 7 6
65 10 9
65 9 8
65 19 18
66 18 0
66 18 17
66 17 14
66 14 13
66 13 5
66 5 4
66 4 3
66 3 2
66 2 1
66 13 12
66 12 10
66 10 7
66 7 6
66 10 9
66 9 8
66 12 11
66 17 16
66 16 15
67 19 18
67 18 16
67 16 15
67 15 2
67 2 0
67 2 1
67 15 14
67 14 12
67 12 3
67 12 11
67 11 10
67 10 9
67 9 8
67 8 5
67 5 4
67 8 7
67 7 6
67 14 13
67 18 17
68 18 15
68 15 14
68 14 13
68 13 12
68 12 11
68 11 7
68 7 6
68 6 5
68 5 1
68 1 0
68 5 4
68 4 2
68 4 3
68 11 10
68 10 8
68 10 9
68 18 17
68 17 16
69 15 1
69 1 0
69 15 14
69 14 13
69 13 12
69 12 9
69 9 2
69 9 8
69 8 5
69 5 3
69 5 4
69 8 7
69 7 6
69 12 11
69 11 10
70 19 18
70 18 14
70 14 0
70 14 13
70 13 12
70 12 11
70 11 6
70 6 1
70 6 5
70 5 2
70 5 4
70 4 3
70 11 10
70 10 9
70 9 8
70 8 7
70 18 17
70 17 15
70 17 16
71 15 14
71 14 4
71 4 3
71 3 0
71 3 2
71 2 1
71 14 13
71 13 12
71 12 11
71 11 9
71 9 8
71 8 7
71 7 6
71 6 5
71 11 10
72 15 14
72 14 13
72 13 6
72 6 3
72 3 0
72 3 2
72 2 1
72 6 5
72 5 4
72 13 12
72 12 11
72 11 10
72 10 8
72 8 7
72 10 9
73 14 13
73 13 3
73 3 2
73 2 1
73 1 0
73 13 12
73 12 10
73 10 9
73 9 8
73 8 4
73 8 7
73 7 6
73 6 5
73 12 11
74 17 5
74 5 4
74 4 1
74 1 0
74 4 3
74 3 2
74 17 16
74 16 15
74 15 8
74 8 6
74 8 7
74 15 14
74 14 13
74 13 12
74 12 9
74 12 11
74 11 10
75 17 16
75 16 15
75 15 14
75 14 12
75 12 11
75 11 1
75 1 0
75 11 10
75 10 9
75 9 5
75 5 2
75 5 4
75 4 3
75 9 8
75 8 7
75 7 6
75 14 13
76 16 15
76 15 10
76 10 9
76 9 7
76 7 0
76 7 6
76 6 3
76 3 1
76 3 2
76 6 5
76 5 4
76 9 8
76 15 14
76 14 11
76 14 13
76 13 12
77 18 17
77 17 5
77 5 0
77 5 4
77 4 3
77 3 2
77 2 1
77 17 16
77 16 7
77 7 6
77 16 15
77 15 12
77 12 11
77 11 8
77 11 10
77 10 9
77 15 14
77 14 13
78 15 14
78 14 10
78 10 9
78 9 8
78 8 7
78 7 6
78 6 5
78 5 3
78 3 0
78 3 2
78 2 1
78 5 4
78 14 13
78 13 12
78 12 11
79 19 16
79 16 15
79 15 14
79 14 13
79 13 0
79 13 12
79 12 3
79 3 1
79 3 2
79 12 11
79 11 6
79 6 4
79 6 5
79 11 10
79 10 9
79 9 8
79 8 7
79 19 18
79 18 17
80 17 0
80 17 16
80 16 15
80 15 1
80 15 14
80 14 2
80 14 13
80 13 12
80 12 5
80 5 3
80 5 4
80 12 11
80 11 9
80 9 7
80 7 6
80 9 8
80 11 10
81 15 12
81 12 11
81 11 1
81 1 0
81 11 10
81 10 7
81 7 6
81 6 5
81 5 4
81 4 3
81 3 2
81 10 9
81 9 8
81 15 14
81 14 13
82 14 13
82 13 7
82 7 6
82 6 5
82 5 3
82 3 1
82 1 0
82 3 2
82 5 4
82 13 12
82 12 8
82 12 11
82 11 9
82 11 10
83 18 12
83 12 11
83 11 5
83 5 3
83 3 2
83 2 0
83 2 1
83 5 4
83 11 10
83 10 9
83 9 8
83 8 6
83 8 7
83 18 17
83 17 15
83 15 14
83 14 13
83 17 16
84 14 5
84 5 2
84 2 0
84 2 1
84 5 4
84 4 3
84 14 13
84 13 7
84 7 6
84 13 12
84 12 11
84 11 10
84 10 8
84 10 9
85 16 1
85 1 0
85 16 15
85 15 2
85 15 14
85 14 4
85 4 3
85 14 13
85 13 9
85 9 7
85 7 6
85 6 5
85 9 8
85 13 12
85 12 10
85 12 11
86 19 12
86 12 11
86 11 10
86 10 6
86 6 4
86 4 3
86 3 2
86 2 0
86 2 1
86 6 5
86 10 9
86 9 7
86 9 8
86 19 18
86 18 17
86 17 15
86 15 14
86 14 13
86 17 16
87 18 0
87 18 17
87 17 8
87 8 7
87 7 6
87 6 2
87 2 1
87 6 5
87 5 3
87 5 4
87 17 16
87 16 15
87 15 10
87 10 9
87 15 14
87 14 13
87 13 12
87 12 11
88 17 3
88 3 1
88 1 0
88 3 2
88 17 16
88 16 15
88 15 4
88 15 14
88 14 13
88 13 12
88 12 8
88 8 7
88 7 5
88 7 6
88 12 11
88 11 9
88 11 10
89 15 13
89 13 12
89 12 11
89 11 1
89 1 0
89 11 10
89 10 8
89 8 6
89 6 5
89 5 4
89 4 3
89 3 2
89 8 7
89 10 9
89 15 14
90 17 16
90 16 15
90 15 13
90 13 9
90 9 5
90 5 4
90 4 3
90 3 1
90 1 0
90 3 2
90 9 8
90 8 7
90 7 6
90 13 12
90 12 11
90 11 10
90 15 14
91 18 2
91 2 1
91 1 0
91 18 17
91 17 16
91 16 11
91 11 9
91 9 8
91 8 6
91 6 5
91 5 4
91 4 3
91 8 7
91 11 10
91 16 15
91 15 13
91 13 12
91 15 14
92 15 8
92 8 4
92 4 2
92 2 1
92 1 0
92 4 3
92 8 7
92 7 5
92 7 6
92 15 14
92 14 9
92 14 13
92 13 11
92 11 10
92 13 12
93 18 4
93 4 1
93 1 0
93 4 3
93 3 2
93 18 17
93 17 12
93 12 11
93 11 9
93 9 8
93 8 7
93 7 6
93 6 5
93 11 10
93 17 16
93 16 15
93 15 13
93 15 14
94 19 18
94 18 17
94 17 16
94 16 12
94 12 8
94 8 7
94 7 2
94 2 1
94 1 0
94 7 6
94 6 4
94 4 3
94 6 5
94 12 11
94 11 9
94 11 10
94 16 15
94 15 13
94 15 14
95 14 13
95 13 11
95 11 10
95 10 9
95 9 7
95 7 2
95 2 0
95 2 1
95 7 6
95 6 4
95 4 3
95 6 5
95 9 8
95 13 12
96 15 14
96 14 9
96 9 0
96 9 8
96 8 6
96 6 3
96 3 1
96 3 2
96 6 5
96 5 4
96 8 7
96 14 13
96 13 10
96 13 12
96 12 11
97 16 6
97 6 5
97 5 0
97 5 4
97 4 3
97 3 1
97 3 2
97 16 15
97 15 13
97 13 12
97 12 11
97 11 7
97 11 10
97 10 8
97 10 9
97 15 14
98 18 17
98 17 16
98 16 0
98 16 15
98 15 14
98 14 13
98 13 12
98 12 10
98 10 6
98 6 4
98 4 3
98 3 2
98 2 1
98 6 5
98 10 9
98 9 8
98 8 7
98 12 11
99 15 0
99 15 14
99 14 8
99 8 7
99 7 6
99 6 2
99 2 1
99 6 5
99 5 3
99 5 4
99 14 13
99 13 12
99 12 10
99 10 9
99 12 11
100 16 9
100 9 8
100 8 2
100 2 1
100 1 0
100 8 7
100 7 6
100 6 5
100 5 3
100 5 4
100 16 15
100 15 14
100 14 13
100 13 10
100 13 12
100 12 11
101 17 16
101 16 15
101 15 14
101 14 13
101 13 0
101 13 12
101 12 10
101 10 8
101 8 4
101 4 1
101 4 3
101 3 2
101 8 7
101 7 6
101 6 5
101 10 9
101 12 11
