1 19 15
1 15 14
1 14 6
1 6 5
1 5 3
1 3 2
1 2 0
1 2 1
1 5 4
1 14 13
1 13 7
1 13 12
1 12 10
1 10 8
1 10 9
1 12 11
1 19 18
1 18 17
1 17 16
2 15 14
2 14 13
2 13 5
2 5 4
2 4 0
2 4 3
2 3 2
2 2 1
2 13 12
2 12 10
2 10 9
2 9 7
2 7 6
2 9 8
2 12 11
3 19 1
3 1 0
3 19 18
3 18 6
3 6 4
3 4 2
3 4 3
3 6 5
3 18 17
3 17 7
3 17 16
3 16 11
3 11 8
3 11 10
3 10 9
3 16 15
3 15 13
3 13 12
3 15 14
4 14 13
4 13 11
4 11 4
4 4 0
4 4 3
4 3 1
4 3 2
4 11 10
4 10 9
4 9 8
4 8 7
4 7 5
4 7 6
4 13 12
5 16 4
5 4 3
5 3 2
5 2 1
5 1 0
5 16 15
5 15 13
5 13 12
5 12 9
5 9 6
5 6 5
5 9 8
5 8 7
5 12 11
5 11 10
5 15 14
6 14 13
6 13 12
6 12 10
6 10 3
6 3 0
6 3 2
6 2 1
6 10 9
6 9 5
6 5 4
6 9 8
6 8 6
6 8 7
6 12 11
7 15 14
7 14 7
7 7 4
7 4 0
7 4 3
7 3 1
7 3 2
7 7 6
7 6 5
7 14 13
7 13 12
7 12 9
7 9 8
7 12 11
7 11 10
8 17 15
8 15 13
8 13 12
8 12 0
8 12 11
8 11 4
8 4 1
8 4 3
8 3 2
8 11 10
8 10 9
8 9 5
8 9 8
8 8 6
8 8 7
8 15 14
8 17 16
9 14 4
9 4 2
9 2 0
9 2 1
9 4 3
9 14 13
9 13 11
9 11 10
9 10 9
9 9 5
9 9 8
9 8 6
9 8 7
9 13 12
10 17 13
10 13 2
10 2 0
10 2 1
10 13 12
10 12 11
10 11 9
10 9 8
10 8 7
10 7 6
10 6 5
10 5 3
10 5 4
10 11 10
10 17 16
10 16 14
10 16 15
11 16 0
11 16 15
11 15 14
11 14 13
11 13 12
11 12 11
11 11 10
11 10 1
11 10 9
11 9 8
11 8 7
11 7 2
11 7 6
11 6 4
11 4 3
11 6 5
12 18 7
12 7 0
12 7 6
12 6 1
12 6 5
12 5 4
12 4 3
12 3 2
12 18 17
12 17 16
12 16 15
12 15 14
12 14 8
12 14 13
12 13 12
12 12 11
12 11 9
12 11 10
13 16 14
13 14 8
13 8 7
13 7 1
13 1 0
13 7 6
13 6 3
13 3 2
13 6 5
13 5 4
13 14 13
13 13 12
13 12 11
13 11 9
13 11 10
13 16 15
14 15 8
14 8 7
14 7 5
14 5 4
14 4 2
14 2 1
14 1 0
14 4 3
14 7 6
14 15 14
14 14 13
14 13 9
14 13 12
14 12 11
14 11 10
15 18 9
15 9 0
15 9 8
15 8 6
15 6 3
15 3 1
15 3 2
15 6 5
15 5 4
15 8 7
15 18 17
15 17 12
15 12 11
15 11 10
15 17 16
15 16 15
15 15 13
15 15 14
16 16 15
16 15 13
16 13 12
16 12 11
16 11 10
16 10 0
16 10 9
16 9 3
16 3 2
16 2 1
16 9 8
16 8 4
16 8 7
16 7 5
16 7 6
16 15 14
17 19 2
17 2 1
17 1 0
17 19 18
17 18 15
17 15 11
17 11 4
17 4 3
17 11 10
17 10 9
17 9 5
17 9 8
17 8 7
17 7 6
17 15 14
17 14 13
17 13 12
17 18 17
17 17 16
18 15 9
18 9 6
18 6 5
18 5 3
18 3 2
18 2 0
18 2 1
18 5 4
18 9 8
18 8 7
18 15 14
18 14 13
18 13 12
18 12 11
18 11 10
19 18 8
19 8 6
19 6 0
19 6 5
19 5 4
19 4 1
19 4 3
19 3 2
19 8 7
19 18 17
19 17 9
19 17 16
19 16 13
19 13 12
19 12 10
19 12 11
19 16 15
19 15 14
20 19 18
20 18 17
20 17 16
20 16 4
20 4 0
20 4 3
20 3 2
20 2 1
20 16 15
20 15 13
20 13 9
20 9 5
20 9 8
20 8 7
20 7 6
20 13 12
20 12 11
20 11 10
20 15 14
21 16 15
21 15 2
21 2 0
21 2 1
21 15 14
21 14 13
21 13 12
21 12 11
21 11 10
21 10 8
21 8 7
21 7 6
21 6 3
21 6 5
21 5 4
21 10 9
22 15 14
22 14 13
22 13 12
22 12 11
22 11 10
22 10 2
22 2 0
22 2 1
22 10 9
22 9 4
22 4 3
22 9 8
22 8 6
22 6 5
22 8 7
23 15 14
23 14 9
23 9 0
23 9 8
23 8 3
23 3 2
23 2 1
23 8 7
23 7 4
23 7 6
23 6 5
23 14 13
23 13 12
23 12 11
23 11 10
24 15 12
24 12 1
24 1 0
24 12 11
24 11 10
24 10 7
24 7 6
24 6 5
24 5 4
24 4 2
24 4 3
24 10 9
24 9 8
24 15 14
24 14 13
25 14 13
25 13 12
25 12 11
25 11 9
25 9 4
25 4 2
25 2 1
25 1 0
25 4 3
25 9 8
25 8 7
25 7 6
25 6 5
25 11 10
26 16 12
26 12 0
26 12 11
26 11 3
26 3 1
26 3 2
26 11 10
26 10 9
26 9 8
26 8 4
26 8 7
26 7 6
26 6 5
26 16 15
26 15 13
26 15 14
27 15 14
27 14 9
27 9 8
27 8 7
27 7 0
27 7 6
27 6 5
27 5 4
27 4 2
27 2 1
27 4 3
27 14 13
27 13 12
27 12 11
27 11 10
28 17 7
28 7 6
28 6 5
28 5 4
28 4 3
28 3 2
28 2 0
28 2 1
28 17 16
28 16 15
28 15 14
28 14 13
28 13 9
28 9 8
28 13 12
28 12 11
28 11 10
29 14 13
29 13 0
29 13 12
29 12 11
29 11 4
29 4 3
29 3 2
29 2 1
29 11 10
29 10 6
29 6 5
29 10 9
29 9 8
29 8 7
30 14 13
30 13 11
30 11 10
30 10 8
30 8 4
30 4 3
30 3 2
30 2 1
30 1 0
30 8 7
30 7 6
30 6 5
30 10 9
30 13 12
31 17 16
31 16 1
31 1 0
31 16 15
31 15 14
31 14 13
31 13 12
31 12 11
31 11 10
31 10 2
31 10 9
31 9 4
31 4 3
31 9 8
31 8 6
31 6 5
31 8 7
32 17 4
32 4 2
32 2 0
32 2 1
32 4 3
32 17 16
32 16 15
32 15 9
32 9 7
32 7 6
32 6 5
32 9 8
32 15 14
32 14 13
32 13 12
32 12 10
32 12 11
33 18 8
33 8 7
33 7 1
33 1 0
33 7 6
33 6 5
33 5 2
33 5 4
33 4 3
33 18 17
33 17 11
33 11 10
33 10 9
33 17 16
33 16 12
33 16 15
33 15 14
33 14 13
34 19 15
34 15 6
34 6 5
34 5 0
34 5 4
34 4 3
34 3 2
34 2 1
34 15 14
34 14 13
34 13 12
34 12 8
34 8 7
34 12 11
34 11 9
34 11 10
34 19 18
34 18 16
34 18 17
35 15 14
35 14 13
35 13 12
35 12 11
35 11 9
35 9 5
35 5 1
35 1 0
35 5 4
35 4 3
35 3 2
35 9 8
35 8 7
35 7 6
35 11 10
36 14 13
36 13 10
36 10 9
36 9 8
36 8 7
36 7 6
36 6 4
36 4 2
36 2 1
36 1 0
36 4 3
36 6 5
36 13 12
36 12 11
37 14 13
37 13 12
37 12 11
37 11 10
37 10 0
37 10 9
37 9 8
37 8 7
37 7 1
37 7 6
37 6 4
37 4 3
37 3 2
37 6 5
38 18 5
38 5 3
38 3 2
38 2 1
38 1 0
38 5 4
38 18 17
38 17 12
38 12 10
38 10 9
38 9 7
38 7 6
38 9 8
38 12 11
38 17 16
38 16 13
38 16 15
38 15 14
39 17 11
39 11 3
39 3 1
39 1 0
39 3 2
39 11 10
39 10 8
39 8 4
39 8 7
39 7 6
39 6 5
39 10 9
39 17 16
39 16 12
39 16 15
39 15 14
39 14 13
40 15 14
40 14 12
40 12 10
40 10 2
40 2 1
40 1 0
40 10 9
40 9 5
40 5 3
40 5 4
40 9 8
40 8 7
40 7 6
40 12 11
40 14 13
41 18 8
41 8 7
41 7 4
41 4 3
41 3 0
41 3 2
41 2 1
41 7 6
41 6 5
41 18 17
41 17 9
41 17 16
41 16 15
41 15 10
41 15 14
41 14 12
41 12 11
41 14 13
42 16 15
42 15 14
42 14 13
42 13 12
42 12 0
42 12 11
42 11 4
42 4 3
42 3 2
42 2 1
42 11 10
42 10 8
42 8 6
42 6 5
42 8 7
42 10 9
43 15 0
43 15 14
43 14 12
43 12 11
43 11 10
43 10 9
43 9 8
43 8 6
43 6 4
43 4 1
43 4 3
43 3 2
43 6 5
43 8 7
43 14 13
44 14 12
44 12 9
44 9 7
44 7 1
44 1 0
44 7 6
44 6 5
44 5 4
44 4 3
44 3 2
44 9 8
44 12 11
44 11 10
44 14 13
45 14 13
45 13 0
45 13 12
45 12 11
45 11 1
45 11 10
45 10 9
45 9 7
45 7 6
45 6 2
45 6 5
45 5 4
45 4 3
45 9 8
46 14 5
46 5 0
46 5 4
46 4 2
46 2 1
46 4 3
46 14 13
46 13 12
46 12 10
46 10 9
46 9 8
46 8 7
46 7 6
46 12 11
47 16 14
47 14 6
47 6 2
47 2 1
47 1 0
47 6 5
47 5 3
47 5 4
47 14 13
47 13 12
47 12 11
47 11 9
47 9 7
47 9 8
47 11 10
47 16 15
48 19 18
48 18 0
48 18 17
48 17 2
48 2 1
48 17 16
48 16 3
48 16 15
48 15 14
48 14 4
48 14 13
48 13 6
48 6 5
48 13 12
48 12 7
48 12 11
48 11 8
48 11 10
48 10 9
49 17 16
49 16 1
49 1 0
49 16 15
49 15 14
49 14 13
49 13 12
49 12 2
49 12 11
49 11 5
49 5 4
49 4 3
49 11 10
49 10 8
49 8 7
49 7 6
49 10 9
50 16 15
50 15 14
50 14 13
50 13 12
50 12 11
50 11 6
50 6 5
50 5 4
50 4 3
50 3 2
50 2 0
50 2 1
50 11 10
50 10 9
50 9 8
50 8 7
51 19 17
51 17 16
51 16 0
51 16 15
51 15 10
51 10 3
51 3 1
51 3 2
51 10 9
51 9 8
51 8 5
51 5 4
51 8 7
51 7 6
51 15 14
51 14 12
51 12 11
51 14 13
51 19 18
52 17 1
52 1 0
52 17 16
52 16 15
52 15 14
52 14 7
52 7 5
52 5 2
52 5 4
52 4 3
52 7 6
52 14 13
52 13 12
52 12 11
52 11 8
52 11 10
52 10 9
53 16 15
53 15 14
53 14 1
53 1 0
53 14 13
53 13 12
53 12 11
53 11 9
53 9 4
53 4 3
53 3 2
53 9 8
53 8 7
53 7 6
53 6 5
53 11 10
54 17 16
54 16 12
54 12 1
54 1 0
54 12 11
54 11 10
54 10 6
54 6 2
54 6 5
54 5 3
54 5 4
54 10 9
54 9 7
54 9 8
54 16 15
54 15 14
54 14 13
55 15 12
55 12 11
55 11 10
55 10 0
55 10 9
55 9 1
55 9 8
55 8 7
55 7 6
55 6 5
55 5 3
55 3 2
55 5 4
55 15 14
55 14 13
56 19 17
56 17 3
56 3 2
56 2 1
56 1 0
56 17 16
56 16 15
56 15 10
56 10 4
56 10 9
56 9 8
56 8 7
56 7 5
56 7 6
56 15 14
56 14 11
56 14 13
56 13 12
56 19 18
57 16 8
57 8 0
57 8 7
57 7 2
57 2 1
57 7 6
57 6 5
57 5 4
57 4 3
57 16 15
57 15 12
57 12 9
57 12 11
57 11 10
57 15 14
57 14 13
58 19 18
58 18 11
58 11 1
58 1 0
58 11 10
58 10 9
58 9 8
58 8 2
58 8 7
58 7 5
58 5 4
58 4 3
58 7 6
58 18 17
58 17 12
58 17 16
58 16 14
58 14 13
58 16 15
59 19 15
59 15 0
59 15 14
59 14 2
59 2 1
59 14 13
59 13 11
59 11 3
59 11 10
59 10 9
59 9 7
59 7 6
59 6 4
59 6 5
59 9 8
59 13 12
59 19 18
59 18 17
59 17 16
60 15 14
60 14 10
60 10 8
60 8 0
60 8 7
60 7 6
60 6 5
60 5 1
60 5 4
60 4 3
60 3 2
60 10 9
60 14 13
60 13 12
60 12 11
61 15 10
61 10 1
61 1 0
61 10 9
61 9 8
61 8 2
61 8 7
61 7 6
61 6 3
61 6 5
61 5 4
61 15 14
61 14 12
61 12 11
61 14 13
62 14 3
62 3 0
62 3 2
62 2 1
62 14 13
62 13 12
62 12 11
62 11 8
62 8 7
62 7 6
62 6 5
62 5 4
62 11 10
62 10 9
63 14 13
63 13 12
63 12 11
63 11 10
63 10 9
63 9 0
63 9 8
63 8 5
63 5 4
63 4 2
63 2 1
63 4 3
63 8 7
63 7 6
64 17 5
64 5 1
64 1 0
64 5 4
64 4 3
64 3 2
64 17 16
64 16 15
64 15 14
64 14 7
64 7 6
64 14 13
64 13 11
64 11 10
64 10 8
64 10 9
64 13 12
65 15 14
65 14 13
65 13 12
65 12 10
65 10 9
65 9 3
65 3 1
65 1 0
65 3 2
65 9 8
65 8 7
65 7 4
65 7 6
65 6 5
65 12 11
66 15 0
66 15 14
66 14 4
66 4 1
66 4 3
66 3 2
66 14 13
66 13 12
66 12 11
66 11 6
66 6 5
66 11 10
66 10 8
66 8 7
66 10 9
67 16 15
67 15 0
67 15 14
67 14 12
67 12 11
67 11 10
67 10 1
67 10 9
67 9 6
67 6 2
67 6 5
67 5 3
67 5 4
67 9 8
67 8 7
67 14 13
68 14 12
68 12 5
68 5 1
68 1 0
68 5 4
68 4 2
68 4 3
68 12 11
68 11 10
68 10 6
68 10 9
68 9 7
68 9 8
68 14 13
69 16 1
69 1 0
69 16 15
69 15 14
69 14 13
69 13 12
69 12 11
69 11 8
69 8 7
69 7 6
69 6 4
69 4 2
69 4 3
69 6 5
69 11 10
69 10 9
70 19 18
70 18 17
70 17 16
70 16 0
70 16 15
70 15 10
70 10 3
70 3 1
70 3 2
70 10 9
70 9 8
70 8 7
70 7 6
70 6 4
70 6 5
70 15 14
70 14 12
70 12 11
70 14 13
71 16 14
71 14 13
71 13 11
71 11 0
71 11 10
71 10 9
71 9 8
71 8 3
71 3 1
71 3 2
71 8 7
71 7 6
71 6 5
71 5 4
71 13 12
71 16 15
72 18 5
72 5 0
72 5 4
72 4 1
72 4 3
72 3 2
72 18 17
72 17 6
72 17 16
72 16 10
72 10 7
72 10 9
72 9 8
72 16 15
72 15 12
72 12 11
72 15 14
72 14 13
73 18 3
73 3 2
73 2 0
73 2 1
73 18 17
73 17 15
73 15 4
73 15 14
73 14 12
73 12 11
73 11 10
73 10 9
73 9 6
73 6 5
73 9 8
73 8 7
73 14 13
73 17 16
74 15 14
74 14 12
74 12 11
74 11 9
74 9 8
74 8 0
74 8 7
74 7 4
74 4 1
74 4 3
74 3 2
74 7 6
74 6 5
74 11 10
74 14 13
75 14 13
75 13 4
75 4 3
75 3 2
75 2 1
75 1 0
75 13 12
75 12 10
75 10 9
75 9 7
75 7 5
75 7 6
75 9 8
75 12 11
76 19 14
76 14 11
76 11 1
76 1 0
76 11 10
76 10 6
76 6 5
76 5 3
76 3 2
76 5 4
76 10 9
76 9 7
76 9 8
76 14 13
76 13 12
76 19 18
76 18 15
76 18 17
76 17 16
77 17 15
77 15 2
77 2 1
77 1 0
77 15 14
77 14 13
77 13 5
77 5 4
77 4 3
77 13 12
77 12 10
77 10 9
77 9 7
77 7 6
77 9 8
77 12 11
77 17 16
78 19 18
78 18 0
78 18 17
78 17 12
78 12 11
78 11 10
78 10 7
78 7 1
78 7 6
78 6 5
78 5 4
78 4 2
78 4 3
78 10 9
78 9 8
78 17 16
78 16 14
78 14 13
78 16 15
79 19 17
79 17 3
79 3 0
79 3 2
79 2 1
79 17 16
79 16 14
79 14 11
79 11 6
79 6 4
79 6 5
79 11 10
79 10 9
79 9 7
79 9 8
79 14 13
79 13 12
79 16 15
79 19 18
80 16 0
80 16 15
80 15 14
80 14 13
80 13 12
80 12 11
80 11 3
80 3 2
80 2 1
80 11 10
80 10 9
80 9 8
80 8 7
80 7 5
80 5 4
80 7 6
81 19 18
81 18 17
81 17 16
81 16 15
81 15 1
81 1 0
81 15 14
81 14 2
81 14 13
81 13 4
81 4 3
81 13 12
81 12 11
81 11 10
81 10 9
81 9 6
81 6 5
81 9 8
81 8 7
82 17 16
82 16 15
82 15 14
82 14 13
82 13 8
82 8 7
82 7 0
82 7 6
82 6 5
82 5 4
82 4 3
82 3 2
82 2 1
82 13 12
82 12 10
82 10 9
82 12 11
83 15 12
83 12 11
83 11 10
83 10 0
83 10 9
83 9 5
83 5 2
83 2 1
83 5 4
83 4 3
83 9 8
83 8 7
83 7 6
83 15 14
83 14 13
84 17 16
84 16 3
84 3 2
84 2 0
84 2 1
84 16 15
84 15 4
84 15 14
84 14 6
84 6 5
84 14 13
84 13 7
84 13 12
84 12 8
84 12 11
84 11 9
84 11 10
85 14 13
85 13 3
85 3 1
85 1 0
85 3 2
85 13 12
85 12 11
85 11 6
85 6 5
85 5 4
85 11 10
85 10 8
85 8 7
85 10 9
86 18 16
86 16 15
86 15 14
86 14 13
86 13 12
86 12 0
86 12 11
86 11 10
86 10 2
86 2 1
86 10 9
86 9 3
86 9 8
86 8 7
86 7 6
86 6 5
86 5 4
86 18 17
87 16 9
87 9 8
87 8 7
87 7 0
87 7 6
87 6 2
87 2 1
87 6 5
87 5 4
87 4 3
87 16 15
87 15 13
87 13 11
87 11 10
87 13 12
87 15 14
88 14 4
88 4 2
88 2 0
88 2 1
88 4 3
88 14 13
88 13 12
88 12 11
88 11 10
88 10 9
88 9 7
88 7 6
88 6 5
88 9 8
89 16 14
89 14 5
89 5 4
89 4 1
89 1 0
89 4 3
89 3 2
89 14 13
89 13 7
89 7 6
89 13 12
89 12 11
89 11 10
89 10 8
89 10 9
89 16 15
90 16 15
90 15 14
90 14 4
90 4 0
90 4 3
90 3 2
90 2 1
90 14 13
90 13 12
90 12 9
90 9 8
90 8 7
90 7 5
90 7 6
90 12 11
90 11 10
91 14 0
91 14 13
91 13 3
91 3 2
91 2 1
91 13 12
91 12 4
91 12 11
91 11 5
91 11 10
91 10 9
91 9 8
91 8 7
91 7 6
92 15 0
92 15 14
92 14 3
92 3 1
92 3 2
92 14 13
92 13 4
92 13 12
92 12 5
92 12 11
92 11 9
92 9 8
92 8 7
92 7 6
92 11 10
93 19 17
93 17 0
93 17 16
93 16 4
93 4 2
93 2 1
93 4 3
93 16 15
93 15 14
93 14 7
93 7 6
93 6 5
93 14 13
93 13 12
93 12 10
93 10 8
93 10 9
93 12 11
93 19 18
94 17 16
94 16 3
94 3 1
94 1 0
94 3 2
94 16 15
94 15 14
94 14 13
94 13 5
94 5 4
94 13 12
94 12 11
94 11 9
94 9 6
94 9 8
94 8 7
94 11 10
95 17 15
95 15 14
95 14 0
95 14 13
95 13 1
95 13 12
95 12 11
95 11 8
95 8 2
95 8 7
95 7 4
95 4 3
95 7 6
95 6 5
95 11 10
95 10 9
95 17 16
96 16 0
96 16 15
96 15 13
96 13 8
96 8 7
96 7 6
96 6 1
96 6 5
96 5 2
96 5 4
96 4 3
96 13 12
96 12 11
96 11 9
96 11 10
96 15 14
97 17 15
97 15 14
97 14 0
97 14 13
97 13 12
97 12 8
97 8 7
97 7 1
97 7 6
97 6 5
97 5 4
97 4 2
97 4 3
97 12 11
97 11 10
97 10 9
97 17 16
98 16 7
98 7 5
98 5 2
98 2 1
98 1 0
98 5 4
98 4 3
98 7 6
98 16 15
98 15 14
98 14 13
98 13 12
98 12 11
98 11 8
98 11 10
98 10 9
99 14 13
99 13 0
99 13 12
99 12 11
99 11 9
99 9 8
99 8 5
99 5 4
99 4 2
99 2 1
99 4 3
99 8 7
99 7 6
99 11 10
100 18 0
100 18 17
100 17 1
100 17 16
100 16 12
100 12 3
100 3 2
100 12 11
100 11 7
100 7 4
100 7 6
100 6 5
100 11 10
100 10 9
100 9 8
100 16 15
100 15 13
100 15 14
101 15 14
101 14 13
101 13 12
101 12 11
101 11 10
101 10 9
101 9 7
101 7 0
101 7 6
101 6 5
101 5 4
101 4 3
101 3 1
101 3 2
101 9 8
