1 15 14
1 14 0
1 14 13
1 13 4
1 4 3
1 3 1
1 3 2
1 13 12
1 12 6
1 6 5
1 12 11
1 11 10
1 10 8
1 8 7
1 10 9
2 17 16
2 16 2
2 2 0
2 2 1
2 16 15
2 15 14
2 14 3
2 14 13
2 13 4
2 13 12
2 12 11
2 11 8
2 8 5
2 8 7
2 7 6
2 11 10
2 10 9
3 18 17
3 17 16
3 16 15
3 15 14
3 14 11
3 11 3
3 3 1
3 1 0
3 3 2
3 11 10
3 10 4
3 10 9
3 9 8
3 8 7
3 7 6
3 6 5
3 14 13
3 13 12
4 16 15
4 15 14
4 14 12
4 12 11
4 11 3
4 3 1
4 1 0
4 3 2
4 11 10
4 10 9
4 9 6
4 6 4
4 6 5
4 9 8
4 8 7
4 14 13
5 14 1
5 1 0
5 14 13
5 13 9
5 9 8
5 8 7
5 7 6
5 6 5
5 5 2
5 5 4
5 4 3
5 13 12
5 12 11
5 11 10
6 18 15
6 15 1
6 1 0
6 15 14
6 14 2
6 14 13
6 13 7
6 7 4
6 4 3
6 7 6
6 6 5
6 13 12
6 12 10
6 10 8
6 10 9
6 12 11
6 18 17
6 17 16
7 19 0
7 19 18
7 18 17
7 17 15
7 15 14
7 14 10
7 10 9
7 9 7
7 7 1
7 7 6
7 6 4
7 4 3
7 3 2
7 6 5
7 9 8
7 14 13
7 13 12
7 12 11
7 17 16
8 18 17
8 17 2
8 2 1
8 1 0
8 17 16
8 16 15
8 15 8
8 8 7
8 7 6
8 6 5
8 5 3
8 5 4
8 15 14
8 14 13
8 13 9
8 13 12
8 12 10
8 12 11
9 19 18
9 18 17
9 17 15
9 15 14
9 14 4
9 4 3
9 3 2
9 2 1
9 1 0
9 14 13
9 13 11
9 11 5
9 11 10
9 10 9
9 9 8
9 8 6
9 8 7
9 13 12
9 17 16
10 16 15
10 15 3
10 3 2
10 2 0
10 2 1
10 15 14
10 14 10
10 10 8
10 8 7
10 7 6
10 6 5
10 5 4
10 10 9
10 14 13
10 13 12
10 12 11
11 19 17
11 17 16
11 16 15
11 15 14
11 14 2
11 2 0
11 2 1
11 14 13
11 13 11
11 11 10
11 10 9
11 9 3
11 9 8
11 8 4
11 8 7
11 7 5
11 7 6
11 13 12
11 19 18
12 19 2
12 2 1
12 1 0
12 19 18
12 18 17
12 17 15
12 15 14
12 14 12
12 12 9
12 9 3
12 9 8
12 8 6
12 6 4
12 6 5
12 8 7
12 12 11
12 11 10
12 14 13
12 17 16
13 18 17
13 17 15
13 15 11
13 11 9
13 9 0
13 9 8
13 8 1
13 8 7
13 7 6
13 6 4
13 4 2
13 4 3
13 6 5
13 11 10
13 15 14
13 14 13
13 13 12
13 17 16
14 17 3
14 3 0
14 3 2
14 2 1
14 17 16
14 16 15
14 15 12
14 12 10
14 10 6
14 6 5
14 5 4
14 10 9
14 9 8
14 8 7
14 12 11
14 15 14
14 14 13
15 18 15
15 15 0
15 15 14
15 14 12
15 12 11
15 11 5
15 5 4
15 4 2
15 2 1
15 4 3
15 11 10
15 10 9
15 9 6
15 9 8
15 8 7
15 14 13
15 18 17
15 17 16
16 14 13
16 13 12
16 12 9
16 9 1
16 1 0
16 9 8
16 8 7
16 7 3
16 3 2
16 7 6
16 6 4
16 6 5
16 12 11
16 11 10
17 17 14
17 14 13
17 13 11
17 11 3
17 3 2
17 2 1
17 1 0
17 11 10
17 10 7
17 7 6
17 6 5
17 5 4
17 10 9
17 9 8
17 13 12
17 17 16
17 16 15
18 18 16
18 16 7
18 7 6
18 6 4
18 4 1
18 1 0
18 4 3
18 3 2
18 6 5
18 16 15
18 15 14
18 14 12
18 12 11
18 11 10
18 10 8
18 10 9
18 14 13
18 18 17
19 14 12
19 12 11
19 11 9
19 9 8
19 8 0
19 8 7
19 7 1
19 7 6
19 6 5
19 5 4
19 4 3
19 3 2
19 11 10
19 14 13
20 16 15
20 15 5
20 5 4
20 4 2
20 2 1
20 1 0
20 4 3
20 15 14
20 14 8
20 8 6
20 8 7
20 14 13
20 13 12
20 12 9
20 12 11
20 11 10
21 18 15
21 15 14
21 14 13
21 13 8
21 8 0
21 8 7
21 7 6
21 6 4
21 4 2
21 2 1
21 4 3
21 6 5
21 13 12
21 12 9
21 12 11
21 11 10
21 18 17
21 17 16
22 19 18
22 18 9
22 9 7
22 7 6
22 6 5
22 5 2
22 2 1
22 1 0
22 5 4
22 4 3
22 9 8
22 18 17
22 17 16
22 16 15
22 15 14
22 14 13
22 13 10
22 13 12
22 12 11
23 16 15
23 15 2
23 2 0
23 2 1
23 15 14
23 14 8
23 8 7
23 7 6
23 6 4
23 4 3
23 6 5
23 14 13
23 13 12
23 12 11
23 11 10
23 10 9
24 14 0
24 14 13
24 13 10
24 10 9
24 9 8
24 8 7
24 7 5
24 5 4
24 4 2
24 2 1
24 4 3
24 7 6
24 13 12
24 12 11
25 18 13
25 13 0
25 13 12
25 12 10
25 10 1
25 10 9
25 9 2
25 9 8
25 8 3
25 8 7
25 7 5
25 5 4
25 7 6
25 12 11
25 18 17
25 17 16
25 16 14
25 16 15
26 15 14
26 14 13
26 13 10
26 10 6
26 6 3
26 3 0
26 3 2
26 2 1
26 6 5
26 5 4
26 10 9
26 9 7
26 9 8
26 13 12
26 12 11
27 15 14
27 14 13
27 13 12
27 12 5
27 5 3
27 3 2
27 2 1
27 1 0
27 5 4
27 12 11
27 11 10
27 10 9
27 9 8
27 8 6
27 8 7
28 18 16
28 16 6
28 6 5
28 5 4
28 4 2
28 2 1
28 1 0
28 4 3
28 16 15
28 15 14
28 14 8
28 8 7
28 14 13
28 13 11
28 11 10
28 10 9
28 13 12
28 18 17
29 17 1
29 1 0
29 17 16
29 16 3
29 3 2
29 16 15
29 15 10
29 10 6
29 6 5
29 5 4
29 10 9
29 9 7
29 9 8
29 15 14
29 14 13
29 13 12
29 12 11
30 14 13
30 13 12
30 12 11
30 11 10
30 10 4
30 4 0
30 4 3
30 3 1
30 3 2
30 10 9
30 9 5
30 9 8
30 8 7
30 7 6
31 18 17
31 17 0
31 17 16
31 16 1
31 16 15
31 15 4
31 4 2
31 4 3
31 15 14
31 14 12
31 12 11
31 11 5
31 11 10
31 10 6
31 10 9
31 9 8
31 8 7
31 14 13
32 14 13
32 13 12
32 12 1
32 1 0
32 12 11
32 11 8
32 8 7
32 7 6
32 6 2
32 6 5
32 5 4
32 4 3
32 11 10
32 10 9
33 17 15
33 15 9
33 9 8
33 8 5
33 5 4
33 4 1
33 1 0
33 4 3
33 3 2
33 8 7
33 7 6
33 15 14
33 14 10
33 14 13
33 13 12
33 12 11
33 17 16
34 19 17
34 17 15
34 15 11
34 11 9
34 9 8
34 8 0
34 8 7
34 7 6
34 6 4
34 4 3
34 3 1
34 3 2
34 6 5
34 11 10
34 15 14
34 14 13
34 13 12
34 17 16
34 19 18
35 14 4
35 4 1
35 1 0
35 4 3
35 3 2
35 14 13
35 13 11
35 11 9
35 9 6
35 6 5
35 9 8
35 8 7
35 11 10
35 13 12
36 14 1
36 1 0
36 14 13
36 13 12
36 12 9
36 9 8
36 8 4
36 4 3
36 3 2
36 8 7
36 7 6
36 6 5
36 12 11
36 11 10
37 14 12
37 12 3
37 3 1
37 1 0
37 3 2
37 12 11
37 11 4
37 11 10
37 10 7
37 7 5
37 7 6
37 10 9
37 9 8
37 14 13
38 15 14
38 14 12
38 12 6
38 6 0
38 6 5
38 5 4
38 4 3
38 3 2
38 2 1
38 12 11
38 11 10
38 10 7
38 10 9
38 9 8
38 14 13
39 18 17
39 17 16
39 16 15
39 15 0
39 15 14
39 14 12
39 12 11
39 11 1
39 11 10
39 10 9
39 9 8
39 8 7
39 7 5
39 5 4
39 4 2
39 4 3
39 7 6
39 14 13
40 14 13
40 13 1
40 1 0
40 13 12
40 12 10
40 10 9
40 9 2
40 9 8
40 8 7
40 7 5
40 5 3
40 5 4
40 7 6
40 12 11
41 14 13
41 13 11
41 11 8
41 8 5
41 5 4
41 4 2
41 2 1
41 1 0
41 4 3
41 8 7
41 7 6
41 11 10
41 10 9
41 13 12
42 16 12
42 12 11
42 11 10
42 10 9
42 9 8
42 8 6
42 6 5
42 5 3
42 3 2
42 2 1
42 1 0
42 5 4
42 8 7
42 16 15
42 15 13
42 15 14
43 19 0
43 19 18
43 18 1
43 18 17
43 17 3
43 3 2
43 17 16
43 16 8
43 8 4
43 8 7
43 7 6
43 6 5
43 16 15
43 15 14
43 14 13
43 13 10
43 10 9
43 13 12
43 12 11
44 16 15
44 15 3
44 3 1
44 1 0
44 3 2
44 15 14
44 14 12
44 12 10
44 10 6
44 6 4
44 6 5
44 10 9
44 9 7
44 9 8
44 12 11
44 14 13
45 15 7
45 7 5
45 5 4
45 4 3
45 3 0
45 3 2
45 2 1
45 7 6
45 15 14
45 14 9
45 9 8
45 14 13
45 13 12
45 12 11
45 11 10
46 15 0
46 15 14
46 14 4
46 4 2
46 2 1
46 4 3
46 14 13
46 13 5
46 13 12
46 12 8
46 8 7
46 7 6
46 12 11
46 11 9
46 11 10
47 18 3
47 3 0
47 3 2
47 2 1
47 18 17
47 17 16
47 16 14
47 14 12
47 12 9
47 9 8
47 8 7
47 7 4
47 7 6
47 6 5
47 12 11
47 11 10
47 14 13
47 16 15
48 17 16
48 16 15
48 15 14
48 14 0
48 14 13
48 13 12
48 12 11
48 11 10
48 10 9
48 9 7
48 7 3
48 3 2
48 2 1
48 7 6
48 6 4
48 6 5
48 9 8
49 16 0
49 16 15
49 15 3
49 3 1
49 3 2
49 15 14
49 14 12
49 12 11
49 11 9
49 9 8
49 8 5
49 5 4
49 8 7
49 7 6
49 11 10
49 14 13
50 16 1
50 1 0
50 16 15
50 15 5
50 5 2
50 5 4
50 4 3
50 15 14
50 14 12
50 12 8
50 8 6
50 8 7
50 12 11
50 11 9
50 11 10
50 14 13
51 14 13
51 13 0
51 13 12
51 12 6
51 6 5
51 5 2
51 2 1
51 5 4
51 4 3
51 12 11
51 11 10
51 10 7
51 10 9
51 9 8
52 19 3
52 3 2
52 2 1
52 1 0
52 19 18
52 18 17
52 17 16
52 16 15
52 15 12
52 12 9
52 9 4
52 9 8
52 8 7
52 7 5
52 7 6
52 12 11
52 11 10
52 15 14
52 14 13
53 16 15
53 15 13
53 13 12
53 12 3
53 3 2
53 2 0
53 2 1
53 12 11
53 11 5
53 5 4
53 11 10
53 10 7
53 7 6
53 10 9
53 9 8
53 15 14
54 17 5
54 5 2
54 2 0
54 2 1
54 5 4
54 4 3
54 17 16
54 16 15
54 15 14
54 14 13
54 13 12
54 12 7
54 7 6
54 12 11
54 11 8
54 11 10
54 10 9
55 14 13
55 13 12
55 12 11
55 11 1
55 1 0
55 11 10
55 10 8
55 8 7
55 7 6
55 6 3
55 3 2
55 6 5
55 5 4
55 10 9
56 17 16
56 16 11
56 11 10
56 10 9
56 9 7
56 7 6
56 6 2
56 2 1
56 1 0
56 6 5
56 5 3
56 5 4
56 9 8
56 16 15
56 15 13
56 13 12
56 15 14
57 19 0
57 19 18
57 18 16
57 16 1
57 16 15
57 15 13
57 13 10
57 10 2
57 10 9
57 9 5
57 5 3
57 5 4
57 9 8
57 8 6
57 8 7
57 13 12
57 12 11
57 15 14
57 18 17
58 16 10
58 10 9
58 9 8
58 8 4
58 4 2
58 2 1
58 1 0
58 4 3
58 8 7
58 7 5
58 7 6
58 16 15
58 15 14
58 14 11
58 14 13
58 13 12
59 16 15
59 15 14
59 14 0
59 14 13
59 13 11
59 11 9
59 9 6
59 6 1
59 6 5
59 5 3
59 3 2
59 5 4
59 9 8
59 8 7
59 11 10
59 13 12
60 17 6
60 6 1
60 1 0
60 6 5
60 5 2
60 5 4
60 4 3
60 17 16
60 16 7
60 16 15
60 15 9
60 9 8
60 15 14
60 14 13
60 13 10
60 13 12
60 12 11
61 15 14
61 14 13
61 13 12
61 12 2
61 2 0
61 2 1
61 12 11
61 11 10
61 10 3
61 10 9
61 9 4
61 9 8
61 8 7
61 7 5
61 7 6
62 17 11
62 11 6
62 6 4
62 4 3
62 3 0
62 3 2
62 2 1
62 6 5
62 11 10
62 10 8
62 8 7
62 10 9
62 17 16
62 16 14
62 14 13
62 13 12
62 16 15
63 19 0
63 19 18
63 18 17
63 17 1
63 17 16
63 16 15
63 15 14
63 14 13
63 13 11
63 11 10
63 10 2
63 10 9
63 9 3
63 9 8
63 8 4
63 8 7
63 7 5
63 7 6
63 13 12
64 14 13
64 13 11
64 11 0
64 11 10
64 10 1
64 10 9
64 9 7
64 7 6
64 6 2
64 6 5
64 5 4
64 4 3
64 9 8
64 13 12
65 16 14
65 14 13
65 13 12
65 12 2
65 2 1
65 1 0
65 12 11
65 11 3
65 11 10
65 10 8
65 8 6
65 6 4
65 6 5
65 8 7
65 10 9
65 16 15
66 19 5
66 5 0
66 5 4
66 4 1
66 4 3
66 3 2
66 19 18
66 18 14
66 14 6
66 14 13
66 13 8
66 8 7
66 13 12
66 12 10
66 10 9
66 12 11
66 18 17
66 17 15
66 17 16
67 15 13
67 13 11
67 11 10
67 10 2
67 2 0
67 2 1
67 10 9
67 9 8
67 8 4
67 4 3
67 8 7
67 7 6
67 6 5
67 13 12
67 15 14
68 18 7
68 7 6
68 6 1
68 1 0
68 6 5
68 5 2
68 5 4
68 4 3
68 18 17
68 17 10
68 10 9
68 9 8
68 17 16
68 16 15
68 15 11
68 15 14
68 14 12
68 14 13
69 19 6
69 6 5
69 5 0
69 5 4
69 4 1
69 4 3
69 3 2
69 19 18
69 18 9
69 9 8
69 8 7
69 18 17
69 17 11
69 11 10
69 17 16
69 16 15
69 15 14
69 14 12
69 14 13
70 15 0
70 15 14
70 14 3
70 3 2
70 2 1
70 14 13
70 13 12
70 12 10
70 10 4
70 10 9
70 9 5
70 9 8
70 8 6
70 8 7
70 12 11
71 16 11
71 11 9
71 9 8
71 8 7
71 7 0
71 7 6
71 6 1
71 6 5
71 5 4
71 4 2
71 4 3
71 11 10
71 16 15
71 15 14
71 14 13
71 13 12
72 15 14
72 14 1
72 1 0
72 14 13
72 13 5
72 5 4
72 4 3
72 3 2
72 13 12
72 12 10
72 10 7
72 7 6
72 10 9
72 9 8
72 12 11
73 14 0
73 14 13
73 13 12
73 12 7
73 7 5
73 5 3
73 3 2
73 2 1
73 5 4
73 7 6
73 12 11
73 11 10
73 10 8
73 10 9
74 17 15
74 15 3
74 3 2
74 2 1
74 1 0
74 15 14
74 14 4
74 14 13
74 13 12
74 12 11
74 11 7
74 7 5
74 7 6
74 11 10
74 10 9
74 9 8
74 17 16
75 19 11
75 11 0
75 11 10
75 10 5
75 5 4
75 4 1
75 4 3
75 3 2
75 10 9
75 9 7
75 7 6
75 9 8
75 19 18
75 18 16
75 16 13
75 13 12
75 16 15
75 15 14
75 18 17
76 16 15
76 15 0
76 15 14
76 14 8
76 8 7
76 7 6
76 6 1
76 6 5
76 5 4
76 4 3
76 3 2
76 14 13
76 13 12
76 12 9
76 12 11
76 11 10
77 17 16
77 16 15
77 15 11
77 11 0
77 11 10
77 10 5
77 5 4
77 4 3
77 3 2
77 2 1
77 10 9
77 9 8
77 8 7
77 7 6
77 15 14
77 14 13
77 13 12
78 14 3
78 3 1
78 1 0
78 3 2
78 14 13
78 13 5
78 5 4
78 13 12
78 12 6
78 12 11
78 11 7
78 11 10
78 10 9
78 9 8
79 18 17
79 17 0
79 17 16
79 16 15
79 15 13
79 13 2
79 2 1
79 13 12
79 12 11
79 11 4
79 4 3
79 11 10
79 10 9
79 9 8
79 8 5
79 8 7
79 7 6
79 15 14
80 16 5
80 5 1
80 1 0
80 5 4
80 4 3
80 3 2
80 16 15
80 15 8
80 8 6
80 8 7
80 15 14
80 14 12
80 12 10
80 10 9
80 12 11
80 14 13
81 15 0
81 15 14
81 14 6
81 6 5
81 5 1
81 5 4
81 4 2
81 4 3
81 14 13
81 13 12
81 12 11
81 11 10
81 10 8
81 8 7
81 10 9
82 16 12
82 12 5
82 5 4
82 4 0
82 4 3
82 3 2
82 2 1
82 12 11
82 11 9
82 9 7
82 7 6
82 9 8
82 11 10
82 16 15
82 15 14
82 14 13
83 15 4
83 4 3
83 3 0
83 3 2
83 2 1
83 15 14
83 14 13
83 13 12
83 12 8
83 8 7
83 7 5
83 7 6
83 12 11
83 11 10
83 10 9
84 19 0
84 19 18
84 18 16
84 16 12
84 12 10
84 10 3
84 3 1
84 3 2
84 10 9
84 9 8
84 8 4
84 8 7
84 7 5
84 7 6
84 12 11
84 16 15
84 15 13
84 15 14
84 18 17
85 16 15
85 15 8
85 8 1
85 1 0
85 8 7
85 7 4
85 4 2
85 4 3
85 7 6
85 6 5
85 15 14
85 14 11
85 11 9
85 11 10
85 14 13
85 13 12
86 14 12
86 12 11
86 11 0
86 11 10
86 10 1
86 10 9
86 9 2
86 9 8
86 8 4
86 4 3
86 8 7
86 7 6
86 6 5
86 14 13
87 15 0
87 15 14
87 14 13
87 13 10
87 10 2
87 2 1
87 10 9
87 9 7
87 7 6
87 6 3
87 6 5
87 5 4
87 9 8
87 13 12
87 12 11
88 17 14
88 14 13
88 13 12
88 12 4
88 4 0
88 4 3
88 3 2
88 2 1
88 12 11
88 11 9
88 9 8
88 8 7
88 7 6
88 6 5
88 11 10
88 17 16
88 16 15
89 14 13
89 13 12
89 12 7
89 7 6
89 6 5
89 5 0
89 5 4
89 4 2
89 2 1
89 4 3
89 12 11
89 11 10
89 10 8
89 10 9
90 18 17
90 17 0
90 17 16
90 16 12
90 12 10
90 10 9
90 9 8
90 8 2
90 2 1
90 8 7
90 7 3
90 7 6
90 6 5
90 5 4
90 12 11
90 16 15
90 15 14
90 14 13
91 15 14
91 14 4
91 4 0
91 4 3
91 3 1
91 3 2
91 14 13
91 13 6
91 6 5
91 13 12
91 12 11
91 11 8
91 8 7
91 11 10
91 10 9
92 16 3
92 3 0
92 3 2
92 2 1
92 16 15
92 15 14
92 14 12
92 12 7
92 7 5
92 5 4
92 7 6
92 12 11
92 11 10
92 10 9
92 9 8
92 14 13
93 17 15
93 15 14
93 14 1
93 1 0
93 14 13
93 13 12
93 12 9
93 9 8
93 8 4
93 4 2
93 4 3
93 8 7
93 7 6
93 6 5
93 12 11
93 11 10
93 17 16
94 16 14
94 14 13
94 13 12
94 12 0
94 12 11
94 11 1
94 11 10
94 10 5
94 5 3
94 3 2
94 5 4
94 10 9
94 9 7
94 7 6
94 9 8
94 16 15
95 14 12
95 12 10
95 10 8
95 8 6
95 6 4
95 4 2
95 2 1
95 1 0
95 4 3
95 6 5
95 8 7
95 10 9
95 12 11
95 14 13
96 19 3
96 3 2
96 2 1
96 1 0
96 19 18
96 18 4
96 18 17
96 17 16
96 16 15
96 15 14
96 14 8
96 8 5
96 8 7
96 7 6
96 14 13
96 13 10
96 10 9
96 13 12
96 12 11
97 16 15
97 15 14
97 14 0
97 14 13
97 13 10
97 10 9
97 9 7
97 7 5
97 5 4
97 4 2
97 2 1
97 4 3
97 7 6
97 9 8
97 13 12
97 12 11
98 14 12
98 12 6
98 6 1
98 1 0
98 6 5
98 5 4
98 4 2
98 4 3
98 12 11
98 11 10
98 10 7
98 10 9
98 9 8
98 14 13
99 19 6
99 6 5
99 5 4
99 4 2
99 2 1
99 1 0
99 4 3
99 19 18
99 18 8
99 8 7
99 18 17
99 17 9
99 17 16
99 16 12
99 12 10
99 12 11
99 16 15
99 15 13
99 15 14
100 17 15
100 15 0
100 15 14
100 14 11
100 11 9
100 9 8
100 8 7
100 7 2
100 2 1
100 7 6
100 6 5
100 5 4
100 4 3
100 11 10
100 14 13
100 13 12
100 17 16
101 18 4
101 4 3
101 3 2
101 2 0
101 2 1
101 18 17
101 17 16
101 16 15
101 15 13
101 13 10
101 10 9
101 9 8
101 8 6
101 6 5
101 8 7
101 13 12
101 12 11
101 15 14
