1 18 3
1 3 0
1 3 2
1 2 1
1 18 17
1 17 6
1 6 4
1 6 5
1 17 16
1 16 13
1 13 12
1 12 9
1 9 8
1 8 7
1 12 11
1 11 10
1 16 15
1 15 14
2 14 13
2 13 9
2 9 3
2 3 2
2 2 0
2 2 1
2 9 8
2 8 7
2 7 6
2 6 5
2 5 4
2 13 12
2 12 10
2 12 11
3 18 17
3 17 16
3 16 6
3 6 4
3 4 3
3 3 1
3 1 0
3 3 2
3 6 5
3 16 15
3 15 12
3 12 11
3 11 9
3 9 7
3 9 8
3 11 10
3 15 14
3 14 13
4 14 4
4 4 3
4 3 1
4 1 0
4 3 2
4 14 13
4 13 11
4 11 7
4 7 5
4 7 6
4 11 10
4 10 8
4 10 9
4 13 12
5 15 14
5 14 11
5 11 9
5 9 8
5 8 3
5 3 2
5 2 1
5 1 0
5 8 7
5 7 5
5 5 4
5 7 6
5 11 10
5 14 13
5 13 12
6 16 0
6 16 15
6 15 1
6 15 14
6 14 5
6 5 3
6 3 2
6 5 4
6 14 13
6 13 12
6 12 11
6 11 9
6 9 8
6 8 7
6 7 6
6 11 10
7 15 0
7 15 14
7 14 13
7 13 11
7 11 10
7 10 5
7 5 3
7 3 1
7 3 2
7 5 4
7 10 9
7 9 8
7 8 7
7 7 6
7 13 12
8 18 17
8 17 16
8 16 15
8 15 14
8 14 8
8 8 0
8 8 7
8 7 1
8 7 6
8 6 5
8 5 4
8 4 3
8 3 2
8 14 13
8 13 9
8 13 12
8 12 11
8 11 10
9 16 15
9 15 14
9 14 4
9 4 3
9 3 2
9 2 0
9 2 1
9 14 13
9 13 11
9 11 9
9 9 5
9 9 8
9 8 7
9 7 6
9 11 10
9 13 12
10 15 14
10 14 0
10 14 13
10 13 12
10 12 11
10 11 10
10 10 8
10 8 2
10 2 1
10 8 7
10 7 3
10 7 6
10 6 5
10 5 4
10 10 9
11 15 14
11 14 13
11 13 4
11 4 0
11 4 3
11 3 2
11 2 1
11 13 12
11 12 10
11 10 8
11 8 7
11 7 5
11 7 6
11 10 9
11 12 11
12 15 10
12 10 9
12 9 0
12 9 8
12 8 3
12 3 2
12 2 1
12 8 7
12 7 4
12 7 6
12 6 5
12 15 14
12 14 11
12 14 13
12 13 12
13 15 14
13 14 0
13 14 13
13 13 1
13 13 12
13 12 7
13 7 2
13 7 6
13 6 3
13 6 5
13 5 4
13 12 11
13 11 8
13 11 10
13 10 9
14 17 14
14 14 0
14 14 13
14 13 11
14 11 10
14 10 9
14 9 7
14 7 1
14 7 6
14 6 5
14 5 4
14 4 3
14 3 2
14 9 8
14 13 12
14 17 16
14 16 15
15 16 1
15 1 0
15 16 15
15 15 2
15 15 14
15 14 6
15 6 4
15 4 3
15 6 5
15 14 13
15 13 7
15 13 12
15 12 10
15 10 9
15 9 8
15 12 11
16 15 10
16 10 8
16 8 3
16 3 2
16 2 1
16 1 0
16 8 7
16 7 6
16 6 5
16 5 4
16 10 9
16 15 14
16 14 13
16 13 12
16 12 11
17 17 16
17 16 15
17 15 8
17 8 7
17 7 6
17 6 5
17 5 4
17 4 1
17 1 0
17 4 3
17 3 2
17 15 14
17 14 11
17 11 9
17 11 10
17 14 13
17 13 12
18 16 15
18 15 14
18 14 13
18 13 11
18 11 2
18 2 0
18 2 1
18 11 10
18 10 5
18 5 4
18 4 3
18 10 9
18 9 8
18 8 7
18 7 6
18 13 12
19 18 0
19 18 17
19 17 14
19 14 10
19 10 8
19 8 2
19 2 1
19 8 7
19 7 6
19 6 5
19 5 4
19 4 3
19 10 9
19 14 13
19 13 11
19 13 12
19 17 16
19 16 15
20 15 13
20 13 5
20 5 3
20 3 1
20 1 0
20 3 2
20 5 4
20 13 12
20 12 7
20 7 6
20 12 11
20 11 8
20 11 10
20 10 9
20 15 14
21 16 13
21 13 9
21 9 0
21 9 8
21 8 6
21 6 4
21 4 1
21 4 3
21 3 2
21 6 5
21 8 7
21 13 12
21 12 11
21 11 10
21 16 15
21 15 14
22 16 12
22 12 11
22 11 10
22 10 0
22 10 9
22 9 2
22 2 1
22 9 8
22 8 7
22 7 6
22 6 4
22 4 3
22 6 5
22 16 15
22 15 13
22 15 14
23 17 0
23 17 16
23 16 15
23 15 13
23 13 8
23 8 1
23 8 7
23 7 5
23 5 3
23 3 2
23 5 4
23 7 6
23 13 12
23 12 9
23 12 11
23 11 10
23 15 14
24 15 0
24 15 14
24 14 11
24 11 5
24 5 4
24 4 3
24 3 2
24 2 1
24 11 10
24 10 8
24 8 6
24 8 7
24 10 9
24 14 13
24 13 12
25 14 13
25 13 0
25 13 12
25 12 1
25 12 11
25 11 5
25 5 2
25 5 4
25 4 3
25 11 10
25 10 9
25 9 7
25 7 6
25 9 8
26 15 11
26 11 9
26 9 8
26 8 3
26 3 0
26 3 2
26 2 1
26 8 7
26 7 5
26 5 4
26 7 6
26 11 10
26 15 14
26 14 13
26 13 12
27 19 10
27 10 2
27 2 0
27 2 1
27 10 9
27 9 8
27 8 4
27 4 3
27 8 7
27 7 6
27 6 5
27 19 18
27 18 11
27 18 17
27 17 16
27 16 14
27 14 13
27 13 12
27 16 15
28 16 15
28 15 14
28 14 13
28 13 10
28 10 0
28 10 9
28 9 8
28 8 6
28 6 5
28 5 1
28 5 4
28 4 3
28 3 2
28 8 7
28 13 12
28 12 11
29 18 17
29 17 16
29 16 15
29 15 14
29 14 7
29 7 4
29 4 2
29 2 1
29 1 0
29 4 3
29 7 6
29 6 5
29 14 13
29 13 12
29 12 9
29 9 8
29 12 11
29 11 10
30 19 18
30 18 5
30 5 4
30 4 1
30 1 0
30 4 3
30 3 2
30 18 17
30 17 8
30 8 7
30 7 6
30 17 16
30 16 15
30 15 13
30 13 12
30 12 9
30 12 11
30 11 10
30 15 14
31 14 12
31 12 3
31 3 0
31 3 2
31 2 1
31 12 11
31 11 9
31 9 8
31 8 7
31 7 4
31 7 6
31 6 5
31 11 10
31 14 13
32 14 13
32 13 2
32 2 1
32 1 0
32 13 12
32 12 11
32 11 7
32 7 3
32 7 6
32 6 4
32 6 5
32 11 10
32 10 8
32 10 9
33 15 2
33 2 0
33 2 1
33 15 14
33 14 3
33 14 13
33 13 11
33 11 10
33 10 9
33 9 7
33 7 6
33 6 4
33 6 5
33 9 8
33 13 12
34 18 16
34 16 0
34 16 15
34 15 12
34 12 1
34 12 11
34 11 5
34 5 2
34 5 4
34 4 3
34 11 10
34 10 6
34 10 9
34 9 7
34 9 8
34 15 14
34 14 13
34 18 17
35 16 13
35 13 0
35 13 12
35 12 11
35 11 10
35 10 9
35 9 8
35 8 7
35 7 6
35 6 3
35 3 2
35 2 1
35 6 5
35 5 4
35 16 15
35 15 14
36 16 15
36 15 14
36 14 2
36 2 0
36 2 1
36 14 13
36 13 4
36 4 3
36 13 12
36 12 11
36 11 6
36 6 5
36 11 10
36 10 9
36 9 7
36 9 8
37 15 13
37 13 7
37 7 6
37 6 4
37 4 3
37 3 0
37 3 2
37 2 1
37 6 5
37 13 12
37 12 11
37 11 9
37 9 8
37 11 10
37 15 14
38 17 0
38 17 16
38 16 14
38 14 3
38 3 2
38 2 1
38 14 13
38 13 8
38 8 6
38 6 4
38 6 5
38 8 7
38 13 12
38 12 11
38 11 9
38 11 10
38 16 15
39 18 0
39 18 17
39 17 1
39 17 16
39 16 15
39 15 14
39 14 12
39 12 6
39 6 5
39 5 2
39 5 4
39 4 3
39 12 11
39 11 8
39 8 7
39 11 10
39 10 9
39 14 13
40 15 8
40 8 7
40 7 5
40 5 4
40 4 2
40 2 1
40 1 0
40 4 3
40 7 6
40 15 14
40 14 9
40 14 13
40 13 10
40 13 12
40 12 11
41 15 12
41 12 7
41 7 2
41 2 0
41 2 1
41 7 6
41 6 5
41 5 4
41 4 3
41 12 11
41 11 10
41 10 8
41 10 9
41 15 14
41 14 13
42 16 15
42 15 2
42 2 0
42 2 1
42 15 14
42 14 3
42 14 13
42 13 12
42 12 11
42 11 9
42 9 7
42 7 4
42 7 6
42 6 5
42 9 8
42 11 10
43 15 9
43 9 8
43 8 0
43 8 7
43 7 5
43 5 3
43 3 1
43 3 2
43 5 4
43 7 6
43 15 14
43 14 13
43 13 12
43 12 11
43 11 10
44 14 13
44 13 0
44 13 12
44 12 1
44 12 11
44 11 10
44 10 2
44 10 9
44 9 3
44 9 8
44 8 7
44 7 6
44 6 5
44 5 4
45 17 16
45 16 13
45 13 0
45 13 12
45 12 2
45 2 1
45 12 11
45 11 10
45 10 9
45 9 7
45 7 3
45 7 6
45 6 5
45 5 4
45 9 8
45 16 15
45 15 14
46 17 0
46 17 16
46 16 15
46 15 4
46 4 3
46 3 1
46 3 2
46 15 14
46 14 13
46 13 6
46 6 5
46 13 12
46 12 9
46 9 7
46 9 8
46 12 11
46 11 10
47 18 17
47 17 0
47 17 16
47 16 3
47 3 1
47 3 2
47 16 15
47 15 14
47 14 7
47 7 6
47 6 4
47 6 5
47 14 13
47 13 11
47 11 10
47 10 9
47 9 8
47 13 12
48 15 14
48 14 3
48 3 0
48 3 2
48 2 1
48 14 13
48 13 12
48 12 9
48 9 8
48 8 4
48 8 7
48 7 6
48 6 5
48 12 11
48 11 10
49 18 14
49 14 10
49 10 8
49 8 6
49 6 5
49 5 4
49 4 2
49 2 0
49 2 1
49 4 3
49 8 7
49 10 9
49 14 13
49 13 11
49 13 12
49 18 17
49 17 15
49 17 16
50 14 13
50 13 12
50 12 7
50 7 6
50 6 5
50 5 3
50 3 2
50 2 0
50 2 1
50 5 4
50 12 11
50 11 10
50 10 9
50 9 8
51 15 14
51 14 13
51 13 12
51 12 0
51 12 11
51 11 3
51 3 2
51 2 1
51 11 10
51 10 4
51 10 9
51 9 7
51 7 6
51 6 5
51 9 8
52 18 17
52 17 12
52 12 11
52 11 10
52 10 0
52 10 9
52 9 4
52 4 2
52 2 1
52 4 3
52 9 8
52 8 7
52 7 5
52 7 6
52 17 16
52 16 13
52 16 15
52 15 14
53 18 2
53 2 0
53 2 1
53 18 17
53 17 3
53 17 16
53 16 11
53 11 10
53 10 9
53 9 7
53 7 6
53 6 5
53 5 4
53 9 8
53 16 15
53 15 13
53 13 12
53 15 14
54 14 12
54 12 6
54 6 3
54 3 2
54 2 0
54 2 1
54 6 5
54 5 4
54 12 11
54 11 10
54 10 8
54 8 7
54 10 9
54 14 13
55 19 18
55 18 14
55 14 1
55 1 0
55 14 13
55 13 4
55 4 2
55 4 3
55 13 12
55 12 5
55 12 11
55 11 9
55 9 8
55 8 6
55 8 7
55 11 10
55 18 17
55 17 16
55 16 15
56 17 15
56 15 1
56 1 0
56 15 14
56 14 13
56 13 10
56 10 2
56 10 9
56 9 7
56 7 6
56 6 3
56 6 5
56 5 4
56 9 8
56 13 12
56 12 11
56 17 16
57 18 17
57 17 16
57 16 14
57 14 0
57 14 13
57 13 12
57 12 10
57 10 9
57 9 8
57 8 7
57 7 6
57 6 5
57 5 4
57 4 1
57 4 3
57 3 2
57 12 11
57 16 15
58 18 0
58 18 17
58 17 1
58 17 16
58 16 15
58 15 2
58 15 14
58 14 4
58 4 3
58 14 13
58 13 10
58 10 6
58 6 5
58 10 9
58 9 7
58 9 8
58 13 12
58 12 11
59 15 11
59 11 0
59 11 10
59 10 9
59 9 5
59 5 3
59 3 1
59 3 2
59 5 4
59 9 8
59 8 6
59 8 7
59 15 14
59 14 12
59 14 13
60 18 17
60 17 13
60 13 12
60 12 11
60 11 9
60 9 7
60 7 6
60 6 5
60 5 4
60 4 0
60 4 3
60 3 1
60 3 2
60 9 8
60 11 10
60 17 16
60 16 15
60 15 14
61 16 15
61 15 12
61 12 6
61 6 0
61 6 5
61 5 3
61 3 2
61 2 1
61 5 4
61 12 11
61 11 10
61 10 7
61 10 9
61 9 8
61 15 14
61 14 13
62 16 10
62 10 9
62 9 2
62 2 1
62 1 0
62 9 8
62 8 4
62 4 3
62 8 7
62 7 6
62 6 5
62 16 15
62 15 14
62 14 13
62 13 12
62 12 11
63 14 1
63 1 0
63 14 13
63 13 2
63 13 12
63 12 5
63 5 4
63 4 3
63 12 11
63 11 10
63 10 9
63 9 7
63 7 6
63 9 8
64 16 0
64 16 15
64 15 6
64 6 5
64 5 4
64 4 1
64 4 3
64 3 2
64 15 14
64 14 12
64 12 10
64 10 9
64 9 7
64 9 8
64 12 11
64 14 13
65 18 17
65 17 16
65 16 9
65 9 3
65 3 2
65 2 1
65 1 0
65 9 8
65 8 7
65 7 6
65 6 4
65 6 5
65 16 15
65 15 14
65 14 10
65 14 13
65 13 11
65 13 12
66 14 13
66 13 1
66 1 0
66 13 12
66 12 11
66 11 10
66 10 4
66 4 3
66 3 2
66 10 9
66 9 5
66 9 8
66 8 7
66 7 6
67 19 18
67 18 17
67 17 16
67 16 6
67 6 5
67 5 4
67 4 0
67 4 3
67 3 1
67 3 2
67 16 15
67 15 14
67 14 13
67 13 12
67 12 10
67 10 7
67 10 9
67 9 8
67 12 11
68 19 3
68 3 1
68 1 0
68 3 2
68 19 18
68 18 17
68 17 16
68 16 15
68 15 11
68 11 10
68 10 4
68 10 9
68 9 8
68 8 7
68 7 5
68 7 6
68 15 14
68 14 12
68 14 13
69 15 13
69 13 0
69 13 12
69 12 11
69 11 10
69 10 2
69 2 1
69 10 9
69 9 5
69 5 4
69 4 3
69 9 8
69 8 7
69 7 6
69 15 14
70 17 16
70 16 11
70 11 0
70 11 10
70 10 9
70 9 7
70 7 6
70 6 3
70 3 2
70 2 1
70 6 5
70 5 4
70 9 8
70 16 15
70 15 14
70 14 13
70 13 12
71 14 6
71 6 5
71 5 3
71 3 1
71 1 0
71 3 2
71 5 4
71 14 13
71 13 7
71 13 12
71 12 11
71 11 10
71 10 8
71 10 9
72 16 15
72 15 1
72 1 0
72 15 14
72 14 3
72 3 2
72 14 13
72 13 6
72 6 5
72 5 4
72 13 12
72 12 9
72 9 8
72 8 7
72 12 11
72 11 10
73 16 15
73 15 0
73 15 14
73 14 12
73 12 11
73 11 9
73 9 5
73 5 3
73 3 1
73 3 2
73 5 4
73 9 8
73 8 6
73 8 7
73 11 10
73 14 13
74 14 13
74 13 12
74 12 10
74 10 9
74 9 8
74 8 6
74 6 4
74 4 0
74 4 3
74 3 1
74 3 2
74 6 5
74 8 7
74 12 11
75 15 13
75 13 8
75 8 7
75 7 3
75 3 0
75 3 2
75 2 1
75 7 6
75 6 4
75 6 5
75 13 12
75 12 9
75 12 11
75 11 10
75 15 14
76 14 12
76 12 8
76 8 1
76 1 0
76 8 7
76 7 4
76 4 3
76 3 2
76 7 6
76 6 5
76 12 11
76 11 10
76 10 9
76 14 13
77 15 0
77 15 14
77 14 7
77 7 6
77 6 1
77 6 5
77 5 4
77 4 2
77 4 3
77 14 13
77 13 10
77 10 8
77 10 9
77 13 12
77 12 11
78 16 15
78 15 14
78 14 12
78 12 10
78 10 6
78 6 3
78 3 1
78 1 0
78 3 2
78 6 5
78 5 4
78 10 9
78 9 7
78 9 8
78 12 11
78 14 13
79 14 12
79 12 11
79 11 10
79 10 9
79 9 8
79 8 6
79 6 5
79 5 4
79 4 3
79 3 2
79 2 0
79 2 1
79 8 7
79 14 13
80 14 11
80 11 10
80 10 9
80 9 2
80 2 1
80 1 0
80 9 8
80 8 6
80 6 5
80 5 4
80 4 3
80 8 7
80 14 13
80 13 12
81 14 0
81 14 13
81 13 9
81 9 8
81 8 1
81 8 7
81 7 6
81 6 5
81 5 4
81 4 3
81 3 2
81 13 12
81 12 10
81 12 11
82 17 2
82 2 1
82 1 0
82 17 16
82 16 14
82 14 13
82 13 12
82 12 4
82 4 3
82 12 11
82 11 5
82 11 10
82 10 8
82 8 7
82 7 6
82 10 9
82 16 15
83 16 6
83 6 4
83 4 1
83 1 0
83 4 3
83 3 2
83 6 5
83 16 15
83 15 14
83 14 13
83 13 11
83 11 10
83 10 7
83 10 9
83 9 8
83 13 12
84 15 8
84 8 5
84 5 4
84 4 3
84 3 2
84 2 0
84 2 1
84 8 7
84 7 6
84 15 14
84 14 10
84 10 9
84 14 13
84 13 11
84 13 12
85 14 13
85 13 7
85 7 4
85 4 3
85 3 2
85 2 0
85 2 1
85 7 6
85 6 5
85 13 12
85 12 11
85 11 8
85 11 10
85 10 9
86 14 13
86 13 11
86 11 4
86 4 2
86 2 1
86 1 0
86 4 3
86 11 10
86 10 8
86 8 7
86 7 6
86 6 5
86 10 9
86 13 12
87 15 13
87 13 12
87 12 10
87 10 9
87 9 7
87 7 6
87 6 1
87 1 0
87 6 5
87 5 4
87 4 3
87 3 2
87 9 8
87 12 11
87 15 14
88 17 16
88 16 8
88 8 7
88 7 6
88 6 3
88 3 2
88 2 0
88 2 1
88 6 5
88 5 4
88 16 15
88 15 13
88 13 12
88 12 11
88 11 10
88 10 9
88 15 14
89 16 2
89 2 0
89 2 1
89 16 15
89 15 13
89 13 12
89 12 3
89 12 11
89 11 10
89 10 7
89 7 6
89 6 5
89 5 4
89 10 9
89 9 8
89 15 14
90 14 0
90 14 13
90 13 3
90 3 1
90 3 2
90 13 12
90 12 11
90 11 10
90 10 9
90 9 5
90 5 4
90 9 8
90 8 7
90 7 6
91 16 0
91 16 15
91 15 13
91 13 12
91 12 11
91 11 10
91 10 4
91 4 3
91 3 1
91 3 2
91 10 9
91 9 5
91 9 8
91 8 7
91 7 6
91 15 14
92 17 16
92 16 15
92 15 3
92 3 0
92 3 2
92 2 1
92 15 14
92 14 13
92 13 5
92 5 4
92 13 12
92 12 7
92 7 6
92 12 11
92 11 10
92 10 8
92 10 9
93 19 14
93 14 12
93 12 9
93 9 8
93 8 0
93 8 7
93 7 6
93 6 1
93 6 5
93 5 4
93 4 2
93 4 3
93 12 11
93 11 10
93 14 13
93 19 18
93 18 17
93 17 16
93 16 15
94 19 18
94 18 17
94 17 13
94 13 0
94 13 12
94 12 4
94 4 2
94 2 1
94 4 3
94 12 11
94 11 5
94 11 10
94 10 8
94 8 6
94 8 7
94 10 9
94 17 16
94 16 15
94 15 14
95 18 17
95 17 15
95 15 12
95 12 11
95 11 10
95 10 4
95 4 3
95 3 2
95 2 1
95 1 0
95 10 9
95 9 8
95 8 7
95 7 5
95 7 6
95 15 14
95 14 13
95 17 16
96 19 18
96 18 1
96 1 0
96 18 17
96 17 7
96 7 2
96 7 6
96 6 5
96 5 4
96 4 3
96 17 16
96 16 10
96 10 9
96 9 8
96 16 15
96 15 11
96 15 14
96 14 13
96 13 12
97 15 2
97 2 0
97 2 1
97 15 14
97 14 10
97 10 4
97 4 3
97 10 9
97 9 8
97 8 7
97 7 6
97 6 5
97 14 13
97 13 11
97 13 12
98 16 5
98 5 3
98 3 2
98 2 0
98 2 1
98 5 4
98 16 15
98 15 14
98 14 7
98 7 6
98 14 13
98 13 12
98 12 11
98 11 8
98 11 10
98 10 9
99 16 14
99 14 13
99 13 12
99 12 11
99 11 1
99 1 0
99 11 10
99 10 3
99 3 2
99 10 9
99 9 4
99 9 8
99 8 6
99 6 5
99 8 7
99 16 15
100 16 13
100 13 12
100 12 11
100 11 10
100 10 7
100 7 2
100 2 1
100 1 0
100 7 6
100 6 5
100 5 4
100 4 3
100 10 9
100 9 8
100 16 15
100 15 14
101 18 10
101 10 8
101 8 2
101 2 1
101 1 0
101 8 7
101 7 6
101 6 5
101 5 3
101 5 4
101 10 9
101 18 17
101 17 11
101 17 16
101 16 15
101 15 12
101 15 14
101 14 13
