1 14 3
1 3 0
1 3 2
1 2 1
1 14 13
1 13 12
1 12 4
1 12 11
1 11 9
1 9 5
1 9 8
1 8 6
1 8 7
1 11 10
2 14 13
2 13 2
2 2 1
2 1 0
2 13 12
2 12 3
2 12 11
2 11 4
2 11 10
2 10 8
2 8 5
2 8 7
2 7 6
2 10 9
3 17 0
3 17 16
3 16 13
3 13 3
3 3 1
3 3 2
3 13 12
3 12 11
3 11 10
3 10 9
3 9 8
3 8 6
3 6 5
3 5 4
3 8 7
3 16 15
3 15 14
4 17 14
4 14 5
4 5 4
4 4 2
4 2 1
4 1 0
4 4 3
4 14 13
4 13 11
4 11 10
4 10 9
4 9 8
4 8 7
4 7 6
4 13 12
4 17 16
4 16 15
5 19 14
5 14 2
5 2 0
5 2 1
5 14 13
5 13 4
5 4 3
5 13 12
5 12 11
5 11 10
5 10 6
5 6 5
5 10 9
5 9 7
5 9 8
5 19 18
5 18 15
5 18 17
5 17 16
6 18 7
6 7 6
6 6 3
6 3 2
6 2 1
6 1 0
6 6 5
6 5 4
6 18 17
6 17 16
6 16 12
6 12 10
6 10 9
6 9 8
6 12 11
6 16 15
6 15 14
6 14 13
7 15 13
7 13 0
7 13 12
7 12 11
7 11 5
7 5 3
7 3 2
7 2 1
7 5 4
7 11 10
7 10 6
7 10 9
7 9 8
7 8 7
7 15 14
8 17 4
8 4 0
8 4 3
8 3 2
8 2 1
8 17 16
8 16 14
8 14 6
8 6 5
8 14 13
8 13 11
8 11 7
8 11 10
8 10 9
8 9 8
8 13 12
8 16 15
9 19 0
9 19 18
9 18 16
9 16 15
9 15 3
9 3 2
9 2 1
9 15 14
9 14 13
9 13 12
9 12 7
9 7 6
9 6 4
9 6 5
9 12 11
9 11 10
9 10 9
9 9 8
9 18 17
10 18 1
10 1 0
10 18 17
10 17 14
10 14 12
10 12 10
10 10 9
10 9 6
10 6 5
10 5 3
10 3 2
10 5 4
10 9 8
10 8 7
10 12 11
10 14 13
10 17 16
10 16 15
11 19 4
11 4 3
11 3 2
11 2 0
11 2 1
11 19 18
11 18 14
11 14 13
11 13 8
11 8 5
11 8 7
11 7 6
11 13 12
11 12 11
11 11 9
11 11 10
11 18 17
11 17 16
11 16 15
12 19 1
12 1 0
12 19 18
12 18 17
12 17 11
12 11 5
12 5 4
12 4 2
12 4 3
12 11 10
12 10 9
12 9 7
12 7 6
12 9 8
12 17 16
12 16 14
12 14 13
12 13 12
12 16 15
13 16 14
13 14 12
13 12 10
13 10 0
13 10 9
13 9 7
13 7 6
13 6 4
13 4 2
13 2 1
13 4 3
13 6 5
13 9 8
13 12 11
13 14 13
13 16 15
14 16 1
14 1 0
14 16 15
14 15 3
14 3 2
14 15 14
14 14 5
14 5 4
14 14 13
14 13 12
14 12 11
14 11 8
14 8 6
14 8 7
14 11 10
14 10 9
15 16 6
15 6 0
15 6 5
15 5 1
15 5 4
15 4 3
15 3 2
15 16 15
15 15 14
15 14 13
15 13 12
15 12 11
15 11 9
15 9 7
15 9 8
15 11 10
16 14 13
16 13 8
16 8 6
16 6 5
16 5 2
16 2 1
16 1 0
16 5 4
16 4 3
16 8 7
16 13 12
16 12 11
16 11 10
16 10 9
17 15 11
17 11 3
17 3 2
17 2 0
17 2 1
17 11 10
17 10 9
17 9 5
17 5 4
17 9 8
17 8 6
17 8 7
17 15 14
17 14 13
17 13 12
18 18 17
18 17 16
18 16 3
18 3 2
18 2 1
18 1 0
18 16 15
18 15 14
18 14 13
18 13 8
18 8 7
18 7 6
18 6 5
18 5 4
18 13 12
18 12 9
18 12 11
18 11 10
19 17 10
19 10 0
19 10 9
19 9 5
19 5 2
19 2 1
19 5 4
19 4 3
19 9 8
19 8 7
19 7 6
19 17 16
19 16 15
19 15 14
19 14 13
19 13 11
19 13 12
20 19 17
20 17 16
20 16 14
20 14 13
20 13 11
20 11 10
20 10 3
20 3 0
20 3 2
20 2 1
20 10 9
20 9 8
20 8 7
20 7 6
20 6 4
20 6 5
20 13 12
20 16 15
20 19 18
21 19 18
21 18 15
21 15 7
21 7 4
21 4 2
21 2 0
21 2 1
21 4 3
21 7 6
21 6 5
21 15 14
21 14 13
21 13 11
21 11 8
21 11 10
21 10 9
21 13 12
21 18 17
21 17 16
22 14 13
22 13 12
22 12 0
22 12 11
22 11 1
22 11 10
22 10 2
22 10 9
22 9 5
22 5 3
22 5 4
22 9 8
22 8 6
22 8 7
23 14 0
23 14 13
23 13 12
23 12 11
23 11 8
23 8 6
23 6 5
23 5 4
23 4 3
23 3 1
23 3 2
23 8 7
23 11 10
23 10 9
24 16 0
24 16 15
24 15 14
24 14 13
24 13 12
24 12 11
24 11 1
24 11 10
24 10 9
24 9 7
24 7 6
24 6 5
24 5 4
24 4 3
24 3 2
24 9 8
25 18 12
25 12 11
25 11 10
25 10 9
25 9 8
25 8 5
25 5 4
25 4 3
25 3 2
25 2 0
25 2 1
25 8 7
25 7 6
25 18 17
25 17 15
25 15 13
25 15 14
25 17 16
26 18 17
26 17 15
26 15 14
26 14 13
26 13 11
26 11 9
26 9 8
26 8 7
26 7 1
26 1 0
26 7 6
26 6 5
26 5 2
26 5 4
26 4 3
26 11 10
26 13 12
26 17 16
27 19 7
27 7 1
27 1 0
27 7 6
27 6 4
27 4 2
27 4 3
27 6 5
27 19 18
27 18 13
27 13 12
27 12 11
27 11 8
27 11 10
27 10 9
27 18 17
27 17 14
27 17 16
27 16 15
28 17 16
28 16 2
28 2 0
28 2 1
28 16 15
28 15 6
28 6 5
28 5 4
28 4 3
28 15 14
28 14 13
28 13 11
28 11 9
28 9 8
28 8 7
28 11 10
28 13 12
29 14 13
29 13 11
29 11 0
29 11 10
29 10 1
29 10 9
29 9 2
29 9 8
29 8 3
29 8 7
29 7 6
29 6 4
29 6 5
29 13 12
30 14 6
30 6 0
30 6 5
30 5 4
30 4 3
30 3 1
30 3 2
30 14 13
30 13 12
30 12 8
30 8 7
30 12 11
30 11 9
30 11 10
31 15 1
31 1 0
31 15 14
31 14 9
31 9 5
31 5 2
31 5 4
31 4 3
31 9 8
31 8 7
31 7 6
31 14 13
31 13 10
31 13 12
31 12 11
32 19 15
32 15 13
32 13 12
32 12 9
32 9 8
32 8 4
32 4 3
32 3 2
32 2 0
32 2 1
32 8 7
32 7 6
32 6 5
32 12 11
32 11 10
32 15 14
32 19 18
32 18 16
32 18 17
33 17 10
33 10 4
33 4 3
33 3 2
33 2 0
33 2 1
33 10 9
33 9 7
33 7 5
33 7 6
33 9 8
33 17 16
33 16 14
33 14 11
33 14 13
33 13 12
33 16 15
34 19 2
34 2 0
34 2 1
34 19 18
34 18 14
34 14 8
34 8 6
34 6 5
34 5 4
34 4 3
34 8 7
34 14 13
34 13 12
34 12 11
34 11 9
34 11 10
34 18 17
34 17 16
34 16 15
35 16 15
35 15 4
35 4 3
35 3 2
35 2 1
35 1 0
35 15 14
35 14 13
35 13 12
35 12 9
35 9 5
35 9 8
35 8 7
35 7 6
35 12 11
35 11 10
36 15 0
36 15 14
36 14 13
36 13 12
36 12 2
36 2 1
36 12 11
36 11 10
36 10 9
36 9 5
36 5 4
36 4 3
36 9 8
36 8 7
36 7 6
37 15 14
37 14 11
37 11 0
37 11 10
37 10 9
37 9 3
37 3 1
37 3 2
37 9 8
37 8 5
37 5 4
37 8 7
37 7 6
37 14 13
37 13 12
38 14 4
38 4 0
38 4 3
38 3 1
38 3 2
38 14 13
38 13 8
38 8 5
38 8 7
38 7 6
38 13 12
38 12 11
38 11 10
38 10 9
39 18 17
39 17 15
39 15 12
39 12 10
39 10 9
39 9 8
39 8 7
39 7 5
39 5 3
39 3 2
39 2 0
39 2 1
39 5 4
39 7 6
39 12 11
39 15 14
39 14 13
39 17 16
40 14 12
40 12 11
40 11 1
40 1 0
40 11 10
40 10 4
40 4 3
40 3 2
40 10 9
40 9 6
40 6 5
40 9 8
40 8 7
40 14 13
41 18 15
41 15 1
41 1 0
41 15 14
41 14 12
41 12 4
41 4 3
41 3 2
41 12 11
41 11 6
41 6 5
41 11 10
41 10 8
41 8 7
41 10 9
41 14 13
41 18 17
41 17 16
42 16 13
42 13 3
42 3 2
42 2 1
42 1 0
42 13 12
42 12 7
42 7 6
42 6 4
42 6 5
42 12 11
42 11 9
42 9 8
42 11 10
42 16 15
42 15 14
43 19 0
43 19 18
43 18 3
43 3 1
43 3 2
43 18 17
43 17 4
43 17 16
43 16 6
43 6 5
43 16 15
43 15 14
43 14 13
43 13 12
43 12 7
43 12 11
43 11 10
43 10 9
43 9 8
44 16 15
44 15 14
44 14 0
44 14 13
44 13 12
44 12 4
44 4 2
44 2 1
44 4 3
44 12 11
44 11 6
44 6 5
44 11 10
44 10 9
44 9 8
44 8 7
45 16 15
45 15 12
45 12 6
45 6 5
45 5 0
45 5 4
45 4 1
45 4 3
45 3 2
45 12 11
45 11 7
45 11 10
45 10 9
45 9 8
45 15 14
45 14 13
46 14 11
46 11 10
46 10 3
46 3 2
46 2 0
46 2 1
46 10 9
46 9 7
46 7 6
46 6 5
46 5 4
46 9 8
46 14 13
46 13 12
47 16 15
47 15 14
47 14 13
47 13 12
47 12 4
47 4 3
47 3 2
47 2 1
47 1 0
47 12 11
47 11 9
47 9 8
47 8 7
47 7 5
47 7 6
47 11 10
48 15 5
48 5 4
48 4 3
48 3 2
48 2 0
48 2 1
48 15 14
48 14 13
48 13 12
48 12 7
48 7 6
48 12 11
48 11 9
48 9 8
48 11 10
49 14 12
49 12 11
49 11 0
49 11 10
49 10 1
49 10 9
49 9 2
49 9 8
49 8 7
49 7 5
49 5 3
49 5 4
49 7 6
49 14 13
50 19 18
50 18 4
50 4 2
50 2 1
50 1 0
50 4 3
50 18 17
50 17 16
50 16 15
50 15 13
50 13 11
50 11 10
50 10 8
50 8 5
50 8 7
50 7 6
50 10 9
50 13 12
50 15 14
51 17 0
51 17 16
51 16 15
51 15 14
51 14 9
51 9 7
51 7 6
51 6 1
51 6 5
51 5 4
51 4 2
51 4 3
51 9 8
51 14 13
51 13 12
51 12 10
51 12 11
52 14 13
52 13 1
52 1 0
52 13 12
52 12 10
52 10 8
52 8 5
52 5 2
52 5 4
52 4 3
52 8 7
52 7 6
52 10 9
52 12 11
53 16 9
53 9 7
53 7 0
53 7 6
53 6 1
53 6 5
53 5 4
53 4 3
53 3 2
53 9 8
53 16 15
53 15 14
53 14 11
53 11 10
53 14 13
53 13 12
54 19 0
54 19 18
54 18 17
54 17 16
54 16 12
54 12 10
54 10 8
54 8 7
54 7 4
54 4 2
54 2 1
54 4 3
54 7 6
54 6 5
54 10 9
54 12 11
54 16 15
54 15 13
54 15 14
55 17 16
55 16 0
55 16 15
55 15 10
55 10 1
55 10 9
55 9 4
55 4 2
55 4 3
55 9 8
55 8 5
55 8 7
55 7 6
55 15 14
55 14 11
55 14 13
55 13 12
56 14 6
56 6 4
56 4 2
56 2 1
56 1 0
56 4 3
56 6 5
56 14 13
56 13 11
56 11 10
56 10 8
56 8 7
56 10 9
56 13 12
57 14 13
57 13 12
57 12 0
57 12 11
57 11 7
57 7 6
57 6 1
57 6 5
57 5 4
57 4 3
57 3 2
57 11 10
57 10 9
57 9 8
58 17 15
58 15 6
58 6 4
58 4 0
58 4 3
58 3 1
58 3 2
58 6 5
58 15 14
58 14 13
58 13 12
58 12 9
58 9 8
58 8 7
58 12 11
58 11 10
58 17 16
59 16 0
59 16 15
59 15 1
59 15 14
59 14 3
59 3 2
59 14 13
59 13 10
59 10 5
59 5 4
59 10 9
59 9 6
59 9 8
59 8 7
59 13 12
59 12 11
60 15 14
60 14 1
60 1 0
60 14 13
60 13 12
60 12 10
60 10 9
60 9 4
60 4 2
60 4 3
60 9 8
60 8 7
60 7 5
60 7 6
60 12 11
61 15 14
61 14 12
61 12 10
61 10 1
61 1 0
61 10 9
61 9 8
61 8 3
61 3 2
61 8 7
61 7 5
61 5 4
61 7 6
61 12 11
61 14 13
62 19 18
62 18 15
62 15 13
62 13 12
62 12 2
62 2 1
62 1 0
62 12 11
62 11 10
62 10 8
62 8 7
62 7 5
62 5 3
62 5 4
62 7 6
62 10 9
62 15 14
62 18 17
62 17 16
63 14 0
63 14 13
63 13 11
63 11 9
63 9 5
63 5 3
63 3 2
63 2 1
63 5 4
63 9 8
63 8 7
63 7 6
63 11 10
63 13 12
64 19 17
64 17 16
64 16 2
64 2 1
64 1 0
64 16 15
64 15 3
64 15 14
64 14 13
64 13 4
64 13 12
64 12 11
64 11 5
64 11 10
64 10 6
64 10 9
64 9 7
64 9 8
64 19 18
65 16 0
65 16 15
65 15 11
65 11 8
65 8 7
65 7 5
65 5 3
65 3 1
65 3 2
65 5 4
65 7 6
65 11 10
65 10 9
65 15 14
65 14 13
65 13 12
66 15 13
66 13 12
66 12 11
66 11 5
66 5 3
66 3 2
66 2 0
66 2 1
66 5 4
66 11 10
66 10 6
66 10 9
66 9 8
66 8 7
66 15 14
67 18 0
67 18 17
67 17 4
67 4 3
67 3 2
67 2 1
67 17 16
67 16 12
67 12 11
67 11 6
67 6 5
67 11 10
67 10 7
67 10 9
67 9 8
67 16 15
67 15 13
67 15 14
68 19 18
68 18 2
68 2 0
68 2 1
68 18 17
68 17 9
68 9 3
68 9 8
68 8 6
68 6 5
68 5 4
68 8 7
68 17 16
68 16 15
68 15 14
68 14 13
68 13 12
68 12 11
68 11 10
69 19 14
69 14 13
69 13 11
69 11 10
69 10 8
69 8 7
69 7 1
69 1 0
69 7 6
69 6 4
69 4 3
69 3 2
69 6 5
69 10 9
69 13 12
69 19 18
69 18 17
69 17 16
69 16 15
70 16 9
70 9 8
70 8 0
70 8 7
70 7 6
70 6 1
70 6 5
70 5 4
70 4 2
70 4 3
70 16 15
70 15 14
70 14 13
70 13 11
70 11 10
70 13 12
71 17 0
71 17 16
71 16 1
71 16 15
71 15 11
71 11 5
71 5 4
71 4 3
71 3 2
71 11 10
71 10 9
71 9 6
71 9 8
71 8 7
71 15 14
71 14 13
71 13 12
72 19 15
72 15 12
72 12 11
72 11 10
72 10 0
72 10 9
72 9 8
72 8 1
72 8 7
72 7 6
72 6 4
72 4 3
72 3 2
72 6 5
72 15 14
72 14 13
72 19 18
72 18 16
72 18 17
73 16 0
73 16 15
73 15 2
73 2 1
73 15 14
73 14 13
73 13 7
73 7 6
73 6 3
73 6 5
73 5 4
73 13 12
73 12 11
73 11 9
73 9 8
73 11 10
74 17 15
74 15 11
74 11 10
74 10 9
74 9 0
74 9 8
74 8 1
74 8 7
74 7 5
74 5 4
74 4 3
74 3 2
74 7 6
74 15 14
74 14 13
74 13 12
74 17 16
75 16 5
75 5 2
75 2 1
75 1 0
75 5 4
75 4 3
75 16 15
75 15 10
75 10 9
75 9 6
75 9 8
75 8 7
75 15 14
75 14 11
75 14 13
75 13 12
76 14 13
76 13 1
76 1 0
76 13 12
76 12 6
76 6 4
76 4 2
76 4 3
76 6 5
76 12 11
76 11 9
76 9 7
76 9 8
76 11 10
77 19 6
77 6 5
77 5 4
77 4 0
77 4 3
77 3 1
77 3 2
77 19 18
77 18 8
77 8 7
77 18 17
77 17 16
77 16 14
77 14 13
77 13 11
77 11 9
77 11 10
77 13 12
77 16 15
78 17 16
78 16 5
78 5 4
78 4 3
78 3 0
78 3 2
78 2 1
78 16 15
78 15 13
78 13 12
78 12 6
78 12 11
78 11 10
78 10 7
78 10 9
78 9 8
78 15 14
79 14 13
79 13 12
79 12 11
79 11 10
79 10 9
79 9 2
79 2 0
79 2 1
79 9 8
79 8 6
79 6 3
79 6 5
79 5 4
79 8 7
80 18 17
80 17 9
80 9 8
80 8 7
80 7 0
80 7 6
80 6 5
80 5 4
80 4 3
80 3 2
80 2 1
80 17 16
80 16 15
80 15 10
80 15 14
80 14 12
80 12 11
80 14 13
81 16 15
81 15 0
81 15 14
81 14 8
81 8 3
81 3 1
81 3 2
81 8 7
81 7 6
81 6 5
81 5 4
81 14 13
81 13 11
81 11 10
81 10 9
81 13 12
82 19 0
82 19 18
82 18 17
82 17 15
82 15 12
82 12 1
82 12 11
82 11 10
82 10 3
82 3 2
82 10 9
82 9 4
82 9 8
82 8 6
82 6 5
82 8 7
82 15 14
82 14 13
82 17 16
83 17 16
83 16 15
83 15 14
83 14 4
83 4 3
83 3 2
83 2 0
83 2 1
83 14 13
83 13 9
83 9 8
83 8 5
83 8 7
83 7 6
83 13 12
83 12 10
83 12 11
84 16 15
84 15 14
84 14 13
84 13 1
84 1 0
84 13 12
84 12 11
84 11 3
84 3 2
84 11 10
84 10 9
84 9 5
84 5 4
84 9 8
84 8 6
84 8 7
85 14 10
85 10 4
85 4 2
85 2 0
85 2 1
85 4 3
85 10 9
85 9 5
85 9 8
85 8 6
85 8 7
85 14 13
85 13 11
85 13 12
86 19 18
86 18 17
86 17 16
86 16 15
86 15 14
86 14 0
86 14 13
86 13 1
86 13 12
86 12 2
86 12 11
86 11 4
86 4 3
86 11 10
86 10 5
86 10 9
86 9 7
86 7 6
86 9 8
87 16 0
87 16 15
87 15 1
87 15 14
87 14 13
87 13 12
87 12 11
87 11 10
87 10 3
87 3 2
87 10 9
87 9 8
87 8 7
87 7 4
87 7 6
87 6 5
88 16 15
88 15 11
88 11 0
88 11 10
88 10 4
88 4 3
88 3 2
88 2 1
88 10 9
88 9 5
88 9 8
88 8 6
88 8 7
88 15 14
88 14 13
88 13 12
89 17 0
89 17 16
89 16 15
89 15 14
89 14 3
89 3 1
89 3 2
89 14 13
89 13 12
89 12 10
89 10 9
89 9 8
89 8 5
89 5 4
89 8 7
89 7 6
89 12 11
90 17 16
90 16 12
90 12 11
90 11 10
90 10 0
90 10 9
90 9 8
90 8 1
90 8 7
90 7 6
90 6 4
90 4 2
90 4 3
90 6 5
90 16 15
90 15 13
90 15 14
91 18 0
91 18 17
91 17 1
91 17 16
91 16 15
91 15 14
91 14 8
91 8 5
91 5 3
91 3 2
91 5 4
91 8 7
91 7 6
91 14 13
91 13 9
91 13 12
91 12 11
91 11 10
92 17 16
92 16 15
92 15 0
92 15 14
92 14 2
92 2 1
92 14 13
92 13 12
92 12 11
92 11 10
92 10 5
92 5 4
92 4 3
92 10 9
92 9 7
92 7 6
92 9 8
93 14 0
93 14 13
93 13 2
93 2 1
93 13 12
93 12 11
93 11 7
93 7 3
93 7 6
93 6 4
93 6 5
93 11 10
93 10 8
93 10 9
94 15 14
94 14 13
94 13 11
94 11 0
94 11 10
94 10 3
94 3 2
94 2 1
94 10 9
94 9 4
94 9 8
94 8 7
94 7 6
94 6 5
94 13 12
95 16 14
95 14 0
95 14 13
95 13 2
95 2 1
95 13 12
95 12 9
95 9 3
95 9 8
95 8 6
95 6 5
95 5 4
95 8 7
95 12 11
95 11 10
95 16 15
96 16 11
96 11 0
96 11 10
96 10 7
96 7 6
96 6 5
96 5 3
96 3 1
96 3 2
96 5 4
96 10 9
96 9 8
96 16 15
96 15 14
96 14 13
96 13 12
97 14 4
97 4 1
97 1 0
97 4 3
97 3 2
97 14 13
97 13 6
97 6 5
97 13 12
97 12 11
97 11 7
97 11 10
97 10 8
97 10 9
98 15 14
98 14 13
98 13 4
98 4 3
98 3 2
98 2 0
98 2 1
98 13 12
98 12 5
98 12 11
98 11 6
98 11 10
98 10 7
98 10 9
98 9 8
99 14 9
99 9 7
99 7 1
99 1 0
99 7 6
99 6 5
99 5 4
99 4 3
99 3 2
99 9 8
99 14 13
99 13 12
99 12 11
99 11 10
100 15 13
100 13 12
100 12 3
100 3 2
100 2 0
100 2 1
100 12 11
100 11 10
100 10 4
100 10 9
100 9 7
100 7 5
100 7 6
100 9 8
100 15 14
101 14 0
101 14 13
101 13 1
101 13 12
101 12 11
101 11 10
101 10 8
101 8 7
101 7 3
101 3 2
101 7 6
101 6 5
101 5 4
101 10 9
