1 16 14
1 14 0
1 14 13
1 13 11
1 11 8
1 8 7
1 7 6
1 6 5
1 5 4
1 4 2
1 2 1
1 4 3
1 11 10
1 10 9
1 13 12
1 16 15
2 17 16
2 16 0
2 16 15
2 15 14
2 14 1
2 14 13
2 13 12
2 12 10
2 10 2
2 10 9
2 9 7
2 7 6
2 6 5
2 5 4
2 4 3
2 9 8
2 12 11
3 14 13
3 13 11
3 11 10
3 10 0
3 10 9
3 9 8
3 8 5
3 5 4
3 4 3
3 3 1
3 3 2
3 8 7
3 7 6
3 13 12
4 14 5
4 5 4
4 4 2
4 2 0
4 2 1
4 4 3
4 14 13
4 13 12
4 12 11
4 11 10
4 10 9
4 9 8
4 8 6
4 8 7
5 19 17
5 17 15
5 15 14
5 14 13
5 13 0
5 13 12
5 12 11
5 11 1
5 11 10
5 10 9
5 9 5
5 5 4
5 4 3
5 3 2
5 9 8
5 8 6
5 8 7
5 17 16
5 19 18
6 15 2
6 2 0
6 2 1
6 15 14
6 14 13
6 13 10
6 10 9
6 9 7
6 7 6
6 6 5
6 5 4
6 4 3
6 9 8
6 13 12
6 12 11
7 18 17
7 17 15
7 15 14
7 14 0
7 14 13
7 13 2
7 2 1
7 13 12
7 12 3
7 12 11
7 11 4
7 11 10
7 10 9
7 9 8
7 8 7
7 7 6
7 6 5
7 17 16
8 16 12
8 12 11
8 11 0
8 11 10
8 10 1
8 10 9
8 9 7
8 7 2
8 7 6
8 6 5
8 5 4
8 4 3
8 9 8
8 16 15
8 15 14
8 14 13
9 14 1
9 1 0
9 14 13
9 13 11
9 11 6
9 6 4
9 4 3
9 3 2
9 6 5
9 11 10
9 10 8
9 8 7
9 10 9
9 13 12
10 19 17
10 17 1
10 1 0
10 17 16
10 16 15
10 15 13
10 13 2
10 13 12
10 12 3
10 12 11
10 11 10
10 10 8
10 8 6
10 6 5
10 5 4
10 8 7
10 10 9
10 15 14
10 19 18
11 19 4
11 4 0
11 4 3
11 3 1
11 3 2
11 19 18
11 18 5
11 18 17
11 17 9
11 9 8
11 8 7
11 7 6
11 17 16
11 16 14
11 14 13
11 13 11
11 11 10
11 13 12
11 16 15
12 19 0
12 19 18
12 18 17
12 17 1
12 17 16
12 16 2
12 16 15
12 15 14
12 14 3
12 14 13
12 13 4
12 13 12
12 12 5
12 12 11
12 11 10
12 10 9
12 9 8
12 8 7
12 7 6
13 16 5
13 5 4
13 4 2
13 2 1
13 1 0
13 4 3
13 16 15
13 15 14
13 14 12
13 12 11
13 11 6
13 11 10
13 10 9
13 9 7
13 9 8
13 14 13
14 14 1
14 1 0
14 14 13
14 13 8
14 8 7
14 7 6
14 6 4
14 4 3
14 3 2
14 6 5
14 13 12
14 12 9
14 12 11
14 11 10
15 14 2
15 2 1
15 1 0
15 14 13
15 13 8
15 8 3
15 8 7
15 7 5
15 5 4
15 7 6
15 13 12
15 12 10
15 10 9
15 12 11
16 19 18
16 18 17
16 17 1
16 1 0
16 17 16
16 16 2
16 16 15
16 15 13
16 13 12
16 12 6
16 6 5
16 5 3
16 5 4
16 12 11
16 11 10
16 10 9
16 9 8
16 8 7
16 15 14
17 15 14
17 14 6
17 6 4
17 4 3
17 3 1
17 1 0
17 3 2
17 6 5
17 14 13
17 13 12
17 12 7
17 12 11
17 11 10
17 10 8
17 10 9
18 15 12
18 12 11
18 11 10
18 10 0
18 10 9
18 9 5
18 5 2
18 2 1
18 5 4
18 4 3
18 9 8
18 8 7
18 7 6
18 15 14
18 14 13
19 14 12
19 12 0
19 12 11
19 11 10
19 10 1
19 10 9
19 9 2
19 9 8
19 8 7
19 7 6
19 6 3
19 6 5
19 5 4
19 14 13
20 16 13
20 13 11
20 11 8
20 8 0
20 8 7
20 7 4
20 4 3
20 3 2
20 2 1
20 7 6
20 6 5
20 11 10
20 10 9
20 13 12
20 16 15
20 15 14
21 15 14
21 14 7
21 7 1
21 1 0
21 7 6
21 6 5
21 5 4
21 4 2
21 4 3
21 14 13
21 13 8
21 13 12
21 12 10
21 10 9
21 12 11
22 19 0
22 19 18
22 18 1
22 18 17
22 17 15
22 15 14
22 14 10
22 10 4
22 4 2
22 4 3
22 10 9
22 9 8
22 8 7
22 7 6
22 6 5
22 14 13
22 13 11
22 13 12
22 17 16
23 15 0
23 15 14
23 14 11
23 11 6
23 6 4
23 4 3
23 3 2
23 2 1
23 6 5
23 11 10
23 10 8
23 8 7
23 10 9
23 14 13
23 13 12
24 15 0
24 15 14
24 14 13
24 13 2
24 2 1
24 13 12
24 12 11
24 11 10
24 10 8
24 8 7
24 7 4
24 4 3
24 7 6
24 6 5
24 10 9
25 18 14
25 14 11
25 11 10
25 10 5
25 5 0
25 5 4
25 4 3
25 3 1
25 3 2
25 10 9
25 9 8
25 8 7
25 7 6
25 14 13
25 13 12
25 18 17
25 17 15
25 17 16
26 15 13
26 13 12
26 12 11
26 11 4
26 4 3
26 3 2
26 2 1
26 1 0
26 11 10
26 10 9
26 9 7
26 7 6
26 6 5
26 9 8
26 15 14
27 16 2
27 2 1
27 1 0
27 16 15
27 15 14
27 14 4
27 4 3
27 14 13
27 13 12
27 12 10
27 10 5
27 10 9
27 9 8
27 8 6
27 8 7
27 12 11
28 14 12
28 12 10
28 10 0
28 10 9
28 9 6
28 6 1
28 6 5
28 5 2
28 5 4
28 4 3
28 9 8
28 8 7
28 12 11
28 14 13
29 17 2
29 2 1
29 1 0
29 17 16
29 16 14
29 14 3
29 14 13
29 13 9
29 9 4
29 9 8
29 8 6
29 6 5
29 8 7
29 13 12
29 12 11
29 11 10
29 16 15
30 19 18
30 18 16
30 16 15
30 15 14
30 14 13
30 13 12
30 12 11
30 11 10
30 10 9
30 9 8
30 8 7
30 7 0
30 7 6
30 6 2
30 2 1
30 6 5
30 5 3
30 5 4
30 18 17
31 16 0
31 16 15
31 15 4
31 4 1
31 4 3
31 3 2
31 15 14
31 14 13
31 13 8
31 8 7
31 7 5
31 7 6
31 13 12
31 12 11
31 11 9
31 11 10
32 14 2
32 2 0
32 2 1
32 14 13
32 13 12
32 12 11
32 11 6
32 6 5
32 5 3
32 5 4
32 11 10
32 10 7
32 10 9
32 9 8
33 15 5
33 5 4
33 4 3
33 3 2
33 2 0
33 2 1
33 15 14
33 14 11
33 11 8
33 8 6
33 8 7
33 11 10
33 10 9
33 14 13
33 13 12
34 17 11
34 11 5
34 5 2
34 2 0
34 2 1
34 5 4
34 4 3
34 11 10
34 10 9
34 9 8
34 8 7
34 7 6
34 17 16
34 16 14
34 14 13
34 13 12
34 16 15
35 14 11
35 11 10
35 10 0
35 10 9
35 9 8
35 8 1
35 8 7
35 7 6
35 6 5
35 5 4
35 4 3
35 3 2
35 14 13
35 13 12
36 14 13
36 13 12
36 12 10
36 10 9
36 9 0
36 9 8
36 8 7
36 7 3
36 3 2
36 2 1
36 7 6
36 6 5
36 5 4
36 12 11
37 16 13
37 13 0
37 13 12
37 12 3
37 3 2
37 2 1
37 12 11
37 11 4
37 11 10
37 10 8
37 8 5
37 8 7
37 7 6
37 10 9
37 16 15
37 15 14
38 18 12
38 12 8
38 8 7
38 7 4
38 4 2
38 2 0
38 2 1
38 4 3
38 7 6
38 6 5
38 12 11
38 11 9
38 11 10
38 18 17
38 17 13
38 17 16
38 16 14
38 16 15
39 17 16
39 16 15
39 15 14
39 14 2
39 2 1
39 1 0
39 14 13
39 13 12
39 12 7
39 7 5
39 5 3
39 5 4
39 7 6
39 12 11
39 11 8
39 11 10
39 10 9
40 18 17
40 17 14
40 14 13
40 13 11
40 11 9
40 9 5
40 5 4
40 4 0
40 4 3
40 3 2
40 2 1
40 9 8
40 8 7
40 7 6
40 11 10
40 13 12
40 17 16
40 16 15
41 16 15
41 15 14
41 14 13
41 13 1
41 1 0
41 13 12
41 12 11
41 11 2
41 11 10
41 10 3
41 10 9
41 9 7
41 7 6
41 6 5
41 5 4
41 9 8
42 16 15
42 15 14
42 14 1
42 1 0
42 14 13
42 13 12
42 12 8
42 8 6
42 6 5
42 5 2
42 5 4
42 4 3
42 8 7
42 12 11
42 11 9
42 11 10
43 19 18
43 18 0
43 18 17
43 17 4
43 4 2
43 2 1
43 4 3
43 17 16
43 16 7
43 7 5
43 7 6
43 16 15
43 15 14
43 14 13
43 13 12
43 12 11
43 11 10
43 10 9
43 9 8
44 14 12
44 12 11
44 11 7
44 7 6
44 6 5
44 5 2
44 2 1
44 1 0
44 5 4
44 4 3
44 11 10
44 10 8
44 10 9
44 14 13
45 14 13
45 13 12
45 12 1
45 1 0
45 12 11
45 11 10
45 10 9
45 9 5
45 5 3
45 3 2
45 5 4
45 9 8
45 8 7
45 7 6
46 17 6
46 6 5
46 5 4
46 4 3
46 3 0
46 3 2
46 2 1
46 17 16
46 16 15
46 15 14
46 14 7
46 14 13
46 13 12
46 12 11
46 11 10
46 10 9
46 9 8
47 15 0
47 15 14
47 14 13
47 13 11
47 11 5
47 5 4
47 4 3
47 3 1
47 3 2
47 11 10
47 10 6
47 10 9
47 9 7
47 9 8
47 13 12
48 15 14
48 14 12
48 12 10
48 10 9
48 9 7
48 7 2
48 2 0
48 2 1
48 7 6
48 6 4
48 4 3
48 6 5
48 9 8
48 12 11
48 14 13
49 15 14
49 14 0
49 14 13
49 13 12
49 12 11
49 11 10
49 10 1
49 10 9
49 9 5
49 5 2
49 5 4
49 4 3
49 9 8
49 8 7
49 7 6
50 17 15
50 15 13
50 13 11
50 11 5
50 5 4
50 4 2
50 2 0
50 2 1
50 4 3
50 11 10
50 10 6
50 10 9
50 9 7
50 9 8
50 13 12
50 15 14
50 17 16
51 19 2
51 2 1
51 1 0
51 19 18
51 18 17
51 17 15
51 15 14
51 14 12
51 12 7
51 7 6
51 6 3
51 6 5
51 5 4
51 12 11
51 11 9
51 9 8
51 11 10
51 14 13
51 17 16
52 15 11
52 11 10
52 10 9
52 9 2
52 2 1
52 1 0
52 9 8
52 8 4
52 4 3
52 8 7
52 7 6
52 6 5
52 15 14
52 14 12
52 14 13
53 18 17
53 17 3
53 3 2
53 2 0
53 2 1
53 17 16
53 16 7
53 7 5
53 5 4
53 7 6
53 16 15
53 15 10
53 10 9
53 9 8
53 15 14
53 14 12
53 12 11
53 14 13
54 18 0
54 18 17
54 17 16
54 16 14
54 14 2
54 2 1
54 14 13
54 13 12
54 12 5
54 5 3
54 5 4
54 12 11
54 11 7
54 7 6
54 11 10
54 10 8
54 10 9
54 16 15
55 16 15
55 15 2
55 2 0
55 2 1
55 15 14
55 14 5
55 5 4
55 4 3
55 14 13
55 13 11
55 11 10
55 10 7
55 7 6
55 10 9
55 9 8
55 13 12
56 14 12
56 12 11
56 11 0
56 11 10
56 10 9
56 9 6
56 6 5
56 5 4
56 4 3
56 3 1
56 3 2
56 9 8
56 8 7
56 14 13
57 16 1
57 1 0
57 16 15
57 15 12
57 12 11
57 11 9
57 9 8
57 8 4
57 4 3
57 3 2
57 8 7
57 7 5
57 7 6
57 11 10
57 15 14
57 14 13
58 18 14
58 14 13
58 13 11
58 11 10
58 10 7
58 7 6
58 6 0
58 6 5
58 5 1
58 5 4
58 4 3
58 3 2
58 10 9
58 9 8
58 13 12
58 18 17
58 17 16
58 16 15
59 18 15
59 15 14
59 14 1
59 1 0
59 14 13
59 13 12
59 12 2
59 12 11
59 11 10
59 10 9
59 9 8
59 8 6
59 6 3
59 6 5
59 5 4
59 8 7
59 18 17
59 17 16
60 19 18
60 18 17
60 17 16
60 16 13
60 13 2
60 2 1
60 1 0
60 13 12
60 12 5
60 5 4
60 4 3
60 12 11
60 11 9
60 9 6
60 9 8
60 8 7
60 11 10
60 16 15
60 15 14
61 17 14
61 14 0
61 14 13
61 13 12
61 12 2
61 2 1
61 12 11
61 11 6
61 6 5
61 5 4
61 4 3
61 11 10
61 10 9
61 9 7
61 9 8
61 17 16
61 16 15
62 18 17
62 17 15
62 15 14
62 14 10
62 10 2
62 2 0
62 2 1
62 10 9
62 9 3
62 9 8
62 8 6
62 6 5
62 5 4
62 8 7
62 14 13
62 13 12
62 12 11
62 17 16
63 18 17
63 17 8
63 8 1
63 1 0
63 8 7
63 7 3
63 3 2
63 7 6
63 6 5
63 5 4
63 17 16
63 16 15
63 15 14
63 14 13
63 13 12
63 12 11
63 11 9
63 11 10
64 15 13
64 13 12
64 12 10
64 10 5
64 5 3
64 3 2
64 2 1
64 1 0
64 5 4
64 10 9
64 9 8
64 8 6
64 8 7
64 12 11
64 15 14
65 18 17
65 17 12
65 12 11
65 11 10
65 10 9
65 9 8
65 8 0
65 8 7
65 7 5
65 5 1
65 5 4
65 4 2
65 4 3
65 7 6
65 17 16
65 16 14
65 14 13
65 16 15
66 14 8
66 8 7
66 7 5
66 5 2
66 2 1
66 1 0
66 5 4
66 4 3
66 7 6
66 14 13
66 13 12
66 12 10
66 10 9
66 12 11
67 18 5
67 5 2
67 2 0
67 2 1
67 5 4
67 4 3
67 18 17
67 17 6
67 17 16
67 16 7
67 16 15
67 15 9
67 9 8
67 15 14
67 14 13
67 13 11
67 11 10
67 13 12
68 14 0
68 14 13
68 13 3
68 3 2
68 2 1
68 13 12
68 12 4
68 12 11
68 11 5
68 11 10
68 10 6
68 10 9
68 9 7
68 9 8
69 16 11
69 11 9
69 9 6
69 6 0
69 6 5
69 5 4
69 4 2
69 2 1
69 4 3
69 9 8
69 8 7
69 11 10
69 16 15
69 15 14
69 14 13
69 13 12
70 16 10
70 10 1
70 1 0
70 10 9
70 9 8
70 8 6
70 6 5
70 5 3
70 3 2
70 5 4
70 8 7
70 16 15
70 15 14
70 14 11
70 14 13
70 13 12
71 16 0
71 16 15
71 15 14
71 14 1
71 14 13
71 13 11
71 11 10
71 10 9
71 9 7
71 7 2
71 7 6
71 6 5
71 5 4
71 4 3
71 9 8
71 13 12
72 16 4
72 4 2
72 2 1
72 1 0
72 4 3
72 16 15
72 15 5
72 15 14
72 14 8
72 8 7
72 7 6
72 14 13
72 13 12
72 12 9
72 12 11
72 11 10
73 17 5
73 5 4
73 4 0
73 4 3
73 3 1
73 3 2
73 17 16
73 16 6
73 16 15
73 15 9
73 9 8
73 8 7
73 15 14
73 14 12
73 12 10
73 12 11
73 14 13
74 14 6
74 6 3
74 3 2
74 2 0
74 2 1
74 6 5
74 5 4
74 14 13
74 13 7
74 13 12
74 12 10
74 10 9
74 9 8
74 12 11
75 14 12
75 12 11
75 11 3
75 3 2
75 2 0
75 2 1
75 11 10
75 10 9
75 9 8
75 8 7
75 7 4
75 7 6
75 6 5
75 14 13
76 19 18
76 18 1
76 1 0
76 18 17
76 17 16
76 16 2
76 16 15
76 15 14
76 14 8
76 8 5
76 5 4
76 4 3
76 8 7
76 7 6
76 14 13
76 13 12
76 12 10
76 10 9
76 12 11
77 15 14
77 14 13
77 13 12
77 12 11
77 11 10
77 10 8
77 8 7
77 7 0
77 7 6
77 6 1
77 6 5
77 5 2
77 5 4
77 4 3
77 10 9
78 16 13
78 13 4
78 4 2
78 2 1
78 1 0
78 4 3
78 13 12
78 12 8
78 8 7
78 7 5
78 7 6
78 12 11
78 11 9
78 11 10
78 16 15
78 15 14
79 19 3
79 3 2
79 2 0
79 2 1
79 19 18
79 18 4
79 18 17
79 17 16
79 16 15
79 15 5
79 15 14
79 14 10
79 10 9
79 9 7
79 7 6
79 9 8
79 14 13
79 13 12
79 12 11
80 17 16
80 16 0
80 16 15
80 15 7
80 7 4
80 4 2
80 2 1
80 4 3
80 7 6
80 6 5
80 15 14
80 14 13
80 13 10
80 10 8
80 10 9
80 13 12
80 12 11
81 19 11
81 11 5
81 5 4
81 4 2
81 2 1
81 1 0
81 4 3
81 11 10
81 10 9
81 9 7
81 7 6
81 9 8
81 19 18
81 18 16
81 16 15
81 15 12
81 15 14
81 14 13
81 18 17
82 15 14
82 14 8
82 8 5
82 5 0
82 5 4
82 4 2
82 2 1
82 4 3
82 8 7
82 7 6
82 14 13
82 13 11
82 11 10
82 10 9
82 13 12
83 19 3
83 3 0
83 3 2
83 2 1
83 19 18
83 18 17
83 17 4
83 17 16
83 16 5
83 16 15
83 15 14
83 14 13
83 13 12
83 12 6
83 12 11
83 11 7
83 11 10
83 10 9
83 9 8
84 17 0
84 17 16
84 16 15
84 15 1
84 15 14
84 14 13
84 13 2
84 13 12
84 12 11
84 11 10
84 10 9
84 9 7
84 7 5
84 5 3
84 5 4
84 7 6
84 9 8
85 15 8
85 8 7
85 7 3
85 3 0
85 3 2
85 2 1
85 7 6
85 6 5
85 5 4
85 15 14
85 14 13
85 13 12
85 12 9
85 12 11
85 11 10
86 19 18
86 18 0
86 18 17
86 17 15
86 15 14
86 14 1
86 14 13
86 13 12
86 12 11
86 11 9
86 9 8
86 8 6
86 6 2
86 6 5
86 5 4
86 4 3
86 8 7
86 11 10
86 17 16
87 16 15
87 15 14
87 14 11
87 11 10
87 10 0
87 10 9
87 9 2
87 2 1
87 9 8
87 8 6
87 6 3
87 6 5
87 5 4
87 8 7
87 14 13
87 13 12
88 17 4
88 4 3
88 3 2
88 2 0
88 2 1
88 17 16
88 16 15
88 15 6
88 6 5
88 15 14
88 14 10
88 10 9
88 9 7
88 9 8
88 14 13
88 13 11
88 13 12
89 14 13
89 13 4
89 4 3
89 3 2
89 2 0
89 2 1
89 13 12
89 12 11
89 11 9
89 9 8
89 8 7
89 7 6
89 6 5
89 11 10
90 19 17
90 17 16
90 16 0
90 16 15
90 15 14
90 14 1
90 14 13
90 13 11
90 11 9
90 9 7
90 7 5
90 5 3
90 3 2
90 5 4
90 7 6
90 9 8
90 11 10
90 13 12
90 19 18
91 17 15
91 15 14
91 14 0
91 14 13
91 13 11
91 11 3
91 3 2
91 2 1
91 11 10
91 10 8
91 8 7
91 7 6
91 6 4
91 6 5
91 10 9
91 13 12
91 17 16
92 17 14
92 14 12
92 12 11
92 11 9
92 9 2
92 2 1
92 1 0
92 9 8
92 8 4
92 4 3
92 8 7
92 7 5
92 7 6
92 11 10
92 14 13
92 17 16
92 16 15
93 16 2
93 2 1
93 1 0
93 16 15
93 15 9
93 9 7
93 7 6
93 6 3
93 6 5
93 5 4
93 9 8
93 15 14
93 14 13
93 13 12
93 12 11
93 11 10
94 17 4
94 4 1
94 1 0
94 4 3
94 3 2
94 17 16
94 16 5
94 16 15
94 15 6
94 15 14
94 14 9
94 9 7
94 9 8
94 14 13
94 13 12
94 12 10
94 12 11
95 15 14
95 14 13
95 13 10
95 10 1
95 1 0
95 10 9
95 9 8
95 8 7
95 7 3
95 3 2
95 7 6
95 6 4
95 6 5
95 13 12
95 12 11
96 19 4
96 4 3
96 3 0
96 3 2
96 2 1
96 19 18
96 18 17
96 17 6
96 6 5
96 17 16
96 16 9
96 9 7
96 9 8
96 16 15
96 15 12
96 12 11
96 11 10
96 15 14
96 14 13
97 14 12
97 12 10
97 10 7
97 7 5
97 5 4
97 4 3
97 3 0
97 3 2
97 2 1
97 7 6
97 10 9
97 9 8
97 12 11
97 14 13
98 16 14
98 14 13
98 13 2
98 2 1
98 1 0
98 13 12
98 12 9
98 9 3
98 9 8
98 8 4
98 8 7
98 7 6
98 6 5
98 12 11
98 11 10
98 16 15
99 15 0
99 15 14
99 14 9
99 9 8
99 8 6
99 6 1
99 6 5
99 5 4
99 4 3
99 3 2
99 8 7
99 14 13
99 13 11
99 11 10
99 13 12
100 19 4
100 4 1
100 1 0
100 4 3
100 3 2
100 19 18
100 18 8
100 8 6
100 6 5
100 8 7
100 18 17
100 17 11
100 11 9
100 11 10
100 17 16
100 16 12
100 16 15
100 15 13
100 15 14
101 16 0
101 16 15
101 15 1
101 15 14
101 14 13
101 13 2
101 13 12
101 12 9
101 9 5
101 5 4
101 4 3
101 9 8
101 8 7
101 7 6
101 12 11
101 11 10
