1 19 17
1 17 2
1 2 1
1 1 0
1 17 16
1 16 7
1 7 4
1 4 3
1 7 6
1 6 5
1 16 15
1 15 12
1 12 11
1 11 10
1 10 9
1 9 8
1 15 14
1 14 13
1 19 18
2 16 4
2 4 3
2 3 1
2 1 0
2 3 2
2 16 15
2 15 13
2 13 12
2 12 11
2 11 5
2 11 10
2 10 7
2 7 6
2 10 9
2 9 8
2 15 14
3 17 16
3 16 15
3 15 14
3 14 0
3 14 13
3 13 10
3 10 5
3 5 2
3 2 1
3 5 4
3 4 3
3 10 9
3 9 6
3 9 8
3 8 7
3 13 12
3 12 11
4 18 2
4 2 1
4 1 0
4 18 17
4 17 16
4 16 15
4 15 14
4 14 4
4 4 3
4 14 13
4 13 12
4 12 11
4 11 8
4 8 6
4 6 5
4 8 7
4 11 10
4 10 9
5 19 18
5 18 2
5 2 0
5 2 1
5 18 17
5 17 3
5 17 16
5 16 9
5 9 8
5 8 4
5 8 7
5 7 5
5 7 6
5 16 15
5 15 11
5 11 10
5 15 14
5 14 12
5 14 13
6 14 13
6 13 0
6 13 12
6 12 11
6 11 9
6 9 7
6 7 6
6 6 1
6 6 5
6 5 2
6 5 4
6 4 3
6 9 8
6 11 10
7 18 0
7 18 17
7 17 2
7 2 1
7 17 16
7 16 14
7 14 13
7 13 12
7 12 3
7 12 11
7 11 9
7 9 8
7 8 6
7 6 5
7 5 4
7 8 7
7 11 10
7 16 15
8 19 0
8 19 18
8 18 5
8 5 1
8 5 4
8 4 3
8 3 2
8 18 17
8 17 16
8 16 6
8 16 15
8 15 14
8 14 12
8 12 10
8 10 8
8 8 7
8 10 9
8 12 11
8 14 13
9 16 14
9 14 4
9 4 2
9 2 0
9 2 1
9 4 3
9 14 13
9 13 7
9 7 5
9 7 6
9 13 12
9 12 11
9 11 10
9 10 9
9 9 8
9 16 15
10 18 17
10 17 16
10 16 11
10 11 1
10 1 0
10 11 10
10 10 9
10 9 5
10 5 4
10 4 3
10 3 2
10 9 8
10 8 7
10 7 6
10 16 15
10 15 14
10 14 13
10 13 12
11 16 15
11 15 14
11 14 10
11 10 8
11 8 7
11 7 5
11 5 4
11 4 3
11 3 2
11 2 0
11 2 1
11 7 6
11 10 9
11 14 13
11 13 11
11 13 12
12 16 15
12 15 10
12 10 0
12 10 9
12 9 8
12 8 6
12 6 5
12 5 1
12 5 4
12 4 2
12 4 3
12 8 7
12 15 14
12 14 11
12 14 13
12 13 12
13 18 16
13 16 2
13 2 1
13 1 0
13 16 15
13 15 14
13 14 3
13 14 13
13 13 11
13 11 5
13 5 4
13 11 10
13 10 8
13 8 7
13 7 6
13 10 9
13 13 12
13 18 17
14 18 17
14 17 13
14 13 12
14 12 11
14 11 0
14 11 10
14 10 7
14 7 5
14 5 3
14 3 1
14 3 2
14 5 4
14 7 6
14 10 9
14 9 8
14 17 16
14 16 15
14 15 14
15 16 0
15 16 15
15 15 4
15 4 2
15 2 1
15 4 3
15 15 14
15 14 5
15 14 13
15 13 7
15 7 6
15 13 12
15 12 9
15 9 8
15 12 11
15 11 10
16 15 14
16 14 0
16 14 13
16 13 1
16 13 12
16 12 11
16 11 2
16 11 10
16 10 3
16 10 9
16 9 8
16 8 4
16 8 7
16 7 5
16 7 6
17 14 9
17 9 0
17 9 8
17 8 6
17 6 5
17 5 1
17 5 4
17 4 2
17 4 3
17 8 7
17 14 13
17 13 11
17 11 10
17 13 12
18 15 13
18 13 0
18 13 12
18 12 11
18 11 2
18 2 1
18 11 10
18 10 3
18 10 9
18 9 8
18 8 7
18 7 4
18 7 6
18 6 5
18 15 14
19 17 16
19 16 14
19 14 13
19 13 2
19 2 1
19 1 0
19 13 12
19 12 10
19 10 7
19 7 3
19 7 6
19 6 4
19 6 5
19 10 9
19 9 8
19 12 11
19 16 15
20 18 17
20 17 16
20 16 6
20 6 0
20 6 5
20 5 4
20 4 1
20 4 3
20 3 2
20 16 15
20 15 7
20 15 14
20 14 13
20 13 8
20 13 12
20 12 11
20 11 9
20 11 10
21 14 13
21 13 11
21 11 8
21 8 3
21 3 1
21 1 0
21 3 2
21 8 7
21 7 4
21 7 6
21 6 5
21 11 10
21 10 9
21 13 12
22 14 13
22 13 10
22 10 9
22 9 0
22 9 8
22 8 5
22 5 4
22 4 3
22 3 2
22 2 1
22 8 7
22 7 6
22 13 12
22 12 11
23 15 13
23 13 8
23 8 7
23 7 3
23 3 0
23 3 2
23 2 1
23 7 6
23 6 4
23 6 5
23 13 12
23 12 9
23 12 11
23 11 10
23 15 14
24 17 16
24 16 14
24 14 13
24 13 0
24 13 12
24 12 3
24 3 1
24 3 2
24 12 11
24 11 4
24 11 10
24 10 9
24 9 6
24 6 5
24 9 8
24 8 7
24 16 15
25 18 17
25 17 2
25 2 0
25 2 1
25 17 16
25 16 14
25 14 4
25 4 3
25 14 13
25 13 5
25 13 12
25 12 11
25 11 6
25 11 10
25 10 9
25 9 7
25 9 8
25 16 15
26 18 17
26 17 16
26 16 15
26 15 14
26 14 12
26 12 5
26 5 0
26 5 4
26 4 2
26 2 1
26 4 3
26 12 11
26 11 10
26 10 6
26 10 9
26 9 7
26 9 8
26 14 13
27 17 16
27 16 15
27 15 14
27 14 12
27 12 11
27 11 7
27 7 3
27 3 2
27 2 1
27 1 0
27 7 6
27 6 4
27 6 5
27 11 10
27 10 8
27 10 9
27 14 13
28 18 6
28 6 5
28 5 1
28 1 0
28 5 4
28 4 2
28 4 3
28 18 17
28 17 7
28 17 16
28 16 13
28 13 12
28 12 10
28 10 9
28 9 8
28 12 11
28 16 15
28 15 14
29 14 13
29 13 0
29 13 12
29 12 1
29 12 11
29 11 2
29 11 10
29 10 9
29 9 3
29 9 8
29 8 7
29 7 6
29 6 4
29 6 5
30 14 12
30 12 8
30 8 1
30 1 0
30 8 7
30 7 2
30 7 6
30 6 5
30 5 3
30 5 4
30 12 11
30 11 9
30 11 10
30 14 13
31 14 0
31 14 13
31 13 8
31 8 5
31 5 1
31 5 4
31 4 3
31 3 2
31 8 7
31 7 6
31 13 12
31 12 11
31 11 9
31 11 10
32 17 16
32 16 10
32 10 3
32 3 1
32 1 0
32 3 2
32 10 9
32 9 4
32 9 8
32 8 6
32 6 5
32 8 7
32 16 15
32 15 14
32 14 12
32 12 11
32 14 13
33 14 12
33 12 11
33 11 5
33 5 4
33 4 1
33 1 0
33 4 3
33 3 2
33 11 10
33 10 8
33 8 7
33 7 6
33 10 9
33 14 13
34 18 1
34 1 0
34 18 17
34 17 16
34 16 14
34 14 12
34 12 2
34 12 11
34 11 8
34 8 7
34 7 3
34 7 6
34 6 5
34 5 4
34 11 10
34 10 9
34 14 13
34 16 15
35 16 4
35 4 1
35 1 0
35 4 3
35 3 2
35 16 15
35 15 11
35 11 9
35 9 6
35 6 5
35 9 8
35 8 7
35 11 10
35 15 14
35 14 13
35 13 12
36 15 2
36 2 1
36 1 0
36 15 14
36 14 13
36 13 12
36 12 5
36 5 3
36 5 4
36 12 11
36 11 9
36 9 8
36 8 7
36 7 6
36 11 10
37 17 16
37 16 6
37 6 1
37 1 0
37 6 5
37 5 3
37 3 2
37 5 4
37 16 15
37 15 11
37 11 9
37 9 8
37 8 7
37 11 10
37 15 14
37 14 12
37 14 13
38 15 13
38 13 12
38 12 11
38 11 10
38 10 8
38 8 2
38 2 0
38 2 1
38 8 7
38 7 6
38 6 3
38 6 5
38 5 4
38 10 9
38 15 14
39 15 3
39 3 1
39 1 0
39 3 2
39 15 14
39 14 5
39 5 4
39 14 13
39 13 7
39 7 6
39 13 12
39 12 11
39 11 8
39 11 10
39 10 9
40 14 13
40 13 12
40 12 0
40 12 11
40 11 9
40 9 8
40 8 6
40 6 5
40 5 1
40 5 4
40 4 2
40 4 3
40 8 7
40 11 10
41 14 13
41 13 12
41 12 11
41 11 8
41 8 7
41 7 6
41 6 4
41 4 3
41 3 2
41 2 1
41 1 0
41 6 5
41 11 10
41 10 9
42 17 2
42 2 1
42 1 0
42 17 16
42 16 10
42 10 9
42 9 8
42 8 6
42 6 3
42 6 5
42 5 4
42 8 7
42 16 15
42 15 14
42 14 13
42 13 12
42 12 11
43 15 14
43 14 10
43 10 9
43 9 8
43 8 7
43 7 5
43 5 2
43 2 1
43 1 0
43 5 4
43 4 3
43 7 6
43 14 13
43 13 12
43 12 11
44 14 0
44 14 13
44 13 6
44 6 2
44 2 1
44 6 5
44 5 4
44 4 3
44 13 12
44 12 11
44 11 10
44 10 7
44 10 9
44 9 8
45 16 14
45 14 1
45 1 0
45 14 13
45 13 12
45 12 10
45 10 9
45 9 8
45 8 6
45 6 2
45 6 5
45 5 3
45 5 4
45 8 7
45 12 11
45 16 15
46 15 13
46 13 11
46 11 9
46 9 7
46 7 6
46 6 4
46 4 3
46 3 0
46 3 2
46 2 1
46 6 5
46 9 8
46 11 10
46 13 12
46 15 14
47 18 8
47 8 6
47 6 0
47 6 5
47 5 2
47 2 1
47 5 4
47 4 3
47 8 7
47 18 17
47 17 16
47 16 9
47 16 15
47 15 12
47 12 11
47 11 10
47 15 14
47 14 13
48 14 13
48 13 12
48 12 11
48 11 1
48 1 0
48 11 10
48 10 8
48 8 6
48 6 4
48 4 3
48 3 2
48 6 5
48 8 7
48 10 9
49 16 15
49 15 0
49 15 14
49 14 2
49 2 1
49 14 13
49 13 12
49 12 11
49 11 10
49 10 4
49 4 3
49 10 9
49 9 8
49 8 7
49 7 6
49 6 5
50 15 14
50 14 12
50 12 11
50 11 10
50 10 9
50 9 0
50 9 8
50 8 1
50 8 7
50 7 6
50 6 4
50 4 3
50 3 2
50 6 5
50 14 13
51 14 12
51 12 11
51 11 10
51 10 9
51 9 5
51 5 0
51 5 4
51 4 3
51 3 1
51 3 2
51 9 8
51 8 6
51 8 7
51 14 13
52 18 17
52 17 12
52 12 7
52 7 6
52 6 5
52 5 0
52 5 4
52 4 3
52 3 1
52 3 2
52 12 11
52 11 9
52 9 8
52 11 10
52 17 16
52 16 14
52 14 13
52 16 15
53 15 14
53 14 12
53 12 10
53 10 6
53 6 4
53 4 3
53 3 2
53 2 0
53 2 1
53 6 5
53 10 9
53 9 8
53 8 7
53 12 11
53 14 13
54 18 16
54 16 14
54 14 12
54 12 9
54 9 8
54 8 4
54 4 2
54 2 0
54 2 1
54 4 3
54 8 7
54 7 6
54 6 5
54 12 11
54 11 10
54 14 13
54 16 15
54 18 17
55 16 15
55 15 14
55 14 13
55 13 8
55 8 7
55 7 6
55 6 4
55 4 3
55 3 1
55 1 0
55 3 2
55 6 5
55 13 12
55 12 11
55 11 9
55 11 10
56 15 0
56 15 14
56 14 7
56 7 6
56 6 5
56 5 3
56 3 2
56 2 1
56 5 4
56 14 13
56 13 8
56 13 12
56 12 10
56 10 9
56 12 11
57 19 7
57 7 6
57 6 5
57 5 4
57 4 1
57 1 0
57 4 3
57 3 2
57 19 18
57 18 17
57 17 16
57 16 15
57 15 14
57 14 12
57 12 8
57 12 11
57 11 9
57 11 10
57 14 13
58 19 2
58 2 1
58 1 0
58 19 18
58 18 12
58 12 6
58 6 3
58 6 5
58 5 4
58 12 11
58 11 7
58 11 10
58 10 8
58 10 9
58 18 17
58 17 13
58 17 16
58 16 15
58 15 14
59 19 18
59 18 1
59 1 0
59 18 17
59 17 11
59 11 8
59 8 3
59 3 2
59 8 7
59 7 5
59 5 4
59 7 6
59 11 10
59 10 9
59 17 16
59 16 14
59 14 12
59 14 13
59 16 15
60 16 11
60 11 10
60 10 8
60 8 5
60 5 4
60 4 3
60 3 2
60 2 0
60 2 1
60 8 7
60 7 6
60 10 9
60 16 15
60 15 14
60 14 13
60 13 12
61 17 16
61 16 15
61 15 13
61 13 8
61 8 7
61 7 6
61 6 0
61 6 5
61 5 2
61 2 1
61 5 4
61 4 3
61 13 12
61 12 9
61 12 11
61 11 10
61 15 14
62 18 12
62 12 11
62 11 8
62 8 6
62 6 3
62 3 1
62 1 0
62 3 2
62 6 5
62 5 4
62 8 7
62 11 10
62 10 9
62 18 17
62 17 16
62 16 15
62 15 14
62 14 13
63 18 17
63 17 0
63 17 16
63 16 15
63 15 13
63 13 11
63 11 1
63 11 10
63 10 9
63 9 8
63 8 7
63 7 5
63 5 4
63 4 3
63 3 2
63 7 6
63 13 12
63 15 14
64 19 12
64 12 9
64 9 8
64 8 0
64 8 7
64 7 1
64 7 6
64 6 4
64 4 3
64 3 2
64 6 5
64 12 11
64 11 10
64 19 18
64 18 16
64 16 13
64 16 15
64 15 14
64 18 17
65 17 3
65 3 1
65 1 0
65 3 2
65 17 16
65 16 14
65 14 13
65 13 11
65 11 10
65 10 9
65 9 6
65 6 5
65 5 4
65 9 8
65 8 7
65 13 12
65 16 15
66 18 17
66 17 16
66 16 15
66 15 0
66 15 14
66 14 13
66 13 4
66 4 1
66 4 3
66 3 2
66 13 12
66 12 11
66 11 9
66 9 8
66 8 6
66 6 5
66 8 7
66 11 10
67 18 17
67 17 16
67 16 14
67 14 11
67 11 8
67 8 7
67 7 2
67 2 1
67 1 0
67 7 6
67 6 4
67 4 3
67 6 5
67 11 10
67 10 9
67 14 13
67 13 12
67 16 15
68 18 17
68 17 4
68 4 3
68 3 2
68 2 1
68 1 0
68 17 16
68 16 14
68 14 10
68 10 7
68 7 5
68 7 6
68 10 9
68 9 8
68 14 13
68 13 12
68 12 11
68 16 15
69 19 17
69 17 15
69 15 13
69 13 8
69 8 6
69 6 5
69 5 2
69 2 0
69 2 1
69 5 4
69 4 3
69 8 7
69 13 12
69 12 9
69 12 11
69 11 10
69 15 14
69 17 16
69 19 18
70 15 12
70 12 8
70 8 0
70 8 7
70 7 5
70 5 4
70 4 2
70 2 1
70 4 3
70 7 6
70 12 11
70 11 10
70 10 9
70 15 14
70 14 13
71 16 15
71 15 4
71 4 3
71 3 1
71 1 0
71 3 2
71 15 14
71 14 13
71 13 12
71 12 6
71 6 5
71 12 11
71 11 10
71 10 8
71 8 7
71 10 9
72 17 16
72 16 15
72 15 9
72 9 8
72 8 3
72 3 2
72 2 1
72 1 0
72 8 7
72 7 4
72 7 6
72 6 5
72 15 14
72 14 13
72 13 12
72 12 10
72 12 11
73 19 18
73 18 2
73 2 0
73 2 1
73 18 17
73 17 7
73 7 4
73 4 3
73 7 6
73 6 5
73 17 16
73 16 15
73 15 14
73 14 12
73 12 11
73 11 10
73 10 9
73 9 8
73 14 13
74 15 11
74 11 6
74 6 3
74 3 2
74 2 0
74 2 1
74 6 5
74 5 4
74 11 10
74 10 9
74 9 8
74 8 7
74 15 14
74 14 12
74 14 13
75 14 11
75 11 1
75 1 0
75 11 10
75 10 8
75 8 6
75 6 4
75 4 2
75 4 3
75 6 5
75 8 7
75 10 9
75 14 13
75 13 12
76 19 16
76 16 12
76 12 0
76 12 11
76 11 10
76 10 4
76 4 3
76 3 2
76 2 1
76 10 9
76 9 8
76 8 5
76 8 7
76 7 6
76 16 15
76 15 13
76 15 14
76 19 18
76 18 17
77 19 0
77 19 18
77 18 13
77 13 11
77 11 8
77 8 5
77 5 4
77 4 1
77 4 3
77 3 2
77 8 7
77 7 6
77 11 10
77 10 9
77 13 12
77 18 17
77 17 16
77 16 14
77 16 15
78 14 0
78 14 13
78 13 1
78 13 12
78 12 2
78 12 11
78 11 3
78 11 10
78 10 9
78 9 8
78 8 4
78 8 7
78 7 6
78 6 5
79 19 18
79 18 17
79 17 0
79 17 16
79 16 15
79 15 13
79 13 2
79 2 1
79 13 12
79 12 10
79 10 3
79 10 9
79 9 7
79 7 4
79 7 6
79 6 5
79 9 8
79 12 11
79 15 14
80 14 4
80 4 3
80 3 1
80 1 0
80 3 2
80 14 13
80 13 11
80 11 5
80 11 10
80 10 9
80 9 7
80 7 6
80 9 8
80 13 12
81 19 16
81 16 14
81 14 1
81 1 0
81 14 13
81 13 12
81 12 3
81 3 2
81 12 11
81 11 9
81 9 8
81 8 7
81 7 5
81 5 4
81 7 6
81 11 10
81 16 15
81 19 18
81 18 17
82 15 14
82 14 12
82 12 0
82 12 11
82 11 10
82 10 1
82 10 9
82 9 7
82 7 3
82 3 2
82 7 6
82 6 4
82 6 5
82 9 8
82 14 13
83 18 16
83 16 15
83 15 14
83 14 13
83 13 12
83 12 2
83 2 1
83 1 0
83 12 11
83 11 10
83 10 4
83 4 3
83 10 9
83 9 7
83 7 6
83 6 5
83 9 8
83 18 17
84 17 16
84 16 15
84 15 5
84 5 4
84 4 2
84 2 1
84 1 0
84 4 3
84 15 14
84 14 11
84 11 7
84 7 6
84 11 10
84 10 8
84 10 9
84 14 13
84 13 12
85 19 1
85 1 0
85 19 18
85 18 5
85 5 4
85 4 3
85 3 2
85 18 17
85 17 15
85 15 10
85 10 7
85 7 6
85 10 9
85 9 8
85 15 14
85 14 12
85 12 11
85 14 13
85 17 16
86 14 12
86 12 10
86 10 9
86 9 7
86 7 4
86 4 3
86 3 1
86 1 0
86 3 2
86 7 6
86 6 5
86 9 8
86 12 11
86 14 13
87 15 14
87 14 13
87 13 12
87 12 7
87 7 4
87 4 2
87 2 1
87 1 0
87 4 3
87 7 6
87 6 5
87 12 11
87 11 8
87 11 10
87 10 9
88 16 0
88 16 15
88 15 9
88 9 8
88 8 7
88 7 6
88 6 5
88 5 1
88 5 4
88 4 2
88 4 3
88 15 14
88 14 13
88 13 11
88 11 10
88 13 12
89 18 4
89 4 3
89 3 0
89 3 2
89 2 1
89 18 17
89 17 11
89 11 5
89 11 10
89 10 6
89 10 9
89 9 8
89 8 7
89 17 16
89 16 14
89 14 13
89 13 12
89 16 15
90 14 13
90 13 12
90 12 8
90 8 2
90 2 0
90 2 1
90 8 7
90 7 6
90 6 5
90 5 4
90 4 3
90 12 11
90 11 10
90 10 9
91 14 13
91 13 5
91 5 0
91 5 4
91 4 3
91 3 1
91 3 2
91 13 12
91 12 11
91 11 8
91 8 7
91 7 6
91 11 10
91 10 9
92 14 13
92 13 5
92 5 3
92 3 2
92 2 1
92 1 0
92 5 4
92 13 12
92 12 6
92 12 11
92 11 8
92 8 7
92 11 10
92 10 9
93 19 14
93 14 13
93 13 4
93 4 2
93 2 0
93 2 1
93 4 3
93 13 12
93 12 5
93 12 11
93 11 9
93 9 8
93 8 7
93 7 6
93 11 10
93 19 18
93 18 16
93 16 15
93 18 17
94 17 16
94 16 0
94 16 15
94 15 1
94 15 14
94 14 5
94 5 2
94 5 4
94 4 3
94 14 13
94 13 6
94 13 12
94 12 8
94 8 7
94 12 11
94 11 10
94 10 9
95 19 4
95 4 0
95 4 3
95 3 2
95 2 1
95 19 18
95 18 17
95 17 6
95 6 5
95 17 16
95 16 13
95 13 11
95 11 10
95 10 9
95 9 8
95 8 7
95 13 12
95 16 15
95 15 14
96 18 17
96 17 14
96 14 0
96 14 13
96 13 11
96 11 10
96 10 1
96 10 9
96 9 7
96 7 2
96 7 6
96 6 5
96 5 3
96 5 4
96 9 8
96 13 12
96 17 16
96 16 15
97 16 15
97 15 5
97 5 4
97 4 2
97 2 0
97 2 1
97 4 3
97 15 14
97 14 12
97 12 9
97 9 8
97 8 6
97 8 7
97 12 11
97 11 10
97 14 13
98 14 13
98 13 11
98 11 9
98 9 5
98 5 3
98 3 1
98 1 0
98 3 2
98 5 4
98 9 8
98 8 7
98 7 6
98 11 10
98 13 12
99 15 14
99 14 13
99 13 11
99 11 5
99 5 4
99 4 3
99 3 2
99 2 0
99 2 1
99 11 10
99 10 9
99 9 8
99 8 6
99 8 7
99 13 12
100 18 1
100 1 0
100 18 17
100 17 15
100 15 2
100 15 14
100 14 13
100 13 12
100 12 11
100 11 9
100 9 3
100 9 8
100 8 7
100 7 6
100 6 5
100 5 4
100 11 10
100 17 16
101 19 18
101 18 17
101 17 15
101 15 14
101 14 13
101 13 12
101 12 10
101 10 1
101 1 0
101 10 9
101 9 8
101 8 7
101 7 6
101 6 5
101 5 4
101 4 3
101 3 2
101 12 11
101 17 16
