1 18 14
1 14 0
1 14 13
1 13 12
1 12 11
1 11 10
1 10 8
1 8 1
1 8 7
1 7 6
1 6 3
1 3 2
1 6 5
1 5 4
1 10 9
1 18 17
1 17 16
1 16 15
2 14 0
2 14 13
2 13 11
2 11 2
2 2 1
2 11 10
2 10 9
2 9 5
2 5 3
2 5 4
2 9 8
2 8 6
2 8 7
2 13 12
3 14 4
3 4 0
3 4 3
3 3 1
3 3 2
3 14 13
3 13 11
3 11 10
3 10 9
3 9 8
3 8 7
3 7 6
3 6 5
3 13 12
4 19 18
4 18 17
4 17 3
4 3 2
4 2 1
4 1 0
4 17 16
4 16 4
4 16 15
4 15 5
4 15 14
4 14 13
4 13 12
4 12 11
4 11 10
4 10 8
4 8 6
4 8 7
4 10 9
5 19 14
5 14 2
5 2 0
5 2 1
5 14 13
5 13 3
5 13 12
5 12 11
5 11 10
5 10 8
5 8 5
5 5 4
5 8 7
5 7 6
5 10 9
5 19 18
5 18 17
5 17 15
5 17 16
6 14 13
6 13 11
6 11 6
6 6 0
6 6 5
6 5 4
6 4 1
6 4 3
6 3 2
6 11 10
6 10 7
6 10 9
6 9 8
6 13 12
7 15 1
7 1 0
7 15 14
7 14 2
7 14 13
7 13 12
7 12 11
7 11 10
7 10 6
7 6 4
7 4 3
7 6 5
7 10 9
7 9 7
7 9 8
8 15 0
8 15 14
8 14 8
8 8 3
8 3 1
8 3 2
8 8 7
8 7 5
8 5 4
8 7 6
8 14 13
8 13 12
8 12 11
8 11 10
8 10 9
9 15 13
9 13 12
9 12 10
9 10 1
9 1 0
9 10 9
9 9 2
9 9 8
9 8 7
9 7 6
9 6 4
9 4 3
9 6 5
9 12 11
9 15 14
10 17 15
10 15 13
10 13 0
10 13 12
10 12 11
10 11 9
10 9 8
10 8 7
10 7 6
10 6 3
10 3 1
10 3 2
10 6 5
10 5 4
10 11 10
10 15 14
10 17 16
11 18 0
11 18 17
11 17 3
11 3 2
11 2 1
11 17 16
11 16 11
11 11 9
11 9 4
11 9 8
11 8 7
11 7 5
11 7 6
11 11 10
11 16 15
11 15 12
11 15 14
11 14 13
12 18 5
12 5 0
12 5 4
12 4 2
12 2 1
12 4 3
12 18 17
12 17 7
12 7 6
12 17 16
12 16 15
12 15 11
12 11 10
12 10 9
12 9 8
12 15 14
12 14 12
12 14 13
13 14 10
13 10 9
13 9 0
13 9 8
13 8 1
13 8 7
13 7 2
13 7 6
13 6 3
13 6 5
13 5 4
13 14 13
13 13 11
13 13 12
14 19 18
14 18 17
14 17 15
14 15 2
14 2 0
14 2 1
14 15 14
14 14 11
14 11 7
14 7 3
14 7 6
14 6 4
14 6 5
14 11 10
14 10 9
14 9 8
14 14 13
14 13 12
14 17 16
15 19 5
15 5 4
15 4 3
15 3 2
15 2 0
15 2 1
15 19 18
15 18 11
15 11 10
15 10 9
15 9 8
15 8 6
15 8 7
15 18 17
15 17 15
15 15 14
15 14 12
15 14 13
15 17 16
16 14 10
16 10 9
16 9 8
16 8 7
16 7 6
16 6 3
16 3 2
16 2 1
16 1 0
16 6 5
16 5 4
16 14 13
16 13 12
16 12 11
17 15 7
17 7 1
17 1 0
17 7 6
17 6 3
17 3 2
17 6 5
17 5 4
17 15 14
17 14 12
17 12 8
17 12 11
17 11 10
17 10 9
17 14 13
18 15 13
18 13 0
18 13 12
18 12 10
18 10 1
18 10 9
18 9 3
18 3 2
18 9 8
18 8 4
18 8 7
18 7 5
18 7 6
18 12 11
18 15 14
19 17 0
19 17 16
19 16 2
19 2 1
19 16 15
19 15 10
19 10 3
19 10 9
19 9 7
19 7 6
19 6 4
19 6 5
19 9 8
19 15 14
19 14 11
19 14 13
19 13 12
20 16 4
20 4 1
20 1 0
20 4 3
20 3 2
20 16 15
20 15 14
20 14 13
20 13 12
20 12 5
20 12 11
20 11 9
20 9 6
20 9 8
20 8 7
20 11 10
21 15 14
21 14 13
21 13 1
21 1 0
21 13 12
21 12 2
21 12 11
21 11 10
21 10 9
21 9 7
21 7 6
21 6 5
21 5 4
21 4 3
21 9 8
22 17 11
22 11 8
22 8 6
22 6 1
22 1 0
22 6 5
22 5 4
22 4 2
22 4 3
22 8 7
22 11 10
22 10 9
22 17 16
22 16 15
22 15 14
22 14 13
22 13 12
23 18 17
23 17 15
23 15 14
23 14 0
23 14 13
23 13 12
23 12 1
23 12 11
23 11 9
23 9 8
23 8 6
23 6 4
23 4 2
23 4 3
23 6 5
23 8 7
23 11 10
23 17 16
24 18 15
24 15 14
24 14 0
24 14 13
24 13 12
24 12 2
24 2 1
24 12 11
24 11 3
24 11 10
24 10 9
24 9 7
24 7 4
24 7 6
24 6 5
24 9 8
24 18 17
24 17 16
25 15 13
25 13 11
25 11 1
25 1 0
25 11 10
25 10 2
25 10 9
25 9 8
25 8 3
25 8 7
25 7 4
25 7 6
25 6 5
25 13 12
25 15 14
26 17 2
26 2 1
26 1 0
26 17 16
26 16 7
26 7 6
26 6 3
26 6 5
26 5 4
26 16 15
26 15 9
26 9 8
26 15 14
26 14 11
26 11 10
26 14 13
26 13 12
27 17 0
27 17 16
27 16 8
27 8 1
27 8 7
27 7 6
27 6 5
27 5 3
27 3 2
27 5 4
27 16 15
27 15 9
27 15 14
27 14 13
27 13 12
27 12 10
27 12 11
28 15 9
28 9 7
28 7 6
28 6 4
28 4 0
28 4 3
28 3 1
28 3 2
28 6 5
28 9 8
28 15 14
28 14 11
28 11 10
28 14 13
28 13 12
29 19 3
29 3 0
29 3 2
29 2 1
29 19 18
29 18 5
29 5 4
29 18 17
29 17 16
29 16 15
29 15 13
29 13 12
29 12 11
29 11 9
29 9 6
29 9 8
29 8 7
29 11 10
29 15 14
30 14 13
30 13 12
30 12 11
30 11 4
30 4 1
30 1 0
30 4 3
30 3 2
30 11 10
30 10 8
30 8 6
30 6 5
30 8 7
30 10 9
31 15 6
31 6 5
31 5 0
31 5 4
31 4 3
31 3 1
31 3 2
31 15 14
31 14 10
31 10 8
31 8 7
31 10 9
31 14 13
31 13 11
31 13 12
32 14 13
32 13 0
32 13 12
32 12 10
32 10 4
32 4 3
32 3 1
32 3 2
32 10 9
32 9 6
32 6 5
32 9 8
32 8 7
32 12 11
33 18 17
33 17 0
33 17 16
33 16 2
33 2 1
33 16 15
33 15 14
33 14 13
33 13 12
33 12 8
33 8 5
33 5 3
33 5 4
33 8 7
33 7 6
33 12 11
33 11 9
33 11 10
34 19 9
34 9 8
34 8 7
34 7 5
34 5 4
34 4 2
34 2 1
34 1 0
34 4 3
34 7 6
34 19 18
34 18 17
34 17 16
34 16 10
34 16 15
34 15 12
34 12 11
34 15 14
34 14 13
35 17 1
35 1 0
35 17 16
35 16 4
35 4 2
35 4 3
35 16 15
35 15 5
35 15 14
35 14 10
35 10 9
35 9 6
35 9 8
35 8 7
35 14 13
35 13 12
35 12 11
36 14 1
36 1 0
36 14 13
36 13 8
36 8 4
36 4 3
36 3 2
36 8 7
36 7 5
36 7 6
36 13 12
36 12 10
36 10 9
36 12 11
37 16 14
37 14 0
37 14 13
37 13 5
37 5 4
37 4 3
37 3 1
37 3 2
37 13 12
37 12 6
37 12 11
37 11 8
37 8 7
37 11 10
37 10 9
37 16 15
38 16 15
38 15 4
38 4 3
38 3 0
38 3 2
38 2 1
38 15 14
38 14 10
38 10 8
38 8 7
38 7 6
38 6 5
38 10 9
38 14 13
38 13 11
38 13 12
39 16 14
39 14 13
39 13 11
39 11 10
39 10 4
39 4 0
39 4 3
39 3 2
39 2 1
39 10 9
39 9 8
39 8 6
39 6 5
39 8 7
39 13 12
39 16 15
40 14 1
40 1 0
40 14 13
40 13 5
40 5 3
40 3 2
40 5 4
40 13 12
40 12 10
40 10 9
40 9 8
40 8 7
40 7 6
40 12 11
41 14 13
41 13 12
41 12 0
41 12 11
41 11 1
41 11 10
41 10 9
41 9 8
41 8 7
41 7 6
41 6 5
41 5 4
41 4 3
41 3 2
42 14 1
42 1 0
42 14 13
42 13 2
42 13 12
42 12 11
42 11 9
42 9 8
42 8 7
42 7 6
42 6 4
42 4 3
42 6 5
42 11 10
43 18 2
43 2 0
43 2 1
43 18 17
43 17 16
43 16 15
43 15 14
43 14 9
43 9 7
43 7 4
43 4 3
43 7 6
43 6 5
43 9 8
43 14 13
43 13 10
43 13 12
43 12 11
44 18 16
44 16 15
44 15 14
44 14 11
44 11 10
44 10 1
44 1 0
44 10 9
44 9 8
44 8 7
44 7 2
44 7 6
44 6 5
44 5 3
44 5 4
44 14 13
44 13 12
44 18 17
45 14 12
45 12 0
45 12 11
45 11 1
45 11 10
45 10 2
45 10 9
45 9 4
45 4 3
45 9 8
45 8 7
45 7 5
45 7 6
45 14 13
46 16 0
46 16 15
46 15 9
46 9 1
46 9 8
46 8 2
46 8 7
46 7 4
46 4 3
46 7 6
46 6 5
46 15 14
46 14 13
46 13 10
46 13 12
46 12 11
47 18 0
47 18 17
47 17 16
47 16 15
47 15 11
47 11 8
47 8 6
47 6 4
47 4 3
47 3 1
47 3 2
47 6 5
47 8 7
47 11 10
47 10 9
47 15 14
47 14 13
47 13 12
48 17 1
48 1 0
48 17 16
48 16 15
48 15 6
48 6 4
48 4 2
48 4 3
48 6 5
48 15 14
48 14 13
48 13 9
48 9 8
48 8 7
48 13 12
48 12 11
48 11 10
49 15 6
49 6 3
49 3 1
49 1 0
49 3 2
49 6 5
49 5 4
49 15 14
49 14 10
49 10 8
49 8 7
49 10 9
49 14 13
49 13 12
49 12 11
50 19 18
50 18 16
50 16 15
50 15 11
50 11 10
50 10 1
50 1 0
50 10 9
50 9 8
50 8 7
50 7 3
50 3 2
50 7 6
50 6 5
50 5 4
50 15 14
50 14 12
50 14 13
50 18 17
51 16 0
51 16 15
51 15 4
51 4 2
51 2 1
51 4 3
51 15 14
51 14 13
51 13 7
51 7 5
51 7 6
51 13 12
51 12 11
51 11 10
51 10 9
51 9 8
52 17 12
52 12 11
52 11 10
52 10 0
52 10 9
52 9 3
52 3 2
52 2 1
52 9 8
52 8 4
52 8 7
52 7 6
52 6 5
52 17 16
52 16 15
52 15 13
52 15 14
53 19 18
53 18 12
53 12 3
53 3 0
53 3 2
53 2 1
53 12 11
53 11 10
53 10 8
53 8 4
53 8 7
53 7 5
53 7 6
53 10 9
53 18 17
53 17 16
53 16 15
53 15 14
53 14 13
54 14 13
54 13 12
54 12 10
54 10 9
54 9 8
54 8 7
54 7 0
54 7 6
54 6 4
54 4 2
54 2 1
54 4 3
54 6 5
54 12 11
55 19 18
55 18 4
55 4 2
55 2 1
55 1 0
55 4 3
55 18 17
55 17 5
55 17 16
55 16 11
55 11 10
55 10 9
55 9 8
55 8 6
55 8 7
55 16 15
55 15 14
55 14 13
55 13 12
56 14 1
56 1 0
56 14 13
56 13 3
56 3 2
56 13 12
56 12 11
56 11 10
56 10 9
56 9 8
56 8 4
56 8 7
56 7 5
56 7 6
57 15 13
57 13 12
57 12 11
57 11 0
57 11 10
57 10 9
57 9 3
57 3 2
57 2 1
57 9 8
57 8 5
57 5 4
57 8 7
57 7 6
57 15 14
58 16 1
58 1 0
58 16 15
58 15 4
58 4 2
58 4 3
58 15 14
58 14 12
58 12 9
58 9 5
58 9 8
58 8 6
58 8 7
58 12 11
58 11 10
58 14 13
59 15 0
59 15 14
59 14 12
59 12 5
59 5 1
59 5 4
59 4 3
59 3 2
59 12 11
59 11 10
59 10 8
59 8 6
59 8 7
59 10 9
59 14 13
60 17 15
60 15 11
60 11 10
60 10 5
60 5 1
60 1 0
60 5 4
60 4 2
60 4 3
60 10 9
60 9 8
60 8 6
60 8 7
60 15 14
60 14 13
60 13 12
60 17 16
61 19 13
61 13 2
61 2 1
61 1 0
61 13 12
61 12 10
61 10 8
61 8 7
61 7 6
61 6 5
61 5 4
61 4 3
61 10 9
61 12 11
61 19 18
61 18 17
61 17 14
61 17 16
61 16 15
62 18 17
62 17 16
62 16 15
62 15 4
62 4 3
62 3 2
62 2 0
62 2 1
62 15 14
62 14 13
62 13 5
62 13 12
62 12 11
62 11 9
62 9 7
62 7 6
62 9 8
62 11 10
63 18 17
63 17 15
63 15 14
63 14 0
63 14 13
63 13 12
63 12 9
63 9 5
63 5 4
63 4 3
63 3 1
63 3 2
63 9 8
63 8 7
63 7 6
63 12 11
63 11 10
63 17 16
64 17 3
64 3 2
64 2 1
64 1 0
64 17 16
64 16 15
64 15 10
64 10 9
64 9 7
64 7 5
64 5 4
64 7 6
64 9 8
64 15 14
64 14 13
64 13 11
64 13 12
65 17 16
65 16 0
65 16 15
65 15 2
65 2 1
65 15 14
65 14 13
65 13 5
65 5 3
65 5 4
65 13 12
65 12 11
65 11 10
65 10 8
65 8 7
65 7 6
65 10 9
66 15 14
66 14 9
66 9 7
66 7 5
66 5 3
66 3 2
66 2 1
66 1 0
66 5 4
66 7 6
66 9 8
66 14 13
66 13 10
66 13 12
66 12 11
67 14 13
67 13 0
67 13 12
67 12 11
67 11 7
67 7 6
67 6 4
67 4 1
67 4 3
67 3 2
67 6 5
67 11 10
67 10 9
67 9 8
68 15 1
68 1 0
68 15 14
68 14 13
68 13 12
68 12 11
68 11 10
68 10 6
68 6 3
68 3 2
68 6 5
68 5 4
68 10 9
68 9 8
68 8 7
69 14 12
69 12 8
69 8 1
69 1 0
69 8 7
69 7 6
69 6 4
69 4 3
69 3 2
69 6 5
69 12 11
69 11 10
69 10 9
69 14 13
70 15 14
70 14 13
70 13 2
70 2 1
70 1 0
70 13 12
70 12 11
70 11 5
70 5 3
70 5 4
70 11 10
70 10 9
70 9 8
70 8 6
70 8 7
71 15 6
71 6 5
71 5 4
71 4 3
71 3 2
71 2 0
71 2 1
71 15 14
71 14 13
71 13 12
71 12 11
71 11 10
71 10 7
71 10 9
71 9 8
72 17 16
72 16 4
72 4 2
72 2 1
72 1 0
72 4 3
72 16 15
72 15 9
72 9 7
72 7 6
72 6 5
72 9 8
72 15 14
72 14 13
72 13 11
72 11 10
72 13 12
73 19 7
73 7 6
73 6 4
73 4 0
73 4 3
73 3 1
73 3 2
73 6 5
73 19 18
73 18 8
73 18 17
73 17 16
73 16 15
73 15 9
73 15 14
73 14 13
73 13 12
73 12 11
73 11 10
74 19 18
74 18 17
74 17 16
74 16 14
74 14 8
74 8 6
74 6 3
74 3 2
74 2 0
74 2 1
74 6 5
74 5 4
74 8 7
74 14 13
74 13 9
74 13 12
74 12 10
74 12 11
74 16 15
75 14 12
75 12 11
75 11 2
75 2 1
75 1 0
75 11 10
75 10 9
75 9 8
75 8 5
75 5 3
75 5 4
75 8 7
75 7 6
75 14 13
76 15 9
76 9 7
76 7 5
76 5 3
76 3 0
76 3 2
76 2 1
76 5 4
76 7 6
76 9 8
76 15 14
76 14 13
76 13 12
76 12 10
76 12 11
77 17 13
77 13 2
77 2 0
77 2 1
77 13 12
77 12 9
77 9 8
77 8 4
77 4 3
77 8 7
77 7 6
77 6 5
77 12 11
77 11 10
77 17 16
77 16 15
77 15 14
78 16 3
78 3 2
78 2 0
78 2 1
78 16 15
78 15 13
78 13 4
78 13 12
78 12 5
78 12 11
78 11 9
78 9 8
78 8 7
78 7 6
78 11 10
78 15 14
79 16 0
79 16 15
79 15 14
79 14 1
79 14 13
79 13 10
79 10 9
79 9 7
79 7 4
79 4 3
79 3 2
79 7 6
79 6 5
79 9 8
79 13 12
79 12 11
80 15 14
80 14 13
80 13 3
80 3 0
80 3 2
80 2 1
80 13 12
80 12 5
80 5 4
80 12 11
80 11 10
80 10 9
80 9 8
80 8 6
80 8 7
81 17 16
81 16 6
81 6 0
81 6 5
81 5 4
81 4 3
81 3 2
81 2 1
81 16 15
81 15 14
81 14 10
81 10 9
81 9 7
81 9 8
81 14 13
81 13 11
81 13 12
82 14 13
82 13 0
82 13 12
82 12 3
82 3 2
82 2 1
82 12 11
82 11 10
82 10 8
82 8 7
82 7 6
82 6 5
82 5 4
82 10 9
83 17 16
83 16 15
83 15 13
83 13 5
83 5 4
83 4 0
83 4 3
83 3 2
83 2 1
83 13 12
83 12 11
83 11 10
83 10 7
83 7 6
83 10 9
83 9 8
83 15 14
84 17 16
84 16 0
84 16 15
84 15 1
84 15 14
84 14 5
84 5 4
84 4 2
84 4 3
84 14 13
84 13 12
84 12 8
84 8 7
84 7 6
84 12 11
84 11 10
84 10 9
85 19 0
85 19 18
85 18 1
85 18 17
85 17 12
85 12 7
85 7 5
85 5 4
85 4 3
85 3 2
85 7 6
85 12 11
85 11 9
85 9 8
85 11 10
85 17 16
85 16 14
85 14 13
85 16 15
86 14 11
86 11 10
86 10 2
86 2 1
86 1 0
86 10 9
86 9 8
86 8 5
86 5 3
86 5 4
86 8 7
86 7 6
86 14 13
86 13 12
87 17 12
87 12 11
87 11 2
87 2 0
87 2 1
87 11 10
87 10 6
87 6 4
87 4 3
87 6 5
87 10 9
87 9 8
87 8 7
87 17 16
87 16 15
87 15 14
87 14 13
88 14 13
88 13 12
88 12 11
88 11 8
88 8 0
88 8 7
88 7 2
88 2 1
88 7 6
88 6 3
88 6 5
88 5 4
88 11 10
88 10 9
89 17 13
89 13 12
89 12 0
89 12 11
89 11 6
89 6 4
89 4 1
89 4 3
89 3 2
89 6 5
89 11 10
89 10 9
89 9 8
89 8 7
89 17 16
89 16 15
89 15 14
90 17 1
90 1 0
90 17 16
90 16 12
90 12 11
90 11 9
90 9 8
90 8 4
90 4 2
90 4 3
90 8 7
90 7 6
90 6 5
90 11 10
90 16 15
90 15 14
90 14 13
91 19 18
91 18 4
91 4 2
91 2 1
91 1 0
91 4 3
91 18 17
91 17 16
91 16 12
91 12 7
91 7 5
91 7 6
91 12 11
91 11 10
91 10 8
91 10 9
91 16 15
91 15 13
91 15 14
92 14 13
92 13 4
92 4 3
92 3 1
92 1 0
92 3 2
92 13 12
92 12 10
92 10 5
92 10 9
92 9 6
92 9 8
92 8 7
92 12 11
93 16 5
93 5 2
93 2 0
93 2 1
93 5 4
93 4 3
93 16 15
93 15 10
93 10 6
93 10 9
93 9 8
93 8 7
93 15 14
93 14 11
93 14 13
93 13 12
94 19 17
94 17 1
94 1 0
94 17 16
94 16 14
94 14 13
94 13 12
94 12 10
94 10 5
94 5 4
94 4 2
94 4 3
94 10 9
94 9 8
94 8 6
94 8 7
94 12 11
94 16 15
94 19 18
95 17 16
95 16 3
95 3 0
95 3 2
95 2 1
95 16 15
95 15 11
95 11 10
95 10 4
95 10 9
95 9 7
95 7 6
95 6 5
95 9 8
95 15 14
95 14 12
95 14 13
96 15 5
96 5 4
96 4 1
96 1 0
96 4 3
96 3 2
96 15 14
96 14 7
96 7 6
96 14 13
96 13 8
96 13 12
96 12 10
96 10 9
96 12 11
97 16 15
97 15 12
97 12 11
97 11 4
97 4 2
97 2 0
97 2 1
97 4 3
97 11 10
97 10 5
97 10 9
97 9 8
97 8 7
97 7 6
97 15 14
97 14 13
98 16 1
98 1 0
98 16 15
98 15 11
98 11 9
98 9 3
98 3 2
98 9 8
98 8 7
98 7 4
98 7 6
98 6 5
98 11 10
98 15 14
98 14 12
98 14 13
99 19 18
99 18 12
99 12 9
99 9 6
99 6 0
99 6 5
99 5 1
99 5 4
99 4 3
99 3 2
99 9 8
99 8 7
99 12 11
99 11 10
99 18 17
99 17 15
99 15 14
99 14 13
99 17 16
100 16 1
100 1 0
100 16 15
100 15 6
100 6 3
100 3 2
100 6 5
100 5 4
100 15 14
100 14 13
100 13 12
100 12 10
100 10 9
100 9 8
100 8 7
100 12 11
101 18 17
101 17 0
101 17 16
101 16 15
101 15 1
101 15 14
101 14 2
101 14 13
101 13 12
101 12 11
101 11 10
101 10 8
101 8 6
101 6 5
101 5 4
101 4 3
101 8 7
101 10 9
