1 29 0
1 29 28
1 28 27
1 27 26
1 26 21
1 21 18
1 18 17
1 17 15
1 15 14
1 14 1
1 14 13
1 13 12
1 12 6
1 6 5
1 5 3
1 3 2
1 5 4
1 12 11
1 11 8
1 8 7
1 11 10
1 10 9
1 17 16
1 21 20
1 20 19
1 26 25
1 25 24
1 24 22
1 24 23
2 31 26
2 26 14
2 14 12
2 12 1
2 1 0
2 12 11
2 11 10
2 10 9
2 9 3
2 3 2
2 9 8
2 8 5
2 5 4
2 8 7
2 7 6
2 14 13
2 26 25
2 25 24
2 24 20
2 20 19
2 19 17
2 17 16
2 16 15
2 19 18
2 24 23
2 23 21
2 23 22
2 31 30
2 30 28
2 28 27
2 30 29
3 29 8
3 8 7
3 7 0
3 7 6
3 6 5
3 5 1
3 5 4
3 4 3
3 3 2
3 29 28
3 28 26
3 26 9
3 26 25
3 25 14
3 14 13
3 13 12
3 12 10
3 12 11
3 25 24
3 24 15
3 24 23
3 23 22
3 22 19
3 19 16
3 19 18
3 18 17
3 22 21
3 21 20
3 28 27
4 32 31
4 31 30
4 30 0
4 30 29
4 29 28
4 28 27
4 27 12
4 12 11
4 11 10
4 10 9
4 9 7
4 7 5
4 5 2
4 2 1
4 5 4
4 4 3
4 7 6
4 9 8
4 27 26
4 26 25
4 25 24
4 24 23
4 23 21
4 21 20
4 20 14
4 14 13
4 20 19
4 19 17
4 17 15
4 17 16
4 19 18
4 23 22
5 30 29
5 29 10
5 10 8
5 8 7
5 7 2
5 2 0
5 2 1
5 7 6
5 6 4
5 4 3
5 6 5
5 10 9
5 29 28
5 28 27
5 27 26
5 26 11
5 26 25
5 25 23
5 23 16
5 16 13
5 13 12
5 16 15
5 15 14
5 23 22
5 22 21
5 21 20
5 20 17
5 20 19
5 19 18
5 25 24
6 32 31
6 31 0
6 31 30
6 30 29
6 29 23
6 23 22
6 22 4
6 4 2
6 2 1
6 4 3
6 22 21
6 21 5
6 21 20
6 20 18
6 18 11
6 11 8
6 8 6
6 8 7
6 11 10
6 10 9
6 18 17
6 17 12
6 17 16
6 16 15
6 15 13
6 15 14
6 20 19
6 29 28
6 28 27
6 27 26
6 26 25
6 25 24
7 33 32
7 32 28
7 28 0
7 28 27
7 27 1
7 27 26
7 26 2
7 26 25
7 25 23
7 23 21
7 21 20
7 20 19
7 19 7
7 7 5
7 5 3
7 5 4
7 7 6
7 19 18
7 18 11
7 11 10
7 10 9
7 9 8
7 18 17
7 17 15
7 15 13
7 13 12
7 15 14
7 17 16
7 23 22
7 25 24
7 32 31
7 31 29
7 31 30
8 30 29
8 29 27
8 27 25
8 25 22
8 22 21
8 21 17
8 17 16
8 16 13
8 13 8
8 8 7
8 7 0
8 7 6
8 6 2
8 2 1
8 6 5
8 5 4
8 4 3
8 13 12
8 12 11
8 11 9
8 11 10
8 16 15
8 15 14
8 21 20
8 20 18
8 20 19
8 25 24
8 24 23
8 27 26
8 29 28
9 33 32
9 32 5
9 5 4
9 4 2
9 2 1
9 1 0
9 4 3
9 32 31
9 31 11
9 11 7
9 7 6
9 11 10
9 10 8
9 10 9
9 31 30
9 30 28
9 28 27
9 27 26
9 26 12
9 26 25
9 25 24
9 24 23
9 23 13
9 23 22
9 22 19
9 19 14
9 19 18
9 18 17
9 17 16
9 16 15
9 22 21
9 21 20
9 30 29
10 34 33
10 33 32
10 32 31
10 31 30
10 30 29
10 29 0
10 29 28
10 28 26
10 26 24
10 24 23
10 23 22
10 22 16
10 16 15
10 15 1
10 15 14
10 14 13
10 13 5
10 5 4
10 4 2
10 4 3
10 13 12
10 12 7
10 7 6
10 12 11
10 11 10
10 10 8
10 10 9
10 22 21
10 21 20
10 20 19
10 19 17
10 19 18
10 26 25
10 28 27
11 33 32
11 32 25
11 25 23
11 23 22
11 22 21
11 21 16
11 16 0
11 16 15
11 15 1
11 15 14
11 14 4
11 4 2
11 4 3
11 14 13
11 13 12
11 12 11
11 11 8
11 8 5
11 8 7
11 7 6
11 11 10
11 10 9
11 21 20
11 20 19
11 19 17
11 19 18
11 25 24
11 32 31
11 31 30
11 30 28
11 28 27
11 27 26
11 30 29
12 33 1
12 1 0
12 33 32
12 32 30
12 30 29
12 29 14
12 14 13
12 13 10
12 10 8
12 8 7
12 7 6
12 6 3
12 3 2
12 6 5
12 5 4
12 10 9
12 13 12
12 12 11
12 29 28
12 28 16
12 16 15
12 28 27
12 27 20
12 20 19
12 19 18
12 18 17
12 27 26
12 26 22
12 22 21
12 26 25
12 25 24
12 24 23
12 32 31
13 31 25
13 25 7
13 7 6
13 6 5
13 5 4
13 4 3
13 3 1
13 1 0
13 3 2
13 25 24
13 24 23
13 23 13
13 13 12
13 12 8
13 12 11
13 11 9
13 11 10
13 23 22
13 22 21
13 21 20
13 20 19
13 19 18
13 18 15
13 15 14
13 18 17
13 17 16
13 31 30
13 30 27
13 27 26
13 30 29
13 29 28
14 33 32
14 32 31
14 31 29
14 29 3
14 3 2
14 2 1
14 1 0
14 29 28
14 28 27
14 27 26
14 26 7
14 7 5
14 5 4
14 7 6
14 26 25
14 25 24
14 24 23
14 23 22
14 22 13
14 13 10
14 10 9
14 9 8
14 13 12
14 12 11
14 22 21
14 21 14
14 21 20
14 20 18
14 18 17
14 17 15
14 17 16
14 20 19
14 31 30
15 34 8
15 8 2
15 2 0
15 2 1
15 8 7
15 7 5
15 5 4
15 4 3
15 7 6
15 34 33
15 33 30
15 30 22
15 22 18
15 18 10
15 10 9
15 18 17
15 17 11
15 17 16
15 16 12
15 16 15
15 15 14
15 14 13
15 22 21
15 21 19
15 21 20
15 30 29
15 29 27
15 27 25
15 25 23
15 25 24
15 27 26
15 29 28
15 33 32
15 32 31
16 34 32
16 32 0
16 32 31
16 31 30
16 30 29
16 29 28
16 28 8
16 8 6
16 6 5
16 5 1
16 5 4
16 4 2
16 4 3
16 8 7
16 28 27
16 27 22
16 22 21
16 21 20
16 20 10
16 10 9
16 20 19
16 19 17
16 17 15
16 15 11
16 15 14
16 14 12
16 14 13
16 17 16
16 19 18
16 27 26
16 26 25
16 25 24
16 24 23
16 34 33
17 29 11
17 11 10
17 10 2
17 2 1
17 1 0
17 10 9
17 9 3
17 9 8
17 8 4
17 8 7
17 7 5
17 7 6
17 29 28
17 28 27
17 27 12
17 27 26
17 26 22
17 22 16
17 16 14
17 14 13
17 16 15
17 22 21
17 21 20
17 20 17
17 20 19
17 19 18
17 26 25
17 25 24
17 24 23
18 29 28
18 28 6
18 6 1
18 1 0
18 6 5
18 5 2
18 5 4
18 4 3
18 28 27
18 27 7
18 27 26
18 26 25
18 25 21
18 21 9
18 9 8
18 21 20
18 20 19
18 19 17
18 17 16
18 16 10
18 16 15
18 15 11
18 15 14
18 14 13
18 13 12
18 19 18
18 25 24
18 24 22
18 24 23
19 32 2
19 2 1
19 1 0
19 32 31
19 31 8
19 8 7
19 7 4
19 4 3
19 7 6
19 6 5
19 31 30
19 30 13
19 13 12
19 12 11
19 11 9
19 11 10
19 30 29
19 29 28
19 28 23
19 23 15
19 15 14
19 23 22
19 22 19
19 19 18
19 18 17
19 17 16
19 22 21
19 21 20
19 28 27
19 27 24
19 27 26
19 26 25
20 33 31
20 31 30
20 30 0
20 30 29
20 29 19
20 19 3
20 3 2
20 2 1
20 19 18
20 18 17
20 17 16
20 16 14
20 14 12
20 12 5
20 5 4
20 12 11
20 11 10
20 10 8
20 8 7
20 7 6
20 10 9
20 14 13
20 16 15
20 29 28
20 28 27
20 27 20
20 27 26
20 26 23
20 23 21
20 23 22
20 26 25
20 25 24
20 33 32
21 29 1
21 1 0
21 29 28
21 28 3
21 3 2
21 28 27
21 27 25
21 25 24
21 24 9
21 9 4
21 9 8
21 8 7
21 7 6
21 6 5
21 24 23
21 23 10
21 23 22
21 22 11
21 22 21
21 21 20
21 20 19
21 19 16
21 16 12
21 16 15
21 15 14
21 14 13
21 19 18
21 18 17
21 27 26
22 31 21
22 21 19
22 19 9
22 9 8
22 8 0
22 8 7
22 7 5
22 5 2
22 2 1
22 5 4
22 4 3
22 7 6
22 19 18
22 18 17
22 17 16
22 16 15
22 15 14
22 14 11
22 11 10
22 14 13
22 13 12
22 21 20
22 31 30
22 30 29
22 29 28
22 28 25
22 25 23
22 23 22
22 25 24
22 28 27
22 27 26
23 30 29
23 29 25
23 25 23
23 23 12
23 12 10
23 10 9
23 9 8
23 8 6
23 6 5
23 5 2
23 2 0
23 2 1
23 5 4
23 4 3
23 8 7
23 12 11
23 23 22
23 22 21
23 21 13
23 21 20
23 20 19
23 19 18
23 18 16
23 16 15
23 15 14
23 18 17
23 25 24
23 29 28
23 28 27
23 27 26
24 32 5
24 5 4
24 4 0
24 4 3
24 3 1
24 3 2
24 32 31
24 31 28
24 28 23
24 23 22
24 22 21
24 21 7
24 7 6
24 21 20
24 20 19
24 19 18
24 18 17
24 17 11
24 11 9
24 9 8
24 11 10
24 17 16
24 16 14
24 14 12
24 14 13
24 16 15
24 28 27
24 27 26
24 26 25
24 25 24
24 31 30
24 30 29
25 31 22
25 22 21
25 21 1
25 1 0
25 21 20
25 20 2
25 20 19
25 19 17
25 17 16
25 16 5
25 5 4
25 4 3
25 16 15
25 15 11
25 11 9
25 9 7
25 7 6
25 9 8
25 11 10
25 15 14
25 14 12
25 14 13
25 19 18
25 31 30
25 30 29
25 29 25
25 25 23
25 25 24
25 29 28
25 28 27
25 27 26
26 32 1
26 1 0
26 32 31
26 31 3
26 3 2
26 31 30
26 30 10
26 10 8
26 8 7
26 7 4
26 7 6
26 6 5
26 10 9
26 30 29
26 29 27
26 27 23
26 23 22
26 22 13
26 13 12
26 12 11
26 22 21
26 21 14
26 21 20
26 20 16
26 16 15
26 20 19
26 19 18
26 18 17
26 27 26
26 26 25
26 25 24
26 29 28
27 29 28
27 28 27
27 27 3
27 3 1
27 1 0
27 3 2
27 27 26
27 26 22
27 22 19
27 19 7
27 7 4
27 7 6
27 6 5
27 19 18
27 18 16
27 16 15
27 15 13
27 13 12
27 12 10
27 10 8
27 10 9
27 12 11
27 15 14
27 18 17
27 22 21
27 21 20
27 26 25
27 25 23
27 25 24
28 32 0
28 32 31
28 31 29
28 29 28
28 28 8
28 8 6
28 6 5
28 5 4
28 4 1
28 4 3
28 3 2
28 8 7
28 28 27
28 27 9
28 27 26
28 26 24
28 24 13
28 13 10
28 13 12
28 12 11
28 24 23
28 23 14
28 23 22
28 22 21
28 21 17
28 17 16
28 16 15
28 21 20
28 20 18
28 20 19
28 26 25
28 31 30
29 32 4
29 4 3
29 3 1
29 1 0
29 3 2
29 32 31
29 31 29
29 29 27
29 27 26
29 26 20
29 20 17
29 17 14
29 14 13
29 13 12
29 12 9
29 9 8
29 8 6
29 6 5
29 8 7
29 12 11
29 11 10
29 17 16
29 16 15
29 20 19
29 19 18
29 26 25
29 25 21
29 25 24
29 24 23
29 23 22
29 29 28
29 31 30
30 32 31
30 31 30
30 30 28
30 28 0
30 28 27
30 27 26
30 26 1
30 26 25
30 25 24
30 24 23
30 23 2
30 23 22
30 22 19
30 19 3
30 19 18
30 18 16
30 16 14
30 14 5
30 5 4
30 14 13
30 13 12
30 12 11
30 11 10
30 10 9
30 9 8
30 8 6
30 8 7
30 16 15
30 18 17
30 22 21
30 21 20
30 30 29
31 34 32
31 32 31
31 31 30
31 30 29
31 29 17
31 17 16
31 16 5
31 5 2
31 2 0
31 2 1
31 5 4
31 4 3
31 16 15
31 15 14
31 14 12
31 12 6
31 12 11
31 11 9
31 9 8
31 8 7
31 11 10
31 14 13
31 29 28
31 28 23
31 23 22
31 22 20
31 20 18
31 20 19
31 22 21
31 28 27
31 27 26
31 26 24
31 26 25
31 34 33
32 29 0
32 29 28
32 28 27
32 27 26
32 26 1
32 26 25
32 25 2
32 25 24
32 24 22
32 22 18
32 18 17
32 17 15
32 15 3
32 15 14
32 14 7
32 7 6
32 6 5
32 5 4
32 14 13
32 13 12
32 12 11
32 11 9
32 9 8
32 11 10
32 17 16
32 22 21
32 21 19
32 21 20
32 24 23
33 34 0
33 34 33
33 33 32
33 32 4
33 4 2
33 2 1
33 4 3
33 32 31
33 31 5
33 31 30
33 30 15
33 15 6
33 15 14
33 14 13
33 13 8
33 8 7
33 13 12
33 12 11
33 11 9
33 11 10
33 30 29
33 29 28
33 28 27
33 27 23
33 23 22
33 22 17
33 17 16
33 22 21
33 21 18
33 21 20
33 20 19
33 27 26
33 26 24
33 26 25
34 33 1
34 1 0
34 33 32
34 32 24
34 24 23
34 23 22
34 22 4
34 4 3
34 3 2
34 22 21
34 21 19
34 19 18
34 18 6
34 6 5
34 18 17
34 17 16
34 16 7
34 16 15
34 15 14
34 14 10
34 10 8
34 10 9
34 14 13
34 13 12
34 12 11
34 21 20
34 32 31
34 31 29
34 29 28
34 28 25
34 28 27
34 27 26
34 31 30
35 34 33
35 33 20
35 20 18
35 18 11
35 11 3
35 3 2
35 2 0
35 2 1
35 11 10
35 10 4
35 10 9
35 9 7
35 7 5
35 7 6
35 9 8
35 18 17
35 17 16
35 16 15
35 15 14
35 14 12
35 14 13
35 20 19
35 33 32
35 32 29
35 29 28
35 28 27
35 27 26
35 26 24
35 24 21
35 24 23
35 23 22
35 26 25
35 32 31
35 31 30
36 34 0
36 34 33
36 33 27
36 27 3
36 3 1
36 3 2
36 27 26
36 26 25
36 25 4
36 25 24
36 24 19
36 19 6
36 6 5
36 19 18
36 18 17
36 17 16
36 16 15
36 15 8
36 8 7
36 15 14
36 14 12
36 12 11
36 11 9
36 11 10
36 14 13
36 24 23
36 23 22
36 22 20
36 22 21
36 33 32
36 32 31
36 31 29
36 29 28
36 31 30
37 33 32
37 32 31
37 31 0
37 31 30
37 30 28
37 28 27
37 27 26
37 26 5
37 5 3
37 3 1
37 3 2
37 5 4
37 26 25
37 25 9
37 9 8
37 8 7
37 7 6
37 25 24
37 24 12
37 12 11
37 11 10
37 24 23
37 23 14
37 14 13
37 23 22
37 22 19
37 19 15
37 19 18
37 18 17
37 17 16
37 22 21
37 21 20
37 30 29
38 33 32
38 32 1
38 1 0
38 32 31
38 31 2
38 31 30
38 30 5
38 5 3
38 5 4
38 30 29
38 29 28
38 28 12
38 12 11
38 11 10
38 10 9
38 9 8
38 8 6
38 8 7
38 28 27
38 27 16
38 16 13
38 16 15
38 15 14
38 27 26
38 26 17
38 26 25
38 25 19
38 19 18
38 25 24
38 24 21
38 21 20
38 24 23
38 23 22
39 31 0
39 31 30
39 30 26
39 26 25
39 25 23
39 23 1
39 23 22
39 22 17
39 17 12
39 12 10
39 10 9
39 9 8
39 8 7
39 7 4
39 4 3
39 3 2
39 7 6
39 6 5
39 12 11
39 17 16
39 16 14
39 14 13
39 16 15
39 22 21
39 21 19
39 19 18
39 21 20
39 25 24
39 30 29
39 29 28
39 28 27
40 29 0
40 29 28
40 28 27
40 27 25
40 25 1
40 25 24
40 24 19
40 19 18
40 18 16
40 16 14
40 14 4
40 4 3
40 3 2
40 14 13
40 13 11
40 11 9
40 9 8
40 8 6
40 6 5
40 8 7
40 11 10
40 13 12
40 16 15
40 18 17
40 24 23
40 23 22
40 22 21
40 21 20
40 27 26
41 33 5
41 5 1
41 1 0
41 5 4
41 4 3
41 3 2
41 33 32
41 32 31
41 31 30
41 30 29
41 29 28
41 28 27
41 27 6
41 27 26
41 26 7
41 26 25
41 25 8
41 25 24
41 24 23
41 23 22
41 22 9
41 22 21
41 21 19
41 19 17
41 17 10
41 17 16
41 16 12
41 12 11
41 16 15
41 15 13
41 15 14
41 19 18
41 21 20
42 31 30
42 30 23
42 23 7
42 7 6
42 6 5
42 5 0
42 5 4
42 4 2
42 2 1
42 4 3
42 23 22
42 22 20
42 20 18
42 18 11
42 11 9
42 9 8
42 11 10
42 18 17
42 17 13
42 13 12
42 17 16
42 16 15
42 15 14
42 20 19
42 22 21
42 30 29
42 29 24
42 29 28
42 28 27
42 27 26
42 26 25
43 34 24
43 24 23
43 23 5
43 5 1
43 1 0
43 5 4
43 4 3
43 3 2
43 23 22
43 22 6
43 22 21
43 21 18
43 18 17
43 17 8
43 8 7
43 17 16
43 16 9
43 16 15
43 15 14
43 14 13
43 13 12
43 12 10
43 12 11
43 21 20
43 20 19
43 34 33
43 33 32
43 32 28
43 28 26
43 26 25
43 28 27
43 32 31
43 31 30
43 30 29
44 31 28
44 28 27
44 27 26
44 26 8
44 8 1
44 1 0
44 8 7
44 7 6
44 6 4
44 4 3
44 3 2
44 6 5
44 26 25
44 25 24
44 24 23
44 23 9
44 23 22
44 22 11
44 11 10
44 22 21
44 21 14
44 14 12
44 14 13
44 21 20
44 20 19
44 19 15
44 19 18
44 18 16
44 18 17
44 31 30
44 30 29
45 30 0
45 30 29
45 29 28
45 28 25
45 25 23
45 23 21
45 21 2
45 2 1
45 21 20
45 20 3
45 20 19
45 19 18
45 18 14
45 14 13
45 13 12
45 12 11
45 11 10
45 10 8
45 8 4
45 8 7
45 7 5
45 7 6
45 10 9
45 18 17
45 17 16
45 16 15
45 23 22
45 25 24
45 28 27
45 27 26
46 30 22
46 22 1
46 1 0
46 22 21
46 21 20
46 20 19
46 19 15
46 15 14
46 14 2
46 14 13
46 13 9
46 9 5
46 5 3
46 5 4
46 9 8
46 8 6
46 8 7
46 13 12
46 12 10
46 12 11
46 19 18
46 18 17
46 17 16
46 30 29
46 29 25
46 25 23
46 25 24
46 29 28
46 28 27
46 27 26
47 31 6
47 6 0
47 6 5
47 5 4
47 4 2
47 2 1
47 4 3
47 31 30
47 30 27
47 27 25
47 25 24
47 24 22
47 22 21
47 21 15
47 15 14
47 14 12
47 12 11
47 11 10
47 10 9
47 9 8
47 8 7
47 14 13
47 21 20
47 20 19
47 19 18
47 18 17
47 17 16
47 24 23
47 27 26
47 30 29
47 29 28
48 29 0
48 29 28
48 28 23
48 23 2
48 2 1
48 23 22
48 22 20
48 20 18
48 18 14
48 14 8
48 8 7
48 7 6
48 6 5
48 5 3
48 5 4
48 14 13
48 13 12
48 12 11
48 11 10
48 10 9
48 18 17
48 17 15
48 17 16
48 20 19
48 22 21
48 28 27
48 27 25
48 25 24
48 27 26
49 30 27
49 27 26
49 26 21
49 21 20
49 20 19
49 19 18
49 18 16
49 16 15
49 15 1
49 1 0
49 15 14
49 14 13
49 13 2
49 13 12
49 12 10
49 10 9
49 9 5
49 5 4
49 4 3
49 9 8
49 8 6
49 8 7
49 12 11
49 18 17
49 26 25
49 25 23
49 23 22
49 25 24
49 30 29
49 29 28
50 32 0
50 32 31
50 31 30
50 30 29
50 29 28
50 28 27
50 27 26
50 26 6
50 6 4
50 4 2
50 2 1
50 4 3
50 6 5
50 26 25
50 25 24
50 24 21
50 21 7
50 21 20
50 20 18
50 18 17
50 17 15
50 15 11
50 11 10
50 10 8
50 10 9
50 15 14
50 14 13
50 13 12
50 17 16
50 20 19
50 24 23
50 23 22
51 32 0
51 32 31
51 31 13
51 13 11
51 11 4
51 4 2
51 2 1
51 4 3
51 11 10
51 10 9
51 9 8
51 8 6
51 6 5
51 8 7
51 13 12
51 31 30
51 30 28
51 28 15
51 15 14
51 28 27
51 27 18
51 18 17
51 17 16
51 27 26
51 26 19
51 26 25
51 25 22
51 22 20
51 22 21
51 25 24
51 24 23
51 30 29
52 32 30
52 30 0
52 30 29
52 29 5
52 5 4
52 4 3
52 3 2
52 2 1
52 29 28
52 28 26
52 26 11
52 11 10
52 10 9
52 9 8
52 8 7
52 7 6
52 26 25
52 25 22
52 22 21
52 21 20
52 20 19
52 19 14
52 14 12
52 14 13
52 19 18
52 18 15
52 18 17
52 17 16
52 25 24
52 24 23
52 28 27
52 32 31
53 29 15
53 15 13
53 13 12
53 12 8
53 8 7
53 7 0
53 7 6
53 6 5
53 5 4
53 4 3
53 3 2
53 2 1
53 12 11
53 11 9
53 11 10
53 15 14
53 29 28
53 28 27
53 27 19
53 19 16
53 19 18
53 18 17
53 27 26
53 26 25
53 25 20
53 25 24
53 24 23
53 23 21
53 23 22
54 34 29
54 29 8
54 8 0
54 8 7
54 7 6
54 6 2
54 2 1
54 6 5
54 5 3
54 5 4
54 29 28
54 28 27
54 27 17
54 17 12
54 12 10
54 10 9
54 12 11
54 17 16
54 16 14
54 14 13
54 16 15
54 27 26
54 26 25
54 25 21
54 21 19
54 19 18
54 21 20
54 25 24
54 24 23
54 23 22
54 34 33
54 33 32
54 32 31
54 31 30
55 32 17
55 17 16
55 16 13
55 13 4
55 4 3
55 3 2
55 2 1
55 1 0
55 13 12
55 12 11
55 11 9
55 9 8
55 8 5
55 8 7
55 7 6
55 11 10
55 16 15
55 15 14
55 32 31
55 31 26
55 26 24
55 24 23
55 23 22
55 22 18
55 22 21
55 21 19
55 21 20
55 26 25
55 31 30
55 30 27
55 30 29
55 29 28
56 34 29
56 29 3
56 3 0
56 3 2
56 2 1
56 29 28
56 28 27
56 27 26
56 26 4
56 26 25
56 25 24
56 24 5
56 24 23
56 23 6
56 23 22
56 22 20
56 20 14
56 14 13
56 13 12
56 12 11
56 11 8
56 8 7
56 11 10
56 10 9
56 20 19
56 19 16
56 16 15
56 19 18
56 18 17
56 22 21
56 34 33
56 33 31
56 31 30
56 33 32
57 30 29
57 29 28
57 28 27
57 27 26
57 26 25
57 25 24
57 24 23
57 23 0
57 23 22
57 22 20
57 20 19
57 19 1
57 19 18
57 18 17
57 17 16
57 16 15
57 15 3
57 3 2
57 15 14
57 14 12
57 12 10
57 10 9
57 9 8
57 8 7
57 7 6
57 6 5
57 5 4
57 12 11
57 14 13
57 22 21
58 34 2
58 2 1
58 1 0
58 34 33
58 33 28
58 28 26
58 26 16
58 16 7
58 7 5
58 5 3
58 5 4
58 7 6
58 16 15
58 15 13
58 13 10
58 10 9
58 9 8
58 13 12
58 12 11
58 15 14
58 26 25
58 25 24
58 24 17
58 24 23
58 23 18
58 23 22
58 22 21
58 21 20
58 20 19
58 28 27
58 33 32
58 32 31
58 31 30
58 30 29
59 29 28
59 28 25
59 25 21
59 21 20
59 20 19
59 19 14
59 14 6
59 6 5
59 5 4
59 4 3
59 3 1
59 1 0
59 3 2
59 14 13
59 13 12
59 12 11
59 11 10
59 10 9
59 9 8
59 8 7
59 19 18
59 18 15
59 18 17
59 17 16
59 25 24
59 24 23
59 23 22
59 28 27
59 27 26
60 30 29
60 29 26
60 26 24
60 24 22
60 22 20
60 20 19
60 19 2
60 2 0
60 2 1
60 19 18
60 18 17
60 17 3
60 17 16
60 16 15
60 15 14
60 14 12
60 12 11
60 11 6
60 6 4
60 6 5
60 11 10
60 10 7
60 10 9
60 9 8
60 14 13
60 22 21
60 24 23
60 26 25
60 29 28
60 28 27
61 30 5
61 5 0
61 5 4
61 4 1
61 4 3
61 3 2
61 30 29
61 29 27
61 27 26
61 26 23
61 23 22
61 22 21
61 21 20
61 20 6
61 20 19
61 19 7
61 19 18
61 18 14
61 14 12
61 12 11
61 11 10
61 10 9
61 9 8
61 14 13
61 18 17
61 17 16
61 16 15
61 26 25
61 25 24
61 29 28
62 31 30
62 30 26
62 26 1
62 1 0
62 26 25
62 25 7
62 7 4
62 4 3
62 3 2
62 7 6
62 6 5
62 25 24
62 24 18
62 18 17
62 17 14
62 14 13
62 13 12
62 12 11
62 11 9
62 9 8
62 11 10
62 17 16
62 16 15
62 24 23
62 23 20
62 20 19
62 23 22
62 22 21
62 30 29
62 29 28
62 28 27
63 29 26
63 26 8
63 8 5
63 5 0
63 5 4
63 4 2
63 2 1
63 4 3
63 8 7
63 7 6
63 26 25
63 25 24
63 24 23
63 23 15
63 15 14
63 14 9
63 14 13
63 13 12
63 12 11
63 11 10
63 23 22
63 22 21
63 21 20
63 20 19
63 19 17
63 17 16
63 19 18
63 29 28
63 28 27
64 33 32
64 32 21
64 21 20
64 20 19
64 19 2
64 2 0
64 2 1
64 19 18
64 18 16
64 16 9
64 9 8
64 8 7
64 7 6
64 6 5
64 5 4
64 4 3
64 16 15
64 15 14
64 14 11
64 11 10
64 14 13
64 13 12
64 18 17
64 32 31
64 31 30
64 30 25
64 25 23
64 23 22
64 25 24
64 30 29
64 29 26
64 29 28
64 28 27
65 31 4
65 4 3
65 3 2
65 2 0
65 2 1
65 31 30
65 30 28
65 28 5
65 28 27
65 27 25
65 25 7
65 7 6
65 25 24
65 24 8
65 24 23
65 23 22
65 22 14
65 14 13
65 13 12
65 12 11
65 11 9
65 11 10
65 22 21
65 21 20
65 20 19
65 19 18
65 18 17
65 17 16
65 16 15
65 27 26
65 30 29
66 33 32
66 32 18
66 18 17
66 17 0
66 17 16
66 16 15
66 15 14
66 14 1
66 14 13
66 13 4
66 4 2
66 4 3
66 13 12
66 12 11
66 11 8
66 8 6
66 6 5
66 8 7
66 11 10
66 10 9
66 32 31
66 31 26
66 26 19
66 26 25
66 25 24
66 24 21
66 21 20
66 24 23
66 23 22
66 31 30
66 30 29
66 29 28
66 28 27
67 34 32
67 32 30
67 30 2
67 2 0
67 2 1
67 30 29
67 29 27
67 27 26
67 26 24
67 24 3
67 24 23
67 23 11
67 11 8
67 8 6
67 6 4
67 6 5
67 8 7
67 11 10
67 10 9
67 23 22
67 22 16
67 16 12
67 16 15
67 15 14
67 14 13
67 22 21
67 21 19
67 19 18
67 18 17
67 21 20
67 26 25
67 29 28
67 32 31
67 34 33
68 31 22
68 22 0
68 22 21
68 21 20
68 20 2
68 2 1
68 20 19
68 19 18
68 18 4
68 4 3
68 18 17
68 17 5
68 17 16
68 16 15
68 15 14
68 14 13
68 13 9
68 9 8
68 8 7
68 7 6
68 13 12
68 12 10
68 12 11
68 31 30
68 30 23
68 30 29
68 29 28
68 28 26
68 26 24
68 26 25
68 28 27
69 30 0
69 30 29
69 29 17
69 17 2
69 2 1
69 17 16
69 16 15
69 15 4
69 4 3
69 15 14
69 14 12
69 12 11
69 11 8
69 8 7
69 7 5
69 7 6
69 11 10
69 10 9
69 14 13
69 29 28
69 28 26
69 26 25
69 25 23
69 23 20
69 20 18
69 20 19
69 23 22
69 22 21
69 25 24
69 28 27
70 32 1
70 1 0
70 32 31
70 31 30
70 30 28
70 28 21
70 21 19
70 19 18
70 18 11
70 11 3
70 3 2
70 11 10
70 10 8
70 8 6
70 6 4
70 6 5
70 8 7
70 10 9
70 18 17
70 17 15
70 15 12
70 15 14
70 14 13
70 17 16
70 21 20
70 28 27
70 27 22
70 27 26
70 26 25
70 25 23
70 25 24
70 30 29
71 30 4
71 4 0
71 4 3
71 3 2
71 2 1
71 30 29
71 29 27
71 27 19
71 19 18
71 18 17
71 17 15
71 15 7
71 7 6
71 6 5
71 15 14
71 14 12
71 12 8
71 12 11
71 11 10
71 10 9
71 14 13
71 17 16
71 27 26
71 26 22
71 22 20
71 22 21
71 26 25
71 25 24
71 24 23
71 29 28
72 32 7
72 7 6
72 6 1
72 1 0
72 6 5
72 5 4
72 4 3
72 3 2
72 32 31
72 31 29
72 29 24
72 24 23
72 23 8
72 23 22
72 22 9
72 22 21
72 21 13
72 13 12
72 12 10
72 12 11
72 21 20
72 20 19
72 19 18
72 18 15
72 15 14
72 18 17
72 17 16
72 29 28
72 28 27
72 27 26
72 26 25
72 31 30
73 33 0
73 33 32
73 32 30
73 30 28
73 28 27
73 27 1
73 27 26
73 26 3
73 3 2
73 26 25
73 25 4
73 25 24
73 24 19
73 19 18
73 18 14
73 14 12
73 12 5
73 12 11
73 11 10
73 10 6
73 10 9
73 9 7
73 9 8
73 14 13
73 18 17
73 17 15
73 17 16
73 24 23
73 23 21
73 21 20
73 23 22
73 30 29
73 32 31
74 33 32
74 32 31
74 31 29
74 29 8
74 8 6
74 6 3
74 3 2
74 2 1
74 1 0
74 6 5
74 5 4
74 8 7
74 29 28
74 28 25
74 25 9
74 25 24
74 24 23
74 23 19
74 19 13
74 13 12
74 12 11
74 11 10
74 19 18
74 18 15
74 15 14
74 18 17
74 17 16
74 23 22
74 22 21
74 21 20
74 28 27
74 27 26
74 31 30
75 34 33
75 33 28
75 28 25
75 25 23
75 23 22
75 22 6
75 6 5
75 5 0
75 5 4
75 4 3
75 3 2
75 2 1
75 22 21
75 21 16
75 16 14
75 14 11
75 11 7
75 11 10
75 10 9
75 9 8
75 14 13
75 13 12
75 16 15
75 21 20
75 20 19
75 19 17
75 19 18
75 25 24
75 28 27
75 27 26
75 33 32
75 32 31
75 31 29
75 31 30
76 32 3
76 3 2
76 2 0
76 2 1
76 32 31
76 31 30
76 30 29
76 29 28
76 28 27
76 27 26
76 26 24
76 24 22
76 22 13
76 13 12
76 12 11
76 11 10
76 10 9
76 9 8
76 8 4
76 8 7
76 7 6
76 6 5
76 22 21
76 21 20
76 20 14
76 20 19
76 19 18
76 18 15
76 18 17
76 17 16
76 24 23
76 26 25
77 34 29
77 29 1
77 1 0
77 29 28
77 28 27
77 27 23
77 23 22
77 22 21
77 21 20
77 20 19
77 19 18
77 18 13
77 13 12
77 12 11
77 11 10
77 10 9
77 9 8
77 8 6
77 6 4
77 4 3
77 3 2
77 6 5
77 8 7
77 18 17
77 17 14
77 17 16
77 16 15
77 27 26
77 26 24
77 26 25
77 34 33
77 33 32
77 32 31
77 31 30
78 34 17
78 17 0
78 17 16
78 16 15
78 15 14
78 14 13
78 13 2
78 2 1
78 13 12
78 12 7
78 7 4
78 4 3
78 7 6
78 6 5
78 12 11
78 11 8
78 11 10
78 10 9
78 34 33
78 33 18
78 33 32
78 32 30
78 30 29
78 29 28
78 28 27
78 27 22
78 22 20
78 20 19
78 22 21
78 27 26
78 26 25
78 25 23
78 25 24
78 32 31
79 33 32
79 32 31
79 31 28
79 28 27
79 27 3
79 3 2
79 2 1
79 1 0
79 27 26
79 26 25
79 25 4
79 25 24
79 24 12
79 12 5
79 12 11
79 11 7
79 7 6
79 11 10
79 10 8
79 10 9
79 24 23
79 23 22
79 22 21
79 21 17
79 17 15
79 15 14
79 14 13
79 17 16
79 21 20
79 20 19
79 19 18
79 31 30
79 30 29
80 34 0
80 34 33
80 33 4
80 4 3
80 3 1
80 3 2
80 33 32
80 32 28
80 28 27
80 27 26
80 26 11
80 11 7
80 7 5
80 7 6
80 11 10
80 10 9
80 9 8
80 26 25
80 25 12
80 25 24
80 24 17
80 17 16
80 16 15
80 15 14
80 14 13
80 24 23
80 23 19
80 19 18
80 23 22
80 22 20
80 22 21
80 32 31
80 31 29
80 31 30
81 32 30
81 30 3
81 3 0
81 3 2
81 2 1
81 30 29
81 29 15
81 15 4
81 15 14
81 14 8
81 8 7
81 7 5
81 7 6
81 14 13
81 13 12
81 12 11
81 11 9
81 11 10
81 29 28
81 28 16
81 28 27
81 27 23
81 23 21
81 21 19
81 19 17
81 19 18
81 21 20
81 23 22
81 27 26
81 26 24
81 26 25
81 32 31
82 32 30
82 30 29
82 29 24
82 24 23
82 23 0
82 23 22
82 22 20
82 20 16
82 16 15
82 15 5
82 5 4
82 4 2
82 2 1
82 4 3
82 15 14
82 14 13
82 13 11
82 11 6
82 11 10
82 10 9
82 9 7
82 9 8
82 13 12
82 20 19
82 19 18
82 18 17
82 22 21
82 29 28
82 28 26
82 26 25
82 28 27
82 32 31
83 30 29
83 29 1
83 1 0
83 29 28
83 28 27
83 27 26
83 26 24
83 24 3
83 3 2
83 24 23
83 23 4
83 23 22
83 22 21
83 21 19
83 19 15
83 15 14
83 14 12
83 12 5
83 12 11
83 11 6
83 11 10
83 10 7
83 10 9
83 9 8
83 14 13
83 19 18
83 18 17
83 17 16
83 21 20
83 26 25
84 30 29
84 29 27
84 27 19
84 19 18
84 18 17
84 17 15
84 15 0
84 15 14
84 14 12
84 12 11
84 11 10
84 10 9
84 9 8
84 8 7
84 7 6
84 6 1
84 6 5
84 5 2
84 5 4
84 4 3
84 14 13
84 17 16
84 27 26
84 26 25
84 25 21
84 21 20
84 25 24
84 24 22
84 24 23
84 29 28
85 33 0
85 33 32
85 32 31
85 31 30
85 30 28
85 28 1
85 28 27
85 27 26
85 26 21
85 21 20
85 20 17
85 17 7
85 7 6
85 6 5
85 5 4
85 4 2
85 4 3
85 17 16
85 16 14
85 14 12
85 12 10
85 10 9
85 9 8
85 12 11
85 14 13
85 16 15
85 20 19
85 19 18
85 26 25
85 25 22
85 25 24
85 24 23
85 30 29
86 31 4
86 4 2
86 2 1
86 1 0
86 4 3
86 31 30
86 30 9
86 9 5
86 9 8
86 8 7
86 7 6
86 30 29
86 29 11
86 11 10
86 29 28
86 28 26
86 26 21
86 21 20
86 20 19
86 19 12
86 19 18
86 18 15
86 15 14
86 14 13
86 18 17
86 17 16
86 26 25
86 25 24
86 24 22
86 24 23
86 28 27
87 30 29
87 29 28
87 28 27
87 27 0
87 27 26
87 26 9
87 9 7
87 7 6
87 6 1
87 6 5
87 5 2
87 5 4
87 4 3
87 9 8
87 26 25
87 25 20
87 20 18
87 18 17
87 17 15
87 15 11
87 11 10
87 15 14
87 14 12
87 14 13
87 17 16
87 20 19
87 25 24
87 24 22
87 22 21
87 24 23
88 30 6
88 6 3
88 3 0
88 3 2
88 2 1
88 6 5
88 5 4
88 30 29
88 29 27
88 27 25
88 25 11
88 11 10
88 10 8
88 8 7
88 10 9
88 25 24
88 24 16
88 16 12
88 16 15
88 15 13
88 15 14
88 24 23
88 23 17
88 23 22
88 22 20
88 20 19
88 19 18
88 22 21
88 27 26
88 29 28
89 33 0
89 33 32
89 32 25
89 25 24
89 24 23
89 23 22
89 22 7
89 7 6
89 6 5
89 5 2
89 2 1
89 5 4
89 4 3
89 22 21
89 21 20
89 20 19
89 19 11
89 11 10
89 10 9
89 9 8
89 19 18
89 18 12
89 18 17
89 17 16
89 16 14
89 14 13
89 16 15
89 32 31
89 31 29
89 29 28
89 28 27
89 27 26
89 31 30
90 29 24
90 24 0
90 24 23
90 23 3
90 3 2
90 2 1
90 23 22
90 22 20
90 20 13
90 13 11
90 11 5
90 5 4
90 11 10
90 10 7
90 7 6
90 10 9
90 9 8
90 13 12
90 20 19
90 19 18
90 18 17
90 17 14
90 17 16
90 16 15
90 22 21
90 29 28
90 28 25
90 28 27
90 27 26
91 33 2
91 2 1
91 1 0
91 33 32
91 32 3
91 32 31
91 31 14
91 14 9
91 9 7
91 7 4
91 7 6
91 6 5
91 9 8
91 14 13
91 13 11
91 11 10
91 13 12
91 31 30
91 30 18
91 18 17
91 17 15
91 17 16
91 30 29
91 29 28
91 28 22
91 22 20
91 20 19
91 22 21
91 28 27
91 27 24
91 24 23
91 27 26
91 26 25
92 30 28
92 28 16
92 16 0
92 16 15
92 15 9
92 9 5
92 5 2
92 2 1
92 5 4
92 4 3
92 9 8
92 8 7
92 7 6
92 15 14
92 14 13
92 13 10
92 13 12
92 12 11
92 28 27
92 27 17
92 27 26
92 26 25
92 25 23
92 23 22
92 22 18
92 22 21
92 21 20
92 20 19
92 25 24
92 30 29
93 34 31
93 31 9
93 9 3
93 3 2
93 2 0
93 2 1
93 9 8
93 8 4
93 8 7
93 7 6
93 6 5
93 31 30
93 30 29
93 29 10
93 29 28
93 28 27
93 27 26
93 26 11
93 26 25
93 25 20
93 20 12
93 20 19
93 19 13
93 19 18
93 18 17
93 17 15
93 15 14
93 17 16
93 25 24
93 24 22
93 22 21
93 24 23
93 34 33
93 33 32
94 30 16
94 16 15
94 15 10
94 10 0
94 10 9
94 9 7
94 7 2
94 2 1
94 7 6
94 6 5
94 5 3
94 5 4
94 9 8
94 15 14
94 14 13
94 13 11
94 13 12
94 30 29
94 29 26
94 26 25
94 25 18
94 18 17
94 25 24
94 24 22
94 22 21
94 21 20
94 20 19
94 24 23
94 29 28
94 28 27
95 33 31
95 31 30
95 30 8
95 8 3
95 3 2
95 2 0
95 2 1
95 8 7
95 7 5
95 5 4
95 7 6
95 30 29
95 29 17
95 17 16
95 16 9
95 16 15
95 15 10
95 15 14
95 14 13
95 13 12
95 12 11
95 29 28
95 28 19
95 19 18
95 28 27
95 27 24
95 24 23
95 23 22
95 22 20
95 22 21
95 27 26
95 26 25
95 33 32
96 30 29
96 29 26
96 26 0
96 26 25
96 25 2
96 2 1
96 25 24
96 24 3
96 24 23
96 23 5
96 5 4
96 23 22
96 22 20
96 20 17
96 17 13
96 13 6
96 13 12
96 12 7
96 12 11
96 11 8
96 11 10
96 10 9
96 17 16
96 16 15
96 15 14
96 20 19
96 19 18
96 22 21
96 29 28
96 28 27
97 31 0
97 31 30
97 30 7
97 7 1
97 7 6
97 6 5
97 5 3
97 3 2
97 5 4
97 30 29
97 29 28
97 28 13
97 13 8
97 13 12
97 12 11
97 11 9
97 11 10
97 28 27
97 27 26
97 26 25
97 25 14
97 25 24
97 24 23
97 23 22
97 22 19
97 19 18
97 18 17
97 17 16
97 16 15
97 22 21
97 21 20
98 30 28
98 28 27
98 27 2
98 2 1
98 1 0
98 27 26
98 26 25
98 25 24
98 24 19
98 19 3
98 19 18
98 18 17
98 17 15
98 15 14
98 14 6
98 6 4
98 6 5
98 14 13
98 13 12
98 12 8
98 8 7
98 12 11
98 11 9
98 11 10
98 17 16
98 24 23
98 23 21
98 21 20
98 23 22
98 30 29
99 32 30
99 30 2
99 2 0
99 2 1
99 30 29
99 29 28
99 28 6
99 6 4
99 4 3
99 6 5
99 28 27
99 27 12
99 12 11
99 11 10
99 10 8
99 8 7
99 10 9
99 27 26
99 26 18
99 18 14
99 14 13
99 18 17
99 17 16
99 16 15
99 26 25
99 25 24
99 24 21
99 21 19
99 21 20
99 24 23
99 23 22
99 32 31
100 31 30
100 30 0
100 30 29
100 29 28
100 28 4
100 4 2
100 2 1
100 4 3
100 28 27
100 27 7
100 7 5
100 7 6
100 27 26
100 26 14
100 14 13
100 13 12
100 12 11
100 11 9
100 9 8
100 11 10
100 26 25
100 25 16
100 16 15
100 25 24
100 24 17
100 24 23
100 23 20
100 20 18
100 20 19
100 23 22
100 22 21
101 32 0
101 32 31
101 31 30
101 30 26
101 26 9
101 9 2
101 2 1
101 9 8
101 8 6
101 6 3
101 6 5
101 5 4
101 8 7
101 26 25
101 25 23
101 23 22
101 22 10
101 22 21
101 21 12
101 12 11
101 21 20
101 20 15
101 15 13
101 15 14
101 20 19
101 19 16
101 19 18
101 18 17
101 25 24
101 30 29
101 29 27
101 29 28
