1 33 19
1 19 18
1 18 16
1 16 15
1 15 12
1 12 10
1 10 6
1 6 1
1 1 0
1 6 5
1 5 3
1 3 2
1 5 4
1 10 9
1 9 8
1 8 7
1 12 11
1 15 14
1 14 13
1 18 17
1 33 32
1 32 30
1 30 22
1 22 20
1 22 21
1 30 29
1 29 28
1 28 25
1 25 24
1 24 23
1 28 27
1 27 26
1 32 31
2 33 0
2 33 32
2 32 2
2 2 1
2 32 31
2 31 5
2 5 3
2 5 4
2 31 30
2 30 29
2 29 28
2 28 27
2 27 8
2 8 6
2 8 7
2 27 26
2 26 20
2 20 11
2 11 10
2 10 9
2 20 19
2 19 18
2 18 12
2 18 17
2 17 13
2 17 16
2 16 15
2 15 14
2 26 25
2 25 24
2 24 23
2 23 21
2 23 22
3 31 30
3 30 27
3 27 25
3 25 0
3 25 24
3 24 1
3 24 23
3 23 3
3 3 2
3 23 22
3 22 21
3 21 13
3 13 4
3 13 12
3 12 9
3 9 8
3 8 6
3 6 5
3 8 7
3 12 11
3 11 10
3 21 20
3 20 18
3 18 17
3 17 14
3 17 16
3 16 15
3 20 19
3 27 26
3 30 29
3 29 28
4 29 27
4 27 17
4 17 11
4 11 9
4 9 8
4 8 1
4 1 0
4 8 7
4 7 3
4 3 2
4 7 6
4 6 4
4 6 5
4 11 10
4 17 16
4 16 15
4 15 13
4 13 12
4 15 14
4 27 26
4 26 19
4 19 18
4 26 25
4 25 24
4 24 23
4 23 20
4 23 22
4 22 21
4 29 28
5 31 28
5 28 26
5 26 25
5 25 0
5 25 24
5 24 3
5 3 1
5 3 2
5 24 23
5 23 14
5 14 13
5 13 12
5 12 4
5 12 11
5 11 10
5 10 8
5 8 7
5 7 5
5 7 6
5 10 9
5 23 22
5 22 16
5 16 15
5 22 21
5 21 18
5 18 17
5 21 20
5 20 19
5 28 27
5 31 30
5 30 29
6 34 5
6 5 2
6 2 1
6 1 0
6 5 4
6 4 3
6 34 33
6 33 32
6 32 31
6 31 30
6 30 29
6 29 9
6 9 8
6 8 6
6 8 7
6 29 28
6 28 10
6 28 27
6 27 23
6 23 11
6 23 22
6 22 19
6 19 18
6 18 12
6 18 17
6 17 16
6 16 14
6 14 13
6 16 15
6 22 21
6 21 20
6 27 26
6 26 24
6 26 25
7 30 26
7 26 25
7 25 24
7 24 23
7 23 22
7 22 13
7 13 10
7 10 9
7 9 8
7 8 7
7 7 6
7 6 5
7 5 0
7 5 4
7 4 2
7 2 1
7 4 3
7 13 12
7 12 11
7 22 21
7 21 20
7 20 19
7 19 18
7 18 14
7 18 17
7 17 16
7 16 15
7 30 29
7 29 28
7 28 27
8 29 23
8 23 22
8 22 21
8 21 19
8 19 0
8 19 18
8 18 17
8 17 16
8 16 6
8 6 5
8 5 3
8 3 2
8 2 1
8 5 4
8 16 15
8 15 14
8 14 10
8 10 9
8 9 7
8 9 8
8 14 13
8 13 11
8 13 12
8 21 20
8 29 28
8 28 24
8 28 27
8 27 25
8 27 26
9 31 29
9 29 27
9 27 25
9 25 2
9 2 1
9 1 0
9 25 24
9 24 17
9 17 12
9 12 11
9 11 10
9 10 3
9 10 9
9 9 7
9 7 4
9 7 6
9 6 5
9 9 8
9 17 16
9 16 14
9 14 13
9 16 15
9 24 23
9 23 20
9 20 19
9 19 18
9 23 22
9 22 21
9 27 26
9 29 28
9 31 30
10 31 10
10 10 4
10 4 3
10 3 2
10 2 0
10 2 1
10 10 9
10 9 8
10 8 6
10 6 5
10 8 7
10 31 30
10 30 29
10 29 27
10 27 11
10 27 26
10 26 15
10 15 12
10 15 14
10 14 13
10 26 25
10 25 24
10 24 23
10 23 21
10 21 20
10 20 19
10 19 16
10 19 18
10 18 17
10 23 22
10 29 28
11 32 29
11 29 28
11 28 10
11 10 1
11 1 0
11 10 9
11 9 7
11 7 2
11 7 6
11 6 3
11 6 5
11 5 4
11 9 8
11 28 27
11 27 23
11 23 22
11 22 21
11 21 15
11 15 14
11 14 13
11 13 12
11 12 11
11 21 20
11 20 16
11 20 19
11 19 17
11 19 18
11 27 26
11 26 24
11 26 25
11 32 31
11 31 30
12 29 26
12 26 25
12 25 0
12 25 24
12 24 17
12 17 16
12 16 13
12 13 1
12 13 12
12 12 2
12 12 11
12 11 10
12 10 8
12 8 7
12 7 3
12 7 6
12 6 4
12 6 5
12 10 9
12 16 15
12 15 14
12 24 23
12 23 18
12 23 22
12 22 20
12 20 19
12 22 21
12 29 28
12 28 27
13 34 33
13 33 0
13 33 32
13 32 31
13 31 1
13 31 30
13 30 2
13 30 29
13 29 28
13 28 27
13 27 26
13 26 25
13 25 24
13 24 21
13 21 10
13 10 4
13 4 3
13 10 9
13 9 7
13 7 5
13 7 6
13 9 8
13 21 20
13 20 19
13 19 18
13 18 14
13 14 13
13 13 11
13 13 12
13 18 17
13 17 16
13 16 15
13 24 23
13 23 22
14 33 29
14 29 28
14 28 0
14 28 27
14 27 2
14 2 1
14 27 26
14 26 3
14 26 25
14 25 24
14 24 23
14 23 22
14 22 21
14 21 20
14 20 19
14 19 17
14 17 16
14 16 4
14 16 15
14 15 5
14 15 14
14 14 9
14 9 8
14 8 7
14 7 6
14 14 13
14 13 12
14 12 11
14 11 10
14 19 18
14 33 32
14 32 30
14 32 31
15 33 3
15 3 2
15 2 1
15 1 0
15 33 32
15 32 4
15 32 31
15 31 30
15 30 23
15 23 21
15 21 11
15 11 10
15 10 7
15 7 6
15 6 5
15 10 9
15 9 8
15 21 20
15 20 19
15 19 18
15 18 17
15 17 16
15 16 12
15 16 15
15 15 14
15 14 13
15 23 22
15 30 29
15 29 28
15 28 27
15 27 24
15 27 26
15 26 25
16 30 5
16 5 0
16 5 4
16 4 3
16 3 2
16 2 1
16 30 29
16 29 28
16 28 6
16 28 27
16 27 26
16 26 14
16 14 10
16 10 9
16 9 7
16 9 8
16 14 13
16 13 12
16 12 11
16 26 25
16 25 15
16 25 24
16 24 16
16 24 23
16 23 22
16 22 20
16 20 19
16 19 17
16 19 18
16 22 21
17 34 29
17 29 28
17 28 27
17 27 7
17 7 5
17 5 3
17 3 2
17 2 1
17 1 0
17 5 4
17 7 6
17 27 26
17 26 22
17 22 21
17 21 9
17 9 8
17 21 20
17 20 13
17 13 12
17 12 11
17 11 10
17 20 19
17 19 14
17 19 18
17 18 15
17 18 17
17 17 16
17 26 25
17 25 24
17 24 23
17 34 33
17 33 32
17 32 30
17 32 31
18 30 2
18 2 1
18 1 0
18 30 29
18 29 3
18 29 28
18 28 27
18 27 7
18 7 4
18 7 6
18 6 5
18 27 26
18 26 16
18 16 14
18 14 8
18 14 13
18 13 10
18 10 9
18 13 12
18 12 11
18 16 15
18 26 25
18 25 24
18 24 21
18 21 19
18 19 18
18 18 17
18 21 20
18 24 23
18 23 22
19 34 33
19 33 1
19 1 0
19 33 32
19 32 30
19 30 28
19 28 14
19 14 9
19 9 7
19 7 6
19 6 5
19 5 3
19 3 2
19 5 4
19 9 8
19 14 13
19 13 10
19 13 12
19 12 11
19 28 27
19 27 22
19 22 17
19 17 16
19 16 15
19 22 21
19 21 19
19 19 18
19 21 20
19 27 26
19 26 25
19 25 23
19 25 24
19 30 29
19 32 31
20 31 8
20 8 0
20 8 7
20 7 6
20 6 4
20 4 2
20 2 1
20 4 3
20 6 5
20 31 30
20 30 16
20 16 15
20 15 9
20 15 14
20 14 10
20 14 13
20 13 11
20 13 12
20 30 29
20 29 27
20 27 17
20 27 26
20 26 19
20 19 18
20 26 25
20 25 23
20 23 22
20 22 21
20 21 20
20 25 24
20 29 28
21 30 29
21 29 24
21 24 10
21 10 2
21 2 0
21 2 1
21 10 9
21 9 3
21 9 8
21 8 5
21 5 4
21 8 7
21 7 6
21 24 23
21 23 22
21 22 11
21 22 21
21 21 12
21 21 20
21 20 19
21 19 17
21 17 15
21 15 14
21 14 13
21 17 16
21 19 18
21 29 28
21 28 27
21 27 25
21 27 26
22 30 28
22 28 0
22 28 27
22 27 22
22 22 3
22 3 1
22 3 2
22 22 21
22 21 19
22 19 6
22 6 5
22 5 4
22 19 18
22 18 9
22 9 8
22 8 7
22 18 17
22 17 15
22 15 14
22 14 10
22 14 13
22 13 11
22 13 12
22 17 16
22 21 20
22 27 26
22 26 24
22 24 23
22 26 25
22 30 29
23 30 0
23 30 29
23 29 28
23 28 15
23 15 14
23 14 13
23 13 12
23 12 1
23 12 11
23 11 7
23 7 4
23 4 3
23 3 2
23 7 6
23 6 5
23 11 10
23 10 8
23 10 9
23 28 27
23 27 26
23 26 22
23 22 16
23 22 21
23 21 20
23 20 17
23 20 19
23 19 18
23 26 25
23 25 23
23 25 24
24 34 18
24 18 8
24 8 6
24 6 0
24 6 5
24 5 4
24 4 1
24 4 3
24 3 2
24 8 7
24 18 17
24 17 16
24 16 15
24 15 13
24 13 11
24 11 9
24 11 10
24 13 12
24 15 14
24 34 33
24 33 28
24 28 27
24 27 26
24 26 25
24 25 21
24 21 20
24 20 19
24 25 24
24 24 22
24 24 23
24 33 32
24 32 30
24 30 29
24 32 31
25 30 3
25 3 2
25 2 0
25 2 1
25 30 29
25 29 28
25 28 27
25 27 25
25 25 24
25 24 22
25 22 20
25 20 9
25 9 8
25 8 7
25 7 4
25 7 6
25 6 5
25 20 19
25 19 10
25 19 18
25 18 13
25 13 11
25 13 12
25 18 17
25 17 15
25 15 14
25 17 16
25 22 21
25 24 23
25 27 26
26 33 9
26 9 8
26 8 7
26 7 4
26 4 3
26 3 2
26 2 1
26 1 0
26 7 6
26 6 5
26 33 32
26 32 31
26 31 30
26 30 10
26 30 29
26 29 11
26 29 28
26 28 12
26 28 27
26 27 19
26 19 17
26 17 16
26 16 15
26 15 13
26 15 14
26 19 18
26 27 26
26 26 25
26 25 24
26 24 20
26 24 23
26 23 22
26 22 21
27 33 25
27 25 14
27 14 13
27 13 0
27 13 12
27 12 11
27 11 10
27 10 9
27 9 2
27 2 1
27 9 8
27 8 7
27 7 6
27 6 5
27 5 3
27 5 4
27 25 24
27 24 22
27 22 21
27 21 16
27 16 15
27 21 20
27 20 19
27 19 18
27 18 17
27 24 23
27 33 32
27 32 28
27 28 26
27 28 27
27 32 31
27 31 30
27 30 29
28 29 23
28 23 22
28 22 10
28 10 7
28 7 0
28 7 6
28 6 5
28 5 2
28 2 1
28 5 4
28 4 3
28 10 9
28 9 8
28 22 21
28 21 11
28 21 20
28 20 12
28 20 19
28 19 15
28 15 13
28 15 14
28 19 18
28 18 16
28 18 17
28 29 28
28 28 27
28 27 26
28 26 24
28 26 25
29 29 27
29 27 24
29 24 22
29 22 21
29 21 0
29 21 20
29 20 19
29 19 18
29 18 2
29 2 1
29 18 17
29 17 3
29 17 16
29 16 15
29 15 14
29 14 10
29 10 6
29 6 4
29 6 5
29 10 9
29 9 8
29 8 7
29 14 13
29 13 11
29 13 12
29 24 23
29 27 26
29 26 25
29 29 28
30 34 33
30 33 29
30 29 28
30 28 11
30 11 2
30 2 1
30 1 0
30 11 10
30 10 3
30 10 9
30 9 8
30 8 7
30 7 6
30 6 4
30 6 5
30 28 27
30 27 26
30 26 25
30 25 23
30 23 13
30 13 12
30 23 22
30 22 20
30 20 19
30 19 14
30 19 18
30 18 16
30 16 15
30 18 17
30 22 21
30 25 24
30 33 32
30 32 30
30 32 31
31 33 1
31 1 0
31 33 32
31 32 15
31 15 14
31 14 13
31 13 2
31 13 12
31 12 11
31 11 10
31 10 6
31 6 5
31 5 4
31 4 3
31 10 9
31 9 8
31 8 7
31 32 31
31 31 16
31 31 30
31 30 29
31 29 18
31 18 17
31 29 28
31 28 27
31 27 19
31 27 26
31 26 25
31 25 20
31 25 24
31 24 22
31 22 21
31 24 23
32 31 19
32 19 18
32 18 16
32 16 12
32 12 11
32 11 10
32 10 8
32 8 7
32 7 6
32 6 5
32 5 0
32 5 4
32 4 1
32 4 3
32 3 2
32 10 9
32 16 15
32 15 14
32 14 13
32 18 17
32 31 30
32 30 22
32 22 21
32 21 20
32 30 29
32 29 25
32 25 23
32 25 24
32 29 28
32 28 27
32 27 26
33 33 32
33 32 31
33 31 30
33 30 26
33 26 24
33 24 18
33 18 16
33 16 15
33 15 13
33 13 12
33 12 8
33 8 7
33 7 6
33 6 2
33 2 1
33 1 0
33 6 5
33 5 4
33 4 3
33 12 11
33 11 9
33 11 10
33 15 14
33 18 17
33 24 23
33 23 22
33 22 20
33 20 19
33 22 21
33 26 25
33 30 29
33 29 27
33 29 28
34 31 29
34 29 28
34 28 14
34 14 13
34 13 10
34 10 9
34 9 8
34 8 7
34 7 0
34 7 6
34 6 5
34 5 3
34 3 1
34 3 2
34 5 4
34 13 12
34 12 11
34 28 27
34 27 24
34 24 23
34 23 22
34 22 21
34 21 20
34 20 19
34 19 17
34 17 16
34 16 15
34 19 18
34 27 26
34 26 25
34 31 30
35 32 31
35 31 25
35 25 2
35 2 0
35 2 1
35 25 24
35 24 23
35 23 13
35 13 12
35 12 7
35 7 6
35 6 5
35 5 4
35 4 3
35 12 11
35 11 8
35 11 10
35 10 9
35 23 22
35 22 20
35 20 14
35 20 19
35 19 18
35 18 17
35 17 16
35 16 15
35 22 21
35 31 30
35 30 29
35 29 26
35 29 28
35 28 27
36 29 27
36 27 15
36 15 14
36 14 13
36 13 11
36 11 10
36 10 9
36 9 7
36 7 5
36 5 4
36 4 0
36 4 3
36 3 1
36 3 2
36 7 6
36 9 8
36 13 12
36 27 26
36 26 23
36 23 16
36 23 22
36 22 21
36 21 20
36 20 17
36 20 19
36 19 18
36 26 25
36 25 24
36 29 28
37 32 4
37 4 3
37 3 0
37 3 2
37 2 1
37 32 31
37 31 30
37 30 29
37 29 17
37 17 16
37 16 15
37 15 14
37 14 12
37 12 8
37 8 5
37 8 7
37 7 6
37 12 11
37 11 10
37 10 9
37 14 13
37 29 28
37 28 27
37 27 26
37 26 19
37 19 18
37 26 25
37 25 24
37 24 20
37 24 23
37 23 21
37 23 22
38 32 31
38 31 28
38 28 24
38 24 0
38 24 23
38 23 22
38 22 21
38 21 1
38 21 20
38 20 18
38 18 3
38 3 2
38 18 17
38 17 14
38 14 9
38 9 8
38 8 7
38 7 5
38 5 4
38 7 6
38 14 13
38 13 11
38 11 10
38 13 12
38 17 16
38 16 15
38 20 19
38 28 27
38 27 25
38 27 26
38 31 30
38 30 29
39 31 30
39 30 0
39 30 29
39 29 28
39 28 27
39 27 3
39 3 1
39 3 2
39 27 26
39 26 25
39 25 24
39 24 23
39 23 22
39 22 13
39 13 4
39 13 12
39 12 5
39 12 11
39 11 6
39 11 10
39 10 9
39 9 7
39 9 8
39 22 21
39 21 14
39 21 20
39 20 19
39 19 18
39 18 17
39 17 15
39 17 16
40 33 29
40 29 28
40 28 0
40 28 27
40 27 5
40 5 3
40 3 2
40 2 1
40 5 4
40 27 26
40 26 9
40 9 6
40 9 8
40 8 7
40 26 25
40 25 24
40 24 18
40 18 10
40 18 17
40 17 11
40 17 16
40 16 14
40 14 13
40 13 12
40 16 15
40 24 23
40 23 19
40 23 22
40 22 20
40 22 21
40 33 32
40 32 30
40 32 31
41 34 33
41 33 31
41 31 27
41 27 23
41 23 20
41 20 19
41 19 6
41 6 4
41 4 3
41 3 1
41 1 0
41 3 2
41 6 5
41 19 18
41 18 13
41 13 12
41 12 10
41 10 9
41 9 7
41 9 8
41 12 11
41 18 17
41 17 16
41 16 15
41 15 14
41 23 22
41 22 21
41 27 26
41 26 24
41 26 25
41 31 30
41 30 28
41 30 29
41 33 32
42 30 0
42 30 29
42 29 18
42 18 16
42 16 12
42 12 11
42 11 4
42 4 3
42 3 2
42 2 1
42 11 10
42 10 9
42 9 8
42 8 7
42 7 6
42 6 5
42 16 15
42 15 13
42 15 14
42 18 17
42 29 28
42 28 19
42 28 27
42 27 24
42 24 22
42 22 20
42 22 21
42 24 23
42 27 26
42 26 25
43 32 13
43 13 11
43 11 10
43 10 8
43 8 7
43 7 5
43 5 4
43 4 3
43 3 0
43 3 2
43 2 1
43 7 6
43 10 9
43 13 12
43 32 31
43 31 29
43 29 28
43 28 27
43 27 26
43 26 25
43 25 24
43 24 22
43 22 15
43 15 14
43 22 21
43 21 20
43 20 19
43 19 18
43 18 17
43 17 16
43 24 23
43 31 30
44 30 29
44 29 24
44 24 23
44 23 20
44 20 17
44 17 2
44 2 0
44 2 1
44 17 16
44 16 14
44 14 13
44 13 12
44 12 10
44 10 3
44 10 9
44 9 4
44 9 8
44 8 7
44 7 5
44 7 6
44 12 11
44 16 15
44 20 19
44 19 18
44 23 22
44 22 21
44 29 28
44 28 27
44 27 26
44 26 25
45 32 28
45 28 0
45 28 27
45 27 25
45 25 4
45 4 2
45 2 1
45 4 3
45 25 24
45 24 23
45 23 5
45 23 22
45 22 21
45 21 13
45 13 11
45 11 9
45 9 7
45 7 6
45 9 8
45 11 10
45 13 12
45 21 20
45 20 17
45 17 16
45 16 15
45 15 14
45 20 19
45 19 18
45 27 26
45 32 31
45 31 29
45 31 30
46 34 32
46 32 31
46 31 30
46 30 11
46 11 7
46 7 6
46 6 4
46 4 3
46 3 1
46 1 0
46 3 2
46 6 5
46 11 10
46 10 8
46 10 9
46 30 29
46 29 28
46 28 27
46 27 26
46 26 24
46 24 12
46 24 23
46 23 22
46 22 20
46 20 18
46 18 14
46 14 13
46 18 17
46 17 15
46 17 16
46 20 19
46 22 21
46 26 25
46 34 33
47 34 22
47 22 21
47 21 20
47 20 4
47 4 3
47 3 2
47 2 1
47 1 0
47 20 19
47 19 14
47 14 13
47 13 12
47 12 5
47 12 11
47 11 10
47 10 8
47 8 6
47 8 7
47 10 9
47 19 18
47 18 17
47 17 16
47 16 15
47 34 33
47 33 28
47 28 25
47 25 24
47 24 23
47 28 27
47 27 26
47 33 32
47 32 31
47 31 30
47 30 29
48 29 0
48 29 28
48 28 5
48 5 2
48 2 1
48 5 4
48 4 3
48 28 27
48 27 26
48 26 6
48 26 25
48 25 24
48 24 23
48 23 21
48 21 20
48 20 8
48 8 7
48 20 19
48 19 18
48 18 9
48 18 17
48 17 14
48 14 13
48 13 12
48 12 11
48 11 10
48 17 16
48 16 15
48 23 22
49 29 25
49 25 24
49 24 23
49 23 22
49 22 21
49 21 20
49 20 12
49 12 0
49 12 11
49 11 10
49 10 8
49 8 7
49 7 5
49 5 1
49 5 4
49 4 3
49 3 2
49 7 6
49 10 9
49 20 19
49 19 17
49 17 16
49 16 13
49 16 15
49 15 14
49 19 18
49 29 28
49 28 27
49 27 26
50 34 30
50 30 25
50 25 24
50 24 0
50 24 23
50 23 3
50 3 1
50 3 2
50 23 22
50 22 16
50 16 9
50 9 5
50 5 4
50 9 8
50 8 7
50 7 6
50 16 15
50 15 13
50 13 12
50 12 10
50 12 11
50 15 14
50 22 21
50 21 20
50 20 19
50 19 17
50 19 18
50 30 29
50 29 28
50 28 27
50 27 26
50 34 33
50 33 31
50 33 32
51 34 33
51 33 1
51 1 0
51 33 32
51 32 20
51 20 4
51 4 3
51 3 2
51 20 19
51 19 18
51 18 16
51 16 5
51 16 15
51 15 6
51 15 14
51 14 10
51 10 9
51 9 8
51 8 7
51 14 13
51 13 11
51 13 12
51 18 17
51 32 31
51 31 29
51 29 22
51 22 21
51 29 28
51 28 23
51 28 27
51 27 26
51 26 25
51 25 24
51 31 30
52 33 32
52 32 29
52 29 28
52 28 12
52 12 11
52 11 9
52 9 2
52 2 0
52 2 1
52 9 8
52 8 6
52 6 4
52 4 3
52 6 5
52 8 7
52 11 10
52 28 27
52 27 13
52 27 26
52 26 25
52 25 24
52 24 23
52 23 14
52 23 22
52 22 17
52 17 16
52 16 15
52 22 21
52 21 19
52 19 18
52 21 20
52 32 31
52 31 30
53 33 31
53 31 0
53 31 30
53 30 26
53 26 25
53 25 4
53 4 2
53 2 1
53 4 3
53 25 24
53 24 23
53 23 22
53 22 20
53 20 19
53 19 18
53 18 16
53 16 14
53 14 7
53 7 5
53 7 6
53 14 13
53 13 9
53 9 8
53 13 12
53 12 10
53 12 11
53 16 15
53 18 17
53 22 21
53 30 29
53 29 27
53 29 28
53 33 32
54 34 30
54 30 10
54 10 5
54 5 3
54 3 2
54 2 0
54 2 1
54 5 4
54 10 9
54 9 7
54 7 6
54 9 8
54 30 29
54 29 11
54 29 28
54 28 24
54 24 23
54 23 12
54 23 22
54 22 21
54 21 19
54 19 14
54 14 13
54 19 18
54 18 17
54 17 16
54 16 15
54 21 20
54 28 27
54 27 26
54 26 25
54 34 33
54 33 31
54 33 32
55 33 32
55 32 31
55 31 5
55 5 3
55 3 1
55 1 0
55 3 2
55 5 4
55 31 30
55 30 8
55 8 6
55 8 7
55 30 29
55 29 27
55 27 25
55 25 9
55 25 24
55 24 22
55 22 14
55 14 13
55 13 12
55 12 11
55 11 10
55 22 21
55 21 19
55 19 18
55 18 17
55 17 16
55 16 15
55 21 20
55 24 23
55 27 26
55 29 28
56 30 24
56 24 23
56 23 4
56 4 3
56 3 0
56 3 2
56 2 1
56 23 22
56 22 5
56 22 21
56 21 19
56 19 18
56 18 17
56 17 9
56 9 8
56 8 6
56 8 7
56 17 16
56 16 10
56 16 15
56 15 14
56 14 11
56 14 13
56 13 12
56 21 20
56 30 29
56 29 27
56 27 25
56 27 26
56 29 28
57 31 30
57 30 22
57 22 2
57 2 0
57 2 1
57 22 21
57 21 20
57 20 10
57 10 6
57 6 5
57 5 3
57 5 4
57 10 9
57 9 8
57 8 7
57 20 19
57 19 13
57 13 12
57 12 11
57 19 18
57 18 17
57 17 16
57 16 14
57 16 15
57 30 29
57 29 23
57 29 28
57 28 26
57 26 25
57 25 24
57 28 27
58 32 16
58 16 12
58 12 0
58 12 11
58 11 9
58 9 2
58 2 1
58 9 8
58 8 6
58 6 4
58 4 3
58 6 5
58 8 7
58 11 10
58 16 15
58 15 13
58 15 14
58 32 31
58 31 29
58 29 17
58 29 28
58 28 27
58 27 18
58 27 26
58 26 25
58 25 19
58 25 24
58 24 23
58 23 21
58 21 20
58 23 22
58 31 30
59 32 31
59 31 26
59 26 14
59 14 0
59 14 13
59 13 1
59 13 12
59 12 11
59 11 2
59 11 10
59 10 6
59 6 5
59 5 3
59 5 4
59 10 9
59 9 8
59 8 7
59 26 25
59 25 20
59 20 19
59 19 16
59 16 15
59 19 18
59 18 17
59 25 24
59 24 21
59 24 23
59 23 22
59 31 30
59 30 29
59 29 27
59 29 28
60 29 2
60 2 1
60 1 0
60 29 28
60 28 26
60 26 25
60 25 5
60 5 3
60 5 4
60 25 24
60 24 23
60 23 22
60 22 7
60 7 6
60 22 21
60 21 20
60 20 18
60 18 17
60 17 9
60 9 8
60 17 16
60 16 14
60 14 11
60 11 10
60 14 13
60 13 12
60 16 15
60 20 19
60 28 27
61 30 29
61 29 28
61 28 27
61 27 26
61 26 1
61 1 0
61 26 25
61 25 22
61 22 15
61 15 14
61 14 10
61 10 2
61 10 9
61 9 3
61 9 8
61 8 6
61 6 5
61 5 4
61 8 7
61 14 13
61 13 11
61 13 12
61 22 21
61 21 20
61 20 16
61 20 19
61 19 18
61 18 17
61 25 24
61 24 23
62 30 4
62 4 3
62 3 1
62 1 0
62 3 2
62 30 29
62 29 10
62 10 7
62 7 5
62 7 6
62 10 9
62 9 8
62 29 28
62 28 22
62 22 20
62 20 19
62 19 11
62 19 18
62 18 15
62 15 14
62 14 12
62 14 13
62 18 17
62 17 16
62 22 21
62 28 27
62 27 23
62 27 26
62 26 25
62 25 24
63 31 0
63 31 30
63 30 27
63 27 24
63 24 23
63 23 22
63 22 21
63 21 20
63 20 4
63 4 2
63 2 1
63 4 3
63 20 19
63 19 5
63 19 18
63 18 15
63 15 10
63 10 9
63 9 8
63 8 6
63 8 7
63 15 14
63 14 12
63 12 11
63 14 13
63 18 17
63 17 16
63 27 26
63 26 25
63 30 29
63 29 28
64 29 7
64 7 0
64 7 6
64 6 2
64 2 1
64 6 5
64 5 4
64 4 3
64 29 28
64 28 27
64 27 26
64 26 21
64 21 16
64 16 9
64 9 8
64 16 15
64 15 13
64 13 12
64 12 10
64 12 11
64 15 14
64 21 20
64 20 19
64 19 17
64 19 18
64 26 25
64 25 24
64 24 23
64 23 22
65 30 28
65 28 21
65 21 4
65 4 2
65 2 0
65 2 1
65 4 3
65 21 20
65 20 14
65 14 13
65 13 5
65 13 12
65 12 9
65 9 8
65 8 6
65 8 7
65 12 11
65 11 10
65 20 19
65 19 18
65 18 15
65 18 17
65 17 16
65 28 27
65 27 26
65 26 25
65 25 24
65 24 22
65 24 23
65 30 29
66 33 31
66 31 0
66 31 30
66 30 29
66 29 25
66 25 24
66 24 23
66 23 1
66 23 22
66 22 18
66 18 17
66 17 11
66 11 10
66 10 8
66 8 6
66 6 4
66 4 3
66 3 2
66 6 5
66 8 7
66 10 9
66 17 16
66 16 15
66 15 14
66 14 13
66 13 12
66 22 21
66 21 19
66 21 20
66 29 28
66 28 26
66 28 27
66 33 32
67 31 30
67 30 29
67 29 27
67 27 26
67 26 0
67 26 25
67 25 1
67 25 24
67 24 5
67 5 3
67 3 2
67 5 4
67 24 23
67 23 22
67 22 8
67 8 6
67 8 7
67 22 21
67 21 14
67 14 13
67 13 9
67 13 12
67 12 10
67 12 11
67 21 20
67 20 15
67 20 19
67 19 17
67 17 16
67 19 18
67 29 28
68 30 29
68 29 27
68 27 25
68 25 23
68 23 21
68 21 11
68 11 4
68 4 1
68 1 0
68 4 3
68 3 2
68 11 10
68 10 5
68 10 9
68 9 6
68 9 8
68 8 7
68 21 20
68 20 15
68 15 14
68 14 13
68 13 12
68 20 19
68 19 18
68 18 17
68 17 16
68 23 22
68 25 24
68 27 26
68 29 28
69 29 0
69 29 28
69 28 1
69 28 27
69 27 26
69 26 21
69 21 20
69 20 18
69 18 16
69 16 15
69 15 14
69 14 12
69 12 11
69 11 2
69 11 10
69 10 9
69 9 8
69 8 4
69 4 3
69 8 7
69 7 6
69 6 5
69 14 13
69 18 17
69 20 19
69 26 25
69 25 22
69 25 24
69 24 23
70 34 1
70 1 0
70 34 33
70 33 2
70 33 32
70 32 3
70 32 31
70 31 23
70 23 21
70 21 8
70 8 6
70 6 4
70 6 5
70 8 7
70 21 20
70 20 16
70 16 15
70 15 9
70 15 14
70 14 12
70 12 10
70 12 11
70 14 13
70 20 19
70 19 17
70 19 18
70 23 22
70 31 30
70 30 28
70 28 27
70 27 25
70 25 24
70 27 26
70 30 29
71 32 31
71 31 1
71 1 0
71 31 30
71 30 25
71 25 21
71 21 20
71 20 2
71 20 19
71 19 4
71 4 3
71 19 18
71 18 5
71 18 17
71 17 16
71 16 9
71 9 6
71 9 8
71 8 7
71 16 15
71 15 14
71 14 12
71 12 11
71 11 10
71 14 13
71 25 24
71 24 22
71 24 23
71 30 29
71 29 28
71 28 27
71 27 26
72 30 28
72 28 27
72 27 2
72 2 0
72 2 1
72 27 26
72 26 3
72 26 25
72 25 24
72 24 23
72 23 20
72 20 17
72 17 15
72 15 7
72 7 5
72 5 4
72 7 6
72 15 14
72 14 12
72 12 9
72 9 8
72 12 11
72 11 10
72 14 13
72 17 16
72 20 19
72 19 18
72 23 22
72 22 21
72 30 29
73 33 2
73 2 1
73 1 0
73 33 32
73 32 31
73 31 30
73 30 27
73 27 26
73 26 25
73 25 22
73 22 15
73 15 13
73 13 10
73 10 7
73 7 5
73 5 3
73 5 4
73 7 6
73 10 9
73 9 8
73 13 12
73 12 11
73 15 14
73 22 21
73 21 19
73 19 17
73 17 16
73 19 18
73 21 20
73 25 24
73 24 23
73 30 29
73 29 28
74 30 3
74 3 2
74 2 0
74 2 1
74 30 29
74 29 23
74 23 22
74 22 18
74 18 17
74 17 13
74 13 5
74 5 4
74 13 12
74 12 9
74 9 8
74 8 6
74 8 7
74 12 11
74 11 10
74 17 16
74 16 14
74 16 15
74 22 21
74 21 20
74 20 19
74 29 28
74 28 27
74 27 25
74 25 24
74 27 26
75 32 31
75 31 30
75 30 25
75 25 23
75 23 21
75 21 19
75 19 18
75 18 16
75 16 2
75 2 0
75 2 1
75 16 15
75 15 14
75 14 13
75 13 6
75 6 4
75 4 3
75 6 5
75 13 12
75 12 10
75 10 9
75 9 7
75 9 8
75 12 11
75 18 17
75 21 20
75 23 22
75 25 24
75 30 29
75 29 27
75 27 26
75 29 28
76 29 13
76 13 12
76 12 4
76 4 0
76 4 3
76 3 1
76 3 2
76 12 11
76 11 9
76 9 5
76 9 8
76 8 6
76 8 7
76 11 10
76 29 28
76 28 27
76 27 26
76 26 22
76 22 18
76 18 17
76 17 16
76 16 15
76 15 14
76 22 21
76 21 20
76 20 19
76 26 25
76 25 23
76 25 24
77 34 33
77 33 32
77 32 11
77 11 3
77 3 0
77 3 2
77 2 1
77 11 10
77 10 6
77 6 5
77 5 4
77 10 9
77 9 8
77 8 7
77 32 31
77 31 13
77 13 12
77 31 30
77 30 15
77 15 14
77 30 29
77 29 16
77 29 28
77 28 21
77 21 17
77 21 20
77 20 18
77 20 19
77 28 27
77 27 22
77 27 26
77 26 24
77 24 23
77 26 25
78 33 0
78 33 32
78 32 29
78 29 28
78 28 1
78 28 27
78 27 24
78 24 7
78 7 4
78 4 2
78 4 3
78 7 6
78 6 5
78 24 23
78 23 21
78 21 20
78 20 17
78 17 15
78 15 14
78 14 13
78 13 11
78 11 10
78 10 9
78 9 8
78 13 12
78 17 16
78 20 19
78 19 18
78 23 22
78 27 26
78 26 25
78 32 31
78 31 30
79 32 23
79 23 2
79 2 0
79 2 1
79 23 22
79 22 20
79 20 19
79 19 18
79 18 16
79 16 14
79 14 8
79 8 7
79 7 5
79 5 3
79 5 4
79 7 6
79 14 13
79 13 12
79 12 9
79 12 11
79 11 10
79 16 15
79 18 17
79 22 21
79 32 31
79 31 27
79 27 25
79 25 24
79 27 26
79 31 30
79 30 29
79 29 28
80 31 0
80 31 30
80 30 5
80 5 2
80 2 1
80 5 4
80 4 3
80 30 29
80 29 28
80 28 6
80 28 27
80 27 13
80 13 11
80 11 8
80 8 7
80 11 10
80 10 9
80 13 12
80 27 26
80 26 20
80 20 19
80 19 14
80 19 18
80 18 17
80 17 15
80 17 16
80 26 25
80 25 24
80 24 22
80 22 21
80 24 23
81 29 22
81 22 20
81 20 5
81 5 4
81 4 3
81 3 2
81 2 0
81 2 1
81 20 19
81 19 18
81 18 16
81 16 13
81 13 6
81 13 12
81 12 7
81 12 11
81 11 10
81 10 9
81 9 8
81 16 15
81 15 14
81 18 17
81 22 21
81 29 28
81 28 24
81 24 23
81 28 27
81 27 25
81 27 26
82 32 0
82 32 31
82 31 15
82 15 14
82 14 1
82 14 13
82 13 2
82 13 12
82 12 11
82 11 10
82 10 9
82 9 3
82 9 8
82 8 7
82 7 4
82 7 6
82 6 5
82 31 30
82 30 29
82 29 26
82 26 18
82 18 16
82 18 17
82 26 25
82 25 24
82 24 23
82 23 22
82 22 21
82 21 19
82 21 20
82 29 28
82 28 27
83 30 0
83 30 29
83 29 28
83 28 27
83 27 24
83 24 23
83 23 3
83 3 2
83 2 1
83 23 22
83 22 7
83 7 5
83 5 4
83 7 6
83 22 21
83 21 17
83 17 15
83 15 13
83 13 10
83 10 9
83 9 8
83 13 12
83 12 11
83 15 14
83 17 16
83 21 20
83 20 18
83 20 19
83 27 26
83 26 25
84 29 28
84 28 22
84 22 13
84 13 9
84 9 3
84 3 1
84 1 0
84 3 2
84 9 8
84 8 5
84 5 4
84 8 7
84 7 6
84 13 12
84 12 11
84 11 10
84 22 21
84 21 18
84 18 17
84 17 16
84 16 15
84 15 14
84 21 20
84 20 19
84 28 27
84 27 26
84 26 23
84 26 25
84 25 24
85 30 0
85 30 29
85 29 1
85 29 28
85 28 9
85 9 2
85 9 8
85 8 7
85 7 4
85 4 3
85 7 6
85 6 5
85 28 27
85 27 15
85 15 14
85 14 10
85 14 13
85 13 12
85 12 11
85 27 26
85 26 17
85 17 16
85 26 25
85 25 19
85 19 18
85 25 24
85 24 20
85 24 23
85 23 21
85 23 22
86 29 28
86 28 27
86 27 25
86 25 24
86 24 22
86 22 21
86 21 19
86 19 14
86 14 13
86 13 12
86 12 6
86 6 0
86 6 5
86 5 3
86 3 2
86 2 1
86 5 4
86 12 11
86 11 9
86 9 7
86 9 8
86 11 10
86 19 18
86 18 17
86 17 16
86 16 15
86 21 20
86 24 23
86 27 26
87 32 31
87 31 0
87 31 30
87 30 7
87 7 1
87 7 6
87 6 4
87 4 3
87 3 2
87 6 5
87 30 29
87 29 18
87 18 8
87 18 17
87 17 11
87 11 9
87 11 10
87 17 16
87 16 13
87 13 12
87 16 15
87 15 14
87 29 28
87 28 27
87 27 25
87 25 24
87 24 19
87 24 23
87 23 20
87 23 22
87 22 21
87 27 26
88 34 33
88 33 31
88 31 29
88 29 28
88 28 1
88 1 0
88 28 27
88 27 2
88 27 26
88 26 4
88 4 3
88 26 25
88 25 6
88 6 5
88 25 24
88 24 8
88 8 7
88 24 23
88 23 9
88 23 22
88 22 10
88 22 21
88 21 11
88 21 20
88 20 19
88 19 13
88 13 12
88 19 18
88 18 15
88 15 14
88 18 17
88 17 16
88 31 30
88 33 32
89 33 0
89 33 32
89 32 3
89 3 2
89 2 1
89 32 31
89 31 26
89 26 22
89 22 5
89 5 4
89 22 21
89 21 15
89 15 8
89 8 7
89 7 6
89 15 14
89 14 9
89 14 13
89 13 12
89 12 10
89 12 11
89 21 20
89 20 17
89 17 16
89 20 19
89 19 18
89 26 25
89 25 23
89 25 24
89 31 30
89 30 29
89 29 28
89 28 27
90 33 32
90 32 1
90 1 0
90 32 31
90 31 2
90 31 30
90 30 28
90 28 13
90 13 11
90 11 5
90 5 3
90 5 4
90 11 10
90 10 8
90 8 6
90 8 7
90 10 9
90 13 12
90 28 27
90 27 23
90 23 22
90 22 15
90 15 14
90 22 21
90 21 20
90 20 18
90 18 17
90 17 16
90 20 19
90 27 26
90 26 24
90 26 25
90 30 29
91 33 4
91 4 3
91 3 1
91 1 0
91 3 2
91 33 32
91 32 9
91 9 6
91 6 5
91 9 8
91 8 7
91 32 31
91 31 16
91 16 15
91 15 14
91 14 12
91 12 10
91 12 11
91 14 13
91 31 30
91 30 25
91 25 23
91 23 19
91 19 17
91 19 18
91 23 22
91 22 20
91 22 21
91 25 24
91 30 29
91 29 26
91 29 28
91 28 27
92 31 30
92 30 29
92 29 2
92 2 1
92 1 0
92 29 28
92 28 27
92 27 5
92 5 3
92 5 4
92 27 26
92 26 6
92 26 25
92 25 24
92 24 23
92 23 13
92 13 11
92 11 10
92 10 9
92 9 7
92 9 8
92 13 12
92 23 22
92 22 16
92 16 15
92 15 14
92 22 21
92 21 19
92 19 18
92 18 17
92 21 20
93 29 28
93 28 26
93 26 4
93 4 3
93 3 2
93 2 0
93 2 1
93 26 25
93 25 24
93 24 23
93 23 22
93 22 20
93 20 6
93 6 5
93 20 19
93 19 10
93 10 8
93 8 7
93 10 9
93 19 18
93 18 17
93 17 15
93 15 11
93 15 14
93 14 13
93 13 12
93 17 16
93 22 21
93 28 27
94 31 0
94 31 30
94 30 28
94 28 20
94 20 4
94 4 1
94 4 3
94 3 2
94 20 19
94 19 18
94 18 17
94 17 7
94 7 6
94 6 5
94 17 16
94 16 15
94 15 10
94 10 9
94 9 8
94 15 14
94 14 13
94 13 12
94 12 11
94 28 27
94 27 25
94 25 24
94 24 22
94 22 21
94 24 23
94 27 26
94 30 29
95 31 12
95 12 11
95 11 9
95 9 8
95 8 7
95 7 6
95 6 5
95 5 1
95 1 0
95 5 4
95 4 2
95 4 3
95 11 10
95 31 30
95 30 13
95 30 29
95 29 23
95 23 22
95 22 14
95 22 21
95 21 19
95 19 15
95 19 18
95 18 16
95 18 17
95 21 20
95 29 28
95 28 27
95 27 26
95 26 24
95 26 25
96 30 29
96 29 19
96 19 18
96 18 16
96 16 14
96 14 6
96 6 5
96 5 0
96 5 4
96 4 1
96 4 3
96 3 2
96 14 13
96 13 7
96 13 12
96 12 10
96 10 9
96 9 8
96 12 11
96 16 15
96 18 17
96 29 28
96 28 26
96 26 25
96 25 23
96 23 21
96 21 20
96 23 22
96 25 24
96 28 27
97 29 28
97 28 27
97 27 7
97 7 5
97 5 0
97 5 4
97 4 1
97 4 3
97 3 2
97 7 6
97 27 26
97 26 23
97 23 22
97 22 8
97 22 21
97 21 18
97 18 9
97 18 17
97 17 16
97 16 10
97 16 15
97 15 14
97 14 12
97 12 11
97 14 13
97 21 20
97 20 19
97 26 25
97 25 24
98 33 20
98 20 18
98 18 4
98 4 1
98 1 0
98 4 3
98 3 2
98 18 17
98 17 12
98 12 11
98 11 10
98 10 8
98 8 5
98 8 7
98 7 6
98 10 9
98 17 16
98 16 15
98 15 14
98 14 13
98 20 19
98 33 32
98 32 27
98 27 23
98 23 21
98 23 22
98 27 26
98 26 25
98 25 24
98 32 31
98 31 30
98 30 28
98 30 29
99 33 32
99 32 31
99 31 30
99 30 27
99 27 6
99 6 4
99 4 3
99 3 1
99 1 0
99 3 2
99 6 5
99 27 26
99 26 25
99 25 22
99 22 19
99 19 17
99 17 14
99 14 8
99 8 7
99 14 13
99 13 12
99 12 11
99 11 10
99 10 9
99 17 16
99 16 15
99 19 18
99 22 21
99 21 20
99 25 24
99 24 23
99 30 29
99 29 28
100 31 25
100 25 1
100 1 0
100 25 24
100 24 23
100 23 22
100 22 10
100 10 9
100 9 3
100 3 2
100 9 8
100 8 5
100 5 4
100 8 7
100 7 6
100 22 21
100 21 14
100 14 13
100 13 12
100 12 11
100 21 20
100 20 18
100 18 16
100 16 15
100 18 17
100 20 19
100 31 30
100 30 29
100 29 28
100 28 27
100 27 26
101 30 29
101 29 1
101 1 0
101 29 28
101 28 6
101 6 5
101 5 4
101 4 3
101 3 2
101 28 27
101 27 26
101 26 23
101 23 7
101 23 22
101 22 21
101 21 8
101 21 20
101 20 17
101 17 16
101 16 12
101 12 11
101 11 9
101 11 10
101 16 15
101 15 14
101 14 13
101 20 19
101 19 18
101 26 25
101 25 24
