1 30 28
1 28 0
1 28 27
1 27 26
1 26 25
1 25 23
1 23 2
1 2 1
1 23 22
1 22 11
1 11 10
1 10 3
1 10 9
1 9 8
1 8 7
1 7 6
1 6 4
1 6 5
1 22 21
1 21 20
1 20 12
1 20 19
1 19 17
1 17 16
1 16 15
1 15 14
1 14 13
1 19 18
1 25 24
1 30 29
2 29 28
2 28 2
2 2 1
2 1 0
2 28 27
2 27 9
2 9 8
2 8 7
2 7 6
2 6 3
2 6 5
2 5 4
2 27 26
2 26 25
2 25 24
2 24 21
2 21 20
2 20 10
2 20 19
2 19 18
2 18 17
2 17 15
2 15 11
2 15 14
2 14 12
2 14 13
2 17 16
2 24 23
2 23 22
3 30 0
3 30 29
3 29 27
3 27 25
3 25 2
3 2 1
3 25 24
3 24 3
3 24 23
3 23 22
3 22 19
3 19 4
3 19 18
3 18 17
3 17 14
3 14 5
3 14 13
3 13 6
3 13 12
3 12 7
3 12 11
3 11 9
3 9 8
3 11 10
3 17 16
3 16 15
3 22 21
3 21 20
3 27 26
3 29 28
4 30 29
4 29 28
4 28 26
4 26 16
4 16 15
4 15 14
4 14 0
4 14 13
4 13 12
4 12 1
4 12 11
4 11 10
4 10 2
4 10 9
4 9 8
4 8 3
4 8 7
4 7 6
4 6 4
4 6 5
4 26 25
4 25 17
4 25 24
4 24 23
4 23 19
4 19 18
4 23 22
4 22 21
4 21 20
4 28 27
5 32 31
5 31 1
5 1 0
5 31 30
5 30 3
5 3 2
5 30 29
5 29 23
5 23 22
5 22 4
5 22 21
5 21 19
5 19 12
5 12 10
5 10 7
5 7 6
5 6 5
5 10 9
5 9 8
5 12 11
5 19 18
5 18 16
5 16 13
5 16 15
5 15 14
5 18 17
5 21 20
5 29 28
5 28 27
5 27 25
5 25 24
5 27 26
6 34 33
6 33 32
6 32 31
6 31 30
6 30 29
6 29 10
6 10 2
6 2 1
6 1 0
6 10 9
6 9 8
6 8 5
6 5 4
6 4 3
6 8 7
6 7 6
6 29 28
6 28 27
6 27 23
6 23 16
6 16 14
6 14 11
6 14 13
6 13 12
6 16 15
6 23 22
6 22 21
6 21 17
6 21 20
6 20 19
6 19 18
6 27 26
6 26 24
6 26 25
7 30 28
7 28 21
7 21 18
7 18 17
7 17 0
7 17 16
7 16 14
7 14 13
7 13 3
7 3 1
7 3 2
7 13 12
7 12 11
7 11 6
7 6 5
7 5 4
7 11 10
7 10 7
7 10 9
7 9 8
7 16 15
7 21 20
7 20 19
7 28 27
7 27 26
7 26 22
7 26 25
7 25 24
7 24 23
7 30 29
8 30 29
8 29 28
8 28 27
8 27 18
8 18 13
8 13 12
8 12 9
8 9 1
8 1 0
8 9 8
8 8 7
8 7 4
8 4 3
8 3 2
8 7 6
8 6 5
8 12 11
8 11 10
8 18 17
8 17 15
8 15 14
8 17 16
8 27 26
8 26 25
8 25 24
8 24 21
8 21 19
8 21 20
8 24 23
8 23 22
9 31 28
9 28 3
9 3 1
9 1 0
9 3 2
9 28 27
9 27 8
9 8 4
9 8 7
9 7 6
9 6 5
9 27 26
9 26 25
9 25 24
9 24 9
9 24 23
9 23 22
9 22 10
9 22 21
9 21 20
9 20 15
9 15 13
9 13 12
9 12 11
9 15 14
9 20 19
9 19 18
9 18 16
9 18 17
9 31 30
9 30 29
10 34 4
10 4 3
10 3 1
10 1 0
10 3 2
10 34 33
10 33 6
10 6 5
10 33 32
10 32 31
10 31 29
10 29 8
10 8 7
10 29 28
10 28 27
10 27 25
10 25 11
10 11 9
10 11 10
10 25 24
10 24 22
10 22 21
10 21 20
10 20 18
10 18 13
10 13 12
10 18 17
10 17 16
10 16 14
10 16 15
10 20 19
10 24 23
10 27 26
10 31 30
11 32 30
11 30 29
11 29 1
11 1 0
11 29 28
11 28 27
11 27 26
11 26 21
11 21 19
11 19 3
11 3 2
11 19 18
11 18 17
11 17 16
11 16 15
11 15 14
11 14 6
11 6 5
11 5 4
11 14 13
11 13 12
11 12 11
11 11 10
11 10 9
11 9 8
11 8 7
11 21 20
11 26 25
11 25 23
11 23 22
11 25 24
11 32 31
12 33 32
12 32 30
12 30 28
12 28 0
12 28 27
12 27 23
12 23 11
12 11 2
12 2 1
12 11 10
12 10 9
12 9 3
12 9 8
12 8 7
12 7 6
12 6 4
12 6 5
12 23 22
12 22 21
12 21 12
12 21 20
12 20 19
12 19 18
12 18 14
12 14 13
12 18 17
12 17 16
12 16 15
12 27 26
12 26 25
12 25 24
12 30 29
12 32 31
13 31 0
13 31 30
13 30 29
13 29 28
13 28 27
13 27 25
13 25 2
13 2 1
13 25 24
13 24 8
13 8 3
13 8 7
13 7 6
13 6 5
13 5 4
13 24 23
13 23 9
13 23 22
13 22 10
13 22 21
13 21 20
13 20 11
13 20 19
13 19 18
13 18 16
13 16 14
13 14 13
13 13 12
13 16 15
13 18 17
13 27 26
14 29 27
14 27 21
14 21 20
14 20 0
14 20 19
14 19 18
14 18 15
14 15 9
14 9 7
14 7 5
14 5 2
14 2 1
14 5 4
14 4 3
14 7 6
14 9 8
14 15 14
14 14 13
14 13 12
14 12 11
14 11 10
14 18 17
14 17 16
14 27 26
14 26 22
14 26 25
14 25 24
14 24 23
14 29 28
15 30 29
15 29 13
15 13 11
15 11 1
15 1 0
15 11 10
15 10 2
15 10 9
15 9 6
15 6 3
15 6 5
15 5 4
15 9 8
15 8 7
15 13 12
15 29 28
15 28 27
15 27 14
15 27 26
15 26 25
15 25 15
15 25 24
15 24 23
15 23 16
15 23 22
15 22 20
15 20 17
15 20 19
15 19 18
15 22 21
16 31 27
16 27 26
16 26 25
16 25 1
16 1 0
16 25 24
16 24 19
16 19 18
16 18 15
16 15 14
16 14 2
16 14 13
16 13 3
16 13 12
16 12 11
16 11 4
16 11 10
16 10 9
16 9 8
16 8 7
16 7 6
16 6 5
16 18 17
16 17 16
16 24 23
16 23 21
16 21 20
16 23 22
16 31 30
16 30 29
16 29 28
17 32 31
17 31 0
17 31 30
17 30 1
17 30 29
17 29 2
17 29 28
17 28 3
17 28 27
17 27 26
17 26 25
17 25 16
17 16 12
17 12 11
17 11 10
17 10 9
17 9 8
17 8 7
17 7 6
17 6 5
17 5 4
17 16 15
17 15 14
17 14 13
17 25 24
17 24 21
17 21 17
17 21 20
17 20 19
17 19 18
17 24 23
17 23 22
18 32 31
18 31 2
18 2 1
18 1 0
18 31 30
18 30 3
18 30 29
18 29 27
18 27 22
18 22 21
18 21 13
18 13 12
18 12 11
18 11 10
18 10 5
18 5 4
18 10 9
18 9 8
18 8 6
18 8 7
18 21 20
18 20 19
18 19 18
18 18 17
18 17 15
18 15 14
18 17 16
18 27 26
18 26 25
18 25 24
18 24 23
18 29 28
19 30 17
19 17 15
19 15 2
19 2 1
19 1 0
19 15 14
19 14 8
19 8 3
19 8 7
19 7 4
19 7 6
19 6 5
19 14 13
19 13 10
19 10 9
19 13 12
19 12 11
19 17 16
19 30 29
19 29 24
19 24 22
19 22 21
19 21 20
19 20 19
19 19 18
19 24 23
19 29 28
19 28 27
19 27 26
19 26 25
20 34 10
20 10 8
20 8 7
20 7 5
20 5 4
20 4 2
20 2 1
20 1 0
20 4 3
20 7 6
20 10 9
20 34 33
20 33 32
20 32 31
20 31 30
20 30 28
20 28 27
20 27 25
20 25 24
20 24 23
20 23 22
20 22 20
20 20 19
20 19 18
20 18 16
20 16 13
20 13 12
20 12 11
20 16 15
20 15 14
20 18 17
20 22 21
20 27 26
20 30 29
21 32 2
21 2 0
21 2 1
21 32 31
21 31 30
21 30 29
21 29 3
21 29 28
21 28 24
21 24 23
21 23 6
21 6 4
21 6 5
21 23 22
21 22 21
21 21 20
21 20 8
21 8 7
21 20 19
21 19 11
21 11 9
21 11 10
21 19 18
21 18 15
21 15 14
21 14 12
21 14 13
21 18 17
21 17 16
21 28 27
21 27 26
21 26 25
22 30 27
22 27 4
22 4 3
22 3 1
22 1 0
22 3 2
22 27 26
22 26 20
22 20 19
22 19 18
22 18 5
22 18 17
22 17 9
22 9 8
22 8 6
22 8 7
22 17 16
22 16 15
22 15 10
22 15 14
22 14 12
22 12 11
22 14 13
22 26 25
22 25 23
22 23 21
22 23 22
22 25 24
22 30 29
22 29 28
23 34 31
23 31 9
23 9 8
23 8 7
23 7 6
23 6 4
23 4 1
23 1 0
23 4 3
23 3 2
23 6 5
23 31 30
23 30 28
23 28 27
23 27 24
23 24 15
23 15 14
23 14 10
23 14 13
23 13 12
23 12 11
23 24 23
23 23 22
23 22 19
23 19 17
23 17 16
23 19 18
23 22 21
23 21 20
23 27 26
23 26 25
23 30 29
23 34 33
23 33 32
24 34 8
24 8 5
24 5 3
24 3 1
24 1 0
24 3 2
24 5 4
24 8 7
24 7 6
24 34 33
24 33 31
24 31 11
24 11 9
24 11 10
24 31 30
24 30 29
24 29 28
24 28 19
24 19 16
24 16 13
24 13 12
24 16 15
24 15 14
24 19 18
24 18 17
24 28 27
24 27 20
24 27 26
24 26 25
24 25 21
24 25 24
24 24 23
24 23 22
24 33 32
25 33 26
25 26 25
25 25 24
25 24 20
25 20 19
25 19 1
25 1 0
25 19 18
25 18 8
25 8 7
25 7 3
25 3 2
25 7 6
25 6 4
25 6 5
25 18 17
25 17 10
25 10 9
25 17 16
25 16 11
25 16 15
25 15 13
25 13 12
25 15 14
25 24 23
25 23 22
25 22 21
25 33 32
25 32 30
25 30 27
25 30 29
25 29 28
25 32 31
26 33 32
26 32 0
26 32 31
26 31 1
26 31 30
26 30 7
26 7 6
26 6 2
26 6 5
26 5 4
26 4 3
26 30 29
26 29 18
26 18 17
26 17 8
26 17 16
26 16 14
26 14 13
26 13 12
26 12 10
26 10 9
26 12 11
26 16 15
26 29 28
26 28 23
26 23 22
26 22 21
26 21 19
26 21 20
26 28 27
26 27 25
26 25 24
26 27 26
27 30 23
27 23 15
27 15 5
27 5 1
27 1 0
27 5 4
27 4 2
27 4 3
27 15 14
27 14 8
27 8 6
27 8 7
27 14 13
27 13 12
27 12 10
27 10 9
27 12 11
27 23 22
27 22 16
27 22 21
27 21 19
27 19 17
27 19 18
27 21 20
27 30 29
27 29 28
27 28 27
27 27 26
27 26 24
27 26 25
28 29 17
28 17 14
28 14 12
28 12 10
28 10 4
28 4 3
28 3 2
28 2 0
28 2 1
28 10 9
28 9 7
28 7 6
28 6 5
28 9 8
28 12 11
28 14 13
28 17 16
28 16 15
28 29 28
28 28 27
28 27 18
28 27 26
28 26 20
28 20 19
28 26 25
28 25 21
28 25 24
28 24 22
28 24 23
29 29 0
29 29 28
29 28 27
29 27 14
29 14 5
29 5 4
29 4 3
29 3 2
29 2 1
29 14 13
29 13 12
29 12 11
29 11 10
29 10 8
29 8 7
29 7 6
29 10 9
29 27 26
29 26 25
29 25 24
29 24 22
29 22 20
29 20 15
29 20 19
29 19 18
29 18 17
29 17 16
29 22 21
29 24 23
30 29 1
30 1 0
30 29 28
30 28 17
30 17 3
30 3 2
30 17 16
30 16 4
30 16 15
30 15 14
30 14 7
30 7 6
30 6 5
30 14 13
30 13 11
30 11 8
30 11 10
30 10 9
30 13 12
30 28 27
30 27 26
30 26 18
30 26 25
30 25 22
30 22 21
30 21 20
30 20 19
30 25 24
30 24 23
31 32 31
31 31 24
31 24 16
31 16 15
31 15 11
31 11 9
31 9 5
31 5 4
31 4 0
31 4 3
31 3 1
31 3 2
31 9 8
31 8 6
31 8 7
31 11 10
31 15 14
31 14 13
31 13 12
31 24 23
31 23 21
31 21 20
31 20 17
31 20 19
31 19 18
31 23 22
31 31 30
31 30 28
31 28 27
31 27 26
31 26 25
31 30 29
32 31 9
32 9 0
32 9 8
32 8 7
32 7 6
32 6 1
32 6 5
32 5 4
32 4 2
32 4 3
32 31 30
32 30 28
32 28 19
32 19 15
32 15 14
32 14 10
32 14 13
32 13 11
32 13 12
32 19 18
32 18 17
32 17 16
32 28 27
32 27 25
32 25 24
32 24 23
32 23 22
32 22 21
32 21 20
32 27 26
32 30 29
33 29 28
33 28 27
33 27 23
33 23 18
33 18 17
33 17 4
33 4 2
33 2 1
33 1 0
33 4 3
33 17 16
33 16 5
33 16 15
33 15 11
33 11 8
33 8 6
33 8 7
33 11 10
33 10 9
33 15 14
33 14 12
33 14 13
33 23 22
33 22 19
33 22 21
33 21 20
33 27 26
33 26 24
33 26 25
34 31 19
34 19 17
34 17 16
34 16 14
34 14 12
34 12 11
34 11 10
34 10 6
34 6 0
34 6 5
34 5 1
34 5 4
34 4 3
34 3 2
34 10 9
34 9 8
34 8 7
34 14 13
34 16 15
34 19 18
34 31 30
34 30 28
34 28 24
34 24 22
34 22 21
34 21 20
34 24 23
34 28 27
34 27 25
34 27 26
34 30 29
35 29 26
35 26 4
35 4 1
35 1 0
35 4 3
35 3 2
35 26 25
35 25 15
35 15 14
35 14 13
35 13 5
35 13 12
35 12 6
35 12 11
35 11 10
35 10 7
35 10 9
35 9 8
35 25 24
35 24 22
35 22 19
35 19 16
35 19 18
35 18 17
35 22 21
35 21 20
35 24 23
35 29 28
35 28 27
36 31 30
36 30 5
36 5 4
36 4 3
36 3 0
36 3 2
36 2 1
36 30 29
36 29 27
36 27 26
36 26 23
36 23 22
36 22 18
36 18 7
36 7 6
36 18 17
36 17 8
36 17 16
36 16 10
36 10 9
36 16 15
36 15 11
36 15 14
36 14 12
36 14 13
36 22 21
36 21 19
36 21 20
36 26 25
36 25 24
36 29 28
37 30 6
37 6 5
37 5 4
37 4 3
37 3 0
37 3 2
37 2 1
37 30 29
37 29 28
37 28 10
37 10 9
37 9 8
37 8 7
37 28 27
37 27 26
37 26 24
37 24 23
37 23 16
37 16 15
37 15 14
37 14 13
37 13 12
37 12 11
37 23 22
37 22 17
37 22 21
37 21 18
37 21 20
37 20 19
37 26 25
38 31 0
38 31 30
38 30 14
38 14 13
38 13 11
38 11 10
38 10 8
38 8 7
38 7 6
38 6 5
38 5 4
38 4 3
38 3 1
38 3 2
38 10 9
38 13 12
38 30 29
38 29 28
38 28 27
38 27 18
38 18 15
38 18 17
38 17 16
38 27 26
38 26 24
38 24 19
38 24 23
38 23 21
38 21 20
38 23 22
38 26 25
39 30 9
39 9 0
39 9 8
39 8 6
39 6 1
39 6 5
39 5 4
39 4 3
39 3 2
39 8 7
39 30 29
39 29 26
39 26 23
39 23 22
39 22 21
39 21 20
39 20 19
39 19 18
39 18 11
39 11 10
39 18 17
39 17 16
39 16 12
39 16 15
39 15 14
39 14 13
39 26 25
39 25 24
39 29 28
39 28 27
40 30 29
40 29 25
40 25 0
40 25 24
40 24 23
40 23 22
40 22 21
40 21 20
40 20 18
40 18 2
40 2 1
40 18 17
40 17 15
40 15 3
40 15 14
40 14 13
40 13 12
40 12 7
40 7 6
40 6 5
40 5 4
40 12 11
40 11 10
40 10 8
40 10 9
40 17 16
40 20 19
40 29 28
40 28 27
40 27 26
41 31 1
41 1 0
41 31 30
41 30 27
41 27 20
41 20 19
41 19 3
41 3 2
41 19 18
41 18 5
41 5 4
41 18 17
41 17 15
41 15 14
41 14 9
41 9 8
41 8 6
41 8 7
41 14 13
41 13 12
41 12 11
41 11 10
41 17 16
41 27 26
41 26 21
41 26 25
41 25 24
41 24 23
41 23 22
41 30 29
41 29 28
42 30 27
42 27 26
42 26 0
42 26 25
42 25 24
42 24 22
42 22 4
42 4 1
42 4 3
42 3 2
42 22 21
42 21 5
42 21 20
42 20 18
42 18 16
42 16 12
42 12 10
42 10 8
42 8 7
42 7 6
42 10 9
42 12 11
42 16 15
42 15 14
42 14 13
42 18 17
42 20 19
42 24 23
42 30 29
42 29 28
43 31 30
43 30 28
43 28 5
43 5 0
43 5 4
43 4 3
43 3 2
43 2 1
43 28 27
43 27 23
43 23 11
43 11 9
43 9 7
43 7 6
43 9 8
43 11 10
43 23 22
43 22 21
43 21 13
43 13 12
43 21 20
43 20 14
43 20 19
43 19 17
43 17 15
43 17 16
43 19 18
43 27 26
43 26 24
43 26 25
43 30 29
44 31 0
44 31 30
44 30 29
44 29 26
44 26 16
44 16 1
44 16 15
44 15 2
44 15 14
44 14 10
44 10 8
44 8 5
44 5 4
44 4 3
44 8 7
44 7 6
44 10 9
44 14 13
44 13 11
44 13 12
44 26 25
44 25 17
44 25 24
44 24 18
44 24 23
44 23 19
44 23 22
44 22 20
44 22 21
44 29 28
44 28 27
45 33 31
45 31 26
45 26 3
45 3 2
45 2 0
45 2 1
45 26 25
45 25 7
45 7 5
45 5 4
45 7 6
45 25 24
45 24 23
45 23 22
45 22 20
45 20 16
45 16 15
45 15 13
45 13 11
45 11 10
45 10 9
45 9 8
45 13 12
45 15 14
45 20 19
45 19 18
45 18 17
45 22 21
45 31 30
45 30 29
45 29 28
45 28 27
45 33 32
46 32 30
46 30 29
46 29 28
46 28 0
46 28 27
46 27 6
46 6 4
46 4 3
46 3 1
46 3 2
46 6 5
46 27 26
46 26 23
46 23 21
46 21 14
46 14 13
46 13 12
46 12 7
46 12 11
46 11 9
46 9 8
46 11 10
46 21 20
46 20 19
46 19 17
46 17 15
46 17 16
46 19 18
46 23 22
46 26 25
46 25 24
46 32 31
47 29 28
47 28 26
47 26 8
47 8 1
47 1 0
47 8 7
47 7 2
47 7 6
47 6 3
47 6 5
47 5 4
47 26 25
47 25 22
47 22 20
47 20 18
47 18 10
47 10 9
47 18 17
47 17 14
47 14 13
47 13 11
47 13 12
47 17 16
47 16 15
47 20 19
47 22 21
47 25 24
47 24 23
47 28 27
48 32 31
48 31 2
48 2 1
48 1 0
48 31 30
48 30 3
48 30 29
48 29 21
48 21 5
48 5 4
48 21 20
48 20 19
48 19 18
48 18 6
48 18 17
48 17 16
48 16 14
48 14 13
48 13 12
48 12 11
48 11 10
48 10 9
48 9 7
48 9 8
48 16 15
48 29 28
48 28 27
48 27 26
48 26 25
48 25 22
48 25 24
48 24 23
49 32 31
49 31 30
49 30 2
49 2 1
49 1 0
49 30 29
49 29 4
49 4 3
49 29 28
49 28 16
49 16 15
49 15 13
49 13 11
49 11 5
49 11 10
49 10 8
49 8 6
49 8 7
49 10 9
49 13 12
49 15 14
49 28 27
49 27 26
49 26 25
49 25 23
49 23 20
49 20 17
49 20 19
49 19 18
49 23 22
49 22 21
49 25 24
50 31 30
50 30 0
50 30 29
50 29 26
50 26 17
50 17 3
50 3 1
50 3 2
50 17 16
50 16 15
50 15 14
50 14 13
50 13 4
50 13 12
50 12 6
50 6 5
50 12 11
50 11 9
50 9 8
50 8 7
50 11 10
50 26 25
50 25 18
50 25 24
50 24 19
50 24 23
50 23 21
50 21 20
50 23 22
50 29 28
50 28 27
51 34 32
51 32 31
51 31 30
51 30 28
51 28 8
51 8 1
51 1 0
51 8 7
51 7 6
51 6 5
51 5 2
51 5 4
51 4 3
51 28 27
51 27 25
51 25 21
51 21 20
51 20 10
51 10 9
51 20 19
51 19 14
51 14 12
51 12 11
51 14 13
51 19 18
51 18 17
51 17 15
51 17 16
51 25 24
51 24 22
51 24 23
51 27 26
51 30 29
51 34 33
52 32 31
52 31 2
52 2 1
52 1 0
52 31 30
52 30 18
52 18 17
52 17 3
52 17 16
52 16 4
52 16 15
52 15 13
52 13 11
52 11 10
52 10 9
52 9 8
52 8 7
52 7 5
52 7 6
52 13 12
52 15 14
52 30 29
52 29 27
52 27 20
52 20 19
52 27 26
52 26 24
52 24 22
52 22 21
52 24 23
52 26 25
52 29 28
53 29 1
53 1 0
53 29 28
53 28 18
53 18 6
53 6 5
53 5 4
53 4 2
53 4 3
53 18 17
53 17 8
53 8 7
53 17 16
53 16 15
53 15 13
53 13 12
53 12 11
53 11 10
53 10 9
53 15 14
53 28 27
53 27 25
53 25 24
53 24 21
53 21 19
53 21 20
53 24 23
53 23 22
53 27 26
54 31 0
54 31 30
54 30 29
54 29 28
54 28 26
54 26 25
54 25 24
54 24 23
54 23 16
54 16 15
54 15 1
54 15 14
54 14 13
54 13 12
54 12 8
54 8 7
54 7 2
54 7 6
54 6 5
54 5 4
54 4 3
54 12 11
54 11 10
54 10 9
54 23 22
54 22 21
54 21 19
54 19 17
54 19 18
54 21 20
54 28 27
55 30 29
55 29 28
55 28 0
55 28 27
55 27 26
55 26 25
55 25 16
55 16 15
55 15 13
55 13 12
55 12 1
55 12 11
55 11 10
55 10 8
55 8 7
55 7 6
55 6 4
55 4 3
55 3 2
55 6 5
55 10 9
55 15 14
55 25 24
55 24 17
55 24 23
55 23 18
55 23 22
55 22 19
55 22 21
55 21 20
56 29 25
56 25 24
56 24 21
56 21 0
56 21 20
56 20 19
56 19 18
56 18 2
56 2 1
56 18 17
56 17 15
56 15 11
56 11 9
56 9 8
56 8 5
56 5 4
56 4 3
56 8 7
56 7 6
56 11 10
56 15 14
56 14 12
56 14 13
56 17 16
56 24 23
56 23 22
56 29 28
56 28 27
56 27 26
57 30 11
57 11 2
57 2 1
57 1 0
57 11 10
57 10 9
57 9 5
57 5 3
57 5 4
57 9 8
57 8 7
57 7 6
57 30 29
57 29 20
57 20 19
57 19 17
57 17 16
57 16 15
57 15 12
57 15 14
57 14 13
57 19 18
57 29 28
57 28 21
57 28 27
57 27 24
57 24 22
57 24 23
57 27 26
57 26 25
58 33 32
58 32 8
58 8 7
58 7 5
58 5 4
58 4 2
58 2 1
58 1 0
58 4 3
58 7 6
58 32 31
58 31 9
58 31 30
58 30 10
58 30 29
58 29 23
58 23 12
58 12 11
58 23 22
58 22 21
58 21 18
58 18 13
58 18 17
58 17 14
58 17 16
58 16 15
58 21 20
58 20 19
58 29 28
58 28 27
58 27 26
58 26 25
58 25 24
59 31 30
59 30 28
59 28 27
59 27 16
59 16 14
59 14 13
59 13 9
59 9 2
59 2 0
59 2 1
59 9 8
59 8 6
59 6 3
59 6 5
59 5 4
59 8 7
59 13 12
59 12 11
59 11 10
59 16 15
59 27 26
59 26 25
59 25 24
59 24 21
59 21 18
59 18 17
59 21 20
59 20 19
59 24 23
59 23 22
59 30 29
60 33 1
60 1 0
60 33 32
60 32 3
60 3 2
60 32 31
60 31 30
60 30 8
60 8 4
60 8 7
60 7 5
60 7 6
60 30 29
60 29 9
60 29 28
60 28 13
60 13 11
60 11 10
60 13 12
60 28 27
60 27 18
60 18 15
60 15 14
60 18 17
60 17 16
60 27 26
60 26 21
60 21 19
60 21 20
60 26 25
60 25 24
60 24 23
60 23 22
61 31 30
61 30 29
61 29 2
61 2 0
61 2 1
61 29 28
61 28 27
61 27 21
61 21 18
61 18 17
61 17 16
61 16 3
61 16 15
61 15 14
61 14 4
61 14 13
61 13 5
61 13 12
61 12 10
61 10 6
61 10 9
61 9 8
61 8 7
61 12 11
61 21 20
61 20 19
61 27 26
61 26 22
61 26 25
61 25 23
61 25 24
62 31 7
62 7 6
62 6 0
62 6 5
62 5 4
62 4 3
62 3 2
62 2 1
62 31 30
62 30 8
62 30 29
62 29 14
62 14 11
62 11 10
62 10 9
62 14 13
62 13 12
62 29 28
62 28 26
62 26 15
62 26 25
62 25 23
62 23 22
62 22 21
62 21 20
62 20 19
62 19 16
62 19 18
62 18 17
62 25 24
62 28 27
63 31 30
63 30 27
63 27 25
63 25 6
63 6 5
63 5 1
63 1 0
63 5 4
63 4 3
63 3 2
63 25 24
63 24 11
63 11 8
63 8 7
63 11 10
63 10 9
63 24 23
63 23 20
63 20 12
63 20 19
63 19 17
63 17 13
63 17 16
63 16 14
63 16 15
63 19 18
63 23 22
63 22 21
63 27 26
63 30 29
63 29 28
64 33 20
64 20 19
64 19 13
64 13 10
64 10 3
64 3 0
64 3 2
64 2 1
64 10 9
64 9 4
64 9 8
64 8 7
64 7 6
64 6 5
64 13 12
64 12 11
64 19 18
64 18 17
64 17 14
64 17 16
64 16 15
64 33 32
64 32 29
64 29 21
64 29 28
64 28 23
64 23 22
64 28 27
64 27 25
64 25 24
64 27 26
64 32 31
64 31 30
65 33 32
65 32 31
65 31 16
65 16 15
65 15 12
65 12 0
65 12 11
65 11 10
65 10 9
65 9 8
65 8 7
65 7 5
65 5 4
65 4 3
65 3 2
65 2 1
65 7 6
65 15 14
65 14 13
65 31 30
65 30 26
65 26 24
65 24 21
65 21 19
65 19 17
65 19 18
65 21 20
65 24 23
65 23 22
65 26 25
65 30 29
65 29 28
65 28 27
66 33 10
66 10 8
66 8 2
66 2 1
66 1 0
66 8 7
66 7 6
66 6 5
66 5 3
66 5 4
66 10 9
66 33 32
66 32 31
66 31 23
66 23 22
66 22 17
66 17 13
66 13 11
66 13 12
66 17 16
66 16 15
66 15 14
66 22 21
66 21 20
66 20 18
66 20 19
66 31 30
66 30 29
66 29 24
66 29 28
66 28 27
66 27 25
66 27 26
67 32 3
67 3 1
67 1 0
67 3 2
67 32 31
67 31 30
67 30 21
67 21 19
67 19 17
67 17 16
67 16 14
67 14 12
67 12 11
67 11 7
67 7 5
67 5 4
67 7 6
67 11 10
67 10 8
67 10 9
67 14 13
67 16 15
67 19 18
67 21 20
67 30 29
67 29 27
67 27 26
67 26 22
67 26 25
67 25 23
67 25 24
67 29 28
68 34 0
68 34 33
68 33 1
68 33 32
68 32 31
68 31 30
68 30 28
68 28 27
68 27 26
68 26 2
68 26 25
68 25 20
68 20 19
68 19 18
68 18 5
68 5 4
68 4 3
68 18 17
68 17 10
68 10 8
68 8 6
68 8 7
68 10 9
68 17 16
68 16 15
68 15 13
68 13 11
68 13 12
68 15 14
68 25 24
68 24 22
68 22 21
68 24 23
68 30 29
69 30 0
69 30 29
69 29 23
69 23 22
69 22 19
69 19 2
69 2 1
69 19 18
69 18 16
69 16 3
69 16 15
69 15 6
69 6 4
69 6 5
69 15 14
69 14 11
69 11 10
69 10 9
69 9 7
69 9 8
69 14 13
69 13 12
69 18 17
69 22 21
69 21 20
69 29 28
69 28 24
69 28 27
69 27 26
69 26 25
70 30 6
70 6 5
70 5 4
70 4 0
70 4 3
70 3 1
70 3 2
70 30 29
70 29 27
70 27 20
70 20 19
70 19 9
70 9 8
70 8 7
70 19 18
70 18 10
70 18 17
70 17 16
70 16 15
70 15 11
70 15 14
70 14 13
70 13 12
70 27 26
70 26 25
70 25 23
70 23 22
70 22 21
70 25 24
70 29 28
71 29 28
71 28 27
71 27 25
71 25 12
71 12 7
71 7 1
71 1 0
71 7 6
71 6 4
71 4 3
71 3 2
71 6 5
71 12 11
71 11 10
71 10 9
71 9 8
71 25 24
71 24 22
71 22 19
71 19 15
71 15 13
71 15 14
71 19 18
71 18 16
71 18 17
71 22 21
71 21 20
71 24 23
71 27 26
72 34 32
72 32 18
72 18 8
72 8 5
72 5 4
72 4 3
72 3 2
72 2 1
72 1 0
72 8 7
72 7 6
72 18 17
72 17 11
72 11 10
72 10 9
72 17 16
72 16 13
72 13 12
72 16 15
72 15 14
72 32 31
72 31 30
72 30 29
72 29 28
72 28 19
72 28 27
72 27 26
72 26 23
72 23 20
72 23 22
72 22 21
72 26 25
72 25 24
72 34 33
73 30 16
73 16 15
73 15 14
73 14 9
73 9 5
73 5 4
73 4 0
73 4 3
73 3 2
73 2 1
73 9 8
73 8 6
73 8 7
73 14 13
73 13 10
73 13 12
73 12 11
73 30 29
73 29 23
73 23 19
73 19 18
73 18 17
73 23 22
73 22 21
73 21 20
73 29 28
73 28 24
73 28 27
73 27 26
73 26 25
74 29 8
74 8 5
74 5 4
74 4 0
74 4 3
74 3 1
74 3 2
74 8 7
74 7 6
74 29 28
74 28 11
74 11 10
74 10 9
74 28 27
74 27 12
74 27 26
74 26 25
74 25 24
74 24 22
74 22 21
74 21 19
74 19 18
74 18 17
74 17 16
74 16 15
74 15 13
74 15 14
74 21 20
74 24 23
75 29 24
75 24 23
75 23 21
75 21 3
75 3 0
75 3 2
75 2 1
75 21 20
75 20 16
75 16 15
75 15 5
75 5 4
75 15 14
75 14 7
75 7 6
75 14 13
75 13 12
75 12 10
75 10 8
75 10 9
75 12 11
75 20 19
75 19 18
75 18 17
75 23 22
75 29 28
75 28 27
75 27 25
75 27 26
76 32 0
76 32 31
76 31 28
76 28 26
76 26 21
76 21 20
76 20 19
76 19 13
76 13 11
76 11 9
76 9 8
76 8 5
76 5 4
76 4 3
76 3 2
76 2 1
76 8 7
76 7 6
76 11 10
76 13 12
76 19 18
76 18 16
76 16 15
76 15 14
76 18 17
76 26 25
76 25 24
76 24 23
76 23 22
76 28 27
76 31 30
76 30 29
77 31 0
77 31 30
77 30 28
77 28 27
77 27 26
77 26 6
77 6 5
77 5 4
77 4 3
77 3 2
77 2 1
77 26 25
77 25 24
77 24 23
77 23 22
77 22 21
77 21 7
77 21 20
77 20 18
77 18 17
77 17 16
77 16 15
77 15 13
77 13 12
77 12 11
77 11 10
77 10 9
77 9 8
77 15 14
77 20 19
77 30 29
78 34 33
78 33 27
78 27 26
78 26 4
78 4 2
78 2 0
78 2 1
78 4 3
78 26 25
78 25 24
78 24 5
78 24 23
78 23 22
78 22 9
78 9 8
78 8 6
78 8 7
78 22 21
78 21 19
78 19 10
78 19 18
78 18 17
78 17 16
78 16 15
78 15 14
78 14 13
78 13 12
78 12 11
78 21 20
78 33 32
78 32 28
78 32 31
78 31 29
78 31 30
79 33 20
79 20 19
79 19 0
79 19 18
79 18 5
79 5 3
79 3 1
79 3 2
79 5 4
79 18 17
79 17 16
79 16 15
79 15 8
79 8 7
79 7 6
79 15 14
79 14 9
79 14 13
79 13 12
79 12 11
79 11 10
79 33 32
79 32 25
79 25 24
79 24 23
79 23 21
79 23 22
79 32 31
79 31 27
79 27 26
79 31 30
79 30 29
79 29 28
80 30 4
80 4 3
80 3 0
80 3 2
80 2 1
80 30 29
80 29 26
80 26 8
80 8 5
80 8 7
80 7 6
80 26 25
80 25 9
80 25 24
80 24 22
80 22 11
80 11 10
80 22 21
80 21 20
80 20 19
80 19 12
80 19 18
80 18 17
80 17 15
80 15 14
80 14 13
80 17 16
80 24 23
80 29 28
80 28 27
81 30 29
81 29 28
81 28 27
81 27 16
81 16 3
81 3 1
81 1 0
81 3 2
81 16 15
81 15 13
81 13 9
81 9 8
81 8 6
81 6 4
81 6 5
81 8 7
81 13 12
81 12 10
81 12 11
81 15 14
81 27 26
81 26 24
81 24 19
81 19 17
81 19 18
81 24 23
81 23 22
81 22 21
81 21 20
81 26 25
82 30 29
82 29 3
82 3 2
82 2 0
82 2 1
82 29 28
82 28 27
82 27 14
82 14 5
82 5 4
82 14 13
82 13 7
82 7 6
82 13 12
82 12 10
82 10 8
82 10 9
82 12 11
82 27 26
82 26 25
82 25 23
82 23 22
82 22 15
82 22 21
82 21 16
82 21 20
82 20 19
82 19 17
82 19 18
82 25 24
83 34 33
83 33 31
83 31 30
83 30 1
83 1 0
83 30 29
83 29 28
83 28 27
83 27 26
83 26 2
83 26 25
83 25 12
83 12 8
83 8 4
83 4 3
83 8 7
83 7 6
83 6 5
83 12 11
83 11 10
83 10 9
83 25 24
83 24 22
83 22 15
83 15 14
83 14 13
83 22 21
83 21 19
83 19 18
83 18 17
83 17 16
83 21 20
83 24 23
83 33 32
84 30 2
84 2 0
84 2 1
84 30 29
84 29 28
84 28 15
84 15 3
84 15 14
84 14 13
84 13 11
84 11 10
84 10 4
84 10 9
84 9 8
84 8 6
84 6 5
84 8 7
84 13 12
84 28 27
84 27 20
84 20 18
84 18 17
84 17 16
84 20 19
84 27 26
84 26 21
84 26 25
84 25 22
84 25 24
84 24 23
85 30 14
85 14 10
85 10 2
85 2 1
85 1 0
85 10 9
85 9 5
85 5 4
85 4 3
85 9 8
85 8 7
85 7 6
85 14 13
85 13 12
85 12 11
85 30 29
85 29 15
85 29 28
85 28 23
85 23 22
85 22 16
85 22 21
85 21 17
85 21 20
85 20 19
85 19 18
85 28 27
85 27 26
85 26 25
85 25 24
86 30 7
86 7 5
86 5 0
86 5 4
86 4 3
86 3 2
86 2 1
86 7 6
86 30 29
86 29 27
86 27 25
86 25 23
86 23 22
86 22 20
86 20 19
86 19 18
86 18 16
86 16 15
86 15 13
86 13 12
86 12 10
86 10 8
86 10 9
86 12 11
86 15 14
86 18 17
86 22 21
86 25 24
86 27 26
86 29 28
87 33 0
87 33 32
87 32 5
87 5 3
87 3 1
87 3 2
87 5 4
87 32 31
87 31 24
87 24 23
87 23 7
87 7 6
87 23 22
87 22 21
87 21 9
87 9 8
87 21 20
87 20 19
87 19 16
87 16 14
87 14 13
87 13 10
87 13 12
87 12 11
87 16 15
87 19 18
87 18 17
87 31 30
87 30 29
87 29 26
87 26 25
87 29 28
87 28 27
88 33 9
88 9 8
88 8 6
88 6 5
88 5 2
88 2 0
88 2 1
88 5 4
88 4 3
88 8 7
88 33 32
88 32 31
88 31 17
88 17 16
88 16 15
88 15 14
88 14 12
88 12 10
88 12 11
88 14 13
88 31 30
88 30 18
88 30 29
88 29 19
88 29 28
88 28 27
88 27 25
88 25 23
88 23 21
88 21 20
88 23 22
88 25 24
88 27 26
89 34 22
89 22 20
89 20 19
89 19 17
89 17 16
89 16 15
89 15 13
89 13 12
89 12 9
89 9 8
89 8 6
89 6 5
89 5 4
89 4 2
89 2 0
89 2 1
89 4 3
89 8 7
89 12 11
89 11 10
89 15 14
89 19 18
89 22 21
89 34 33
89 33 32
89 32 30
89 30 23
89 30 29
89 29 27
89 27 25
89 25 24
89 27 26
89 29 28
89 32 31
90 34 28
90 28 22
90 22 0
90 22 21
90 21 20
90 20 7
90 7 6
90 6 5
90 5 4
90 4 2
90 2 1
90 4 3
90 20 19
90 19 9
90 9 8
90 19 18
90 18 17
90 17 11
90 11 10
90 17 16
90 16 13
90 13 12
90 16 15
90 15 14
90 28 27
90 27 26
90 26 24
90 24 23
90 26 25
90 34 33
90 33 30
90 30 29
90 33 32
90 32 31
91 30 28
91 28 17
91 17 16
91 16 15
91 15 14
91 14 13
91 13 12
91 12 0
91 12 11
91 11 4
91 4 3
91 3 1
91 3 2
91 11 10
91 10 5
91 10 9
91 9 8
91 8 7
91 7 6
91 28 27
91 27 20
91 20 19
91 19 18
91 27 26
91 26 21
91 26 25
91 25 24
91 24 23
91 23 22
91 30 29
92 33 0
92 33 32
92 32 31
92 31 5
92 5 1
92 5 4
92 4 3
92 3 2
92 31 30
92 30 24
92 24 15
92 15 12
92 12 11
92 11 6
92 11 10
92 10 8
92 8 7
92 10 9
92 15 14
92 14 13
92 24 23
92 23 22
92 22 21
92 21 16
92 21 20
92 20 17
92 20 19
92 19 18
92 30 29
92 29 25
92 29 28
92 28 26
92 28 27
93 30 28
93 28 27
93 27 26
93 26 20
93 20 19
93 19 0
93 19 18
93 18 17
93 17 1
93 17 16
93 16 15
93 15 14
93 14 11
93 11 10
93 10 2
93 10 9
93 9 8
93 8 7
93 7 6
93 6 3
93 6 5
93 5 4
93 14 13
93 13 12
93 26 25
93 25 22
93 22 21
93 25 24
93 24 23
93 30 29
94 31 0
94 31 30
94 30 29
94 29 2
94 2 1
94 29 28
94 28 26
94 26 24
94 24 3
94 24 23
94 23 6
94 6 4
94 6 5
94 23 22
94 22 21
94 21 14
94 14 12
94 12 8
94 8 7
94 12 11
94 11 10
94 10 9
94 14 13
94 21 20
94 20 15
94 20 19
94 19 17
94 17 16
94 19 18
94 26 25
94 28 27
95 34 30
95 30 13
95 13 12
95 12 9
95 9 8
95 8 0
95 8 7
95 7 6
95 6 4
95 4 3
95 3 2
95 2 1
95 6 5
95 12 11
95 11 10
95 30 29
95 29 28
95 28 24
95 24 18
95 18 15
95 15 14
95 18 17
95 17 16
95 24 23
95 23 19
95 23 22
95 22 21
95 21 20
95 28 27
95 27 26
95 26 25
95 34 33
95 33 32
95 32 31
96 31 1
96 1 0
96 31 30
96 30 20
96 20 4
96 4 3
96 3 2
96 20 19
96 19 18
96 18 14
96 14 9
96 9 7
96 7 5
96 7 6
96 9 8
96 14 13
96 13 12
96 12 11
96 11 10
96 18 17
96 17 15
96 17 16
96 30 29
96 29 21
96 29 28
96 28 27
96 27 26
96 26 22
96 26 25
96 25 23
96 25 24
97 34 0
97 34 33
97 33 1
97 33 32
97 32 2
97 32 31
97 31 3
97 31 30
97 30 4
97 30 29
97 29 5
97 29 28
97 28 27
97 27 26
97 26 25
97 25 9
97 9 8
97 8 7
97 7 6
97 25 24
97 24 10
97 24 23
97 23 18
97 18 17
97 17 11
97 17 16
97 16 13
97 13 12
97 16 15
97 15 14
97 23 22
97 22 20
97 20 19
97 22 21
98 33 23
98 23 0
98 23 22
98 22 21
98 21 20
98 20 3
98 3 1
98 3 2
98 20 19
98 19 18
98 18 17
98 17 6
98 6 5
98 5 4
98 17 16
98 16 10
98 10 9
98 9 7
98 9 8
98 16 15
98 15 14
98 14 11
98 14 13
98 13 12
98 33 32
98 32 24
98 32 31
98 31 30
98 30 28
98 28 26
98 26 25
98 28 27
98 30 29
99 31 30
99 30 29
99 29 28
99 28 8
99 8 6
99 6 3
99 3 0
99 3 2
99 2 1
99 6 5
99 5 4
99 8 7
99 28 27
99 27 21
99 21 20
99 20 19
99 19 15
99 15 12
99 12 10
99 10 9
99 12 11
99 15 14
99 14 13
99 19 18
99 18 17
99 17 16
99 27 26
99 26 24
99 24 23
99 23 22
99 26 25
100 29 27
100 27 26
100 26 1
100 1 0
100 26 25
100 25 17
100 17 14
100 14 5
100 5 4
100 4 3
100 3 2
100 14 13
100 13 6
100 13 12
100 12 10
100 10 9
100 9 8
100 8 7
100 12 11
100 17 16
100 16 15
100 25 24
100 24 23
100 23 20
100 20 18
100 20 19
100 23 22
100 22 21
100 29 28
101 30 29
101 29 27
101 27 4
101 4 3
101 3 2
101 2 0
101 2 1
101 27 26
101 26 24
101 24 10
101 10 9
101 9 8
101 8 6
101 6 5
101 8 7
101 24 23
101 23 22
101 22 11
101 22 21
101 21 19
101 19 14
101 14 12
101 14 13
101 19 18
101 18 16
101 16 15
101 18 17
101 21 20
101 26 25
101 29 28
