1 32 31
1 31 7
1 7 6
1 6 2
1 2 1
1 1 0
1 6 5
1 5 4
1 4 3
1 31 30
1 30 27
1 27 26
1 26 25
1 25 17
1 17 16
1 16 15
1 15 13
1 13 8
1 13 12
1 12 11
1 11 10
1 10 9
1 15 14
1 25 24
1 24 18
1 24 23
1 23 22
1 22 19
1 22 21
1 21 20
1 30 29
1 29 28
2 30 29
2 29 4
2 4 0
2 4 3
2 3 1
2 3 2
2 29 28
2 28 27
2 27 26
2 26 10
2 10 7
2 7 6
2 6 5
2 10 9
2 9 8
2 26 25
2 25 24
2 24 13
2 13 12
2 12 11
2 24 23
2 23 22
2 22 21
2 21 20
2 20 16
2 16 14
2 16 15
2 20 19
2 19 18
2 18 17
3 29 28
3 28 27
3 27 26
3 26 1
3 1 0
3 26 25
3 25 2
3 25 24
3 24 11
3 11 10
3 10 3
3 10 9
3 9 8
3 8 6
3 6 4
3 6 5
3 8 7
3 24 23
3 23 21
3 21 20
3 20 18
3 18 12
3 18 17
3 17 15
3 15 14
3 14 13
3 17 16
3 20 19
3 23 22
4 29 28
4 28 19
4 19 16
4 16 15
4 15 14
4 14 13
4 13 12
4 12 5
4 5 4
4 4 2
4 2 0
4 2 1
4 4 3
4 12 11
4 11 10
4 10 7
4 7 6
4 10 9
4 9 8
4 19 18
4 18 17
4 28 27
4 27 25
4 25 20
4 25 24
4 24 23
4 23 22
4 22 21
4 27 26
5 30 28
5 28 26
5 26 25
5 25 1
5 1 0
5 25 24
5 24 22
5 22 21
5 21 4
5 4 2
5 4 3
5 21 20
5 20 17
5 17 16
5 16 5
5 16 15
5 15 7
5 7 6
5 15 14
5 14 12
5 12 9
5 9 8
5 12 11
5 11 10
5 14 13
5 20 19
5 19 18
5 24 23
5 28 27
5 30 29
6 30 9
6 9 1
6 1 0
6 9 8
6 8 2
6 8 7
6 7 3
6 7 6
6 6 5
6 5 4
6 30 29
6 29 25
6 25 23
6 23 22
6 22 20
6 20 19
6 19 16
6 16 10
6 16 15
6 15 13
6 13 11
6 13 12
6 15 14
6 19 18
6 18 17
6 22 21
6 25 24
6 29 28
6 28 26
6 28 27
7 34 32
7 32 31
7 31 27
7 27 14
7 14 7
7 7 5
7 5 1
7 1 0
7 5 4
7 4 3
7 3 2
7 7 6
7 14 13
7 13 8
7 13 12
7 12 10
7 10 9
7 12 11
7 27 26
7 26 22
7 22 21
7 21 16
7 16 15
7 21 20
7 20 19
7 19 18
7 18 17
7 26 25
7 25 24
7 24 23
7 31 30
7 30 28
7 30 29
7 34 33
8 30 24
8 24 23
8 23 6
8 6 4
8 4 0
8 4 3
8 3 2
8 2 1
8 6 5
8 23 22
8 22 21
8 21 11
8 11 7
8 11 10
8 10 8
8 10 9
8 21 20
8 20 14
8 14 13
8 13 12
8 20 19
8 19 17
8 17 15
8 17 16
8 19 18
8 30 29
8 29 28
8 28 27
8 27 25
8 27 26
9 30 29
9 29 26
9 26 0
9 26 25
9 25 23
9 23 3
9 3 1
9 3 2
9 23 22
9 22 8
9 8 5
9 5 4
9 8 7
9 7 6
9 22 21
9 21 20
9 20 13
9 13 12
9 12 10
9 10 9
9 12 11
9 20 19
9 19 18
9 18 16
9 16 14
9 16 15
9 18 17
9 25 24
9 29 28
9 28 27
10 34 33
10 33 32
10 32 0
10 32 31
10 31 18
10 18 1
10 18 17
10 17 16
10 16 15
10 15 14
10 14 4
10 4 3
10 3 2
10 14 13
10 13 11
10 11 5
10 11 10
10 10 6
10 10 9
10 9 8
10 8 7
10 13 12
10 31 30
10 30 19
10 30 29
10 29 21
10 21 20
10 29 28
10 28 22
10 28 27
10 27 26
10 26 23
10 26 25
10 25 24
11 34 32
11 32 31
11 31 0
11 31 30
11 30 29
11 29 17
11 17 6
11 6 5
11 5 4
11 4 3
11 3 2
11 2 1
11 17 16
11 16 15
11 15 9
11 9 7
11 9 8
11 15 14
11 14 13
11 13 12
11 12 10
11 12 11
11 29 28
11 28 27
11 27 20
11 20 18
11 20 19
11 27 26
11 26 21
11 26 25
11 25 23
11 23 22
11 25 24
11 34 33
12 29 0
12 29 28
12 28 26
12 26 24
12 24 23
12 23 21
12 21 18
12 18 6
12 6 2
12 2 1
12 6 5
12 5 4
12 4 3
12 18 17
12 17 15
12 15 14
12 14 13
12 13 12
12 12 11
12 11 10
12 10 7
12 10 9
12 9 8
12 17 16
12 21 20
12 20 19
12 23 22
12 26 25
12 28 27
13 34 1
13 1 0
13 34 33
13 33 2
13 33 32
13 32 5
13 5 3
13 5 4
13 32 31
13 31 6
13 31 30
13 30 12
13 12 11
13 11 9
13 9 8
13 8 7
13 11 10
13 30 29
13 29 15
13 15 13
13 15 14
13 29 28
13 28 27
13 27 26
13 26 25
13 25 24
13 24 21
13 21 20
13 20 17
13 17 16
13 20 19
13 19 18
13 24 23
13 23 22
14 34 29
14 29 28
14 28 27
14 27 2
14 2 0
14 2 1
14 27 26
14 26 20
14 20 19
14 19 18
14 18 17
14 17 3
14 17 16
14 16 15
14 15 5
14 5 4
14 15 14
14 14 13
14 13 11
14 11 9
14 9 7
14 7 6
14 9 8
14 11 10
14 13 12
14 26 25
14 25 23
14 23 22
14 22 21
14 25 24
14 34 33
14 33 30
14 33 32
14 32 31
15 31 30
15 30 0
15 30 29
15 29 28
15 28 8
15 8 7
15 7 1
15 7 6
15 6 5
15 5 4
15 4 2
15 4 3
15 28 27
15 27 11
15 11 10
15 10 9
15 27 26
15 26 12
15 26 25
15 25 24
15 24 23
15 23 18
15 18 16
15 16 15
15 15 13
15 15 14
15 18 17
15 23 22
15 22 21
15 21 20
15 20 19
16 29 27
16 27 25
16 25 24
16 24 0
16 24 23
16 23 3
16 3 2
16 2 1
16 23 22
16 22 12
16 12 10
16 10 4
16 10 9
16 9 7
16 7 6
16 6 5
16 9 8
16 12 11
16 22 21
16 21 20
16 20 18
16 18 16
16 16 15
16 15 14
16 14 13
16 18 17
16 20 19
16 27 26
16 29 28
17 31 30
17 30 29
17 29 0
17 29 28
17 28 27
17 27 26
17 26 25
17 25 24
17 24 22
17 22 21
17 21 20
17 20 5
17 5 3
17 3 2
17 2 1
17 5 4
17 20 19
17 19 18
17 18 16
17 16 11
17 11 9
17 9 8
17 8 7
17 7 6
17 11 10
17 16 15
17 15 13
17 13 12
17 15 14
17 18 17
17 24 23
18 32 0
18 32 31
18 31 1
18 31 30
18 30 17
18 17 16
18 16 15
18 15 13
18 13 12
18 12 11
18 11 10
18 10 9
18 9 2
18 9 8
18 8 4
18 4 3
18 8 7
18 7 6
18 6 5
18 15 14
18 30 29
18 29 28
18 28 27
18 27 20
18 20 18
18 20 19
18 27 26
18 26 25
18 25 23
18 23 22
18 22 21
18 25 24
19 29 28
19 28 22
19 22 21
19 21 19
19 19 2
19 2 0
19 2 1
19 19 18
19 18 14
19 14 12
19 12 10
19 10 3
19 10 9
19 9 7
19 7 4
19 7 6
19 6 5
19 9 8
19 12 11
19 14 13
19 18 17
19 17 16
19 16 15
19 21 20
19 28 27
19 27 26
19 26 25
19 25 24
19 24 23
20 30 29
20 29 1
20 1 0
20 29 28
20 28 27
20 27 25
20 25 24
20 24 23
20 23 22
20 22 2
20 22 21
20 21 7
20 7 3
20 7 6
20 6 4
20 6 5
20 21 20
20 20 10
20 10 9
20 9 8
20 20 19
20 19 14
20 14 11
20 14 13
20 13 12
20 19 18
20 18 15
20 18 17
20 17 16
20 27 26
21 30 28
21 28 12
21 12 11
21 11 0
21 11 10
21 10 9
21 9 8
21 8 4
21 4 1
21 4 3
21 3 2
21 8 7
21 7 6
21 6 5
21 28 27
21 27 26
21 26 24
21 24 23
21 23 22
21 22 16
21 16 13
21 16 15
21 15 14
21 22 21
21 21 19
21 19 17
21 19 18
21 21 20
21 26 25
21 30 29
22 30 28
22 28 27
22 27 25
22 25 22
22 22 21
22 21 20
22 20 16
22 16 12
22 12 2
22 2 1
22 1 0
22 12 11
22 11 10
22 10 9
22 9 3
22 9 8
22 8 7
22 7 5
22 5 4
22 7 6
22 16 15
22 15 14
22 14 13
22 20 19
22 19 18
22 18 17
22 25 24
22 24 23
22 27 26
22 30 29
23 29 28
23 28 27
23 27 26
23 26 25
23 25 24
23 24 22
23 22 16
23 16 13
23 13 3
23 3 1
23 1 0
23 3 2
23 13 12
23 12 5
23 5 4
23 12 11
23 11 9
23 9 8
23 8 7
23 7 6
23 11 10
23 16 15
23 15 14
23 22 21
23 21 17
23 21 20
23 20 18
23 20 19
23 24 23
24 30 5
24 5 3
24 3 2
24 2 1
24 1 0
24 5 4
24 30 29
24 29 24
24 24 23
24 23 8
24 8 7
24 7 6
24 23 22
24 22 20
24 20 9
24 20 19
24 19 18
24 18 16
24 16 15
24 15 13
24 13 11
24 11 10
24 13 12
24 15 14
24 18 17
24 22 21
24 29 28
24 28 27
24 27 26
24 26 25
25 32 31
25 31 20
25 20 0
25 20 19
25 19 2
25 2 1
25 19 18
25 18 15
25 15 14
25 14 13
25 13 12
25 12 4
25 4 3
25 12 11
25 11 8
25 8 5
25 8 7
25 7 6
25 11 10
25 10 9
25 18 17
25 17 16
25 31 30
25 30 21
25 30 29
25 29 28
25 28 27
25 27 26
25 26 22
25 26 25
25 25 24
25 24 23
26 29 11
26 11 8
26 8 7
26 7 6
26 6 5
26 5 4
26 4 0
26 4 3
26 3 2
26 2 1
26 11 10
26 10 9
26 29 28
26 28 24
26 24 13
26 13 12
26 24 23
26 23 21
26 21 14
26 21 20
26 20 19
26 19 18
26 18 17
26 17 15
26 17 16
26 23 22
26 28 27
26 27 26
26 26 25
27 34 33
27 33 3
27 3 2
27 2 1
27 1 0
27 33 32
27 32 31
27 31 14
27 14 4
27 14 13
27 13 5
27 13 12
27 12 9
27 9 8
27 8 6
27 8 7
27 12 11
27 11 10
27 31 30
27 30 29
27 29 28
27 28 24
27 24 23
27 23 22
27 22 20
27 20 19
27 19 16
27 16 15
27 19 18
27 18 17
27 22 21
27 28 27
27 27 25
27 27 26
28 31 30
28 30 4
28 4 3
28 3 0
28 3 2
28 2 1
28 30 29
28 29 12
28 12 5
28 12 11
28 11 8
28 8 6
28 8 7
28 11 10
28 10 9
28 29 28
28 28 27
28 27 26
28 26 25
28 25 14
28 14 13
28 25 24
28 24 21
28 21 20
28 20 19
28 19 18
28 18 16
28 16 15
28 18 17
28 24 23
28 23 22
29 29 27
29 27 25
29 25 24
29 24 0
29 24 23
29 23 20
29 20 1
29 20 19
29 19 10
29 10 6
29 6 4
29 4 3
29 3 2
29 6 5
29 10 9
29 9 8
29 8 7
29 19 18
29 18 16
29 16 15
29 15 14
29 14 12
29 12 11
29 14 13
29 18 17
29 23 22
29 22 21
29 27 26
29 29 28
30 31 2
30 2 1
30 1 0
30 31 30
30 30 3
30 30 29
30 29 28
30 28 26
30 26 4
30 26 25
30 25 22
30 22 10
30 10 5
30 10 9
30 9 8
30 8 6
30 8 7
30 22 21
30 21 20
30 20 19
30 19 18
30 18 17
30 17 14
30 14 11
30 14 13
30 13 12
30 17 16
30 16 15
30 25 24
30 24 23
30 28 27
31 33 0
31 33 32
31 32 30
31 30 29
31 29 1
31 29 28
31 28 5
31 5 4
31 4 3
31 3 2
31 28 27
31 27 24
31 24 6
31 24 23
31 23 13
31 13 9
31 9 8
31 8 7
31 13 12
31 12 11
31 11 10
31 23 22
31 22 21
31 21 18
31 18 14
31 18 17
31 17 15
31 17 16
31 21 20
31 20 19
31 27 26
31 26 25
31 32 31
32 33 30
32 30 0
32 30 29
32 29 28
32 28 1
32 28 27
32 27 2
32 27 26
32 26 24
32 24 22
32 22 5
32 5 3
32 5 4
32 22 21
32 21 20
32 20 9
32 9 6
32 9 8
32 8 7
32 20 19
32 19 18
32 18 16
32 16 15
32 15 13
32 13 11
32 11 10
32 13 12
32 15 14
32 18 17
32 24 23
32 26 25
32 33 32
32 32 31
33 33 32
33 32 7
33 7 0
33 7 6
33 6 5
33 5 1
33 5 4
33 4 3
33 3 2
33 32 31
33 31 25
33 25 22
33 22 8
33 22 21
33 21 20
33 20 12
33 12 11
33 11 10
33 10 9
33 20 19
33 19 18
33 18 14
33 14 13
33 18 17
33 17 16
33 16 15
33 25 24
33 24 23
33 31 30
33 30 29
33 29 26
33 29 28
33 28 27
34 29 27
34 27 17
34 17 0
34 17 16
34 16 15
34 15 14
34 14 13
34 13 1
34 13 12
34 12 10
34 10 8
34 8 2
34 8 7
34 7 3
34 7 6
34 6 5
34 5 4
34 10 9
34 12 11
34 27 26
34 26 25
34 25 22
34 22 19
34 19 18
34 22 21
34 21 20
34 25 24
34 24 23
34 29 28
35 33 30
35 30 12
35 12 10
35 10 8
35 8 0
35 8 7
35 7 1
35 7 6
35 6 4
35 4 3
35 3 2
35 6 5
35 10 9
35 12 11
35 30 29
35 29 28
35 28 15
35 15 13
35 15 14
35 28 27
35 27 26
35 26 16
35 26 25
35 25 17
35 25 24
35 24 23
35 23 18
35 23 22
35 22 20
35 20 19
35 22 21
35 33 32
35 32 31
36 31 2
36 2 0
36 2 1
36 31 30
36 30 29
36 29 14
36 14 10
36 10 3
36 10 9
36 9 8
36 8 7
36 7 5
36 5 4
36 7 6
36 14 13
36 13 11
36 13 12
36 29 28
36 28 26
36 26 25
36 25 23
36 23 22
36 22 21
36 21 15
36 21 20
36 20 16
36 20 19
36 19 17
36 19 18
36 25 24
36 28 27
37 32 0
37 32 31
37 31 2
37 2 1
37 31 30
37 30 27
37 27 26
37 26 25
37 25 16
37 16 11
37 11 4
37 4 3
37 11 10
37 10 8
37 8 5
37 8 7
37 7 6
37 10 9
37 16 15
37 15 14
37 14 12
37 14 13
37 25 24
37 24 23
37 23 17
37 23 22
37 22 19
37 19 18
37 22 21
37 21 20
37 30 29
37 29 28
38 29 28
38 28 19
38 19 18
38 18 17
38 17 12
38 12 1
38 1 0
38 12 11
38 11 10
38 10 6
38 6 2
38 6 5
38 5 4
38 4 3
38 10 9
38 9 7
38 9 8
38 17 16
38 16 15
38 15 14
38 14 13
38 28 27
38 27 23
38 23 21
38 21 20
38 23 22
38 27 26
38 26 25
38 25 24
39 33 32
39 32 0
39 32 31
39 31 29
39 29 28
39 28 1
39 28 27
39 27 4
39 4 2
39 4 3
39 27 26
39 26 25
39 25 24
39 24 23
39 23 22
39 22 20
39 20 11
39 11 10
39 10 5
39 10 9
39 9 7
39 7 6
39 9 8
39 20 19
39 19 17
39 17 14
39 14 12
39 14 13
39 17 16
39 16 15
39 19 18
39 22 21
39 31 30
40 29 9
40 9 8
40 8 1
40 1 0
40 8 7
40 7 3
40 3 2
40 7 6
40 6 4
40 6 5
40 29 28
40 28 12
40 12 10
40 12 11
40 28 27
40 27 13
40 27 26
40 26 25
40 25 24
40 24 14
40 24 23
40 23 17
40 17 15
40 17 16
40 23 22
40 22 18
40 22 21
40 21 20
40 20 19
41 33 29
41 29 20
41 20 17
41 17 0
41 17 16
41 16 5
41 5 3
41 3 2
41 2 1
41 5 4
41 16 15
41 15 11
41 11 6
41 11 10
41 10 7
41 10 9
41 9 8
41 15 14
41 14 12
41 14 13
41 20 19
41 19 18
41 29 28
41 28 25
41 25 24
41 24 23
41 23 22
41 22 21
41 28 27
41 27 26
41 33 32
41 32 30
41 32 31
42 31 30
42 30 8
42 8 7
42 7 6
42 6 4
42 4 3
42 3 2
42 2 1
42 1 0
42 6 5
42 30 29
42 29 28
42 28 27
42 27 26
42 26 23
42 23 10
42 10 9
42 23 22
42 22 17
42 17 14
42 14 13
42 13 11
42 13 12
42 17 16
42 16 15
42 22 21
42 21 18
42 21 20
42 20 19
42 26 25
42 25 24
43 34 32
43 32 31
43 31 29
43 29 7
43 7 5
43 5 1
43 1 0
43 5 4
43 4 3
43 3 2
43 7 6
43 29 28
43 28 8
43 28 27
43 27 26
43 26 25
43 25 23
43 23 22
43 22 18
43 18 9
43 18 17
43 17 16
43 16 14
43 14 13
43 13 12
43 12 10
43 12 11
43 16 15
43 22 21
43 21 20
43 20 19
43 25 24
43 31 30
43 34 33
44 34 33
44 33 32
44 32 31
44 31 30
44 30 29
44 29 27
44 27 26
44 26 25
44 25 24
44 24 4
44 4 1
44 1 0
44 4 3
44 3 2
44 24 23
44 23 7
44 7 6
44 6 5
44 23 22
44 22 19
44 19 10
44 10 9
44 9 8
44 19 18
44 18 17
44 17 15
44 15 12
44 12 11
44 15 14
44 14 13
44 17 16
44 22 21
44 21 20
44 29 28
45 29 0
45 29 28
45 28 23
45 23 21
45 21 1
45 21 20
45 20 7
45 7 6
45 6 5
45 5 4
45 4 3
45 3 2
45 20 19
45 19 15
45 15 13
45 13 11
45 11 9
45 9 8
45 11 10
45 13 12
45 15 14
45 19 18
45 18 16
45 18 17
45 23 22
45 28 27
45 27 24
45 27 26
45 26 25
46 32 10
46 10 1
46 1 0
46 10 9
46 9 6
46 6 3
46 3 2
46 6 5
46 5 4
46 9 8
46 8 7
46 32 31
46 31 30
46 30 11
46 30 29
46 29 26
46 26 24
46 24 18
46 18 17
46 17 12
46 17 16
46 16 13
46 16 15
46 15 14
46 24 23
46 23 22
46 22 19
46 22 21
46 21 20
46 26 25
46 29 28
46 28 27
47 32 30
47 30 0
47 30 29
47 29 26
47 26 12
47 12 11
47 11 3
47 3 2
47 2 1
47 11 10
47 10 9
47 9 8
47 8 7
47 7 6
47 6 4
47 6 5
47 26 25
47 25 13
47 25 24
47 24 23
47 23 22
47 22 21
47 21 18
47 18 17
47 17 16
47 16 14
47 16 15
47 21 20
47 20 19
47 29 28
47 28 27
47 32 31
48 32 13
48 13 12
48 12 10
48 10 0
48 10 9
48 9 6
48 6 3
48 3 2
48 2 1
48 6 5
48 5 4
48 9 8
48 8 7
48 12 11
48 32 31
48 31 30
48 30 20
48 20 18
48 18 17
48 17 16
48 16 15
48 15 14
48 20 19
48 30 29
48 29 21
48 29 28
48 28 24
48 24 22
48 24 23
48 28 27
48 27 25
48 27 26
49 34 10
49 10 5
49 5 3
49 3 1
49 1 0
49 3 2
49 5 4
49 10 9
49 9 7
49 7 6
49 9 8
49 34 33
49 33 32
49 32 13
49 13 12
49 12 11
49 32 31
49 31 29
49 29 28
49 28 15
49 15 14
49 28 27
49 27 26
49 26 25
49 25 18
49 18 16
49 18 17
49 25 24
49 24 23
49 23 22
49 22 19
49 22 21
49 21 20
49 31 30
50 34 33
50 33 28
50 28 27
50 27 0
50 27 26
50 26 24
50 24 23
50 23 1
50 23 22
50 22 5
50 5 4
50 4 2
50 4 3
50 22 21
50 21 17
50 17 7
50 7 6
50 17 16
50 16 8
50 16 15
50 15 9
50 15 14
50 14 10
50 14 13
50 13 12
50 12 11
50 21 20
50 20 19
50 19 18
50 26 25
50 33 32
50 32 31
50 31 29
50 31 30
51 32 31
51 31 20
51 20 19
51 19 17
51 17 16
51 16 4
51 4 2
51 2 1
51 1 0
51 4 3
51 16 15
51 15 12
51 12 9
51 9 7
51 7 6
51 6 5
51 9 8
51 12 11
51 11 10
51 15 14
51 14 13
51 19 18
51 31 30
51 30 29
51 29 28
51 28 24
51 24 23
51 23 22
51 22 21
51 28 27
51 27 26
51 26 25
52 32 31
52 31 30
52 30 27
52 27 26
52 26 22
52 22 12
52 12 11
52 11 10
52 10 2
52 2 1
52 1 0
52 10 9
52 9 8
52 8 6
52 6 5
52 5 4
52 4 3
52 8 7
52 22 21
52 21 20
52 20 18
52 18 14
52 14 13
52 18 17
52 17 15
52 17 16
52 20 19
52 26 25
52 25 23
52 25 24
52 30 29
52 29 28
53 34 33
53 33 31
53 31 0
53 31 30
53 30 29
53 29 28
53 28 27
53 27 2
53 2 1
53 27 26
53 26 3
53 26 25
53 25 9
53 9 8
53 8 7
53 7 4
53 7 6
53 6 5
53 25 24
53 24 16
53 16 14
53 14 11
53 11 10
53 14 13
53 13 12
53 16 15
53 24 23
53 23 18
53 18 17
53 23 22
53 22 19
53 22 21
53 21 20
53 33 32
54 31 25
54 25 20
54 20 11
54 11 10
54 10 4
54 4 2
54 2 0
54 2 1
54 4 3
54 10 9
54 9 8
54 8 5
54 8 7
54 7 6
54 20 19
54 19 15
54 15 13
54 13 12
54 15 14
54 19 18
54 18 17
54 17 16
54 25 24
54 24 23
54 23 21
54 23 22
54 31 30
54 30 29
54 29 26
54 29 28
54 28 27
55 29 24
55 24 0
55 24 23
55 23 22
55 22 21
55 21 8
55 8 4
55 4 2
55 2 1
55 4 3
55 8 7
55 7 5
55 7 6
55 21 20
55 20 9
55 20 19
55 19 12
55 12 10
55 12 11
55 19 18
55 18 14
55 14 13
55 18 17
55 17 16
55 16 15
55 29 28
55 28 25
55 28 27
55 27 26
56 33 32
56 32 1
56 1 0
56 32 31
56 31 27
56 27 10
56 10 9
56 9 4
56 4 3
56 3 2
56 9 8
56 8 6
56 6 5
56 8 7
56 27 26
56 26 11
56 26 25
56 25 13
56 13 12
56 25 24
56 24 15
56 15 14
56 24 23
56 23 21
56 21 20
56 20 18
56 18 17
56 17 16
56 20 19
56 23 22
56 31 30
56 30 28
56 30 29
57 31 26
57 26 0
57 26 25
57 25 1
57 25 24
57 24 22
57 22 19
57 19 18
57 18 17
57 17 5
57 5 4
57 4 2
57 4 3
57 17 16
57 16 14
57 14 11
57 11 10
57 10 6
57 10 9
57 9 8
57 8 7
57 14 13
57 13 12
57 16 15
57 22 21
57 21 20
57 24 23
57 31 30
57 30 28
57 28 27
57 30 29
58 32 3
58 3 0
58 3 2
58 2 1
58 32 31
58 31 30
58 30 7
58 7 6
58 6 4
58 6 5
58 30 29
58 29 27
58 27 25
58 25 10
58 10 8
58 10 9
58 25 24
58 24 17
58 17 14
58 14 13
58 13 12
58 12 11
58 17 16
58 16 15
58 24 23
58 23 20
58 20 19
58 19 18
58 23 22
58 22 21
58 27 26
58 29 28
59 29 28
59 28 27
59 27 23
59 23 0
59 23 22
59 22 21
59 21 10
59 10 3
59 3 1
59 3 2
59 10 9
59 9 8
59 8 7
59 7 6
59 6 4
59 6 5
59 21 20
59 20 12
59 12 11
59 20 19
59 19 13
59 19 18
59 18 17
59 17 16
59 16 15
59 15 14
59 27 26
59 26 25
59 25 24
60 33 31
60 31 0
60 31 30
60 30 2
60 2 1
60 30 29
60 29 24
60 24 23
60 23 18
60 18 11
60 11 5
60 5 4
60 4 3
60 11 10
60 10 9
60 9 8
60 8 6
60 8 7
60 18 17
60 17 14
60 14 13
60 13 12
60 17 16
60 16 15
60 23 22
60 22 20
60 20 19
60 22 21
60 29 28
60 28 27
60 27 26
60 26 25
60 33 32
61 32 21
61 21 9
61 9 5
61 5 3
61 3 2
61 2 1
61 1 0
61 5 4
61 9 8
61 8 6
61 8 7
61 21 20
61 20 15
61 15 13
61 13 11
61 11 10
61 13 12
61 15 14
61 20 19
61 19 18
61 18 16
61 18 17
61 32 31
61 31 24
61 24 23
61 23 22
61 31 30
61 30 29
61 29 25
61 29 28
61 28 27
61 27 26
62 32 15
62 15 5
62 5 0
62 5 4
62 4 3
62 3 1
62 3 2
62 15 14
62 14 13
62 13 12
62 12 10
62 10 9
62 9 7
62 7 6
62 9 8
62 12 11
62 32 31
62 31 28
62 28 27
62 27 16
62 27 26
62 26 18
62 18 17
62 26 25
62 25 23
62 23 22
62 22 20
62 20 19
62 22 21
62 25 24
62 31 30
62 30 29
63 33 0
63 33 32
63 32 7
63 7 6
63 6 3
63 3 2
63 2 1
63 6 5
63 5 4
63 32 31
63 31 29
63 29 28
63 28 24
63 24 8
63 24 23
63 23 15
63 15 14
63 14 13
63 13 9
63 13 12
63 12 10
63 12 11
63 23 22
63 22 16
63 22 21
63 21 19
63 19 17
63 19 18
63 21 20
63 28 27
63 27 25
63 27 26
63 31 30
64 33 31
64 31 30
64 30 29
64 29 2
64 2 1
64 1 0
64 29 28
64 28 26
64 26 25
64 25 18
64 18 16
64 16 13
64 13 9
64 9 8
64 8 7
64 7 3
64 7 6
64 6 5
64 5 4
64 13 12
64 12 11
64 11 10
64 16 15
64 15 14
64 18 17
64 25 24
64 24 23
64 23 19
64 23 22
64 22 21
64 21 20
64 28 27
64 33 32
65 34 27
65 27 0
65 27 26
65 26 25
65 25 1
65 25 24
65 24 2
65 24 23
65 23 7
65 7 6
65 6 3
65 6 5
65 5 4
65 23 22
65 22 21
65 21 20
65 20 8
65 20 19
65 19 18
65 18 11
65 11 10
65 10 9
65 18 17
65 17 16
65 16 12
65 16 15
65 15 14
65 14 13
65 34 33
65 33 31
65 31 30
65 30 28
65 30 29
65 33 32
66 34 0
66 34 33
66 33 31
66 31 30
66 30 28
66 28 22
66 22 19
66 19 18
66 18 17
66 17 16
66 16 4
66 4 3
66 3 1
66 3 2
66 16 15
66 15 14
66 14 5
66 14 13
66 13 9
66 9 7
66 7 6
66 9 8
66 13 12
66 12 10
66 12 11
66 22 21
66 21 20
66 28 27
66 27 26
66 26 23
66 26 25
66 25 24
66 30 29
66 33 32
67 34 33
67 33 32
67 32 2
67 2 1
67 1 0
67 32 31
67 31 30
67 30 29
67 29 27
67 27 26
67 26 24
67 24 7
67 7 6
67 6 5
67 5 3
67 5 4
67 24 23
67 23 22
67 22 21
67 21 11
67 11 10
67 10 8
67 10 9
67 21 20
67 20 12
67 20 19
67 19 18
67 18 16
67 16 14
67 14 13
67 16 15
67 18 17
67 26 25
67 29 28
68 34 33
68 33 14
68 14 0
68 14 13
68 13 1
68 13 12
68 12 10
68 10 4
68 4 3
68 3 2
68 10 9
68 9 8
68 8 6
68 6 5
68 8 7
68 12 11
68 33 32
68 32 31
68 31 30
68 30 29
68 29 28
68 28 25
68 25 24
68 24 23
68 23 22
68 22 21
68 21 17
68 17 16
68 16 15
68 21 20
68 20 19
68 19 18
68 28 27
68 27 26
69 34 30
69 30 25
69 25 0
69 25 24
69 24 1
69 24 23
69 23 22
69 22 21
69 21 20
69 20 19
69 19 16
69 16 14
69 14 13
69 13 2
69 13 12
69 12 11
69 11 5
69 5 3
69 5 4
69 11 10
69 10 6
69 10 9
69 9 8
69 8 7
69 16 15
69 19 18
69 18 17
69 30 29
69 29 27
69 27 26
69 29 28
69 34 33
69 33 32
69 32 31
70 30 1
70 1 0
70 30 29
70 29 8
70 8 7
70 7 2
70 7 6
70 6 5
70 5 3
70 5 4
70 29 28
70 28 27
70 27 10
70 10 9
70 27 26
70 26 25
70 25 24
70 24 23
70 23 21
70 21 20
70 20 12
70 12 11
70 20 19
70 19 15
70 15 13
70 15 14
70 19 18
70 18 16
70 18 17
70 23 22
71 29 28
71 28 10
71 10 9
71 9 6
71 6 4
71 4 3
71 3 2
71 2 0
71 2 1
71 6 5
71 9 8
71 8 7
71 28 27
71 27 22
71 22 18
71 18 16
71 16 15
71 15 11
71 15 14
71 14 12
71 14 13
71 18 17
71 22 21
71 21 20
71 20 19
71 27 26
71 26 23
71 26 25
71 25 24
72 33 24
72 24 7
72 7 0
72 7 6
72 6 5
72 5 3
72 3 1
72 3 2
72 5 4
72 24 23
72 23 10
72 10 8
72 10 9
72 23 22
72 22 11
72 22 21
72 21 20
72 20 17
72 17 16
72 16 14
72 14 13
72 13 12
72 16 15
72 20 19
72 19 18
72 33 32
72 32 27
72 27 26
72 26 25
72 32 31
72 31 30
72 30 28
72 30 29
73 33 32
73 32 30
73 30 1
73 1 0
73 30 29
73 29 27
73 27 26
73 26 25
73 25 15
73 15 2
73 15 14
73 14 13
73 13 9
73 9 3
73 9 8
73 8 5
73 5 4
73 8 7
73 7 6
73 13 12
73 12 11
73 11 10
73 25 24
73 24 23
73 23 22
73 22 17
73 17 16
73 22 21
73 21 18
73 21 20
73 20 19
73 29 28
73 32 31
74 32 7
74 7 6
74 6 4
74 4 2
74 2 1
74 1 0
74 4 3
74 6 5
74 32 31
74 31 23
74 23 21
74 21 20
74 20 18
74 18 16
74 16 13
74 13 11
74 11 9
74 9 8
74 11 10
74 13 12
74 16 15
74 15 14
74 18 17
74 20 19
74 23 22
74 31 30
74 30 28
74 28 27
74 27 26
74 26 25
74 25 24
74 30 29
75 30 0
75 30 29
75 29 1
75 29 28
75 28 27
75 27 26
75 26 24
75 24 21
75 21 17
75 17 13
75 13 10
75 10 9
75 9 8
75 8 2
75 8 7
75 7 5
75 5 3
75 5 4
75 7 6
75 13 12
75 12 11
75 17 16
75 16 15
75 15 14
75 21 20
75 20 19
75 19 18
75 24 23
75 23 22
75 26 25
76 32 1
76 1 0
76 32 31
76 31 29
76 29 2
76 29 28
76 28 25
76 25 24
76 24 14
76 14 7
76 7 5
76 5 4
76 4 3
76 7 6
76 14 13
76 13 11
76 11 10
76 10 9
76 9 8
76 13 12
76 24 23
76 23 22
76 22 21
76 21 20
76 20 19
76 19 17
76 17 15
76 17 16
76 19 18
76 28 27
76 27 26
76 31 30
77 33 29
77 29 28
77 28 3
77 3 0
77 3 2
77 2 1
77 28 27
77 27 26
77 26 6
77 6 4
77 6 5
77 26 25
77 25 8
77 8 7
77 25 24
77 24 11
77 11 9
77 11 10
77 24 23
77 23 12
77 23 22
77 22 21
77 21 18
77 18 13
77 18 17
77 17 14
77 17 16
77 16 15
77 21 20
77 20 19
77 33 32
77 32 30
77 32 31
78 30 29
78 29 14
78 14 1
78 1 0
78 14 13
78 13 2
78 13 12
78 12 3
78 12 11
78 11 5
78 5 4
78 11 10
78 10 6
78 10 9
78 9 7
78 9 8
78 29 28
78 28 15
78 28 27
78 27 26
78 26 25
78 25 16
78 25 24
78 24 22
78 22 19
78 19 17
78 19 18
78 22 21
78 21 20
78 24 23
79 30 28
79 28 0
79 28 27
79 27 22
79 22 19
79 19 6
79 6 4
79 4 2
79 2 1
79 4 3
79 6 5
79 19 18
79 18 17
79 17 15
79 15 14
79 14 9
79 9 8
79 8 7
79 14 13
79 13 12
79 12 10
79 12 11
79 17 16
79 22 21
79 21 20
79 27 26
79 26 24
79 24 23
79 26 25
79 30 29
80 32 0
80 32 31
80 31 27
80 27 13
80 13 3
80 3 1
80 3 2
80 13 12
80 12 11
80 11 9
80 9 7
80 7 6
80 6 4
80 6 5
80 9 8
80 11 10
80 27 26
80 26 14
80 26 25
80 25 24
80 24 23
80 23 18
80 18 17
80 17 16
80 16 15
80 23 22
80 22 20
80 20 19
80 22 21
80 31 30
80 30 29
80 29 28
81 34 0
81 34 33
81 33 32
81 32 31
81 31 1
81 31 30
81 30 29
81 29 2
81 29 28
81 28 23
81 23 21
81 21 19
81 19 3
81 19 18
81 18 17
81 17 11
81 11 10
81 10 9
81 9 6
81 6 5
81 5 4
81 9 8
81 8 7
81 17 16
81 16 15
81 15 14
81 14 13
81 13 12
81 21 20
81 23 22
81 28 27
81 27 26
81 26 24
81 26 25
82 30 0
82 30 29
82 29 22
82 22 11
82 11 10
82 10 9
82 9 8
82 8 3
82 3 1
82 3 2
82 8 7
82 7 5
82 5 4
82 7 6
82 22 21
82 21 12
82 21 20
82 20 19
82 19 16
82 16 15
82 15 13
82 15 14
82 19 18
82 18 17
82 29 28
82 28 26
82 26 25
82 25 23
82 25 24
82 28 27
83 31 24
83 24 23
83 23 22
83 22 18
83 18 17
83 17 3
83 3 2
83 2 1
83 1 0
83 17 16
83 16 15
83 15 14
83 14 12
83 12 11
83 11 4
83 11 10
83 10 8
83 8 5
83 8 7
83 7 6
83 10 9
83 14 13
83 22 21
83 21 20
83 20 19
83 31 30
83 30 25
83 30 29
83 29 28
83 28 26
83 28 27
84 31 16
84 16 15
84 15 0
84 15 14
84 14 13
84 13 12
84 12 1
84 12 11
84 11 9
84 9 8
84 8 5
84 5 2
84 5 4
84 4 3
84 8 7
84 7 6
84 11 10
84 31 30
84 30 17
84 30 29
84 29 22
84 22 21
84 21 19
84 19 18
84 21 20
84 29 28
84 28 26
84 26 24
84 24 23
84 26 25
84 28 27
85 34 30
85 30 1
85 1 0
85 30 29
85 29 2
85 29 28
85 28 27
85 27 26
85 26 4
85 4 3
85 26 25
85 25 24
85 24 21
85 21 15
85 15 8
85 8 7
85 7 6
85 6 5
85 15 14
85 14 9
85 14 13
85 13 12
85 12 11
85 11 10
85 21 20
85 20 19
85 19 17
85 17 16
85 19 18
85 24 23
85 23 22
85 34 33
85 33 31
85 33 32
86 31 5
86 5 1
86 1 0
86 5 4
86 4 2
86 4 3
86 31 30
86 30 24
86 24 19
86 19 18
86 18 17
86 17 6
86 17 16
86 16 15
86 15 7
86 15 14
86 14 13
86 13 11
86 11 8
86 11 10
86 10 9
86 13 12
86 24 23
86 23 22
86 22 20
86 22 21
86 30 29
86 29 27
86 27 26
86 26 25
86 29 28
87 32 30
87 30 29
87 29 28
87 28 27
87 27 26
87 26 24
87 24 12
87 12 10
87 10 9
87 9 8
87 8 7
87 7 6
87 6 4
87 4 0
87 4 3
87 3 2
87 2 1
87 6 5
87 12 11
87 24 23
87 23 15
87 15 13
87 15 14
87 23 22
87 22 16
87 22 21
87 21 20
87 20 17
87 20 19
87 19 18
87 26 25
87 32 31
88 30 29
88 29 12
88 12 2
88 2 0
88 2 1
88 12 11
88 11 8
88 8 4
88 4 3
88 8 7
88 7 6
88 6 5
88 11 10
88 10 9
88 29 28
88 28 26
88 26 18
88 18 16
88 16 15
88 15 13
88 15 14
88 18 17
88 26 25
88 25 24
88 24 19
88 24 23
88 23 22
88 22 20
88 22 21
88 28 27
89 34 0
89 34 33
89 33 31
89 31 18
89 18 16
89 16 3
89 3 2
89 2 1
89 16 15
89 15 14
89 14 12
89 12 11
89 11 8
89 8 7
89 7 6
89 6 5
89 5 4
89 11 10
89 10 9
89 14 13
89 18 17
89 31 30
89 30 24
89 24 22
89 22 21
89 21 19
89 21 20
89 24 23
89 30 29
89 29 27
89 27 26
89 26 25
89 29 28
89 33 32
90 34 2
90 2 0
90 2 1
90 34 33
90 33 26
90 26 3
90 26 25
90 25 4
90 25 24
90 24 23
90 23 19
90 19 18
90 18 7
90 7 6
90 6 5
90 18 17
90 17 10
90 10 9
90 9 8
90 17 16
90 16 12
90 12 11
90 16 15
90 15 13
90 15 14
90 23 22
90 22 20
90 22 21
90 33 32
90 32 30
90 30 29
90 29 27
90 29 28
90 32 31
91 31 1
91 1 0
91 31 30
91 30 29
91 29 13
91 13 12
91 12 11
91 11 10
91 10 3
91 3 2
91 10 9
91 9 7
91 7 6
91 6 4
91 6 5
91 9 8
91 29 28
91 28 27
91 27 14
91 27 26
91 26 25
91 25 15
91 25 24
91 24 23
91 23 22
91 22 16
91 22 21
91 21 18
91 18 17
91 21 20
91 20 19
92 33 32
92 32 31
92 31 30
92 30 29
92 29 4
92 4 3
92 3 1
92 1 0
92 3 2
92 29 28
92 28 5
92 28 27
92 27 12
92 12 11
92 11 7
92 7 6
92 11 10
92 10 9
92 9 8
92 27 26
92 26 25
92 25 24
92 24 23
92 23 18
92 18 15
92 15 13
92 15 14
92 18 17
92 17 16
92 23 22
92 22 19
92 22 21
92 21 20
93 32 17
93 17 0
93 17 16
93 16 14
93 14 13
93 13 2
93 2 1
93 13 12
93 12 6
93 6 3
93 6 5
93 5 4
93 12 11
93 11 8
93 8 7
93 11 10
93 10 9
93 16 15
93 32 31
93 31 28
93 28 24
93 24 20
93 20 18
93 20 19
93 24 23
93 23 22
93 22 21
93 28 27
93 27 26
93 26 25
93 31 30
93 30 29
94 31 30
94 30 29
94 29 18
94 18 17
94 17 16
94 16 15
94 15 14
94 14 13
94 13 12
94 12 11
94 11 1
94 1 0
94 11 10
94 10 7
94 7 6
94 6 2
94 6 5
94 5 3
94 5 4
94 10 9
94 9 8
94 29 28
94 28 26
94 26 24
94 24 23
94 23 19
94 23 22
94 22 21
94 21 20
94 26 25
94 28 27
95 34 2
95 2 1
95 1 0
95 34 33
95 33 32
95 32 31
95 31 30
95 30 6
95 6 5
95 5 3
95 5 4
95 30 29
95 29 19
95 19 18
95 18 7
95 18 17
95 17 8
95 17 16
95 16 15
95 15 14
95 14 11
95 11 10
95 10 9
95 14 13
95 13 12
95 29 28
95 28 27
95 27 26
95 26 24
95 24 23
95 23 20
95 23 22
95 22 21
95 26 25
96 33 32
96 32 31
96 31 12
96 12 2
96 2 0
96 2 1
96 12 11
96 11 4
96 4 3
96 11 10
96 10 9
96 9 8
96 8 6
96 6 5
96 8 7
96 31 30
96 30 29
96 29 22
96 22 21
96 21 13
96 21 20
96 20 19
96 19 18
96 18 17
96 17 16
96 16 15
96 15 14
96 29 28
96 28 26
96 26 23
96 26 25
96 25 24
96 28 27
97 29 28
97 28 27
97 27 17
97 17 0
97 17 16
97 16 15
97 15 1
97 15 14
97 14 3
97 3 2
97 14 13
97 13 12
97 12 8
97 8 6
97 6 5
97 5 4
97 8 7
97 12 11
97 11 10
97 10 9
97 27 26
97 26 18
97 26 25
97 25 19
97 25 24
97 24 22
97 22 21
97 21 20
97 24 23
98 32 4
98 4 0
98 4 3
98 3 1
98 3 2
98 32 31
98 31 23
98 23 22
98 22 20
98 20 19
98 19 17
98 17 6
98 6 5
98 17 16
98 16 13
98 13 12
98 12 10
98 10 7
98 10 9
98 9 8
98 12 11
98 16 15
98 15 14
98 19 18
98 22 21
98 31 30
98 30 28
98 28 27
98 27 25
98 25 24
98 27 26
98 30 29
99 32 0
99 32 31
99 31 29
99 29 28
99 28 1
99 28 27
99 27 21
99 21 20
99 20 16
99 16 13
99 13 2
99 13 12
99 12 7
99 7 6
99 6 5
99 5 3
99 5 4
99 12 11
99 11 10
99 10 8
99 10 9
99 16 15
99 15 14
99 20 19
99 19 18
99 18 17
99 27 26
99 26 25
99 25 22
99 25 24
99 24 23
99 31 30
100 32 31
100 31 10
100 10 1
100 1 0
100 10 9
100 9 7
100 7 5
100 5 2
100 5 4
100 4 3
100 7 6
100 9 8
100 31 30
100 30 27
100 27 25
100 25 23
100 23 15
100 15 14
100 14 11
100 14 13
100 13 12
100 23 22
100 22 20
100 20 18
100 18 16
100 18 17
100 20 19
100 22 21
100 25 24
100 27 26
100 30 29
100 29 28
101 30 22
101 22 21
101 21 20
101 20 19
101 19 14
101 14 13
101 13 3
101 3 2
101 2 1
101 1 0
101 13 12
101 12 5
101 5 4
101 12 11
101 11 10
101 10 6
101 10 9
101 9 7
101 9 8
101 19 18
101 18 16
101 16 15
101 18 17
101 30 29
101 29 25
101 25 24
101 24 23
101 29 28
101 28 26
101 28 27
