1 30 0
1 30 29
1 29 2
1 2 1
1 29 28
1 28 27
1 27 26
1 26 9
1 9 3
1 9 8
1 8 5
1 5 4
1 8 7
1 7 6
1 26 25
1 25 23
1 23 21
1 21 20
1 20 10
1 20 19
1 19 17
1 17 15
1 15 11
1 15 14
1 14 13
1 13 12
1 17 16
1 19 18
1 23 22
1 25 24
2 31 14
2 14 11
2 11 10
2 10 7
2 7 6
2 6 5
2 5 4
2 4 0
2 4 3
2 3 1
2 3 2
2 10 9
2 9 8
2 14 13
2 13 12
2 31 30
2 30 29
2 29 15
2 29 28
2 28 27
2 27 19
2 19 18
2 18 17
2 17 16
2 27 26
2 26 25
2 25 24
2 24 20
2 24 23
2 23 22
2 22 21
3 34 33
3 33 26
3 26 1
3 1 0
3 26 25
3 25 24
3 24 22
3 22 7
3 7 5
3 5 3
3 3 2
3 5 4
3 7 6
3 22 21
3 21 20
3 20 9
3 9 8
3 20 19
3 19 12
3 12 10
3 12 11
3 19 18
3 18 17
3 17 15
3 15 14
3 14 13
3 17 16
3 24 23
3 33 32
3 32 29
3 29 28
3 28 27
3 32 31
3 31 30
4 33 32
4 32 29
4 29 1
4 1 0
4 29 28
4 28 23
4 23 11
4 11 9
4 9 7
4 7 2
4 7 6
4 6 3
4 6 5
4 5 4
4 9 8
4 11 10
4 23 22
4 22 12
4 22 21
4 21 20
4 20 19
4 19 16
4 16 15
4 15 13
4 15 14
4 19 18
4 18 17
4 28 27
4 27 25
4 25 24
4 27 26
4 32 31
4 31 30
5 29 28
5 28 17
5 17 16
5 16 2
5 2 0
5 2 1
5 16 15
5 15 10
5 10 5
5 5 3
5 5 4
5 10 9
5 9 8
5 8 7
5 7 6
5 15 14
5 14 12
5 12 11
5 14 13
5 28 27
5 27 25
5 25 24
5 24 22
5 22 20
5 20 18
5 20 19
5 22 21
5 24 23
5 27 26
6 34 27
6 27 26
6 26 25
6 25 24
6 24 23
6 23 16
6 16 15
6 15 0
6 15 14
6 14 3
6 3 2
6 2 1
6 14 13
6 13 10
6 10 9
6 9 4
6 9 8
6 8 7
6 7 5
6 7 6
6 13 12
6 12 11
6 23 22
6 22 17
6 22 21
6 21 20
6 20 19
6 19 18
6 34 33
6 33 28
6 33 32
6 32 31
6 31 29
6 31 30
7 31 4
7 4 2
7 2 1
7 1 0
7 4 3
7 31 30
7 30 29
7 29 7
7 7 5
7 7 6
7 29 28
7 28 27
7 27 26
7 26 25
7 25 24
7 24 23
7 23 22
7 22 11
7 11 8
7 11 10
7 10 9
7 22 21
7 21 18
7 18 14
7 14 13
7 13 12
7 18 17
7 17 15
7 17 16
7 21 20
7 20 19
8 31 30
8 30 28
8 28 1
8 1 0
8 28 27
8 27 2
8 27 26
8 26 19
8 19 18
8 18 6
8 6 4
8 4 3
8 6 5
8 18 17
8 17 12
8 12 11
8 11 10
8 10 7
8 10 9
8 9 8
8 17 16
8 16 15
8 15 13
8 15 14
8 26 25
8 25 24
8 24 20
8 24 23
8 23 21
8 23 22
8 30 29
9 31 30
9 30 25
9 25 0
9 25 24
9 24 1
9 24 23
9 23 22
9 22 21
9 21 15
9 15 3
9 3 2
9 15 14
9 14 6
9 6 5
9 5 4
9 14 13
9 13 12
9 12 8
9 8 7
9 12 11
9 11 10
9 10 9
9 21 20
9 20 18
9 18 16
9 18 17
9 20 19
9 30 29
9 29 28
9 28 26
9 28 27
10 32 0
10 32 31
10 31 30
10 30 29
10 29 27
10 27 1
10 27 26
10 26 24
10 24 22
10 22 15
10 15 14
10 14 11
10 11 2
10 11 10
10 10 9
10 9 7
10 7 5
10 5 4
10 4 3
10 7 6
10 9 8
10 14 13
10 13 12
10 22 21
10 21 20
10 20 19
10 19 18
10 18 17
10 17 16
10 24 23
10 26 25
10 29 28
11 32 31
11 31 24
11 24 6
11 6 0
11 6 5
11 5 2
11 2 1
11 5 4
11 4 3
11 24 23
11 23 8
11 8 7
11 23 22
11 22 17
11 17 16
11 16 15
11 15 14
11 14 10
11 10 9
11 14 13
11 13 12
11 12 11
11 22 21
11 21 20
11 20 19
11 19 18
11 31 30
11 30 29
11 29 28
11 28 27
11 27 26
11 26 25
12 29 3
12 3 0
12 3 2
12 2 1
12 29 28
12 28 5
12 5 4
12 28 27
12 27 15
12 15 7
12 7 6
12 15 14
12 14 12
12 12 11
12 11 10
12 10 9
12 9 8
12 14 13
12 27 26
12 26 23
12 23 22
12 22 16
12 22 21
12 21 18
12 18 17
12 21 20
12 20 19
12 26 25
12 25 24
13 33 18
13 18 7
13 7 4
13 4 3
13 3 0
13 3 2
13 2 1
13 7 6
13 6 5
13 18 17
13 17 16
13 16 8
13 16 15
13 15 11
13 11 10
13 10 9
13 15 14
13 14 13
13 13 12
13 33 32
13 32 31
13 31 28
13 28 26
13 26 19
13 26 25
13 25 24
13 24 23
13 23 22
13 22 21
13 21 20
13 28 27
13 31 30
13 30 29
14 33 0
14 33 32
14 32 21
14 21 1
14 21 20
14 20 19
14 19 2
14 19 18
14 18 17
14 17 16
14 16 14
14 14 13
14 13 12
14 12 10
14 10 9
14 9 7
14 7 6
14 6 3
14 6 5
14 5 4
14 9 8
14 12 11
14 16 15
14 32 31
14 31 23
14 23 22
14 31 30
14 30 29
14 29 28
14 28 27
14 27 24
14 27 26
14 26 25
15 30 29
15 29 4
15 4 1
15 1 0
15 4 3
15 3 2
15 29 28
15 28 5
15 28 27
15 27 8
15 8 6
15 8 7
15 27 26
15 26 24
15 24 23
15 23 22
15 22 21
15 21 9
15 21 20
15 20 19
15 19 17
15 17 16
15 16 10
15 16 15
15 15 12
15 12 11
15 15 14
15 14 13
15 19 18
15 26 25
16 29 28
16 28 26
16 26 4
16 4 0
16 4 3
16 3 2
16 2 1
16 26 25
16 25 24
16 24 23
16 23 20
16 20 15
16 15 10
16 10 9
16 9 6
16 6 5
16 9 8
16 8 7
16 15 14
16 14 13
16 13 12
16 12 11
16 20 19
16 19 17
16 17 16
16 19 18
16 23 22
16 22 21
16 28 27
17 30 29
17 29 28
17 28 27
17 27 26
17 26 24
17 24 0
17 24 23
17 23 19
17 19 10
17 10 8
17 8 7
17 7 1
17 7 6
17 6 5
17 5 2
17 5 4
17 4 3
17 10 9
17 19 18
17 18 11
17 18 17
17 17 12
17 17 16
17 16 15
17 15 14
17 14 13
17 23 22
17 22 20
17 22 21
17 26 25
18 34 33
18 33 32
18 32 1
18 1 0
18 32 31
18 31 30
18 30 9
18 9 8
18 8 7
18 7 6
18 6 5
18 5 2
18 5 4
18 4 3
18 30 29
18 29 28
18 28 10
18 28 27
18 27 26
18 26 25
18 25 11
18 25 24
18 24 23
18 23 22
18 22 21
18 21 20
18 20 12
18 20 19
18 19 13
18 19 18
18 18 16
18 16 15
18 15 14
18 18 17
19 32 30
19 30 29
19 29 21
19 21 0
19 21 20
19 20 7
19 7 6
19 6 3
19 3 2
19 2 1
19 6 5
19 5 4
19 20 19
19 19 18
19 18 10
19 10 9
19 9 8
19 18 17
19 17 16
19 16 11
19 16 15
19 15 13
19 13 12
19 15 14
19 29 28
19 28 27
19 27 25
19 25 23
19 23 22
19 25 24
19 27 26
19 32 31
20 31 0
20 31 30
20 30 29
20 29 22
20 22 20
20 20 3
20 3 1
20 3 2
20 20 19
20 19 18
20 18 17
20 17 16
20 16 15
20 15 14
20 14 13
20 13 11
20 11 7
20 7 5
20 5 4
20 7 6
20 11 10
20 10 9
20 9 8
20 13 12
20 22 21
20 29 28
20 28 23
20 28 27
20 27 24
20 27 26
20 26 25
21 34 33
21 33 32
21 32 31
21 31 30
21 30 3
21 3 1
21 1 0
21 3 2
21 30 29
21 29 13
21 13 9
21 9 6
21 6 5
21 5 4
21 9 8
21 8 7
21 13 12
21 12 10
21 12 11
21 29 28
21 28 27
21 27 15
21 15 14
21 27 26
21 26 25
21 25 19
21 19 17
21 17 16
21 19 18
21 25 24
21 24 20
21 24 23
21 23 22
21 22 21
22 34 33
22 33 31
22 31 21
22 21 20
22 20 4
22 4 3
22 3 0
22 3 2
22 2 1
22 20 19
22 19 10
22 10 5
22 10 9
22 9 7
22 7 6
22 9 8
22 19 18
22 18 17
22 17 16
22 16 15
22 15 11
22 15 14
22 14 12
22 14 13
22 31 30
22 30 29
22 29 22
22 29 28
22 28 25
22 25 23
22 25 24
22 28 27
22 27 26
22 33 32
23 33 0
23 33 32
23 32 6
23 6 5
23 5 1
23 5 4
23 4 3
23 3 2
23 32 31
23 31 25
23 25 7
23 25 24
23 24 14
23 14 11
23 11 8
23 11 10
23 10 9
23 14 13
23 13 12
23 24 23
23 23 15
23 23 22
23 22 21
23 21 20
23 20 17
23 17 16
23 20 19
23 19 18
23 31 30
23 30 27
23 27 26
23 30 29
23 29 28
24 34 32
24 32 31
24 31 30
24 30 24
24 24 12
24 12 11
24 11 2
24 2 0
24 2 1
24 11 10
24 10 8
24 8 7
24 7 3
24 7 6
24 6 4
24 6 5
24 10 9
24 24 23
24 23 15
24 15 13
24 15 14
24 23 22
24 22 19
24 19 17
24 17 16
24 19 18
24 22 21
24 21 20
24 30 29
24 29 27
24 27 26
24 26 25
24 29 28
24 34 33
25 34 6
25 6 1
25 1 0
25 6 5
25 5 4
25 4 2
25 4 3
25 34 33
25 33 31
25 31 30
25 30 23
25 23 22
25 22 8
25 8 7
25 22 21
25 21 19
25 19 18
25 18 17
25 17 16
25 16 15
25 15 10
25 10 9
25 15 14
25 14 12
25 12 11
25 14 13
25 21 20
25 30 29
25 29 28
25 28 24
25 28 27
25 27 25
25 27 26
25 33 32
26 33 32
26 32 21
26 21 17
26 17 16
26 16 15
26 15 8
26 8 5
26 5 0
26 5 4
26 4 1
26 4 3
26 3 2
26 8 7
26 7 6
26 15 14
26 14 12
26 12 11
26 11 9
26 11 10
26 14 13
26 21 20
26 20 18
26 20 19
26 32 31
26 31 30
26 30 22
26 30 29
26 29 28
26 28 26
26 26 25
26 25 24
26 24 23
26 28 27
27 32 29
27 29 0
27 29 28
27 28 27
27 27 25
27 25 3
27 3 2
27 2 1
27 25 24
27 24 4
27 24 23
27 23 22
27 22 10
27 10 8
27 8 7
27 7 6
27 6 5
27 10 9
27 22 21
27 21 14
27 14 13
27 13 11
27 13 12
27 21 20
27 20 18
27 18 17
27 17 15
27 17 16
27 20 19
27 27 26
27 32 31
27 31 30
28 32 0
28 32 31
28 31 30
28 30 29
28 29 28
28 28 26
28 26 1
28 26 25
28 25 22
28 22 20
28 20 19
28 19 17
28 17 3
28 3 2
28 17 16
28 16 4
28 16 15
28 15 14
28 14 12
28 12 10
28 10 9
28 9 6
28 6 5
28 9 8
28 8 7
28 12 11
28 14 13
28 19 18
28 22 21
28 25 24
28 24 23
28 28 27
29 34 8
29 8 7
29 7 1
29 1 0
29 7 6
29 6 3
29 3 2
29 6 5
29 5 4
29 34 33
29 33 32
29 32 9
29 32 31
29 31 30
29 30 28
29 28 26
29 26 24
29 24 23
29 23 20
29 20 19
29 19 10
29 19 18
29 18 17
29 17 13
29 13 12
29 12 11
29 17 16
29 16 15
29 15 14
29 23 22
29 22 21
29 26 25
29 28 27
29 30 29
30 32 31
30 31 18
30 18 0
30 18 17
30 17 16
30 16 13
30 13 2
30 2 1
30 13 12
30 12 10
30 10 9
30 9 8
30 8 7
30 7 4
30 4 3
30 7 6
30 6 5
30 12 11
30 16 15
30 15 14
30 31 30
30 30 28
30 28 20
30 20 19
30 28 27
30 27 26
30 26 23
30 23 21
30 23 22
30 26 25
30 25 24
30 30 29
31 32 0
31 32 31
31 31 1
31 31 30
31 30 29
31 29 22
31 22 17
31 17 2
31 17 16
31 16 13
31 13 10
31 10 9
31 9 8
31 8 7
31 7 3
31 7 6
31 6 5
31 5 4
31 13 12
31 12 11
31 16 15
31 15 14
31 22 21
31 21 18
31 21 20
31 20 19
31 29 28
31 28 27
31 27 25
31 25 24
31 24 23
31 27 26
32 30 3
32 3 0
32 3 2
32 2 1
32 30 29
32 29 4
32 29 28
32 28 27
32 27 26
32 26 11
32 11 10
32 10 9
32 9 6
32 6 5
32 9 8
32 8 7
32 26 25
32 25 24
32 24 18
32 18 12
32 18 17
32 17 16
32 16 15
32 15 14
32 14 13
32 24 23
32 23 20
32 20 19
32 23 22
32 22 21
33 29 17
33 17 0
33 17 16
33 16 15
33 15 14
33 14 5
33 5 2
33 2 1
33 5 4
33 4 3
33 14 13
33 13 12
33 12 10
33 10 9
33 9 8
33 8 6
33 8 7
33 12 11
33 29 28
33 28 20
33 20 19
33 19 18
33 28 27
33 27 21
33 27 26
33 26 22
33 26 25
33 25 23
33 25 24
34 32 26
34 26 25
34 25 23
34 23 0
34 23 22
34 22 4
34 4 1
34 4 3
34 3 2
34 22 21
34 21 13
34 13 9
34 9 8
34 8 7
34 7 6
34 6 5
34 13 12
34 12 10
34 12 11
34 21 20
34 20 18
34 18 17
34 17 16
34 16 15
34 15 14
34 20 19
34 25 24
34 32 31
34 31 27
34 31 30
34 30 28
34 30 29
35 33 32
35 32 26
35 26 9
35 9 6
35 6 5
35 5 1
35 1 0
35 5 4
35 4 3
35 3 2
35 9 8
35 8 7
35 26 25
35 25 24
35 24 20
35 20 13
35 13 12
35 12 11
35 11 10
35 20 19
35 19 18
35 18 16
35 16 15
35 15 14
35 18 17
35 24 23
35 23 21
35 23 22
35 32 31
35 31 29
35 29 27
35 29 28
35 31 30
36 31 27
36 27 22
36 22 6
36 6 5
36 5 4
36 4 3
36 3 2
36 2 0
36 2 1
36 22 21
36 21 20
36 20 19
36 19 17
36 17 7
36 17 16
36 16 12
36 12 8
36 12 11
36 11 10
36 10 9
36 16 15
36 15 13
36 15 14
36 19 18
36 27 26
36 26 25
36 25 23
36 25 24
36 31 30
36 30 28
36 30 29
37 34 33
37 33 7
37 7 4
37 4 3
37 3 1
37 1 0
37 3 2
37 7 6
37 6 5
37 33 32
37 32 13
37 13 10
37 10 9
37 9 8
37 13 12
37 12 11
37 32 31
37 31 14
37 31 30
37 30 15
37 30 29
37 29 27
37 27 23
37 23 22
37 22 21
37 21 19
37 19 18
37 18 16
37 18 17
37 21 20
37 27 26
37 26 25
37 25 24
37 29 28
38 29 0
38 29 28
38 28 27
38 27 26
38 26 1
38 26 25
38 25 2
38 25 24
38 24 5
38 5 4
38 4 3
38 24 23
38 23 22
38 22 15
38 15 6
38 15 14
38 14 12
38 12 10
38 10 9
38 9 8
38 8 7
38 12 11
38 14 13
38 22 21
38 21 19
38 19 18
38 18 16
38 18 17
38 21 20
39 32 30
39 30 29
39 29 0
39 29 28
39 28 24
39 24 23
39 23 22
39 22 21
39 21 20
39 20 2
39 2 1
39 20 19
39 19 9
39 9 8
39 8 7
39 7 5
39 5 3
39 5 4
39 7 6
39 19 18
39 18 12
39 12 11
39 11 10
39 18 17
39 17 15
39 15 13
39 15 14
39 17 16
39 28 27
39 27 26
39 26 25
39 32 31
40 30 27
40 27 25
40 25 11
40 11 0
40 11 10
40 10 2
40 2 1
40 10 9
40 9 6
40 6 4
40 4 3
40 6 5
40 9 8
40 8 7
40 25 24
40 24 23
40 23 21
40 21 15
40 15 14
40 14 12
40 14 13
40 21 20
40 20 19
40 19 18
40 18 16
40 18 17
40 23 22
40 27 26
40 30 29
40 29 28
41 33 32
41 32 0
41 32 31
41 31 18
41 18 15
41 15 14
41 14 9
41 9 8
41 8 2
41 2 1
41 8 7
41 7 3
41 7 6
41 6 4
41 6 5
41 14 13
41 13 12
41 12 10
41 12 11
41 18 17
41 17 16
41 31 30
41 30 28
41 28 20
41 20 19
41 28 27
41 27 26
41 26 23
41 23 21
41 23 22
41 26 25
41 25 24
41 30 29
42 34 32
42 32 5
42 5 2
42 2 0
42 2 1
42 5 4
42 4 3
42 32 31
42 31 30
42 30 29
42 29 28
42 28 27
42 27 26
42 26 19
42 19 18
42 18 17
42 17 7
42 7 6
42 17 16
42 16 14
42 14 11
42 11 10
42 10 9
42 9 8
42 14 13
42 13 12
42 16 15
42 26 25
42 25 24
42 24 23
42 23 21
42 21 20
42 23 22
42 34 33
43 34 33
43 33 29
43 29 28
43 28 27
43 27 25
43 25 0
43 25 24
43 24 23
43 23 1
43 23 22
43 22 17
43 17 16
43 16 15
43 15 8
43 8 6
43 6 5
43 5 3
43 3 2
43 5 4
43 8 7
43 15 14
43 14 13
43 13 12
43 12 9
43 12 11
43 11 10
43 22 21
43 21 19
43 19 18
43 21 20
43 27 26
43 33 32
43 32 31
43 31 30
44 33 28
44 28 27
44 27 26
44 26 25
44 25 3
44 3 2
44 2 0
44 2 1
44 25 24
44 24 8
44 8 7
44 7 6
44 6 5
44 5 4
44 24 23
44 23 9
44 23 22
44 22 10
44 22 21
44 21 19
44 19 14
44 14 11
44 14 13
44 13 12
44 19 18
44 18 16
44 16 15
44 18 17
44 21 20
44 33 32
44 32 31
44 31 30
44 30 29
45 29 27
45 27 26
45 26 25
45 25 24
45 24 2
45 2 0
45 2 1
45 24 23
45 23 20
45 20 4
45 4 3
45 20 19
45 19 18
45 18 14
45 14 12
45 12 10
45 10 9
45 9 5
45 9 8
45 8 7
45 7 6
45 12 11
45 14 13
45 18 17
45 17 16
45 16 15
45 23 22
45 22 21
45 29 28
46 34 33
46 33 0
46 33 32
46 32 31
46 31 27
46 27 25
46 25 24
46 24 1
46 24 23
46 23 2
46 23 22
46 22 21
46 21 9
46 9 8
46 8 5
46 5 4
46 4 3
46 8 7
46 7 6
46 21 20
46 20 19
46 19 16
46 16 10
46 16 15
46 15 14
46 14 11
46 14 13
46 13 12
46 19 18
46 18 17
46 27 26
46 31 30
46 30 28
46 30 29
47 31 29
47 29 1
47 1 0
47 29 28
47 28 22
47 22 21
47 21 20
47 20 3
47 3 2
47 20 19
47 19 11
47 11 4
47 11 10
47 10 8
47 8 6
47 6 5
47 8 7
47 10 9
47 19 18
47 18 12
47 18 17
47 17 13
47 17 16
47 16 14
47 16 15
47 28 27
47 27 26
47 26 25
47 25 23
47 25 24
47 31 30
48 31 25
48 25 3
48 3 1
48 1 0
48 3 2
48 25 24
48 24 23
48 23 22
48 22 6
48 6 5
48 5 4
48 22 21
48 21 7
48 21 20
48 20 19
48 19 17
48 17 16
48 16 15
48 15 14
48 14 10
48 10 8
48 10 9
48 14 13
48 13 11
48 13 12
48 19 18
48 31 30
48 30 29
48 29 26
48 29 28
48 28 27
49 29 28
49 28 26
49 26 22
49 22 21
49 21 20
49 20 13
49 13 8
49 8 0
49 8 7
49 7 2
49 2 1
49 7 6
49 6 3
49 6 5
49 5 4
49 13 12
49 12 10
49 10 9
49 12 11
49 20 19
49 19 17
49 17 14
49 17 16
49 16 15
49 19 18
49 26 25
49 25 23
49 25 24
49 28 27
50 33 1
50 1 0
50 33 32
50 32 18
50 18 17
50 17 16
50 16 15
50 15 14
50 14 4
50 4 3
50 3 2
50 14 13
50 13 6
50 6 5
50 13 12
50 12 11
50 11 8
50 8 7
50 11 10
50 10 9
50 32 31
50 31 30
50 30 29
50 29 25
50 25 24
50 24 19
50 24 23
50 23 22
50 22 21
50 21 20
50 29 28
50 28 27
50 27 26
51 30 29
51 29 28
51 28 27
51 27 11
51 11 5
51 5 0
51 5 4
51 4 3
51 3 1
51 3 2
51 11 10
51 10 9
51 9 8
51 8 6
51 8 7
51 27 26
51 26 21
51 21 13
51 13 12
51 21 20
51 20 17
51 17 16
51 16 15
51 15 14
51 20 19
51 19 18
51 26 25
51 25 24
51 24 22
51 24 23
52 30 0
52 30 29
52 29 1
52 29 28
52 28 22
52 22 21
52 21 2
52 21 20
52 20 18
52 18 17
52 17 15
52 15 13
52 13 3
52 13 12
52 12 6
52 6 4
52 6 5
52 12 11
52 11 10
52 10 8
52 8 7
52 10 9
52 15 14
52 17 16
52 20 19
52 28 27
52 27 26
52 26 25
52 25 23
52 25 24
53 29 27
53 27 16
53 16 13
53 13 3
53 3 1
53 1 0
53 3 2
53 13 12
53 12 5
53 5 4
53 12 11
53 11 10
53 10 8
53 8 6
53 8 7
53 10 9
53 16 15
53 15 14
53 27 26
53 26 17
53 26 25
53 25 23
53 23 20
53 20 19
53 19 18
53 23 22
53 22 21
53 25 24
53 29 28
54 34 31
54 31 2
54 2 1
54 1 0
54 31 30
54 30 19
54 19 18
54 18 16
54 16 15
54 15 14
54 14 12
54 12 7
54 7 3
54 7 6
54 6 4
54 6 5
54 12 11
54 11 8
54 11 10
54 10 9
54 14 13
54 18 17
54 30 29
54 29 22
54 22 21
54 21 20
54 29 28
54 28 27
54 27 23
54 27 26
54 26 24
54 26 25
54 34 33
54 33 32
55 31 29
55 29 24
55 24 23
55 23 0
55 23 22
55 22 4
55 4 3
55 3 2
55 2 1
55 22 21
55 21 16
55 16 6
55 6 5
55 16 15
55 15 9
55 9 7
55 9 8
55 15 14
55 14 13
55 13 11
55 11 10
55 13 12
55 21 20
55 20 17
55 20 19
55 19 18
55 29 28
55 28 25
55 28 27
55 27 26
55 31 30
56 30 28
56 28 26
56 26 23
56 23 21
56 21 20
56 20 16
56 16 0
56 16 15
56 15 13
56 13 6
56 6 5
56 5 4
56 4 3
56 3 2
56 2 1
56 13 12
56 12 11
56 11 9
56 9 7
56 9 8
56 11 10
56 15 14
56 20 19
56 19 17
56 19 18
56 23 22
56 26 25
56 25 24
56 28 27
56 30 29
57 31 30
57 30 29
57 29 28
57 28 0
57 28 27
57 27 26
57 26 6
57 6 5
57 5 4
57 4 1
57 4 3
57 3 2
57 26 25
57 25 24
57 24 7
57 24 23
57 23 19
57 19 10
57 10 8
57 10 9
57 19 18
57 18 17
57 17 14
57 14 11
57 14 13
57 13 12
57 17 16
57 16 15
57 23 22
57 22 20
57 22 21
58 33 32
58 32 31
58 31 30
58 30 27
58 27 0
58 27 26
58 26 3
58 3 1
58 3 2
58 26 25
58 25 5
58 5 4
58 25 24
58 24 22
58 22 11
58 11 10
58 10 8
58 8 7
58 7 6
58 10 9
58 22 21
58 21 19
58 19 18
58 18 17
58 17 16
58 16 15
58 15 13
58 13 12
58 15 14
58 21 20
58 24 23
58 30 29
58 29 28
59 33 32
59 32 31
59 31 30
59 30 29
59 29 4
59 4 3
59 3 0
59 3 2
59 2 1
59 29 28
59 28 5
59 28 27
59 27 26
59 26 25
59 25 24
59 24 22
59 22 8
59 8 6
59 8 7
59 22 21
59 21 20
59 20 15
59 15 9
59 15 14
59 14 10
59 14 13
59 13 12
59 12 11
59 20 19
59 19 16
59 19 18
59 18 17
59 24 23
60 30 29
60 29 28
60 28 23
60 23 22
60 22 8
60 8 6
60 6 5
60 5 4
60 4 3
60 3 2
60 2 1
60 1 0
60 8 7
60 22 21
60 21 19
60 19 18
60 18 12
60 12 9
60 12 11
60 11 10
60 18 17
60 17 16
60 16 15
60 15 14
60 14 13
60 21 20
60 28 27
60 27 24
60 27 26
60 26 25
61 31 29
61 29 2
61 2 0
61 2 1
61 29 28
61 28 24
61 24 19
61 19 11
61 11 10
61 10 8
61 8 5
61 5 3
61 5 4
61 8 7
61 7 6
61 10 9
61 19 18
61 18 13
61 13 12
61 18 17
61 17 14
61 17 16
61 16 15
61 24 23
61 23 22
61 22 20
61 22 21
61 28 27
61 27 25
61 27 26
61 31 30
62 32 1
62 1 0
62 32 31
62 31 25
62 25 23
62 23 22
62 22 21
62 21 2
62 21 20
62 20 3
62 20 19
62 19 18
62 18 4
62 18 17
62 17 16
62 16 15
62 15 5
62 15 14
62 14 13
62 13 12
62 12 11
62 11 10
62 10 8
62 8 6
62 8 7
62 10 9
62 25 24
62 31 30
62 30 27
62 27 26
62 30 29
62 29 28
63 29 28
63 28 0
63 28 27
63 27 12
63 12 11
63 11 1
63 11 10
63 10 2
63 10 9
63 9 7
63 7 3
63 7 6
63 6 4
63 6 5
63 9 8
63 27 26
63 26 17
63 17 16
63 16 14
63 14 13
63 16 15
63 26 25
63 25 20
63 20 19
63 19 18
63 25 24
63 24 23
63 23 21
63 23 22
64 32 26
64 26 25
64 25 19
64 19 14
64 14 12
64 12 0
64 12 11
64 11 9
64 9 5
64 5 4
64 4 3
64 3 2
64 2 1
64 9 8
64 8 7
64 7 6
64 11 10
64 14 13
64 19 18
64 18 16
64 16 15
64 18 17
64 25 24
64 24 20
64 24 23
64 23 22
64 22 21
64 32 31
64 31 27
64 31 30
64 30 29
64 29 28
65 29 28
65 28 1
65 1 0
65 28 27
65 27 7
65 7 6
65 6 4
65 4 3
65 3 2
65 6 5
65 27 26
65 26 24
65 24 8
65 24 23
65 23 21
65 21 13
65 13 11
65 11 10
65 10 9
65 13 12
65 21 20
65 20 14
65 20 19
65 19 15
65 19 18
65 18 17
65 17 16
65 23 22
65 26 25
66 33 32
66 32 16
66 16 5
66 5 4
66 4 3
66 3 2
66 2 0
66 2 1
66 16 15
66 15 14
66 14 13
66 13 12
66 12 11
66 11 8
66 8 7
66 7 6
66 11 10
66 10 9
66 32 31
66 31 28
66 28 19
66 19 17
66 19 18
66 28 27
66 27 25
66 25 22
66 22 21
66 21 20
66 25 24
66 24 23
66 27 26
66 31 30
66 30 29
67 33 0
67 33 32
67 32 25
67 25 24
67 24 9
67 9 8
67 8 7
67 7 3
67 3 1
67 3 2
67 7 6
67 6 5
67 5 4
67 24 23
67 23 21
67 21 19
67 19 12
67 12 10
67 12 11
67 19 18
67 18 13
67 18 17
67 17 14
67 17 16
67 16 15
67 21 20
67 23 22
67 32 31
67 31 27
67 27 26
67 31 30
67 30 29
67 29 28
68 32 31
68 31 30
68 30 29
68 29 10
68 10 4
68 4 0
68 4 3
68 3 2
68 2 1
68 10 9
68 9 8
68 8 7
68 7 5
68 7 6
68 29 28
68 28 26
68 26 24
68 24 18
68 18 16
68 16 11
68 16 15
68 15 14
68 14 12
68 14 13
68 18 17
68 24 23
68 23 22
68 22 20
68 20 19
68 22 21
68 26 25
68 28 27
69 29 22
69 22 21
69 21 0
69 21 20
69 20 8
69 8 7
69 7 6
69 6 4
69 4 2
69 2 1
69 4 3
69 6 5
69 20 19
69 19 18
69 18 11
69 11 9
69 11 10
69 18 17
69 17 16
69 16 15
69 15 14
69 14 13
69 13 12
69 29 28
69 28 24
69 24 23
69 28 27
69 27 26
69 26 25
70 34 17
70 17 9
70 9 7
70 7 6
70 6 3
70 3 2
70 2 1
70 1 0
70 6 5
70 5 4
70 9 8
70 17 16
70 16 11
70 11 10
70 16 15
70 15 14
70 14 12
70 14 13
70 34 33
70 33 18
70 33 32
70 32 31
70 31 20
70 20 19
70 31 30
70 30 21
70 30 29
70 29 22
70 29 28
70 28 27
70 27 23
70 27 26
70 26 25
70 25 24
71 31 27
71 27 26
71 26 8
71 8 7
71 7 0
71 7 6
71 6 2
71 2 1
71 6 5
71 5 4
71 4 3
71 26 25
71 25 24
71 24 23
71 23 19
71 19 11
71 11 10
71 10 9
71 19 18
71 18 16
71 16 14
71 14 12
71 14 13
71 16 15
71 18 17
71 23 22
71 22 21
71 21 20
71 31 30
71 30 28
71 30 29
72 30 29
72 29 4
72 4 3
72 3 1
72 1 0
72 3 2
72 29 28
72 28 27
72 27 7
72 7 6
72 6 5
72 27 26
72 26 16
72 16 12
72 12 10
72 10 8
72 10 9
72 12 11
72 16 15
72 15 13
72 15 14
72 26 25
72 25 21
72 21 20
72 20 19
72 19 18
72 18 17
72 25 24
72 24 23
72 23 22
73 31 29
73 29 28
73 28 27
73 27 26
73 26 0
73 26 25
73 25 4
73 4 3
73 3 2
73 2 1
73 25 24
73 24 10
73 10 9
73 9 5
73 9 8
73 8 7
73 7 6
73 24 23
73 23 21
73 21 12
73 12 11
73 21 20
73 20 19
73 19 17
73 17 15
73 15 14
73 14 13
73 17 16
73 19 18
73 23 22
73 31 30
74 30 25
74 25 24
74 24 23
74 23 0
74 23 22
74 22 17
74 17 15
74 15 1
74 15 14
74 14 3
74 3 2
74 14 13
74 13 12
74 12 11
74 11 5
74 5 4
74 11 10
74 10 9
74 9 7
74 7 6
74 9 8
74 17 16
74 22 21
74 21 20
74 20 19
74 19 18
74 30 29
74 29 26
74 29 28
74 28 27
75 31 24
75 24 22
75 22 15
75 15 3
75 3 1
75 1 0
75 3 2
75 15 14
75 14 13
75 13 4
75 13 12
75 12 11
75 11 10
75 10 9
75 9 8
75 8 7
75 7 6
75 6 5
75 22 21
75 21 16
75 21 20
75 20 18
75 18 17
75 20 19
75 24 23
75 31 30
75 30 29
75 29 26
75 26 25
75 29 28
75 28 27
76 32 29
76 29 2
76 2 1
76 1 0
76 29 28
76 28 27
76 27 4
76 4 3
76 27 26
76 26 5
76 26 25
76 25 6
76 25 24
76 24 12
76 12 11
76 11 9
76 9 8
76 8 7
76 11 10
76 24 23
76 23 22
76 22 20
76 20 19
76 19 17
76 17 16
76 16 15
76 15 13
76 15 14
76 19 18
76 22 21
76 32 31
76 31 30
77 29 0
77 29 28
77 28 27
77 27 25
77 25 23
77 23 22
77 22 1
77 22 21
77 21 20
77 20 5
77 5 3
77 3 2
77 5 4
77 20 19
77 19 18
77 18 14
77 14 6
77 14 13
77 13 12
77 12 10
77 10 9
77 9 8
77 8 7
77 12 11
77 18 17
77 17 15
77 17 16
77 25 24
77 27 26
78 34 33
78 33 1
78 1 0
78 33 32
78 32 31
78 31 27
78 27 2
78 27 26
78 26 3
78 26 25
78 25 23
78 23 20
78 20 9
78 9 4
78 9 8
78 8 7
78 7 5
78 7 6
78 20 19
78 19 12
78 12 10
78 12 11
78 19 18
78 18 14
78 14 13
78 18 17
78 17 15
78 17 16
78 23 22
78 22 21
78 25 24
78 31 30
78 30 28
78 30 29
79 33 3
79 3 2
79 2 0
79 2 1
79 33 32
79 32 8
79 8 5
79 5 4
79 8 7
79 7 6
79 32 31
79 31 30
79 30 27
79 27 26
79 26 17
79 17 10
79 10 9
79 17 16
79 16 14
79 14 12
79 12 11
79 14 13
79 16 15
79 26 25
79 25 18
79 25 24
79 24 23
79 23 20
79 20 19
79 23 22
79 22 21
79 30 29
79 29 28
80 34 2
80 2 0
80 2 1
80 34 33
80 33 4
80 4 3
80 33 32
80 32 31
80 31 30
80 30 12
80 12 11
80 11 10
80 10 9
80 9 6
80 6 5
80 9 8
80 8 7
80 30 29
80 29 28
80 28 27
80 27 26
80 26 13
80 26 25
80 25 23
80 23 17
80 17 16
80 16 15
80 15 14
80 23 22
80 22 18
80 22 21
80 21 19
80 21 20
80 25 24
81 34 32
81 32 31
81 31 2
81 2 1
81 1 0
81 31 30
81 30 28
81 28 27
81 27 24
81 24 23
81 23 6
81 6 5
81 5 4
81 4 3
81 23 22
81 22 19
81 19 18
81 18 17
81 17 16
81 16 14
81 14 7
81 14 13
81 13 8
81 13 12
81 12 10
81 10 9
81 12 11
81 16 15
81 22 21
81 21 20
81 27 26
81 26 25
81 30 29
81 34 33
82 30 28
82 28 0
82 28 27
82 27 23
82 23 19
82 19 17
82 17 16
82 16 6
82 6 5
82 5 3
82 3 2
82 2 1
82 5 4
82 16 15
82 15 14
82 14 12
82 12 10
82 10 8
82 8 7
82 10 9
82 12 11
82 14 13
82 19 18
82 23 22
82 22 21
82 21 20
82 27 26
82 26 24
82 26 25
82 30 29
83 33 32
83 32 0
83 32 31
83 31 6
83 6 5
83 5 3
83 3 1
83 3 2
83 5 4
83 31 30
83 30 20
83 20 19
83 19 7
83 19 18
83 18 8
83 18 17
83 17 14
83 14 13
83 13 10
83 10 9
83 13 12
83 12 11
83 17 16
83 16 15
83 30 29
83 29 26
83 26 24
83 24 23
83 23 22
83 22 21
83 26 25
83 29 28
83 28 27
84 32 23
84 23 2
84 2 0
84 2 1
84 23 22
84 22 14
84 14 11
84 11 6
84 6 3
84 6 5
84 5 4
84 11 10
84 10 8
84 8 7
84 10 9
84 14 13
84 13 12
84 22 21
84 21 20
84 20 18
84 18 16
84 16 15
84 18 17
84 20 19
84 32 31
84 31 26
84 26 25
84 25 24
84 31 30
84 30 27
84 30 29
84 29 28
85 29 27
85 27 24
85 24 0
85 24 23
85 23 1
85 23 22
85 22 21
85 21 2
85 21 20
85 20 7
85 7 5
85 5 3
85 5 4
85 7 6
85 20 19
85 19 18
85 18 12
85 12 10
85 10 8
85 10 9
85 12 11
85 18 17
85 17 16
85 16 14
85 14 13
85 16 15
85 27 26
85 26 25
85 29 28
86 33 28
86 28 27
86 27 0
86 27 26
86 26 25
86 25 24
86 24 23
86 23 20
86 20 18
86 18 1
86 18 17
86 17 16
86 16 15
86 15 14
86 14 7
86 7 6
86 6 5
86 5 2
86 5 4
86 4 3
86 14 13
86 13 12
86 12 9
86 9 8
86 12 11
86 11 10
86 20 19
86 23 22
86 22 21
86 33 32
86 32 30
86 30 29
86 32 31
87 32 28
87 28 22
87 22 10
87 10 8
87 8 5
87 5 0
87 5 4
87 4 3
87 3 2
87 2 1
87 8 7
87 7 6
87 10 9
87 22 21
87 21 20
87 20 19
87 19 17
87 17 14
87 14 13
87 13 11
87 13 12
87 17 16
87 16 15
87 19 18
87 28 27
87 27 25
87 25 24
87 24 23
87 27 26
87 32 31
87 31 30
87 30 29
88 29 18
88 18 17
88 17 16
88 16 8
88 8 0
88 8 7
88 7 3
88 3 2
88 2 1
88 7 6
88 6 5
88 5 4
88 16 15
88 15 9
88 15 14
88 14 11
88 11 10
88 14 13
88 13 12
88 29 28
88 28 27
88 27 25
88 25 24
88 24 19
88 24 23
88 23 21
88 21 20
88 23 22
88 27 26
89 33 32
89 32 30
89 30 2
89 2 1
89 1 0
89 30 29
89 29 26
89 26 18
89 18 3
89 18 17
89 17 16
89 16 15
89 15 13
89 13 9
89 9 4
89 9 8
89 8 7
89 7 6
89 6 5
89 13 12
89 12 11
89 11 10
89 15 14
89 26 25
89 25 20
89 20 19
89 25 24
89 24 22
89 22 21
89 24 23
89 29 28
89 28 27
89 32 31
90 33 32
90 32 31
90 31 10
90 10 2
90 2 1
90 1 0
90 10 9
90 9 3
90 9 8
90 8 5
90 5 4
90 8 7
90 7 6
90 31 30
90 30 29
90 29 22
90 22 11
90 22 21
90 21 20
90 20 12
90 20 19
90 19 17
90 17 15
90 15 13
90 15 14
90 17 16
90 19 18
90 29 28
90 28 26
90 26 25
90 25 23
90 25 24
90 28 27
91 34 33
91 33 21
91 21 2
91 2 1
91 1 0
91 21 20
91 20 19
91 19 5
91 5 3
91 5 4
91 19 18
91 18 10
91 10 9
91 9 7
91 7 6
91 9 8
91 18 17
91 17 16
91 16 15
91 15 14
91 14 11
91 14 13
91 13 12
91 33 32
91 32 31
91 31 29
91 29 24
91 24 23
91 23 22
91 29 28
91 28 27
91 27 25
91 27 26
91 31 30
92 29 28
92 28 4
92 4 2
92 2 1
92 1 0
92 4 3
92 28 27
92 27 23
92 23 22
92 22 19
92 19 18
92 18 5
92 18 17
92 17 13
92 13 6
92 13 12
92 12 11
92 11 10
92 10 8
92 8 7
92 10 9
92 17 16
92 16 15
92 15 14
92 22 21
92 21 20
92 27 26
92 26 24
92 26 25
93 31 30
93 30 29
93 29 28
93 28 26
93 26 25
93 25 15
93 15 0
93 15 14
93 14 9
93 9 5
93 5 2
93 2 1
93 5 4
93 4 3
93 9 8
93 8 6
93 8 7
93 14 13
93 13 12
93 12 10
93 12 11
93 25 24
93 24 23
93 23 22
93 22 18
93 18 17
93 17 16
93 22 21
93 21 19
93 21 20
93 28 27
94 34 33
94 33 32
94 32 0
94 32 31
94 31 12
94 12 5
94 5 4
94 4 3
94 3 1
94 3 2
94 12 11
94 11 10
94 10 6
94 10 9
94 9 7
94 9 8
94 31 30
94 30 13
94 30 29
94 29 27
94 27 26
94 26 16
94 16 15
94 15 14
94 26 25
94 25 17
94 25 24
94 24 22
94 22 21
94 21 20
94 20 18
94 20 19
94 24 23
94 29 28
95 30 0
95 30 29
95 29 10
95 10 8
95 8 7
95 7 2
95 2 1
95 7 6
95 6 4
95 4 3
95 6 5
95 10 9
95 29 28
95 28 27
95 27 11
95 27 26
95 26 25
95 25 23
95 23 20
95 20 14
95 14 12
95 14 13
95 20 19
95 19 18
95 18 16
95 16 15
95 18 17
95 23 22
95 22 21
95 25 24
96 33 18
96 18 12
96 12 0
96 12 11
96 11 10
96 10 1
96 10 9
96 9 6
96 6 5
96 5 3
96 3 2
96 5 4
96 9 8
96 8 7
96 18 17
96 17 13
96 17 16
96 16 15
96 15 14
96 33 32
96 32 20
96 20 19
96 32 31
96 31 21
96 31 30
96 30 29
96 29 27
96 27 25
96 25 22
96 25 24
96 24 23
96 27 26
96 29 28
97 31 0
97 31 30
97 30 29
97 29 28
97 28 9
97 9 8
97 8 2
97 2 1
97 8 7
97 7 6
97 6 5
97 5 3
97 5 4
97 28 27
97 27 26
97 26 25
97 25 24
97 24 10
97 24 23
97 23 11
97 23 22
97 22 21
97 21 19
97 19 13
97 13 12
97 19 18
97 18 17
97 17 16
97 16 14
97 16 15
97 21 20
98 31 1
98 1 0
98 31 30
98 30 20
98 20 2
98 20 19
98 19 4
98 4 3
98 19 18
98 18 6
98 6 5
98 18 17
98 17 14
98 14 12
98 12 11
98 11 10
98 10 8
98 8 7
98 10 9
98 14 13
98 17 16
98 16 15
98 30 29
98 29 28
98 28 27
98 27 21
98 27 26
98 26 25
98 25 22
98 25 24
98 24 23
99 32 30
99 30 0
99 30 29
99 29 4
99 4 2
99 2 1
99 4 3
99 29 28
99 28 27
99 27 8
99 8 6
99 6 5
99 8 7
99 27 26
99 26 9
99 26 25
99 25 11
99 11 10
99 25 24
99 24 21
99 21 19
99 19 12
99 19 18
99 18 17
99 17 14
99 14 13
99 17 16
99 16 15
99 21 20
99 24 23
99 23 22
99 32 31
100 29 26
100 26 1
100 1 0
100 26 25
100 25 16
100 16 2
100 16 15
100 15 9
100 9 7
100 7 6
100 6 3
100 6 5
100 5 4
100 9 8
100 15 14
100 14 10
100 14 13
100 13 11
100 13 12
100 25 24
100 24 23
100 23 20
100 20 17
100 20 19
100 19 18
100 23 22
100 22 21
100 29 28
100 28 27
101 30 0
101 30 29
101 29 16
101 16 15
101 15 14
101 14 8
101 8 7
101 7 6
101 6 2
101 2 1
101 6 5
101 5 4
101 4 3
101 14 13
101 13 9
101 13 12
101 12 11
101 11 10
101 29 28
101 28 26
101 26 25
101 25 24
101 24 17
101 24 23
101 23 22
101 22 21
101 21 19
101 19 18
101 21 20
101 28 27
