1 29 0
1 29 28
1 28 17
1 17 16
1 16 14
1 14 12
1 12 1
1 12 11
1 11 4
1 4 2
1 4 3
1 11 10
1 10 6
1 6 5
1 10 9
1 9 8
1 8 7
1 14 13
1 16 15
1 28 27
1 27 18
1 27 26
1 26 25
1 25 24
1 24 19
1 24 23
1 23 22
1 22 20
1 22 21
2 31 21
2 21 15
2 15 13
2 13 0
2 13 12
2 12 11
2 11 10
2 10 5
2 5 4
2 4 1
2 4 3
2 3 2
2 10 9
2 9 8
2 8 6
2 8 7
2 15 14
2 21 20
2 20 19
2 19 18
2 18 17
2 17 16
2 31 30
2 30 22
2 30 29
2 29 27
2 27 26
2 26 24
2 24 23
2 26 25
2 29 28
3 31 27
3 27 10
3 10 1
3 1 0
3 10 9
3 9 8
3 8 2
3 8 7
3 7 6
3 6 5
3 5 4
3 4 3
3 27 26
3 26 25
3 25 24
3 24 20
3 20 13
3 13 12
3 12 11
3 20 19
3 19 14
3 19 18
3 18 17
3 17 15
3 17 16
3 24 23
3 23 22
3 22 21
3 31 30
3 30 28
3 30 29
4 32 0
4 32 31
4 31 29
4 29 17
4 17 1
4 17 16
4 16 15
4 15 14
4 14 10
4 10 4
4 4 3
4 3 2
4 10 9
4 9 6
4 6 5
4 9 8
4 8 7
4 14 13
4 13 11
4 13 12
4 29 28
4 28 18
4 28 27
4 27 25
4 25 23
4 23 22
4 22 20
4 20 19
4 22 21
4 25 24
4 27 26
4 31 30
5 30 6
5 6 2
5 2 0
5 2 1
5 6 5
5 5 3
5 5 4
5 30 29
5 29 28
5 28 26
5 26 10
5 10 9
5 9 8
5 8 7
5 26 25
5 25 24
5 24 11
5 24 23
5 23 18
5 18 12
5 18 17
5 17 15
5 15 14
5 14 13
5 17 16
5 23 22
5 22 21
5 21 19
5 21 20
5 28 27
6 32 31
6 31 30
6 30 19
6 19 18
6 18 17
6 17 0
6 17 16
6 16 13
6 13 12
6 12 1
6 12 11
6 11 10
6 10 2
6 10 9
6 9 8
6 8 3
6 8 7
6 7 6
6 6 5
6 5 4
6 16 15
6 15 14
6 30 29
6 29 28
6 28 26
6 26 21
6 21 20
6 26 25
6 25 24
6 24 23
6 23 22
6 28 27
7 30 0
7 30 29
7 29 28
7 28 24
7 24 1
7 24 23
7 23 22
7 22 8
7 8 7
7 7 6
7 6 3
7 3 2
7 6 5
7 5 4
7 22 21
7 21 20
7 20 19
7 19 13
7 13 12
7 12 11
7 11 10
7 10 9
7 19 18
7 18 17
7 17 15
7 15 14
7 17 16
7 28 27
7 27 25
7 27 26
8 29 28
8 28 1
8 1 0
8 28 27
8 27 25
8 25 20
8 20 4
8 4 2
8 4 3
8 20 19
8 19 13
8 13 5
8 13 12
8 12 11
8 11 10
8 10 9
8 9 7
8 7 6
8 9 8
8 19 18
8 18 14
8 18 17
8 17 16
8 16 15
8 25 24
8 24 21
8 24 23
8 23 22
8 27 26
9 33 0
9 33 32
9 32 6
9 6 1
9 6 5
9 5 2
9 5 4
9 4 3
9 32 31
9 31 27
9 27 23
9 23 22
9 22 21
9 21 18
9 18 17
9 17 8
9 8 7
9 17 16
9 16 15
9 15 9
9 15 14
9 14 13
9 13 10
9 13 12
9 12 11
9 21 20
9 20 19
9 27 26
9 26 24
9 26 25
9 31 30
9 30 28
9 30 29
10 33 32
10 32 31
10 31 29
10 29 28
10 28 27
10 27 22
10 22 4
10 4 0
10 4 3
10 3 2
10 2 1
10 22 21
10 21 11
10 11 5
10 11 10
10 10 9
10 9 7
10 7 6
10 9 8
10 21 20
10 20 15
10 15 13
10 13 12
10 15 14
10 20 19
10 19 16
10 19 18
10 18 17
10 27 26
10 26 24
10 24 23
10 26 25
10 31 30
11 33 1
11 1 0
11 33 32
11 32 31
11 31 29
11 29 28
11 28 4
11 4 2
11 4 3
11 28 27
11 27 25
11 25 20
11 20 12
11 12 11
11 11 10
11 10 8
11 8 7
11 7 6
11 6 5
11 10 9
11 20 19
11 19 18
11 18 16
11 16 15
11 15 14
11 14 13
11 18 17
11 25 24
11 24 23
11 23 21
11 23 22
11 27 26
11 31 30
12 29 3
12 3 2
12 2 1
12 1 0
12 29 28
12 28 23
12 23 12
12 12 10
12 10 7
12 7 5
12 5 4
12 7 6
12 10 9
12 9 8
12 12 11
12 23 22
12 22 21
12 21 16
12 16 15
12 15 13
12 15 14
12 21 20
12 20 17
12 20 19
12 19 18
12 28 27
12 27 25
12 25 24
12 27 26
13 29 28
13 28 1
13 1 0
13 28 27
13 27 2
13 27 26
13 26 25
13 25 23
13 23 4
13 4 3
13 23 22
13 22 21
13 21 20
13 20 5
13 20 19
13 19 6
13 19 18
13 18 17
13 17 7
13 17 16
13 16 15
13 15 13
13 13 12
13 12 11
13 11 10
13 10 8
13 10 9
13 15 14
13 25 24
14 31 29
14 29 28
14 28 4
14 4 2
14 2 1
14 1 0
14 4 3
14 28 27
14 27 24
14 24 23
14 23 11
14 11 5
14 11 10
14 10 6
14 10 9
14 9 8
14 8 7
14 23 22
14 22 21
14 21 18
14 18 13
14 13 12
14 18 17
14 17 15
14 15 14
14 17 16
14 21 20
14 20 19
14 27 26
14 26 25
14 31 30
15 33 10
15 10 7
15 7 6
15 6 3
15 3 2
15 2 0
15 2 1
15 6 5
15 5 4
15 10 9
15 9 8
15 33 32
15 32 14
15 14 13
15 13 12
15 12 11
15 32 31
15 31 30
15 30 29
15 29 28
15 28 26
15 26 24
15 24 23
15 23 16
15 16 15
15 23 22
15 22 21
15 21 17
15 21 20
15 20 18
15 20 19
15 26 25
15 28 27
16 33 0
16 33 32
16 32 16
16 16 1
16 16 15
16 15 14
16 14 12
16 12 9
16 9 2
16 9 8
16 8 7
16 7 6
16 6 3
16 6 5
16 5 4
16 12 11
16 11 10
16 14 13
16 32 31
16 31 30
16 30 29
16 29 28
16 28 23
16 23 22
16 22 17
16 22 21
16 21 18
16 21 20
16 20 19
16 28 27
16 27 25
16 25 24
16 27 26
17 29 28
17 28 23
17 23 5
17 5 4
17 4 0
17 4 3
17 3 1
17 3 2
17 23 22
17 22 21
17 21 20
17 20 19
17 19 6
17 19 18
17 18 17
17 17 16
17 16 15
17 15 14
17 14 13
17 13 7
17 13 12
17 12 11
17 11 10
17 10 8
17 10 9
17 28 27
17 27 25
17 25 24
17 27 26
18 30 16
18 16 2
18 2 0
18 2 1
18 16 15
18 15 14
18 14 11
18 11 10
18 10 9
18 9 7
18 7 6
18 6 4
18 4 3
18 6 5
18 9 8
18 14 13
18 13 12
18 30 29
18 29 18
18 18 17
18 29 28
18 28 27
18 27 26
18 26 25
18 25 24
18 24 23
18 23 22
18 22 19
18 22 21
18 21 20
19 29 27
19 27 26
19 26 25
19 25 21
19 21 20
19 20 19
19 19 18
19 18 17
19 17 16
19 16 14
19 14 11
19 11 9
19 9 6
19 6 5
19 5 4
19 4 2
19 2 0
19 2 1
19 4 3
19 9 8
19 8 7
19 11 10
19 14 13
19 13 12
19 16 15
19 25 24
19 24 23
19 23 22
19 29 28
20 33 32
20 32 30
20 30 12
20 12 11
20 11 7
20 7 4
20 4 3
20 3 2
20 2 1
20 1 0
20 7 6
20 6 5
20 11 10
20 10 8
20 10 9
20 30 29
20 29 18
20 18 16
20 16 15
20 15 13
20 15 14
20 18 17
20 29 28
20 28 27
20 27 22
20 22 21
20 21 20
20 20 19
20 27 26
20 26 23
20 26 25
20 25 24
20 32 31
21 32 31
21 31 30
21 30 29
21 29 28
21 28 27
21 27 26
21 26 22
21 22 21
21 21 18
21 18 17
21 17 16
21 16 3
21 3 2
21 2 0
21 2 1
21 16 15
21 15 11
21 11 9
21 9 4
21 9 8
21 8 6
21 6 5
21 8 7
21 11 10
21 15 14
21 14 13
21 13 12
21 21 20
21 20 19
21 26 25
21 25 23
21 25 24
22 32 31
22 31 17
22 17 4
22 4 1
22 1 0
22 4 3
22 3 2
22 17 16
22 16 7
22 7 6
22 6 5
22 16 15
22 15 14
22 14 13
22 13 12
22 12 11
22 11 10
22 10 8
22 10 9
22 31 30
22 30 20
22 20 19
22 19 18
22 30 29
22 29 28
22 28 27
22 27 22
22 22 21
22 27 26
22 26 24
22 24 23
22 26 25
23 30 26
23 26 0
23 26 25
23 25 7
23 7 5
23 5 3
23 3 2
23 2 1
23 5 4
23 7 6
23 25 24
23 24 23
23 23 22
23 22 17
23 17 15
23 15 11
23 11 10
23 10 8
23 10 9
23 15 14
23 14 13
23 13 12
23 17 16
23 22 21
23 21 20
23 20 18
23 20 19
23 30 29
23 29 27
23 29 28
24 29 1
24 1 0
24 29 28
24 28 26
24 26 2
24 26 25
24 25 24
24 24 7
24 7 6
24 6 5
24 5 3
24 5 4
24 24 23
24 23 21
24 21 18
24 18 17
24 17 15
24 15 14
24 14 8
24 14 13
24 13 9
24 13 12
24 12 10
24 12 11
24 17 16
24 21 20
24 20 19
24 23 22
24 28 27
25 34 23
25 23 1
25 1 0
25 23 22
25 22 21
25 21 4
25 4 2
25 4 3
25 21 20
25 20 19
25 19 18
25 18 17
25 17 14
25 14 12
25 12 11
25 11 10
25 10 9
25 9 5
25 9 8
25 8 6
25 8 7
25 14 13
25 17 16
25 16 15
25 34 33
25 33 31
25 31 30
25 30 25
25 25 24
25 30 29
25 29 27
25 27 26
25 29 28
25 33 32
26 30 28
26 28 27
26 27 13
26 13 5
26 5 0
26 5 4
26 4 2
26 2 1
26 4 3
26 13 12
26 12 6
26 12 11
26 11 7
26 11 10
26 10 9
26 9 8
26 27 26
26 26 24
26 24 21
26 21 15
26 15 14
26 21 20
26 20 19
26 19 18
26 18 16
26 18 17
26 24 23
26 23 22
26 26 25
26 30 29
27 31 29
27 29 0
27 29 28
27 28 27
27 27 15
27 15 11
27 11 8
27 8 1
27 8 7
27 7 3
27 3 2
27 7 6
27 6 4
27 6 5
27 11 10
27 10 9
27 15 14
27 14 12
27 14 13
27 27 26
27 26 21
27 21 17
27 17 16
27 21 20
27 20 18
27 20 19
27 26 25
27 25 24
27 24 23
27 23 22
27 31 30
28 34 3
28 3 0
28 3 2
28 2 1
28 34 33
28 33 32
28 32 7
28 7 4
28 7 6
28 6 5
28 32 31
28 31 8
28 31 30
28 30 29
28 29 26
28 26 25
28 25 11
28 11 10
28 10 9
28 25 24
28 24 16
28 16 15
28 15 13
28 13 12
28 15 14
28 24 23
28 23 21
28 21 20
28 20 18
28 18 17
28 20 19
28 23 22
28 29 28
28 28 27
29 34 33
29 33 32
29 32 31
29 31 26
29 26 25
29 25 24
29 24 4
29 4 3
29 3 1
29 1 0
29 3 2
29 24 23
29 23 13
29 13 6
29 6 5
29 13 12
29 12 11
29 11 7
29 11 10
29 10 8
29 10 9
29 23 22
29 22 16
29 16 15
29 15 14
29 22 21
29 21 17
29 21 20
29 20 18
29 20 19
29 31 30
29 30 29
29 29 28
29 28 27
30 32 4
30 4 3
30 3 2
30 2 1
30 1 0
30 32 31
30 31 27
30 27 26
30 26 13
30 13 6
30 6 5
30 13 12
30 12 11
30 11 7
30 11 10
30 10 8
30 10 9
30 26 25
30 25 22
30 22 18
30 18 16
30 16 14
30 16 15
30 18 17
30 22 21
30 21 19
30 21 20
30 25 24
30 24 23
30 31 30
30 30 28
30 30 29
31 29 22
31 22 1
31 1 0
31 22 21
31 21 3
31 3 2
31 21 20
31 20 18
31 18 12
31 12 7
31 7 6
31 6 4
31 6 5
31 12 11
31 11 9
31 9 8
31 11 10
31 18 17
31 17 15
31 15 13
31 15 14
31 17 16
31 20 19
31 29 28
31 28 27
31 27 24
31 24 23
31 27 26
31 26 25
32 31 1
32 1 0
32 31 30
32 30 2
32 30 29
32 29 28
32 28 9
32 9 8
32 8 5
32 5 3
32 5 4
32 8 7
32 7 6
32 28 27
32 27 26
32 26 25
32 25 24
32 24 10
32 24 23
32 23 14
32 14 11
32 14 13
32 13 12
32 23 22
32 22 21
32 21 16
32 16 15
32 21 20
32 20 18
32 18 17
32 20 19
33 31 30
33 30 29
33 29 26
33 26 25
33 25 23
33 23 3
33 3 2
33 2 0
33 2 1
33 23 22
33 22 9
33 9 4
33 9 8
33 8 5
33 8 7
33 7 6
33 22 21
33 21 15
33 15 13
33 13 12
33 12 10
33 12 11
33 15 14
33 21 20
33 20 16
33 20 19
33 19 17
33 19 18
33 25 24
33 29 28
33 28 27
34 29 28
34 28 27
34 27 8
34 8 2
34 2 1
34 1 0
34 8 7
34 7 6
34 6 5
34 5 4
34 4 3
34 27 26
34 26 19
34 19 12
34 12 11
34 11 9
34 11 10
34 19 18
34 18 17
34 17 15
34 15 13
34 15 14
34 17 16
34 26 25
34 25 24
34 24 23
34 23 20
34 23 22
34 22 21
35 31 28
35 28 21
35 21 18
35 18 0
35 18 17
35 17 6
35 6 5
35 5 1
35 5 4
35 4 2
35 4 3
35 17 16
35 16 11
35 11 9
35 9 7
35 9 8
35 11 10
35 16 15
35 15 13
35 13 12
35 15 14
35 21 20
35 20 19
35 28 27
35 27 23
35 23 22
35 27 26
35 26 25
35 25 24
35 31 30
35 30 29
36 29 12
36 12 0
36 12 11
36 11 7
36 7 6
36 6 2
36 2 1
36 6 5
36 5 4
36 4 3
36 11 10
36 10 8
36 10 9
36 29 28
36 28 16
36 16 15
36 15 13
36 15 14
36 28 27
36 27 25
36 25 23
36 23 22
36 22 21
36 21 20
36 20 19
36 19 18
36 18 17
36 25 24
36 27 26
37 29 28
37 28 6
37 6 5
37 5 0
37 5 4
37 4 2
37 2 1
37 4 3
37 28 27
37 27 26
37 26 25
37 25 13
37 13 12
37 12 7
37 12 11
37 11 10
37 10 8
37 10 9
37 25 24
37 24 23
37 23 17
37 17 16
37 16 15
37 15 14
37 23 22
37 22 19
37 19 18
37 22 21
37 21 20
38 31 9
38 9 2
38 2 0
38 2 1
38 9 8
38 8 6
38 6 5
38 5 3
38 5 4
38 8 7
38 31 30
38 30 20
38 20 16
38 16 15
38 15 14
38 14 13
38 13 10
38 13 12
38 12 11
38 20 19
38 19 18
38 18 17
38 30 29
38 29 27
38 27 26
38 26 24
38 24 22
38 22 21
38 24 23
38 26 25
38 29 28
39 33 0
39 33 32
39 32 30
39 30 24
39 24 23
39 23 18
39 18 16
39 16 3
39 3 1
39 3 2
39 16 15
39 15 10
39 10 5
39 5 4
39 10 9
39 9 8
39 8 6
39 8 7
39 15 14
39 14 12
39 12 11
39 14 13
39 18 17
39 23 22
39 22 21
39 21 20
39 20 19
39 30 29
39 29 28
39 28 27
39 27 26
39 26 25
39 32 31
40 31 30
40 30 5
40 5 4
40 4 3
40 3 2
40 2 0
40 2 1
40 30 29
40 29 27
40 27 24
40 24 15
40 15 14
40 14 13
40 13 12
40 12 11
40 11 10
40 10 8
40 8 7
40 7 6
40 10 9
40 24 23
40 23 16
40 23 22
40 22 21
40 21 20
40 20 17
40 20 19
40 19 18
40 27 26
40 26 25
40 29 28
41 33 1
41 1 0
41 33 32
41 32 31
41 31 13
41 13 4
41 4 2
41 4 3
41 13 12
41 12 10
41 10 9
41 9 8
41 8 7
41 7 5
41 7 6
41 12 11
41 31 30
41 30 14
41 30 29
41 29 28
41 28 27
41 27 24
41 24 20
41 20 15
41 20 19
41 19 18
41 18 17
41 17 16
41 24 23
41 23 21
41 23 22
41 27 26
41 26 25
42 30 29
42 29 28
42 28 1
42 1 0
42 28 27
42 27 2
42 27 26
42 26 25
42 25 23
42 23 22
42 22 21
42 21 3
42 21 20
42 20 4
42 20 19
42 19 18
42 18 16
42 16 15
42 15 5
42 15 14
42 14 10
42 10 9
42 9 8
42 8 7
42 7 6
42 14 13
42 13 11
42 13 12
42 18 17
42 25 24
43 31 30
43 30 28
43 28 27
43 27 0
43 27 26
43 26 13
43 13 1
43 13 12
43 12 11
43 11 10
43 10 8
43 8 6
43 6 3
43 3 2
43 6 5
43 5 4
43 8 7
43 10 9
43 26 25
43 25 15
43 15 14
43 25 24
43 24 22
43 22 21
43 21 20
43 20 16
43 20 19
43 19 18
43 18 17
43 24 23
43 30 29
44 34 33
44 33 32
44 32 26
44 26 2
44 2 0
44 2 1
44 26 25
44 25 14
44 14 13
44 13 11
44 11 10
44 10 8
44 8 7
44 7 5
44 5 4
44 4 3
44 7 6
44 10 9
44 13 12
44 25 24
44 24 20
44 20 19
44 19 16
44 16 15
44 19 18
44 18 17
44 24 23
44 23 22
44 22 21
44 32 31
44 31 29
44 29 28
44 28 27
44 31 30
45 30 29
45 29 10
45 10 0
45 10 9
45 9 8
45 8 7
45 7 4
45 4 3
45 3 1
45 3 2
45 7 6
45 6 5
45 29 28
45 28 25
45 25 23
45 23 22
45 22 13
45 13 11
45 13 12
45 22 21
45 21 14
45 21 20
45 20 19
45 19 18
45 18 16
45 16 15
45 18 17
45 25 24
45 28 27
45 27 26
46 33 32
46 32 15
46 15 14
46 14 13
46 13 9
46 9 6
46 6 4
46 4 0
46 4 3
46 3 2
46 2 1
46 6 5
46 9 8
46 8 7
46 13 12
46 12 10
46 12 11
46 32 31
46 31 18
46 18 16
46 18 17
46 31 30
46 30 28
46 28 27
46 27 19
46 27 26
46 26 25
46 25 23
46 23 20
46 23 22
46 22 21
46 25 24
46 30 29
47 32 31
47 31 0
47 31 30
47 30 29
47 29 2
47 2 1
47 29 28
47 28 25
47 25 3
47 25 24
47 24 4
47 24 23
47 23 8
47 8 6
47 6 5
47 8 7
47 23 22
47 22 9
47 22 21
47 21 20
47 20 19
47 19 17
47 17 11
47 11 10
47 17 16
47 16 15
47 15 14
47 14 13
47 13 12
47 19 18
47 28 27
47 27 26
48 30 0
48 30 29
48 29 27
48 27 26
48 26 7
48 7 3
48 3 2
48 2 1
48 7 6
48 6 4
48 6 5
48 26 25
48 25 23
48 23 17
48 17 14
48 14 11
48 11 10
48 10 8
48 10 9
48 14 13
48 13 12
48 17 16
48 16 15
48 23 22
48 22 21
48 21 19
48 19 18
48 21 20
48 25 24
48 29 28
49 31 30
49 30 18
49 18 12
49 12 0
49 12 11
49 11 10
49 10 9
49 9 8
49 8 7
49 7 6
49 6 5
49 5 1
49 5 4
49 4 2
49 4 3
49 18 17
49 17 16
49 16 13
49 16 15
49 15 14
49 30 29
49 29 23
49 23 20
49 20 19
49 23 22
49 22 21
49 29 28
49 28 24
49 28 27
49 27 26
49 26 25
50 31 30
50 30 0
50 30 29
50 29 28
50 28 1
50 28 27
50 27 15
50 15 14
50 14 13
50 13 12
50 12 11
50 11 2
50 11 10
50 10 3
50 10 9
50 9 6
50 6 4
50 6 5
50 9 8
50 8 7
50 27 26
50 26 20
50 20 19
50 19 16
50 19 18
50 18 17
50 26 25
50 25 24
50 24 22
50 22 21
50 24 23
51 30 0
51 30 29
51 29 1
51 29 28
51 28 27
51 27 2
51 27 26
51 26 6
51 6 3
51 6 5
51 5 4
51 26 25
51 25 24
51 24 7
51 24 23
51 23 22
51 22 14
51 14 13
51 13 10
51 10 9
51 9 8
51 13 12
51 12 11
51 22 21
51 21 15
51 21 20
51 20 16
51 20 19
51 19 18
51 18 17
52 34 3
52 3 1
52 1 0
52 3 2
52 34 33
52 33 32
52 32 31
52 31 29
52 29 28
52 28 23
52 23 22
52 22 21
52 21 8
52 8 7
52 7 6
52 6 4
52 6 5
52 21 20
52 20 19
52 19 15
52 15 9
52 15 14
52 14 13
52 13 10
52 13 12
52 12 11
52 19 18
52 18 17
52 17 16
52 28 27
52 27 25
52 25 24
52 27 26
52 31 30
53 31 30
53 30 29
53 29 0
53 29 28
53 28 26
53 26 3
53 3 1
53 3 2
53 26 25
53 25 23
53 23 22
53 22 4
53 22 21
53 21 5
53 21 20
53 20 19
53 19 14
53 14 6
53 14 13
53 13 11
53 11 10
53 10 8
53 8 7
53 10 9
53 13 12
53 19 18
53 18 16
53 16 15
53 18 17
53 25 24
53 28 27
54 34 31
54 31 1
54 1 0
54 31 30
54 30 17
54 17 16
54 16 9
54 9 2
54 9 8
54 8 5
54 5 4
54 4 3
54 8 7
54 7 6
54 16 15
54 15 11
54 11 10
54 15 14
54 14 13
54 13 12
54 30 29
54 29 28
54 28 26
54 26 21
54 21 20
54 20 18
54 20 19
54 26 25
54 25 23
54 23 22
54 25 24
54 28 27
54 34 33
54 33 32
55 29 28
55 28 0
55 28 27
55 27 26
55 26 16
55 16 5
55 5 4
55 4 3
55 3 1
55 3 2
55 16 15
55 15 13
55 13 10
55 10 9
55 9 8
55 8 6
55 8 7
55 13 12
55 12 11
55 15 14
55 26 25
55 25 24
55 24 23
55 23 21
55 21 17
55 21 20
55 20 19
55 19 18
55 23 22
56 30 27
56 27 1
56 1 0
56 27 26
56 26 17
56 17 3
56 3 2
56 17 16
56 16 15
56 15 14
56 14 4
56 14 13
56 13 12
56 12 5
56 12 11
56 11 6
56 11 10
56 10 9
56 9 7
56 9 8
56 26 25
56 25 24
56 24 23
56 23 22
56 22 18
56 22 21
56 21 19
56 21 20
56 30 29
56 29 28
57 30 29
57 29 28
57 28 27
57 27 26
57 26 0
57 26 25
57 25 4
57 4 3
57 3 1
57 3 2
57 25 24
57 24 22
57 22 6
57 6 5
57 22 21
57 21 10
57 10 7
57 10 9
57 9 8
57 21 20
57 20 19
57 19 18
57 18 17
57 17 15
57 15 14
57 14 11
57 14 13
57 13 12
57 17 16
57 24 23
58 30 29
58 29 28
58 28 23
58 23 21
58 21 19
58 19 14
58 14 7
58 7 6
58 6 4
58 4 1
58 1 0
58 4 3
58 3 2
58 6 5
58 14 13
58 13 8
58 13 12
58 12 10
58 10 9
58 12 11
58 19 18
58 18 17
58 17 15
58 17 16
58 21 20
58 23 22
58 28 27
58 27 24
58 27 26
58 26 25
59 31 6
59 6 0
59 6 5
59 5 3
59 3 2
59 2 1
59 5 4
59 31 30
59 30 15
59 15 7
59 15 14
59 14 13
59 13 11
59 11 9
59 9 8
59 11 10
59 13 12
59 30 29
59 29 27
59 27 16
59 27 26
59 26 23
59 23 22
59 22 21
59 21 17
59 21 20
59 20 18
59 20 19
59 26 25
59 25 24
59 29 28
60 31 28
60 28 4
60 4 3
60 3 2
60 2 0
60 2 1
60 28 27
60 27 5
60 27 26
60 26 25
60 25 24
60 24 23
60 23 6
60 23 22
60 22 21
60 21 19
60 19 17
60 17 16
60 16 13
60 13 10
60 10 9
60 9 8
60 8 7
60 13 12
60 12 11
60 16 15
60 15 14
60 19 18
60 21 20
60 31 30
60 30 29
61 32 31
61 31 0
61 31 30
61 30 1
61 30 29
61 29 23
61 23 13
61 13 10
61 10 8
61 8 7
61 7 6
61 6 5
61 5 4
61 4 2
61 4 3
61 10 9
61 13 12
61 12 11
61 23 22
61 22 21
61 21 14
61 21 20
61 20 19
61 19 17
61 17 16
61 16 15
61 19 18
61 29 28
61 28 24
61 28 27
61 27 26
61 26 25
62 29 2
62 2 1
62 1 0
62 29 28
62 28 3
62 28 27
62 27 25
62 25 6
62 6 5
62 5 4
62 25 24
62 24 23
62 23 7
62 23 22
62 22 21
62 21 20
62 20 18
62 18 16
62 16 12
62 12 10
62 10 9
62 9 8
62 12 11
62 16 15
62 15 13
62 15 14
62 18 17
62 20 19
62 27 26
63 33 1
63 1 0
63 33 32
63 32 13
63 13 11
63 11 10
63 10 2
63 10 9
63 9 3
63 9 8
63 8 6
63 6 4
63 6 5
63 8 7
63 13 12
63 32 31
63 31 30
63 30 28
63 28 26
63 26 14
63 26 25
63 25 24
63 24 23
63 23 15
63 23 22
63 22 20
63 20 19
63 19 17
63 17 16
63 19 18
63 22 21
63 28 27
63 30 29
64 32 30
64 30 29
64 29 26
64 26 21
64 21 17
64 17 16
64 16 0
64 16 15
64 15 14
64 14 4
64 4 1
64 4 3
64 3 2
64 14 13
64 13 5
64 13 12
64 12 10
64 10 9
64 9 6
64 9 8
64 8 7
64 12 11
64 21 20
64 20 18
64 20 19
64 26 25
64 25 24
64 24 23
64 23 22
64 29 28
64 28 27
64 32 31
65 31 22
65 22 1
65 1 0
65 22 21
65 21 18
65 18 3
65 3 2
65 18 17
65 17 16
65 16 15
65 15 14
65 14 13
65 13 4
65 13 12
65 12 10
65 10 9
65 9 8
65 8 7
65 7 5
65 7 6
65 12 11
65 21 20
65 20 19
65 31 30
65 30 28
65 28 27
65 27 26
65 26 24
65 24 23
65 26 25
65 30 29
66 30 29
66 29 28
66 28 0
66 28 27
66 27 10
66 10 6
66 6 2
66 2 1
66 6 5
66 5 4
66 4 3
66 10 9
66 9 7
66 9 8
66 27 26
66 26 25
66 25 24
66 24 11
66 24 23
66 23 12
66 23 22
66 22 18
66 18 17
66 17 16
66 16 14
66 14 13
66 16 15
66 22 21
66 21 20
66 20 19
67 31 29
67 29 1
67 1 0
67 29 28
67 28 27
67 27 23
67 23 2
67 23 22
67 22 9
67 9 3
67 9 8
67 8 7
67 7 6
67 6 5
67 5 4
67 22 21
67 21 20
67 20 18
67 18 16
67 16 13
67 13 11
67 11 10
67 13 12
67 16 15
67 15 14
67 18 17
67 20 19
67 27 26
67 26 24
67 26 25
67 31 30
68 31 30
68 30 29
68 29 1
68 1 0
68 29 28
68 28 5
68 5 4
68 4 3
68 3 2
68 28 27
68 27 10
68 10 7
68 7 6
68 10 9
68 9 8
68 27 26
68 26 25
68 25 22
68 22 21
68 21 15
68 15 13
68 13 11
68 13 12
68 15 14
68 21 20
68 20 18
68 18 16
68 18 17
68 20 19
68 25 24
68 24 23
69 33 32
69 32 30
69 30 29
69 29 1
69 1 0
69 29 28
69 28 20
69 20 2
69 20 19
69 19 8
69 8 7
69 7 5
69 5 4
69 4 3
69 7 6
69 19 18
69 18 10
69 10 9
69 18 17
69 17 16
69 16 11
69 16 15
69 15 14
69 14 12
69 14 13
69 28 27
69 27 26
69 26 25
69 25 21
69 25 24
69 24 23
69 23 22
69 32 31
70 32 31
70 31 30
70 30 2
70 2 1
70 1 0
70 30 29
70 29 11
70 11 3
70 11 10
70 10 9
70 9 8
70 8 7
70 7 6
70 6 4
70 6 5
70 29 28
70 28 27
70 27 26
70 26 25
70 25 24
70 24 12
70 24 23
70 23 13
70 23 22
70 22 21
70 21 20
70 20 19
70 19 18
70 18 17
70 17 15
70 15 14
70 17 16
71 29 28
71 28 27
71 27 16
71 16 13
71 13 7
71 7 5
71 5 4
71 4 0
71 4 3
71 3 2
71 2 1
71 7 6
71 13 12
71 12 10
71 10 9
71 9 8
71 12 11
71 16 15
71 15 14
71 27 26
71 26 25
71 25 24
71 24 21
71 21 17
71 21 20
71 20 18
71 20 19
71 24 23
71 23 22
72 29 28
72 28 27
72 27 11
72 11 2
72 2 0
72 2 1
72 11 10
72 10 3
72 10 9
72 9 5
72 5 4
72 9 8
72 8 6
72 8 7
72 27 26
72 26 25
72 25 14
72 14 12
72 14 13
72 25 24
72 24 22
72 22 21
72 21 19
72 19 17
72 17 15
72 17 16
72 19 18
72 21 20
72 24 23
73 31 30
73 30 29
73 29 27
73 27 0
73 27 26
73 26 25
73 25 24
73 24 12
73 12 1
73 12 11
73 11 10
73 10 9
73 9 8
73 8 3
73 3 2
73 8 7
73 7 6
73 6 5
73 5 4
73 24 23
73 23 14
73 14 13
73 23 22
73 22 20
73 20 19
73 19 16
73 16 15
73 19 18
73 18 17
73 22 21
73 29 28
74 33 32
74 32 1
74 1 0
74 32 31
74 31 2
74 31 30
74 30 29
74 29 26
74 26 22
74 22 21
74 21 20
74 20 18
74 18 17
74 17 16
74 16 6
74 6 5
74 5 3
74 5 4
74 16 15
74 15 11
74 11 7
74 11 10
74 10 9
74 9 8
74 15 14
74 14 13
74 13 12
74 20 19
74 26 25
74 25 23
74 25 24
74 29 28
74 28 27
75 34 2
75 2 0
75 2 1
75 34 33
75 33 30
75 30 3
75 30 29
75 29 28
75 28 27
75 27 6
75 6 5
75 5 4
75 27 26
75 26 16
75 16 7
75 16 15
75 15 8
75 15 14
75 14 12
75 12 9
75 12 11
75 11 10
75 14 13
75 26 25
75 25 23
75 23 22
75 22 20
75 20 19
75 19 17
75 19 18
75 22 21
75 25 24
75 33 32
75 32 31
76 29 1
76 1 0
76 29 28
76 28 27
76 27 15
76 15 14
76 14 13
76 13 5
76 5 2
76 5 4
76 4 3
76 13 12
76 12 11
76 11 9
76 9 6
76 9 8
76 8 7
76 11 10
76 27 26
76 26 25
76 25 19
76 19 18
76 18 17
76 17 16
76 25 24
76 24 23
76 23 20
76 23 22
76 22 21
77 30 26
77 26 25
77 25 24
77 24 15
77 15 13
77 13 11
77 11 10
77 10 9
77 9 8
77 8 5
77 5 0
77 5 4
77 4 3
77 3 2
77 2 1
77 8 7
77 7 6
77 13 12
77 15 14
77 24 23
77 23 21
77 21 20
77 20 18
77 18 16
77 18 17
77 20 19
77 23 22
77 30 29
77 29 27
77 29 28
78 29 25
78 25 0
78 25 24
78 24 22
78 22 21
78 21 18
78 18 17
78 17 1
78 17 16
78 16 8
78 8 6
78 6 4
78 4 2
78 4 3
78 6 5
78 8 7
78 16 15
78 15 10
78 10 9
78 15 14
78 14 12
78 12 11
78 14 13
78 21 20
78 20 19
78 24 23
78 29 28
78 28 26
78 28 27
79 30 21
79 21 5
79 5 0
79 5 4
79 4 2
79 2 1
79 4 3
79 21 20
79 20 7
79 7 6
79 20 19
79 19 18
79 18 16
79 16 14
79 14 8
79 14 13
79 13 12
79 12 11
79 11 9
79 11 10
79 16 15
79 18 17
79 30 29
79 29 28
79 28 27
79 27 26
79 26 24
79 24 22
79 24 23
79 26 25
80 30 29
80 29 28
80 28 24
80 24 23
80 23 0
80 23 22
80 22 21
80 21 1
80 21 20
80 20 19
80 19 6
80 6 4
80 4 3
80 3 2
80 6 5
80 19 18
80 18 7
80 18 17
80 17 16
80 16 14
80 14 13
80 13 11
80 11 9
80 9 8
80 11 10
80 13 12
80 16 15
80 28 27
80 27 26
80 26 25
81 33 32
81 32 30
81 30 0
81 30 29
81 29 25
81 25 1
81 25 24
81 24 23
81 23 22
81 22 21
81 21 5
81 5 4
81 4 2
81 4 3
81 21 20
81 20 19
81 19 18
81 18 17
81 17 16
81 16 15
81 15 14
81 14 12
81 12 11
81 11 8
81 8 6
81 8 7
81 11 10
81 10 9
81 14 13
81 29 28
81 28 26
81 28 27
81 32 31
82 32 31
82 31 29
82 29 15
82 15 4
82 4 0
82 4 3
82 3 2
82 2 1
82 15 14
82 14 13
82 13 6
82 6 5
82 13 12
82 12 11
82 11 9
82 9 7
82 9 8
82 11 10
82 29 28
82 28 18
82 18 17
82 17 16
82 28 27
82 27 19
82 27 26
82 26 25
82 25 20
82 25 24
82 24 23
82 23 22
82 22 21
82 31 30
83 30 28
83 28 9
83 9 8
83 8 6
83 6 3
83 3 1
83 1 0
83 3 2
83 6 5
83 5 4
83 8 7
83 28 27
83 27 10
83 27 26
83 26 15
83 15 14
83 14 12
83 12 11
83 14 13
83 26 25
83 25 23
83 23 20
83 20 19
83 19 16
83 19 18
83 18 17
83 23 22
83 22 21
83 25 24
83 30 29
84 32 30
84 30 29
84 29 26
84 26 4
84 4 0
84 4 3
84 3 1
84 3 2
84 26 25
84 25 5
84 25 24
84 24 8
84 8 6
84 8 7
84 24 23
84 23 22
84 22 19
84 19 17
84 17 16
84 16 15
84 15 11
84 11 9
84 11 10
84 15 14
84 14 13
84 13 12
84 19 18
84 22 21
84 21 20
84 29 28
84 28 27
84 32 31
85 34 33
85 33 1
85 1 0
85 33 32
85 32 27
85 27 21
85 21 7
85 7 2
85 7 6
85 6 5
85 5 4
85 4 3
85 21 20
85 20 18
85 18 17
85 17 14
85 14 13
85 13 12
85 12 11
85 11 8
85 11 10
85 10 9
85 17 16
85 16 15
85 20 19
85 27 26
85 26 22
85 26 25
85 25 24
85 24 23
85 32 31
85 31 30
85 30 28
85 30 29
86 31 30
86 30 29
86 29 26
86 26 21
86 21 20
86 20 19
86 19 18
86 18 17
86 17 1
86 1 0
86 17 16
86 16 2
86 16 15
86 15 14
86 14 4
86 4 3
86 14 13
86 13 9
86 9 5
86 9 8
86 8 6
86 8 7
86 13 12
86 12 10
86 12 11
86 26 25
86 25 22
86 25 24
86 24 23
86 29 28
86 28 27
87 33 32
87 32 31
87 31 29
87 29 7
87 7 0
87 7 6
87 6 5
87 5 1
87 5 4
87 4 3
87 3 2
87 29 28
87 28 27
87 27 26
87 26 22
87 22 11
87 11 10
87 10 8
87 10 9
87 22 21
87 21 12
87 21 20
87 20 17
87 17 13
87 17 16
87 16 14
87 16 15
87 20 19
87 19 18
87 26 25
87 25 23
87 25 24
87 31 30
88 32 7
88 7 6
88 6 4
88 4 3
88 3 2
88 2 0
88 2 1
88 6 5
88 32 31
88 31 9
88 9 8
88 31 30
88 30 16
88 16 10
88 16 15
88 15 14
88 14 12
88 12 11
88 14 13
88 30 29
88 29 28
88 28 19
88 19 18
88 18 17
88 28 27
88 27 20
88 27 26
88 26 22
88 22 21
88 26 25
88 25 24
88 24 23
89 31 30
89 30 29
89 29 28
89 28 2
89 2 1
89 1 0
89 28 27
89 27 4
89 4 3
89 27 26
89 26 5
89 26 25
89 25 23
89 23 22
89 22 21
89 21 6
89 21 20
89 20 7
89 20 19
89 19 17
89 17 16
89 16 10
89 10 8
89 10 9
89 16 15
89 15 13
89 13 12
89 12 11
89 15 14
89 19 18
89 25 24
90 30 0
90 30 29
90 29 27
90 27 26
90 26 24
90 24 23
90 23 22
90 22 1
90 22 21
90 21 19
90 19 18
90 18 17
90 17 16
90 16 6
90 6 5
90 5 3
90 3 2
90 5 4
90 16 15
90 15 7
90 15 14
90 14 9
90 9 8
90 14 13
90 13 12
90 12 11
90 11 10
90 21 20
90 26 25
90 29 28
91 32 30
91 30 29
91 29 12
91 12 2
91 2 1
91 1 0
91 12 11
91 11 10
91 10 9
91 9 8
91 8 7
91 7 6
91 6 5
91 5 4
91 4 3
91 29 28
91 28 20
91 20 19
91 19 18
91 18 17
91 17 16
91 16 15
91 15 13
91 15 14
91 28 27
91 27 26
91 26 25
91 25 24
91 24 21
91 24 23
91 23 22
91 32 31
92 30 0
92 30 29
92 29 28
92 28 27
92 27 14
92 14 12
92 12 11
92 11 10
92 10 9
92 9 8
92 8 7
92 7 2
92 2 1
92 7 6
92 6 3
92 6 5
92 5 4
92 14 13
92 27 26
92 26 23
92 23 19
92 19 18
92 18 17
92 17 15
92 17 16
92 23 22
92 22 21
92 21 20
92 26 25
92 25 24
93 34 32
93 32 31
93 31 30
93 30 29
93 29 26
93 26 22
93 22 1
93 1 0
93 22 21
93 21 19
93 19 6
93 6 5
93 5 4
93 4 3
93 3 2
93 19 18
93 18 12
93 12 8
93 8 7
93 12 11
93 11 9
93 11 10
93 18 17
93 17 16
93 16 15
93 15 14
93 14 13
93 21 20
93 26 25
93 25 24
93 24 23
93 29 28
93 28 27
93 34 33
94 30 28
94 28 5
94 5 4
94 4 1
94 1 0
94 4 3
94 3 2
94 28 27
94 27 7
94 7 6
94 27 26
94 26 24
94 24 13
94 13 11
94 11 10
94 10 8
94 10 9
94 13 12
94 24 23
94 23 22
94 22 20
94 20 19
94 19 14
94 19 18
94 18 17
94 17 16
94 16 15
94 22 21
94 26 25
94 30 29
95 32 0
95 32 31
95 31 30
95 30 29
95 29 22
95 22 13
95 13 9
95 9 8
95 8 7
95 7 6
95 6 4
95 4 3
95 3 1
95 3 2
95 6 5
95 13 12
95 12 10
95 12 11
95 22 21
95 21 17
95 17 15
95 15 14
95 17 16
95 21 20
95 20 18
95 20 19
95 29 28
95 28 24
95 24 23
95 28 27
95 27 25
95 27 26
96 30 4
96 4 3
96 3 2
96 2 0
96 2 1
96 30 29
96 29 28
96 28 18
96 18 17
96 17 11
96 11 5
96 11 10
96 10 8
96 8 6
96 8 7
96 10 9
96 17 16
96 16 15
96 15 14
96 14 12
96 14 13
96 28 27
96 27 26
96 26 21
96 21 19
96 21 20
96 26 25
96 25 24
96 24 23
96 23 22
97 34 33
97 33 1
97 1 0
97 33 32
97 32 31
97 31 28
97 28 2
97 28 27
97 27 18
97 18 17
97 17 16
97 16 14
97 14 6
97 6 5
97 5 3
97 5 4
97 14 13
97 13 9
97 9 8
97 8 7
97 13 12
97 12 11
97 11 10
97 16 15
97 27 26
97 26 19
97 26 25
97 25 24
97 24 23
97 23 22
97 22 21
97 21 20
97 31 30
97 30 29
98 29 0
98 29 28
98 28 23
98 23 1
98 23 22
98 22 21
98 21 20
98 20 19
98 19 4
98 4 3
98 3 2
98 19 18
98 18 17
98 17 16
98 16 11
98 11 7
98 7 6
98 6 5
98 11 10
98 10 8
98 10 9
98 16 15
98 15 14
98 14 13
98 13 12
98 28 27
98 27 24
98 27 26
98 26 25
99 30 29
99 29 28
99 28 1
99 1 0
99 28 27
99 27 26
99 26 25
99 25 2
99 25 24
99 24 22
99 22 18
99 18 7
99 7 3
99 7 6
99 6 4
99 6 5
99 18 17
99 17 16
99 16 15
99 15 14
99 14 8
99 14 13
99 13 12
99 12 11
99 11 10
99 10 9
99 22 21
99 21 20
99 20 19
99 24 23
100 29 27
100 27 19
100 19 16
100 16 3
100 3 2
100 2 0
100 2 1
100 16 15
100 15 8
100 8 4
100 8 7
100 7 6
100 6 5
100 15 14
100 14 9
100 14 13
100 13 12
100 12 10
100 12 11
100 19 18
100 18 17
100 27 26
100 26 23
100 23 22
100 22 20
100 22 21
100 26 25
100 25 24
100 29 28
101 31 30
101 30 6
101 6 0
101 6 5
101 5 1
101 5 4
101 4 2
101 4 3
101 30 29
101 29 28
101 28 10
101 10 7
101 10 9
101 9 8
101 28 27
101 27 21
101 21 14
101 14 13
101 13 11
101 13 12
101 21 20
101 20 19
101 19 17
101 17 15
101 17 16
101 19 18
101 27 26
101 26 22
101 26 25
101 25 24
101 24 23
