1 30 29
1 29 28
1 28 26
1 26 0
1 26 25
1 25 24
1 24 23
1 23 22
1 22 1
1 22 21
1 21 3
1 3 2
1 21 20
1 20 9
1 9 6
1 6 4
1 6 5
1 9 8
1 8 7
1 20 19
1 19 17
1 17 16
1 16 10
1 16 15
1 15 14
1 14 12
1 12 11
1 14 13
1 19 18
1 28 27
2 33 0
2 33 32
2 32 31
2 31 30
2 30 23
2 23 21
2 21 20
2 20 1
2 20 19
2 19 4
2 4 3
2 3 2
2 19 18
2 18 16
2 16 6
2 6 5
2 16 15
2 15 14
2 14 7
2 14 13
2 13 9
2 9 8
2 13 12
2 12 11
2 11 10
2 18 17
2 23 22
2 30 29
2 29 24
2 29 28
2 28 25
2 28 27
2 27 26
3 32 13
3 13 11
3 11 9
3 9 8
3 8 7
3 7 0
3 7 6
3 6 5
3 5 2
3 2 1
3 5 4
3 4 3
3 11 10
3 13 12
3 32 31
3 31 30
3 30 29
3 29 28
3 28 16
3 16 15
3 15 14
3 28 27
3 27 24
3 24 22
3 22 17
3 22 21
3 21 20
3 20 19
3 19 18
3 24 23
3 27 26
3 26 25
4 29 13
4 13 12
4 12 11
4 11 0
4 11 10
4 10 4
4 4 3
4 3 1
4 3 2
4 10 9
4 9 8
4 8 5
4 8 7
4 7 6
4 29 28
4 28 27
4 27 18
4 18 14
4 18 17
4 17 16
4 16 15
4 27 26
4 26 24
4 24 20
4 20 19
4 24 23
4 23 22
4 22 21
4 26 25
5 29 23
5 23 22
5 22 0
5 22 21
5 21 1
5 21 20
5 20 7
5 7 2
5 7 6
5 6 5
5 5 4
5 4 3
5 20 19
5 19 18
5 18 8
5 18 17
5 17 14
5 14 10
5 10 9
5 14 13
5 13 12
5 12 11
5 17 16
5 16 15
5 29 28
5 28 25
5 25 24
5 28 27
5 27 26
6 32 30
6 30 29
6 29 0
6 29 28
6 28 23
6 23 22
6 22 20
6 20 19
6 19 18
6 18 10
6 10 8
6 8 7
6 7 6
6 6 1
6 6 5
6 5 3
6 3 2
6 5 4
6 10 9
6 18 17
6 17 12
6 12 11
6 17 16
6 16 13
6 16 15
6 15 14
6 22 21
6 28 27
6 27 25
6 25 24
6 27 26
6 32 31
7 34 32
7 32 31
7 31 0
7 31 30
7 30 29
7 29 28
7 28 27
7 27 21
7 21 20
7 20 3
7 3 2
7 2 1
7 20 19
7 19 7
7 7 6
7 6 5
7 5 4
7 19 18
7 18 16
7 16 15
7 15 14
7 14 13
7 13 12
7 12 11
7 11 8
7 11 10
7 10 9
7 18 17
7 27 26
7 26 25
7 25 23
7 23 22
7 25 24
7 34 33
8 34 14
8 14 0
8 14 13
8 13 1
8 13 12
8 12 2
8 12 11
8 11 10
8 10 8
8 8 6
8 6 3
8 6 5
8 5 4
8 8 7
8 10 9
8 34 33
8 33 32
8 32 31
8 31 30
8 30 29
8 29 27
8 27 26
8 26 19
8 19 18
8 18 17
8 17 16
8 16 15
8 26 25
8 25 20
8 25 24
8 24 22
8 22 21
8 24 23
8 29 28
9 29 4
9 4 2
9 2 1
9 1 0
9 4 3
9 29 28
9 28 26
9 26 25
9 25 5
9 25 24
9 24 9
9 9 8
9 8 7
9 7 6
9 24 23
9 23 13
9 13 12
9 12 11
9 11 10
9 23 22
9 22 19
9 19 17
9 17 14
9 17 16
9 16 15
9 19 18
9 22 21
9 21 20
9 28 27
10 33 29
10 29 28
10 28 10
10 10 9
10 9 0
10 9 8
10 8 5
10 5 4
10 4 3
10 3 2
10 2 1
10 8 7
10 7 6
10 28 27
10 27 12
10 12 11
10 27 26
10 26 25
10 25 24
10 24 13
10 24 23
10 23 14
10 23 22
10 22 18
10 18 16
10 16 15
10 18 17
10 22 21
10 21 20
10 20 19
10 33 32
10 32 31
10 31 30
11 33 1
11 1 0
11 33 32
11 32 30
11 30 29
11 29 28
11 28 13
11 13 12
11 12 10
11 10 4
11 4 2
11 4 3
11 10 9
11 9 5
11 9 8
11 8 6
11 8 7
11 12 11
11 28 27
11 27 26
11 26 20
11 20 16
11 16 15
11 15 14
11 20 19
11 19 18
11 18 17
11 26 25
11 25 24
11 24 23
11 23 22
11 22 21
11 32 31
12 31 29
12 29 14
12 14 10
12 10 8
12 8 7
12 7 6
12 6 2
12 2 1
12 1 0
12 6 5
12 5 4
12 4 3
12 10 9
12 14 13
12 13 11
12 13 12
12 29 28
12 28 27
12 27 26
12 26 25
12 25 23
12 23 22
12 22 21
12 21 16
12 16 15
12 21 20
12 20 19
12 19 18
12 18 17
12 25 24
12 31 30
13 32 6
13 6 5
13 5 0
13 5 4
13 4 3
13 3 2
13 2 1
13 32 31
13 31 30
13 30 23
13 23 21
13 21 7
13 21 20
13 20 13
13 13 10
13 10 9
13 9 8
13 13 12
13 12 11
13 20 19
13 19 18
13 18 17
13 17 16
13 16 15
13 15 14
13 23 22
13 30 29
13 29 28
13 28 27
13 27 26
13 26 24
13 26 25
14 30 22
14 22 20
14 20 17
14 17 0
14 17 16
14 16 15
14 15 1
14 15 14
14 14 12
14 12 3
14 3 2
14 12 11
14 11 7
14 7 4
14 7 6
14 6 5
14 11 10
14 10 9
14 9 8
14 14 13
14 20 19
14 19 18
14 22 21
14 30 29
14 29 23
14 29 28
14 28 27
14 27 24
14 27 26
14 26 25
15 30 23
15 23 1
15 1 0
15 23 22
15 22 20
15 20 16
15 16 14
15 14 2
15 14 13
15 13 4
15 4 3
15 13 12
15 12 11
15 11 10
15 10 9
15 9 7
15 7 5
15 7 6
15 9 8
15 16 15
15 20 19
15 19 17
15 19 18
15 22 21
15 30 29
15 29 27
15 27 26
15 26 25
15 25 24
15 29 28
16 32 29
16 29 3
16 3 2
16 2 0
16 2 1
16 29 28
16 28 25
16 25 17
16 17 14
16 14 13
16 13 4
16 13 12
16 12 5
16 12 11
16 11 10
16 10 8
16 8 6
16 8 7
16 10 9
16 17 16
16 16 15
16 25 24
16 24 23
16 23 22
16 22 21
16 21 20
16 20 19
16 19 18
16 28 27
16 27 26
16 32 31
16 31 30
17 33 31
17 31 0
17 31 30
17 30 1
17 30 29
17 29 2
17 29 28
17 28 26
17 26 25
17 25 22
17 22 21
17 21 3
17 21 20
17 20 7
17 7 5
17 5 4
17 7 6
17 20 19
17 19 8
17 19 18
17 18 9
17 18 17
17 17 10
17 17 16
17 16 15
17 15 14
17 14 12
17 12 11
17 14 13
17 25 24
17 24 23
17 28 27
17 33 32
18 33 4
18 4 0
18 4 3
18 3 1
18 3 2
18 33 32
18 32 6
18 6 5
18 32 31
18 31 7
18 31 30
18 30 27
18 27 8
18 27 26
18 26 21
18 21 20
18 20 18
18 18 10
18 10 9
18 18 17
18 17 11
18 17 16
18 16 15
18 15 14
18 14 12
18 14 13
18 20 19
18 26 25
18 25 23
18 23 22
18 25 24
18 30 29
18 29 28
19 32 0
19 32 31
19 31 26
19 26 23
19 23 21
19 21 1
19 21 20
19 20 3
19 3 2
19 20 19
19 19 18
19 18 8
19 8 4
19 8 7
19 7 5
19 7 6
19 18 17
19 17 16
19 16 9
19 16 15
19 15 14
19 14 10
19 14 13
19 13 12
19 12 11
19 23 22
19 26 25
19 25 24
19 31 30
19 30 27
19 30 29
19 29 28
20 32 24
20 24 21
20 21 20
20 20 19
20 19 6
20 6 0
20 6 5
20 5 2
20 2 1
20 5 4
20 4 3
20 19 18
20 18 16
20 16 8
20 8 7
20 16 15
20 15 10
20 10 9
20 15 14
20 14 13
20 13 12
20 12 11
20 18 17
20 24 23
20 23 22
20 32 31
20 31 27
20 27 25
20 27 26
20 31 30
20 30 29
20 29 28
21 29 28
21 28 4
21 4 1
21 1 0
21 4 3
21 3 2
21 28 27
21 27 14
21 14 5
21 14 13
21 13 8
21 8 6
21 8 7
21 13 12
21 12 10
21 10 9
21 12 11
21 27 26
21 26 17
21 17 16
21 16 15
21 26 25
21 25 18
21 25 24
21 24 22
21 22 21
21 21 20
21 20 19
21 24 23
22 33 32
22 32 0
22 32 31
22 31 25
22 25 24
22 24 18
22 18 3
22 3 1
22 3 2
22 18 17
22 17 16
22 16 10
22 10 4
22 10 9
22 9 8
22 8 7
22 7 6
22 6 5
22 16 15
22 15 13
22 13 12
22 12 11
22 15 14
22 24 23
22 23 22
22 22 21
22 21 20
22 20 19
22 31 30
22 30 28
22 28 26
22 28 27
22 30 29
23 30 13
23 13 0
23 13 12
23 12 10
23 10 9
23 9 1
23 9 8
23 8 7
23 7 5
23 5 4
23 4 2
23 4 3
23 7 6
23 12 11
23 30 29
23 29 24
23 24 23
23 23 14
23 23 22
23 22 21
23 21 15
23 21 20
23 20 19
23 19 17
23 17 16
23 19 18
23 29 28
23 28 26
23 26 25
23 28 27
24 32 4
24 4 3
24 3 0
24 3 2
24 2 1
24 32 31
24 31 15
24 15 14
24 14 13
24 13 11
24 11 8
24 8 7
24 7 6
24 6 5
24 11 10
24 10 9
24 13 12
24 31 30
24 30 29
24 29 24
24 24 23
24 23 22
24 22 18
24 18 16
24 18 17
24 22 21
24 21 19
24 21 20
24 29 28
24 28 27
24 27 25
24 27 26
25 33 29
25 29 15
25 15 1
25 1 0
25 15 14
25 14 13
25 13 11
25 11 10
25 10 9
25 9 8
25 8 4
25 4 3
25 3 2
25 8 7
25 7 6
25 6 5
25 13 12
25 29 28
25 28 16
25 28 27
25 27 19
25 19 18
25 18 17
25 27 26
25 26 23
25 23 20
25 23 22
25 22 21
25 26 25
25 25 24
25 33 32
25 32 30
25 32 31
26 32 31
26 31 30
26 30 1
26 1 0
26 30 29
26 29 25
26 25 23
26 23 21
26 21 7
26 7 6
26 6 5
26 5 4
26 4 3
26 3 2
26 21 20
26 20 11
26 11 9
26 9 8
26 11 10
26 20 19
26 19 12
26 19 18
26 18 13
26 18 17
26 17 14
26 17 16
26 16 15
26 23 22
26 25 24
26 29 28
26 28 26
26 28 27
27 34 32
27 32 31
27 31 30
27 30 28
27 28 27
27 27 1
27 1 0
27 27 26
27 26 24
27 24 2
27 24 23
27 23 17
27 17 16
27 16 15
27 15 14
27 14 12
27 12 10
27 10 3
27 10 9
27 9 8
27 8 7
27 7 6
27 6 4
27 6 5
27 12 11
27 14 13
27 23 22
27 22 18
27 22 21
27 21 20
27 20 19
27 26 25
27 30 29
27 34 33
28 31 0
28 31 30
28 30 9
28 9 6
28 6 4
28 4 3
28 3 1
28 3 2
28 6 5
28 9 8
28 8 7
28 30 29
28 29 11
28 11 10
28 29 28
28 28 23
28 23 12
28 23 22
28 22 21
28 21 20
28 20 19
28 19 18
28 18 16
28 16 15
28 15 13
28 15 14
28 18 17
28 28 27
28 27 26
28 26 24
28 26 25
29 33 32
29 32 30
29 30 29
29 29 28
29 28 0
29 28 27
29 27 25
29 25 24
29 24 23
29 23 22
29 22 20
29 20 19
29 19 18
29 18 2
29 2 1
29 18 17
29 17 4
29 4 3
29 17 16
29 16 15
29 15 7
29 7 5
29 7 6
29 15 14
29 14 11
29 11 9
29 9 8
29 11 10
29 14 13
29 13 12
29 22 21
29 27 26
29 32 31
30 31 1
30 1 0
30 31 30
30 30 29
30 29 28
30 28 19
30 19 18
30 18 17
30 17 8
30 8 5
30 5 4
30 4 3
30 3 2
30 8 7
30 7 6
30 17 16
30 16 15
30 15 14
30 14 13
30 13 12
30 12 11
30 11 9
30 11 10
30 28 27
30 27 26
30 26 25
30 25 24
30 24 20
30 24 23
30 23 21
30 23 22
31 30 28
31 28 1
31 1 0
31 28 27
31 27 26
31 26 25
31 25 3
31 3 2
31 25 24
31 24 22
31 22 21
31 21 18
31 18 5
31 5 4
31 18 17
31 17 16
31 16 15
31 15 14
31 14 12
31 12 10
31 10 8
31 8 6
31 8 7
31 10 9
31 12 11
31 14 13
31 21 20
31 20 19
31 24 23
31 30 29
32 34 33
32 33 6
32 6 5
32 5 4
32 4 3
32 3 1
32 1 0
32 3 2
32 33 32
32 32 9
32 9 8
32 8 7
32 32 31
32 31 10
32 31 30
32 30 29
32 29 28
32 28 21
32 21 12
32 12 11
32 21 20
32 20 13
32 20 19
32 19 15
32 15 14
32 19 18
32 18 17
32 17 16
32 28 27
32 27 22
32 27 26
32 26 25
32 25 23
32 25 24
33 31 24
33 24 14
33 14 6
33 6 4
33 4 3
33 3 1
33 1 0
33 3 2
33 6 5
33 14 13
33 13 8
33 8 7
33 13 12
33 12 11
33 11 10
33 10 9
33 24 23
33 23 15
33 23 22
33 22 21
33 21 20
33 20 16
33 20 19
33 19 17
33 19 18
33 31 30
33 30 27
33 27 26
33 26 25
33 30 29
33 29 28
34 33 1
34 1 0
34 33 32
34 32 31
34 31 30
34 30 29
34 29 27
34 27 25
34 25 24
34 24 23
34 23 22
34 22 21
34 21 2
34 21 20
34 20 10
34 10 8
34 8 7
34 7 4
34 4 3
34 7 6
34 6 5
34 10 9
34 20 19
34 19 11
34 19 18
34 18 17
34 17 16
34 16 15
34 15 14
34 14 13
34 13 12
34 27 26
34 29 28
35 34 2
35 2 0
35 2 1
35 34 33
35 33 31
35 31 14
35 14 12
35 12 11
35 11 10
35 10 3
35 10 9
35 9 6
35 6 5
35 5 4
35 9 8
35 8 7
35 14 13
35 31 30
35 30 15
35 30 29
35 29 18
35 18 17
35 17 16
35 29 28
35 28 27
35 27 25
35 25 24
35 24 19
35 24 23
35 23 22
35 22 20
35 22 21
35 27 26
35 33 32
36 30 28
36 28 0
36 28 27
36 27 26
36 26 1
36 26 25
36 25 24
36 24 23
36 23 14
36 14 13
36 13 4
36 4 3
36 3 2
36 13 12
36 12 11
36 11 10
36 10 9
36 9 5
36 9 8
36 8 7
36 7 6
36 23 22
36 22 15
36 22 21
36 21 17
36 17 16
36 21 20
36 20 18
36 20 19
36 30 29
37 32 7
37 7 5
37 5 4
37 4 1
37 1 0
37 4 3
37 3 2
37 7 6
37 32 31
37 31 8
37 31 30
37 30 29
37 29 9
37 29 28
37 28 27
37 27 10
37 27 26
37 26 25
37 25 12
37 12 11
37 25 24
37 24 23
37 23 22
37 22 16
37 16 15
37 15 14
37 14 13
37 22 21
37 21 18
37 18 17
37 21 20
37 20 19
38 34 32
38 32 18
38 18 16
38 16 0
38 16 15
38 15 14
38 14 12
38 12 11
38 11 9
38 9 4
38 4 2
38 2 1
38 4 3
38 9 8
38 8 6
38 6 5
38 8 7
38 11 10
38 14 13
38 18 17
38 32 31
38 31 19
38 31 30
38 30 29
38 29 22
38 22 21
38 21 20
38 29 28
38 28 27
38 27 26
38 26 24
38 24 23
38 26 25
38 34 33
39 32 1
39 1 0
39 32 31
39 31 27
39 27 2
39 27 26
39 26 25
39 25 23
39 23 22
39 22 21
39 21 20
39 20 8
39 8 4
39 4 3
39 8 7
39 7 5
39 7 6
39 20 19
39 19 9
39 19 18
39 18 17
39 17 13
39 13 12
39 12 10
39 12 11
39 17 16
39 16 15
39 15 14
39 25 24
39 31 30
39 30 29
39 29 28
40 34 27
40 27 26
40 26 25
40 25 1
40 1 0
40 25 24
40 24 22
40 22 21
40 21 20
40 20 2
40 20 19
40 19 18
40 18 17
40 17 4
40 4 3
40 17 16
40 16 14
40 14 9
40 9 8
40 8 6
40 6 5
40 8 7
40 14 13
40 13 12
40 12 10
40 12 11
40 16 15
40 24 23
40 34 33
40 33 30
40 30 29
40 29 28
40 33 32
40 32 31
41 32 30
41 30 29
41 29 26
41 26 25
41 25 4
41 4 1
41 1 0
41 4 3
41 3 2
41 25 24
41 24 22
41 22 21
41 21 19
41 19 17
41 17 5
41 17 16
41 16 7
41 7 6
41 16 15
41 15 14
41 14 8
41 14 13
41 13 12
41 12 9
41 12 11
41 11 10
41 19 18
41 21 20
41 24 23
41 29 28
41 28 27
41 32 31
42 29 2
42 2 0
42 2 1
42 29 28
42 28 27
42 27 26
42 26 25
42 25 19
42 19 6
42 6 4
42 4 3
42 6 5
42 19 18
42 18 17
42 17 9
42 9 7
42 9 8
42 17 16
42 16 15
42 15 11
42 11 10
42 15 14
42 14 12
42 14 13
42 25 24
42 24 22
42 22 20
42 22 21
42 24 23
43 34 31
43 31 30
43 30 0
43 30 29
43 29 19
43 19 1
43 19 18
43 18 8
43 8 7
43 7 6
43 6 5
43 5 3
43 3 2
43 5 4
43 18 17
43 17 16
43 16 15
43 15 10
43 10 9
43 15 14
43 14 12
43 12 11
43 14 13
43 29 28
43 28 20
43 28 27
43 27 25
43 25 24
43 24 22
43 22 21
43 24 23
43 27 26
43 34 33
43 33 32
44 32 30
44 30 18
44 18 14
44 14 0
44 14 13
44 13 1
44 13 12
44 12 10
44 10 6
44 6 4
44 4 2
44 4 3
44 6 5
44 10 9
44 9 7
44 9 8
44 12 11
44 18 17
44 17 15
44 17 16
44 30 29
44 29 28
44 28 20
44 20 19
44 28 27
44 27 25
44 25 22
44 22 21
44 25 24
44 24 23
44 27 26
44 32 31
45 30 29
45 29 27
45 27 5
45 5 4
45 4 3
45 3 2
45 2 0
45 2 1
45 27 26
45 26 25
45 25 6
45 25 24
45 24 10
45 10 8
45 8 7
45 10 9
45 24 23
45 23 14
45 14 12
45 12 11
45 14 13
45 23 22
45 22 21
45 21 20
45 20 15
45 20 19
45 19 18
45 18 17
45 17 16
45 29 28
46 33 32
46 32 30
46 30 29
46 29 28
46 28 27
46 27 26
46 26 4
46 4 3
46 3 2
46 2 0
46 2 1
46 26 25
46 25 23
46 23 20
46 20 19
46 19 6
46 6 5
46 19 18
46 18 17
46 17 16
46 16 12
46 12 9
46 9 8
46 8 7
46 12 11
46 11 10
46 16 15
46 15 13
46 15 14
46 23 22
46 22 21
46 25 24
46 32 31
47 32 31
47 31 26
47 26 0
47 26 25
47 25 10
47 10 8
47 8 4
47 4 2
47 2 1
47 4 3
47 8 7
47 7 6
47 6 5
47 10 9
47 25 24
47 24 23
47 23 21
47 21 18
47 18 11
47 18 17
47 17 15
47 15 14
47 14 12
47 14 13
47 17 16
47 21 20
47 20 19
47 23 22
47 31 30
47 30 28
47 28 27
47 30 29
48 33 32
48 32 30
48 30 29
48 29 2
48 2 0
48 2 1
48 29 28
48 28 17
48 17 3
48 17 16
48 16 14
48 14 13
48 13 6
48 6 5
48 5 4
48 13 12
48 12 9
48 9 7
48 9 8
48 12 11
48 11 10
48 16 15
48 28 27
48 27 23
48 23 22
48 22 21
48 21 20
48 20 19
48 19 18
48 27 26
48 26 25
48 25 24
48 32 31
49 34 0
49 34 33
49 33 2
49 2 1
49 33 32
49 32 7
49 7 5
49 5 3
49 5 4
49 7 6
49 32 31
49 31 14
49 14 13
49 13 9
49 9 8
49 13 12
49 12 10
49 12 11
49 31 30
49 30 28
49 28 20
49 20 17
49 17 16
49 16 15
49 20 19
49 19 18
49 28 27
49 27 21
49 27 26
49 26 25
49 25 24
49 24 22
49 24 23
49 30 29
50 30 29
50 29 6
50 6 5
50 5 4
50 4 3
50 3 2
50 2 0
50 2 1
50 29 28
50 28 27
50 27 24
50 24 22
50 22 21
50 21 19
50 19 18
50 18 7
50 18 17
50 17 16
50 16 8
50 16 15
50 15 12
50 12 11
50 11 9
50 11 10
50 15 14
50 14 13
50 21 20
50 24 23
50 27 26
50 26 25
51 30 29
51 29 27
51 27 26
51 26 24
51 24 0
51 24 23
51 23 19
51 19 13
51 13 1
51 13 12
51 12 11
51 11 10
51 10 9
51 9 5
51 5 3
51 3 2
51 5 4
51 9 8
51 8 6
51 8 7
51 19 18
51 18 17
51 17 16
51 16 14
51 16 15
51 23 22
51 22 21
51 21 20
51 26 25
51 29 28
52 29 0
52 29 28
52 28 26
52 26 25
52 25 24
52 24 1
52 24 23
52 23 20
52 20 19
52 19 2
52 19 18
52 18 17
52 17 16
52 16 3
52 16 15
52 15 13
52 13 4
52 13 12
52 12 9
52 9 8
52 8 7
52 7 6
52 6 5
52 12 11
52 11 10
52 15 14
52 23 22
52 22 21
52 28 27
53 32 30
53 30 0
53 30 29
53 29 7
53 7 6
53 6 4
53 4 3
53 3 1
53 3 2
53 6 5
53 29 28
53 28 27
53 27 26
53 26 8
53 26 25
53 25 10
53 10 9
53 25 24
53 24 13
53 13 11
53 13 12
53 24 23
53 23 22
53 22 21
53 21 20
53 20 19
53 19 18
53 18 17
53 17 16
53 16 15
53 15 14
53 32 31
54 32 0
54 32 31
54 31 9
54 9 8
54 8 7
54 7 3
54 3 1
54 3 2
54 7 6
54 6 4
54 6 5
54 31 30
54 30 11
54 11 10
54 30 29
54 29 28
54 28 26
54 26 24
54 24 23
54 23 19
54 19 18
54 18 12
54 18 17
54 17 15
54 15 14
54 14 13
54 17 16
54 23 22
54 22 20
54 22 21
54 26 25
54 28 27
55 30 29
55 29 0
55 29 28
55 28 27
55 27 26
55 26 25
55 25 1
55 25 24
55 24 23
55 23 22
55 22 20
55 20 2
55 20 19
55 19 17
55 17 3
55 17 16
55 16 14
55 14 9
55 9 8
55 8 7
55 7 6
55 6 4
55 6 5
55 14 13
55 13 12
55 12 11
55 11 10
55 16 15
55 19 18
55 22 21
56 33 32
56 32 30
56 30 0
56 30 29
56 29 27
56 27 3
56 3 2
56 2 1
56 27 26
56 26 4
56 26 25
56 25 23
56 23 22
56 22 21
56 21 20
56 20 19
56 19 16
56 16 14
56 14 5
56 14 13
56 13 12
56 12 11
56 11 7
56 7 6
56 11 10
56 10 8
56 10 9
56 16 15
56 19 18
56 18 17
56 25 24
56 29 28
56 32 31
57 33 24
57 24 8
57 8 6
57 6 0
57 6 5
57 5 4
57 4 2
57 2 1
57 4 3
57 8 7
57 24 23
57 23 10
57 10 9
57 23 22
57 22 20
57 20 19
57 19 11
57 19 18
57 18 17
57 17 16
57 16 12
57 16 15
57 15 14
57 14 13
57 22 21
57 33 32
57 32 31
57 31 25
57 31 30
57 30 26
57 30 29
57 29 27
57 29 28
58 32 0
58 32 31
58 31 30
58 30 26
58 26 3
58 3 1
58 3 2
58 26 25
58 25 22
58 22 13
58 13 12
58 12 9
58 9 6
58 6 5
58 5 4
58 9 8
58 8 7
58 12 11
58 11 10
58 22 21
58 21 19
58 19 18
58 18 16
58 16 15
58 15 14
58 18 17
58 21 20
58 25 24
58 24 23
58 30 29
58 29 28
58 28 27
59 33 3
59 3 1
59 1 0
59 3 2
59 33 32
59 32 31
59 31 30
59 30 29
59 29 20
59 20 19
59 19 18
59 18 17
59 17 4
59 17 16
59 16 12
59 12 9
59 9 8
59 8 7
59 7 6
59 6 5
59 12 11
59 11 10
59 16 15
59 15 13
59 15 14
59 29 28
59 28 23
59 23 21
59 23 22
59 28 27
59 27 24
59 27 26
59 26 25
60 30 7
60 7 6
60 6 5
60 5 0
60 5 4
60 4 3
60 3 1
60 3 2
60 30 29
60 29 27
60 27 26
60 26 23
60 23 22
60 22 20
60 20 19
60 19 12
60 12 8
60 12 11
60 11 9
60 11 10
60 19 18
60 18 15
60 15 13
60 15 14
60 18 17
60 17 16
60 22 21
60 26 25
60 25 24
60 29 28
61 33 28
61 28 27
61 27 26
61 26 0
61 26 25
61 25 10
61 10 7
61 7 6
61 6 4
61 4 3
61 3 2
61 2 1
61 6 5
61 10 9
61 9 8
61 25 24
61 24 22
61 22 21
61 21 20
61 20 18
61 18 17
61 17 11
61 17 16
61 16 15
61 15 12
61 15 14
61 14 13
61 20 19
61 24 23
61 33 32
61 32 31
61 31 30
61 30 29
62 30 29
62 29 28
62 28 6
62 6 5
62 5 3
62 3 2
62 2 1
62 1 0
62 5 4
62 28 27
62 27 26
62 26 24
62 24 23
62 23 17
62 17 16
62 16 10
62 10 8
62 8 7
62 10 9
62 16 15
62 15 14
62 14 11
62 14 13
62 13 12
62 23 22
62 22 21
62 21 20
62 20 18
62 20 19
62 26 25
63 30 27
63 27 26
63 26 22
63 22 18
63 18 16
63 16 15
63 15 2
63 2 1
63 1 0
63 15 14
63 14 3
63 14 13
63 13 12
63 12 8
63 8 6
63 6 4
63 6 5
63 8 7
63 12 11
63 11 10
63 10 9
63 18 17
63 22 21
63 21 19
63 21 20
63 26 25
63 25 24
63 24 23
63 30 29
63 29 28
64 33 30
64 30 1
64 1 0
64 30 29
64 29 28
64 28 27
64 27 25
64 25 6
64 6 5
64 5 2
64 5 4
64 4 3
64 25 24
64 24 15
64 15 14
64 14 8
64 8 7
64 14 13
64 13 12
64 12 11
64 11 10
64 10 9
64 24 23
64 23 16
64 23 22
64 22 21
64 21 19
64 19 17
64 19 18
64 21 20
64 27 26
64 33 32
64 32 31
65 31 28
65 28 0
65 28 27
65 27 24
65 24 18
65 18 7
65 7 6
65 6 5
65 5 4
65 4 3
65 3 1
65 3 2
65 18 17
65 17 16
65 16 13
65 13 12
65 12 11
65 11 10
65 10 9
65 9 8
65 16 15
65 15 14
65 24 23
65 23 19
65 23 22
65 22 20
65 22 21
65 27 26
65 26 25
65 31 30
65 30 29
66 29 28
66 28 27
66 27 13
66 13 12
66 12 11
66 11 0
66 11 10
66 10 9
66 9 8
66 8 7
66 7 5
66 5 4
66 4 3
66 3 2
66 2 1
66 7 6
66 27 26
66 26 18
66 18 16
66 16 15
66 15 14
66 18 17
66 26 25
66 25 24
66 24 23
66 23 21
66 21 20
66 20 19
66 23 22
67 31 29
67 29 0
67 29 28
67 28 13
67 13 10
67 10 9
67 9 7
67 7 6
67 6 5
67 5 4
67 4 1
67 4 3
67 3 2
67 9 8
67 13 12
67 12 11
67 28 27
67 27 15
67 15 14
67 27 26
67 26 25
67 25 16
67 25 24
67 24 19
67 19 17
67 19 18
67 24 23
67 23 22
67 22 20
67 22 21
67 31 30
68 30 26
68 26 17
68 17 16
68 16 15
68 15 2
68 2 1
68 1 0
68 15 14
68 14 11
68 11 10
68 10 9
68 9 7
68 7 6
68 6 4
68 4 3
68 6 5
68 9 8
68 14 13
68 13 12
68 26 25
68 25 18
68 25 24
68 24 23
68 23 22
68 22 20
68 20 19
68 22 21
68 30 29
68 29 28
68 28 27
69 31 2
69 2 0
69 2 1
69 31 30
69 30 11
69 11 10
69 10 3
69 10 9
69 9 8
69 8 7
69 7 6
69 6 5
69 5 4
69 30 29
69 29 12
69 29 28
69 28 13
69 28 27
69 27 26
69 26 14
69 26 25
69 25 24
69 24 23
69 23 15
69 23 22
69 22 21
69 21 20
69 20 16
69 20 19
69 19 17
69 19 18
70 33 32
70 32 31
70 31 28
70 28 26
70 26 24
70 24 0
70 24 23
70 23 3
70 3 1
70 3 2
70 23 22
70 22 21
70 21 20
70 20 19
70 19 17
70 17 7
70 7 5
70 5 4
70 7 6
70 17 16
70 16 9
70 9 8
70 16 15
70 15 13
70 13 12
70 12 11
70 11 10
70 15 14
70 19 18
70 26 25
70 28 27
70 31 30
70 30 29
71 29 0
71 29 28
71 28 7
71 7 4
71 4 3
71 3 2
71 2 1
71 7 6
71 6 5
71 28 27
71 27 8
71 27 26
71 26 25
71 25 23
71 23 12
71 12 11
71 11 9
71 11 10
71 23 22
71 22 15
71 15 14
71 14 13
71 22 21
71 21 20
71 20 16
71 20 19
71 19 18
71 18 17
71 25 24
72 31 30
72 30 29
72 29 7
72 7 6
72 6 4
72 4 2
72 2 0
72 2 1
72 4 3
72 6 5
72 29 28
72 28 26
72 26 24
72 24 16
72 16 14
72 14 13
72 13 11
72 11 9
72 9 8
72 11 10
72 13 12
72 16 15
72 24 23
72 23 20
72 20 19
72 19 18
72 18 17
72 23 22
72 22 21
72 26 25
72 28 27
73 33 32
73 32 28
73 28 0
73 28 27
73 27 26
73 26 25
73 25 24
73 24 22
73 22 21
73 21 18
73 18 17
73 17 14
73 14 1
73 14 13
73 13 3
73 3 2
73 13 12
73 12 11
73 11 6
73 6 4
73 6 5
73 11 10
73 10 9
73 9 8
73 8 7
73 17 16
73 16 15
73 21 20
73 20 19
73 24 23
73 32 31
73 31 29
73 31 30
74 32 30
74 30 23
74 23 21
74 21 20
74 20 19
74 19 9
74 9 0
74 9 8
74 8 7
74 7 4
74 4 2
74 2 1
74 4 3
74 7 6
74 6 5
74 19 18
74 18 17
74 17 16
74 16 14
74 14 12
74 12 11
74 11 10
74 14 13
74 16 15
74 23 22
74 30 29
74 29 28
74 28 26
74 26 24
74 26 25
74 28 27
74 32 31
75 29 3
75 3 0
75 3 2
75 2 1
75 29 28
75 28 27
75 27 10
75 10 9
75 9 8
75 8 6
75 6 5
75 5 4
75 8 7
75 27 26
75 26 11
75 26 25
75 25 17
75 17 15
75 15 12
75 15 14
75 14 13
75 17 16
75 25 24
75 24 18
75 24 23
75 23 22
75 22 21
75 21 19
75 21 20
76 34 31
76 31 1
76 1 0
76 31 30
76 30 29
76 29 11
76 11 2
76 11 10
76 10 3
76 10 9
76 9 7
76 7 5
76 5 4
76 7 6
76 9 8
76 29 28
76 28 27
76 27 26
76 26 13
76 13 12
76 26 25
76 25 24
76 24 23
76 23 22
76 22 14
76 22 21
76 21 20
76 20 19
76 19 18
76 18 17
76 17 16
76 16 15
76 34 33
76 33 32
77 29 28
77 28 15
77 15 5
77 5 0
77 5 4
77 4 3
77 3 2
77 2 1
77 15 14
77 14 12
77 12 10
77 10 6
77 10 9
77 9 7
77 9 8
77 12 11
77 14 13
77 28 27
77 27 18
77 18 17
77 17 16
77 27 26
77 26 19
77 26 25
77 25 24
77 24 23
77 23 22
77 22 20
77 22 21
78 31 27
78 27 3
78 3 0
78 3 2
78 2 1
78 27 26
78 26 18
78 18 11
78 11 7
78 7 6
78 6 5
78 5 4
78 11 10
78 10 9
78 9 8
78 18 17
78 17 16
78 16 14
78 14 12
78 14 13
78 16 15
78 26 25
78 25 21
78 21 20
78 20 19
78 25 24
78 24 23
78 23 22
78 31 30
78 30 29
78 29 28
79 32 2
79 2 1
79 1 0
79 32 31
79 31 23
79 23 12
79 12 9
79 9 3
79 9 8
79 8 7
79 7 6
79 6 5
79 5 4
79 12 11
79 11 10
79 23 22
79 22 21
79 21 16
79 16 14
79 14 13
79 16 15
79 21 20
79 20 17
79 20 19
79 19 18
79 31 30
79 30 29
79 29 24
79 29 28
79 28 27
79 27 26
79 26 25
80 34 33
80 33 30
80 30 21
80 21 0
80 21 20
80 20 19
80 19 18
80 18 17
80 17 15
80 15 10
80 10 5
80 5 4
80 4 3
80 3 2
80 2 1
80 10 9
80 9 6
80 9 8
80 8 7
80 15 14
80 14 11
80 14 13
80 13 12
80 17 16
80 30 29
80 29 28
80 28 26
80 26 25
80 25 24
80 24 22
80 24 23
80 28 27
80 33 32
80 32 31
81 34 21
81 21 20
81 20 3
81 3 2
81 2 1
81 1 0
81 20 19
81 19 4
81 19 18
81 18 5
81 18 17
81 17 13
81 13 12
81 12 6
81 12 11
81 11 9
81 9 8
81 8 7
81 11 10
81 17 16
81 16 14
81 16 15
81 34 33
81 33 22
81 33 32
81 32 31
81 31 29
81 29 25
81 25 24
81 24 23
81 29 28
81 28 26
81 28 27
81 31 30
82 31 30
82 30 29
82 29 27
82 27 21
82 21 17
82 17 15
82 15 14
82 14 0
82 14 13
82 13 12
82 12 10
82 10 9
82 9 1
82 9 8
82 8 7
82 7 6
82 6 3
82 3 2
82 6 5
82 5 4
82 12 11
82 17 16
82 21 20
82 20 18
82 20 19
82 27 26
82 26 24
82 24 22
82 24 23
82 26 25
82 29 28
83 31 30
83 30 4
83 4 0
83 4 3
83 3 2
83 2 1
83 30 29
83 29 23
83 23 21
83 21 7
83 7 5
83 7 6
83 21 20
83 20 8
83 20 19
83 19 10
83 10 9
83 19 18
83 18 16
83 16 14
83 14 13
83 13 11
83 13 12
83 16 15
83 18 17
83 23 22
83 29 28
83 28 25
83 25 24
83 28 27
83 27 26
84 32 6
84 6 5
84 5 3
84 3 2
84 2 0
84 2 1
84 5 4
84 32 31
84 31 28
84 28 23
84 23 22
84 22 15
84 15 14
84 14 12
84 12 11
84 11 9
84 9 8
84 8 7
84 11 10
84 14 13
84 22 21
84 21 20
84 20 19
84 19 16
84 19 18
84 18 17
84 28 27
84 27 26
84 26 24
84 26 25
84 31 30
84 30 29
85 33 0
85 33 32
85 32 30
85 30 3
85 3 2
85 2 1
85 30 29
85 29 4
85 29 28
85 28 27
85 27 20
85 20 17
85 17 16
85 16 14
85 14 13
85 13 7
85 7 6
85 6 5
85 13 12
85 12 11
85 11 8
85 11 10
85 10 9
85 16 15
85 20 19
85 19 18
85 27 26
85 26 25
85 25 22
85 22 21
85 25 24
85 24 23
85 32 31
86 34 33
86 33 26
86 26 25
86 25 24
86 24 23
86 23 22
86 22 17
86 17 16
86 16 3
86 3 2
86 2 0
86 2 1
86 16 15
86 15 5
86 5 4
86 15 14
86 14 6
86 14 13
86 13 7
86 13 12
86 12 11
86 11 10
86 10 9
86 9 8
86 22 21
86 21 19
86 19 18
86 21 20
86 33 32
86 32 27
86 32 31
86 31 29
86 29 28
86 31 30
87 30 2
87 2 0
87 2 1
87 30 29
87 29 3
87 29 28
87 28 27
87 27 20
87 20 19
87 19 18
87 18 16
87 16 14
87 14 7
87 7 4
87 7 6
87 6 5
87 14 13
87 13 12
87 12 11
87 11 9
87 9 8
87 11 10
87 16 15
87 18 17
87 27 26
87 26 24
87 24 23
87 23 22
87 22 21
87 26 25
88 32 31
88 31 0
88 31 30
88 30 24
88 24 23
88 23 22
88 22 21
88 21 19
88 19 18
88 18 2
88 2 1
88 18 17
88 17 3
88 17 16
88 16 15
88 15 4
88 15 14
88 14 6
88 6 5
88 14 13
88 13 12
88 12 11
88 11 10
88 10 7
88 10 9
88 9 8
88 21 20
88 30 29
88 29 27
88 27 25
88 27 26
88 29 28
89 32 25
89 25 0
89 25 24
89 24 23
89 23 15
89 15 11
89 11 10
89 10 9
89 9 8
89 8 1
89 8 7
89 7 3
89 3 2
89 7 6
89 6 5
89 5 4
89 15 14
89 14 12
89 14 13
89 23 22
89 22 19
89 19 17
89 17 16
89 19 18
89 22 21
89 21 20
89 32 31
89 31 30
89 30 29
89 29 26
89 29 28
89 28 27
90 30 0
90 30 29
90 29 24
90 24 17
90 17 1
90 17 16
90 16 9
90 9 6
90 6 5
90 5 4
90 4 2
90 4 3
90 9 8
90 8 7
90 16 15
90 15 14
90 14 10
90 14 13
90 13 12
90 12 11
90 24 23
90 23 22
90 22 20
90 20 18
90 20 19
90 22 21
90 29 28
90 28 27
90 27 25
90 27 26
91 29 21
91 21 20
91 20 13
91 13 12
91 12 11
91 11 8
91 8 7
91 7 5
91 5 4
91 4 3
91 3 2
91 2 1
91 1 0
91 7 6
91 11 10
91 10 9
91 20 19
91 19 14
91 19 18
91 18 17
91 17 16
91 16 15
91 29 28
91 28 26
91 26 25
91 25 24
91 24 23
91 23 22
91 28 27
92 31 1
92 1 0
92 31 30
92 30 29
92 29 28
92 28 27
92 27 21
92 21 20
92 20 2
92 20 19
92 19 7
92 7 6
92 6 5
92 5 4
92 4 3
92 19 18
92 18 17
92 17 15
92 15 14
92 14 12
92 12 9
92 9 8
92 12 11
92 11 10
92 14 13
92 17 16
92 27 26
92 26 25
92 25 23
92 23 22
92 25 24
93 34 3
93 3 2
93 2 1
93 1 0
93 34 33
93 33 31
93 31 13
93 13 11
93 11 7
93 7 4
93 7 6
93 6 5
93 11 10
93 10 8
93 10 9
93 13 12
93 31 30
93 30 14
93 30 29
93 29 28
93 28 15
93 28 27
93 27 26
93 26 25
93 25 24
93 24 23
93 23 16
93 23 22
93 22 21
93 21 20
93 20 19
93 19 17
93 19 18
93 33 32
94 33 31
94 31 0
94 31 30
94 30 28
94 28 24
94 24 23
94 23 22
94 22 9
94 9 8
94 8 7
94 7 5
94 5 1
94 5 4
94 4 2
94 4 3
94 7 6
94 22 21
94 21 17
94 17 14
94 14 13
94 13 10
94 13 12
94 12 11
94 17 16
94 16 15
94 21 20
94 20 18
94 20 19
94 28 27
94 27 25
94 27 26
94 30 29
94 33 32
95 29 8
95 8 7
95 7 1
95 1 0
95 7 6
95 6 4
95 4 2
95 4 3
95 6 5
95 29 28
95 28 27
95 27 9
95 27 26
95 26 10
95 26 25
95 25 24
95 24 21
95 21 11
95 21 20
95 20 13
95 13 12
95 20 19
95 19 14
95 19 18
95 18 17
95 17 15
95 17 16
95 24 23
95 23 22
96 32 27
96 27 26
96 26 0
96 26 25
96 25 23
96 23 10
96 10 2
96 2 1
96 10 9
96 9 3
96 9 8
96 8 6
96 6 4
96 6 5
96 8 7
96 23 22
96 22 18
96 18 11
96 18 17
96 17 16
96 16 15
96 15 12
96 15 14
96 14 13
96 22 21
96 21 20
96 20 19
96 25 24
96 32 31
96 31 30
96 30 29
96 29 28
97 34 18
97 18 15
97 15 14
97 14 12
97 12 2
97 2 0
97 2 1
97 12 11
97 11 5
97 5 4
97 4 3
97 11 10
97 10 8
97 8 6
97 8 7
97 10 9
97 14 13
97 18 17
97 17 16
97 34 33
97 33 32
97 32 21
97 21 19
97 21 20
97 32 31
97 31 24
97 24 22
97 24 23
97 31 30
97 30 25
97 30 29
97 29 27
97 27 26
97 29 28
98 30 8
98 8 6
98 6 4
98 4 0
98 4 3
98 3 2
98 2 1
98 6 5
98 8 7
98 30 29
98 29 28
98 28 27
98 27 11
98 11 10
98 10 9
98 27 26
98 26 24
98 24 23
98 23 12
98 23 22
98 22 21
98 21 18
98 18 14
98 14 13
98 18 17
98 17 16
98 16 15
98 21 20
98 20 19
98 26 25
99 33 31
99 31 29
99 29 28
99 28 0
99 28 27
99 27 25
99 25 1
99 25 24
99 24 4
99 4 2
99 4 3
99 24 23
99 23 21
99 21 17
99 17 15
99 15 13
99 13 10
99 10 7
99 7 6
99 6 5
99 10 9
99 9 8
99 13 12
99 12 11
99 15 14
99 17 16
99 21 20
99 20 19
99 19 18
99 23 22
99 27 26
99 31 30
99 33 32
100 34 12
100 12 11
100 11 10
100 10 9
100 9 8
100 8 0
100 8 7
100 7 6
100 6 4
100 4 1
100 4 3
100 3 2
100 6 5
100 34 33
100 33 32
100 32 20
100 20 19
100 19 18
100 18 16
100 16 14
100 14 13
100 16 15
100 18 17
100 32 31
100 31 21
100 31 30
100 30 29
100 29 28
100 28 25
100 25 24
100 24 22
100 24 23
100 28 27
100 27 26
101 31 30
101 30 28
101 28 27
101 27 1
101 1 0
101 27 26
101 26 23
101 23 4
101 4 2
101 4 3
101 23 22
101 22 7
101 7 5
101 7 6
101 22 21
101 21 8
101 21 20
101 20 19
101 19 16
101 16 9
101 16 15
101 15 14
101 14 10
101 14 13
101 13 12
101 12 11
101 19 18
101 18 17
101 26 25
101 25 24
101 30 29
