1 32 31
1 31 0
1 31 30
1 30 28
1 28 22
1 22 4
1 4 3
1 3 1
1 3 2
1 22 21
1 21 20
1 20 5
1 20 19
1 19 11
1 11 7
1 7 6
1 11 10
1 10 8
1 10 9
1 19 18
1 18 16
1 16 14
1 14 12
1 14 13
1 16 15
1 18 17
1 28 27
1 27 23
1 27 26
1 26 25
1 25 24
1 30 29
2 32 28
2 28 0
2 28 27
2 27 26
2 26 25
2 25 22
2 22 1
2 22 21
2 21 5
2 5 2
2 5 4
2 4 3
2 21 20
2 20 8
2 8 6
2 8 7
2 20 19
2 19 18
2 18 10
2 10 9
2 18 17
2 17 15
2 15 12
2 12 11
2 15 14
2 14 13
2 17 16
2 25 24
2 24 23
2 32 31
2 31 29
2 31 30
3 29 28
3 28 27
3 27 26
3 26 1
3 1 0
3 26 25
3 25 24
3 24 4
3 4 3
3 3 2
3 24 23
3 23 14
3 14 10
3 10 9
3 9 6
3 6 5
3 9 8
3 8 7
3 14 13
3 13 11
3 13 12
3 23 22
3 22 21
3 21 19
3 19 15
3 19 18
3 18 16
3 18 17
3 21 20
4 29 2
4 2 1
4 1 0
4 29 28
4 28 27
4 27 25
4 25 24
4 24 22
4 22 3
4 22 21
4 21 19
4 19 18
4 18 14
4 14 13
4 13 5
4 5 4
4 13 12
4 12 10
4 10 7
4 7 6
4 10 9
4 9 8
4 12 11
4 18 17
4 17 15
4 17 16
4 21 20
4 24 23
4 27 26
5 29 28
5 28 27
5 27 0
5 27 26
5 26 1
5 26 25
5 25 24
5 24 12
5 12 11
5 11 3
5 3 2
5 11 10
5 10 6
5 6 5
5 5 4
5 10 9
5 9 7
5 9 8
5 24 23
5 23 22
5 22 21
5 21 15
5 15 14
5 14 13
5 21 20
5 20 19
5 19 16
5 19 18
5 18 17
6 33 10
6 10 0
6 10 9
6 9 1
6 9 8
6 8 7
6 7 6
6 6 5
6 5 2
6 5 4
6 4 3
6 33 32
6 32 31
6 31 11
6 31 30
6 30 29
6 29 14
6 14 12
6 14 13
6 29 28
6 28 26
6 26 17
6 17 16
6 16 15
6 26 25
6 25 18
6 25 24
6 24 22
6 22 21
6 21 19
6 21 20
6 24 23
6 28 27
7 34 21
7 21 18
7 18 17
7 17 16
7 16 12
7 12 10
7 10 8
7 8 1
7 1 0
7 8 7
7 7 6
7 6 3
7 3 2
7 6 5
7 5 4
7 10 9
7 12 11
7 16 15
7 15 14
7 14 13
7 21 20
7 20 19
7 34 33
7 33 22
7 33 32
7 32 28
7 28 23
7 28 27
7 27 25
7 25 24
7 27 26
7 32 31
7 31 29
7 31 30
8 32 13
8 13 8
8 8 6
8 6 3
8 3 2
8 2 1
8 1 0
8 6 5
8 5 4
8 8 7
8 13 12
8 12 9
8 12 11
8 11 10
8 32 31
8 31 30
8 30 28
8 28 14
8 28 27
8 27 16
8 16 15
8 27 26
8 26 25
8 25 23
8 23 22
8 22 19
8 19 17
8 19 18
8 22 21
8 21 20
8 25 24
8 30 29
9 34 5
9 5 4
9 4 3
9 3 0
9 3 2
9 2 1
9 34 33
9 33 28
9 28 16
9 16 6
9 16 15
9 15 7
9 15 14
9 14 8
9 14 13
9 13 12
9 12 11
9 11 9
9 11 10
9 28 27
9 27 19
9 19 17
9 19 18
9 27 26
9 26 20
9 26 25
9 25 24
9 24 23
9 23 22
9 22 21
9 33 32
9 32 31
9 31 29
9 31 30
10 33 31
10 31 27
10 27 26
10 26 22
10 22 20
10 20 19
10 19 17
10 17 0
10 17 16
10 16 9
10 9 8
10 8 7
10 7 2
10 2 1
10 7 6
10 6 5
10 5 3
10 5 4
10 16 15
10 15 14
10 14 13
10 13 10
10 13 12
10 12 11
10 19 18
10 22 21
10 26 25
10 25 24
10 24 23
10 31 30
10 30 28
10 30 29
10 33 32
11 33 32
11 32 31
11 31 30
11 30 29
11 29 28
11 28 25
11 25 23
11 23 0
11 23 22
11 22 3
11 3 2
11 2 1
11 22 21
11 21 20
11 20 18
11 18 17
11 17 6
11 6 5
11 5 4
11 17 16
11 16 15
11 15 7
11 15 14
11 14 9
11 9 8
11 14 13
11 13 12
11 12 10
11 12 11
11 20 19
11 25 24
11 28 27
11 27 26
12 31 0
12 31 30
12 30 26
12 26 25
12 25 23
12 23 22
12 22 12
12 12 11
12 11 7
12 7 5
12 5 4
12 4 1
12 4 3
12 3 2
12 7 6
12 11 10
12 10 9
12 9 8
12 22 21
12 21 19
12 19 13
12 19 18
12 18 15
12 15 14
12 18 17
12 17 16
12 21 20
12 25 24
12 30 29
12 29 27
12 29 28
13 29 28
13 28 26
13 26 25
13 25 24
13 24 23
13 23 20
13 20 19
13 19 9
13 9 3
13 3 2
13 2 1
13 1 0
13 9 8
13 8 7
13 7 4
13 7 6
13 6 5
13 19 18
13 18 17
13 17 16
13 16 10
13 16 15
13 15 14
13 14 12
13 12 11
13 14 13
13 23 22
13 22 21
13 28 27
14 29 27
14 27 26
14 26 25
14 25 1
14 1 0
14 25 24
14 24 2
14 24 23
14 23 21
14 21 20
14 20 19
14 19 3
14 19 18
14 18 15
14 15 9
14 9 8
14 8 4
14 8 7
14 7 6
14 6 5
14 15 14
14 14 10
14 14 13
14 13 11
14 13 12
14 18 17
14 17 16
14 23 22
14 29 28
15 34 8
15 8 7
15 7 6
15 6 3
15 3 2
15 2 1
15 1 0
15 6 5
15 5 4
15 34 33
15 33 26
15 26 25
15 25 22
15 22 21
15 21 17
15 17 13
15 13 10
15 10 9
15 13 12
15 12 11
15 17 16
15 16 14
15 16 15
15 21 20
15 20 19
15 19 18
15 25 24
15 24 23
15 33 32
15 32 27
15 32 31
15 31 29
15 29 28
15 31 30
16 33 32
16 32 0
16 32 31
16 31 2
16 2 1
16 31 30
16 30 28
16 28 27
16 27 4
16 4 3
16 27 26
16 26 25
16 25 23
16 23 22
16 22 21
16 21 19
16 19 16
16 16 15
16 15 11
16 11 10
16 10 9
16 9 5
16 9 8
16 8 6
16 8 7
16 15 14
16 14 13
16 13 12
16 19 18
16 18 17
16 21 20
16 25 24
16 30 29
17 29 27
17 27 26
17 26 25
17 25 4
17 4 0
17 4 3
17 3 1
17 3 2
17 25 24
17 24 7
17 7 6
17 6 5
17 24 23
17 23 20
17 20 19
17 19 18
17 18 17
17 17 8
17 17 16
17 16 15
17 15 14
17 14 11
17 11 10
17 10 9
17 14 13
17 13 12
17 23 22
17 22 21
17 29 28
18 30 0
18 30 29
18 29 6
18 6 5
18 5 1
18 5 4
18 4 2
18 4 3
18 29 28
18 28 27
18 27 26
18 26 20
18 20 7
18 20 19
18 19 18
18 18 8
18 18 17
18 17 11
18 11 10
18 10 9
18 17 16
18 16 14
18 14 12
18 14 13
18 16 15
18 26 25
18 25 21
18 25 24
18 24 23
18 23 22
19 29 3
19 3 0
19 3 2
19 2 1
19 29 28
19 28 27
19 27 24
19 24 4
19 24 23
19 23 22
19 22 9
19 9 5
19 9 8
19 8 6
19 8 7
19 22 21
19 21 13
19 13 12
19 12 10
19 12 11
19 21 20
19 20 18
19 18 17
19 17 14
19 17 16
19 16 15
19 20 19
19 27 26
19 26 25
20 32 5
20 5 4
20 4 0
20 4 3
20 3 2
20 2 1
20 32 31
20 31 30
20 30 13
20 13 12
20 12 9
20 9 8
20 8 6
20 8 7
20 12 11
20 11 10
20 30 29
20 29 28
20 28 26
20 26 23
20 23 17
20 17 16
20 16 15
20 15 14
20 23 22
20 22 20
20 20 18
20 20 19
20 22 21
20 26 25
20 25 24
20 28 27
21 33 28
21 28 22
21 22 21
21 21 20
21 20 19
21 19 18
21 18 17
21 17 12
21 12 8
21 8 0
21 8 7
21 7 2
21 2 1
21 7 6
21 6 4
21 4 3
21 6 5
21 12 11
21 11 9
21 11 10
21 17 16
21 16 15
21 15 13
21 15 14
21 28 27
21 27 23
21 27 26
21 26 24
21 26 25
21 33 32
21 32 31
21 31 30
21 30 29
22 34 31
22 31 30
22 30 28
22 28 24
22 24 23
22 23 10
22 10 8
22 8 0
22 8 7
22 7 5
22 5 1
22 5 4
22 4 2
22 4 3
22 7 6
22 10 9
22 23 22
22 22 20
22 20 18
22 18 17
22 17 15
22 15 13
22 13 12
22 12 11
22 15 14
22 17 16
22 20 19
22 22 21
22 28 27
22 27 26
22 26 25
22 30 29
22 34 33
22 33 32
23 30 29
23 29 28
23 28 7
23 7 6
23 6 2
23 2 0
23 2 1
23 6 5
23 5 4
23 4 3
23 28 27
23 27 18
23 18 17
23 17 16
23 16 8
23 16 15
23 15 14
23 14 13
23 13 12
23 12 11
23 11 9
23 11 10
23 27 26
23 26 19
23 26 25
23 25 24
23 24 20
23 24 23
23 23 22
23 22 21
24 32 31
24 31 0
24 31 30
24 30 1
24 30 29
24 29 3
24 3 2
24 29 28
24 28 27
24 27 4
24 27 26
24 26 25
24 25 5
24 25 24
24 24 23
24 23 22
24 22 9
24 9 6
24 9 8
24 8 7
24 22 21
24 21 20
24 20 12
24 12 10
24 12 11
24 20 19
24 19 16
24 16 15
24 15 14
24 14 13
24 19 18
24 18 17
25 32 26
25 26 25
25 25 24
25 24 23
25 23 20
25 20 17
25 17 16
25 16 9
25 9 8
25 8 7
25 7 0
25 7 6
25 6 1
25 6 5
25 5 4
25 4 3
25 3 2
25 16 15
25 15 10
25 15 14
25 14 13
25 13 11
25 13 12
25 20 19
25 19 18
25 23 22
25 22 21
25 32 31
25 31 27
25 31 30
25 30 28
25 30 29
26 34 17
26 17 1
26 1 0
26 17 16
26 16 10
26 10 8
26 8 3
26 3 2
26 8 7
26 7 4
26 7 6
26 6 5
26 10 9
26 16 15
26 15 11
26 15 14
26 14 13
26 13 12
26 34 33
26 33 32
26 32 19
26 19 18
26 32 31
26 31 20
26 31 30
26 30 25
26 25 21
26 25 24
26 24 23
26 23 22
26 30 29
26 29 26
26 29 28
26 28 27
27 33 2
27 2 1
27 1 0
27 33 32
27 32 4
27 4 3
27 32 31
27 31 30
27 30 7
27 7 6
27 6 5
27 30 29
27 29 10
27 10 9
27 9 8
27 29 28
27 28 11
27 28 27
27 27 26
27 26 22
27 22 20
27 20 18
27 18 17
27 17 16
27 16 15
27 15 13
27 13 12
27 15 14
27 20 19
27 22 21
27 26 25
27 25 23
27 25 24
28 32 5
28 5 1
28 1 0
28 5 4
28 4 2
28 4 3
28 32 31
28 31 27
28 27 12
28 12 11
28 11 10
28 10 8
28 8 6
28 8 7
28 10 9
28 27 26
28 26 25
28 25 16
28 16 13
28 16 15
28 15 14
28 25 24
28 24 18
28 18 17
28 24 23
28 23 22
28 22 20
28 20 19
28 22 21
28 31 30
28 30 28
28 30 29
29 33 1
29 1 0
29 33 32
29 32 31
29 31 2
29 31 30
29 30 4
29 4 3
29 30 29
29 29 28
29 28 6
29 6 5
29 28 27
29 27 7
29 27 26
29 26 23
29 23 19
29 19 17
29 17 15
29 15 13
29 13 11
29 11 10
29 10 8
29 10 9
29 13 12
29 15 14
29 17 16
29 19 18
29 23 22
29 22 20
29 22 21
29 26 25
29 25 24
30 31 7
30 7 5
30 5 3
30 3 2
30 2 1
30 1 0
30 5 4
30 7 6
30 31 30
30 30 28
30 28 11
30 11 10
30 10 8
30 10 9
30 28 27
30 27 12
30 27 26
30 26 25
30 25 22
30 22 21
30 21 19
30 19 16
30 16 13
30 16 15
30 15 14
30 19 18
30 18 17
30 21 20
30 25 24
30 24 23
30 30 29
31 32 31
31 31 1
31 1 0
31 31 30
31 30 17
31 17 15
31 15 12
31 12 11
31 11 2
31 11 10
31 10 9
31 9 7
31 7 4
31 4 3
31 7 6
31 6 5
31 9 8
31 15 14
31 14 13
31 17 16
31 30 29
31 29 18
31 29 28
31 28 19
31 28 27
31 27 26
31 26 20
31 26 25
31 25 23
31 23 21
31 23 22
31 25 24
32 33 31
32 31 10
32 10 8
32 8 0
32 8 7
32 7 5
32 5 3
32 3 1
32 3 2
32 5 4
32 7 6
32 10 9
32 31 30
32 30 28
32 28 12
32 12 11
32 28 27
32 27 24
32 24 23
32 23 22
32 22 13
32 22 21
32 21 15
32 15 14
32 21 20
32 20 16
32 20 19
32 19 17
32 19 18
32 27 26
32 26 25
32 30 29
32 33 32
33 30 8
33 8 1
33 1 0
33 8 7
33 7 2
33 7 6
33 6 4
33 4 3
33 6 5
33 30 29
33 29 10
33 10 9
33 29 28
33 28 12
33 12 11
33 28 27
33 27 26
33 26 22
33 22 17
33 17 16
33 16 15
33 15 13
33 15 14
33 22 21
33 21 20
33 20 18
33 20 19
33 26 25
33 25 24
33 24 23
34 31 29
34 29 22
34 22 21
34 21 20
34 20 0
34 20 19
34 19 3
34 3 2
34 2 1
34 19 18
34 18 15
34 15 14
34 14 7
34 7 6
34 6 5
34 5 4
34 14 13
34 13 10
34 10 9
34 9 8
34 13 12
34 12 11
34 18 17
34 17 16
34 29 28
34 28 27
34 27 26
34 26 23
34 26 25
34 25 24
34 31 30
35 30 12
35 12 0
35 12 11
35 11 2
35 2 1
35 11 10
35 10 9
35 9 4
35 4 3
35 9 8
35 8 6
35 6 5
35 8 7
35 30 29
35 29 16
35 16 15
35 15 13
35 15 14
35 29 28
35 28 17
35 28 27
35 27 26
35 26 25
35 25 18
35 25 24
35 24 20
35 20 19
35 24 23
35 23 22
35 22 21
36 29 28
36 28 9
36 9 5
36 5 4
36 4 3
36 3 0
36 3 2
36 2 1
36 9 8
36 8 6
36 8 7
36 28 27
36 27 14
36 14 12
36 12 10
36 12 11
36 14 13
36 27 26
36 26 25
36 25 24
36 24 23
36 23 22
36 22 21
36 21 15
36 21 20
36 20 19
36 19 18
36 18 16
36 18 17
37 33 0
37 33 32
37 32 31
37 31 23
37 23 22
37 22 19
37 19 2
37 2 1
37 19 18
37 18 17
37 17 11
37 11 3
37 11 10
37 10 9
37 9 8
37 8 4
37 8 7
37 7 6
37 6 5
37 17 16
37 16 12
37 16 15
37 15 14
37 14 13
37 22 21
37 21 20
37 31 30
37 30 28
37 28 26
37 26 24
37 26 25
37 28 27
37 30 29
38 33 25
38 25 24
38 24 0
38 24 23
38 23 22
38 22 21
38 21 1
38 21 20
38 20 19
38 19 7
38 7 2
38 7 6
38 6 3
38 6 5
38 5 4
38 19 18
38 18 17
38 17 16
38 16 8
38 16 15
38 15 13
38 13 12
38 12 11
38 11 10
38 10 9
38 15 14
38 33 32
38 32 26
38 32 31
38 31 28
38 28 27
38 31 30
38 30 29
39 32 11
39 11 4
39 4 1
39 1 0
39 4 3
39 3 2
39 11 10
39 10 9
39 9 7
39 7 6
39 6 5
39 9 8
39 32 31
39 31 12
39 31 30
39 30 13
39 30 29
39 29 15
39 15 14
39 29 28
39 28 27
39 27 16
39 27 26
39 26 22
39 22 21
39 21 20
39 20 19
39 19 18
39 18 17
39 26 25
39 25 23
39 25 24
40 33 16
40 16 14
40 14 3
40 3 1
40 1 0
40 3 2
40 14 13
40 13 12
40 12 10
40 10 5
40 5 4
40 10 9
40 9 6
40 9 8
40 8 7
40 12 11
40 16 15
40 33 32
40 32 31
40 31 17
40 31 30
40 30 28
40 28 26
40 26 24
40 24 22
40 22 21
40 21 19
40 19 18
40 21 20
40 24 23
40 26 25
40 28 27
40 30 29
41 33 32
41 32 31
41 31 30
41 30 29
41 29 9
41 9 7
41 7 6
41 6 4
41 4 3
41 3 2
41 2 0
41 2 1
41 6 5
41 9 8
41 29 28
41 28 26
41 26 18
41 18 17
41 17 16
41 16 15
41 15 14
41 14 10
41 14 13
41 13 11
41 13 12
41 26 25
41 25 20
41 20 19
41 25 24
41 24 21
41 24 23
41 23 22
41 28 27
42 32 30
42 30 26
42 26 25
42 25 8
42 8 0
42 8 7
42 7 3
42 3 1
42 3 2
42 7 6
42 6 5
42 5 4
42 25 24
42 24 23
42 23 22
42 22 9
42 22 21
42 21 16
42 16 11
42 11 10
42 16 15
42 15 13
42 13 12
42 15 14
42 21 20
42 20 19
42 19 17
42 19 18
42 30 29
42 29 27
42 29 28
42 32 31
43 33 3
43 3 0
43 3 2
43 2 1
43 33 32
43 32 31
43 31 29
43 29 8
43 8 7
43 7 5
43 5 4
43 7 6
43 29 28
43 28 10
43 10 9
43 28 27
43 27 11
43 27 26
43 26 15
43 15 12
43 15 14
43 14 13
43 26 25
43 25 24
43 24 22
43 22 21
43 21 20
43 20 16
43 20 19
43 19 18
43 18 17
43 24 23
43 31 30
44 32 30
44 30 29
44 29 24
44 24 23
44 23 0
44 23 22
44 22 1
44 22 21
44 21 18
44 18 3
44 3 2
44 18 17
44 17 16
44 16 6
44 6 5
44 5 4
44 16 15
44 15 13
44 13 12
44 12 9
44 9 7
44 9 8
44 12 11
44 11 10
44 15 14
44 21 20
44 20 19
44 29 28
44 28 27
44 27 26
44 26 25
44 32 31
45 34 24
45 24 19
45 19 18
45 18 16
45 16 12
45 12 11
45 11 10
45 10 4
45 4 2
45 2 0
45 2 1
45 4 3
45 10 9
45 9 6
45 6 5
45 9 8
45 8 7
45 16 15
45 15 14
45 14 13
45 18 17
45 24 23
45 23 22
45 22 20
45 22 21
45 34 33
45 33 31
45 31 25
45 31 30
45 30 28
45 28 26
45 28 27
45 30 29
45 33 32
46 30 29
46 29 28
46 28 27
46 27 26
46 26 22
46 22 21
46 21 1
46 1 0
46 21 20
46 20 7
46 7 5
46 5 2
46 5 4
46 4 3
46 7 6
46 20 19
46 19 18
46 18 8
46 18 17
46 17 16
46 16 11
46 11 9
46 11 10
46 16 15
46 15 14
46 14 12
46 14 13
46 26 25
46 25 23
46 25 24
47 34 0
47 34 33
47 33 1
47 33 32
47 32 2
47 32 31
47 31 3
47 31 30
47 30 5
47 5 4
47 30 29
47 29 24
47 24 21
47 21 20
47 20 19
47 19 6
47 19 18
47 18 17
47 17 16
47 16 15
47 15 7
47 15 14
47 14 8
47 14 13
47 13 12
47 12 10
47 10 9
47 12 11
47 24 23
47 23 22
47 29 28
47 28 27
47 27 25
47 27 26
48 29 24
48 24 19
48 19 0
48 19 18
48 18 17
48 17 1
48 17 16
48 16 10
48 10 9
48 9 2
48 9 8
48 8 3
48 8 7
48 7 4
48 7 6
48 6 5
48 16 15
48 15 14
48 14 11
48 14 13
48 13 12
48 24 23
48 23 21
48 21 20
48 23 22
48 29 28
48 28 26
48 26 25
48 28 27
49 34 28
49 28 4
49 4 3
49 3 2
49 2 1
49 1 0
49 28 27
49 27 8
49 8 6
49 6 5
49 8 7
49 27 26
49 26 10
49 10 9
49 26 25
49 25 24
49 24 22
49 22 11
49 22 21
49 21 20
49 20 18
49 18 17
49 17 16
49 16 14
49 14 12
49 14 13
49 16 15
49 20 19
49 24 23
49 34 33
49 33 32
49 32 30
49 30 29
49 32 31
50 29 27
50 27 0
50 27 26
50 26 1
50 26 25
50 25 2
50 25 24
50 24 3
50 24 23
50 23 4
50 23 22
50 22 21
50 21 5
50 21 20
50 20 19
50 19 17
50 17 16
50 16 6
50 16 15
50 15 14
50 14 8
50 8 7
50 14 13
50 13 12
50 12 9
50 12 11
50 11 10
50 19 18
50 29 28
51 34 33
51 33 32
51 32 0
51 32 31
51 31 30
51 30 29
51 29 13
51 13 12
51 12 11
51 11 10
51 10 8
51 8 6
51 6 4
51 4 1
51 4 3
51 3 2
51 6 5
51 8 7
51 10 9
51 29 28
51 28 15
51 15 14
51 28 27
51 27 16
51 27 26
51 26 25
51 25 24
51 24 22
51 22 21
51 21 20
51 20 17
51 20 19
51 19 18
51 24 23
52 32 30
52 30 27
52 27 26
52 26 25
52 25 23
52 23 22
52 22 0
52 22 21
52 21 18
52 18 16
52 16 2
52 2 1
52 16 15
52 15 11
52 11 10
52 10 9
52 9 8
52 8 7
52 7 6
52 6 5
52 5 4
52 4 3
52 15 14
52 14 12
52 14 13
52 18 17
52 21 20
52 20 19
52 25 24
52 30 29
52 29 28
52 32 31
53 33 32
53 32 31
53 31 0
53 31 30
53 30 29
53 29 27
53 27 7
53 7 5
53 5 4
53 4 3
53 3 2
53 2 1
53 7 6
53 27 26
53 26 21
53 21 20
53 20 19
53 19 13
53 13 12
53 12 10
53 10 8
53 10 9
53 12 11
53 19 18
53 18 17
53 17 15
53 15 14
53 17 16
53 26 25
53 25 22
53 25 24
53 24 23
53 29 28
54 29 0
54 29 28
54 28 24
54 24 21
54 21 20
54 20 19
54 19 17
54 17 16
54 16 3
54 3 2
54 2 1
54 16 15
54 15 10
54 10 9
54 9 8
54 8 4
54 8 7
54 7 5
54 7 6
54 15 14
54 14 13
54 13 11
54 13 12
54 19 18
54 24 23
54 23 22
54 28 27
54 27 25
54 27 26
55 33 32
55 32 6
55 6 5
55 5 0
55 5 4
55 4 3
55 3 1
55 3 2
55 32 31
55 31 8
55 8 7
55 31 30
55 30 9
55 30 29
55 29 10
55 29 28
55 28 27
55 27 23
55 23 19
55 19 18
55 18 16
55 16 11
55 16 15
55 15 12
55 15 14
55 14 13
55 18 17
55 23 22
55 22 21
55 21 20
55 27 26
55 26 24
55 26 25
56 31 27
56 27 7
56 7 1
56 1 0
56 7 6
56 6 4
56 4 3
56 3 2
56 6 5
56 27 26
56 26 8
56 26 25
56 25 9
56 25 24
56 24 22
56 22 18
56 18 10
56 18 17
56 17 11
56 17 16
56 16 15
56 15 13
56 13 12
56 15 14
56 22 21
56 21 20
56 20 19
56 24 23
56 31 30
56 30 28
56 30 29
57 32 31
57 31 30
57 30 0
57 30 29
57 29 27
57 27 26
57 26 3
57 3 2
57 2 1
57 26 25
57 25 20
57 20 13
57 13 12
57 12 10
57 10 9
57 9 6
57 6 4
57 6 5
57 9 8
57 8 7
57 12 11
57 20 19
57 19 18
57 18 17
57 17 15
57 15 14
57 17 16
57 25 24
57 24 21
57 24 23
57 23 22
57 29 28
58 30 17
58 17 6
58 6 0
58 6 5
58 5 4
58 4 3
58 3 1
58 3 2
58 17 16
58 16 15
58 15 14
58 14 7
58 14 13
58 13 12
58 12 10
58 10 9
58 9 8
58 12 11
58 30 29
58 29 28
58 28 18
58 28 27
58 27 19
58 27 26
58 26 24
58 24 20
58 24 23
58 23 21
58 23 22
58 26 25
59 30 29
59 29 27
59 27 1
59 1 0
59 27 26
59 26 25
59 25 24
59 24 22
59 22 21
59 21 20
59 20 3
59 3 2
59 20 19
59 19 6
59 6 4
59 6 5
59 19 18
59 18 14
59 14 13
59 13 7
59 13 12
59 12 8
59 12 11
59 11 10
59 10 9
59 18 17
59 17 15
59 17 16
59 24 23
59 29 28
60 31 30
60 30 29
60 29 28
60 28 25
60 25 20
60 20 19
60 19 9
60 9 5
60 5 3
60 3 1
60 1 0
60 3 2
60 5 4
60 9 8
60 8 7
60 7 6
60 19 18
60 18 15
60 15 12
60 12 11
60 11 10
60 15 14
60 14 13
60 18 17
60 17 16
60 25 24
60 24 22
60 22 21
60 24 23
60 28 27
60 27 26
61 29 28
61 28 23
61 23 13
61 13 9
61 9 6
61 6 5
61 5 3
61 3 1
61 1 0
61 3 2
61 5 4
61 9 8
61 8 7
61 13 12
61 12 10
61 12 11
61 23 22
61 22 21
61 21 14
61 21 20
61 20 19
61 19 18
61 18 17
61 17 15
61 17 16
61 28 27
61 27 25
61 25 24
61 27 26
62 32 30
62 30 29
62 29 27
62 27 24
62 24 23
62 23 22
62 22 0
62 22 21
62 21 2
62 2 1
62 21 20
62 20 19
62 19 17
62 17 12
62 12 5
62 5 3
62 5 4
62 12 11
62 11 6
62 11 10
62 10 9
62 9 7
62 9 8
62 17 16
62 16 14
62 14 13
62 16 15
62 19 18
62 27 26
62 26 25
62 29 28
62 32 31
63 34 33
63 33 12
63 12 7
63 7 6
63 6 5
63 5 2
63 2 1
63 1 0
63 5 4
63 4 3
63 12 11
63 11 9
63 9 8
63 11 10
63 33 32
63 32 13
63 32 31
63 31 30
63 30 14
63 30 29
63 29 15
63 29 28
63 28 27
63 27 21
63 21 20
63 20 19
63 19 18
63 18 17
63 17 16
63 27 26
63 26 22
63 26 25
63 25 23
63 25 24
64 30 29
64 29 27
64 27 2
64 2 0
64 2 1
64 27 26
64 26 24
64 24 23
64 23 3
64 23 22
64 22 20
64 20 18
64 18 4
64 18 17
64 17 7
64 7 5
64 7 6
64 17 16
64 16 8
64 16 15
64 15 13
64 13 11
64 11 9
64 11 10
64 13 12
64 15 14
64 20 19
64 22 21
64 26 25
64 29 28
65 30 27
65 27 26
65 26 25
65 25 24
65 24 23
65 23 20
65 20 1
65 1 0
65 20 19
65 19 12
65 12 7
65 7 5
65 5 2
65 5 4
65 4 3
65 7 6
65 12 11
65 11 9
65 9 8
65 11 10
65 19 18
65 18 17
65 17 16
65 16 14
65 14 13
65 16 15
65 23 22
65 22 21
65 30 29
65 29 28
66 31 16
66 16 14
66 14 3
66 3 2
66 2 1
66 1 0
66 14 13
66 13 4
66 13 12
66 12 11
66 11 10
66 10 9
66 9 6
66 6 5
66 9 8
66 8 7
66 16 15
66 31 30
66 30 19
66 19 17
66 19 18
66 30 29
66 29 23
66 23 21
66 21 20
66 23 22
66 29 28
66 28 26
66 26 24
66 26 25
66 28 27
67 31 30
67 30 29
67 29 27
67 27 24
67 24 3
67 3 2
67 2 0
67 2 1
67 24 23
67 23 4
67 23 22
67 22 21
67 21 18
67 18 15
67 15 14
67 14 12
67 12 8
67 8 6
67 6 5
67 8 7
67 12 11
67 11 9
67 11 10
67 14 13
67 18 17
67 17 16
67 21 20
67 20 19
67 27 26
67 26 25
67 29 28
68 30 29
68 29 0
68 29 28
68 28 5
68 5 4
68 4 1
68 4 3
68 3 2
68 28 27
68 27 26
68 26 11
68 11 10
68 10 9
68 9 7
68 7 6
68 9 8
68 26 25
68 25 20
68 20 19
68 19 14
68 14 12
68 14 13
68 19 18
68 18 16
68 16 15
68 18 17
68 25 24
68 24 23
68 23 22
68 22 21
69 31 11
69 11 0
69 11 10
69 10 8
69 8 1
69 8 7
69 7 2
69 7 6
69 6 3
69 6 5
69 5 4
69 10 9
69 31 30
69 30 23
69 23 22
69 22 16
69 16 15
69 15 13
69 13 12
69 15 14
69 22 21
69 21 20
69 20 17
69 20 19
69 19 18
69 30 29
69 29 28
69 28 24
69 28 27
69 27 25
69 27 26
70 29 28
70 28 4
70 4 3
70 3 1
70 1 0
70 3 2
70 28 27
70 27 26
70 26 5
70 26 25
70 25 6
70 25 24
70 24 23
70 23 21
70 21 15
70 15 12
70 12 11
70 11 10
70 10 9
70 9 8
70 8 7
70 15 14
70 14 13
70 21 20
70 20 19
70 19 16
70 19 18
70 18 17
70 23 22
71 32 31
71 31 30
71 30 0
71 30 29
71 29 7
71 7 6
71 6 5
71 5 4
71 4 2
71 2 1
71 4 3
71 29 28
71 28 27
71 27 9
71 9 8
71 27 26
71 26 25
71 25 13
71 13 12
71 12 10
71 12 11
71 25 24
71 24 14
71 24 23
71 23 21
71 21 19
71 19 17
71 17 15
71 17 16
71 19 18
71 21 20
71 23 22
72 32 31
72 31 28
72 28 12
72 12 0
72 12 11
72 11 5
72 5 4
72 4 2
72 2 1
72 4 3
72 11 10
72 10 7
72 7 6
72 10 9
72 9 8
72 28 27
72 27 13
72 27 26
72 26 14
72 26 25
72 25 21
72 21 20
72 20 18
72 18 17
72 17 15
72 17 16
72 20 19
72 25 24
72 24 23
72 23 22
72 31 30
72 30 29
73 30 0
73 30 29
73 29 19
73 19 18
73 18 16
73 16 8
73 8 7
73 7 1
73 7 6
73 6 4
73 4 2
73 4 3
73 6 5
73 16 15
73 15 10
73 10 9
73 15 14
73 14 12
73 12 11
73 14 13
73 18 17
73 29 28
73 28 26
73 26 24
73 24 20
73 24 23
73 23 22
73 22 21
73 26 25
73 28 27
74 29 27
74 27 25
74 25 21
74 21 16
74 16 15
74 15 14
74 14 13
74 13 10
74 10 0
74 10 9
74 9 2
74 2 1
74 9 8
74 8 5
74 5 3
74 5 4
74 8 7
74 7 6
74 13 12
74 12 11
74 21 20
74 20 18
74 18 17
74 20 19
74 25 24
74 24 23
74 23 22
74 27 26
74 29 28
75 32 0
75 32 31
75 31 30
75 30 29
75 29 4
75 4 1
75 4 3
75 3 2
75 29 28
75 28 14
75 14 6
75 6 5
75 14 13
75 13 8
75 8 7
75 13 12
75 12 11
75 11 9
75 11 10
75 28 27
75 27 26
75 26 16
75 16 15
75 26 25
75 25 18
75 18 17
75 25 24
75 24 23
75 23 19
75 23 22
75 22 21
75 21 20
76 33 31
76 31 0
76 31 30
76 30 27
76 27 8
76 8 7
76 7 5
76 5 2
76 2 1
76 5 4
76 4 3
76 7 6
76 27 26
76 26 11
76 11 9
76 11 10
76 26 25
76 25 23
76 23 22
76 22 12
76 22 21
76 21 17
76 17 13
76 17 16
76 16 15
76 15 14
76 21 20
76 20 19
76 19 18
76 25 24
76 30 29
76 29 28
76 33 32
77 29 28
77 28 0
77 28 27
77 27 1
77 27 26
77 26 9
77 9 7
77 7 6
77 6 2
77 6 5
77 5 3
77 5 4
77 9 8
77 26 25
77 25 24
77 24 23
77 23 18
77 18 15
77 15 10
77 15 14
77 14 13
77 13 12
77 12 11
77 18 17
77 17 16
77 23 22
77 22 21
77 21 20
77 20 19
78 31 27
78 27 23
78 23 19
78 19 18
78 18 6
78 6 5
78 5 4
78 4 0
78 4 3
78 3 1
78 3 2
78 18 17
78 17 14
78 14 13
78 13 10
78 10 9
78 9 8
78 8 7
78 13 12
78 12 11
78 17 16
78 16 15
78 23 22
78 22 20
78 22 21
78 27 26
78 26 25
78 25 24
78 31 30
78 30 28
78 30 29
79 33 32
79 32 0
79 32 31
79 31 26
79 26 25
79 25 21
79 21 20
79 20 18
79 18 16
79 16 1
79 16 15
79 15 14
79 14 2
79 14 13
79 13 3
79 13 12
79 12 11
79 11 10
79 10 6
79 6 4
79 6 5
79 10 9
79 9 8
79 8 7
79 18 17
79 20 19
79 25 24
79 24 22
79 24 23
79 31 30
79 30 27
79 30 29
79 29 28
80 29 9
80 9 6
80 6 5
80 5 4
80 4 3
80 3 1
80 1 0
80 3 2
80 9 8
80 8 7
80 29 28
80 28 13
80 13 10
80 13 12
80 12 11
80 28 27
80 27 20
80 20 19
80 19 18
80 18 16
80 16 15
80 15 14
80 18 17
80 27 26
80 26 24
80 24 21
80 24 23
80 23 22
80 26 25
81 31 30
81 30 2
81 2 1
81 1 0
81 30 29
81 29 27
81 27 26
81 26 18
81 18 8
81 8 3
81 8 7
81 7 6
81 6 4
81 6 5
81 18 17
81 17 9
81 17 16
81 16 15
81 15 14
81 14 12
81 12 11
81 11 10
81 14 13
81 26 25
81 25 24
81 24 23
81 23 22
81 22 21
81 21 19
81 21 20
81 29 28
82 31 0
82 31 30
82 30 29
82 29 28
82 28 27
82 27 16
82 16 2
82 2 1
82 16 15
82 15 10
82 10 9
82 9 7
82 7 6
82 6 5
82 5 4
82 4 3
82 9 8
82 15 14
82 14 11
82 14 13
82 13 12
82 27 26
82 26 25
82 25 24
82 24 22
82 22 20
82 20 19
82 19 17
82 19 18
82 22 21
82 24 23
83 33 25
83 25 17
83 17 16
83 16 15
83 15 14
83 14 13
83 13 10
83 10 5
83 5 4
83 4 3
83 3 0
83 3 2
83 2 1
83 10 9
83 9 7
83 7 6
83 9 8
83 13 12
83 12 11
83 25 24
83 24 23
83 23 18
83 23 22
83 22 21
83 21 19
83 21 20
83 33 32
83 32 27
83 27 26
83 32 31
83 31 30
83 30 29
83 29 28
84 34 9
84 9 1
84 1 0
84 9 8
84 8 7
84 7 6
84 6 2
84 6 5
84 5 3
84 5 4
84 34 33
84 33 32
84 32 30
84 30 27
84 27 26
84 26 24
84 24 22
84 22 20
84 20 16
84 16 10
84 16 15
84 15 14
84 14 11
84 14 13
84 13 12
84 20 19
84 19 17
84 19 18
84 22 21
84 24 23
84 26 25
84 30 29
84 29 28
84 32 31
85 34 33
85 33 24
85 24 2
85 2 0
85 2 1
85 24 23
85 23 19
85 19 18
85 18 13
85 13 12
85 12 11
85 11 3
85 11 10
85 10 4
85 10 9
85 9 8
85 8 6
85 6 5
85 8 7
85 18 17
85 17 16
85 16 14
85 16 15
85 23 22
85 22 20
85 22 21
85 33 32
85 32 25
85 32 31
85 31 30
85 30 27
85 27 26
85 30 29
85 29 28
86 32 31
86 31 29
86 29 1
86 1 0
86 29 28
86 28 27
86 27 2
86 27 26
86 26 21
86 21 3
86 21 20
86 20 19
86 19 17
86 17 16
86 16 15
86 15 6
86 6 4
86 6 5
86 15 14
86 14 10
86 10 8
86 8 7
86 10 9
86 14 13
86 13 11
86 13 12
86 19 18
86 26 25
86 25 24
86 24 23
86 23 22
86 31 30
87 32 28
87 28 4
87 4 0
87 4 3
87 3 2
87 2 1
87 28 27
87 27 26
87 26 5
87 26 25
87 25 24
87 24 23
87 23 22
87 22 20
87 20 17
87 17 16
87 16 6
87 16 15
87 15 7
87 15 14
87 14 12
87 12 10
87 10 9
87 9 8
87 12 11
87 14 13
87 20 19
87 19 18
87 22 21
87 32 31
87 31 30
87 30 29
88 30 29
88 29 28
88 28 0
88 28 27
88 27 26
88 26 23
88 23 22
88 22 18
88 18 17
88 17 16
88 16 15
88 15 14
88 14 13
88 13 2
88 2 1
88 13 12
88 12 11
88 11 8
88 8 7
88 7 3
88 7 6
88 6 4
88 6 5
88 11 10
88 10 9
88 22 21
88 21 20
88 20 19
88 26 25
88 25 24
89 34 0
89 34 33
89 33 26
89 26 19
89 19 1
89 19 18
89 18 2
89 18 17
89 17 4
89 4 3
89 17 16
89 16 7
89 7 6
89 6 5
89 16 15
89 15 13
89 13 8
89 13 12
89 12 10
89 10 9
89 12 11
89 15 14
89 26 25
89 25 21
89 21 20
89 25 24
89 24 23
89 23 22
89 33 32
89 32 31
89 31 27
89 31 30
89 30 29
89 29 28
90 34 26
90 26 3
90 3 2
90 2 0
90 2 1
90 26 25
90 25 4
90 25 24
90 24 9
90 9 7
90 7 6
90 6 5
90 9 8
90 24 23
90 23 21
90 21 20
90 20 10
90 20 19
90 19 18
90 18 16
90 16 15
90 15 12
90 12 11
90 15 14
90 14 13
90 18 17
90 23 22
90 34 33
90 33 32
90 32 28
90 28 27
90 32 31
90 31 30
90 30 29
91 34 33
91 33 21
91 21 20
91 20 19
91 19 2
91 2 1
91 1 0
91 19 18
91 18 3
91 18 17
91 17 16
91 16 9
91 9 8
91 8 7
91 7 6
91 6 4
91 6 5
91 16 15
91 15 10
91 15 14
91 14 12
91 12 11
91 14 13
91 33 32
91 32 31
91 31 29
91 29 25
91 25 24
91 24 22
91 24 23
91 29 28
91 28 26
91 28 27
91 31 30
92 34 28
92 28 19
92 19 0
92 19 18
92 18 7
92 7 6
92 6 1
92 6 5
92 5 4
92 4 2
92 4 3
92 18 17
92 17 10
92 10 9
92 9 8
92 17 16
92 16 14
92 14 13
92 13 11
92 13 12
92 16 15
92 28 27
92 27 23
92 23 22
92 22 21
92 21 20
92 27 26
92 26 25
92 25 24
92 34 33
92 33 32
92 32 29
92 32 31
92 31 30
93 33 32
93 32 25
93 25 24
93 24 11
93 11 1
93 1 0
93 11 10
93 10 9
93 9 7
93 7 4
93 4 2
93 4 3
93 7 6
93 6 5
93 9 8
93 24 23
93 23 19
93 19 18
93 18 17
93 17 16
93 16 15
93 15 12
93 15 14
93 14 13
93 23 22
93 22 21
93 21 20
93 32 31
93 31 26
93 31 30
93 30 29
93 29 28
93 28 27
94 30 29
94 29 28
94 28 27
94 27 26
94 26 0
94 26 25
94 25 23
94 23 18
94 18 17
94 17 14
94 14 12
94 12 11
94 11 9
94 9 1
94 9 8
94 8 7
94 7 5
94 5 2
94 5 4
94 4 3
94 7 6
94 11 10
94 14 13
94 17 16
94 16 15
94 23 22
94 22 19
94 22 21
94 21 20
94 25 24
95 30 29
95 29 28
95 28 11
95 11 10
95 10 8
95 8 6
95 6 5
95 5 0
95 5 4
95 4 3
95 3 1
95 3 2
95 8 7
95 10 9
95 28 27
95 27 15
95 15 14
95 14 13
95 13 12
95 27 26
95 26 23
95 23 18
95 18 17
95 17 16
95 23 22
95 22 21
95 21 20
95 20 19
95 26 25
95 25 24
96 31 28
96 28 13
96 13 11
96 11 5
96 5 0
96 5 4
96 4 1
96 4 3
96 3 2
96 11 10
96 10 9
96 9 8
96 8 6
96 8 7
96 13 12
96 28 27
96 27 23
96 23 14
96 23 22
96 22 21
96 21 16
96 16 15
96 21 20
96 20 17
96 20 19
96 19 18
96 27 26
96 26 25
96 25 24
96 31 30
96 30 29
97 33 23
97 23 20
97 20 0
97 20 19
97 19 18
97 18 15
97 15 2
97 2 1
97 15 14
97 14 3
97 14 13
97 13 6
97 6 5
97 5 4
97 13 12
97 12 11
97 11 9
97 9 8
97 8 7
97 11 10
97 18 17
97 17 16
97 23 22
97 22 21
97 33 32
97 32 31
97 31 24
97 31 30
97 30 29
97 29 28
97 28 25
97 28 27
97 27 26
98 31 4
98 4 1
98 1 0
98 4 3
98 3 2
98 31 30
98 30 9
98 9 8
98 8 6
98 6 5
98 8 7
98 30 29
98 29 13
98 13 12
98 12 10
98 12 11
98 29 28
98 28 27
98 27 25
98 25 21
98 21 14
98 21 20
98 20 19
98 19 15
98 19 18
98 18 16
98 18 17
98 25 24
98 24 22
98 24 23
98 27 26
99 31 18
99 18 17
99 17 16
99 16 14
99 14 12
99 12 11
99 11 10
99 10 0
99 10 9
99 9 8
99 8 3
99 3 1
99 3 2
99 8 7
99 7 6
99 6 5
99 5 4
99 14 13
99 16 15
99 31 30
99 30 20
99 20 19
99 30 29
99 29 28
99 28 21
99 28 27
99 27 26
99 26 25
99 25 23
99 23 22
99 25 24
100 29 28
100 28 27
100 27 0
100 27 26
100 26 2
100 2 1
100 26 25
100 25 23
100 23 22
100 22 18
100 18 13
100 13 6
100 6 5
100 5 3
100 5 4
100 13 12
100 12 10
100 10 7
100 10 9
100 9 8
100 12 11
100 18 17
100 17 16
100 16 14
100 16 15
100 22 21
100 21 20
100 20 19
100 25 24
101 31 5
101 5 1
101 1 0
101 5 4
101 4 3
101 3 2
101 31 30
101 30 28
101 28 6
101 28 27
101 27 15
101 15 13
101 13 7
101 13 12
101 12 10
101 10 8
101 10 9
101 12 11
101 15 14
101 27 26
101 26 24
101 24 23
101 23 22
101 22 21
101 21 19
101 19 17
101 17 16
101 19 18
101 21 20
101 26 25
101 30 29
