1 29 0
1 29 28
1 28 5
1 5 3
1 3 2
1 2 1
1 5 4
1 28 27
1 27 25
1 25 22
1 22 21
1 21 7
1 7 6
1 21 20
1 20 8
1 20 19
1 19 17
1 17 14
1 14 10
1 10 9
1 14 13
1 13 12
1 12 11
1 17 16
1 16 15
1 19 18
1 25 24
1 24 23
1 27 26
2 29 27
2 27 26
2 26 25
2 25 24
2 24 8
2 8 7
2 7 6
2 6 0
2 6 5
2 5 4
2 4 3
2 3 1
2 3 2
2 24 23
2 23 9
2 23 22
2 22 21
2 21 14
2 14 13
2 13 12
2 12 10
2 12 11
2 21 20
2 20 19
2 19 18
2 18 15
2 18 17
2 17 16
2 29 28
3 29 27
3 27 26
3 26 11
3 11 9
3 9 6
3 6 5
3 5 2
3 2 0
3 2 1
3 5 4
3 4 3
3 9 8
3 8 7
3 11 10
3 26 25
3 25 24
3 24 12
3 24 23
3 23 20
3 20 13
3 20 19
3 19 15
3 15 14
3 19 18
3 18 16
3 18 17
3 23 22
3 22 21
3 29 28
4 29 28
4 28 21
4 21 6
4 6 2
4 2 1
4 1 0
4 6 5
4 5 4
4 4 3
4 21 20
4 20 18
4 18 15
4 15 13
4 13 11
4 11 10
4 10 7
4 10 9
4 9 8
4 13 12
4 15 14
4 18 17
4 17 16
4 20 19
4 28 27
4 27 22
4 27 26
4 26 23
4 26 25
4 25 24
5 33 17
5 17 16
5 16 0
5 16 15
5 15 14
5 14 2
5 2 1
5 14 13
5 13 9
5 9 8
5 8 6
5 6 4
5 4 3
5 6 5
5 8 7
5 13 12
5 12 10
5 12 11
5 33 32
5 32 18
5 32 31
5 31 20
5 20 19
5 31 30
5 30 29
5 29 22
5 22 21
5 29 28
5 28 26
5 26 25
5 25 24
5 24 23
5 28 27
6 32 31
6 31 30
6 30 25
6 25 22
6 22 20
6 20 8
6 8 0
6 8 7
6 7 3
6 3 1
6 3 2
6 7 6
6 6 4
6 6 5
6 20 19
6 19 18
6 18 11
6 11 10
6 10 9
6 18 17
6 17 16
6 16 15
6 15 12
6 15 14
6 14 13
6 22 21
6 25 24
6 24 23
6 30 29
6 29 28
6 28 26
6 28 27
7 32 30
7 30 2
7 2 1
7 1 0
7 30 29
7 29 28
7 28 5
7 5 3
7 5 4
7 28 27
7 27 8
7 8 6
7 8 7
7 27 26
7 26 24
7 24 21
7 21 9
7 21 20
7 20 19
7 19 14
7 14 13
7 13 12
7 12 10
7 12 11
7 19 18
7 18 16
7 16 15
7 18 17
7 24 23
7 23 22
7 26 25
7 32 31
8 30 1
8 1 0
8 30 29
8 29 26
8 26 24
8 24 14
8 14 13
8 13 12
8 12 6
8 6 2
8 6 5
8 5 3
8 5 4
8 12 11
8 11 10
8 10 7
8 10 9
8 9 8
8 24 23
8 23 21
8 21 20
8 20 18
8 18 16
8 16 15
8 18 17
8 20 19
8 23 22
8 26 25
8 29 28
8 28 27
9 34 6
9 6 4
9 4 3
9 3 1
9 1 0
9 3 2
9 6 5
9 34 33
9 33 32
9 32 30
9 30 22
9 22 21
9 21 20
9 20 19
9 19 13
9 13 10
9 10 7
9 10 9
9 9 8
9 13 12
9 12 11
9 19 18
9 18 14
9 18 17
9 17 15
9 17 16
9 30 29
9 29 25
9 25 24
9 24 23
9 29 28
9 28 27
9 27 26
9 32 31
10 32 6
10 6 0
10 6 5
10 5 1
10 5 4
10 4 3
10 3 2
10 32 31
10 31 15
10 15 14
10 14 11
10 11 9
10 9 8
10 8 7
10 11 10
10 14 13
10 13 12
10 31 30
10 30 25
10 25 17
10 17 16
10 25 24
10 24 22
10 22 21
10 21 20
10 20 19
10 19 18
10 24 23
10 30 29
10 29 27
10 27 26
10 29 28
11 31 30
11 30 3
11 3 2
11 2 0
11 2 1
11 30 29
11 29 10
11 10 4
11 10 9
11 9 5
11 9 8
11 8 6
11 8 7
11 29 28
11 28 26
11 26 15
11 15 14
11 14 11
11 14 13
11 13 12
11 26 25
11 25 17
11 17 16
11 25 24
11 24 22
11 22 19
11 19 18
11 22 21
11 21 20
11 24 23
11 28 27
12 30 29
12 29 27
12 27 23
12 23 21
12 21 20
12 20 19
12 19 10
12 10 0
12 10 9
12 9 8
12 8 4
12 4 1
12 4 3
12 3 2
12 8 7
12 7 5
12 7 6
12 19 18
12 18 13
12 13 12
12 12 11
12 18 17
12 17 14
12 17 16
12 16 15
12 23 22
12 27 26
12 26 25
12 25 24
12 29 28
13 31 2
13 2 0
13 2 1
13 31 30
13 30 23
13 23 6
13 6 5
13 5 4
13 4 3
13 23 22
13 22 21
13 21 17
13 17 13
13 13 9
13 9 7
13 9 8
13 13 12
13 12 11
13 11 10
13 17 16
13 16 15
13 15 14
13 21 20
13 20 19
13 19 18
13 30 29
13 29 28
13 28 24
13 28 27
13 27 26
13 26 25
14 32 2
14 2 0
14 2 1
14 32 31
14 31 29
14 29 28
14 28 27
14 27 20
14 20 3
14 20 19
14 19 17
14 17 16
14 16 15
14 15 11
14 11 10
14 10 5
14 5 4
14 10 9
14 9 8
14 8 7
14 7 6
14 15 14
14 14 13
14 13 12
14 19 18
14 27 26
14 26 21
14 26 25
14 25 23
14 23 22
14 25 24
14 31 30
15 29 28
15 28 11
15 11 10
15 10 8
15 8 5
15 5 0
15 5 4
15 4 2
15 2 1
15 4 3
15 8 7
15 7 6
15 10 9
15 28 27
15 27 25
15 25 12
15 25 24
15 24 22
15 22 19
15 19 13
15 19 18
15 18 17
15 17 16
15 16 15
15 15 14
15 22 21
15 21 20
15 24 23
15 27 26
16 34 33
16 33 32
16 32 30
16 30 1
16 1 0
16 30 29
16 29 28
16 28 27
16 27 26
16 26 18
16 18 15
16 15 14
16 14 11
16 11 10
16 10 2
16 10 9
16 9 8
16 8 7
16 7 6
16 6 3
16 6 5
16 5 4
16 14 13
16 13 12
16 18 17
16 17 16
16 26 25
16 25 21
16 21 20
16 20 19
16 25 24
16 24 23
16 23 22
16 32 31
17 34 0
17 34 33
17 33 31
17 31 1
17 31 30
17 30 28
17 28 5
17 5 3
17 3 2
17 5 4
17 28 27
17 27 25
17 25 23
17 23 22
17 22 21
17 21 16
17 16 7
17 7 6
17 16 15
17 15 14
17 14 11
17 11 8
17 11 10
17 10 9
17 14 13
17 13 12
17 21 20
17 20 19
17 19 18
17 18 17
17 25 24
17 27 26
17 30 29
17 33 32
18 30 29
18 29 27
18 27 9
18 9 0
18 9 8
18 8 6
18 6 4
18 4 3
18 3 1
18 3 2
18 6 5
18 8 7
18 27 26
18 26 20
18 20 19
18 19 10
18 19 18
18 18 11
18 18 17
18 17 16
18 16 12
18 16 15
18 15 14
18 14 13
18 26 25
18 25 23
18 23 21
18 23 22
18 25 24
18 29 28
19 30 1
19 1 0
19 30 29
19 29 28
19 28 20
19 20 19
19 19 3
19 3 2
19 19 18
19 18 12
19 12 11
19 11 10
19 10 9
19 9 5
19 5 4
19 9 8
19 8 7
19 7 6
19 18 17
19 17 14
19 14 13
19 17 16
19 16 15
19 28 27
19 27 26
19 26 25
19 25 24
19 24 22
19 22 21
19 24 23
20 32 7
20 7 3
20 3 0
20 3 2
20 2 1
20 7 6
20 6 4
20 6 5
20 32 31
20 31 30
20 30 29
20 29 28
20 28 27
20 27 26
20 26 25
20 25 8
20 25 24
20 24 14
20 14 11
20 11 9
20 11 10
20 14 13
20 13 12
20 24 23
20 23 19
20 19 18
20 18 17
20 17 15
20 17 16
20 23 22
20 22 20
20 22 21
21 34 0
21 34 33
21 33 32
21 32 15
21 15 13
21 13 9
21 9 7
21 7 6
21 6 4
21 4 2
21 2 1
21 4 3
21 6 5
21 9 8
21 13 12
21 12 10
21 12 11
21 15 14
21 32 31
21 31 22
21 22 16
21 22 21
21 21 20
21 20 19
21 19 17
21 19 18
21 31 30
21 30 26
21 26 25
21 25 23
21 25 24
21 30 29
21 29 27
21 29 28
22 34 10
22 10 0
22 10 9
22 9 8
22 8 7
22 7 6
22 6 5
22 5 4
22 4 1
22 4 3
22 3 2
22 34 33
22 33 32
22 32 31
22 31 30
22 30 28
22 28 27
22 27 26
22 26 25
22 25 24
22 24 23
22 23 11
22 23 22
22 22 21
22 21 20
22 20 19
22 19 18
22 18 12
22 18 17
22 17 16
22 16 15
22 15 14
22 14 13
22 30 29
23 29 0
23 29 28
23 28 12
23 12 11
23 11 1
23 11 10
23 10 3
23 3 2
23 10 9
23 9 8
23 8 7
23 7 6
23 6 5
23 5 4
23 28 27
23 27 15
23 15 14
23 14 13
23 27 26
23 26 24
23 24 16
23 24 23
23 23 22
23 22 21
23 21 17
23 21 20
23 20 19
23 19 18
23 26 25
24 31 1
24 1 0
24 31 30
24 30 2
24 30 29
24 29 5
24 5 4
24 4 3
24 29 28
24 28 10
24 10 9
24 9 6
24 9 8
24 8 7
24 28 27
24 27 12
24 12 11
24 27 26
24 26 20
24 20 19
24 19 18
24 18 16
24 16 14
24 14 13
24 16 15
24 18 17
24 26 25
24 25 21
24 25 24
24 24 22
24 24 23
25 31 2
25 2 0
25 2 1
25 31 30
25 30 29
25 29 3
25 29 28
25 28 7
25 7 6
25 6 4
25 6 5
25 28 27
25 27 25
25 25 24
25 24 15
25 15 8
25 15 14
25 14 9
25 14 13
25 13 12
25 12 10
25 12 11
25 24 23
25 23 19
25 19 18
25 18 17
25 17 16
25 23 22
25 22 20
25 22 21
25 27 26
26 31 30
26 30 28
26 28 9
26 9 2
26 2 1
26 1 0
26 9 8
26 8 3
26 8 7
26 7 6
26 6 4
26 6 5
26 28 27
26 27 25
26 25 21
26 21 11
26 11 10
26 21 20
26 20 17
26 17 16
26 16 12
26 16 15
26 15 13
26 15 14
26 20 19
26 19 18
26 25 24
26 24 23
26 23 22
26 27 26
26 30 29
27 33 0
27 33 32
27 32 29
27 29 19
27 19 18
27 18 17
27 17 16
27 16 12
27 12 11
27 11 10
27 10 7
27 7 6
27 6 2
27 2 1
27 6 5
27 5 4
27 4 3
27 10 9
27 9 8
27 16 15
27 15 14
27 14 13
27 29 28
27 28 20
27 28 27
27 27 26
27 26 23
27 23 22
27 22 21
27 26 25
27 25 24
27 32 31
27 31 30
28 29 27
28 27 21
28 21 0
28 21 20
28 20 19
28 19 17
28 17 15
28 15 14
28 14 12
28 12 4
28 4 2
28 2 1
28 4 3
28 12 11
28 11 7
28 7 5
28 7 6
28 11 10
28 10 8
28 10 9
28 14 13
28 17 16
28 19 18
28 27 26
28 26 24
28 24 23
28 23 22
28 26 25
28 29 28
29 32 5
29 5 4
29 4 0
29 4 3
29 3 2
29 2 1
29 32 31
29 31 30
29 30 28
29 28 6
29 28 27
29 27 26
29 26 8
29 8 7
29 26 25
29 25 23
29 23 15
29 15 14
29 14 9
29 14 13
29 13 10
29 13 12
29 12 11
29 23 22
29 22 17
29 17 16
29 22 21
29 21 20
29 20 19
29 19 18
29 25 24
29 30 29
30 31 30
30 30 28
30 28 0
30 28 27
30 27 25
30 25 1
30 25 24
30 24 23
30 23 15
30 15 8
30 8 5
30 5 4
30 4 3
30 3 2
30 8 7
30 7 6
30 15 14
30 14 13
30 13 11
30 11 10
30 10 9
30 13 12
30 23 22
30 22 16
30 22 21
30 21 20
30 20 19
30 19 18
30 18 17
30 27 26
30 30 29
31 32 31
31 31 28
31 28 27
31 27 1
31 1 0
31 27 26
31 26 24
31 24 23
31 23 2
31 23 22
31 22 18
31 18 11
31 11 10
31 10 3
31 10 9
31 9 8
31 8 4
31 8 7
31 7 6
31 6 5
31 18 17
31 17 12
31 17 16
31 16 15
31 15 13
31 15 14
31 22 21
31 21 20
31 20 19
31 26 25
31 31 30
31 30 29
32 33 31
32 31 29
32 29 28
32 28 26
32 26 25
32 25 24
32 24 22
32 22 12
32 12 10
32 10 9
32 9 5
32 5 4
32 4 3
32 3 1
32 1 0
32 3 2
32 9 8
32 8 6
32 8 7
32 12 11
32 22 21
32 21 20
32 20 19
32 19 17
32 17 15
32 15 14
32 14 13
32 17 16
32 19 18
32 24 23
32 28 27
32 31 30
32 33 32
33 31 2
33 2 0
33 2 1
33 31 30
33 30 29
33 29 28
33 28 26
33 26 25
33 25 24
33 24 19
33 19 17
33 17 16
33 16 15
33 15 8
33 8 7
33 7 4
33 4 3
33 7 6
33 6 5
33 15 14
33 14 13
33 13 11
33 11 9
33 11 10
33 13 12
33 19 18
33 24 23
33 23 22
33 22 21
33 21 20
33 28 27
34 29 0
34 29 28
34 28 27
34 27 20
34 20 1
34 20 19
34 19 17
34 17 2
34 17 16
34 16 4
34 4 3
34 16 15
34 15 14
34 14 6
34 6 5
34 14 13
34 13 12
34 12 11
34 11 10
34 10 9
34 9 7
34 9 8
34 19 18
34 27 26
34 26 25
34 25 23
34 23 21
34 23 22
34 25 24
35 32 19
35 19 16
35 16 2
35 2 0
35 2 1
35 16 15
35 15 3
35 15 14
35 14 10
35 10 8
35 8 7
35 7 5
35 5 4
35 7 6
35 10 9
35 14 13
35 13 12
35 12 11
35 19 18
35 18 17
35 32 31
35 31 27
35 27 22
35 22 20
35 22 21
35 27 26
35 26 24
35 24 23
35 26 25
35 31 30
35 30 29
35 29 28
36 31 30
36 30 29
36 29 1
36 1 0
36 29 28
36 28 17
36 17 16
36 16 15
36 15 13
36 13 2
36 13 12
36 12 7
36 7 4
36 4 3
36 7 6
36 6 5
36 12 11
36 11 9
36 9 8
36 11 10
36 15 14
36 28 27
36 27 26
36 26 19
36 19 18
36 26 25
36 25 24
36 24 21
36 21 20
36 24 23
36 23 22
37 32 31
37 31 30
37 30 0
37 30 29
37 29 1
37 29 28
37 28 26
37 26 2
37 26 25
37 25 24
37 24 7
37 7 6
37 6 5
37 5 3
37 5 4
37 24 23
37 23 11
37 11 9
37 9 8
37 11 10
37 23 22
37 22 12
37 22 21
37 21 19
37 19 18
37 18 16
37 16 15
37 15 13
37 15 14
37 18 17
37 21 20
37 28 27
38 32 0
38 32 31
38 31 28
38 28 1
38 28 27
38 27 8
38 8 6
38 6 2
38 6 5
38 5 3
38 5 4
38 8 7
38 27 26
38 26 25
38 25 11
38 11 9
38 11 10
38 25 24
38 24 23
38 23 14
38 14 13
38 13 12
38 23 22
38 22 19
38 19 16
38 16 15
38 19 18
38 18 17
38 22 21
38 21 20
38 31 30
38 30 29
39 33 28
39 28 15
39 15 13
39 13 10
39 10 8
39 8 6
39 6 5
39 5 1
39 1 0
39 5 4
39 4 2
39 4 3
39 8 7
39 10 9
39 13 12
39 12 11
39 15 14
39 28 27
39 27 16
39 27 26
39 26 24
39 24 22
39 22 17
39 22 21
39 21 20
39 20 19
39 19 18
39 24 23
39 26 25
39 33 32
39 32 31
39 31 29
39 31 30
40 34 33
40 33 31
40 31 30
40 30 29
40 29 0
40 29 28
40 28 24
40 24 20
40 20 3
40 3 2
40 2 1
40 20 19
40 19 4
40 19 18
40 18 17
40 17 16
40 16 15
40 15 9
40 9 5
40 9 8
40 8 7
40 7 6
40 15 14
40 14 13
40 13 12
40 12 11
40 11 10
40 24 23
40 23 22
40 22 21
40 28 27
40 27 26
40 26 25
40 33 32
41 32 0
41 32 31
41 31 1
41 31 30
41 30 28
41 28 20
41 20 13
41 13 10
41 10 2
41 10 9
41 9 4
41 4 3
41 9 8
41 8 5
41 8 7
41 7 6
41 13 12
41 12 11
41 20 19
41 19 18
41 18 17
41 17 14
41 17 16
41 16 15
41 28 27
41 27 21
41 27 26
41 26 25
41 25 24
41 24 23
41 23 22
41 30 29
42 29 27
42 27 24
42 24 22
42 22 19
42 19 18
42 18 13
42 13 12
42 12 0
42 12 11
42 11 1
42 11 10
42 10 6
42 6 2
42 6 5
42 5 3
42 5 4
42 10 9
42 9 7
42 9 8
42 18 17
42 17 16
42 16 15
42 15 14
42 22 21
42 21 20
42 24 23
42 27 26
42 26 25
42 29 28
43 30 29
43 29 17
43 17 16
43 16 9
43 9 2
43 2 1
43 1 0
43 9 8
43 8 6
43 6 4
43 4 3
43 6 5
43 8 7
43 16 15
43 15 12
43 12 11
43 11 10
43 15 14
43 14 13
43 29 28
43 28 27
43 27 18
43 27 26
43 26 25
43 25 21
43 21 19
43 21 20
43 25 24
43 24 23
43 23 22
44 34 24
44 24 22
44 22 19
44 19 18
44 18 17
44 17 6
44 6 0
44 6 5
44 5 1
44 5 4
44 4 2
44 4 3
44 17 16
44 16 7
44 16 15
44 15 8
44 15 14
44 14 13
44 13 11
44 11 10
44 10 9
44 13 12
44 22 21
44 21 20
44 24 23
44 34 33
44 33 31
44 31 29
44 29 28
44 28 26
44 26 25
44 28 27
44 31 30
44 33 32
45 30 26
45 26 5
45 5 4
45 4 3
45 3 1
45 1 0
45 3 2
45 26 25
45 25 23
45 23 22
45 22 6
45 22 21
45 21 10
45 10 9
45 9 8
45 8 7
45 21 20
45 20 17
45 17 11
45 17 16
45 16 12
45 16 15
45 15 13
45 15 14
45 20 19
45 19 18
45 25 24
45 30 29
45 29 28
45 28 27
46 34 33
46 33 0
46 33 32
46 32 31
46 31 25
46 25 24
46 24 2
46 2 1
46 24 23
46 23 22
46 22 6
46 6 5
46 5 4
46 4 3
46 22 21
46 21 19
46 19 18
46 18 7
46 18 17
46 17 8
46 17 16
46 16 14
46 14 12
46 12 9
46 12 11
46 11 10
46 14 13
46 16 15
46 21 20
46 31 30
46 30 28
46 28 26
46 28 27
46 30 29
47 32 31
47 31 29
47 29 1
47 1 0
47 29 28
47 28 4
47 4 2
47 4 3
47 28 27
47 27 5
47 27 26
47 26 25
47 25 11
47 11 6
47 11 10
47 10 9
47 9 7
47 9 8
47 25 24
47 24 23
47 23 21
47 21 20
47 20 12
47 20 19
47 19 14
47 14 13
47 19 18
47 18 16
47 16 15
47 18 17
47 23 22
47 31 30
48 29 0
48 29 28
48 28 27
48 27 26
48 26 1
48 26 25
48 25 4
48 4 2
48 4 3
48 25 24
48 24 23
48 23 11
48 11 10
48 10 7
48 7 6
48 6 5
48 10 9
48 9 8
48 23 22
48 22 15
48 15 14
48 14 12
48 14 13
48 22 21
48 21 18
48 18 17
48 17 16
48 21 20
48 20 19
49 30 29
49 29 11
49 11 2
49 2 0
49 2 1
49 11 10
49 10 5
49 5 4
49 4 3
49 10 9
49 9 6
49 9 8
49 8 7
49 29 28
49 28 27
49 27 26
49 26 12
49 26 25
49 25 23
49 23 13
49 23 22
49 22 21
49 21 19
49 19 16
49 16 14
49 16 15
49 19 18
49 18 17
49 21 20
49 25 24
50 30 26
50 26 25
50 25 24
50 24 16
50 16 15
50 15 14
50 14 13
50 13 1
50 1 0
50 13 12
50 12 9
50 9 8
50 8 7
50 7 6
50 6 4
50 4 2
50 4 3
50 6 5
50 12 11
50 11 10
50 24 23
50 23 19
50 19 18
50 18 17
50 23 22
50 22 20
50 22 21
50 30 29
50 29 27
50 29 28
51 29 28
51 28 27
51 27 26
51 26 22
51 22 20
51 20 19
51 19 9
51 9 0
51 9 8
51 8 2
51 2 1
51 8 7
51 7 5
51 5 3
51 5 4
51 7 6
51 19 18
51 18 17
51 17 13
51 13 12
51 12 10
51 12 11
51 17 16
51 16 14
51 16 15
51 22 21
51 26 25
51 25 24
51 24 23
52 31 0
52 31 30
52 30 1
52 30 29
52 29 28
52 28 5
52 5 4
52 4 2
52 4 3
52 28 27
52 27 24
52 24 14
52 14 13
52 13 6
52 13 12
52 12 11
52 11 9
52 9 8
52 8 7
52 11 10
52 24 23
52 23 21
52 21 19
52 19 17
52 17 15
52 17 16
52 19 18
52 21 20
52 23 22
52 27 26
52 26 25
53 32 21
53 21 20
53 20 19
53 19 4
53 4 3
53 3 2
53 2 1
53 1 0
53 19 18
53 18 17
53 17 5
53 17 16
53 16 15
53 15 9
53 9 6
53 9 8
53 8 7
53 15 14
53 14 12
53 12 10
53 12 11
53 14 13
53 32 31
53 31 30
53 30 24
53 24 23
53 23 22
53 30 29
53 29 27
53 27 25
53 27 26
53 29 28
54 34 6
54 6 5
54 5 2
54 2 1
54 1 0
54 5 4
54 4 3
54 34 33
54 33 21
54 21 9
54 9 8
54 8 7
54 21 20
54 20 14
54 14 12
54 12 10
54 12 11
54 14 13
54 20 19
54 19 16
54 16 15
54 19 18
54 18 17
54 33 32
54 32 29
54 29 27
54 27 22
54 27 26
54 26 24
54 24 23
54 26 25
54 29 28
54 32 31
54 31 30
55 32 17
55 17 14
55 14 1
55 1 0
55 14 13
55 13 11
55 11 2
55 11 10
55 10 6
55 6 4
55 4 3
55 6 5
55 10 9
55 9 7
55 9 8
55 13 12
55 17 16
55 16 15
55 32 31
55 31 30
55 30 29
55 29 21
55 21 19
55 19 18
55 21 20
55 29 28
55 28 27
55 27 24
55 24 22
55 24 23
55 27 26
55 26 25
56 34 0
56 34 33
56 33 32
56 32 20
56 20 18
56 18 14
56 14 11
56 11 1
56 11 10
56 10 8
56 8 7
56 7 2
56 7 6
56 6 3
56 6 5
56 5 4
56 10 9
56 14 13
56 13 12
56 18 17
56 17 16
56 16 15
56 20 19
56 32 31
56 31 30
56 30 25
56 25 24
56 24 23
56 23 22
56 22 21
56 30 29
56 29 27
56 27 26
56 29 28
57 31 11
57 11 9
57 9 0
57 9 8
57 8 7
57 7 6
57 6 2
57 2 1
57 6 5
57 5 3
57 5 4
57 11 10
57 31 30
57 30 13
57 13 12
57 30 29
57 29 28
57 28 18
57 18 14
57 18 17
57 17 15
57 17 16
57 28 27
57 27 26
57 26 19
57 26 25
57 25 22
57 22 20
57 22 21
57 25 24
57 24 23
58 32 29
58 29 28
58 28 27
58 27 14
58 14 5
58 5 0
58 5 4
58 4 1
58 4 3
58 3 2
58 14 13
58 13 6
58 13 12
58 12 11
58 11 8
58 8 7
58 11 10
58 10 9
58 27 26
58 26 24
58 24 15
58 24 23
58 23 19
58 19 18
58 18 17
58 17 16
58 23 22
58 22 21
58 21 20
58 26 25
58 32 31
58 31 30
59 33 32
59 32 31
59 31 30
59 30 29
59 29 24
59 24 22
59 22 18
59 18 17
59 17 3
59 3 2
59 2 1
59 1 0
59 17 16
59 16 15
59 15 5
59 5 4
59 15 14
59 14 6
59 14 13
59 13 12
59 12 9
59 9 8
59 8 7
59 12 11
59 11 10
59 22 21
59 21 19
59 21 20
59 24 23
59 29 28
59 28 25
59 28 27
59 27 26
60 32 8
60 8 6
60 6 5
60 5 0
60 5 4
60 4 1
60 4 3
60 3 2
60 8 7
60 32 31
60 31 30
60 30 28
60 28 27
60 27 26
60 26 25
60 25 11
60 11 10
60 10 9
60 25 24
60 24 23
60 23 17
60 17 13
60 13 12
60 17 16
60 16 15
60 15 14
60 23 22
60 22 19
60 19 18
60 22 21
60 21 20
60 30 29
61 29 28
61 28 0
61 28 27
61 27 1
61 27 26
61 26 23
61 23 18
61 18 4
61 4 2
61 4 3
61 18 17
61 17 5
61 17 16
61 16 14
61 14 13
61 13 12
61 12 8
61 8 6
61 8 7
61 12 11
61 11 10
61 10 9
61 16 15
61 23 22
61 22 21
61 21 20
61 20 19
61 26 25
61 25 24
62 29 0
62 29 28
62 28 5
62 5 2
62 2 1
62 5 4
62 4 3
62 28 27
62 27 26
62 26 9
62 9 8
62 8 6
62 8 7
62 26 25
62 25 17
62 17 15
62 15 14
62 14 13
62 13 12
62 12 11
62 11 10
62 17 16
62 25 24
62 24 23
62 23 20
62 20 18
62 20 19
62 23 22
62 22 21
63 29 0
63 29 28
63 28 26
63 26 14
63 14 13
63 13 11
63 11 6
63 6 1
63 6 5
63 5 4
63 4 3
63 3 2
63 11 10
63 10 8
63 8 7
63 10 9
63 13 12
63 26 25
63 25 24
63 24 23
63 23 15
63 23 22
63 22 20
63 20 19
63 19 17
63 17 16
63 19 18
63 22 21
63 28 27
64 33 31
64 31 30
64 30 13
64 13 11
64 11 9
64 9 6
64 6 0
64 6 5
64 5 4
64 4 2
64 2 1
64 4 3
64 9 8
64 8 7
64 11 10
64 13 12
64 30 29
64 29 17
64 17 14
64 17 16
64 16 15
64 29 28
64 28 27
64 27 18
64 27 26
64 26 21
64 21 19
64 21 20
64 26 25
64 25 24
64 24 23
64 23 22
64 33 32
65 34 33
65 33 32
65 32 31
65 31 30
65 30 17
65 17 16
65 16 15
65 15 14
65 14 1
65 1 0
65 14 13
65 13 12
65 12 4
65 4 3
65 3 2
65 12 11
65 11 10
65 10 9
65 9 8
65 8 7
65 7 6
65 6 5
65 30 29
65 29 20
65 20 19
65 19 18
65 29 28
65 28 27
65 27 21
65 27 26
65 26 22
65 26 25
65 25 24
65 24 23
66 30 29
66 29 16
66 16 15
66 15 13
66 13 10
66 10 8
66 8 6
66 6 5
66 5 1
66 1 0
66 5 4
66 4 2
66 4 3
66 8 7
66 10 9
66 13 12
66 12 11
66 15 14
66 29 28
66 28 27
66 27 22
66 22 21
66 21 20
66 20 19
66 19 18
66 18 17
66 27 26
66 26 24
66 24 23
66 26 25
67 33 1
67 1 0
67 33 32
67 32 31
67 31 2
67 31 30
67 30 4
67 4 3
67 30 29
67 29 22
67 22 5
67 22 21
67 21 20
67 20 18
67 18 17
67 17 16
67 16 14
67 14 6
67 14 13
67 13 10
67 10 7
67 10 9
67 9 8
67 13 12
67 12 11
67 16 15
67 20 19
67 29 28
67 28 23
67 28 27
67 27 24
67 27 26
67 26 25
68 33 32
68 32 31
68 31 23
68 23 0
68 23 22
68 22 21
68 21 15
68 15 1
68 15 14
68 14 13
68 13 10
68 10 2
68 10 9
68 9 8
68 8 6
68 6 3
68 6 5
68 5 4
68 8 7
68 13 12
68 12 11
68 21 20
68 20 19
68 19 18
68 18 16
68 18 17
68 31 30
68 30 29
68 29 24
68 29 28
68 28 27
68 27 25
68 27 26
69 32 3
69 3 2
69 2 0
69 2 1
69 32 31
69 31 30
69 30 29
69 29 26
69 26 18
69 18 9
69 9 8
69 8 7
69 7 6
69 6 5
69 5 4
69 18 17
69 17 16
69 16 14
69 14 12
69 12 10
69 12 11
69 14 13
69 16 15
69 26 25
69 25 24
69 24 23
69 23 19
69 23 22
69 22 21
69 21 20
69 29 28
69 28 27
70 33 0
70 33 32
70 32 1
70 32 31
70 31 25
70 25 24
70 24 4
70 4 2
70 4 3
70 24 23
70 23 21
70 21 9
70 9 8
70 8 7
70 7 5
70 7 6
70 21 20
70 20 17
70 17 10
70 17 16
70 16 11
70 16 15
70 15 14
70 14 13
70 13 12
70 20 19
70 19 18
70 23 22
70 31 30
70 30 28
70 28 27
70 27 26
70 30 29
71 33 27
71 27 0
71 27 26
71 26 2
71 2 1
71 26 25
71 25 16
71 16 12
71 12 11
71 11 9
71 9 8
71 8 3
71 8 7
71 7 4
71 7 6
71 6 5
71 11 10
71 16 15
71 15 13
71 15 14
71 25 24
71 24 17
71 24 23
71 23 20
71 20 18
71 20 19
71 23 22
71 22 21
71 33 32
71 32 28
71 32 31
71 31 29
71 31 30
72 33 1
72 1 0
72 33 32
72 32 2
72 32 31
72 31 9
72 9 7
72 7 5
72 5 3
72 5 4
72 7 6
72 9 8
72 31 30
72 30 29
72 29 28
72 28 27
72 27 25
72 25 24
72 24 10
72 24 23
72 23 21
72 21 19
72 19 18
72 18 11
72 18 17
72 17 16
72 16 13
72 13 12
72 16 15
72 15 14
72 21 20
72 23 22
72 27 26
73 32 9
73 9 7
73 7 0
73 7 6
73 6 5
73 5 2
73 2 1
73 5 4
73 4 3
73 9 8
73 32 31
73 31 10
73 31 30
73 30 27
73 27 11
73 27 26
73 26 25
73 25 24
73 24 12
73 24 23
73 23 21
73 21 14
73 14 13
73 21 20
73 20 17
73 17 16
73 16 15
73 20 19
73 19 18
73 23 22
73 30 29
73 29 28
74 32 31
74 31 0
74 31 30
74 30 28
74 28 17
74 17 14
74 14 2
74 2 1
74 14 13
74 13 12
74 12 11
74 11 7
74 7 5
74 5 3
74 5 4
74 7 6
74 11 10
74 10 8
74 10 9
74 17 16
74 16 15
74 28 27
74 27 22
74 22 20
74 20 19
74 19 18
74 22 21
74 27 26
74 26 25
74 25 23
74 25 24
74 30 29
75 32 31
75 31 30
75 30 0
75 30 29
75 29 28
75 28 25
75 25 24
75 24 2
75 2 1
75 24 23
75 23 22
75 22 20
75 20 4
75 4 3
75 20 19
75 19 5
75 19 18
75 18 17
75 17 14
75 14 11
75 11 7
75 7 6
75 11 10
75 10 9
75 9 8
75 14 13
75 13 12
75 17 16
75 16 15
75 22 21
75 28 27
75 27 26
76 32 29
76 29 28
76 28 26
76 26 0
76 26 25
76 25 24
76 24 23
76 23 22
76 22 7
76 7 6
76 6 4
76 4 3
76 3 2
76 2 1
76 6 5
76 22 21
76 21 10
76 10 8
76 10 9
76 21 20
76 20 16
76 16 13
76 13 12
76 12 11
76 16 15
76 15 14
76 20 19
76 19 17
76 19 18
76 28 27
76 32 31
76 31 30
77 33 31
77 31 0
77 31 30
77 30 1
77 30 29
77 29 5
77 5 2
77 5 4
77 4 3
77 29 28
77 28 26
77 26 25
77 25 7
77 7 6
77 25 24
77 24 18
77 18 15
77 15 8
77 15 14
77 14 13
77 13 9
77 13 12
77 12 10
77 12 11
77 18 17
77 17 16
77 24 23
77 23 21
77 21 19
77 21 20
77 23 22
77 28 27
77 33 32
78 30 19
78 19 15
78 15 0
78 15 14
78 14 13
78 13 11
78 11 6
78 6 4
78 4 3
78 3 2
78 2 1
78 6 5
78 11 10
78 10 9
78 9 8
78 8 7
78 13 12
78 19 18
78 18 17
78 17 16
78 30 29
78 29 28
78 28 27
78 27 21
78 21 20
78 27 26
78 26 25
78 25 24
78 24 22
78 24 23
79 29 1
79 1 0
79 29 28
79 28 26
79 26 15
79 15 3
79 3 2
79 15 14
79 14 11
79 11 5
79 5 4
79 11 10
79 10 6
79 10 9
79 9 8
79 8 7
79 14 13
79 13 12
79 26 25
79 25 18
79 18 17
79 17 16
79 25 24
79 24 23
79 23 21
79 21 20
79 20 19
79 23 22
79 28 27
80 30 28
80 28 4
80 4 0
80 4 3
80 3 2
80 2 1
80 28 27
80 27 26
80 26 25
80 25 23
80 23 20
80 20 18
80 18 17
80 17 14
80 14 12
80 12 11
80 11 7
80 7 6
80 6 5
80 11 10
80 10 8
80 10 9
80 14 13
80 17 16
80 16 15
80 20 19
80 23 22
80 22 21
80 25 24
80 30 29
81 34 28
81 28 27
81 27 25
81 25 24
81 24 23
81 23 1
81 1 0
81 23 22
81 22 8
81 8 6
81 6 4
81 4 2
81 4 3
81 6 5
81 8 7
81 22 21
81 21 20
81 20 9
81 20 19
81 19 14
81 14 13
81 13 12
81 12 10
81 12 11
81 19 18
81 18 17
81 17 15
81 17 16
81 27 26
81 34 33
81 33 30
81 30 29
81 33 32
81 32 31
82 32 31
82 31 30
82 30 29
82 29 21
82 21 14
82 14 13
82 13 3
82 3 2
82 2 1
82 1 0
82 13 12
82 12 10
82 10 4
82 10 9
82 9 8
82 8 5
82 8 7
82 7 6
82 12 11
82 21 20
82 20 19
82 19 15
82 19 18
82 18 17
82 17 16
82 29 28
82 28 26
82 26 25
82 25 22
82 25 24
82 24 23
82 28 27
83 31 30
83 30 18
83 18 1
83 1 0
83 18 17
83 17 16
83 16 15
83 15 3
83 3 2
83 15 14
83 14 12
83 12 10
83 10 9
83 9 4
83 9 8
83 8 5
83 8 7
83 7 6
83 12 11
83 14 13
83 30 29
83 29 28
83 28 27
83 27 26
83 26 21
83 21 19
83 21 20
83 26 25
83 25 22
83 25 24
83 24 23
84 31 30
84 30 0
84 30 29
84 29 24
84 24 23
84 23 3
84 3 1
84 3 2
84 23 22
84 22 21
84 21 4
84 21 20
84 20 19
84 19 7
84 7 6
84 6 5
84 19 18
84 18 16
84 16 11
84 11 8
84 11 10
84 10 9
84 16 15
84 15 13
84 13 12
84 15 14
84 18 17
84 29 28
84 28 27
84 27 25
84 27 26
85 34 33
85 33 32
85 32 3
85 3 2
85 2 0
85 2 1
85 32 31
85 31 4
85 31 30
85 30 19
85 19 18
85 18 8
85 8 7
85 7 5
85 7 6
85 18 17
85 17 10
85 10 9
85 17 16
85 16 15
85 15 11
85 15 14
85 14 12
85 14 13
85 30 29
85 29 28
85 28 26
85 26 21
85 21 20
85 26 25
85 25 24
85 24 22
85 24 23
85 28 27
86 34 29
86 29 28
86 28 23
86 23 15
86 15 14
86 14 12
86 12 0
86 12 11
86 11 10
86 10 7
86 7 1
86 7 6
86 6 4
86 4 2
86 4 3
86 6 5
86 10 9
86 9 8
86 14 13
86 23 22
86 22 16
86 22 21
86 21 20
86 20 17
86 20 19
86 19 18
86 28 27
86 27 26
86 26 25
86 25 24
86 34 33
86 33 32
86 32 31
86 31 30
87 30 21
87 21 19
87 19 17
87 17 15
87 15 14
87 14 13
87 13 12
87 12 1
87 1 0
87 12 11
87 11 10
87 10 8
87 8 3
87 3 2
87 8 7
87 7 6
87 6 5
87 5 4
87 10 9
87 17 16
87 19 18
87 21 20
87 30 29
87 29 22
87 29 28
87 28 26
87 26 25
87 25 24
87 24 23
87 28 27
88 33 30
88 30 29
88 29 0
88 29 28
88 28 26
88 26 25
88 25 24
88 24 23
88 23 1
88 23 22
88 22 20
88 20 19
88 19 4
88 4 3
88 3 2
88 19 18
88 18 15
88 15 14
88 14 10
88 10 9
88 9 5
88 9 8
88 8 7
88 7 6
88 14 13
88 13 11
88 13 12
88 18 17
88 17 16
88 22 21
88 28 27
88 33 32
88 32 31
89 32 6
89 6 0
89 6 5
89 5 3
89 3 1
89 3 2
89 5 4
89 32 31
89 31 14
89 14 13
89 13 7
89 13 12
89 12 11
89 11 8
89 11 10
89 10 9
89 31 30
89 30 17
89 17 16
89 16 15
89 30 29
89 29 21
89 21 20
89 20 18
89 20 19
89 29 28
89 28 27
89 27 25
89 25 24
89 24 22
89 24 23
89 27 26
90 33 23
90 23 3
90 3 2
90 2 0
90 2 1
90 23 22
90 22 20
90 20 19
90 19 18
90 18 4
90 18 17
90 17 15
90 15 14
90 14 10
90 10 5
90 10 9
90 9 8
90 8 6
90 8 7
90 14 13
90 13 12
90 12 11
90 17 16
90 22 21
90 33 32
90 32 30
90 30 24
90 30 29
90 29 28
90 28 27
90 27 25
90 27 26
90 32 31
91 33 32
91 32 16
91 16 5
91 5 3
91 3 0
91 3 2
91 2 1
91 5 4
91 16 15
91 15 9
91 9 8
91 8 7
91 7 6
91 15 14
91 14 10
91 14 13
91 13 12
91 12 11
91 32 31
91 31 17
91 31 30
91 30 18
91 30 29
91 29 28
91 28 25
91 25 19
91 25 24
91 24 23
91 23 21
91 21 20
91 23 22
91 28 27
91 27 26
92 34 5
92 5 2
92 2 0
92 2 1
92 5 4
92 4 3
92 34 33
92 33 7
92 7 6
92 33 32
92 32 28
92 28 8
92 28 27
92 27 10
92 10 9
92 27 26
92 26 19
92 19 11
92 19 18
92 18 15
92 15 14
92 14 13
92 13 12
92 18 17
92 17 16
92 26 25
92 25 24
92 24 20
92 24 23
92 23 21
92 23 22
92 32 31
92 31 30
92 30 29
93 31 30
93 30 29
93 29 0
93 29 28
93 28 26
93 26 25
93 25 4
93 4 2
93 2 1
93 4 3
93 25 24
93 24 5
93 24 23
93 23 22
93 22 9
93 9 6
93 9 8
93 8 7
93 22 21
93 21 10
93 21 20
93 20 18
93 18 17
93 17 11
93 17 16
93 16 15
93 15 14
93 14 13
93 13 12
93 20 19
93 28 27
94 33 29
94 29 28
94 28 0
94 28 27
94 27 26
94 26 1
94 26 25
94 25 22
94 22 21
94 21 15
94 15 13
94 13 11
94 11 10
94 10 2
94 10 9
94 9 4
94 4 3
94 9 8
94 8 7
94 7 6
94 6 5
94 13 12
94 15 14
94 21 20
94 20 19
94 19 16
94 19 18
94 18 17
94 25 24
94 24 23
94 33 32
94 32 30
94 32 31
95 34 33
95 33 28
95 28 27
95 27 26
95 26 23
95 23 22
95 22 1
95 1 0
95 22 21
95 21 19
95 19 2
95 19 18
95 18 16
95 16 15
95 15 14
95 14 12
95 12 7
95 7 3
95 7 6
95 6 4
95 6 5
95 12 11
95 11 10
95 10 8
95 10 9
95 14 13
95 18 17
95 21 20
95 26 25
95 25 24
95 33 32
95 32 31
95 31 29
95 31 30
96 29 0
96 29 28
96 28 26
96 26 3
96 3 2
96 2 1
96 26 25
96 25 17
96 17 4
96 17 16
96 16 5
96 16 15
96 15 7
96 7 6
96 15 14
96 14 13
96 13 12
96 12 11
96 11 10
96 10 9
96 9 8
96 25 24
96 24 23
96 23 22
96 22 20
96 20 18
96 20 19
96 22 21
96 28 27
97 31 1
97 1 0
97 31 30
97 30 29
97 29 2
97 29 28
97 28 26
97 26 3
97 26 25
97 25 15
97 15 14
97 14 13
97 13 8
97 8 7
97 7 5
97 5 4
97 7 6
97 13 12
97 12 9
97 12 11
97 11 10
97 25 24
97 24 22
97 22 19
97 19 17
97 17 16
97 19 18
97 22 21
97 21 20
97 24 23
97 28 27
98 34 33
98 33 2
98 2 1
98 1 0
98 33 32
98 32 26
98 26 25
98 25 3
98 25 24
98 24 23
98 23 5
98 5 4
98 23 22
98 22 21
98 21 19
98 19 18
98 18 6
98 18 17
98 17 16
98 16 11
98 11 8
98 8 7
98 11 10
98 10 9
98 16 15
98 15 14
98 14 12
98 14 13
98 21 20
98 32 31
98 31 30
98 30 29
98 29 27
98 29 28
99 29 0
99 29 28
99 28 1
99 28 27
99 27 2
99 27 26
99 26 20
99 20 5
99 5 4
99 4 3
99 20 19
99 19 18
99 18 17
99 17 15
99 15 14
99 14 13
99 13 10
99 10 8
99 8 7
99 7 6
99 10 9
99 13 12
99 12 11
99 17 16
99 26 25
99 25 23
99 23 22
99 22 21
99 25 24
100 31 21
100 21 19
100 19 18
100 18 2
100 2 1
100 1 0
100 18 17
100 17 8
100 8 7
100 7 3
100 7 6
100 6 4
100 6 5
100 17 16
100 16 15
100 15 12
100 12 10
100 10 9
100 12 11
100 15 14
100 14 13
100 21 20
100 31 30
100 30 27
100 27 22
100 27 26
100 26 25
100 25 23
100 25 24
100 30 29
100 29 28
101 34 33
101 33 7
101 7 5
101 5 0
101 5 4
101 4 3
101 3 1
101 3 2
101 7 6
101 33 32
101 32 31
101 31 16
101 16 8
101 16 15
101 15 14
101 14 9
101 14 13
101 13 12
101 12 10
101 12 11
101 31 30
101 30 29
101 29 18
101 18 17
101 29 28
101 28 19
101 28 27
101 27 25
101 25 24
101 24 21
101 21 20
101 24 23
101 23 22
101 27 26
