1 29 4
1 4 1
1 1 0
1 4 3
1 3 2
1 29 28
1 28 23
1 23 19
1 19 18
1 18 17
1 17 13
1 13 5
1 13 12
1 12 8
1 8 7
1 7 6
1 12 11
1 11 9
1 11 10
1 17 16
1 16 14
1 16 15
1 23 22
1 22 20
1 22 21
1 28 27
1 27 24
1 27 26
1 26 25
2 33 0
2 33 32
2 32 28
2 28 27
2 27 1
2 27 26
2 26 25
2 25 24
2 24 4
2 4 3
2 3 2
2 24 23
2 23 22
2 22 5
2 22 21
2 21 20
2 20 6
2 20 19
2 19 18
2 18 16
2 16 14
2 14 13
2 13 10
2 10 7
2 10 9
2 9 8
2 13 12
2 12 11
2 16 15
2 18 17
2 32 31
2 31 30
2 30 29
3 32 23
3 23 22
3 22 20
3 20 2
3 2 1
3 1 0
3 20 19
3 19 16
3 16 8
3 8 4
3 4 3
3 8 7
3 7 5
3 7 6
3 16 15
3 15 9
3 15 14
3 14 12
3 12 11
3 11 10
3 14 13
3 19 18
3 18 17
3 22 21
3 32 31
3 31 30
3 30 28
3 28 26
3 26 25
3 25 24
3 28 27
3 30 29
4 30 28
4 28 26
4 26 2
4 2 1
4 1 0
4 26 25
4 25 23
4 23 22
4 22 5
4 5 4
4 4 3
4 22 21
4 21 20
4 20 18
4 18 14
4 14 13
4 13 9
4 9 6
4 9 8
4 8 7
4 13 12
4 12 11
4 11 10
4 18 17
4 17 15
4 17 16
4 20 19
4 25 24
4 28 27
4 30 29
5 31 28
5 28 5
5 5 4
5 4 0
5 4 3
5 3 1
5 3 2
5 28 27
5 27 25
5 25 24
5 24 23
5 23 22
5 22 21
5 21 20
5 20 19
5 19 14
5 14 6
5 14 13
5 13 12
5 12 11
5 11 7
5 11 10
5 10 8
5 10 9
5 19 18
5 18 15
5 18 17
5 17 16
5 27 26
5 31 30
5 30 29
6 30 29
6 29 28
6 28 27
6 27 26
6 26 25
6 25 0
6 25 24
6 24 16
6 16 5
6 5 3
6 3 1
6 3 2
6 5 4
6 16 15
6 15 7
6 7 6
6 15 14
6 14 13
6 13 12
6 12 8
6 12 11
6 11 10
6 10 9
6 24 23
6 23 19
6 19 17
6 19 18
6 23 22
6 22 20
6 22 21
7 34 17
7 17 1
7 1 0
7 17 16
7 16 2
7 16 15
7 15 14
7 14 6
7 6 5
7 5 4
7 4 3
7 14 13
7 13 7
7 13 12
7 12 11
7 11 10
7 10 8
7 10 9
7 34 33
7 33 18
7 33 32
7 32 31
7 31 29
7 29 24
7 24 23
7 23 22
7 22 21
7 21 19
7 21 20
7 29 28
7 28 25
7 28 27
7 27 26
7 31 30
8 34 0
8 34 33
8 33 32
8 32 4
8 4 3
8 3 1
8 3 2
8 32 31
8 31 24
8 24 23
8 23 22
8 22 21
8 21 6
8 6 5
8 21 20
8 20 19
8 19 15
8 15 11
8 11 9
8 9 8
8 8 7
8 11 10
8 15 14
8 14 13
8 13 12
8 19 18
8 18 17
8 17 16
8 31 30
8 30 25
8 30 29
8 29 28
8 28 26
8 28 27
9 32 30
9 30 29
9 29 21
9 21 0
9 21 20
9 20 6
9 6 1
9 6 5
9 5 2
9 5 4
9 4 3
9 20 19
9 19 18
9 18 17
9 17 15
9 15 7
9 15 14
9 14 12
9 12 8
9 12 11
9 11 9
9 11 10
9 14 13
9 17 16
9 29 28
9 28 25
9 25 23
9 23 22
9 25 24
9 28 27
9 27 26
9 32 31
10 32 25
10 25 23
10 23 4
10 4 3
10 3 2
10 2 1
10 1 0
10 23 22
10 22 5
10 22 21
10 21 7
10 7 6
10 21 20
10 20 8
10 20 19
10 19 10
10 10 9
10 19 18
10 18 12
10 12 11
10 18 17
10 17 15
10 15 13
10 15 14
10 17 16
10 25 24
10 32 31
10 31 30
10 30 29
10 29 26
10 29 28
10 28 27
11 30 28
11 28 27
11 27 25
11 25 18
11 18 17
11 17 0
11 17 16
11 16 13
11 13 8
11 8 7
11 7 6
11 6 2
11 2 1
11 6 5
11 5 4
11 4 3
11 13 12
11 12 11
11 11 10
11 10 9
11 16 15
11 15 14
11 25 24
11 24 22
11 22 19
11 22 21
11 21 20
11 24 23
11 27 26
11 30 29
12 33 0
12 33 32
12 32 4
12 4 2
12 2 1
12 4 3
12 32 31
12 31 21
12 21 6
12 6 5
12 21 20
12 20 18
12 18 16
12 16 14
12 14 13
12 13 10
12 10 7
12 10 9
12 9 8
12 13 12
12 12 11
12 16 15
12 18 17
12 20 19
12 31 30
12 30 26
12 26 24
12 24 22
12 24 23
12 26 25
12 30 29
12 29 27
12 29 28
13 34 33
13 33 0
13 33 32
13 32 31
13 31 18
13 18 17
13 17 16
13 16 13
13 13 12
13 12 2
13 2 1
13 12 11
13 11 9
13 9 4
13 4 3
13 9 8
13 8 7
13 7 6
13 6 5
13 11 10
13 16 15
13 15 14
13 31 30
13 30 28
13 28 27
13 27 19
13 27 26
13 26 21
13 21 20
13 26 25
13 25 22
13 25 24
13 24 23
13 30 29
14 32 31
14 31 29
14 29 28
14 28 7
14 7 6
14 6 0
14 6 5
14 5 2
14 2 1
14 5 4
14 4 3
14 28 27
14 27 26
14 26 24
14 24 22
14 22 10
14 10 9
14 9 8
14 22 21
14 21 20
14 20 14
14 14 13
14 13 12
14 12 11
14 20 19
14 19 17
14 17 16
14 16 15
14 19 18
14 24 23
14 26 25
14 31 30
15 29 5
15 5 4
15 4 3
15 3 2
15 2 0
15 2 1
15 29 28
15 28 26
15 26 19
15 19 8
15 8 7
15 7 6
15 19 18
15 18 9
15 18 17
15 17 15
15 15 10
15 15 14
15 14 13
15 13 12
15 12 11
15 17 16
15 26 25
15 25 22
15 22 20
15 22 21
15 25 24
15 24 23
15 28 27
16 31 1
16 1 0
16 31 30
16 30 9
16 9 7
16 7 6
16 6 5
16 5 4
16 4 3
16 3 2
16 9 8
16 30 29
16 29 28
16 28 22
16 22 11
16 11 10
16 22 21
16 21 12
16 21 20
16 20 13
16 20 19
16 19 18
16 18 17
16 17 16
16 16 14
16 16 15
16 28 27
16 27 25
16 25 23
16 25 24
16 27 26
17 34 33
17 33 0
17 33 32
17 32 7
17 7 6
17 6 5
17 5 3
17 3 1
17 3 2
17 5 4
17 32 31
17 31 9
17 9 8
17 31 30
17 30 29
17 29 28
17 28 16
17 16 15
17 15 14
17 14 12
17 12 11
17 11 10
17 14 13
17 28 27
17 27 26
17 26 25
17 25 18
17 18 17
17 25 24
17 24 23
17 23 19
17 23 22
17 22 20
17 22 21
18 33 4
18 4 0
18 4 3
18 3 2
18 2 1
18 33 32
18 32 7
18 7 6
18 6 5
18 32 31
18 31 30
18 30 9
18 9 8
18 30 29
18 29 28
18 28 27
18 27 26
18 26 22
18 22 19
18 19 13
18 13 12
18 12 10
18 12 11
18 19 18
18 18 16
18 16 14
18 16 15
18 18 17
18 22 21
18 21 20
18 26 25
18 25 23
18 25 24
19 33 25
19 25 24
19 24 23
19 23 22
19 22 9
19 9 8
19 8 0
19 8 7
19 7 6
19 6 5
19 5 4
19 4 2
19 2 1
19 4 3
19 22 21
19 21 18
19 18 17
19 17 16
19 16 14
19 14 13
19 13 12
19 12 10
19 12 11
19 16 15
19 21 20
19 20 19
19 33 32
19 32 26
19 32 31
19 31 27
19 31 30
19 30 28
19 30 29
20 29 2
20 2 1
20 1 0
20 29 28
20 28 11
20 11 3
20 11 10
20 10 4
20 10 9
20 9 5
20 9 8
20 8 6
20 8 7
20 28 27
20 27 26
20 26 24
20 24 21
20 21 19
20 19 12
20 19 18
20 18 17
20 17 16
20 16 15
20 15 14
20 14 13
20 21 20
20 24 23
20 23 22
20 26 25
21 29 0
21 29 28
21 28 1
21 28 27
21 27 15
21 15 3
21 3 2
21 15 14
21 14 11
21 11 10
21 10 9
21 9 4
21 9 8
21 8 6
21 6 5
21 8 7
21 14 13
21 13 12
21 27 26
21 26 24
21 24 22
21 22 20
21 20 19
21 19 17
21 17 16
21 19 18
21 22 21
21 24 23
21 26 25
22 30 29
22 29 1
22 1 0
22 29 28
22 28 27
22 27 26
22 26 2
22 26 25
22 25 5
22 5 4
22 4 3
22 25 24
22 24 6
22 24 23
22 23 7
22 23 22
22 22 20
22 20 11
22 11 8
22 11 10
22 10 9
22 20 19
22 19 17
22 17 14
22 14 12
22 14 13
22 17 16
22 16 15
22 19 18
22 22 21
23 31 5
23 5 0
23 5 4
23 4 2
23 2 1
23 4 3
23 31 30
23 30 29
23 29 28
23 28 27
23 27 6
23 27 26
23 26 13
23 13 11
23 11 10
23 10 7
23 10 9
23 9 8
23 13 12
23 26 25
23 25 24
23 24 22
23 22 17
23 17 16
23 16 15
23 15 14
23 22 21
23 21 20
23 20 19
23 19 18
23 24 23
24 30 23
24 23 2
24 2 1
24 1 0
24 23 22
24 22 21
24 21 4
24 4 3
24 21 20
24 20 7
24 7 5
24 7 6
24 20 19
24 19 13
24 13 11
24 11 10
24 10 8
24 10 9
24 13 12
24 19 18
24 18 14
24 18 17
24 17 15
24 17 16
24 30 29
24 29 27
24 27 26
24 26 24
24 26 25
24 29 28
25 33 29
25 29 13
25 13 11
25 11 9
25 9 8
25 8 7
25 7 0
25 7 6
25 6 5
25 5 1
25 5 4
25 4 2
25 4 3
25 11 10
25 13 12
25 29 28
25 28 25
25 25 19
25 19 18
25 18 14
25 18 17
25 17 15
25 17 16
25 25 24
25 24 23
25 23 22
25 22 21
25 21 20
25 28 27
25 27 26
25 33 32
25 32 31
25 31 30
26 34 33
26 33 27
26 27 26
26 26 25
26 25 24
26 24 0
26 24 23
26 23 22
26 22 4
26 4 3
26 3 2
26 2 1
26 22 21
26 21 20
26 20 6
26 6 5
26 20 19
26 19 18
26 18 17
26 17 16
26 16 7
26 16 15
26 15 8
26 15 14
26 14 9
26 14 13
26 13 12
26 12 10
26 12 11
26 33 32
26 32 30
26 30 28
26 30 29
26 32 31
27 33 32
27 32 30
27 30 29
27 29 28
27 28 27
27 27 25
27 25 0
27 25 24
27 24 23
27 23 21
27 21 2
27 2 1
27 21 20
27 20 19
27 19 16
27 16 15
27 15 11
27 11 10
27 10 8
27 8 6
27 6 5
27 5 3
27 5 4
27 8 7
27 10 9
27 15 14
27 14 13
27 13 12
27 19 18
27 18 17
27 23 22
27 27 26
27 32 31
28 32 31
28 31 0
28 31 30
28 30 28
28 28 22
28 22 6
28 6 1
28 6 5
28 5 4
28 4 3
28 3 2
28 22 21
28 21 18
28 18 17
28 17 16
28 16 8
28 8 7
28 16 15
28 15 13
28 13 11
28 11 10
28 10 9
28 13 12
28 15 14
28 21 20
28 20 19
28 28 27
28 27 26
28 26 23
28 26 25
28 25 24
28 30 29
29 32 31
29 31 30
29 30 24
29 24 23
29 23 21
29 21 13
29 13 9
29 9 8
29 8 7
29 7 0
29 7 6
29 6 5
29 5 4
29 4 3
29 3 2
29 2 1
29 13 12
29 12 11
29 11 10
29 21 20
29 20 18
29 18 17
29 17 16
29 16 14
29 16 15
29 20 19
29 23 22
29 30 29
29 29 27
29 27 26
29 26 25
29 29 28
30 30 1
30 1 0
30 30 29
30 29 22
30 22 6
30 6 3
30 3 2
30 6 5
30 5 4
30 22 21
30 21 20
30 20 17
30 17 16
30 16 11
30 11 7
30 11 10
30 10 8
30 10 9
30 16 15
30 15 14
30 14 12
30 14 13
30 20 19
30 19 18
30 29 28
30 28 27
30 27 26
30 26 25
30 25 24
30 24 23
31 29 27
31 27 15
31 15 1
31 1 0
31 15 14
31 14 13
31 13 11
31 11 9
31 9 6
31 6 3
31 3 2
31 6 5
31 5 4
31 9 8
31 8 7
31 11 10
31 13 12
31 27 26
31 26 25
31 25 20
31 20 19
31 19 18
31 18 16
31 18 17
31 25 24
31 24 23
31 23 22
31 22 21
31 29 28
32 31 21
32 21 6
32 6 2
32 2 1
32 1 0
32 6 5
32 5 4
32 4 3
32 21 20
32 20 19
32 19 18
32 18 17
32 17 15
32 15 12
32 12 11
32 11 7
32 11 10
32 10 9
32 9 8
32 15 14
32 14 13
32 17 16
32 31 30
32 30 29
32 29 27
32 27 24
32 24 23
32 23 22
32 27 26
32 26 25
32 29 28
33 30 29
33 29 28
33 28 27
33 27 26
33 26 23
33 23 16
33 16 2
33 2 1
33 1 0
33 16 15
33 15 14
33 14 13
33 13 11
33 11 8
33 8 6
33 6 5
33 5 4
33 4 3
33 8 7
33 11 10
33 10 9
33 13 12
33 23 22
33 22 17
33 22 21
33 21 19
33 19 18
33 21 20
33 26 25
33 25 24
34 30 29
34 29 28
34 28 1
34 1 0
34 28 27
34 27 26
34 26 25
34 25 2
34 25 24
34 24 15
34 15 9
34 9 8
34 8 4
34 4 3
34 8 7
34 7 6
34 6 5
34 15 14
34 14 13
34 13 12
34 12 10
34 12 11
34 24 23
34 23 21
34 21 20
34 20 19
34 19 18
34 18 17
34 17 16
34 23 22
35 29 28
35 28 27
35 27 1
35 1 0
35 27 26
35 26 25
35 25 24
35 24 23
35 23 21
35 21 20
35 20 11
35 11 10
35 10 5
35 5 4
35 4 2
35 4 3
35 10 9
35 9 8
35 8 7
35 7 6
35 20 19
35 19 18
35 18 13
35 13 12
35 18 17
35 17 15
35 15 14
35 17 16
35 23 22
36 30 20
36 20 19
36 19 15
36 15 14
36 14 13
36 13 0
36 13 12
36 12 1
36 12 11
36 11 9
36 9 6
36 6 5
36 5 4
36 4 2
36 4 3
36 9 8
36 8 7
36 11 10
36 19 18
36 18 17
36 17 16
36 30 29
36 29 25
36 25 23
36 23 21
36 23 22
36 25 24
36 29 28
36 28 26
36 28 27
37 31 17
37 17 16
37 16 2
37 2 0
37 2 1
37 16 15
37 15 3
37 15 14
37 14 13
37 13 11
37 11 10
37 10 5
37 5 4
37 10 9
37 9 6
37 9 8
37 8 7
37 13 12
37 31 30
37 30 20
37 20 19
37 19 18
37 30 29
37 29 28
37 28 23
37 23 22
37 22 21
37 28 27
37 27 26
37 26 25
37 25 24
38 29 7
38 7 6
38 6 2
38 2 0
38 2 1
38 6 5
38 5 3
38 5 4
38 29 28
38 28 26
38 26 9
38 9 8
38 26 25
38 25 24
38 24 22
38 22 11
38 11 10
38 22 21
38 21 20
38 20 15
38 15 14
38 14 12
38 14 13
38 20 19
38 19 18
38 18 17
38 17 16
38 24 23
38 28 27
39 29 28
39 28 0
39 28 27
39 27 26
39 26 16
39 16 15
39 15 7
39 7 6
39 6 4
39 4 1
39 4 3
39 3 2
39 6 5
39 15 14
39 14 12
39 12 11
39 11 9
39 9 8
39 11 10
39 14 13
39 26 25
39 25 24
39 24 21
39 21 19
39 19 17
39 19 18
39 21 20
39 24 23
39 23 22
40 30 29
40 29 28
40 28 27
40 27 0
40 27 26
40 26 8
40 8 6
40 6 5
40 5 3
40 3 2
40 2 1
40 5 4
40 8 7
40 26 25
40 25 9
40 25 24
40 24 21
40 21 18
40 18 17
40 17 16
40 16 10
40 16 15
40 15 13
40 13 11
40 13 12
40 15 14
40 21 20
40 20 19
40 24 23
40 23 22
41 33 32
41 32 10
41 10 9
41 9 3
41 3 2
41 2 0
41 2 1
41 9 8
41 8 6
41 6 5
41 5 4
41 8 7
41 32 31
41 31 30
41 30 29
41 29 15
41 15 14
41 14 11
41 14 13
41 13 12
41 29 28
41 28 26
41 26 24
41 24 21
41 21 17
41 17 16
41 21 20
41 20 18
41 20 19
41 24 23
41 23 22
41 26 25
41 28 27
42 30 0
42 30 29
42 29 28
42 28 27
42 27 26
42 26 1
42 26 25
42 25 24
42 24 21
42 21 19
42 19 2
42 19 18
42 18 17
42 17 12
42 12 11
42 11 10
42 10 9
42 9 8
42 8 7
42 7 4
42 4 3
42 7 6
42 6 5
42 17 16
42 16 15
42 15 14
42 14 13
42 21 20
42 24 23
42 23 22
43 33 32
43 32 31
43 31 23
43 23 0
43 23 22
43 22 7
43 7 6
43 6 5
43 5 4
43 4 2
43 2 1
43 4 3
43 22 21
43 21 10
43 10 9
43 9 8
43 21 20
43 20 11
43 20 19
43 19 15
43 15 13
43 13 12
43 15 14
43 19 18
43 18 16
43 18 17
43 31 30
43 30 29
43 29 24
43 29 28
43 28 27
43 27 25
43 27 26
44 32 0
44 32 31
44 31 9
44 9 8
44 8 7
44 7 1
44 7 6
44 6 5
44 5 2
44 5 4
44 4 3
44 31 30
44 30 10
44 30 29
44 29 28
44 28 27
44 27 25
44 25 12
44 12 11
44 25 24
44 24 13
44 24 23
44 23 14
44 23 22
44 22 15
44 22 21
44 21 16
44 21 20
44 20 19
44 19 17
44 19 18
44 27 26
45 29 23
45 23 21
45 21 0
45 21 20
45 20 15
45 15 1
45 15 14
45 14 5
45 5 2
45 5 4
45 4 3
45 14 13
45 13 12
45 12 10
45 10 8
45 8 7
45 7 6
45 10 9
45 12 11
45 20 19
45 19 18
45 18 16
45 18 17
45 23 22
45 29 28
45 28 27
45 27 24
45 27 26
45 26 25
46 33 31
46 31 9
46 9 8
46 8 7
46 7 6
46 6 5
46 5 3
46 3 2
46 2 0
46 2 1
46 5 4
46 31 30
46 30 16
46 16 15
46 15 14
46 14 10
46 14 13
46 13 12
46 12 11
46 30 29
46 29 17
46 29 28
46 28 27
46 27 26
46 26 23
46 23 22
46 22 19
46 19 18
46 22 21
46 21 20
46 26 25
46 25 24
46 33 32
47 33 32
47 32 31
47 31 4
47 4 2
47 2 0
47 2 1
47 4 3
47 31 30
47 30 29
47 29 7
47 7 5
47 7 6
47 29 28
47 28 9
47 9 8
47 28 27
47 27 10
47 27 26
47 26 25
47 25 24
47 24 23
47 23 19
47 19 11
47 19 18
47 18 13
47 13 12
47 18 17
47 17 16
47 16 14
47 16 15
47 23 22
47 22 21
47 21 20
48 29 28
48 28 22
48 22 21
48 21 20
48 20 19
48 19 0
48 19 18
48 18 12
48 12 10
48 10 9
48 9 7
48 7 2
48 2 1
48 7 6
48 6 5
48 5 3
48 5 4
48 9 8
48 12 11
48 18 17
48 17 16
48 16 14
48 14 13
48 16 15
48 28 27
48 27 26
48 26 25
48 25 23
48 25 24
49 34 3
49 3 2
49 2 1
49 1 0
49 34 33
49 33 26
49 26 25
49 25 24
49 24 22
49 22 13
49 13 12
49 12 7
49 7 6
49 6 5
49 5 4
49 12 11
49 11 8
49 11 10
49 10 9
49 22 21
49 21 14
49 21 20
49 20 16
49 16 15
49 20 19
49 19 18
49 18 17
49 24 23
49 33 32
49 32 27
49 32 31
49 31 28
49 31 30
49 30 29
50 30 29
50 29 28
50 28 26
50 26 25
50 25 22
50 22 0
50 22 21
50 21 20
50 20 19
50 19 1
50 19 18
50 18 15
50 15 2
50 15 14
50 14 12
50 12 10
50 10 9
50 9 8
50 8 5
50 5 3
50 5 4
50 8 7
50 7 6
50 12 11
50 14 13
50 18 17
50 17 16
50 25 24
50 24 23
50 28 27
51 31 30
51 30 29
51 29 25
51 25 18
51 18 17
51 17 16
51 16 8
51 8 3
51 3 1
51 1 0
51 3 2
51 8 7
51 7 4
51 7 6
51 6 5
51 16 15
51 15 13
51 13 12
51 12 9
51 12 11
51 11 10
51 15 14
51 25 24
51 24 20
51 20 19
51 24 23
51 23 22
51 22 21
51 29 28
51 28 26
51 28 27
52 31 3
52 3 2
52 2 1
52 1 0
52 31 30
52 30 4
52 30 29
52 29 5
52 29 28
52 28 8
52 8 6
52 8 7
52 28 27
52 27 25
52 25 24
52 24 22
52 22 21
52 21 19
52 19 17
52 17 15
52 15 13
52 13 12
52 12 11
52 11 9
52 11 10
52 15 14
52 17 16
52 19 18
52 21 20
52 24 23
52 27 26
53 32 30
53 30 0
53 30 29
53 29 27
53 27 26
53 26 4
53 4 1
53 4 3
53 3 2
53 26 25
53 25 22
53 22 19
53 19 18
53 18 17
53 17 15
53 15 11
53 11 10
53 10 9
53 9 8
53 8 7
53 7 5
53 7 6
53 15 14
53 14 13
53 13 12
53 17 16
53 22 21
53 21 20
53 25 24
53 24 23
53 29 28
53 32 31
54 29 28
54 28 27
54 27 3
54 3 2
54 2 1
54 1 0
54 27 26
54 26 25
54 25 4
54 25 24
54 24 19
54 19 18
54 18 17
54 17 5
54 17 16
54 16 15
54 15 6
54 15 14
54 14 12
54 12 11
54 11 10
54 10 7
54 10 9
54 9 8
54 14 13
54 24 23
54 23 22
54 22 21
54 21 20
55 30 5
55 5 0
55 5 4
55 4 2
55 2 1
55 4 3
55 30 29
55 29 27
55 27 16
55 16 14
55 14 12
55 12 8
55 8 6
55 8 7
55 12 11
55 11 10
55 10 9
55 14 13
55 16 15
55 27 26
55 26 25
55 25 17
55 25 24
55 24 20
55 20 18
55 20 19
55 24 23
55 23 22
55 22 21
55 29 28
56 31 14
56 14 13
56 13 0
56 13 12
56 12 2
56 2 1
56 12 11
56 11 10
56 10 8
56 8 6
56 6 3
56 6 5
56 5 4
56 8 7
56 10 9
56 31 30
56 30 17
56 17 16
56 16 15
56 30 29
56 29 18
56 29 28
56 28 27
56 27 26
56 26 25
56 25 24
56 24 23
56 23 22
56 22 19
56 22 21
56 21 20
57 31 30
57 30 29
57 29 28
57 28 26
57 26 0
57 26 25
57 25 23
57 23 2
57 2 1
57 23 22
57 22 21
57 21 20
57 20 19
57 19 16
57 16 14
57 14 13
57 13 3
57 13 12
57 12 11
57 11 4
57 11 10
57 10 9
57 9 8
57 8 6
57 6 5
57 8 7
57 16 15
57 19 18
57 18 17
57 25 24
57 28 27
58 29 27
58 27 0
58 27 26
58 26 10
58 10 9
58 9 1
58 9 8
58 8 6
58 6 2
58 6 5
58 5 3
58 5 4
58 8 7
58 26 25
58 25 24
58 24 23
58 23 16
58 16 11
58 16 15
58 15 14
58 14 12
58 14 13
58 23 22
58 22 17
58 22 21
58 21 20
58 20 18
58 20 19
58 29 28
59 30 29
59 29 28
59 28 0
59 28 27
59 27 6
59 6 4
59 4 2
59 2 1
59 4 3
59 6 5
59 27 26
59 26 9
59 9 7
59 9 8
59 26 25
59 25 20
59 20 10
59 20 19
59 19 18
59 18 17
59 17 16
59 16 12
59 12 11
59 16 15
59 15 14
59 14 13
59 25 24
59 24 23
59 23 22
59 22 21
60 29 28
60 28 0
60 28 27
60 27 25
60 25 24
60 24 9
60 9 8
60 8 7
60 7 3
60 3 2
60 2 1
60 7 6
60 6 5
60 5 4
60 24 23
60 23 10
60 23 22
60 22 18
60 18 11
60 18 17
60 17 16
60 16 12
60 16 15
60 15 14
60 14 13
60 22 21
60 21 20
60 20 19
60 27 26
61 34 33
61 33 32
61 32 31
61 31 29
61 29 28
61 28 14
61 14 0
61 14 13
61 13 2
61 2 1
61 13 12
61 12 11
61 11 9
61 9 6
61 6 3
61 6 5
61 5 4
61 9 8
61 8 7
61 11 10
61 28 27
61 27 26
61 26 16
61 16 15
61 26 25
61 25 21
61 21 17
61 21 20
61 20 18
61 20 19
61 25 24
61 24 23
61 23 22
61 31 30
62 32 0
62 32 31
62 31 29
62 29 28
62 28 25
62 25 24
62 24 10
62 10 8
62 8 3
62 3 1
62 3 2
62 8 7
62 7 6
62 6 4
62 6 5
62 10 9
62 24 23
62 23 13
62 13 12
62 12 11
62 23 22
62 22 14
62 22 21
62 21 15
62 21 20
62 20 18
62 18 16
62 18 17
62 20 19
62 28 27
62 27 26
62 31 30
63 31 23
63 23 0
63 23 22
63 22 18
63 18 16
63 16 15
63 15 14
63 14 12
63 12 11
63 11 9
63 9 1
63 9 8
63 8 2
63 8 7
63 7 6
63 6 3
63 6 5
63 5 4
63 11 10
63 14 13
63 18 17
63 22 21
63 21 20
63 20 19
63 31 30
63 30 29
63 29 28
63 28 27
63 27 25
63 25 24
63 27 26
64 32 31
64 31 26
64 26 25
64 25 0
64 25 24
64 24 23
64 23 1
64 23 22
64 22 15
64 15 4
64 4 3
64 3 2
64 15 14
64 14 7
64 7 6
64 6 5
64 14 13
64 13 12
64 12 11
64 11 8
64 11 10
64 10 9
64 22 21
64 21 19
64 19 18
64 18 17
64 17 16
64 21 20
64 31 30
64 30 29
64 29 27
64 29 28
65 30 29
65 29 28
65 28 23
65 23 22
65 22 18
65 18 17
65 17 1
65 1 0
65 17 16
65 16 15
65 15 14
65 14 13
65 13 9
65 9 7
65 7 6
65 6 5
65 5 3
65 3 2
65 5 4
65 9 8
65 13 12
65 12 10
65 12 11
65 22 21
65 21 19
65 21 20
65 28 27
65 27 26
65 26 25
65 25 24
66 30 15
66 15 14
66 14 13
66 13 0
66 13 12
66 12 1
66 12 11
66 11 2
66 11 10
66 10 3
66 10 9
66 9 8
66 8 6
66 6 5
66 5 4
66 8 7
66 30 29
66 29 28
66 28 27
66 27 26
66 26 25
66 25 20
66 20 19
66 19 17
66 17 16
66 19 18
66 25 24
66 24 22
66 22 21
66 24 23
67 29 14
67 14 1
67 1 0
67 14 13
67 13 12
67 12 11
67 11 10
67 10 2
67 10 9
67 9 3
67 9 8
67 8 7
67 7 4
67 7 6
67 6 5
67 29 28
67 28 27
67 27 15
67 27 26
67 26 20
67 20 19
67 19 18
67 18 16
67 18 17
67 26 25
67 25 24
67 24 23
67 23 22
67 22 21
68 32 2
68 2 1
68 1 0
68 32 31
68 31 30
68 30 29
68 29 7
68 7 6
68 6 4
68 4 3
68 6 5
68 29 28
68 28 8
68 28 27
68 27 26
68 26 22
68 22 21
68 21 19
68 19 14
68 14 12
68 12 9
68 12 11
68 11 10
68 14 13
68 19 18
68 18 17
68 17 16
68 16 15
68 21 20
68 26 25
68 25 23
68 25 24
69 32 30
69 30 0
69 30 29
69 29 23
69 23 11
69 11 10
69 10 1
69 10 9
69 9 4
69 4 2
69 4 3
69 9 8
69 8 5
69 8 7
69 7 6
69 23 22
69 22 21
69 21 12
69 21 20
69 20 18
69 18 16
69 16 13
69 16 15
69 15 14
69 18 17
69 20 19
69 29 28
69 28 27
69 27 25
69 25 24
69 27 26
69 32 31
70 29 5
70 5 3
70 3 2
70 2 0
70 2 1
70 5 4
70 29 28
70 28 27
70 27 20
70 20 19
70 19 9
70 9 6
70 9 8
70 8 7
70 19 18
70 18 13
70 13 12
70 12 10
70 12 11
70 18 17
70 17 15
70 15 14
70 17 16
70 27 26
70 26 21
70 26 25
70 25 24
70 24 22
70 24 23
71 33 32
71 32 0
71 32 31
71 31 1
71 31 30
71 30 27
71 27 2
71 27 26
71 26 25
71 25 4
71 4 3
71 25 24
71 24 23
71 23 21
71 21 18
71 18 14
71 14 13
71 13 12
71 12 9
71 9 6
71 6 5
71 9 8
71 8 7
71 12 11
71 11 10
71 18 17
71 17 15
71 17 16
71 21 20
71 20 19
71 23 22
71 30 29
71 29 28
72 30 29
72 29 25
72 25 24
72 24 23
72 23 19
72 19 18
72 18 0
72 18 17
72 17 9
72 9 7
72 7 1
72 7 6
72 6 2
72 6 5
72 5 3
72 5 4
72 9 8
72 17 16
72 16 15
72 15 13
72 13 12
72 12 10
72 12 11
72 15 14
72 23 22
72 22 21
72 21 20
72 29 28
72 28 27
72 27 26
73 30 11
73 11 10
73 10 7
73 7 6
73 6 5
73 5 4
73 4 3
73 3 2
73 2 0
73 2 1
73 10 9
73 9 8
73 30 29
73 29 16
73 16 12
73 16 15
73 15 13
73 15 14
73 29 28
73 28 27
73 27 26
73 26 25
73 25 24
73 24 21
73 21 19
73 19 18
73 18 17
73 21 20
73 24 23
73 23 22
74 31 26
74 26 19
74 19 17
74 17 16
74 16 13
74 13 8
74 8 7
74 7 5
74 5 3
74 3 0
74 3 2
74 2 1
74 5 4
74 7 6
74 13 12
74 12 11
74 11 10
74 10 9
74 16 15
74 15 14
74 19 18
74 26 25
74 25 20
74 25 24
74 24 22
74 22 21
74 24 23
74 31 30
74 30 28
74 28 27
74 30 29
75 31 30
75 30 24
75 24 0
75 24 23
75 23 21
75 21 1
75 21 20
75 20 18
75 18 14
75 14 13
75 13 3
75 3 2
75 13 12
75 12 4
75 12 11
75 11 10
75 10 6
75 6 5
75 10 9
75 9 7
75 9 8
75 18 17
75 17 16
75 16 15
75 20 19
75 23 22
75 30 29
75 29 28
75 28 26
75 26 25
75 28 27
76 30 29
76 29 28
76 28 2
76 2 0
76 2 1
76 28 27
76 27 18
76 18 15
76 15 14
76 14 3
76 14 13
76 13 11
76 11 4
76 11 10
76 10 5
76 10 9
76 9 7
76 7 6
76 9 8
76 13 12
76 18 17
76 17 16
76 27 26
76 26 22
76 22 20
76 20 19
76 22 21
76 26 25
76 25 23
76 25 24
77 31 0
77 31 30
77 30 29
77 29 5
77 5 4
77 4 3
77 3 2
77 2 1
77 29 28
77 28 26
77 26 25
77 25 24
77 24 16
77 16 15
77 15 11
77 11 6
77 11 10
77 10 7
77 10 9
77 9 8
77 15 14
77 14 13
77 13 12
77 24 23
77 23 22
77 22 21
77 21 19
77 19 17
77 19 18
77 21 20
77 28 27
78 29 24
78 24 23
78 23 14
78 14 13
78 13 12
78 12 11
78 11 5
78 5 2
78 2 0
78 2 1
78 5 4
78 4 3
78 11 10
78 10 6
78 10 9
78 9 8
78 8 7
78 23 22
78 22 19
78 19 18
78 18 16
78 16 15
78 18 17
78 22 21
78 21 20
78 29 28
78 28 27
78 27 26
78 26 25
79 31 30
79 30 0
79 30 29
79 29 28
79 28 26
79 26 25
79 25 23
79 23 20
79 20 19
79 19 15
79 15 14
79 14 1
79 14 13
79 13 10
79 10 2
79 10 9
79 9 8
79 8 6
79 6 4
79 4 3
79 6 5
79 8 7
79 13 12
79 12 11
79 19 18
79 18 16
79 18 17
79 23 22
79 22 21
79 25 24
79 28 27
80 30 2
80 2 0
80 2 1
80 30 29
80 29 3
80 29 28
80 28 25
80 25 8
80 8 7
80 7 6
80 6 5
80 5 4
80 25 24
80 24 21
80 21 20
80 20 18
80 18 17
80 17 16
80 16 15
80 15 14
80 14 9
80 14 13
80 13 12
80 12 10
80 12 11
80 20 19
80 24 23
80 23 22
80 28 27
80 27 26
81 30 27
81 27 25
81 25 1
81 1 0
81 25 24
81 24 21
81 21 20
81 20 11
81 11 9
81 9 2
81 9 8
81 8 7
81 7 5
81 5 3
81 5 4
81 7 6
81 11 10
81 20 19
81 19 17
81 17 15
81 15 14
81 14 13
81 13 12
81 17 16
81 19 18
81 24 23
81 23 22
81 27 26
81 30 29
81 29 28
82 34 12
82 12 9
82 9 8
82 8 6
82 6 4
82 4 3
82 3 0
82 3 2
82 2 1
82 6 5
82 8 7
82 12 11
82 11 10
82 34 33
82 33 31
82 31 30
82 30 29
82 29 25
82 25 13
82 25 24
82 24 22
82 22 14
82 22 21
82 21 20
82 20 17
82 17 15
82 17 16
82 20 19
82 19 18
82 24 23
82 29 28
82 28 27
82 27 26
82 33 32
83 33 19
83 19 16
83 16 9
83 9 8
83 8 6
83 6 0
83 6 5
83 5 3
83 3 2
83 2 1
83 5 4
83 8 7
83 16 15
83 15 14
83 14 13
83 13 10
83 13 12
83 12 11
83 19 18
83 18 17
83 33 32
83 32 31
83 31 29
83 29 20
83 29 28
83 28 27
83 27 26
83 26 24
83 24 23
83 23 21
83 23 22
83 26 25
83 31 30
84 32 31
84 31 28
84 28 27
84 27 21
84 21 20
84 20 0
84 20 19
84 19 15
84 15 12
84 12 10
84 10 9
84 9 2
84 2 1
84 9 8
84 8 3
84 8 7
84 7 6
84 6 5
84 5 4
84 12 11
84 15 14
84 14 13
84 19 18
84 18 16
84 18 17
84 27 26
84 26 25
84 25 24
84 24 22
84 24 23
84 31 30
84 30 29
85 30 19
85 19 18
85 18 0
85 18 17
85 17 16
85 16 2
85 2 1
85 16 15
85 15 4
85 4 3
85 15 14
85 14 13
85 13 11
85 11 5
85 11 10
85 10 9
85 9 8
85 8 7
85 7 6
85 13 12
85 30 29
85 29 20
85 29 28
85 28 27
85 27 25
85 25 23
85 23 22
85 22 21
85 25 24
85 27 26
86 29 28
86 28 27
86 27 26
86 26 3
86 3 2
86 2 1
86 1 0
86 26 25
86 25 24
86 24 23
86 23 4
86 23 22
86 22 21
86 21 19
86 19 18
86 18 17
86 17 15
86 15 12
86 12 10
86 10 8
86 8 6
86 6 5
86 8 7
86 10 9
86 12 11
86 15 14
86 14 13
86 17 16
86 21 20
87 34 1
87 1 0
87 34 33
87 33 30
87 30 27
87 27 2
87 27 26
87 26 23
87 23 22
87 22 3
87 22 21
87 21 20
87 20 19
87 19 18
87 18 17
87 17 14
87 14 12
87 12 4
87 12 11
87 11 7
87 7 5
87 7 6
87 11 10
87 10 8
87 10 9
87 14 13
87 17 16
87 16 15
87 26 25
87 25 24
87 30 29
87 29 28
87 33 32
87 32 31
88 32 30
88 30 28
88 28 27
88 27 25
88 25 3
88 3 2
88 2 1
88 1 0
88 25 24
88 24 5
88 5 4
88 24 23
88 23 22
88 22 8
88 8 7
88 7 6
88 22 21
88 21 20
88 20 19
88 19 18
88 18 9
88 18 17
88 17 10
88 17 16
88 16 14
88 14 13
88 13 12
88 12 11
88 16 15
88 27 26
88 30 29
88 32 31
89 32 1
89 1 0
89 32 31
89 31 21
89 21 11
89 11 10
89 10 9
89 9 2
89 9 8
89 8 6
89 6 5
89 5 4
89 4 3
89 8 7
89 21 20
89 20 14
89 14 12
89 14 13
89 20 19
89 19 18
89 18 17
89 17 15
89 17 16
89 31 30
89 30 26
89 26 25
89 25 23
89 23 22
89 25 24
89 30 29
89 29 27
89 29 28
90 31 29
90 29 25
90 25 24
90 24 9
90 9 1
90 1 0
90 9 8
90 8 3
90 3 2
90 8 7
90 7 5
90 5 4
90 7 6
90 24 23
90 23 22
90 22 10
90 22 21
90 21 20
90 20 19
90 19 18
90 18 17
90 17 12
90 12 11
90 17 16
90 16 14
90 14 13
90 16 15
90 29 28
90 28 27
90 27 26
90 31 30
91 34 1
91 1 0
91 34 33
91 33 14
91 14 2
91 14 13
91 13 12
91 12 3
91 12 11
91 11 10
91 10 8
91 8 7
91 7 5
91 5 4
91 7 6
91 10 9
91 33 32
91 32 15
91 32 31
91 31 30
91 30 19
91 19 16
91 19 18
91 18 17
91 30 29
91 29 28
91 28 20
91 28 27
91 27 26
91 26 25
91 25 24
91 24 21
91 24 23
91 23 22
92 30 29
92 29 28
92 28 12
92 12 10
92 10 9
92 9 6
92 6 5
92 5 0
92 5 4
92 4 3
92 3 2
92 2 1
92 9 8
92 8 7
92 12 11
92 28 27
92 27 21
92 21 19
92 19 18
92 18 13
92 18 17
92 17 16
92 16 14
92 16 15
92 21 20
92 27 26
92 26 23
92 23 22
92 26 25
92 25 24
93 30 29
93 29 2
93 2 1
93 1 0
93 29 28
93 28 10
93 10 9
93 9 7
93 7 3
93 7 6
93 6 4
93 6 5
93 9 8
93 28 27
93 27 11
93 27 26
93 26 21
93 21 20
93 20 14
93 14 12
93 14 13
93 20 19
93 19 17
93 17 15
93 17 16
93 19 18
93 26 25
93 25 24
93 24 22
93 24 23
94 34 33
94 33 25
94 25 11
94 11 10
94 10 0
94 10 9
94 9 8
94 8 7
94 7 6
94 6 5
94 5 1
94 5 4
94 4 3
94 3 2
94 25 24
94 24 17
94 17 16
94 16 15
94 15 14
94 14 12
94 14 13
94 24 23
94 23 20
94 20 18
94 20 19
94 23 22
94 22 21
94 33 32
94 32 31
94 31 30
94 30 27
94 27 26
94 30 29
94 29 28
95 30 18
95 18 17
95 17 15
95 15 14
95 14 11
95 11 10
95 10 8
95 8 1
95 1 0
95 8 7
95 7 5
95 5 4
95 4 3
95 3 2
95 7 6
95 10 9
95 14 13
95 13 12
95 17 16
95 30 29
95 29 28
95 28 27
95 27 19
95 27 26
95 26 22
95 22 20
95 22 21
95 26 25
95 25 23
95 25 24
96 32 27
96 27 23
96 23 22
96 22 21
96 21 13
96 13 12
96 12 11
96 11 1
96 1 0
96 11 10
96 10 8
96 8 5
96 5 4
96 4 3
96 3 2
96 8 7
96 7 6
96 10 9
96 21 20
96 20 18
96 18 14
96 18 17
96 17 16
96 16 15
96 20 19
96 27 26
96 26 25
96 25 24
96 32 31
96 31 30
96 30 28
96 30 29
97 29 27
97 27 0
97 27 26
97 26 25
97 25 1
97 25 24
97 24 11
97 11 9
97 9 8
97 8 4
97 4 3
97 3 2
97 8 7
97 7 5
97 7 6
97 11 10
97 24 23
97 23 12
97 23 22
97 22 17
97 17 16
97 16 15
97 15 14
97 14 13
97 22 21
97 21 19
97 19 18
97 21 20
97 29 28
98 29 8
98 8 7
98 7 0
98 7 6
98 6 5
98 5 1
98 5 4
98 4 3
98 3 2
98 29 28
98 28 27
98 27 26
98 26 18
98 18 9
98 18 17
98 17 16
98 16 15
98 15 14
98 14 10
98 14 13
98 13 12
98 12 11
98 26 25
98 25 21
98 21 20
98 20 19
98 25 24
98 24 23
98 23 22
99 32 9
99 9 2
99 2 1
99 1 0
99 9 8
99 8 3
99 8 7
99 7 4
99 7 6
99 6 5
99 32 31
99 31 24
99 24 10
99 24 23
99 23 11
99 23 22
99 22 21
99 21 20
99 20 19
99 19 18
99 18 17
99 17 14
99 14 12
99 14 13
99 17 16
99 16 15
99 31 30
99 30 28
99 28 26
99 26 25
99 28 27
99 30 29
100 29 1
100 1 0
100 29 28
100 28 27
100 27 26
100 26 25
100 25 24
100 24 23
100 23 14
100 14 10
100 10 9
100 9 8
100 8 7
100 7 6
100 6 4
100 4 2
100 4 3
100 6 5
100 14 13
100 13 12
100 12 11
100 23 22
100 22 20
100 20 19
100 19 17
100 17 16
100 16 15
100 19 18
100 22 21
101 29 19
101 19 18
101 18 2
101 2 0
101 2 1
101 18 17
101 17 15
101 15 14
101 14 13
101 13 3
101 13 12
101 12 4
101 12 11
101 11 10
101 10 8
101 8 5
101 8 7
101 7 6
101 10 9
101 17 16
101 29 28
101 28 27
101 27 24
101 24 23
101 23 20
101 23 22
101 22 21
101 27 26
101 26 25
