1 34 29
1 29 23
1 23 2
1 2 1
1 1 0
1 23 22
1 22 21
1 21 16
1 16 3
1 16 15
1 15 13
1 13 11
1 11 4
1 11 10
1 10 9
1 9 5
1 9 8
1 8 7
1 7 6
1 13 12
1 15 14
1 21 20
1 20 19
1 19 18
1 18 17
1 29 28
1 28 24
1 28 27
1 27 26
1 26 25
1 34 33
1 33 30
1 33 32
1 32 31
2 32 31
2 31 30
2 30 29
2 29 26
2 26 25
2 25 23
2 23 20
2 20 18
2 18 17
2 17 15
2 15 14
2 14 6
2 6 5
2 5 1
2 1 0
2 5 4
2 4 3
2 3 2
2 14 13
2 13 10
2 10 7
2 10 9
2 9 8
2 13 12
2 12 11
2 17 16
2 20 19
2 23 22
2 22 21
2 25 24
2 29 28
2 28 27
3 32 31
3 31 30
3 30 17
3 17 16
3 16 1
3 1 0
3 16 15
3 15 2
3 15 14
3 14 13
3 13 6
3 6 5
3 5 3
3 5 4
3 13 12
3 12 10
3 10 9
3 9 7
3 9 8
3 12 11
3 30 29
3 29 22
3 22 19
3 19 18
3 22 21
3 21 20
3 29 28
3 28 23
3 28 27
3 27 26
3 26 24
3 26 25
4 29 0
4 29 28
4 28 14
4 14 13
4 13 12
4 12 11
4 11 10
4 10 9
4 9 7
4 7 6
4 6 1
4 6 5
4 5 3
4 3 2
4 5 4
4 9 8
4 28 27
4 27 15
4 27 26
4 26 16
4 26 25
4 25 22
4 22 17
4 22 21
4 21 20
4 20 19
4 19 18
4 25 24
4 24 23
5 29 26
5 26 24
5 24 23
5 23 20
5 20 4
5 4 3
5 3 2
5 2 0
5 2 1
5 20 19
5 19 18
5 18 5
5 18 17
5 17 6
5 17 16
5 16 13
5 13 9
5 9 8
5 8 7
5 13 12
5 12 11
5 11 10
5 16 15
5 15 14
5 23 22
5 22 21
5 26 25
5 29 28
5 28 27
6 29 28
6 28 11
6 11 3
6 3 1
6 1 0
6 3 2
6 11 10
6 10 9
6 9 7
6 7 6
6 6 4
6 6 5
6 9 8
6 28 27
6 27 26
6 26 24
6 24 19
6 19 18
6 18 13
6 13 12
6 18 17
6 17 16
6 16 14
6 16 15
6 24 23
6 23 21
6 21 20
6 23 22
6 26 25
7 33 31
7 31 30
7 30 28
7 28 26
7 26 15
7 15 8
7 8 5
7 5 3
7 3 0
7 3 2
7 2 1
7 5 4
7 8 7
7 7 6
7 15 14
7 14 13
7 13 9
7 13 12
7 12 11
7 11 10
7 26 25
7 25 21
7 21 20
7 20 16
7 20 19
7 19 17
7 19 18
7 25 24
7 24 23
7 23 22
7 28 27
7 30 29
7 33 32
8 31 30
8 30 29
8 29 10
8 10 9
8 9 8
8 8 6
8 6 0
8 6 5
8 5 4
8 4 2
8 2 1
8 4 3
8 8 7
8 29 28
8 28 27
8 27 20
8 20 18
8 18 17
8 17 16
8 16 15
8 15 11
8 15 14
8 14 13
8 13 12
8 20 19
8 27 26
8 26 21
8 26 25
8 25 23
8 23 22
8 25 24
9 33 27
9 27 9
9 9 1
9 1 0
9 9 8
9 8 6
9 6 5
9 5 4
9 4 2
9 4 3
9 8 7
9 27 26
9 26 11
9 11 10
9 26 25
9 25 24
9 24 22
9 22 21
9 21 13
9 13 12
9 21 20
9 20 14
9 20 19
9 19 15
9 19 18
9 18 17
9 17 16
9 24 23
9 33 32
9 32 31
9 31 30
9 30 28
9 30 29
10 32 31
10 31 10
10 10 1
10 1 0
10 10 9
10 9 8
10 8 7
10 7 2
10 7 6
10 6 5
10 5 4
10 4 3
10 31 30
10 30 29
10 29 24
10 24 23
10 23 22
10 22 11
10 22 21
10 21 14
10 14 13
10 13 12
10 21 20
10 20 18
10 18 17
10 17 15
10 17 16
10 20 19
10 29 28
10 28 27
10 27 26
10 26 25
11 29 16
11 16 7
11 7 0
11 7 6
11 6 5
11 5 1
11 5 4
11 4 2
11 4 3
11 16 15
11 15 10
11 10 9
11 9 8
11 15 14
11 14 13
11 13 12
11 12 11
11 29 28
11 28 21
11 21 20
11 20 17
11 20 19
11 19 18
11 28 27
11 27 25
11 25 24
11 24 23
11 23 22
11 27 26
12 32 31
12 31 20
12 20 19
12 19 14
12 14 13
12 13 4
12 4 0
12 4 3
12 3 1
12 3 2
12 13 12
12 12 5
12 12 11
12 11 10
12 10 8
12 8 6
12 8 7
12 10 9
12 19 18
12 18 17
12 17 15
12 17 16
12 31 30
12 30 29
12 29 28
12 28 27
12 27 26
12 26 25
12 25 24
12 24 23
12 23 22
12 22 21
13 29 26
13 26 17
13 17 16
13 16 15
13 15 14
13 14 12
13 12 3
13 3 1
13 1 0
13 3 2
13 12 11
13 11 10
13 10 5
13 5 4
13 10 9
13 9 8
13 8 7
13 7 6
13 14 13
13 26 25
13 25 24
13 24 19
13 19 18
13 24 23
13 23 20
13 23 22
13 22 21
13 29 28
13 28 27
14 31 1
14 1 0
14 31 30
14 30 27
14 27 24
14 24 3
14 3 2
14 24 23
14 23 22
14 22 21
14 21 20
14 20 18
14 18 4
14 18 17
14 17 7
14 7 6
14 6 5
14 17 16
14 16 15
14 15 10
14 10 9
14 9 8
14 15 14
14 14 13
14 13 11
14 13 12
14 20 19
14 27 26
14 26 25
14 30 29
14 29 28
15 34 33
15 33 0
15 33 32
15 32 30
15 30 1
15 30 29
15 29 28
15 28 27
15 27 21
15 21 20
15 20 2
15 20 19
15 19 3
15 19 18
15 18 17
15 17 16
15 16 5
15 5 4
15 16 15
15 15 11
15 11 9
15 9 8
15 8 6
15 8 7
15 11 10
15 15 14
15 14 12
15 14 13
15 27 26
15 26 25
15 25 24
15 24 22
15 24 23
15 32 31
16 31 0
16 31 30
16 30 27
16 27 13
16 13 12
16 12 8
16 8 1
16 8 7
16 7 3
16 3 2
16 7 6
16 6 4
16 6 5
16 12 11
16 11 9
16 11 10
16 27 26
16 26 25
16 25 14
16 25 24
16 24 15
16 24 23
16 23 18
16 18 17
16 17 16
16 23 22
16 22 19
16 22 21
16 21 20
16 30 29
16 29 28
17 29 28
17 28 26
17 26 19
17 19 18
17 18 3
17 3 2
17 2 1
17 1 0
17 18 17
17 17 10
17 10 8
17 8 4
17 8 7
17 7 5
17 7 6
17 10 9
17 17 16
17 16 15
17 15 11
17 15 14
17 14 13
17 13 12
17 26 25
17 25 21
17 21 20
17 25 24
17 24 22
17 24 23
17 28 27
18 30 3
18 3 0
18 3 2
18 2 1
18 30 29
18 29 27
18 27 23
18 23 22
18 22 19
18 19 12
18 12 5
18 5 4
18 12 11
18 11 10
18 10 8
18 8 7
18 7 6
18 10 9
18 19 18
18 18 14
18 14 13
18 18 17
18 17 16
18 16 15
18 22 21
18 21 20
18 27 26
18 26 24
18 26 25
18 29 28
19 30 29
19 29 5
19 5 3
19 3 0
19 3 2
19 2 1
19 5 4
19 29 28
19 28 22
19 22 20
19 20 18
19 18 11
19 11 9
19 9 8
19 8 6
19 8 7
19 11 10
19 18 17
19 17 15
19 15 12
19 15 14
19 14 13
19 17 16
19 20 19
19 22 21
19 28 27
19 27 26
19 26 25
19 25 24
19 24 23
20 29 28
20 28 0
20 28 27
20 27 17
20 17 5
20 5 1
20 5 4
20 4 2
20 4 3
20 17 16
20 16 12
20 12 11
20 11 9
20 9 8
20 8 6
20 8 7
20 11 10
20 16 15
20 15 13
20 15 14
20 27 26
20 26 25
20 25 24
20 24 23
20 23 22
20 22 21
20 21 18
20 21 20
20 20 19
21 29 24
21 24 22
21 22 3
21 3 2
21 2 1
21 1 0
21 22 21
21 21 5
21 5 4
21 21 20
21 20 10
21 10 7
21 7 6
21 10 9
21 9 8
21 20 19
21 19 17
21 17 16
21 16 11
21 16 15
21 15 12
21 15 14
21 14 13
21 19 18
21 24 23
21 29 28
21 28 27
21 27 25
21 27 26
22 34 32
22 32 21
22 21 19
22 19 0
22 19 18
22 18 13
22 13 12
22 12 4
22 4 3
22 3 2
22 2 1
22 12 11
22 11 6
22 6 5
22 11 10
22 10 8
22 8 7
22 10 9
22 18 17
22 17 15
22 15 14
22 17 16
22 21 20
22 32 31
22 31 26
22 26 25
22 25 24
22 24 23
22 23 22
22 31 30
22 30 29
22 29 28
22 28 27
22 34 33
23 32 31
23 31 29
23 29 0
23 29 28
23 28 26
23 26 19
23 19 18
23 18 15
23 15 10
23 10 7
23 7 2
23 2 1
23 7 6
23 6 3
23 6 5
23 5 4
23 10 9
23 9 8
23 15 14
23 14 13
23 13 12
23 12 11
23 18 17
23 17 16
23 26 25
23 25 22
23 22 21
23 21 20
23 25 24
23 24 23
23 28 27
23 31 30
24 29 0
24 29 28
24 28 10
24 10 3
24 3 1
24 3 2
24 10 9
24 9 4
24 9 8
24 8 5
24 8 7
24 7 6
24 28 27
24 27 26
24 26 23
24 23 15
24 15 11
24 15 14
24 14 13
24 13 12
24 23 22
24 22 16
24 22 21
24 21 20
24 20 19
24 19 17
24 19 18
24 26 25
24 25 24
25 30 29
25 29 2
25 2 1
25 1 0
25 29 28
25 28 26
25 26 25
25 25 18
25 18 16
25 16 14
25 14 12
25 12 4
25 4 3
25 12 11
25 11 10
25 10 5
25 10 9
25 9 6
25 9 8
25 8 7
25 14 13
25 16 15
25 18 17
25 25 24
25 24 23
25 23 22
25 22 21
25 21 20
25 20 19
25 28 27
26 34 33
26 33 0
26 33 32
26 32 1
26 32 31
26 31 30
26 30 29
26 29 28
26 28 3
26 3 2
26 28 27
26 27 26
26 26 4
26 26 25
26 25 15
26 15 14
26 14 11
26 11 5
26 11 10
26 10 9
26 9 8
26 8 6
26 8 7
26 14 13
26 13 12
26 25 24
26 24 22
26 22 20
26 20 16
26 20 19
26 19 18
26 18 17
26 22 21
26 24 23
27 33 32
27 32 25
27 25 2
27 2 1
27 1 0
27 25 24
27 24 23
27 23 22
27 22 4
27 4 3
27 22 21
27 21 20
27 20 8
27 8 6
27 6 5
27 8 7
27 20 19
27 19 18
27 18 12
27 12 11
27 11 10
27 10 9
27 18 17
27 17 16
27 16 15
27 15 13
27 15 14
27 32 31
27 31 30
27 30 26
27 30 29
27 29 27
27 29 28
28 34 33
28 33 31
28 31 30
28 30 9
28 9 0
28 9 8
28 8 1
28 8 7
28 7 4
28 4 2
28 4 3
28 7 6
28 6 5
28 30 29
28 29 28
28 28 15
28 15 14
28 14 10
28 14 13
28 13 12
28 12 11
28 28 27
28 27 24
28 24 21
28 21 19
28 19 18
28 18 17
28 17 16
28 21 20
28 24 23
28 23 22
28 27 26
28 26 25
28 33 32
29 29 28
29 28 0
29 28 27
29 27 1
29 27 26
29 26 25
29 25 24
29 24 3
29 3 2
29 24 23
29 23 21
29 21 20
29 20 19
29 19 6
29 6 4
29 6 5
29 19 18
29 18 16
29 16 15
29 15 14
29 14 13
29 13 8
29 8 7
29 13 12
29 12 11
29 11 10
29 10 9
29 18 17
29 23 22
30 29 2
30 2 1
30 1 0
30 29 28
30 28 27
30 27 25
30 25 6
30 6 4
30 4 3
30 6 5
30 25 24
30 24 23
30 23 22
30 22 21
30 21 7
30 21 20
30 20 19
30 19 18
30 18 17
30 17 16
30 16 9
30 9 8
30 16 15
30 15 10
30 15 14
30 14 13
30 13 12
30 12 11
30 27 26
31 31 23
31 23 22
31 22 8
31 8 0
31 8 7
31 7 2
31 2 1
31 7 6
31 6 3
31 6 5
31 5 4
31 22 21
31 21 9
31 21 20
31 20 17
31 17 16
31 16 11
31 11 10
31 16 15
31 15 14
31 14 13
31 13 12
31 20 19
31 19 18
31 31 30
31 30 29
31 29 28
31 28 26
31 26 24
31 26 25
31 28 27
32 29 24
32 24 11
32 11 10
32 10 6
32 6 0
32 6 5
32 5 4
32 4 3
32 3 1
32 3 2
32 10 9
32 9 8
32 8 7
32 24 23
32 23 13
32 13 12
32 23 22
32 22 21
32 21 18
32 18 16
32 16 14
32 16 15
32 18 17
32 21 20
32 20 19
32 29 28
32 28 27
32 27 25
32 27 26
33 32 30
33 30 26
33 26 24
33 24 23
33 23 22
33 22 20
33 20 19
33 19 17
33 17 16
33 16 15
33 15 12
33 12 0
33 12 11
33 11 7
33 7 3
33 3 1
33 3 2
33 7 6
33 6 5
33 5 4
33 11 10
33 10 8
33 10 9
33 15 14
33 14 13
33 19 18
33 22 21
33 26 25
33 30 29
33 29 27
33 29 28
33 32 31
34 30 14
34 14 6
34 6 2
34 2 0
34 2 1
34 6 5
34 5 4
34 4 3
34 14 13
34 13 7
34 13 12
34 12 11
34 11 10
34 10 9
34 9 8
34 30 29
34 29 23
34 23 20
34 20 19
34 19 18
34 18 16
34 16 15
34 18 17
34 23 22
34 22 21
34 29 28
34 28 24
34 28 27
34 27 25
34 27 26
35 30 29
35 29 28
35 28 17
35 17 0
35 17 16
35 16 11
35 11 8
35 8 7
35 7 4
35 4 3
35 3 2
35 2 1
35 7 6
35 6 5
35 11 10
35 10 9
35 16 15
35 15 14
35 14 12
35 14 13
35 28 27
35 27 18
35 27 26
35 26 23
35 23 22
35 22 20
35 20 19
35 22 21
35 26 25
35 25 24
36 31 18
36 18 16
36 16 15
36 15 14
36 14 1
36 1 0
36 14 13
36 13 11
36 11 10
36 10 9
36 9 8
36 8 7
36 7 6
36 6 5
36 5 3
36 3 2
36 5 4
36 13 12
36 18 17
36 31 30
36 30 29
36 29 20
36 20 19
36 29 28
36 28 27
36 27 23
36 23 22
36 22 21
36 27 26
36 26 24
36 26 25
37 29 19
37 19 18
37 18 17
37 17 16
37 16 14
37 14 13
37 13 3
37 3 2
37 2 0
37 2 1
37 13 12
37 12 11
37 11 10
37 10 9
37 9 4
37 9 8
37 8 7
37 7 6
37 6 5
37 16 15
37 29 28
37 28 22
37 22 21
37 21 20
37 28 27
37 27 26
37 26 25
37 25 23
37 25 24
38 34 32
38 32 0
38 32 31
38 31 28
38 28 27
38 27 26
38 26 25
38 25 4
38 4 3
38 3 1
38 3 2
38 25 24
38 24 21
38 21 19
38 19 12
38 12 8
38 8 7
38 7 6
38 6 5
38 12 11
38 11 10
38 10 9
38 19 18
38 18 17
38 17 16
38 16 13
38 16 15
38 15 14
38 21 20
38 24 23
38 23 22
38 31 30
38 30 29
38 34 33
39 32 31
39 31 4
39 4 0
39 4 3
39 3 1
39 3 2
39 31 30
39 30 29
39 29 5
39 29 28
39 28 6
39 28 27
39 27 26
39 26 25
39 25 12
39 12 9
39 9 8
39 8 7
39 12 11
39 11 10
39 25 24
39 24 23
39 23 21
39 21 20
39 20 13
39 20 19
39 19 18
39 18 17
39 17 16
39 16 15
39 15 14
39 23 22
40 32 31
40 31 20
40 20 19
40 19 18
40 18 17
40 17 0
40 17 16
40 16 12
40 12 11
40 11 10
40 10 2
40 2 1
40 10 9
40 9 3
40 9 8
40 8 4
40 8 7
40 7 5
40 7 6
40 16 15
40 15 14
40 14 13
40 31 30
40 30 29
40 29 21
40 29 28
40 28 26
40 26 22
40 26 25
40 25 23
40 25 24
40 28 27
41 30 12
41 12 11
41 11 9
41 9 0
41 9 8
41 8 5
41 5 4
41 4 3
41 3 1
41 3 2
41 8 7
41 7 6
41 11 10
41 30 29
41 29 15
41 15 14
41 14 13
41 29 28
41 28 27
41 27 16
41 27 26
41 26 25
41 25 20
41 20 19
41 19 17
41 19 18
41 25 24
41 24 21
41 24 23
41 23 22
42 29 4
42 4 2
42 2 1
42 1 0
42 4 3
42 29 28
42 28 23
42 23 11
42 11 9
42 9 8
42 8 7
42 7 5
42 7 6
42 11 10
42 23 22
42 22 21
42 21 20
42 20 16
42 16 15
42 15 14
42 14 13
42 13 12
42 20 19
42 19 17
42 19 18
42 28 27
42 27 25
42 25 24
42 27 26
43 30 24
43 24 21
43 21 0
43 21 20
43 20 19
43 19 1
43 19 18
43 18 5
43 5 2
43 5 4
43 4 3
43 18 17
43 17 14
43 14 13
43 13 6
43 13 12
43 12 7
43 12 11
43 11 8
43 11 10
43 10 9
43 17 16
43 16 15
43 24 23
43 23 22
43 30 29
43 29 28
43 28 27
43 27 26
43 26 25
44 31 16
44 16 15
44 15 14
44 14 7
44 7 3
44 3 2
44 2 1
44 1 0
44 7 6
44 6 5
44 5 4
44 14 13
44 13 12
44 12 11
44 11 10
44 10 9
44 9 8
44 31 30
44 30 17
44 30 29
44 29 28
44 28 27
44 27 21
44 21 18
44 21 20
44 20 19
44 27 26
44 26 25
44 25 22
44 25 24
44 24 23
45 32 15
45 15 14
45 14 11
45 11 10
45 10 8
45 8 1
45 1 0
45 8 7
45 7 4
45 4 3
45 3 2
45 7 6
45 6 5
45 10 9
45 14 13
45 13 12
45 32 31
45 31 23
45 23 21
45 21 19
45 19 18
45 18 17
45 17 16
45 21 20
45 23 22
45 31 30
45 30 29
45 29 24
45 29 28
45 28 27
45 27 25
45 27 26
46 30 28
46 28 27
46 27 21
46 21 20
46 20 19
46 19 1
46 1 0
46 19 18
46 18 4
46 4 3
46 3 2
46 18 17
46 17 14
46 14 13
46 13 11
46 11 10
46 10 8
46 8 6
46 6 5
46 8 7
46 10 9
46 13 12
46 17 16
46 16 15
46 27 26
46 26 22
46 26 25
46 25 24
46 24 23
46 30 29
47 31 5
47 5 0
47 5 4
47 4 3
47 3 1
47 3 2
47 31 30
47 30 29
47 29 26
47 26 25
47 25 22
47 22 15
47 15 6
47 15 14
47 14 13
47 13 7
47 13 12
47 12 11
47 11 10
47 10 9
47 9 8
47 22 21
47 21 17
47 17 16
47 21 20
47 20 19
47 19 18
47 25 24
47 24 23
47 29 28
47 28 27
48 29 3
48 3 1
48 1 0
48 3 2
48 29 28
48 28 7
48 7 6
48 6 4
48 6 5
48 28 27
48 27 26
48 26 25
48 25 23
48 23 11
48 11 10
48 10 9
48 9 8
48 23 22
48 22 15
48 15 12
48 15 14
48 14 13
48 22 21
48 21 17
48 17 16
48 21 20
48 20 19
48 19 18
48 25 24
49 29 27
49 27 0
49 27 26
49 26 25
49 25 1
49 25 24
49 24 11
49 11 9
49 9 8
49 8 7
49 7 6
49 6 5
49 5 4
49 4 3
49 3 2
49 11 10
49 24 23
49 23 22
49 22 21
49 21 16
49 16 12
49 16 15
49 15 13
49 15 14
49 21 20
49 20 19
49 19 17
49 19 18
49 29 28
50 30 29
50 29 28
50 28 25
50 25 13
50 13 12
50 12 0
50 12 11
50 11 10
50 10 1
50 10 9
50 9 7
50 7 6
50 6 4
50 4 2
50 4 3
50 6 5
50 9 8
50 25 24
50 24 23
50 23 17
50 17 14
50 17 16
50 16 15
50 23 22
50 22 21
50 21 20
50 20 18
50 20 19
50 28 27
50 27 26
51 30 27
51 27 2
51 2 1
51 1 0
51 27 26
51 26 7
51 7 6
51 6 5
51 5 4
51 4 3
51 26 25
51 25 14
51 14 12
51 12 8
51 12 11
51 11 10
51 10 9
51 14 13
51 25 24
51 24 22
51 22 20
51 20 19
51 19 16
51 16 15
51 19 18
51 18 17
51 22 21
51 24 23
51 30 29
51 29 28
52 30 14
52 14 8
52 8 6
52 6 4
52 4 3
52 3 1
52 1 0
52 3 2
52 6 5
52 8 7
52 14 13
52 13 10
52 10 9
52 13 12
52 12 11
52 30 29
52 29 28
52 28 27
52 27 21
52 21 19
52 19 18
52 18 17
52 17 16
52 16 15
52 21 20
52 27 26
52 26 25
52 25 23
52 23 22
52 25 24
53 29 26
53 26 11
53 11 10
53 10 9
53 9 8
53 8 2
53 2 0
53 2 1
53 8 7
53 7 5
53 5 4
53 4 3
53 7 6
53 26 25
53 25 24
53 24 12
53 24 23
53 23 19
53 19 15
53 15 14
53 14 13
53 19 18
53 18 16
53 18 17
53 23 22
53 22 20
53 22 21
53 29 28
53 28 27
54 31 26
54 26 23
54 23 0
54 23 22
54 22 20
54 20 4
54 4 2
54 2 1
54 4 3
54 20 19
54 19 12
54 12 5
54 12 11
54 11 9
54 9 8
54 8 6
54 8 7
54 11 10
54 19 18
54 18 16
54 16 14
54 14 13
54 16 15
54 18 17
54 22 21
54 26 25
54 25 24
54 31 30
54 30 29
54 29 28
54 28 27
55 34 31
55 31 29
55 29 23
55 23 21
55 21 19
55 19 18
55 18 6
55 6 5
55 5 1
55 1 0
55 5 4
55 4 2
55 4 3
55 18 17
55 17 14
55 14 12
55 12 11
55 11 9
55 9 8
55 8 7
55 11 10
55 14 13
55 17 16
55 16 15
55 21 20
55 23 22
55 29 28
55 28 26
55 26 25
55 25 24
55 28 27
55 31 30
55 34 33
55 33 32
56 29 26
56 26 25
56 25 0
56 25 24
56 24 23
56 23 22
56 22 21
56 21 20
56 20 18
56 18 17
56 17 16
56 16 5
56 5 1
56 5 4
56 4 3
56 3 2
56 16 15
56 15 14
56 14 7
56 7 6
56 14 13
56 13 8
56 13 12
56 12 9
56 12 11
56 11 10
56 20 19
56 29 28
56 28 27
57 30 25
57 25 8
57 8 7
57 7 0
57 7 6
57 6 5
57 5 3
57 3 2
57 2 1
57 5 4
57 25 24
57 24 23
57 23 10
57 10 9
57 23 22
57 22 20
57 20 18
57 18 17
57 17 16
57 16 11
57 16 15
57 15 13
57 13 12
57 15 14
57 20 19
57 22 21
57 30 29
57 29 26
57 29 28
57 28 27
58 33 32
58 32 31
58 31 4
58 4 0
58 4 3
58 3 2
58 2 1
58 31 30
58 30 5
58 30 29
58 29 6
58 29 28
58 28 9
58 9 7
58 9 8
58 28 27
58 27 26
58 26 25
58 25 24
58 24 22
58 22 10
58 22 21
58 21 11
58 21 20
58 20 19
58 19 18
58 18 12
58 18 17
58 17 16
58 16 15
58 15 14
58 14 13
58 24 23
59 29 28
59 28 0
59 28 27
59 27 16
59 16 12
59 12 1
59 12 11
59 11 10
59 10 9
59 9 8
59 8 7
59 7 6
59 6 5
59 5 4
59 4 2
59 4 3
59 16 15
59 15 13
59 15 14
59 27 26
59 26 18
59 18 17
59 26 25
59 25 20
59 20 19
59 25 24
59 24 23
59 23 22
59 22 21
60 33 32
60 32 0
60 32 31
60 31 29
60 29 28
60 28 17
60 17 14
60 14 13
60 13 12
60 12 7
60 7 6
60 6 2
60 2 1
60 6 5
60 5 3
60 5 4
60 12 11
60 11 8
60 11 10
60 10 9
60 17 16
60 16 15
60 28 27
60 27 20
60 20 18
60 20 19
60 27 26
60 26 23
60 23 22
60 22 21
60 26 25
60 25 24
60 31 30
61 32 30
61 30 27
61 27 0
61 27 26
61 26 25
61 25 23
61 23 1
61 23 22
61 22 20
61 20 14
61 14 4
61 4 2
61 4 3
61 14 13
61 13 8
61 8 6
61 6 5
61 8 7
61 13 12
61 12 10
61 10 9
61 12 11
61 20 19
61 19 17
61 17 15
61 17 16
61 19 18
61 22 21
61 25 24
61 30 29
61 29 28
61 32 31
62 33 3
62 3 0
62 3 2
62 2 1
62 33 32
62 32 31
62 31 4
62 31 30
62 30 28
62 28 27
62 27 18
62 18 7
62 7 6
62 6 5
62 18 17
62 17 16
62 16 11
62 11 10
62 10 8
62 10 9
62 16 15
62 15 13
62 13 12
62 15 14
62 27 26
62 26 25
62 25 24
62 24 23
62 23 19
62 23 22
62 22 21
62 21 20
62 30 29
63 34 33
63 33 2
63 2 1
63 1 0
63 33 32
63 32 26
63 26 22
63 22 14
63 14 13
63 13 12
63 12 11
63 11 10
63 10 8
63 8 5
63 5 4
63 4 3
63 8 7
63 7 6
63 10 9
63 22 21
63 21 19
63 19 18
63 18 17
63 17 16
63 16 15
63 21 20
63 26 25
63 25 24
63 24 23
63 32 31
63 31 27
63 31 30
63 30 28
63 30 29
64 32 31
64 31 29
64 29 2
64 2 1
64 1 0
64 29 28
64 28 27
64 27 26
64 26 25
64 25 24
64 24 23
64 23 22
64 22 21
64 21 5
64 5 3
64 5 4
64 21 20
64 20 15
64 15 14
64 14 13
64 13 12
64 12 11
64 11 9
64 9 6
64 9 8
64 8 7
64 11 10
64 20 19
64 19 17
64 17 16
64 19 18
64 31 30
65 31 28
65 28 27
65 27 15
65 15 11
65 11 5
65 5 1
65 1 0
65 5 4
65 4 2
65 4 3
65 11 10
65 10 8
65 8 6
65 8 7
65 10 9
65 15 14
65 14 13
65 13 12
65 27 26
65 26 25
65 25 16
65 25 24
65 24 18
65 18 17
65 24 23
65 23 22
65 22 20
65 20 19
65 22 21
65 31 30
65 30 29
66 33 32
66 32 31
66 31 5
66 5 4
66 4 2
66 2 0
66 2 1
66 4 3
66 31 30
66 30 6
66 30 29
66 29 7
66 29 28
66 28 27
66 27 26
66 26 11
66 11 10
66 10 9
66 9 8
66 26 25
66 25 21
66 21 13
66 13 12
66 21 20
66 20 18
66 18 14
66 18 17
66 17 15
66 17 16
66 20 19
66 25 24
66 24 23
66 23 22
67 33 20
67 20 19
67 19 4
67 4 2
67 2 0
67 2 1
67 4 3
67 19 18
67 18 5
67 18 17
67 17 16
67 16 15
67 15 6
67 15 14
67 14 13
67 13 8
67 8 7
67 13 12
67 12 11
67 11 9
67 11 10
67 33 32
67 32 21
67 32 31
67 31 30
67 30 28
67 28 27
67 27 26
67 26 22
67 26 25
67 25 24
67 24 23
67 30 29
68 29 28
68 28 15
68 15 6
68 6 4
68 4 3
68 3 0
68 3 2
68 2 1
68 6 5
68 15 14
68 14 13
68 13 10
68 10 9
68 9 8
68 8 7
68 13 12
68 12 11
68 28 27
68 27 22
68 22 21
68 21 18
68 18 17
68 17 16
68 21 20
68 20 19
68 27 26
68 26 23
68 26 25
68 25 24
69 32 29
69 29 28
69 28 0
69 28 27
69 27 26
69 26 23
69 23 16
69 16 15
69 15 1
69 15 14
69 14 10
69 10 2
69 10 9
69 9 7
69 7 4
69 4 3
69 7 6
69 6 5
69 9 8
69 14 13
69 13 11
69 13 12
69 23 22
69 22 19
69 19 17
69 19 18
69 22 21
69 21 20
69 26 25
69 25 24
69 32 31
69 31 30
70 34 33
70 33 17
70 17 16
70 16 15
70 15 12
70 12 11
70 11 1
70 1 0
70 11 10
70 10 8
70 8 7
70 7 5
70 5 4
70 4 3
70 3 2
70 7 6
70 10 9
70 15 14
70 14 13
70 33 32
70 32 19
70 19 18
70 32 31
70 31 30
70 30 29
70 29 27
70 27 26
70 26 20
70 26 25
70 25 23
70 23 21
70 23 22
70 25 24
70 29 28
71 33 0
71 33 32
71 32 30
71 30 3
71 3 2
71 2 1
71 30 29
71 29 28
71 28 27
71 27 26
71 26 9
71 9 8
71 8 6
71 6 4
71 6 5
71 8 7
71 26 25
71 25 13
71 13 12
71 12 11
71 11 10
71 25 24
71 24 14
71 24 23
71 23 22
71 22 21
71 21 18
71 18 15
71 18 17
71 17 16
71 21 20
71 20 19
71 32 31
72 31 0
72 31 30
72 30 22
72 22 5
72 5 3
72 3 1
72 3 2
72 5 4
72 22 21
72 21 20
72 20 19
72 19 18
72 18 6
72 18 17
72 17 14
72 14 13
72 13 9
72 9 7
72 9 8
72 13 12
72 12 10
72 12 11
72 17 16
72 16 15
72 30 29
72 29 24
72 24 23
72 29 28
72 28 27
72 27 26
72 26 25
73 33 31
73 31 30
73 30 0
73 30 29
73 29 28
73 28 27
73 27 26
73 26 1
73 26 25
73 25 6
73 6 4
73 4 2
73 4 3
73 6 5
73 25 24
73 24 7
73 24 23
73 23 9
73 9 8
73 23 22
73 22 20
73 20 10
73 20 19
73 19 18
73 18 17
73 17 11
73 17 16
73 16 15
73 15 13
73 13 12
73 15 14
73 22 21
73 33 32
74 31 0
74 31 30
74 30 8
74 8 2
74 2 1
74 8 7
74 7 4
74 4 3
74 7 6
74 6 5
74 30 29
74 29 24
74 24 23
74 23 22
74 22 9
74 22 21
74 21 19
74 19 18
74 18 10
74 18 17
74 17 14
74 14 13
74 13 12
74 12 11
74 17 16
74 16 15
74 21 20
74 29 28
74 28 25
74 28 27
74 27 26
75 31 30
75 30 29
75 29 28
75 28 25
75 25 23
75 23 22
75 22 21
75 21 20
75 20 19
75 19 5
75 5 0
75 5 4
75 4 2
75 2 1
75 4 3
75 19 18
75 18 17
75 17 16
75 16 15
75 15 13
75 13 12
75 12 9
75 9 6
75 9 8
75 8 7
75 12 11
75 11 10
75 15 14
75 25 24
75 28 27
75 27 26
76 30 0
76 30 29
76 29 27
76 27 26
76 26 1
76 26 25
76 25 2
76 25 24
76 24 12
76 12 9
76 9 8
76 8 6
76 6 4
76 4 3
76 6 5
76 8 7
76 12 11
76 11 10
76 24 23
76 23 13
76 23 22
76 22 21
76 21 17
76 17 14
76 17 16
76 16 15
76 21 20
76 20 19
76 19 18
76 29 28
77 33 0
77 33 32
77 32 2
77 2 1
77 32 31
77 31 3
77 31 30
77 30 28
77 28 26
77 26 7
77 7 6
77 6 5
77 5 4
77 26 25
77 25 24
77 24 23
77 23 12
77 12 8
77 12 11
77 11 9
77 11 10
77 23 22
77 22 13
77 22 21
77 21 20
77 20 19
77 19 18
77 18 17
77 17 16
77 16 14
77 16 15
77 28 27
77 30 29
78 34 33
78 33 19
78 19 18
78 18 17
78 17 16
78 16 15
78 15 2
78 2 0
78 2 1
78 15 14
78 14 10
78 10 4
78 4 3
78 10 9
78 9 8
78 8 7
78 7 6
78 6 5
78 14 13
78 13 12
78 12 11
78 33 32
78 32 27
78 27 22
78 22 20
78 22 21
78 27 26
78 26 25
78 25 24
78 24 23
78 32 31
78 31 29
78 29 28
78 31 30
79 30 29
79 29 28
79 28 27
79 27 24
79 24 23
79 23 21
79 21 20
79 20 19
79 19 14
79 14 13
79 13 12
79 12 10
79 10 9
79 9 8
79 8 3
79 3 2
79 2 0
79 2 1
79 8 7
79 7 5
79 5 4
79 7 6
79 12 11
79 19 18
79 18 16
79 16 15
79 18 17
79 23 22
79 27 26
79 26 25
80 33 19
80 19 0
80 19 18
80 18 6
80 6 5
80 5 3
80 3 1
80 3 2
80 5 4
80 18 17
80 17 16
80 16 15
80 15 14
80 14 8
80 8 7
80 14 13
80 13 12
80 12 10
80 10 9
80 12 11
80 33 32
80 32 31
80 31 29
80 29 27
80 27 24
80 24 21
80 21 20
80 24 23
80 23 22
80 27 26
80 26 25
80 29 28
80 31 30
81 32 23
81 23 22
81 22 0
81 22 21
81 21 18
81 18 2
81 2 1
81 18 17
81 17 3
81 17 16
81 16 15
81 15 9
81 9 8
81 8 6
81 6 4
81 6 5
81 8 7
81 15 14
81 14 13
81 13 12
81 12 10
81 12 11
81 21 20
81 20 19
81 32 31
81 31 29
81 29 24
81 29 28
81 28 25
81 28 27
81 27 26
81 31 30
82 29 0
82 29 28
82 28 27
82 27 1
82 27 26
82 26 21
82 21 20
82 20 19
82 19 18
82 18 6
82 6 4
82 4 2
82 4 3
82 6 5
82 18 17
82 17 16
82 16 15
82 15 13
82 13 7
82 13 12
82 12 11
82 11 10
82 10 9
82 9 8
82 15 14
82 26 25
82 25 22
82 25 24
82 24 23
83 34 2
83 2 1
83 1 0
83 34 33
83 33 3
83 33 32
83 32 31
83 31 14
83 14 13
83 13 4
83 13 12
83 12 10
83 10 7
83 7 6
83 6 5
83 10 9
83 9 8
83 12 11
83 31 30
83 30 15
83 30 29
83 29 16
83 29 28
83 28 17
83 28 27
83 27 26
83 26 25
83 25 19
83 19 18
83 25 24
83 24 20
83 24 23
83 23 21
83 23 22
84 32 1
84 1 0
84 32 31
84 31 30
84 30 29
84 29 8
84 8 7
84 7 3
84 3 2
84 7 6
84 6 5
84 5 4
84 29 28
84 28 27
84 27 26
84 26 13
84 13 12
84 12 10
84 10 9
84 12 11
84 26 25
84 25 22
84 22 21
84 21 14
84 21 20
84 20 18
84 18 16
84 16 15
84 18 17
84 20 19
84 25 24
84 24 23
85 33 7
85 7 2
85 2 1
85 1 0
85 7 6
85 6 5
85 5 4
85 4 3
85 33 32
85 32 21
85 21 20
85 20 8
85 20 19
85 19 18
85 18 17
85 17 9
85 17 16
85 16 11
85 11 10
85 16 15
85 15 14
85 14 12
85 14 13
85 32 31
85 31 30
85 30 29
85 29 23
85 23 22
85 29 28
85 28 27
85 27 26
85 26 25
85 25 24
86 34 8
86 8 6
86 6 1
86 1 0
86 6 5
86 5 4
86 4 2
86 4 3
86 8 7
86 34 33
86 33 9
86 33 32
86 32 11
86 11 10
86 32 31
86 31 30
86 30 29
86 29 26
86 26 24
86 24 14
86 14 12
86 14 13
86 24 23
86 23 19
86 19 18
86 18 17
86 17 16
86 16 15
86 23 22
86 22 20
86 22 21
86 26 25
86 29 28
86 28 27
87 32 6
87 6 4
87 4 3
87 3 2
87 2 0
87 2 1
87 6 5
87 32 31
87 31 11
87 11 10
87 10 7
87 10 9
87 9 8
87 31 30
87 30 29
87 29 27
87 27 12
87 27 26
87 26 25
87 25 24
87 24 22
87 22 14
87 14 13
87 22 21
87 21 19
87 19 16
87 16 15
87 19 18
87 18 17
87 21 20
87 24 23
87 29 28
88 29 25
88 25 2
88 2 0
88 2 1
88 25 24
88 24 23
88 23 17
88 17 5
88 5 3
88 5 4
88 17 16
88 16 15
88 15 14
88 14 11
88 11 9
88 9 8
88 8 7
88 7 6
88 11 10
88 14 13
88 13 12
88 23 22
88 22 21
88 21 19
88 19 18
88 21 20
88 29 28
88 28 27
88 27 26
89 31 2
89 2 1
89 1 0
89 31 30
89 30 29
89 29 22
89 22 20
89 20 5
89 5 4
89 4 3
89 20 19
89 19 6
89 19 18
89 18 17
89 17 15
89 15 14
89 14 11
89 11 9
89 9 7
89 9 8
89 11 10
89 14 13
89 13 12
89 17 16
89 22 21
89 29 28
89 28 27
89 27 26
89 26 25
89 25 23
89 25 24
90 30 23
90 23 8
90 8 4
90 4 3
90 3 2
90 2 0
90 2 1
90 8 7
90 7 5
90 7 6
90 23 22
90 22 21
90 21 9
90 21 20
90 20 18
90 18 17
90 17 10
90 17 16
90 16 13
90 13 12
90 12 11
90 16 15
90 15 14
90 20 19
90 30 29
90 29 25
90 25 24
90 29 28
90 28 26
90 28 27
91 31 30
91 30 19
91 19 17
91 17 0
91 17 16
91 16 11
91 11 9
91 9 5
91 5 3
91 3 2
91 2 1
91 5 4
91 9 8
91 8 7
91 7 6
91 11 10
91 16 15
91 15 13
91 13 12
91 15 14
91 19 18
91 30 29
91 29 28
91 28 20
91 28 27
91 27 23
91 23 22
91 22 21
91 27 26
91 26 25
91 25 24
92 29 28
92 28 26
92 26 19
92 19 14
92 14 8
92 8 5
92 5 3
92 3 2
92 2 0
92 2 1
92 5 4
92 8 7
92 7 6
92 14 13
92 13 12
92 12 10
92 10 9
92 12 11
92 19 18
92 18 16
92 16 15
92 18 17
92 26 25
92 25 23
92 23 22
92 22 20
92 22 21
92 25 24
92 28 27
93 34 1
93 1 0
93 34 33
93 33 7
93 7 5
93 5 4
93 4 3
93 3 2
93 7 6
93 33 32
93 32 31
93 31 30
93 30 28
93 28 8
93 28 27
93 27 10
93 10 9
93 27 26
93 26 25
93 25 24
93 24 22
93 22 21
93 21 11
93 21 20
93 20 12
93 20 19
93 19 16
93 16 15
93 15 14
93 14 13
93 19 18
93 18 17
93 24 23
93 30 29
94 29 20
94 20 1
94 1 0
94 20 19
94 19 18
94 18 5
94 5 4
94 4 2
94 4 3
94 18 17
94 17 6
94 17 16
94 16 7
94 16 15
94 15 14
94 14 12
94 12 8
94 12 11
94 11 10
94 10 9
94 14 13
94 29 28
94 28 21
94 28 27
94 27 25
94 25 22
94 25 24
94 24 23
94 27 26
95 31 30
95 30 28
95 28 23
95 23 0
95 23 22
95 22 1
95 22 21
95 21 2
95 21 20
95 20 19
95 19 6
95 6 4
95 4 3
95 6 5
95 19 18
95 18 16
95 16 15
95 15 11
95 11 7
95 11 10
95 10 8
95 10 9
95 15 14
95 14 12
95 14 13
95 18 17
95 28 27
95 27 26
95 26 25
95 25 24
95 30 29
96 30 28
96 28 23
96 23 22
96 22 1
96 1 0
96 22 21
96 21 13
96 13 12
96 12 2
96 12 11
96 11 9
96 9 8
96 8 6
96 6 5
96 5 4
96 4 3
96 8 7
96 11 10
96 21 20
96 20 16
96 16 14
96 16 15
96 20 19
96 19 18
96 18 17
96 28 27
96 27 26
96 26 24
96 26 25
96 30 29
97 32 31
97 31 29
97 29 16
97 16 14
97 14 2
97 2 1
97 1 0
97 14 13
97 13 12
97 12 5
97 5 4
97 4 3
97 12 11
97 11 6
97 11 10
97 10 7
97 10 9
97 9 8
97 16 15
97 29 28
97 28 27
97 27 21
97 21 17
97 21 20
97 20 19
97 19 18
97 27 26
97 26 25
97 25 24
97 24 23
97 23 22
97 31 30
98 29 0
98 29 28
98 28 26
98 26 2
98 2 1
98 26 25
98 25 20
98 20 4
98 4 3
98 20 19
98 19 6
98 6 5
98 19 18
98 18 10
98 10 9
98 9 7
98 9 8
98 18 17
98 17 15
98 15 14
98 14 13
98 13 11
98 13 12
98 17 16
98 25 24
98 24 21
98 24 23
98 23 22
98 28 27
99 33 32
99 32 1
99 1 0
99 32 31
99 31 2
99 31 30
99 30 23
99 23 15
99 15 14
99 14 3
99 14 13
99 13 12
99 12 11
99 11 9
99 9 6
99 6 5
99 5 4
99 9 8
99 8 7
99 11 10
99 23 22
99 22 21
99 21 20
99 20 16
99 20 19
99 19 17
99 19 18
99 30 29
99 29 24
99 29 28
99 28 26
99 26 25
99 28 27
100 31 27
100 27 25
100 25 24
100 24 23
100 23 20
100 20 0
100 20 19
100 19 6
100 6 1
100 6 5
100 5 2
100 5 4
100 4 3
100 19 18
100 18 17
100 17 9
100 9 7
100 9 8
100 17 16
100 16 10
100 16 15
100 15 14
100 14 13
100 13 11
100 13 12
100 23 22
100 22 21
100 27 26
100 31 30
100 30 29
100 29 28
101 32 30
101 30 29
101 29 28
101 28 0
101 28 27
101 27 23
101 23 2
101 2 1
101 23 22
101 22 19
101 19 18
101 18 16
101 16 4
101 4 3
101 16 15
101 15 12
101 12 8
101 8 7
101 7 5
101 7 6
101 12 11
101 11 10
101 10 9
101 15 14
101 14 13
101 18 17
101 22 21
101 21 20
101 27 26
101 26 25
101 25 24
101 32 31
