1 31 4
1 4 1
1 1 0
1 4 3
1 3 2
1 31 30
1 30 15
1 15 5
1 15 14
1 14 10
1 10 9
1 9 8
1 8 6
1 8 7
1 14 13
1 13 12
1 12 11
1 30 29
1 29 26
1 26 20
1 20 19
1 19 17
1 17 16
1 19 18
1 26 25
1 25 24
1 24 21
1 24 23
1 23 22
1 29 28
1 28 27
2 31 30
2 30 29
2 29 27
2 27 0
2 27 26
2 26 22
2 22 2
2 2 1
2 22 21
2 21 20
2 20 3
2 20 19
2 19 14
2 14 4
2 14 13
2 13 11
2 11 9
2 9 8
2 8 7
2 7 5
2 7 6
2 11 10
2 13 12
2 19 18
2 18 15
2 18 17
2 17 16
2 26 25
2 25 23
2 25 24
2 29 28
3 33 29
3 29 28
3 28 22
3 22 21
3 21 20
3 20 4
3 4 3
3 3 2
3 2 1
3 1 0
3 20 19
3 19 18
3 18 16
3 16 8
3 8 6
3 6 5
3 8 7
3 16 15
3 15 13
3 13 9
3 13 12
3 12 10
3 12 11
3 15 14
3 18 17
3 28 27
3 27 23
3 27 26
3 26 24
3 26 25
3 33 32
3 32 31
3 31 30
4 29 28
4 28 27
4 27 26
4 26 22
4 22 0
4 22 21
4 21 20
4 20 19
4 19 1
4 19 18
4 18 7
4 7 6
4 6 5
4 5 4
4 4 3
4 3 2
4 18 17
4 17 8
4 17 16
4 16 10
4 10 9
4 16 15
4 15 13
4 13 12
4 12 11
4 15 14
4 26 25
4 25 23
4 25 24
5 30 29
5 29 1
5 1 0
5 29 28
5 28 27
5 27 2
5 27 26
5 26 24
5 24 22
5 22 21
5 21 19
5 19 16
5 16 13
5 13 12
5 12 5
5 5 3
5 5 4
5 12 11
5 11 10
5 10 9
5 9 8
5 8 7
5 7 6
5 16 15
5 15 14
5 19 18
5 18 17
5 21 20
5 24 23
5 26 25
6 34 2
6 2 0
6 2 1
6 34 33
6 33 6
6 6 5
6 5 3
6 5 4
6 33 32
6 32 31
6 31 23
6 23 8
6 8 7
6 23 22
6 22 19
6 19 18
6 18 17
6 17 9
6 17 16
6 16 15
6 15 10
6 15 14
6 14 12
6 12 11
6 14 13
6 22 21
6 21 20
6 31 30
6 30 29
6 29 24
6 29 28
6 28 27
6 27 25
6 27 26
7 29 28
7 28 0
7 28 27
7 27 1
7 27 26
7 26 5
7 5 3
7 3 2
7 5 4
7 26 25
7 25 23
7 23 22
7 22 20
7 20 15
7 15 10
7 10 9
7 9 8
7 8 7
7 7 6
7 15 14
7 14 12
7 12 11
7 14 13
7 20 19
7 19 18
7 18 17
7 17 16
7 22 21
7 25 24
8 31 30
8 30 0
8 30 29
8 29 8
8 8 4
8 4 3
8 3 2
8 2 1
8 8 7
8 7 6
8 6 5
8 29 28
8 28 27
8 27 24
8 24 22
8 22 21
8 21 20
8 20 15
8 15 9
8 15 14
8 14 13
8 13 10
8 13 12
8 12 11
8 20 19
8 19 16
8 19 18
8 18 17
8 24 23
8 27 26
8 26 25
9 34 3
9 3 2
9 2 0
9 2 1
9 34 33
9 33 30
9 30 23
9 23 15
9 15 14
9 14 13
9 13 5
9 5 4
9 13 12
9 12 11
9 11 8
9 8 7
9 7 6
9 11 10
9 10 9
9 23 22
9 22 21
9 21 20
9 20 17
9 17 16
9 20 19
9 19 18
9 30 29
9 29 28
9 28 27
9 27 25
9 25 24
9 27 26
9 33 32
9 32 31
10 29 28
10 28 27
10 27 9
10 9 8
10 8 0
10 8 7
10 7 3
10 3 2
10 2 1
10 7 6
10 6 4
10 6 5
10 27 26
10 26 16
10 16 11
10 11 10
10 16 15
10 15 14
10 14 13
10 13 12
10 26 25
10 25 23
10 23 20
10 20 17
10 20 19
10 19 18
10 23 22
10 22 21
10 25 24
11 33 3
11 3 2
11 2 1
11 1 0
11 33 32
11 32 31
11 31 4
11 31 30
11 30 18
11 18 5
11 18 17
11 17 15
11 15 12
11 12 8
11 8 7
11 7 6
11 12 11
11 11 9
11 11 10
11 15 14
11 14 13
11 17 16
11 30 29
11 29 26
11 26 20
11 20 19
11 26 25
11 25 24
11 24 21
11 24 23
11 23 22
11 29 28
11 28 27
12 29 3
12 3 2
12 2 0
12 2 1
12 29 28
12 28 27
12 27 23
12 23 4
12 23 22
12 22 5
12 22 21
12 21 14
12 14 7
12 7 6
12 14 13
12 13 9
12 9 8
12 13 12
12 12 11
12 11 10
12 21 20
12 20 17
12 17 15
12 17 16
12 20 19
12 19 18
12 27 26
12 26 25
12 25 24
13 34 33
13 33 31
13 31 30
13 30 9
13 9 7
13 7 1
13 1 0
13 7 6
13 6 5
13 5 4
13 4 2
13 4 3
13 9 8
13 30 29
13 29 28
13 28 26
13 26 22
13 22 12
13 12 11
13 11 10
13 22 21
13 21 17
13 17 15
13 15 13
13 15 14
13 17 16
13 21 20
13 20 19
13 19 18
13 26 25
13 25 23
13 25 24
13 28 27
13 33 32
14 32 30
14 30 29
14 29 28
14 28 27
14 27 25
14 25 22
14 22 21
14 21 5
14 5 4
14 4 2
14 2 0
14 2 1
14 4 3
14 21 20
14 20 19
14 19 17
14 17 6
14 17 16
14 16 14
14 14 9
14 9 8
14 8 7
14 14 13
14 13 11
14 11 10
14 13 12
14 16 15
14 19 18
14 25 24
14 24 23
14 27 26
14 32 31
15 34 32
15 32 5
15 5 3
15 3 0
15 3 2
15 2 1
15 5 4
15 32 31
15 31 30
15 30 28
15 28 27
15 27 6
15 27 26
15 26 7
15 26 25
15 25 15
15 15 10
15 10 8
15 10 9
15 15 14
15 14 13
15 13 11
15 13 12
15 25 24
15 24 22
15 22 21
15 21 20
15 20 19
15 19 18
15 18 17
15 17 16
15 24 23
15 30 29
15 34 33
16 32 6
16 6 0
16 6 5
16 5 3
16 3 2
16 2 1
16 5 4
16 32 31
16 31 30
16 30 7
16 30 29
16 29 23
16 23 20
16 20 19
16 19 8
16 19 18
16 18 9
16 18 17
16 17 16
16 16 15
16 15 13
16 13 11
16 11 10
16 13 12
16 15 14
16 23 22
16 22 21
16 29 28
16 28 26
16 26 25
16 25 24
16 28 27
17 33 0
17 33 32
17 32 30
17 30 19
17 19 16
17 16 15
17 15 2
17 2 1
17 15 14
17 14 10
17 10 9
17 9 8
17 8 7
17 7 6
17 6 4
17 4 3
17 6 5
17 14 13
17 13 11
17 13 12
17 19 18
17 18 17
17 30 29
17 29 20
17 29 28
17 28 27
17 27 26
17 26 25
17 25 22
17 22 21
17 25 24
17 24 23
17 32 31
18 29 1
18 1 0
18 29 28
18 28 26
18 26 25
18 25 2
18 25 24
18 24 4
18 4 3
18 24 23
18 23 22
18 22 21
18 21 20
18 20 18
18 18 14
18 14 7
18 7 6
18 6 5
18 14 13
18 13 12
18 12 11
18 11 10
18 10 8
18 10 9
18 18 17
18 17 16
18 16 15
18 20 19
18 28 27
19 31 0
19 31 30
19 30 28
19 28 6
19 6 5
19 5 3
19 3 2
19 2 1
19 5 4
19 28 27
19 27 26
19 26 8
19 8 7
19 26 25
19 25 22
19 22 10
19 10 9
19 22 21
19 21 13
19 13 11
19 13 12
19 21 20
19 20 14
19 20 19
19 19 18
19 18 16
19 16 15
19 18 17
19 25 24
19 24 23
19 30 29
20 30 0
20 30 29
20 29 28
20 28 27
20 27 26
20 26 24
20 24 1
20 24 23
20 23 2
20 23 22
20 22 19
20 19 5
20 5 4
20 4 3
20 19 18
20 18 16
20 16 7
20 7 6
20 16 15
20 15 14
20 14 9
20 9 8
20 14 13
20 13 12
20 12 10
20 12 11
20 18 17
20 22 21
20 21 20
20 26 25
21 34 33
21 33 2
21 2 0
21 2 1
21 33 32
21 32 4
21 4 3
21 32 31
21 31 30
21 30 9
21 9 6
21 6 5
21 9 8
21 8 7
21 30 29
21 29 10
21 29 28
21 28 11
21 28 27
21 27 15
21 15 14
21 14 13
21 13 12
21 27 26
21 26 25
21 25 21
21 21 20
21 20 19
21 19 18
21 18 17
21 17 16
21 25 24
21 24 23
21 23 22
22 31 29
22 29 28
22 28 0
22 28 27
22 27 26
22 26 25
22 25 23
22 23 20
22 20 15
22 15 1
22 15 14
22 14 10
22 10 9
22 9 8
22 8 7
22 7 4
22 4 3
22 3 2
22 7 6
22 6 5
22 14 13
22 13 11
22 13 12
22 20 19
22 19 18
22 18 16
22 18 17
22 23 22
22 22 21
22 25 24
22 31 30
23 29 0
23 29 28
23 28 27
23 27 24
23 24 19
23 19 18
23 18 1
23 18 17
23 17 16
23 16 15
23 15 13
23 13 12
23 12 8
23 8 6
23 6 4
23 4 3
23 3 2
23 6 5
23 8 7
23 12 11
23 11 9
23 11 10
23 15 14
23 24 23
23 23 22
23 22 20
23 22 21
23 27 26
23 26 25
24 34 33
24 33 32
24 32 0
24 32 31
24 31 29
24 29 28
24 28 27
24 27 22
24 22 16
24 16 7
24 7 6
24 6 5
24 5 4
24 4 2
24 2 1
24 4 3
24 16 15
24 15 14
24 14 13
24 13 9
24 9 8
24 13 12
24 12 11
24 11 10
24 22 21
24 21 18
24 18 17
24 21 20
24 20 19
24 27 26
24 26 25
24 25 24
24 24 23
24 31 30
25 30 29
25 29 28
25 28 0
25 28 27
25 27 26
25 26 24
25 24 19
25 19 18
25 18 17
25 17 16
25 16 14
25 14 2
25 2 1
25 14 13
25 13 3
25 13 12
25 12 4
25 12 11
25 11 10
25 10 9
25 9 7
25 7 6
25 6 5
25 9 8
25 16 15
25 24 23
25 23 20
25 23 22
25 22 21
25 26 25
26 32 0
26 32 31
26 31 30
26 30 11
26 11 10
26 10 1
26 10 9
26 9 8
26 8 4
26 4 3
26 3 2
26 8 7
26 7 5
26 7 6
26 30 29
26 29 25
26 25 22
26 22 21
26 21 12
26 21 20
26 20 18
26 18 17
26 17 14
26 14 13
26 17 16
26 16 15
26 20 19
26 25 24
26 24 23
26 29 28
26 28 27
26 27 26
27 30 29
27 29 28
27 28 26
27 26 25
27 25 24
27 24 2
27 2 0
27 2 1
27 24 23
27 23 21
27 21 17
27 17 5
27 5 4
27 4 3
27 17 16
27 16 6
27 16 15
27 15 14
27 14 13
27 13 11
27 11 10
27 10 9
27 9 8
27 8 7
27 13 12
27 21 20
27 20 19
27 19 18
27 23 22
27 28 27
28 29 28
28 28 10
28 10 0
28 10 9
28 9 8
28 8 3
28 3 2
28 2 1
28 8 7
28 7 4
28 7 6
28 6 5
28 28 27
28 27 25
28 25 24
28 24 11
28 24 23
28 23 21
28 21 12
28 21 20
28 20 14
28 14 13
28 20 19
28 19 16
28 16 15
28 19 18
28 18 17
28 23 22
28 27 26
29 31 28
29 28 26
29 26 25
29 25 24
29 24 15
29 15 14
29 14 12
29 12 2
29 2 1
29 1 0
29 12 11
29 11 3
29 11 10
29 10 5
29 5 4
29 10 9
29 9 6
29 9 8
29 8 7
29 14 13
29 24 23
29 23 22
29 22 21
29 21 20
29 20 18
29 18 16
29 18 17
29 20 19
29 28 27
29 31 30
29 30 29
30 33 20
30 20 18
30 18 1
30 1 0
30 18 17
30 17 16
30 16 15
30 15 14
30 14 13
30 13 12
30 12 11
30 11 10
30 10 9
30 9 7
30 7 6
30 6 4
30 4 3
30 3 2
30 6 5
30 9 8
30 20 19
30 33 32
30 32 21
30 32 31
30 31 29
30 29 24
30 24 23
30 23 22
30 29 28
30 28 26
30 26 25
30 28 27
30 31 30
31 34 33
31 33 32
31 32 11
31 11 9
31 9 7
31 7 6
31 6 5
31 5 3
31 3 1
31 1 0
31 3 2
31 5 4
31 9 8
31 11 10
31 32 31
31 31 29
31 29 28
31 28 21
31 21 20
31 20 19
31 19 13
31 13 12
31 19 18
31 18 17
31 17 16
31 16 14
31 16 15
31 28 27
31 27 26
31 26 25
31 25 24
31 24 22
31 24 23
31 31 30
32 32 13
32 13 8
32 8 6
32 6 3
32 3 2
32 2 1
32 1 0
32 6 5
32 5 4
32 8 7
32 13 12
32 12 9
32 12 11
32 11 10
32 32 31
32 31 30
32 30 28
32 28 14
32 28 27
32 27 16
32 16 15
32 27 26
32 26 25
32 25 23
32 23 22
32 22 19
32 19 17
32 19 18
32 22 21
32 21 20
32 25 24
32 30 29
33 33 32
33 32 1
33 1 0
33 32 31
33 31 24
33 24 6
33 6 5
33 5 2
33 5 4
33 4 3
33 24 23
33 23 21
33 21 19
33 19 8
33 8 7
33 19 18
33 18 9
33 18 17
33 17 16
33 16 15
33 15 13
33 13 11
33 11 10
33 13 12
33 15 14
33 21 20
33 23 22
33 31 30
33 30 29
33 29 27
33 27 26
33 26 25
33 29 28
34 29 15
34 15 9
34 9 0
34 9 8
34 8 6
34 6 5
34 5 4
34 4 3
34 3 1
34 3 2
34 8 7
34 15 14
34 14 13
34 13 10
34 13 12
34 12 11
34 29 28
34 28 26
34 26 17
34 17 16
34 26 25
34 25 18
34 25 24
34 24 19
34 24 23
34 23 21
34 21 20
34 23 22
34 28 27
35 31 30
35 30 19
35 19 18
35 18 1
35 1 0
35 18 17
35 17 2
35 17 16
35 16 15
35 15 13
35 13 12
35 12 11
35 11 9
35 9 7
35 7 6
35 6 3
35 6 5
35 5 4
35 9 8
35 11 10
35 15 14
35 30 29
35 29 27
35 27 23
35 23 22
35 22 20
35 22 21
35 27 26
35 26 25
35 25 24
35 29 28
36 32 28
36 28 0
36 28 27
36 27 25
36 25 2
36 2 1
36 25 24
36 24 18
36 18 5
36 5 3
36 5 4
36 18 17
36 17 16
36 16 14
36 14 13
36 13 8
36 8 7
36 7 6
36 13 12
36 12 11
36 11 9
36 11 10
36 16 15
36 24 23
36 23 21
36 21 20
36 20 19
36 23 22
36 27 26
36 32 31
36 31 30
36 30 29
37 32 5
37 5 4
37 4 0
37 4 3
37 3 2
37 2 1
37 32 31
37 31 28
37 28 8
37 8 6
37 8 7
37 28 27
37 27 10
37 10 9
37 27 26
37 26 25
37 25 18
37 18 12
37 12 11
37 18 17
37 17 14
37 14 13
37 17 16
37 16 15
37 25 24
37 24 19
37 24 23
37 23 22
37 22 21
37 21 20
37 31 30
37 30 29
38 33 21
38 21 20
38 20 19
38 19 17
38 17 14
38 14 3
38 3 2
38 2 1
38 1 0
38 14 13
38 13 12
38 12 11
38 11 10
38 10 4
38 10 9
38 9 8
38 8 7
38 7 5
38 7 6
38 17 16
38 16 15
38 19 18
38 33 32
38 32 31
38 31 27
38 27 26
38 26 25
38 25 22
38 25 24
38 24 23
38 31 30
38 30 29
38 29 28
39 34 25
39 25 24
39 24 21
39 21 20
39 20 0
39 20 19
39 19 18
39 18 1
39 18 17
39 17 13
39 13 12
39 12 3
39 3 2
39 12 11
39 11 4
39 11 10
39 10 9
39 9 8
39 8 6
39 6 5
39 8 7
39 17 16
39 16 14
39 16 15
39 24 23
39 23 22
39 34 33
39 33 31
39 31 28
39 28 26
39 28 27
39 31 30
39 30 29
39 33 32
40 30 2
40 2 0
40 2 1
40 30 29
40 29 28
40 28 3
40 28 27
40 27 16
40 16 14
40 14 13
40 13 12
40 12 10
40 10 4
40 10 9
40 9 7
40 7 6
40 6 5
40 9 8
40 12 11
40 16 15
40 27 26
40 26 25
40 25 19
40 19 18
40 18 17
40 25 24
40 24 21
40 21 20
40 24 23
40 23 22
41 33 32
41 32 30
41 30 28
41 28 1
41 1 0
41 28 27
41 27 8
41 8 4
41 4 2
41 4 3
41 8 7
41 7 5
41 7 6
41 27 26
41 26 25
41 25 11
41 11 10
41 10 9
41 25 24
41 24 16
41 16 15
41 15 13
41 13 12
41 15 14
41 24 23
41 23 22
41 22 21
41 21 19
41 19 18
41 18 17
41 21 20
41 30 29
41 32 31
42 29 14
42 14 0
42 14 13
42 13 8
42 8 7
42 7 1
42 7 6
42 6 5
42 5 4
42 4 2
42 4 3
42 13 12
42 12 10
42 10 9
42 12 11
42 29 28
42 28 27
42 27 25
42 25 24
42 24 22
42 22 20
42 20 18
42 18 16
42 16 15
42 18 17
42 20 19
42 22 21
42 24 23
42 27 26
43 33 0
43 33 32
43 32 30
43 30 29
43 29 28
43 28 26
43 26 1
43 26 25
43 25 10
43 10 4
43 4 3
43 3 2
43 10 9
43 9 8
43 8 7
43 7 6
43 6 5
43 25 24
43 24 16
43 16 12
43 12 11
43 16 15
43 15 13
43 15 14
43 24 23
43 23 22
43 22 21
43 21 20
43 20 17
43 20 19
43 19 18
43 28 27
43 32 31
44 34 0
44 34 33
44 33 32
44 32 31
44 31 1
44 31 30
44 30 12
44 12 11
44 11 10
44 10 2
44 10 9
44 9 3
44 9 8
44 8 7
44 7 6
44 6 4
44 6 5
44 30 29
44 29 27
44 27 23
44 23 19
44 19 18
44 18 17
44 17 15
44 15 14
44 14 13
44 17 16
44 23 22
44 22 20
44 22 21
44 27 26
44 26 24
44 26 25
44 29 28
45 30 0
45 30 29
45 29 13
45 13 9
45 9 3
45 3 1
45 3 2
45 9 8
45 8 6
45 6 4
45 6 5
45 8 7
45 13 12
45 12 10
45 12 11
45 29 28
45 28 25
45 25 23
45 23 22
45 22 15
45 15 14
45 22 21
45 21 16
45 21 20
45 20 18
45 18 17
45 20 19
45 25 24
45 28 27
45 27 26
46 34 13
46 13 3
46 3 2
46 2 1
46 1 0
46 13 12
46 12 8
46 8 5
46 5 4
46 8 7
46 7 6
46 12 11
46 11 10
46 10 9
46 34 33
46 33 20
46 20 19
46 19 18
46 18 17
46 17 16
46 16 14
46 16 15
46 33 32
46 32 26
46 26 24
46 24 21
46 24 23
46 23 22
46 26 25
46 32 31
46 31 27
46 31 30
46 30 29
46 29 28
47 30 1
47 1 0
47 30 29
47 29 12
47 12 11
47 11 9
47 9 8
47 8 7
47 7 6
47 6 5
47 5 4
47 4 2
47 4 3
47 11 10
47 29 28
47 28 27
47 27 25
47 25 23
47 23 19
47 19 15
47 15 13
47 15 14
47 19 18
47 18 16
47 18 17
47 23 22
47 22 21
47 21 20
47 25 24
47 27 26
48 29 28
48 28 27
48 27 11
48 11 9
48 9 8
48 8 0
48 8 7
48 7 1
48 7 6
48 6 3
48 3 2
48 6 5
48 5 4
48 11 10
48 27 26
48 26 15
48 15 12
48 15 14
48 14 13
48 26 25
48 25 16
48 25 24
48 24 23
48 23 22
48 22 19
48 19 18
48 18 17
48 22 21
48 21 20
49 30 21
49 21 19
49 19 2
49 2 0
49 2 1
49 19 18
49 18 16
49 16 15
49 15 14
49 14 13
49 13 11
49 11 9
49 9 8
49 8 3
49 8 7
49 7 6
49 6 4
49 6 5
49 11 10
49 13 12
49 18 17
49 21 20
49 30 29
49 29 28
49 28 23
49 23 22
49 28 27
49 27 25
49 25 24
49 27 26
50 33 11
50 11 6
50 6 2
50 2 1
50 1 0
50 6 5
50 5 3
50 5 4
50 11 10
50 10 9
50 9 8
50 8 7
50 33 32
50 32 30
50 30 29
50 29 27
50 27 26
50 26 20
50 20 12
50 20 19
50 19 17
50 17 16
50 16 15
50 15 13
50 15 14
50 19 18
50 26 25
50 25 21
50 25 24
50 24 22
50 24 23
50 29 28
50 32 31
51 29 28
51 28 26
51 26 7
51 7 5
51 5 2
51 2 0
51 2 1
51 5 4
51 4 3
51 7 6
51 26 25
51 25 24
51 24 20
51 20 19
51 19 13
51 13 12
51 12 8
51 12 11
51 11 10
51 10 9
51 19 18
51 18 17
51 17 14
51 17 16
51 16 15
51 24 23
51 23 21
51 23 22
51 28 27
52 31 0
52 31 30
52 30 29
52 29 28
52 28 1
52 28 27
52 27 17
52 17 16
52 16 2
52 16 15
52 15 5
52 5 3
52 5 4
52 15 14
52 14 6
52 14 13
52 13 8
52 8 7
52 13 12
52 12 10
52 10 9
52 12 11
52 27 26
52 26 25
52 25 23
52 23 20
52 20 19
52 19 18
52 23 22
52 22 21
52 25 24
53 32 31
53 31 0
53 31 30
53 30 28
53 28 26
53 26 1
53 26 25
53 25 23
53 23 22
53 22 15
53 15 14
53 14 5
53 5 4
53 4 3
53 3 2
53 14 13
53 13 12
53 12 6
53 12 11
53 11 10
53 10 9
53 9 7
53 9 8
53 22 21
53 21 17
53 17 16
53 21 20
53 20 18
53 20 19
53 25 24
53 28 27
53 30 29
54 29 0
54 29 28
54 28 23
54 23 22
54 22 18
54 18 15
54 15 8
54 8 4
54 4 2
54 2 1
54 4 3
54 8 7
54 7 6
54 6 5
54 15 14
54 14 10
54 10 9
54 14 13
54 13 11
54 13 12
54 18 17
54 17 16
54 22 21
54 21 19
54 21 20
54 28 27
54 27 26
54 26 25
54 25 24
55 30 29
55 29 28
55 28 27
55 27 0
55 27 26
55 26 20
55 20 19
55 19 7
55 7 5
55 5 3
55 3 2
55 2 1
55 5 4
55 7 6
55 19 18
55 18 17
55 17 12
55 12 8
55 12 11
55 11 9
55 11 10
55 17 16
55 16 15
55 15 13
55 15 14
55 26 25
55 25 24
55 24 23
55 23 21
55 23 22
56 31 1
56 1 0
56 31 30
56 30 26
56 26 24
56 24 23
56 23 22
56 22 14
56 14 10
56 10 9
56 9 8
56 8 3
56 3 2
56 8 7
56 7 6
56 6 5
56 5 4
56 14 13
56 13 11
56 13 12
56 22 21
56 21 20
56 20 19
56 19 18
56 18 17
56 17 15
56 17 16
56 26 25
56 30 29
56 29 28
56 28 27
57 30 28
57 28 0
57 28 27
57 27 25
57 25 24
57 24 22
57 22 1
57 22 21
57 21 2
57 21 20
57 20 19
57 19 15
57 15 14
57 14 3
57 14 13
57 13 12
57 12 11
57 11 9
57 9 8
57 8 7
57 7 4
57 7 6
57 6 5
57 11 10
57 19 18
57 18 17
57 17 16
57 24 23
57 27 26
57 30 29
58 30 28
58 28 25
58 25 24
58 24 23
58 23 6
58 6 4
58 4 3
58 3 2
58 2 1
58 1 0
58 6 5
58 23 22
58 22 13
58 13 7
58 13 12
58 12 11
58 11 9
58 9 8
58 11 10
58 22 21
58 21 20
58 20 14
58 20 19
58 19 17
58 17 16
58 16 15
58 19 18
58 28 27
58 27 26
58 30 29
59 33 32
59 32 31
59 31 30
59 30 26
59 26 25
59 25 3
59 3 2
59 2 1
59 1 0
59 25 24
59 24 23
59 23 11
59 11 5
59 5 4
59 11 10
59 10 9
59 9 6
59 9 8
59 8 7
59 23 22
59 22 21
59 21 19
59 19 12
59 19 18
59 18 15
59 15 13
59 15 14
59 18 17
59 17 16
59 21 20
59 30 29
59 29 27
59 29 28
60 31 30
60 30 5
60 5 3
60 3 2
60 2 1
60 1 0
60 5 4
60 30 29
60 29 28
60 28 27
60 27 16
60 16 14
60 14 11
60 11 8
60 8 6
60 8 7
60 11 10
60 10 9
60 14 13
60 13 12
60 16 15
60 27 26
60 26 25
60 25 19
60 19 17
60 19 18
60 25 24
60 24 23
60 23 20
60 23 22
60 22 21
61 32 30
61 30 29
61 29 26
61 26 4
61 4 2
61 2 1
61 1 0
61 4 3
61 26 25
61 25 12
61 12 11
61 11 10
61 10 9
61 9 7
61 7 6
61 6 5
61 9 8
61 25 24
61 24 17
61 17 16
61 16 13
61 16 15
61 15 14
61 24 23
61 23 22
61 22 20
61 20 18
61 20 19
61 22 21
61 29 28
61 28 27
61 32 31
62 29 28
62 28 27
62 27 0
62 27 26
62 26 24
62 24 23
62 23 1
62 23 22
62 22 21
62 21 20
62 20 5
62 5 4
62 4 2
62 4 3
62 20 19
62 19 9
62 9 6
62 9 8
62 8 7
62 19 18
62 18 17
62 17 15
62 15 14
62 14 12
62 12 10
62 12 11
62 14 13
62 17 16
62 26 25
63 32 0
63 32 31
63 31 29
63 29 27
63 27 1
63 27 26
63 26 24
63 24 3
63 3 2
63 24 23
63 23 22
63 22 21
63 21 11
63 11 10
63 10 9
63 9 8
63 8 7
63 7 6
63 6 5
63 5 4
63 21 20
63 20 12
63 20 19
63 19 13
63 19 18
63 18 14
63 18 17
63 17 16
63 16 15
63 26 25
63 29 28
63 31 30
64 29 28
64 28 27
64 27 26
64 26 24
64 24 0
64 24 23
64 23 17
64 17 3
64 3 2
64 2 1
64 17 16
64 16 4
64 16 15
64 15 14
64 14 8
64 8 5
64 8 7
64 7 6
64 14 13
64 13 12
64 12 10
64 10 9
64 12 11
64 23 22
64 22 21
64 21 19
64 19 18
64 21 20
64 26 25
65 33 20
65 20 19
65 19 17
65 17 16
65 16 15
65 15 13
65 13 0
65 13 12
65 12 5
65 5 1
65 5 4
65 4 2
65 4 3
65 12 11
65 11 10
65 10 6
65 10 9
65 9 8
65 8 7
65 15 14
65 19 18
65 33 32
65 32 25
65 25 21
65 25 24
65 24 22
65 24 23
65 32 31
65 31 27
65 27 26
65 31 30
65 30 29
65 29 28
66 31 29
66 29 4
66 4 3
66 3 1
66 1 0
66 3 2
66 29 28
66 28 17
66 17 5
66 17 16
66 16 13
66 13 12
66 12 11
66 11 7
66 7 6
66 11 10
66 10 9
66 9 8
66 16 15
66 15 14
66 28 27
66 27 23
66 23 22
66 22 20
66 20 18
66 20 19
66 22 21
66 27 26
66 26 24
66 26 25
66 31 30
67 33 29
67 29 0
67 29 28
67 28 4
67 4 1
67 4 3
67 3 2
67 28 27
67 27 26
67 26 6
67 6 5
67 26 25
67 25 24
67 24 18
67 18 15
67 15 14
67 14 13
67 13 7
67 13 12
67 12 11
67 11 9
67 9 8
67 11 10
67 18 17
67 17 16
67 24 23
67 23 19
67 23 22
67 22 21
67 21 20
67 33 32
67 32 30
67 32 31
68 29 28
68 28 2
68 2 1
68 1 0
68 28 27
68 27 3
68 27 26
68 26 25
68 25 4
68 25 24
68 24 22
68 22 6
68 6 5
68 22 21
68 21 20
68 20 19
68 19 18
68 18 15
68 15 8
68 8 7
68 15 14
68 14 13
68 13 12
68 12 10
68 10 9
68 12 11
68 18 17
68 17 16
68 24 23
69 31 29
69 29 26
69 26 0
69 26 25
69 25 1
69 25 24
69 24 21
69 21 20
69 20 18
69 18 3
69 3 2
69 18 17
69 17 7
69 7 4
69 7 6
69 6 5
69 17 16
69 16 14
69 14 9
69 9 8
69 14 13
69 13 11
69 11 10
69 13 12
69 16 15
69 20 19
69 24 23
69 23 22
69 29 28
69 28 27
69 31 30
70 30 29
70 29 28
70 28 27
70 27 25
70 25 3
70 3 2
70 2 0
70 2 1
70 25 24
70 24 4
70 24 23
70 23 21
70 21 10
70 10 9
70 9 8
70 8 7
70 7 6
70 6 5
70 21 20
70 20 19
70 19 18
70 18 16
70 16 14
70 14 13
70 13 12
70 12 11
70 16 15
70 18 17
70 23 22
70 27 26
71 29 28
71 28 0
71 28 27
71 27 20
71 20 19
71 19 1
71 19 18
71 18 16
71 16 3
71 3 2
71 16 15
71 15 9
71 9 8
71 8 7
71 7 5
71 5 4
71 7 6
71 15 14
71 14 13
71 13 12
71 12 11
71 11 10
71 18 17
71 27 26
71 26 21
71 26 25
71 25 23
71 23 22
71 25 24
72 30 14
72 14 11
72 11 1
72 1 0
72 11 10
72 10 2
72 10 9
72 9 8
72 8 7
72 7 6
72 6 5
72 5 4
72 4 3
72 14 13
72 13 12
72 30 29
72 29 27
72 27 22
72 22 15
72 22 21
72 21 17
72 17 16
72 21 20
72 20 19
72 19 18
72 27 26
72 26 25
72 25 24
72 24 23
72 29 28
73 34 0
73 34 33
73 33 27
73 27 11
73 11 1
73 11 10
73 10 7
73 7 6
73 6 4
73 4 3
73 3 2
73 6 5
73 10 9
73 9 8
73 27 26
73 26 25
73 25 15
73 15 12
73 15 14
73 14 13
73 25 24
73 24 23
73 23 21
73 21 20
73 20 19
73 19 18
73 18 17
73 17 16
73 23 22
73 33 32
73 32 31
73 31 29
73 29 28
73 31 30
74 33 13
74 13 0
74 13 12
74 12 11
74 11 10
74 10 7
74 7 2
74 2 1
74 7 6
74 6 5
74 5 4
74 4 3
74 10 9
74 9 8
74 33 32
74 32 30
74 30 29
74 29 15
74 15 14
74 29 28
74 28 27
74 27 26
74 26 16
74 26 25
74 25 22
74 22 20
74 20 19
74 19 17
74 19 18
74 22 21
74 25 24
74 24 23
74 32 31
75 34 33
75 33 3
75 3 2
75 2 0
75 2 1
75 33 32
75 32 31
75 31 30
75 30 14
75 14 4
75 14 13
75 13 12
75 12 7
75 7 6
75 6 5
75 12 11
75 11 9
75 9 8
75 11 10
75 30 29
75 29 16
75 16 15
75 29 28
75 28 27
75 27 17
75 27 26
75 26 18
75 26 25
75 25 20
75 20 19
75 25 24
75 24 22
75 22 21
75 24 23
76 31 3
76 3 1
76 1 0
76 3 2
76 31 30
76 30 10
76 10 7
76 7 5
76 5 4
76 7 6
76 10 9
76 9 8
76 30 29
76 29 27
76 27 20
76 20 11
76 20 19
76 19 18
76 18 17
76 17 16
76 16 15
76 15 12
76 15 14
76 14 13
76 27 26
76 26 25
76 25 24
76 24 21
76 24 23
76 23 22
76 29 28
77 34 0
77 34 33
77 33 32
77 32 10
77 10 9
77 9 2
77 2 1
77 9 8
77 8 4
77 4 3
77 8 7
77 7 6
77 6 5
77 32 31
77 31 27
77 27 26
77 26 20
77 20 19
77 19 12
77 12 11
77 19 18
77 18 15
77 15 14
77 14 13
77 18 17
77 17 16
77 26 25
77 25 24
77 24 22
77 22 21
77 24 23
77 31 30
77 30 29
77 29 28
78 33 1
78 1 0
78 33 32
78 32 31
78 31 27
78 27 25
78 25 22
78 22 20
78 20 2
78 20 19
78 19 3
78 19 18
78 18 11
78 11 9
78 9 4
78 9 8
78 8 6
78 6 5
78 8 7
78 11 10
78 18 17
78 17 16
78 16 15
78 15 14
78 14 13
78 13 12
78 22 21
78 25 24
78 24 23
78 27 26
78 31 30
78 30 28
78 30 29
79 29 28
79 28 27
79 27 24
79 24 0
79 24 23
79 23 22
79 22 20
79 20 15
79 15 14
79 14 2
79 2 1
79 14 13
79 13 12
79 12 3
79 12 11
79 11 8
79 8 7
79 7 6
79 6 5
79 5 4
79 11 10
79 10 9
79 20 19
79 19 17
79 17 16
79 19 18
79 22 21
79 27 26
79 26 25
80 30 0
80 30 29
80 29 27
80 27 1
80 27 26
80 26 25
80 25 22
80 22 7
80 7 6
80 6 2
80 6 5
80 5 3
80 5 4
80 22 21
80 21 16
80 16 11
80 11 10
80 10 9
80 9 8
80 16 15
80 15 14
80 14 12
80 14 13
80 21 20
80 20 17
80 20 19
80 19 18
80 25 24
80 24 23
80 29 28
81 29 20
81 20 14
81 14 7
81 7 6
81 6 5
81 5 0
81 5 4
81 4 2
81 2 1
81 4 3
81 14 13
81 13 11
81 11 10
81 10 8
81 10 9
81 13 12
81 20 19
81 19 18
81 18 15
81 18 17
81 17 16
81 29 28
81 28 21
81 28 27
81 27 26
81 26 24
81 24 23
81 23 22
81 26 25
82 30 29
82 29 27
82 27 18
82 18 0
82 18 17
82 17 1
82 17 16
82 16 15
82 15 2
82 15 14
82 14 13
82 13 11
82 11 10
82 10 9
82 9 7
82 7 5
82 5 4
82 4 3
82 7 6
82 9 8
82 13 12
82 27 26
82 26 20
82 20 19
82 26 25
82 25 24
82 24 21
82 24 23
82 23 22
82 29 28
83 32 18
83 18 17
83 17 13
83 13 6
83 6 4
83 4 2
83 2 1
83 1 0
83 4 3
83 6 5
83 13 12
83 12 11
83 11 10
83 10 9
83 9 8
83 8 7
83 17 16
83 16 14
83 16 15
83 32 31
83 31 30
83 30 28
83 28 24
83 24 23
83 23 22
83 22 21
83 21 20
83 20 19
83 28 27
83 27 26
83 26 25
83 30 29
84 29 0
84 29 28
84 28 27
84 27 26
84 26 1
84 26 25
84 25 2
84 25 24
84 24 5
84 5 4
84 4 3
84 24 23
84 23 22
84 22 15
84 15 6
84 15 14
84 14 12
84 12 10
84 10 9
84 9 8
84 8 7
84 12 11
84 14 13
84 22 21
84 21 19
84 19 18
84 18 16
84 18 17
84 21 20
85 30 24
85 24 23
85 23 22
85 22 4
85 4 3
85 3 1
85 1 0
85 3 2
85 22 21
85 21 20
85 20 11
85 11 9
85 9 8
85 8 7
85 7 6
85 6 5
85 11 10
85 20 19
85 19 18
85 18 13
85 13 12
85 18 17
85 17 15
85 15 14
85 17 16
85 30 29
85 29 25
85 29 28
85 28 26
85 28 27
86 30 22
86 22 20
86 20 0
86 20 19
86 19 1
86 19 18
86 18 13
86 13 7
86 7 5
86 5 4
86 4 2
86 4 3
86 7 6
86 13 12
86 12 11
86 11 10
86 10 9
86 9 8
86 18 17
86 17 14
86 17 16
86 16 15
86 22 21
86 30 29
86 29 27
86 27 23
86 27 26
86 26 25
86 25 24
86 29 28
87 29 28
87 28 27
87 27 12
87 12 7
87 7 6
87 6 5
87 5 0
87 5 4
87 4 2
87 2 1
87 4 3
87 12 11
87 11 10
87 10 9
87 9 8
87 27 26
87 26 25
87 25 18
87 18 17
87 17 15
87 15 13
87 15 14
87 17 16
87 25 24
87 24 22
87 22 20
87 20 19
87 22 21
87 24 23
88 32 4
88 4 3
88 3 0
88 3 2
88 2 1
88 32 31
88 31 22
88 22 10
88 10 9
88 9 8
88 8 5
88 8 7
88 7 6
88 22 21
88 21 19
88 19 12
88 12 11
88 19 18
88 18 14
88 14 13
88 18 17
88 17 16
88 16 15
88 21 20
88 31 30
88 30 29
88 29 27
88 27 23
88 27 26
88 26 25
88 25 24
88 29 28
89 29 28
89 28 11
89 11 8
89 8 7
89 7 4
89 4 0
89 4 3
89 3 2
89 2 1
89 7 6
89 6 5
89 11 10
89 10 9
89 28 27
89 27 26
89 26 13
89 13 12
89 26 25
89 25 24
89 24 21
89 21 19
89 19 14
89 19 18
89 18 15
89 18 17
89 17 16
89 21 20
89 24 23
89 23 22
90 30 29
90 29 0
90 29 28
90 28 21
90 21 19
90 19 18
90 18 1
90 18 17
90 17 3
90 3 2
90 17 16
90 16 14
90 14 13
90 13 12
90 12 11
90 11 4
90 11 10
90 10 5
90 10 9
90 9 7
90 7 6
90 9 8
90 16 15
90 21 20
90 28 27
90 27 26
90 26 22
90 26 25
90 25 24
90 24 23
91 33 29
91 29 0
91 29 28
91 28 27
91 27 26
91 26 24
91 24 22
91 22 21
91 21 2
91 2 1
91 21 20
91 20 3
91 20 19
91 19 18
91 18 4
91 18 17
91 17 11
91 11 6
91 6 5
91 11 10
91 10 9
91 9 7
91 9 8
91 17 16
91 16 12
91 16 15
91 15 13
91 15 14
91 24 23
91 26 25
91 33 32
91 32 30
91 32 31
92 30 29
92 29 28
92 28 0
92 28 27
92 27 10
92 10 4
92 4 2
92 2 1
92 4 3
92 10 9
92 9 8
92 8 7
92 7 5
92 7 6
92 27 26
92 26 25
92 25 24
92 24 16
92 16 14
92 14 13
92 13 11
92 13 12
92 16 15
92 24 23
92 23 19
92 19 17
92 19 18
92 23 22
92 22 21
92 21 20
93 30 9
93 9 3
93 3 2
93 2 0
93 2 1
93 9 8
93 8 6
93 6 4
93 6 5
93 8 7
93 30 29
93 29 28
93 28 27
93 27 12
93 12 11
93 11 10
93 27 26
93 26 24
93 24 13
93 24 23
93 23 14
93 23 22
93 22 21
93 21 15
93 21 20
93 20 16
93 20 19
93 19 18
93 18 17
93 26 25
94 33 32
94 32 31
94 31 30
94 30 29
94 29 27
94 27 24
94 24 23
94 23 21
94 21 20
94 20 16
94 16 15
94 15 0
94 15 14
94 14 1
94 14 13
94 13 12
94 12 4
94 4 2
94 4 3
94 12 11
94 11 5
94 11 10
94 10 9
94 9 7
94 7 6
94 9 8
94 20 19
94 19 18
94 18 17
94 23 22
94 27 26
94 26 25
94 29 28
95 33 31
95 31 29
95 29 19
95 19 17
95 17 16
95 16 15
95 15 11
95 11 1
95 1 0
95 11 10
95 10 9
95 9 2
95 9 8
95 8 4
95 4 3
95 8 7
95 7 5
95 7 6
95 15 14
95 14 12
95 14 13
95 19 18
95 29 28
95 28 27
95 27 23
95 23 20
95 23 22
95 22 21
95 27 26
95 26 25
95 25 24
95 31 30
95 33 32
96 34 0
96 34 33
96 33 31
96 31 30
96 30 5
96 5 3
96 3 1
96 3 2
96 5 4
96 30 29
96 29 6
96 29 28
96 28 24
96 24 23
96 23 21
96 21 11
96 11 10
96 10 9
96 9 8
96 8 7
96 21 20
96 20 12
96 20 19
96 19 17
96 17 15
96 15 13
96 15 14
96 17 16
96 19 18
96 23 22
96 28 27
96 27 25
96 27 26
96 33 32
97 30 29
97 29 0
97 29 28
97 28 1
97 28 27
97 27 21
97 21 14
97 14 13
97 13 7
97 7 6
97 6 4
97 4 3
97 3 2
97 6 5
97 13 12
97 12 9
97 9 8
97 12 11
97 11 10
97 21 20
97 20 18
97 18 17
97 17 15
97 17 16
97 20 19
97 27 26
97 26 23
97 23 22
97 26 25
97 25 24
98 33 0
98 33 32
98 32 1
98 32 31
98 31 27
98 27 14
98 14 10
98 10 6
98 6 3
98 3 2
98 6 5
98 5 4
98 10 9
98 9 8
98 8 7
98 14 13
98 13 12
98 12 11
98 27 26
98 26 23
98 23 22
98 22 21
98 21 20
98 20 18
98 18 17
98 17 15
98 17 16
98 20 19
98 26 25
98 25 24
98 31 30
98 30 29
98 29 28
99 32 31
99 31 12
99 12 11
99 11 10
99 10 9
99 9 8
99 8 7
99 7 6
99 6 5
99 5 3
99 3 1
99 1 0
99 3 2
99 5 4
99 31 30
99 30 14
99 14 13
99 30 29
99 29 28
99 28 16
99 16 15
99 28 27
99 27 26
99 26 24
99 24 23
99 23 17
99 23 22
99 22 21
99 21 20
99 20 19
99 19 18
99 26 25
100 29 25
100 25 11
100 11 10
100 10 9
100 9 2
100 2 1
100 1 0
100 9 8
100 8 3
100 8 7
100 7 5
100 5 4
100 7 6
100 25 24
100 24 23
100 23 22
100 22 21
100 21 12
100 21 20
100 20 18
100 18 13
100 18 17
100 17 15
100 15 14
100 17 16
100 20 19
100 29 28
100 28 27
100 27 26
101 30 0
101 30 29
101 29 19
101 19 6
101 6 5
101 5 3
101 3 2
101 2 1
101 5 4
101 19 18
101 18 7
101 18 17
101 17 14
101 14 12
101 12 9
101 9 8
101 12 11
101 11 10
101 14 13
101 17 16
101 16 15
101 29 28
101 28 27
101 27 20
101 27 26
101 26 24
101 24 23
101 23 22
101 22 21
101 26 25
