1 30 0
1 30 29
1 29 10
1 10 2
1 2 1
1 10 9
1 9 6
1 6 5
1 5 4
1 4 3
1 9 8
1 8 7
1 29 28
1 28 27
1 27 24
1 24 23
1 23 22
1 22 12
1 12 11
1 22 21
1 21 14
1 14 13
1 21 20
1 20 16
1 16 15
1 20 19
1 19 17
1 19 18
1 27 26
1 26 25
2 34 2
2 2 0
2 2 1
2 34 33
2 33 32
2 32 31
2 31 3
2 31 30
2 30 29
2 29 27
2 27 26
2 26 8
2 8 4
2 8 7
2 7 6
2 6 5
2 26 25
2 25 14
2 14 13
2 13 12
2 12 10
2 10 9
2 12 11
2 25 24
2 24 23
2 23 22
2 22 20
2 20 16
2 16 15
2 20 19
2 19 18
2 18 17
2 22 21
2 29 28
3 33 1
3 1 0
3 33 32
3 32 31
3 31 30
3 30 27
3 27 25
3 25 2
3 25 24
3 24 23
3 23 22
3 22 21
3 21 3
3 21 20
3 20 6
3 6 4
3 6 5
3 20 19
3 19 16
3 16 11
3 11 10
3 10 9
3 9 7
3 9 8
3 16 15
3 15 14
3 14 13
3 13 12
3 19 18
3 18 17
3 27 26
3 30 29
3 29 28
4 33 0
4 33 32
4 32 1
4 32 31
4 31 29
4 29 4
4 4 2
4 4 3
4 29 28
4 28 26
4 26 25
4 25 24
4 24 22
4 22 21
4 21 20
4 20 7
4 7 6
4 6 5
4 20 19
4 19 18
4 18 16
4 16 14
4 14 12
4 12 10
4 10 8
4 10 9
4 12 11
4 14 13
4 16 15
4 18 17
4 24 23
4 28 27
4 31 30
5 29 26
5 26 25
5 25 10
5 10 0
5 10 9
5 9 2
5 2 1
5 9 8
5 8 7
5 7 3
5 7 6
5 6 5
5 5 4
5 25 24
5 24 12
5 12 11
5 24 23
5 23 22
5 22 14
5 14 13
5 22 21
5 21 16
5 16 15
5 21 20
5 20 17
5 20 19
5 19 18
5 29 28
5 28 27
6 34 33
6 33 3
6 3 2
6 2 1
6 1 0
6 33 32
6 32 27
6 27 26
6 26 4
6 26 25
6 25 15
6 15 9
6 9 5
6 9 8
6 8 7
6 7 6
6 15 14
6 14 12
6 12 10
6 12 11
6 14 13
6 25 24
6 24 22
6 22 21
6 21 16
6 21 20
6 20 17
6 20 19
6 19 18
6 24 23
6 32 31
6 31 29
6 29 28
6 31 30
7 32 30
7 30 5
7 5 4
7 4 3
7 3 0
7 3 2
7 2 1
7 30 29
7 29 28
7 28 26
7 26 18
7 18 17
7 17 6
7 17 16
7 16 13
7 13 12
7 12 10
7 10 9
7 9 8
7 8 7
7 12 11
7 16 15
7 15 14
7 26 25
7 25 22
7 22 21
7 21 20
7 20 19
7 25 24
7 24 23
7 28 27
7 32 31
8 33 32
8 32 31
8 31 0
8 31 30
8 30 1
8 30 29
8 29 28
8 28 27
8 27 25
8 25 24
8 24 9
8 9 8
8 8 6
8 6 2
8 6 5
8 5 3
8 5 4
8 8 7
8 24 23
8 23 12
8 12 10
8 12 11
8 23 22
8 22 20
8 20 13
8 20 19
8 19 18
8 18 16
8 16 15
8 15 14
8 18 17
8 22 21
8 27 26
9 32 30
9 30 29
9 29 0
9 29 28
9 28 1
9 28 27
9 27 26
9 26 3
9 3 2
9 26 25
9 25 8
9 8 6
9 6 4
9 6 5
9 8 7
9 25 24
9 24 23
9 23 18
9 18 9
9 18 17
9 17 14
9 14 13
9 13 11
9 11 10
9 13 12
9 17 16
9 16 15
9 23 22
9 22 21
9 21 19
9 21 20
9 32 31
10 29 26
10 26 25
10 25 0
10 25 24
10 24 23
10 23 22
10 22 21
10 21 20
10 20 19
10 19 3
10 3 1
10 3 2
10 19 18
10 18 16
10 16 15
10 15 14
10 14 4
10 14 13
10 13 11
10 11 10
10 10 9
10 9 5
10 9 8
10 8 6
10 8 7
10 13 12
10 18 17
10 29 28
10 28 27
11 30 29
11 29 28
11 28 7
11 7 5
11 5 0
11 5 4
11 4 3
11 3 2
11 2 1
11 7 6
11 28 27
11 27 24
11 24 23
11 23 21
11 21 20
11 20 8
11 20 19
11 19 17
11 17 9
11 17 16
11 16 15
11 15 14
11 14 10
11 14 13
11 13 12
11 12 11
11 19 18
11 23 22
11 27 26
11 26 25
12 34 33
12 33 31
12 31 14
12 14 0
12 14 13
12 13 11
12 11 2
12 2 1
12 11 10
12 10 9
12 9 6
12 6 4
12 4 3
12 6 5
12 9 8
12 8 7
12 13 12
12 31 30
12 30 16
12 16 15
12 30 29
12 29 28
12 28 27
12 27 26
12 26 18
12 18 17
12 26 25
12 25 19
12 25 24
12 24 23
12 23 20
12 23 22
12 22 21
12 33 32
13 29 22
13 22 20
13 20 4
13 4 2
13 2 0
13 2 1
13 4 3
13 20 19
13 19 18
13 18 16
13 16 14
13 14 9
13 9 7
13 7 5
13 7 6
13 9 8
13 14 13
13 13 10
13 13 12
13 12 11
13 16 15
13 18 17
13 22 21
13 29 28
13 28 26
13 26 24
13 24 23
13 26 25
13 28 27
14 31 5
14 5 3
14 3 0
14 3 2
14 2 1
14 5 4
14 31 30
14 30 28
14 28 27
14 27 6
14 27 26
14 26 9
14 9 8
14 8 7
14 26 25
14 25 24
14 24 22
14 22 20
14 20 11
14 11 10
14 20 19
14 19 17
14 17 16
14 16 15
14 15 14
14 14 13
14 13 12
14 19 18
14 22 21
14 24 23
14 30 29
15 31 0
15 31 30
15 30 29
15 29 17
15 17 16
15 16 5
15 5 4
15 4 1
15 4 3
15 3 2
15 16 15
15 15 14
15 14 12
15 12 6
15 12 11
15 11 9
15 9 8
15 8 7
15 11 10
15 14 13
15 29 28
15 28 21
15 21 19
15 19 18
15 21 20
15 28 27
15 27 26
15 26 24
15 24 23
15 23 22
15 26 25
16 30 0
16 30 29
16 29 28
16 28 4
16 4 2
16 2 1
16 4 3
16 28 27
16 27 7
16 7 5
16 7 6
16 27 26
16 26 22
16 22 8
16 22 21
16 21 20
16 20 19
16 19 10
16 10 9
16 19 18
16 18 11
16 18 17
16 17 16
16 16 15
16 15 12
16 15 14
16 14 13
16 26 25
16 25 23
16 25 24
17 33 24
17 24 23
17 23 22
17 22 0
17 22 21
17 21 20
17 20 19
17 19 18
17 18 8
17 8 1
17 8 7
17 7 6
17 6 5
17 5 4
17 4 3
17 3 2
17 18 17
17 17 16
17 16 15
17 15 14
17 14 12
17 12 11
17 11 10
17 10 9
17 14 13
17 33 32
17 32 31
17 31 25
17 31 30
17 30 26
17 30 29
17 29 27
17 29 28
18 33 30
18 30 29
18 29 0
18 29 28
18 28 26
18 26 25
18 25 24
18 24 23
18 23 1
18 23 22
18 22 20
18 20 19
18 19 4
18 4 3
18 3 2
18 19 18
18 18 15
18 15 14
18 14 10
18 10 9
18 9 5
18 9 8
18 8 7
18 7 6
18 14 13
18 13 11
18 13 12
18 18 17
18 17 16
18 22 21
18 28 27
18 33 32
18 32 31
19 32 26
19 26 0
19 26 25
19 25 1
19 25 24
19 24 23
19 23 12
19 12 2
19 12 11
19 11 9
19 9 8
19 8 6
19 6 5
19 5 4
19 4 3
19 8 7
19 11 10
19 23 22
19 22 13
19 22 21
19 21 14
19 21 20
19 20 19
19 19 18
19 18 15
19 18 17
19 17 16
19 32 31
19 31 30
19 30 28
19 28 27
19 30 29
20 29 12
20 12 4
20 4 2
20 2 0
20 2 1
20 4 3
20 12 11
20 11 5
20 11 10
20 10 9
20 9 8
20 8 7
20 7 6
20 29 28
20 28 27
20 27 26
20 26 18
20 18 17
20 17 13
20 17 16
20 16 15
20 15 14
20 26 25
20 25 19
20 25 24
20 24 23
20 23 22
20 22 21
20 21 20
21 31 0
21 31 30
21 30 10
21 10 2
21 2 1
21 10 9
21 9 8
21 8 6
21 6 5
21 5 4
21 4 3
21 8 7
21 30 29
21 29 11
21 29 28
21 28 27
21 27 12
21 27 26
21 26 25
21 25 20
21 20 18
21 18 16
21 16 15
21 15 13
21 15 14
21 18 17
21 20 19
21 25 24
21 24 23
21 23 22
21 22 21
22 34 33
22 33 32
22 32 5
22 5 4
22 4 0
22 4 3
22 3 1
22 3 2
22 32 31
22 31 30
22 30 6
22 30 29
22 29 28
22 28 10
22 10 7
22 10 9
22 9 8
22 28 27
22 27 12
22 12 11
22 27 26
22 26 13
22 26 25
22 25 18
22 18 16
22 16 15
22 15 14
22 18 17
22 25 24
22 24 19
22 24 23
22 23 21
22 21 20
22 23 22
23 33 0
23 33 32
23 32 23
23 23 22
23 22 3
23 3 1
23 3 2
23 22 21
23 21 16
23 16 14
23 14 13
23 13 11
23 11 4
23 11 10
23 10 9
23 9 8
23 8 5
23 8 7
23 7 6
23 13 12
23 16 15
23 21 20
23 20 17
23 20 19
23 19 18
23 32 31
23 31 29
23 29 26
23 26 25
23 25 24
23 29 28
23 28 27
23 31 30
24 29 0
24 29 28
24 28 27
24 27 25
24 25 23
24 23 21
24 21 4
24 4 3
24 3 2
24 2 1
24 21 20
24 20 6
24 6 5
24 20 19
24 19 7
24 19 18
24 18 8
24 18 17
24 17 11
24 11 10
24 10 9
24 17 16
24 16 14
24 14 12
24 14 13
24 16 15
24 23 22
24 25 24
24 27 26
25 33 27
25 27 21
25 21 20
25 20 19
25 19 18
25 18 16
25 16 0
25 16 15
25 15 2
25 2 1
25 15 14
25 14 13
25 13 12
25 12 11
25 11 9
25 9 8
25 8 7
25 7 4
25 4 3
25 7 6
25 6 5
25 11 10
25 18 17
25 27 26
25 26 23
25 23 22
25 26 25
25 25 24
25 33 32
25 32 28
25 32 31
25 31 29
25 31 30
26 31 29
26 29 28
26 28 26
26 26 6
26 6 1
26 1 0
26 6 5
26 5 4
26 4 3
26 3 2
26 26 25
26 25 24
26 24 23
26 23 22
26 22 21
26 21 7
26 21 20
26 20 8
26 20 19
26 19 10
26 10 9
26 19 18
26 18 17
26 17 16
26 16 15
26 15 11
26 15 14
26 14 13
26 13 12
26 28 27
26 31 30
27 31 30
27 30 1
27 1 0
27 30 29
27 29 27
27 27 7
27 7 2
27 7 6
27 6 3
27 6 5
27 5 4
27 27 26
27 26 20
27 20 16
27 16 8
27 16 15
27 15 9
27 15 14
27 14 13
27 13 12
27 12 11
27 11 10
27 20 19
27 19 18
27 18 17
27 26 25
27 25 24
27 24 21
27 24 23
27 23 22
27 29 28
28 34 31
28 31 0
28 31 30
28 30 28
28 28 26
28 26 24
28 24 12
28 12 11
28 11 10
28 10 1
28 10 9
28 9 2
28 9 8
28 8 6
28 6 3
28 6 5
28 5 4
28 8 7
28 24 23
28 23 15
28 15 13
28 15 14
28 23 22
28 22 17
28 17 16
28 22 21
28 21 20
28 20 18
28 20 19
28 26 25
28 28 27
28 30 29
28 34 33
28 33 32
29 32 13
29 13 2
29 2 0
29 2 1
29 13 12
29 12 4
29 4 3
29 12 11
29 11 10
29 10 5
29 10 9
29 9 8
29 8 6
29 8 7
29 32 31
29 31 14
29 31 30
29 30 17
29 17 16
29 16 15
29 30 29
29 29 28
29 28 27
29 27 24
29 24 19
29 19 18
29 24 23
29 23 20
29 23 22
29 22 21
29 27 26
29 26 25
30 33 32
30 32 30
30 30 28
30 28 27
30 27 19
30 19 4
30 4 3
30 3 2
30 2 0
30 2 1
30 19 18
30 18 17
30 17 16
30 16 6
30 6 5
30 16 15
30 15 7
30 15 14
30 14 9
30 9 8
30 14 13
30 13 11
30 11 10
30 13 12
30 27 26
30 26 25
30 25 22
30 22 20
30 22 21
30 25 24
30 24 23
30 30 29
30 32 31
31 31 29
31 29 0
31 29 28
31 28 27
31 27 26
31 26 2
31 2 1
31 26 25
31 25 24
31 24 9
31 9 3
31 9 8
31 8 7
31 7 5
31 5 4
31 7 6
31 24 23
31 23 11
31 11 10
31 23 22
31 22 12
31 22 21
31 21 19
31 19 13
31 19 18
31 18 15
31 15 14
31 18 17
31 17 16
31 21 20
31 31 30
32 31 15
32 15 13
32 13 12
32 12 2
32 2 1
32 1 0
32 12 11
32 11 9
32 9 8
32 8 7
32 7 6
32 6 5
32 5 3
32 5 4
32 11 10
32 15 14
32 31 30
32 30 16
32 30 29
32 29 18
32 18 17
32 29 28
32 28 22
32 22 20
32 20 19
32 22 21
32 28 27
32 27 23
32 27 26
32 26 25
32 25 24
33 31 29
33 29 27
33 27 25
33 25 24
33 24 23
33 23 21
33 21 0
33 21 20
33 20 11
33 11 10
33 10 1
33 10 9
33 9 5
33 5 4
33 4 3
33 3 2
33 9 8
33 8 7
33 7 6
33 20 19
33 19 14
33 14 12
33 14 13
33 19 18
33 18 15
33 18 17
33 17 16
33 23 22
33 27 26
33 29 28
33 31 30
34 29 28
34 28 0
34 28 27
34 27 26
34 26 19
34 19 17
34 17 3
34 3 2
34 2 1
34 17 16
34 16 12
34 12 5
34 5 4
34 12 11
34 11 9
34 9 8
34 8 7
34 7 6
34 11 10
34 16 15
34 15 14
34 14 13
34 19 18
34 26 25
34 25 20
34 25 24
34 24 21
34 24 23
34 23 22
35 33 32
35 32 31
35 31 11
35 11 5
35 5 1
35 1 0
35 5 4
35 4 2
35 4 3
35 11 10
35 10 9
35 9 8
35 8 7
35 7 6
35 31 30
35 30 29
35 29 18
35 18 16
35 16 12
35 16 15
35 15 13
35 15 14
35 18 17
35 29 28
35 28 20
35 20 19
35 28 27
35 27 22
35 22 21
35 27 26
35 26 24
35 24 23
35 26 25
36 34 32
36 32 19
36 19 18
36 18 17
36 17 16
36 16 15
36 15 3
36 3 2
36 2 1
36 1 0
36 15 14
36 14 9
36 9 7
36 7 6
36 6 4
36 6 5
36 9 8
36 14 13
36 13 12
36 12 10
36 12 11
36 32 31
36 31 29
36 29 21
36 21 20
36 29 28
36 28 22
36 28 27
36 27 23
36 27 26
36 26 25
36 25 24
36 31 30
36 34 33
37 33 32
37 32 30
37 30 29
37 29 28
37 28 20
37 20 10
37 10 9
37 9 8
37 8 7
37 7 4
37 4 2
37 2 1
37 1 0
37 4 3
37 7 6
37 6 5
37 20 19
37 19 11
37 19 18
37 18 12
37 18 17
37 17 13
37 17 16
37 16 15
37 15 14
37 28 27
37 27 26
37 26 21
37 26 25
37 25 24
37 24 22
37 24 23
37 32 31
38 33 0
38 33 32
38 32 29
38 29 28
38 28 27
38 27 25
38 25 24
38 24 1
38 24 23
38 23 20
38 20 18
38 18 2
38 18 17
38 17 16
38 16 4
38 4 3
38 16 15
38 15 13
38 13 12
38 12 5
38 12 11
38 11 9
38 9 7
38 7 6
38 9 8
38 11 10
38 15 14
38 20 19
38 23 22
38 22 21
38 27 26
38 32 31
38 31 30
39 31 30
39 30 12
39 12 0
39 12 11
39 11 10
39 10 1
39 10 9
39 9 3
39 3 2
39 9 8
39 8 7
39 7 5
39 5 4
39 7 6
39 30 29
39 29 24
39 24 23
39 23 21
39 21 15
39 15 13
39 15 14
39 21 20
39 20 18
39 18 17
39 17 16
39 20 19
39 23 22
39 29 28
39 28 27
39 27 25
39 27 26
40 30 29
40 29 2
40 2 0
40 2 1
40 29 28
40 28 25
40 25 24
40 24 23
40 23 14
40 14 12
40 12 5
40 5 4
40 4 3
40 12 11
40 11 10
40 10 9
40 9 8
40 8 7
40 7 6
40 14 13
40 23 22
40 22 20
40 20 19
40 19 18
40 18 16
40 16 15
40 18 17
40 22 21
40 28 27
40 27 26
41 31 29
41 29 20
41 20 1
41 1 0
41 20 19
41 19 13
41 13 12
41 12 10
41 10 8
41 8 7
41 7 6
41 6 4
41 4 2
41 4 3
41 6 5
41 10 9
41 12 11
41 19 18
41 18 14
41 18 17
41 17 15
41 17 16
41 29 28
41 28 27
41 27 26
41 26 23
41 23 22
41 22 21
41 26 25
41 25 24
41 31 30
42 33 0
42 33 32
42 32 30
42 30 10
42 10 2
42 2 1
42 10 9
42 9 8
42 8 7
42 7 6
42 6 5
42 5 3
42 5 4
42 30 29
42 29 27
42 27 15
42 15 12
42 12 11
42 15 14
42 14 13
42 27 26
42 26 25
42 25 24
42 24 21
42 21 19
42 19 18
42 18 16
42 18 17
42 21 20
42 24 23
42 23 22
42 29 28
42 32 31
43 34 0
43 34 33
43 33 29
43 29 2
43 2 1
43 29 28
43 28 7
43 7 5
43 5 4
43 4 3
43 7 6
43 28 27
43 27 8
43 27 26
43 26 11
43 11 9
43 11 10
43 26 25
43 25 24
43 24 23
43 23 22
43 22 21
43 21 17
43 17 16
43 16 14
43 14 12
43 14 13
43 16 15
43 21 20
43 20 18
43 20 19
43 33 32
43 32 31
43 31 30
44 32 31
44 31 28
44 28 13
44 13 12
44 12 4
44 4 3
44 3 2
44 2 0
44 2 1
44 12 11
44 11 7
44 7 5
44 7 6
44 11 10
44 10 8
44 10 9
44 28 27
44 27 16
44 16 14
44 16 15
44 27 26
44 26 18
44 18 17
44 26 25
44 25 23
44 23 19
44 23 22
44 22 20
44 22 21
44 25 24
44 31 30
44 30 29
45 29 2
45 2 0
45 2 1
45 29 28
45 28 27
45 27 26
45 26 3
45 26 25
45 25 4
45 25 24
45 24 23
45 23 22
45 22 6
45 6 5
45 22 21
45 21 7
45 21 20
45 20 9
45 9 8
45 20 19
45 19 13
45 13 10
45 13 12
45 12 11
45 19 18
45 18 17
45 17 16
45 16 14
45 16 15
46 34 23
46 23 19
46 19 18
46 18 0
46 18 17
46 17 16
46 16 3
46 3 1
46 3 2
46 16 15
46 15 12
46 12 11
46 11 4
46 11 10
46 10 6
46 6 5
46 10 9
46 9 8
46 8 7
46 15 14
46 14 13
46 23 22
46 22 21
46 21 20
46 34 33
46 33 32
46 32 31
46 31 29
46 29 24
46 29 28
46 28 26
46 26 25
46 28 27
46 31 30
47 31 6
47 6 4
47 4 0
47 4 3
47 3 1
47 3 2
47 6 5
47 31 30
47 30 7
47 30 29
47 29 9
47 9 8
47 29 28
47 28 13
47 13 11
47 11 10
47 13 12
47 28 27
47 27 25
47 25 21
47 21 19
47 19 14
47 19 18
47 18 17
47 17 15
47 17 16
47 21 20
47 25 24
47 24 22
47 24 23
47 27 26
48 30 28
48 28 0
48 28 27
48 27 26
48 26 22
48 22 6
48 6 4
48 4 1
48 4 3
48 3 2
48 6 5
48 22 21
48 21 7
48 21 20
48 20 18
48 18 8
48 18 17
48 17 9
48 17 16
48 16 14
48 14 10
48 14 13
48 13 11
48 13 12
48 16 15
48 20 19
48 26 25
48 25 24
48 24 23
48 30 29
49 30 29
49 29 0
49 29 28
49 28 17
49 17 16
49 16 15
49 15 1
49 15 14
49 14 13
49 13 12
49 12 3
49 3 2
49 12 11
49 11 9
49 9 8
49 8 5
49 5 4
49 8 7
49 7 6
49 11 10
49 28 27
49 27 26
49 26 20
49 20 18
49 20 19
49 26 25
49 25 22
49 22 21
49 25 24
49 24 23
50 32 31
50 31 3
50 3 1
50 1 0
50 3 2
50 31 30
50 30 26
50 26 8
50 8 7
50 7 6
50 6 5
50 5 4
50 26 25
50 25 24
50 24 23
50 23 13
50 13 11
50 11 9
50 11 10
50 13 12
50 23 22
50 22 21
50 21 20
50 20 15
50 15 14
50 20 19
50 19 16
50 19 18
50 18 17
50 30 29
50 29 28
50 28 27
51 33 0
51 33 32
51 32 30
51 30 29
51 29 28
51 28 27
51 27 12
51 12 6
51 6 2
51 2 1
51 6 5
51 5 4
51 4 3
51 12 11
51 11 7
51 11 10
51 10 8
51 10 9
51 27 26
51 26 24
51 24 23
51 23 22
51 22 13
51 22 21
51 21 18
51 18 17
51 17 16
51 16 15
51 15 14
51 21 20
51 20 19
51 26 25
51 32 31
52 29 28
52 28 24
52 24 9
52 9 7
52 7 6
52 6 5
52 5 1
52 1 0
52 5 4
52 4 2
52 4 3
52 9 8
52 24 23
52 23 20
52 20 19
52 19 12
52 12 10
52 12 11
52 19 18
52 18 17
52 17 16
52 16 15
52 15 14
52 14 13
52 23 22
52 22 21
52 28 27
52 27 26
52 26 25
53 34 13
53 13 0
53 13 12
53 12 11
53 11 10
53 10 4
53 4 1
53 4 3
53 3 2
53 10 9
53 9 8
53 8 7
53 7 6
53 6 5
53 34 33
53 33 23
53 23 22
53 22 21
53 21 20
53 20 16
53 16 15
53 15 14
53 20 19
53 19 17
53 19 18
53 33 32
53 32 27
53 27 26
53 26 25
53 25 24
53 32 31
53 31 30
53 30 28
53 30 29
54 34 29
54 29 27
54 27 0
54 27 26
54 26 1
54 26 25
54 25 24
54 24 2
54 24 23
54 23 4
54 4 3
54 23 22
54 22 20
54 20 6
54 6 5
54 20 19
54 19 8
54 8 7
54 19 18
54 18 17
54 17 11
54 11 10
54 10 9
54 17 16
54 16 15
54 15 12
54 15 14
54 14 13
54 22 21
54 29 28
54 34 33
54 33 32
54 32 30
54 32 31
55 33 0
55 33 32
55 32 31
55 31 26
55 26 25
55 25 24
55 24 23
55 23 14
55 14 1
55 14 13
55 13 11
55 11 9
55 9 8
55 8 7
55 7 6
55 6 3
55 3 2
55 6 5
55 5 4
55 11 10
55 13 12
55 23 22
55 22 15
55 22 21
55 21 16
55 21 20
55 20 17
55 20 19
55 19 18
55 31 30
55 30 29
55 29 27
55 29 28
56 31 3
56 3 1
56 1 0
56 3 2
56 31 30
56 30 29
56 29 28
56 28 26
56 26 24
56 24 21
56 21 4
56 21 20
56 20 17
56 17 16
56 16 15
56 15 14
56 14 12
56 12 8
56 8 7
56 7 5
56 7 6
56 12 11
56 11 9
56 11 10
56 14 13
56 20 19
56 19 18
56 24 23
56 23 22
56 26 25
56 28 27
57 30 2
57 2 0
57 2 1
57 30 29
57 29 6
57 6 3
57 6 5
57 5 4
57 29 28
57 28 22
57 22 13
57 13 7
57 13 12
57 12 11
57 11 10
57 10 9
57 9 8
57 22 21
57 21 15
57 15 14
57 21 20
57 20 16
57 20 19
57 19 18
57 18 17
57 28 27
57 27 26
57 26 25
57 25 24
57 24 23
58 29 28
58 28 7
58 7 0
58 7 6
58 6 4
58 4 1
58 4 3
58 3 2
58 6 5
58 28 27
58 27 19
58 19 17
58 17 16
58 16 15
58 15 14
58 14 13
58 13 8
58 13 12
58 12 11
58 11 10
58 10 9
58 19 18
58 27 26
58 26 25
58 25 24
58 24 20
58 24 23
58 23 21
58 23 22
59 30 28
59 28 1
59 1 0
59 28 27
59 27 26
59 26 2
59 26 25
59 25 22
59 22 21
59 21 20
59 20 6
59 6 5
59 5 3
59 5 4
59 20 19
59 19 18
59 18 17
59 17 14
59 14 11
59 11 8
59 8 7
59 11 10
59 10 9
59 14 13
59 13 12
59 17 16
59 16 15
59 25 24
59 24 23
59 30 29
60 29 25
60 25 24
60 24 23
60 23 0
60 23 22
60 22 21
60 21 20
60 20 18
60 18 1
60 18 17
60 17 2
60 17 16
60 16 3
60 16 15
60 15 10
60 10 9
60 9 8
60 8 7
60 7 4
60 7 6
60 6 5
60 15 14
60 14 11
60 14 13
60 13 12
60 20 19
60 29 28
60 28 26
60 28 27
61 31 26
61 26 13
61 13 0
61 13 12
61 12 10
61 10 2
61 2 1
61 10 9
61 9 7
61 7 6
61 6 5
61 5 3
61 5 4
61 9 8
61 12 11
61 26 25
61 25 14
61 25 24
61 24 23
61 23 15
61 23 22
61 22 20
61 20 19
61 19 18
61 18 17
61 17 16
61 22 21
61 31 30
61 30 27
61 30 29
61 29 28
62 32 30
62 30 28
62 28 19
62 19 18
62 18 13
62 13 12
62 12 0
62 12 11
62 11 10
62 10 2
62 2 1
62 10 9
62 9 7
62 7 3
62 7 6
62 6 4
62 6 5
62 9 8
62 18 17
62 17 16
62 16 15
62 15 14
62 28 27
62 27 24
62 24 23
62 23 21
62 21 20
62 23 22
62 27 26
62 26 25
62 30 29
62 32 31
63 29 28
63 28 15
63 15 13
63 13 12
63 12 8
63 8 7
63 7 4
63 4 1
63 1 0
63 4 3
63 3 2
63 7 6
63 6 5
63 12 11
63 11 9
63 11 10
63 15 14
63 28 27
63 27 20
63 20 19
63 19 18
63 18 17
63 17 16
63 27 26
63 26 25
63 25 24
63 24 23
63 23 22
63 22 21
64 34 0
64 34 33
64 33 1
64 33 32
64 32 31
64 31 26
64 26 25
64 25 5
64 5 4
64 4 2
64 4 3
64 25 24
64 24 6
64 24 23
64 23 22
64 22 12
64 12 7
64 12 11
64 11 10
64 10 8
64 10 9
64 22 21
64 21 20
64 20 14
64 14 13
64 20 19
64 19 18
64 18 17
64 17 16
64 16 15
64 31 30
64 30 29
64 29 27
64 29 28
65 34 0
65 34 33
65 33 25
65 25 2
65 2 1
65 25 24
65 24 22
65 22 20
65 20 18
65 18 4
65 4 3
65 18 17
65 17 9
65 9 8
65 8 5
65 8 7
65 7 6
65 17 16
65 16 13
65 13 11
65 11 10
65 13 12
65 16 15
65 15 14
65 20 19
65 22 21
65 24 23
65 33 32
65 32 31
65 31 29
65 29 28
65 28 26
65 28 27
65 31 30
66 31 0
66 31 30
66 30 13
66 13 12
66 12 3
66 3 1
66 3 2
66 12 11
66 11 4
66 11 10
66 10 5
66 10 9
66 9 7
66 7 6
66 9 8
66 30 29
66 29 26
66 26 25
66 25 21
66 21 19
66 19 14
66 19 18
66 18 16
66 16 15
66 18 17
66 21 20
66 25 24
66 24 22
66 24 23
66 29 28
66 28 27
67 33 26
67 26 18
67 18 17
67 17 15
67 15 3
67 3 2
67 2 0
67 2 1
67 15 14
67 14 4
67 14 13
67 13 10
67 10 9
67 9 5
67 9 8
67 8 6
67 8 7
67 13 12
67 12 11
67 17 16
67 26 25
67 25 24
67 24 22
67 22 19
67 22 21
67 21 20
67 24 23
67 33 32
67 32 27
67 32 31
67 31 29
67 29 28
67 31 30
68 32 31
68 31 30
68 30 29
68 29 0
68 29 28
68 28 26
68 26 18
68 18 13
68 13 8
68 8 1
68 8 7
68 7 2
68 7 6
68 6 5
68 5 4
68 4 3
68 13 12
68 12 11
68 11 10
68 10 9
68 18 17
68 17 16
68 16 15
68 15 14
68 26 25
68 25 24
68 24 23
68 23 22
68 22 21
68 21 19
68 21 20
68 28 27
69 30 29
69 29 28
69 28 0
69 28 27
69 27 17
69 17 15
69 15 14
69 14 13
69 13 1
69 13 12
69 12 10
69 10 8
69 8 7
69 7 6
69 6 2
69 6 5
69 5 3
69 5 4
69 10 9
69 12 11
69 17 16
69 27 26
69 26 25
69 25 20
69 20 18
69 20 19
69 25 24
69 24 23
69 23 22
69 22 21
70 33 31
70 31 30
70 30 11
70 11 8
70 8 7
70 7 6
70 6 1
70 1 0
70 6 5
70 5 2
70 5 4
70 4 3
70 11 10
70 10 9
70 30 29
70 29 26
70 26 25
70 25 14
70 14 12
70 14 13
70 25 24
70 24 23
70 23 22
70 22 20
70 20 19
70 19 18
70 18 17
70 17 15
70 17 16
70 22 21
70 29 28
70 28 27
70 33 32
71 34 32
71 32 7
71 7 5
71 5 0
71 5 4
71 4 2
71 2 1
71 4 3
71 7 6
71 32 31
71 31 30
71 30 9
71 9 8
71 30 29
71 29 18
71 18 14
71 14 13
71 13 10
71 13 12
71 12 11
71 18 17
71 17 16
71 16 15
71 29 28
71 28 27
71 27 19
71 27 26
71 26 25
71 25 20
71 25 24
71 24 23
71 23 22
71 22 21
71 34 33
72 33 3
72 3 2
72 2 1
72 1 0
72 33 32
72 32 30
72 30 29
72 29 4
72 29 28
72 28 5
72 28 27
72 27 6
72 27 26
72 26 24
72 24 23
72 23 7
72 23 22
72 22 20
72 20 8
72 20 19
72 19 16
72 16 9
72 16 15
72 15 11
72 11 10
72 15 14
72 14 13
72 13 12
72 19 18
72 18 17
72 22 21
72 26 25
72 32 31
73 32 30
73 30 29
73 29 28
73 28 21
73 21 8
73 8 2
73 2 0
73 2 1
73 8 7
73 7 6
73 6 5
73 5 4
73 4 3
73 21 20
73 20 19
73 19 18
73 18 9
73 18 17
73 17 16
73 16 15
73 15 13
73 13 12
73 12 10
73 12 11
73 15 14
73 28 27
73 27 24
73 24 22
73 24 23
73 27 26
73 26 25
73 32 31
74 32 2
74 2 1
74 1 0
74 32 31
74 31 29
74 29 3
74 29 28
74 28 4
74 28 27
74 27 7
74 7 5
74 7 6
74 27 26
74 26 23
74 23 22
74 22 21
74 21 19
74 19 13
74 13 10
74 10 9
74 9 8
74 13 12
74 12 11
74 19 18
74 18 15
74 15 14
74 18 17
74 17 16
74 21 20
74 26 25
74 25 24
74 31 30
75 33 32
75 32 15
75 15 14
75 14 13
75 13 9
75 9 6
75 6 4
75 4 0
75 4 3
75 3 2
75 2 1
75 6 5
75 9 8
75 8 7
75 13 12
75 12 10
75 12 11
75 32 31
75 31 18
75 18 16
75 18 17
75 31 30
75 30 28
75 28 27
75 27 19
75 27 26
75 26 25
75 25 23
75 23 20
75 23 22
75 22 21
75 25 24
75 30 29
76 29 26
76 26 25
76 25 24
76 24 23
76 23 21
76 21 20
76 20 18
76 18 16
76 16 15
76 15 4
76 4 0
76 4 3
76 3 2
76 2 1
76 15 14
76 14 13
76 13 12
76 12 10
76 10 9
76 9 7
76 7 5
76 7 6
76 9 8
76 12 11
76 18 17
76 20 19
76 23 22
76 29 28
76 28 27
77 32 8
77 8 7
77 7 6
77 6 5
77 5 0
77 5 4
77 4 2
77 2 1
77 4 3
77 32 31
77 31 29
77 29 27
77 27 18
77 18 14
77 14 9
77 14 13
77 13 12
77 12 11
77 11 10
77 18 17
77 17 16
77 16 15
77 27 26
77 26 25
77 25 23
77 23 22
77 22 21
77 21 19
77 21 20
77 25 24
77 29 28
77 31 30
78 29 28
78 28 27
78 27 26
78 26 25
78 25 0
78 25 24
78 24 21
78 21 20
78 20 16
78 16 15
78 15 14
78 14 3
78 3 1
78 3 2
78 14 13
78 13 4
78 13 12
78 12 5
78 12 11
78 11 8
78 8 7
78 7 6
78 11 10
78 10 9
78 20 19
78 19 18
78 18 17
78 24 23
78 23 22
79 29 28
79 28 27
79 27 2
79 2 0
79 2 1
79 27 26
79 26 24
79 24 21
79 21 19
79 19 10
79 10 8
79 8 6
79 6 3
79 6 5
79 5 4
79 8 7
79 10 9
79 19 18
79 18 16
79 16 13
79 13 12
79 12 11
79 16 15
79 15 14
79 18 17
79 21 20
79 24 23
79 23 22
79 26 25
80 30 3
80 3 2
80 2 0
80 2 1
80 30 29
80 29 28
80 28 27
80 27 26
80 26 24
80 24 22
80 22 21
80 21 18
80 18 7
80 7 6
80 6 4
80 6 5
80 18 17
80 17 15
80 15 13
80 13 8
80 13 12
80 12 11
80 11 9
80 11 10
80 15 14
80 17 16
80 21 20
80 20 19
80 24 23
80 26 25
81 30 0
81 30 29
81 29 28
81 28 27
81 27 20
81 20 1
81 20 19
81 19 18
81 18 16
81 16 13
81 13 11
81 11 10
81 10 2
81 10 9
81 9 8
81 8 7
81 7 3
81 7 6
81 6 5
81 5 4
81 13 12
81 16 15
81 15 14
81 18 17
81 27 26
81 26 23
81 23 22
81 22 21
81 26 25
81 25 24
82 34 4
82 4 3
82 3 2
82 2 0
82 2 1
82 34 33
82 33 5
82 33 32
82 32 21
82 21 16
82 16 6
82 16 15
82 15 14
82 14 12
82 12 9
82 9 8
82 8 7
82 12 11
82 11 10
82 14 13
82 21 20
82 20 18
82 18 17
82 20 19
82 32 31
82 31 26
82 26 25
82 25 23
82 23 22
82 25 24
82 31 30
82 30 29
82 29 27
82 29 28
83 30 0
83 30 29
83 29 4
83 4 3
83 3 1
83 3 2
83 29 28
83 28 12
83 12 11
83 11 10
83 10 7
83 7 5
83 7 6
83 10 9
83 9 8
83 28 27
83 27 26
83 26 25
83 25 24
83 24 22
83 22 17
83 17 15
83 15 13
83 15 14
83 17 16
83 22 21
83 21 19
83 19 18
83 21 20
83 24 23
84 31 4
84 4 3
84 3 0
84 3 2
84 2 1
84 31 30
84 30 5
84 30 29
84 29 27
84 27 6
84 27 26
84 26 25
84 25 8
84 8 7
84 25 24
84 24 12
84 12 11
84 11 9
84 11 10
84 24 23
84 23 22
84 22 21
84 21 20
84 20 16
84 16 15
84 15 14
84 14 13
84 20 19
84 19 17
84 19 18
84 29 28
85 32 25
85 25 18
85 18 17
85 17 0
85 17 16
85 16 3
85 3 1
85 3 2
85 16 15
85 15 8
85 8 6
85 6 4
85 6 5
85 8 7
85 15 14
85 14 9
85 14 13
85 13 11
85 11 10
85 13 12
85 25 24
85 24 23
85 23 22
85 22 20
85 20 19
85 22 21
85 32 31
85 31 26
85 31 30
85 30 27
85 30 29
85 29 28
86 29 28
86 28 27
86 27 4
86 4 0
86 4 3
86 3 2
86 2 1
86 27 26
86 26 19
86 19 5
86 19 18
86 18 16
86 16 15
86 15 8
86 8 7
86 7 6
86 15 14
86 14 11
86 11 10
86 10 9
86 14 13
86 13 12
86 18 17
86 26 25
86 25 23
86 23 22
86 22 21
86 21 20
86 25 24
87 32 1
87 1 0
87 32 31
87 31 4
87 4 3
87 3 2
87 31 30
87 30 8
87 8 7
87 7 6
87 6 5
87 30 29
87 29 11
87 11 9
87 11 10
87 29 28
87 28 27
87 27 19
87 19 17
87 17 16
87 16 15
87 15 13
87 13 12
87 15 14
87 19 18
87 27 26
87 26 23
87 23 20
87 23 22
87 22 21
87 26 25
87 25 24
88 32 21
88 21 20
88 20 18
88 18 17
88 17 6
88 6 5
88 5 4
88 4 1
88 1 0
88 4 3
88 3 2
88 17 16
88 16 15
88 15 7
88 15 14
88 14 10
88 10 9
88 9 8
88 14 13
88 13 12
88 12 11
88 20 19
88 32 31
88 31 30
88 30 28
88 28 23
88 23 22
88 28 27
88 27 26
88 26 24
88 26 25
88 30 29
89 33 32
89 32 31
89 31 30
89 30 3
89 3 2
89 2 0
89 2 1
89 30 29
89 29 26
89 26 24
89 24 23
89 23 7
89 7 4
89 7 6
89 6 5
89 23 22
89 22 8
89 22 21
89 21 10
89 10 9
89 21 20
89 20 18
89 18 17
89 17 16
89 16 14
89 14 13
89 13 12
89 12 11
89 16 15
89 20 19
89 26 25
89 29 28
89 28 27
90 30 28
90 28 26
90 26 0
90 26 25
90 25 1
90 25 24
90 24 23
90 23 17
90 17 4
90 4 2
90 4 3
90 17 16
90 16 15
90 15 14
90 14 13
90 13 11
90 11 10
90 10 5
90 10 9
90 9 8
90 8 6
90 8 7
90 13 12
90 23 22
90 22 18
90 22 21
90 21 20
90 20 19
90 28 27
90 30 29
91 32 21
91 21 0
91 21 20
91 20 18
91 18 16
91 16 1
91 16 15
91 15 2
91 15 14
91 14 13
91 13 12
91 12 11
91 11 4
91 4 3
91 11 10
91 10 7
91 7 6
91 6 5
91 10 9
91 9 8
91 18 17
91 20 19
91 32 31
91 31 25
91 25 23
91 23 22
91 25 24
91 31 30
91 30 29
91 29 28
91 28 27
91 27 26
92 33 32
92 32 29
92 29 27
92 27 25
92 25 10
92 10 9
92 9 7
92 7 0
92 7 6
92 6 1
92 6 5
92 5 4
92 4 3
92 3 2
92 9 8
92 25 24
92 24 23
92 23 21
92 21 11
92 21 20
92 20 12
92 20 19
92 19 15
92 15 14
92 14 13
92 19 18
92 18 16
92 18 17
92 23 22
92 27 26
92 29 28
92 32 31
92 31 30
93 31 22
93 22 20
93 20 19
93 19 18
93 18 17
93 17 16
93 16 15
93 15 1
93 1 0
93 15 14
93 14 9
93 9 3
93 3 2
93 9 8
93 8 7
93 7 6
93 6 5
93 5 4
93 14 13
93 13 11
93 11 10
93 13 12
93 22 21
93 31 30
93 30 23
93 30 29
93 29 28
93 28 27
93 27 26
93 26 25
93 25 24
94 33 19
94 19 18
94 18 17
94 17 16
94 16 15
94 15 14
94 14 1
94 1 0
94 14 13
94 13 12
94 12 10
94 10 2
94 10 9
94 9 7
94 7 4
94 4 3
94 7 6
94 6 5
94 9 8
94 12 11
94 33 32
94 32 24
94 24 22
94 22 20
94 22 21
94 24 23
94 32 31
94 31 30
94 30 29
94 29 25
94 29 28
94 28 26
94 28 27
95 33 0
95 33 32
95 32 1
95 32 31
95 31 30
95 30 28
95 28 27
95 27 24
95 24 19
95 19 16
95 16 15
95 15 4
95 4 3
95 3 2
95 15 14
95 14 13
95 13 10
95 10 5
95 10 9
95 9 6
95 9 8
95 8 7
95 13 12
95 12 11
95 19 18
95 18 17
95 24 23
95 23 22
95 22 21
95 21 20
95 27 26
95 26 25
95 30 29
96 32 30
96 30 2
96 2 1
96 1 0
96 30 29
96 29 20
96 20 19
96 19 6
96 6 4
96 4 3
96 6 5
96 19 18
96 18 7
96 18 17
96 17 15
96 15 9
96 9 8
96 15 14
96 14 13
96 13 10
96 13 12
96 12 11
96 17 16
96 29 28
96 28 22
96 22 21
96 28 27
96 27 25
96 25 23
96 25 24
96 27 26
96 32 31
97 32 30
97 30 2
97 2 0
97 2 1
97 30 29
97 29 4
97 4 3
97 29 28
97 28 25
97 25 9
97 9 7
97 7 5
97 7 6
97 9 8
97 25 24
97 24 22
97 22 18
97 18 17
97 17 16
97 16 12
97 12 11
97 11 10
97 16 15
97 15 13
97 15 14
97 22 21
97 21 19
97 21 20
97 24 23
97 28 27
97 27 26
97 32 31
98 31 0
98 31 30
98 30 7
98 7 6
98 6 5
98 5 4
98 4 1
98 4 3
98 3 2
98 30 29
98 29 13
98 13 8
98 13 12
98 12 10
98 10 9
98 12 11
98 29 28
98 28 27
98 27 16
98 16 15
98 15 14
98 27 26
98 26 23
98 23 17
98 23 22
98 22 19
98 19 18
98 22 21
98 21 20
98 26 25
98 25 24
99 33 21
99 21 20
99 20 0
99 20 19
99 19 16
99 16 4
99 4 1
99 4 3
99 3 2
99 16 15
99 15 14
99 14 10
99 10 8
99 8 6
99 6 5
99 8 7
99 10 9
99 14 13
99 13 12
99 12 11
99 19 18
99 18 17
99 33 32
99 32 29
99 29 28
99 28 27
99 27 26
99 26 25
99 25 24
99 24 23
99 23 22
99 32 31
99 31 30
100 30 2
100 2 0
100 2 1
100 30 29
100 29 27
100 27 26
100 26 25
100 25 24
100 24 23
100 23 22
100 22 19
100 19 18
100 18 16
100 16 3
100 16 15
100 15 14
100 14 13
100 13 9
100 9 6
100 6 5
100 5 4
100 9 8
100 8 7
100 13 12
100 12 11
100 11 10
100 18 17
100 22 21
100 21 20
100 29 28
101 31 10
101 10 9
101 9 0
101 9 8
101 8 7
101 7 1
101 7 6
101 6 2
101 6 5
101 5 4
101 4 3
101 31 30
101 30 26
101 26 22
101 22 13
101 13 12
101 12 11
101 22 21
101 21 18
101 18 14
101 18 17
101 17 15
101 17 16
101 21 20
101 20 19
101 26 25
101 25 23
101 25 24
101 30 29
101 29 27
101 29 28
