1 32 28
1 28 27
1 27 1
1 1 0
1 27 26
1 26 7
1 7 2
1 7 6
1 6 4
1 4 3
1 6 5
1 26 25
1 25 13
1 13 12
1 12 11
1 11 10
1 10 9
1 9 8
1 25 24
1 24 23
1 23 14
1 23 22
1 22 20
1 20 19
1 19 16
1 16 15
1 19 18
1 18 17
1 22 21
1 32 31
1 31 30
1 30 29
2 32 0
2 32 31
2 31 29
2 29 27
2 27 1
2 27 26
2 26 25
2 25 19
2 19 18
2 18 16
2 16 8
2 8 7
2 7 5
2 5 2
2 5 4
2 4 3
2 7 6
2 16 15
2 15 9
2 15 14
2 14 13
2 13 12
2 12 10
2 12 11
2 18 17
2 25 24
2 24 23
2 23 22
2 22 21
2 21 20
2 29 28
2 31 30
3 29 22
3 22 20
3 20 0
3 20 19
3 19 15
3 15 14
3 14 4
3 4 3
3 3 2
3 2 1
3 14 13
3 13 12
3 12 5
3 12 11
3 11 10
3 10 7
3 7 6
3 10 9
3 9 8
3 19 18
3 18 17
3 17 16
3 22 21
3 29 28
3 28 27
3 27 26
3 26 25
3 25 23
3 25 24
4 29 16
4 16 2
4 2 0
4 2 1
4 16 15
4 15 3
4 15 14
4 14 4
4 14 13
4 13 5
4 13 12
4 12 7
4 7 6
4 12 11
4 11 8
4 11 10
4 10 9
4 29 28
4 28 27
4 27 26
4 26 25
4 25 23
4 23 21
4 21 20
4 20 17
4 20 19
4 19 18
4 23 22
4 25 24
5 29 10
5 10 9
5 9 0
5 9 8
5 8 4
5 4 2
5 2 1
5 4 3
5 8 7
5 7 6
5 6 5
5 29 28
5 28 12
5 12 11
5 28 27
5 27 15
5 15 13
5 15 14
5 27 26
5 26 16
5 26 25
5 25 24
5 24 19
5 19 18
5 18 17
5 24 23
5 23 20
5 23 22
5 22 21
6 30 24
6 24 22
6 22 7
6 7 6
6 6 5
6 5 0
6 5 4
6 4 1
6 4 3
6 3 2
6 22 21
6 21 20
6 20 19
6 19 18
6 18 16
6 16 15
6 15 14
6 14 8
6 14 13
6 13 12
6 12 11
6 11 9
6 11 10
6 18 17
6 24 23
6 30 29
6 29 27
6 27 26
6 26 25
6 29 28
7 30 6
7 6 0
7 6 5
7 5 4
7 4 1
7 4 3
7 3 2
7 30 29
7 29 28
7 28 7
7 28 27
7 27 25
7 25 21
7 21 20
7 20 8
7 20 19
7 19 18
7 18 9
7 18 17
7 17 16
7 16 15
7 15 13
7 13 10
7 13 12
7 12 11
7 15 14
7 25 24
7 24 23
7 23 22
7 27 26
8 32 16
8 16 4
8 4 0
8 4 3
8 3 2
8 2 1
8 16 15
8 15 10
8 10 5
8 10 9
8 9 8
8 8 7
8 7 6
8 15 14
8 14 12
8 12 11
8 14 13
8 32 31
8 31 30
8 30 29
8 29 28
8 28 24
8 24 23
8 23 20
8 20 18
8 18 17
8 20 19
8 23 22
8 22 21
8 28 27
8 27 25
8 27 26
9 29 27
9 27 21
9 21 9
9 9 8
9 8 7
9 7 0
9 7 6
9 6 5
9 5 2
9 2 1
9 5 4
9 4 3
9 21 20
9 20 18
9 18 17
9 17 10
9 17 16
9 16 11
9 16 15
9 15 14
9 14 12
9 14 13
9 20 19
9 27 26
9 26 25
9 25 22
9 25 24
9 24 23
9 29 28
10 32 2
10 2 0
10 2 1
10 32 31
10 31 3
10 31 30
10 30 5
10 5 4
10 30 29
10 29 25
10 25 24
10 24 23
10 23 20
10 20 19
10 19 18
10 18 8
10 8 7
10 7 6
10 18 17
10 17 14
10 14 13
10 13 11
10 11 10
10 10 9
10 13 12
10 17 16
10 16 15
10 23 22
10 22 21
10 29 28
10 28 26
10 28 27
11 34 33
11 33 0
11 33 32
11 32 31
11 31 1
11 31 30
11 30 29
11 29 7
11 7 2
11 7 6
11 6 3
11 6 5
11 5 4
11 29 28
11 28 27
11 27 24
11 24 23
11 23 21
11 21 20
11 20 19
11 19 8
11 19 18
11 18 11
11 11 9
11 11 10
11 18 17
11 17 16
11 16 12
11 16 15
11 15 13
11 15 14
11 23 22
11 27 26
11 26 25
12 34 3
12 3 0
12 3 2
12 2 1
12 34 33
12 33 27
12 27 26
12 26 4
12 26 25
12 25 24
12 24 8
12 8 7
12 7 6
12 6 5
12 24 23
12 23 21
12 21 16
12 16 14
12 14 13
12 13 12
12 12 10
12 10 9
12 12 11
12 16 15
12 21 20
12 20 18
12 18 17
12 20 19
12 23 22
12 33 32
12 32 31
12 31 29
12 29 28
12 31 30
13 29 0
13 29 28
13 28 3
13 3 2
13 2 1
13 28 27
13 27 26
13 26 25
13 25 24
13 24 23
13 23 22
13 22 21
13 21 16
13 16 14
13 14 4
13 14 13
13 13 12
13 12 8
13 8 7
13 7 6
13 6 5
13 12 11
13 11 9
13 11 10
13 16 15
13 21 20
13 20 18
13 18 17
13 20 19
14 30 3
14 3 1
14 1 0
14 3 2
14 30 29
14 29 27
14 27 26
14 26 4
14 26 25
14 25 24
14 24 23
14 23 22
14 22 21
14 21 20
14 20 19
14 19 8
14 8 7
14 7 5
14 7 6
14 19 18
14 18 16
14 16 15
14 15 14
14 14 13
14 13 9
14 13 12
14 12 11
14 11 10
14 18 17
14 29 28
15 30 0
15 30 29
15 29 1
15 29 28
15 28 27
15 27 26
15 26 19
15 19 4
15 4 2
15 4 3
15 19 18
15 18 16
15 16 7
15 7 6
15 6 5
15 16 15
15 15 14
15 14 11
15 11 10
15 10 8
15 10 9
15 14 13
15 13 12
15 18 17
15 26 25
15 25 24
15 24 22
15 22 20
15 22 21
15 24 23
16 31 26
16 26 22
16 22 18
16 18 15
16 15 10
16 10 9
16 9 2
16 2 0
16 2 1
16 9 8
16 8 6
16 6 5
16 5 3
16 5 4
16 8 7
16 15 14
16 14 13
16 13 11
16 13 12
16 18 17
16 17 16
16 22 21
16 21 19
16 21 20
16 26 25
16 25 23
16 25 24
16 31 30
16 30 27
16 30 29
16 29 28
17 29 28
17 28 27
17 27 21
17 21 4
17 4 0
17 4 3
17 3 1
17 3 2
17 21 20
17 20 5
17 20 19
17 19 18
17 18 7
17 7 6
17 18 17
17 17 11
17 11 10
17 10 9
17 9 8
17 17 16
17 16 12
17 16 15
17 15 14
17 14 13
17 27 26
17 26 25
17 25 22
17 25 24
17 24 23
18 33 32
18 32 2
18 2 0
18 2 1
18 32 31
18 31 3
18 31 30
18 30 28
18 28 9
18 9 8
18 8 7
18 7 6
18 6 5
18 5 4
18 28 27
18 27 24
18 24 12
18 12 10
18 12 11
18 24 23
18 23 22
18 22 19
18 19 18
18 18 17
18 17 16
18 16 14
18 14 13
18 16 15
18 22 21
18 21 20
18 27 26
18 26 25
18 30 29
19 30 0
19 30 29
19 29 26
19 26 25
19 25 24
19 24 20
19 20 6
19 6 5
19 5 1
19 5 4
19 4 3
19 3 2
19 20 19
19 19 18
19 18 17
19 17 16
19 16 15
19 15 12
19 12 11
19 11 7
19 11 10
19 10 9
19 9 8
19 15 14
19 14 13
19 24 23
19 23 22
19 22 21
19 29 28
19 28 27
20 29 27
20 27 26
20 26 1
20 1 0
20 26 25
20 25 2
20 25 24
20 24 5
20 5 3
20 5 4
20 24 23
20 23 8
20 8 7
20 7 6
20 23 22
20 22 21
20 21 11
20 11 9
20 11 10
20 21 20
20 20 15
20 15 14
20 14 13
20 13 12
20 20 19
20 19 18
20 18 17
20 17 16
20 29 28
21 34 33
21 33 27
21 27 26
21 26 5
21 5 0
21 5 4
21 4 1
21 4 3
21 3 2
21 26 25
21 25 11
21 11 10
21 10 9
21 9 7
21 7 6
21 9 8
21 25 24
21 24 23
21 23 22
21 22 13
21 13 12
21 22 21
21 21 18
21 18 15
21 15 14
21 18 17
21 17 16
21 21 20
21 20 19
21 33 32
21 32 29
21 29 28
21 32 31
21 31 30
22 30 29
22 29 10
22 10 8
22 8 7
22 7 6
22 6 5
22 5 2
22 2 0
22 2 1
22 5 4
22 4 3
22 10 9
22 29 28
22 28 17
22 17 11
22 17 16
22 16 12
22 16 15
22 15 13
22 15 14
22 28 27
22 27 26
22 26 23
22 23 21
22 21 20
22 20 19
22 19 18
22 23 22
22 26 25
22 25 24
23 34 33
23 33 21
23 21 9
23 9 4
23 4 0
23 4 3
23 3 1
23 3 2
23 9 8
23 8 6
23 6 5
23 8 7
23 21 20
23 20 19
23 19 18
23 18 17
23 17 16
23 16 15
23 15 10
23 15 14
23 14 13
23 13 12
23 12 11
23 33 32
23 32 31
23 31 30
23 30 22
23 30 29
23 29 28
23 28 25
23 25 23
23 25 24
23 28 27
23 27 26
24 29 28
24 28 27
24 27 20
24 20 19
24 19 18
24 18 17
24 17 16
24 16 14
24 14 5
24 5 2
24 2 1
24 1 0
24 5 4
24 4 3
24 14 13
24 13 9
24 9 6
24 9 8
24 8 7
24 13 12
24 12 10
24 12 11
24 16 15
24 27 26
24 26 25
24 25 23
24 23 22
24 22 21
24 25 24
25 33 20
25 20 0
25 20 19
25 19 11
25 11 1
25 11 10
25 10 4
25 4 2
25 4 3
25 10 9
25 9 7
25 7 6
25 6 5
25 9 8
25 19 18
25 18 17
25 17 16
25 16 14
25 14 12
25 14 13
25 16 15
25 33 32
25 32 27
25 27 26
25 26 25
25 25 24
25 24 21
25 24 23
25 23 22
25 32 31
25 31 29
25 29 28
25 31 30
26 32 26
26 26 1
26 1 0
26 26 25
26 25 24
26 24 23
26 23 22
26 22 6
26 6 3
26 3 2
26 6 5
26 5 4
26 22 21
26 21 20
26 20 19
26 19 7
26 19 18
26 18 11
26 11 10
26 10 9
26 9 8
26 18 17
26 17 15
26 15 14
26 14 13
26 13 12
26 17 16
26 32 31
26 31 30
26 30 29
26 29 27
26 29 28
27 29 25
27 25 24
27 24 12
27 12 11
27 11 10
27 10 7
27 7 6
27 6 0
27 6 5
27 5 4
27 4 3
27 3 2
27 2 1
27 10 9
27 9 8
27 24 23
27 23 15
27 15 14
27 14 13
27 23 22
27 22 21
27 21 16
27 21 20
27 20 19
27 19 18
27 18 17
27 29 28
27 28 27
27 27 26
28 30 29
28 29 26
28 26 14
28 14 9
28 9 8
28 8 4
28 4 3
28 3 1
28 1 0
28 3 2
28 8 7
28 7 6
28 6 5
28 14 13
28 13 10
28 13 12
28 12 11
28 26 25
28 25 24
28 24 23
28 23 22
28 22 21
28 21 20
28 20 16
28 16 15
28 20 19
28 19 17
28 19 18
28 29 28
28 28 27
29 33 30
29 30 28
29 28 27
29 27 25
29 25 4
29 4 1
29 1 0
29 4 3
29 3 2
29 25 24
29 24 22
29 22 21
29 21 5
29 21 20
29 20 17
29 17 16
29 16 6
29 16 15
29 15 7
29 15 14
29 14 10
29 10 9
29 9 8
29 14 13
29 13 11
29 13 12
29 20 19
29 19 18
29 24 23
29 27 26
29 30 29
29 33 32
29 32 31
30 33 2
30 2 0
30 2 1
30 33 32
30 32 31
30 31 30
30 30 29
30 29 10
30 10 8
30 8 3
30 8 7
30 7 6
30 6 5
30 5 4
30 10 9
30 29 28
30 28 19
30 19 18
30 18 17
30 17 14
30 14 11
30 14 13
30 13 12
30 17 16
30 16 15
30 28 27
30 27 26
30 26 24
30 24 20
30 24 23
30 23 22
30 22 21
30 26 25
31 34 0
31 34 33
31 33 27
31 27 26
31 26 24
31 24 17
31 17 16
31 16 2
31 2 1
31 16 15
31 15 10
31 10 5
31 5 4
31 4 3
31 10 9
31 9 6
31 9 8
31 8 7
31 15 14
31 14 11
31 14 13
31 13 12
31 24 23
31 23 18
31 23 22
31 22 19
31 22 21
31 21 20
31 26 25
31 33 32
31 32 31
31 31 30
31 30 28
31 30 29
32 31 30
32 30 0
32 30 29
32 29 1
32 29 28
32 28 25
32 25 24
32 24 23
32 23 19
32 19 18
32 18 17
32 17 16
32 16 15
32 15 12
32 12 11
32 11 10
32 10 2
32 10 9
32 9 7
32 7 3
32 7 6
32 6 5
32 5 4
32 9 8
32 15 14
32 14 13
32 23 22
32 22 21
32 21 20
32 28 27
32 27 26
33 29 28
33 28 27
33 27 0
33 27 26
33 26 24
33 24 23
33 23 20
33 20 18
33 18 17
33 17 10
33 10 4
33 4 2
33 2 1
33 4 3
33 10 9
33 9 8
33 8 7
33 7 6
33 6 5
33 17 16
33 16 13
33 13 11
33 13 12
33 16 15
33 15 14
33 20 19
33 23 22
33 22 21
33 26 25
34 33 0
34 33 32
34 32 30
34 30 2
34 2 1
34 30 29
34 29 28
34 28 18
34 18 17
34 17 16
34 16 13
34 13 12
34 12 11
34 11 5
34 5 4
34 4 3
34 11 10
34 10 6
34 10 9
34 9 7
34 9 8
34 16 15
34 15 14
34 28 27
34 27 24
34 24 20
34 20 19
34 24 23
34 23 22
34 22 21
34 27 26
34 26 25
34 32 31
35 30 11
35 11 10
35 10 6
35 6 4
35 4 3
35 3 0
35 3 2
35 2 1
35 6 5
35 10 9
35 9 8
35 8 7
35 30 29
35 29 26
35 26 22
35 22 16
35 16 15
35 15 14
35 14 13
35 13 12
35 22 21
35 21 20
35 20 17
35 20 19
35 19 18
35 26 25
35 25 24
35 24 23
35 29 28
35 28 27
36 30 4
36 4 1
36 1 0
36 4 3
36 3 2
36 30 29
36 29 28
36 28 6
36 6 5
36 28 27
36 27 26
36 26 25
36 25 23
36 23 20
36 20 19
36 19 12
36 12 11
36 11 10
36 10 9
36 9 7
36 9 8
36 19 18
36 18 17
36 17 13
36 17 16
36 16 15
36 15 14
36 23 22
36 22 21
36 25 24
37 32 1
37 1 0
37 32 31
37 31 30
37 30 29
37 29 28
37 28 9
37 9 8
37 8 6
37 6 2
37 6 5
37 5 3
37 5 4
37 8 7
37 28 27
37 27 15
37 15 14
37 14 12
37 12 11
37 11 10
37 14 13
37 27 26
37 26 17
37 17 16
37 26 25
37 25 23
37 23 22
37 22 21
37 21 19
37 19 18
37 21 20
37 25 24
38 31 30
38 30 29
38 29 5
38 5 3
38 3 2
38 2 1
38 1 0
38 5 4
38 29 28
38 28 26
38 26 25
38 25 24
38 24 6
38 24 23
38 23 22
38 22 21
38 21 20
38 20 16
38 16 10
38 10 7
38 10 9
38 9 8
38 16 15
38 15 11
38 15 14
38 14 12
38 14 13
38 20 19
38 19 18
38 18 17
38 28 27
39 30 28
39 28 8
39 8 4
39 4 2
39 2 1
39 1 0
39 4 3
39 8 7
39 7 6
39 6 5
39 28 27
39 27 26
39 26 25
39 25 24
39 24 9
39 24 23
39 23 15
39 15 13
39 13 12
39 12 10
39 12 11
39 15 14
39 23 22
39 22 19
39 19 18
39 18 17
39 17 16
39 22 21
39 21 20
39 30 29
40 33 29
40 29 1
40 1 0
40 29 28
40 28 25
40 25 24
40 24 22
40 22 2
40 22 21
40 21 14
40 14 11
40 11 9
40 9 8
40 8 7
40 7 6
40 6 5
40 5 3
40 5 4
40 11 10
40 14 13
40 13 12
40 21 20
40 20 19
40 19 18
40 18 16
40 16 15
40 18 17
40 24 23
40 28 27
40 27 26
40 33 32
40 32 31
40 31 30
41 32 31
41 31 30
41 30 28
41 28 27
41 27 18
41 18 17
41 17 13
41 13 12
41 12 11
41 11 10
41 10 0
41 10 9
41 9 1
41 9 8
41 8 6
41 6 5
41 5 2
41 5 4
41 4 3
41 8 7
41 17 16
41 16 14
41 16 15
41 27 26
41 26 23
41 23 22
41 22 19
41 22 21
41 21 20
41 26 25
41 25 24
41 30 29
42 33 11
42 11 10
42 10 3
42 3 2
42 2 1
42 1 0
42 10 9
42 9 4
42 9 8
42 8 7
42 7 6
42 6 5
42 33 32
42 32 19
42 19 17
42 17 16
42 16 12
42 16 15
42 15 14
42 14 13
42 19 18
42 32 31
42 31 30
42 30 28
42 28 26
42 26 23
42 23 21
42 21 20
42 23 22
42 26 25
42 25 24
42 28 27
42 30 29
43 30 1
43 1 0
43 30 29
43 29 6
43 6 5
43 5 4
43 4 2
43 4 3
43 29 28
43 28 27
43 27 12
43 12 7
43 12 11
43 11 9
43 9 8
43 11 10
43 27 26
43 26 18
43 18 17
43 17 16
43 16 15
43 15 13
43 15 14
43 26 25
43 25 19
43 25 24
43 24 23
43 23 21
43 21 20
43 23 22
44 32 0
44 32 31
44 31 29
44 29 25
44 25 2
44 2 1
44 25 24
44 24 23
44 23 5
44 5 4
44 4 3
44 23 22
44 22 21
44 21 19
44 19 13
44 13 6
44 13 12
44 12 7
44 12 11
44 11 10
44 10 8
44 10 9
44 19 18
44 18 16
44 16 15
44 15 14
44 18 17
44 21 20
44 29 28
44 28 27
44 27 26
44 31 30
45 29 28
45 28 26
45 26 25
45 25 16
45 16 1
45 1 0
45 16 15
45 15 13
45 13 11
45 11 9
45 9 4
45 4 2
45 4 3
45 9 8
45 8 6
45 6 5
45 8 7
45 11 10
45 13 12
45 15 14
45 25 24
45 24 22
45 22 20
45 20 17
45 20 19
45 19 18
45 22 21
45 24 23
45 28 27
46 31 28
46 28 27
46 27 26
46 26 25
46 25 3
46 3 1
46 1 0
46 3 2
46 25 24
46 24 10
46 10 8
46 8 6
46 6 5
46 5 4
46 8 7
46 10 9
46 24 23
46 23 18
46 18 17
46 17 13
46 13 12
46 12 11
46 17 16
46 16 14
46 16 15
46 23 22
46 22 19
46 22 21
46 21 20
46 31 30
46 30 29
47 32 1
47 1 0
47 32 31
47 31 2
47 31 30
47 30 26
47 26 21
47 21 20
47 20 14
47 14 13
47 13 12
47 12 3
47 12 11
47 11 10
47 10 9
47 9 7
47 7 5
47 5 4
47 7 6
47 9 8
47 20 19
47 19 16
47 16 15
47 19 18
47 18 17
47 26 25
47 25 24
47 24 23
47 23 22
47 30 29
47 29 28
47 28 27
48 32 11
48 11 6
48 6 4
48 4 3
48 3 0
48 3 2
48 2 1
48 6 5
48 11 10
48 10 8
48 8 7
48 10 9
48 32 31
48 31 30
48 30 29
48 29 12
48 29 28
48 28 27
48 27 13
48 27 26
48 26 25
48 25 24
48 24 19
48 19 18
48 18 17
48 17 14
48 17 16
48 16 15
48 24 23
48 23 22
48 22 21
48 21 20
49 34 3
49 3 2
49 2 1
49 1 0
49 34 33
49 33 5
49 5 4
49 33 32
49 32 6
49 32 31
49 31 30
49 30 26
49 26 24
49 24 23
49 23 7
49 23 22
49 22 14
49 14 13
49 13 10
49 10 8
49 10 9
49 13 12
49 12 11
49 22 21
49 21 18
49 18 17
49 17 15
49 17 16
49 21 20
49 20 19
49 26 25
49 30 29
49 29 28
49 28 27
50 34 26
50 26 1
50 1 0
50 26 25
50 25 24
50 24 17
50 17 13
50 13 2
50 13 12
50 12 6
50 6 4
50 4 3
50 6 5
50 12 11
50 11 10
50 10 9
50 9 7
50 9 8
50 17 16
50 16 14
50 16 15
50 24 23
50 23 18
50 23 22
50 22 20
50 20 19
50 22 21
50 34 33
50 33 31
50 31 29
50 29 28
50 28 27
50 31 30
50 33 32
51 32 30
51 30 29
51 29 28
51 28 26
51 26 24
51 24 23
51 23 0
51 23 22
51 22 10
51 10 1
51 10 9
51 9 7
51 7 6
51 6 4
51 4 3
51 3 2
51 6 5
51 9 8
51 22 21
51 21 11
51 21 20
51 20 18
51 18 15
51 15 14
51 14 12
51 14 13
51 18 17
51 17 16
51 20 19
51 26 25
51 28 27
51 32 31
52 31 30
52 30 0
52 30 29
52 29 7
52 7 1
52 7 6
52 6 3
52 3 2
52 6 5
52 5 4
52 29 28
52 28 27
52 27 11
52 11 9
52 9 8
52 11 10
52 27 26
52 26 24
52 24 22
52 22 21
52 21 20
52 20 19
52 19 18
52 18 17
52 17 16
52 16 14
52 14 13
52 13 12
52 16 15
52 24 23
52 26 25
53 32 1
53 1 0
53 32 31
53 31 29
53 29 28
53 28 3
53 3 2
53 28 27
53 27 25
53 25 18
53 18 4
53 18 17
53 17 16
53 16 5
53 16 15
53 15 11
53 11 8
53 8 7
53 7 6
53 11 10
53 10 9
53 15 14
53 14 13
53 13 12
53 25 24
53 24 20
53 20 19
53 24 23
53 23 22
53 22 21
53 27 26
53 31 30
54 29 28
54 28 3
54 3 0
54 3 2
54 2 1
54 28 27
54 27 4
54 27 26
54 26 6
54 6 5
54 26 25
54 25 23
54 23 21
54 21 8
54 8 7
54 21 20
54 20 16
54 16 14
54 14 13
54 13 10
54 10 9
54 13 12
54 12 11
54 16 15
54 20 19
54 19 17
54 19 18
54 23 22
54 25 24
55 33 31
55 31 5
55 5 1
55 1 0
55 5 4
55 4 3
55 3 2
55 31 30
55 30 6
55 30 29
55 29 22
55 22 11
55 11 7
55 11 10
55 10 9
55 9 8
55 22 21
55 21 20
55 20 18
55 18 12
55 18 17
55 17 16
55 16 13
55 16 15
55 15 14
55 20 19
55 29 28
55 28 27
55 27 24
55 24 23
55 27 26
55 26 25
55 33 32
56 30 3
56 3 1
56 1 0
56 3 2
56 30 29
56 29 6
56 6 4
56 6 5
56 29 28
56 28 27
56 27 26
56 26 7
56 26 25
56 25 21
56 21 18
56 18 8
56 18 17
56 17 16
56 16 9
56 16 15
56 15 14
56 14 11
56 11 10
56 14 13
56 13 12
56 21 20
56 20 19
56 25 24
56 24 23
56 23 22
57 32 0
57 32 31
57 31 1
57 31 30
57 30 29
57 29 27
57 27 25
57 25 24
57 24 22
57 22 3
57 3 2
57 22 21
57 21 20
57 20 19
57 19 4
57 19 18
57 18 6
57 6 5
57 18 17
57 17 16
57 16 15
57 15 14
57 14 7
57 14 13
57 13 8
57 13 12
57 12 10
57 10 9
57 12 11
57 24 23
57 27 26
57 29 28
58 32 1
58 1 0
58 32 31
58 31 22
58 22 21
58 21 19
58 19 3
58 3 2
58 19 18
58 18 4
58 18 17
58 17 16
58 16 13
58 13 12
58 12 6
58 6 5
58 12 11
58 11 7
58 11 10
58 10 8
58 10 9
58 16 15
58 15 14
58 21 20
58 31 30
58 30 24
58 24 23
58 30 29
58 29 27
58 27 26
58 26 25
58 29 28
59 34 33
59 33 32
59 32 31
59 31 0
59 31 30
59 30 12
59 12 11
59 11 10
59 10 9
59 9 8
59 8 1
59 8 7
59 7 4
59 4 2
59 4 3
59 7 6
59 6 5
59 30 29
59 29 19
59 19 16
59 16 13
59 16 15
59 15 14
59 19 18
59 18 17
59 29 28
59 28 27
59 27 20
59 27 26
59 26 25
59 25 21
59 25 24
59 24 22
59 24 23
60 29 28
60 28 26
60 26 0
60 26 25
60 25 24
60 24 2
60 2 1
60 24 23
60 23 3
60 23 22
60 22 9
60 9 7
60 7 4
60 7 6
60 6 5
60 9 8
60 22 21
60 21 20
60 20 19
60 19 18
60 18 17
60 17 16
60 16 15
60 15 14
60 14 12
60 12 11
60 11 10
60 14 13
60 28 27
61 29 27
61 27 1
61 1 0
61 27 26
61 26 25
61 25 24
61 24 21
61 21 20
61 20 19
61 19 4
61 4 2
61 4 3
61 19 18
61 18 16
61 16 5
61 16 15
61 15 12
61 12 7
61 7 6
61 12 11
61 11 8
61 11 10
61 10 9
61 15 14
61 14 13
61 18 17
61 24 23
61 23 22
61 29 28
62 31 2
62 2 1
62 1 0
62 31 30
62 30 29
62 29 24
62 24 4
62 4 3
62 24 23
62 23 5
62 23 22
62 22 20
62 20 10
62 10 6
62 10 9
62 9 7
62 9 8
62 20 19
62 19 18
62 18 12
62 12 11
62 18 17
62 17 15
62 15 13
62 15 14
62 17 16
62 22 21
62 29 28
62 28 26
62 26 25
62 28 27
63 31 30
63 30 29
63 29 2
63 2 1
63 1 0
63 29 28
63 28 27
63 27 7
63 7 6
63 6 5
63 5 3
63 5 4
63 27 26
63 26 8
63 26 25
63 25 24
63 24 23
63 23 16
63 16 15
63 15 13
63 13 11
63 11 10
63 10 9
63 13 12
63 15 14
63 23 22
63 22 20
63 20 17
63 20 19
63 19 18
63 22 21
64 32 31
64 31 30
64 30 21
64 21 20
64 20 12
64 12 6
64 6 2
64 2 0
64 2 1
64 6 5
64 5 3
64 5 4
64 12 11
64 11 7
64 11 10
64 10 8
64 10 9
64 20 19
64 19 18
64 18 17
64 17 15
64 15 13
64 15 14
64 17 16
64 30 29
64 29 27
64 27 24
64 24 22
64 24 23
64 27 26
64 26 25
64 29 28
65 32 28
65 28 27
65 27 0
65 27 26
65 26 25
65 25 1
65 25 24
65 24 23
65 23 8
65 8 2
65 8 7
65 7 3
65 7 6
65 6 5
65 5 4
65 23 22
65 22 21
65 21 9
65 21 20
65 20 19
65 19 12
65 12 10
65 12 11
65 19 18
65 18 17
65 17 15
65 15 14
65 14 13
65 17 16
65 32 31
65 31 30
65 30 29
66 29 2
66 2 0
66 2 1
66 29 28
66 28 26
66 26 24
66 24 9
66 9 8
66 8 7
66 7 3
66 7 6
66 6 5
66 5 4
66 24 23
66 23 20
66 20 18
66 18 15
66 15 10
66 15 14
66 14 13
66 13 12
66 12 11
66 18 17
66 17 16
66 20 19
66 23 22
66 22 21
66 26 25
66 28 27
67 32 30
67 30 3
67 3 1
67 1 0
67 3 2
67 30 29
67 29 27
67 27 26
67 26 24
67 24 5
67 5 4
67 24 23
67 23 6
67 23 22
67 22 21
67 21 19
67 19 18
67 18 16
67 16 15
67 15 7
67 15 14
67 14 8
67 14 13
67 13 9
67 13 12
67 12 11
67 11 10
67 18 17
67 21 20
67 26 25
67 29 28
67 32 31
68 31 28
68 28 27
68 27 0
68 27 26
68 26 25
68 25 24
68 24 8
68 8 6
68 6 3
68 3 1
68 3 2
68 6 5
68 5 4
68 8 7
68 24 23
68 23 19
68 19 10
68 10 9
68 19 18
68 18 16
68 16 15
68 15 11
68 15 14
68 14 12
68 14 13
68 18 17
68 23 22
68 22 20
68 22 21
68 31 30
68 30 29
69 31 30
69 30 0
69 30 29
69 29 12
69 12 10
69 10 9
69 9 1
69 9 8
69 8 5
69 5 4
69 4 3
69 3 2
69 8 7
69 7 6
69 12 11
69 29 28
69 28 27
69 27 13
69 27 26
69 26 25
69 25 14
69 25 24
69 24 20
69 20 18
69 18 15
69 18 17
69 17 16
69 20 19
69 24 23
69 23 22
69 22 21
70 32 15
70 15 12
70 12 11
70 11 0
70 11 10
70 10 9
70 9 1
70 9 8
70 8 7
70 7 6
70 6 2
70 6 5
70 5 4
70 4 3
70 15 14
70 14 13
70 32 31
70 31 30
70 30 29
70 29 22
70 22 18
70 18 16
70 18 17
70 22 21
70 21 19
70 21 20
70 29 28
70 28 25
70 25 24
70 24 23
70 28 27
70 27 26
71 31 30
71 30 14
71 14 2
71 2 1
71 1 0
71 14 13
71 13 10
71 10 8
71 8 7
71 7 6
71 6 4
71 4 3
71 6 5
71 10 9
71 13 12
71 12 11
71 30 29
71 29 27
71 27 26
71 26 25
71 25 23
71 23 15
71 23 22
71 22 18
71 18 17
71 17 16
71 22 21
71 21 20
71 20 19
71 25 24
71 29 28
72 33 32
72 32 9
72 9 8
72 8 4
72 4 3
72 3 2
72 2 0
72 2 1
72 8 7
72 7 6
72 6 5
72 32 31
72 31 12
72 12 10
72 12 11
72 31 30
72 30 29
72 29 19
72 19 13
72 19 18
72 18 14
72 18 17
72 17 16
72 16 15
72 29 28
72 28 27
72 27 25
72 25 24
72 24 23
72 23 20
72 23 22
72 22 21
72 27 26
73 29 28
73 28 27
73 27 26
73 26 0
73 26 25
73 25 19
73 19 8
73 8 1
73 8 7
73 7 3
73 3 2
73 7 6
73 6 5
73 5 4
73 19 18
73 18 17
73 17 16
73 16 15
73 15 14
73 14 9
73 14 13
73 13 12
73 12 10
73 12 11
73 25 24
73 24 21
73 21 20
73 24 23
73 23 22
74 33 32
74 32 29
74 29 28
74 28 27
74 27 13
74 13 3
74 3 2
74 2 1
74 1 0
74 13 12
74 12 11
74 11 8
74 8 5
74 5 4
74 8 7
74 7 6
74 11 10
74 10 9
74 27 26
74 26 15
74 15 14
74 26 25
74 25 23
74 23 18
74 18 16
74 18 17
74 23 22
74 22 21
74 21 20
74 20 19
74 25 24
74 32 31
74 31 30
75 29 28
75 28 26
75 26 10
75 10 9
75 9 5
75 5 0
75 5 4
75 4 1
75 4 3
75 3 2
75 9 8
75 8 6
75 8 7
75 26 25
75 25 16
75 16 14
75 14 11
75 14 13
75 13 12
75 16 15
75 25 24
75 24 19
75 19 18
75 18 17
75 24 23
75 23 21
75 21 20
75 23 22
75 28 27
76 29 22
76 22 16
76 16 15
76 15 14
76 14 0
76 14 13
76 13 6
76 6 5
76 5 4
76 4 3
76 3 1
76 3 2
76 13 12
76 12 10
76 10 9
76 9 7
76 9 8
76 12 11
76 22 21
76 21 20
76 20 19
76 19 17
76 19 18
76 29 28
76 28 26
76 26 23
76 26 25
76 25 24
76 28 27
77 29 1
77 1 0
77 29 28
77 28 26
77 26 25
77 25 9
77 9 6
77 6 2
77 6 5
77 5 4
77 4 3
77 9 8
77 8 7
77 25 24
77 24 23
77 23 10
77 23 22
77 22 17
77 17 15
77 15 14
77 14 13
77 13 11
77 13 12
77 17 16
77 22 21
77 21 20
77 20 19
77 19 18
77 28 27
78 29 1
78 1 0
78 29 28
78 28 27
78 27 25
78 25 24
78 24 3
78 3 2
78 24 23
78 23 4
78 23 22
78 22 21
78 21 20
78 20 9
78 9 5
78 9 8
78 8 7
78 7 6
78 20 19
78 19 18
78 18 16
78 16 15
78 15 14
78 14 11
78 11 10
78 14 13
78 13 12
78 18 17
78 27 26
79 31 7
79 7 6
79 6 4
79 4 3
79 3 1
79 1 0
79 3 2
79 6 5
79 31 30
79 30 8
79 30 29
79 29 17
79 17 10
79 10 9
79 17 16
79 16 11
79 16 15
79 15 14
79 14 13
79 13 12
79 29 28
79 28 19
79 19 18
79 28 27
79 27 23
79 23 21
79 21 20
79 23 22
79 27 26
79 26 24
79 26 25
80 34 32
80 32 31
80 31 28
80 28 2
80 2 0
80 2 1
80 28 27
80 27 10
80 10 8
80 8 7
80 7 6
80 6 3
80 6 5
80 5 4
80 10 9
80 27 26
80 26 17
80 17 16
80 16 15
80 15 11
80 15 14
80 14 13
80 13 12
80 26 25
80 25 24
80 24 22
80 22 20
80 20 18
80 20 19
80 22 21
80 24 23
80 31 30
80 30 29
80 34 33
81 32 31
81 31 30
81 30 0
81 30 29
81 29 10
81 10 6
81 6 5
81 5 4
81 4 1
81 4 3
81 3 2
81 10 9
81 9 8
81 8 7
81 29 28
81 28 27
81 27 23
81 23 22
81 22 21
81 21 11
81 21 20
81 20 18
81 18 13
81 13 12
81 18 17
81 17 14
81 17 16
81 16 15
81 20 19
81 27 26
81 26 24
81 26 25
82 31 23
82 23 22
82 22 3
82 3 1
82 1 0
82 3 2
82 22 21
82 21 19
82 19 17
82 17 16
82 16 7
82 7 6
82 6 5
82 5 4
82 16 15
82 15 13
82 13 12
82 12 9
82 9 8
82 12 11
82 11 10
82 15 14
82 19 18
82 21 20
82 31 30
82 30 27
82 27 24
82 27 26
82 26 25
82 30 29
82 29 28
83 29 22
83 22 8
83 8 7
83 7 6
83 6 1
83 1 0
83 6 5
83 5 2
83 5 4
83 4 3
83 22 21
83 21 12
83 12 11
83 11 10
83 10 9
83 21 20
83 20 18
83 18 14
83 14 13
83 18 17
83 17 15
83 17 16
83 20 19
83 29 28
83 28 26
83 26 25
83 25 24
83 24 23
83 28 27
84 33 32
84 32 31
84 31 19
84 19 18
84 18 17
84 17 16
84 16 13
84 13 12
84 12 5
84 5 4
84 4 0
84 4 3
84 3 2
84 2 1
84 12 11
84 11 10
84 10 6
84 10 9
84 9 8
84 8 7
84 16 15
84 15 14
84 31 30
84 30 29
84 29 22
84 22 21
84 21 20
84 29 28
84 28 24
84 24 23
84 28 27
84 27 26
84 26 25
85 33 32
85 32 14
85 14 11
85 11 7
85 7 0
85 7 6
85 6 5
85 5 4
85 4 2
85 2 1
85 4 3
85 11 10
85 10 8
85 10 9
85 14 13
85 13 12
85 32 31
85 31 30
85 30 29
85 29 16
85 16 15
85 29 28
85 28 26
85 26 25
85 25 19
85 19 18
85 18 17
85 25 24
85 24 23
85 23 22
85 22 20
85 22 21
85 28 27
86 34 11
86 11 0
86 11 10
86 10 2
86 2 1
86 10 9
86 9 6
86 6 5
86 5 4
86 4 3
86 9 8
86 8 7
86 34 33
86 33 32
86 32 12
86 32 31
86 31 30
86 30 29
86 29 15
86 15 13
86 15 14
86 29 28
86 28 26
86 26 24
86 24 17
86 17 16
86 24 23
86 23 19
86 19 18
86 23 22
86 22 21
86 21 20
86 26 25
86 28 27
87 34 31
87 31 12
87 12 11
87 11 2
87 2 1
87 1 0
87 11 10
87 10 9
87 9 3
87 9 8
87 8 5
87 5 4
87 8 7
87 7 6
87 31 30
87 30 28
87 28 26
87 26 24
87 24 13
87 24 23
87 23 21
87 21 14
87 21 20
87 20 19
87 19 17
87 17 16
87 16 15
87 19 18
87 23 22
87 26 25
87 28 27
87 30 29
87 34 33
87 33 32
88 33 31
88 31 28
88 28 0
88 28 27
88 27 26
88 26 2
88 2 1
88 26 25
88 25 23
88 23 3
88 23 22
88 22 21
88 21 12
88 12 10
88 10 4
88 10 9
88 9 7
88 7 5
88 7 6
88 9 8
88 12 11
88 21 20
88 20 16
88 16 13
88 16 15
88 15 14
88 20 19
88 19 18
88 18 17
88 25 24
88 31 30
88 30 29
88 33 32
89 34 0
89 34 33
89 33 1
89 33 32
89 32 3
89 3 2
89 32 31
89 31 30
89 30 5
89 5 4
89 30 29
89 29 8
89 8 6
89 8 7
89 29 28
89 28 18
89 18 17
89 17 9
89 17 16
89 16 15
89 15 11
89 11 10
89 15 14
89 14 13
89 13 12
89 28 27
89 27 23
89 23 21
89 21 20
89 20 19
89 23 22
89 27 26
89 26 24
89 26 25
90 30 29
90 29 1
90 1 0
90 29 28
90 28 13
90 13 12
90 12 7
90 7 5
90 5 4
90 4 3
90 3 2
90 7 6
90 12 11
90 11 8
90 11 10
90 10 9
90 28 27
90 27 14
90 27 26
90 26 20
90 20 15
90 20 19
90 19 16
90 19 18
90 18 17
90 26 25
90 25 24
90 24 22
90 22 21
90 24 23
91 32 0
91 32 31
91 31 26
91 26 22
91 22 6
91 6 5
91 5 4
91 4 1
91 4 3
91 3 2
91 22 21
91 21 19
91 19 17
91 17 16
91 16 14
91 14 13
91 13 12
91 12 10
91 10 9
91 9 8
91 8 7
91 12 11
91 16 15
91 19 18
91 21 20
91 26 25
91 25 23
91 25 24
91 31 30
91 30 27
91 30 29
91 29 28
92 31 4
92 4 0
92 4 3
92 3 1
92 3 2
92 31 30
92 30 12
92 12 11
92 11 5
92 11 10
92 10 9
92 9 7
92 7 6
92 9 8
92 30 29
92 29 27
92 27 25
92 25 23
92 23 15
92 15 14
92 14 13
92 23 22
92 22 21
92 21 17
92 17 16
92 21 20
92 20 18
92 20 19
92 25 24
92 27 26
92 29 28
93 31 30
93 30 0
93 30 29
93 29 1
93 29 28
93 28 26
93 26 25
93 25 23
93 23 21
93 21 2
93 21 20
93 20 10
93 10 9
93 9 5
93 5 3
93 5 4
93 9 8
93 8 6
93 8 7
93 20 19
93 19 17
93 17 11
93 17 16
93 16 12
93 16 15
93 15 13
93 15 14
93 19 18
93 23 22
93 25 24
93 28 27
94 29 9
94 9 7
94 7 4
94 4 1
94 1 0
94 4 3
94 3 2
94 7 6
94 6 5
94 9 8
94 29 28
94 28 27
94 27 25
94 25 10
94 25 24
94 24 23
94 23 11
94 23 22
94 22 13
94 13 12
94 22 21
94 21 20
94 20 16
94 16 14
94 16 15
94 20 19
94 19 17
94 19 18
94 27 26
95 34 0
95 34 33
95 33 32
95 32 31
95 31 30
95 30 29
95 29 28
95 28 27
95 27 26
95 26 23
95 23 22
95 22 21
95 21 19
95 19 18
95 18 3
95 3 2
95 2 1
95 18 17
95 17 14
95 14 4
95 14 13
95 13 5
95 13 12
95 12 8
95 8 6
95 8 7
95 12 11
95 11 9
95 11 10
95 17 16
95 16 15
95 21 20
95 26 25
95 25 24
96 30 0
96 30 29
96 29 11
96 11 10
96 10 4
96 4 2
96 2 1
96 4 3
96 10 9
96 9 8
96 8 7
96 7 5
96 7 6
96 29 28
96 28 12
96 28 27
96 27 26
96 26 24
96 24 23
96 23 19
96 19 13
96 19 18
96 18 16
96 16 14
96 16 15
96 18 17
96 23 22
96 22 20
96 22 21
96 26 25
97 33 28
97 28 27
97 27 26
97 26 25
97 25 24
97 24 0
97 24 23
97 23 4
97 4 3
97 3 1
97 3 2
97 23 22
97 22 12
97 12 11
97 11 9
97 9 5
97 9 8
97 8 6
97 8 7
97 11 10
97 22 21
97 21 17
97 17 13
97 17 16
97 16 15
97 15 14
97 21 20
97 20 19
97 19 18
97 33 32
97 32 31
97 31 29
97 31 30
98 31 30
98 30 26
98 26 8
98 8 7
98 7 6
98 6 1
98 1 0
98 6 5
98 5 2
98 5 4
98 4 3
98 26 25
98 25 10
98 10 9
98 25 24
98 24 13
98 13 12
98 12 11
98 24 23
98 23 22
98 22 21
98 21 20
98 20 19
98 19 15
98 15 14
98 19 18
98 18 16
98 18 17
98 30 29
98 29 27
98 29 28
99 30 29
99 29 28
99 28 10
99 10 9
99 9 7
99 7 0
99 7 6
99 6 5
99 5 2
99 2 1
99 5 4
99 4 3
99 9 8
99 28 27
99 27 19
99 19 16
99 16 15
99 15 14
99 14 12
99 12 11
99 14 13
99 19 18
99 18 17
99 27 26
99 26 25
99 25 22
99 22 21
99 21 20
99 25 24
99 24 23
100 31 28
100 28 7
100 7 0
100 7 6
100 6 1
100 6 5
100 5 2
100 5 4
100 4 3
100 28 27
100 27 26
100 26 20
100 20 15
100 15 10
100 10 8
100 10 9
100 15 14
100 14 13
100 13 12
100 12 11
100 20 19
100 19 18
100 18 17
100 17 16
100 26 25
100 25 23
100 23 22
100 22 21
100 25 24
100 31 30
100 30 29
101 33 0
101 33 32
101 32 3
101 3 1
101 3 2
101 32 31
101 31 7
101 7 6
101 6 5
101 5 4
101 31 30
101 30 27
101 27 26
101 26 24
101 24 22
101 22 8
101 22 21
101 21 20
101 20 19
101 19 18
101 18 9
101 18 17
101 17 13
101 13 10
101 13 12
101 12 11
101 17 16
101 16 14
101 16 15
101 24 23
101 26 25
101 30 29
101 29 28
