1 32 5
1 5 3
1 3 0
1 3 2
1 2 1
1 5 4
1 32 31
1 31 29
1 29 25
1 25 24
1 24 23
1 23 21
1 21 20
1 20 14
1 14 13
1 13 8
1 8 7
1 7 6
1 13 12
1 12 9
1 12 11
1 11 10
1 20 19
1 19 18
1 18 15
1 18 17
1 17 16
1 23 22
1 29 28
1 28 26
1 28 27
1 31 30
2 29 3
2 3 2
2 2 0
2 2 1
2 29 28
2 28 27
2 27 26
2 26 4
2 26 25
2 25 24
2 24 7
2 7 5
2 7 6
2 24 23
2 23 19
2 19 18
2 18 8
2 18 17
2 17 16
2 16 11
2 11 10
2 10 9
2 16 15
2 15 14
2 14 12
2 14 13
2 23 22
2 22 21
2 21 20
3 32 2
3 2 0
3 2 1
3 32 31
3 31 29
3 29 22
3 22 21
3 21 15
3 15 14
3 14 9
3 9 8
3 8 6
3 6 5
3 5 4
3 4 3
3 8 7
3 14 13
3 13 11
3 11 10
3 13 12
3 21 20
3 20 19
3 19 18
3 18 17
3 17 16
3 29 28
3 28 24
3 24 23
3 28 27
3 27 25
3 27 26
3 31 30
4 33 32
4 32 0
4 32 31
4 31 26
4 26 25
4 25 24
4 24 22
4 22 2
4 2 1
4 22 21
4 21 20
4 20 3
4 20 19
4 19 14
4 14 4
4 14 13
4 13 12
4 12 11
4 11 10
4 10 9
4 9 8
4 8 5
4 8 7
4 7 6
4 19 18
4 18 17
4 17 16
4 16 15
4 24 23
4 31 30
4 30 27
4 30 29
4 29 28
5 32 27
5 27 25
5 25 24
5 24 23
5 23 22
5 22 5
5 5 1
5 1 0
5 5 4
5 4 3
5 3 2
5 22 21
5 21 16
5 16 8
5 8 7
5 7 6
5 16 15
5 15 14
5 14 10
5 10 9
5 14 13
5 13 12
5 12 11
5 21 20
5 20 18
5 18 17
5 20 19
5 27 26
5 32 31
5 31 29
5 29 28
5 31 30
6 30 28
6 28 27
6 27 0
6 27 26
6 26 25
6 25 22
6 22 21
6 21 20
6 20 18
6 18 17
6 17 16
6 16 15
6 15 14
6 14 8
6 8 7
6 7 3
6 3 1
6 3 2
6 7 6
6 6 5
6 5 4
6 14 13
6 13 9
6 13 12
6 12 10
6 12 11
6 20 19
6 25 24
6 24 23
6 30 29
7 33 31
7 31 29
7 29 0
7 29 28
7 28 23
7 23 21
7 21 18
7 18 17
7 17 16
7 16 15
7 15 1
7 15 14
7 14 13
7 13 11
7 11 3
7 3 2
7 11 10
7 10 6
7 6 5
7 5 4
7 10 9
7 9 8
7 8 7
7 13 12
7 21 20
7 20 19
7 23 22
7 28 27
7 27 25
7 25 24
7 27 26
7 31 30
7 33 32
8 30 29
8 29 28
8 28 0
8 28 27
8 27 3
8 3 1
8 3 2
8 27 26
8 26 23
8 23 21
8 21 17
8 17 4
8 17 16
8 16 12
8 12 11
8 11 7
8 7 5
8 7 6
8 11 10
8 10 8
8 10 9
8 16 15
8 15 13
8 15 14
8 21 20
8 20 19
8 19 18
8 23 22
8 26 25
8 25 24
9 32 21
9 21 20
9 20 18
9 18 17
9 17 6
9 6 5
9 5 4
9 4 1
9 1 0
9 4 3
9 3 2
9 17 16
9 16 15
9 15 7
9 15 14
9 14 10
9 10 9
9 9 8
9 14 13
9 13 12
9 12 11
9 20 19
9 32 31
9 31 30
9 30 28
9 28 23
9 23 22
9 28 27
9 27 26
9 26 24
9 26 25
9 30 29
10 31 23
10 23 7
10 7 2
10 2 0
10 2 1
10 7 6
10 6 5
10 5 3
10 5 4
10 23 22
10 22 21
10 21 9
10 9 8
10 21 20
10 20 19
10 19 18
10 18 17
10 17 16
10 16 15
10 15 12
10 12 11
10 11 10
10 15 14
10 14 13
10 31 30
10 30 28
10 28 27
10 27 26
10 26 24
10 26 25
10 30 29
11 31 30
11 30 28
11 28 27
11 27 25
11 25 24
11 24 23
11 23 0
11 23 22
11 22 2
11 2 1
11 22 21
11 21 15
11 15 14
11 14 13
11 13 3
11 13 12
11 12 4
11 12 11
11 11 5
11 11 10
11 10 7
11 7 6
11 10 9
11 9 8
11 21 20
11 20 16
11 20 19
11 19 18
11 18 17
11 27 26
11 30 29
12 34 32
12 32 31
12 31 30
12 30 29
12 29 28
12 28 27
12 27 21
12 21 20
12 20 19
12 19 17
12 17 16
12 16 0
12 16 15
12 15 14
12 14 1
12 14 13
12 13 12
12 12 7
12 7 5
12 5 4
12 4 3
12 3 2
12 7 6
12 12 11
12 11 9
12 9 8
12 11 10
12 19 18
12 27 26
12 26 25
12 25 24
12 24 23
12 23 22
12 34 33
13 29 28
13 28 2
13 2 1
13 1 0
13 28 27
13 27 26
13 26 12
13 12 3
13 12 11
13 11 8
13 8 7
13 7 4
13 7 6
13 6 5
13 11 10
13 10 9
13 26 25
13 25 24
13 24 16
13 16 13
13 16 15
13 15 14
13 24 23
13 23 20
13 20 19
13 19 17
13 19 18
13 23 22
13 22 21
14 29 4
14 4 3
14 3 0
14 3 2
14 2 1
14 29 28
14 28 5
14 28 27
14 27 26
14 26 24
14 24 22
14 22 6
14 22 21
14 21 8
14 8 7
14 21 20
14 20 9
14 20 19
14 19 17
14 17 10
14 17 16
14 16 11
14 16 15
14 15 14
14 14 13
14 13 12
14 19 18
14 24 23
14 26 25
15 30 28
15 28 21
15 21 18
15 18 17
15 17 4
15 4 2
15 2 0
15 2 1
15 4 3
15 17 16
15 16 13
15 13 12
15 12 5
15 12 11
15 11 9
15 9 8
15 8 7
15 7 6
15 11 10
15 16 15
15 15 14
15 21 20
15 20 19
15 28 27
15 27 24
15 24 23
15 23 22
15 27 26
15 26 25
15 30 29
16 31 0
16 31 30
16 30 29
16 29 3
16 3 1
16 3 2
16 29 28
16 28 7
16 7 5
16 5 4
16 7 6
16 28 27
16 27 25
16 25 8
16 25 24
16 24 9
16 24 23
16 23 22
16 22 21
16 21 20
16 20 11
16 11 10
16 20 19
16 19 14
16 14 13
16 13 12
16 19 18
16 18 16
16 16 15
16 18 17
16 27 26
17 34 1
17 1 0
17 34 33
17 33 32
17 32 10
17 10 7
17 7 6
17 6 2
17 6 5
17 5 4
17 4 3
17 10 9
17 9 8
17 32 31
17 31 30
17 30 11
17 30 29
17 29 12
17 29 28
17 28 27
17 27 26
17 26 19
17 19 17
17 17 16
17 16 14
17 14 13
17 16 15
17 19 18
17 26 25
17 25 24
17 24 23
17 23 22
17 22 21
17 21 20
18 29 5
18 5 4
18 4 3
18 3 2
18 2 1
18 1 0
18 29 28
18 28 24
18 24 23
18 23 14
18 14 11
18 11 10
18 10 9
18 9 7
18 7 6
18 9 8
18 14 13
18 13 12
18 23 22
18 22 15
18 22 21
18 21 16
18 21 20
18 20 19
18 19 17
18 19 18
18 28 27
18 27 25
18 27 26
19 33 19
19 19 18
19 18 17
19 17 12
19 12 10
19 10 9
19 9 3
19 3 0
19 3 2
19 2 1
19 9 8
19 8 7
19 7 6
19 6 4
19 6 5
19 12 11
19 17 16
19 16 15
19 15 13
19 15 14
19 33 32
19 32 30
19 30 22
19 22 20
19 22 21
19 30 29
19 29 23
19 29 28
19 28 24
19 28 27
19 27 25
19 27 26
19 32 31
20 29 4
20 4 0
20 4 3
20 3 2
20 2 1
20 29 28
20 28 22
20 22 6
20 6 5
20 22 21
20 21 14
20 14 8
20 8 7
20 14 13
20 13 12
20 12 9
20 12 11
20 11 10
20 21 20
20 20 18
20 18 15
20 18 17
20 17 16
20 20 19
20 28 27
20 27 26
20 26 24
20 24 23
20 26 25
21 29 8
21 8 7
21 7 6
21 6 0
21 6 5
21 5 3
21 3 1
21 3 2
21 5 4
21 29 28
21 28 27
21 27 26
21 26 25
21 25 24
21 24 9
21 24 23
21 23 15
21 15 13
21 13 12
21 12 10
21 12 11
21 15 14
21 23 22
21 22 18
21 18 17
21 17 16
21 22 21
21 21 19
21 21 20
22 31 0
22 31 30
22 30 8
22 8 7
22 7 1
22 7 6
22 6 4
22 4 3
22 3 2
22 6 5
22 30 29
22 29 24
22 24 22
22 22 21
22 21 19
22 19 16
22 16 14
22 14 10
22 10 9
22 14 13
22 13 12
22 12 11
22 16 15
22 19 18
22 18 17
22 21 20
22 24 23
22 29 28
22 28 27
22 27 26
22 26 25
23 29 28
23 28 27
23 27 0
23 27 26
23 26 1
23 26 25
23 25 24
23 24 20
23 20 17
23 17 4
23 4 2
23 4 3
23 17 16
23 16 10
23 10 6
23 6 5
23 10 9
23 9 7
23 9 8
23 16 15
23 15 11
23 15 14
23 14 12
23 14 13
23 20 19
23 19 18
23 24 23
23 23 21
23 23 22
24 32 12
24 12 11
24 11 1
24 1 0
24 11 10
24 10 8
24 8 7
24 7 6
24 6 5
24 5 2
24 5 4
24 4 3
24 10 9
24 32 31
24 31 15
24 15 14
24 14 13
24 31 30
24 30 28
24 28 27
24 27 26
24 26 24
24 24 17
24 17 16
24 24 23
24 23 21
24 21 19
24 19 18
24 21 20
24 23 22
24 26 25
24 30 29
25 29 28
25 28 25
25 25 23
25 23 20
25 20 19
25 19 18
25 18 0
25 18 17
25 17 4
25 4 3
25 3 2
25 2 1
25 17 16
25 16 15
25 15 8
25 8 7
25 7 5
25 7 6
25 15 14
25 14 11
25 11 10
25 10 9
25 14 13
25 13 12
25 23 22
25 22 21
25 25 24
25 28 27
25 27 26
26 34 33
26 33 13
26 13 4
26 4 1
26 1 0
26 4 3
26 3 2
26 13 12
26 12 7
26 7 5
26 7 6
26 12 11
26 11 8
26 11 10
26 10 9
26 33 32
26 32 17
26 17 16
26 16 14
26 16 15
26 32 31
26 31 30
26 30 18
26 30 29
26 29 28
26 28 19
26 28 27
26 27 26
26 26 24
26 24 20
26 24 23
26 23 21
26 23 22
26 26 25
27 32 6
27 6 0
27 6 5
27 5 1
27 5 4
27 4 3
27 3 2
27 32 31
27 31 22
27 22 12
27 12 10
27 10 9
27 9 7
27 9 8
27 12 11
27 22 21
27 21 18
27 18 17
27 17 13
27 17 16
27 16 15
27 15 14
27 21 20
27 20 19
27 31 30
27 30 29
27 29 28
27 28 23
27 28 27
27 27 24
27 27 26
27 26 25
28 32 27
28 27 1
28 1 0
28 27 26
28 26 2
28 26 25
28 25 24
28 24 23
28 23 14
28 14 12
28 12 9
28 9 5
28 5 4
28 4 3
28 9 8
28 8 6
28 8 7
28 12 11
28 11 10
28 14 13
28 23 22
28 22 21
28 21 16
28 16 15
28 21 20
28 20 19
28 19 18
28 18 17
28 32 31
28 31 28
28 31 30
28 30 29
29 31 7
29 7 6
29 6 0
29 6 5
29 5 1
29 5 4
29 4 3
29 3 2
29 31 30
29 30 8
29 30 29
29 29 28
29 28 26
29 26 15
29 15 14
29 14 11
29 11 9
29 11 10
29 14 13
29 13 12
29 26 25
29 25 17
29 17 16
29 25 24
29 24 21
29 21 19
29 19 18
29 21 20
29 24 23
29 23 22
29 28 27
30 34 32
30 32 31
30 31 1
30 1 0
30 31 30
30 30 2
30 30 29
30 29 28
30 28 7
30 7 3
30 7 6
30 6 4
30 6 5
30 28 27
30 27 9
30 9 8
30 27 26
30 26 25
30 25 23
30 23 10
30 23 22
30 22 21
30 21 19
30 19 11
30 19 18
30 18 17
30 17 16
30 16 12
30 16 15
30 15 13
30 15 14
30 21 20
30 25 24
30 34 33
31 32 29
31 29 2
31 2 1
31 1 0
31 29 28
31 28 3
31 28 27
31 27 25
31 25 20
31 20 19
31 19 17
31 17 15
31 15 13
31 13 7
31 7 6
31 6 5
31 5 4
31 13 12
31 12 11
31 11 10
31 10 8
31 10 9
31 15 14
31 17 16
31 19 18
31 25 24
31 24 23
31 23 22
31 22 21
31 27 26
31 32 31
31 31 30
32 29 26
32 26 25
32 25 24
32 24 23
32 23 22
32 22 0
32 22 21
32 21 19
32 19 16
32 16 15
32 15 13
32 13 12
32 12 2
32 2 1
32 12 11
32 11 10
32 10 9
32 9 7
32 7 6
32 6 3
32 6 5
32 5 4
32 9 8
32 15 14
32 19 18
32 18 17
32 21 20
32 29 28
32 28 27
33 32 1
33 1 0
33 32 31
33 31 30
33 30 29
33 29 28
33 28 9
33 9 8
33 8 6
33 6 2
33 6 5
33 5 3
33 5 4
33 8 7
33 28 27
33 27 15
33 15 14
33 14 12
33 12 11
33 11 10
33 14 13
33 27 26
33 26 17
33 17 16
33 26 25
33 25 23
33 23 22
33 22 21
33 21 19
33 19 18
33 21 20
33 25 24
34 33 4
34 4 2
34 2 1
34 1 0
34 4 3
34 33 32
34 32 5
34 32 31
34 31 6
34 31 30
34 30 9
34 9 8
34 8 7
34 30 29
34 29 28
34 28 10
34 28 27
34 27 25
34 25 24
34 24 23
34 23 22
34 22 18
34 18 17
34 17 16
34 16 13
34 13 12
34 12 11
34 16 15
34 15 14
34 22 21
34 21 19
34 21 20
34 27 26
35 32 31
35 31 30
35 30 11
35 11 5
35 5 2
35 2 0
35 2 1
35 5 4
35 4 3
35 11 10
35 10 9
35 9 6
35 9 8
35 8 7
35 30 29
35 29 28
35 28 27
35 27 25
35 25 17
35 17 15
35 15 14
35 14 12
35 14 13
35 17 16
35 25 24
35 24 23
35 23 18
35 23 22
35 22 19
35 22 21
35 21 20
35 27 26
36 34 33
36 33 8
36 8 7
36 7 5
36 5 0
36 5 4
36 4 1
36 4 3
36 3 2
36 7 6
36 33 32
36 32 10
36 10 9
36 32 31
36 31 14
36 14 11
36 14 13
36 13 12
36 31 30
36 30 28
36 28 27
36 27 26
36 26 25
36 25 23
36 23 17
36 17 16
36 16 15
36 23 22
36 22 20
36 20 19
36 19 18
36 22 21
36 25 24
36 30 29
37 31 30
37 30 27
37 27 1
37 1 0
37 27 26
37 26 25
37 25 22
37 22 20
37 20 11
37 11 5
37 5 3
37 3 2
37 5 4
37 11 10
37 10 9
37 9 8
37 8 7
37 7 6
37 20 19
37 19 18
37 18 17
37 17 15
37 15 13
37 13 12
37 15 14
37 17 16
37 22 21
37 25 24
37 24 23
37 30 29
37 29 28
38 32 1
38 1 0
38 32 31
38 31 7
38 7 2
38 7 6
38 6 5
38 5 3
38 5 4
38 31 30
38 30 28
38 28 18
38 18 17
38 17 14
38 14 13
38 13 11
38 11 8
38 11 10
38 10 9
38 13 12
38 17 16
38 16 15
38 28 27
38 27 25
38 25 19
38 25 24
38 24 23
38 23 22
38 22 20
38 22 21
38 27 26
38 30 29
39 34 11
39 11 3
39 3 0
39 3 2
39 2 1
39 11 10
39 10 8
39 8 5
39 5 4
39 8 7
39 7 6
39 10 9
39 34 33
39 33 16
39 16 12
39 16 15
39 15 13
39 15 14
39 33 32
39 32 26
39 26 24
39 24 20
39 20 18
39 18 17
39 20 19
39 24 23
39 23 21
39 23 22
39 26 25
39 32 31
39 31 29
39 29 27
39 29 28
39 31 30
40 29 24
40 24 1
40 1 0
40 24 23
40 23 2
40 23 22
40 22 13
40 13 12
40 12 3
40 12 11
40 11 10
40 10 5
40 5 4
40 10 9
40 9 8
40 8 7
40 7 6
40 22 21
40 21 20
40 20 19
40 19 17
40 17 14
40 17 16
40 16 15
40 19 18
40 29 28
40 28 25
40 28 27
40 27 26
41 33 32
41 32 28
41 28 6
41 6 2
41 2 1
41 1 0
41 6 5
41 5 4
41 4 3
41 28 27
41 27 26
41 26 25
41 25 24
41 24 23
41 23 22
41 22 21
41 21 20
41 20 17
41 17 16
41 16 14
41 14 10
41 10 9
41 9 7
41 9 8
41 14 13
41 13 11
41 13 12
41 16 15
41 20 19
41 19 18
41 32 31
41 31 30
41 30 29
42 33 32
42 32 30
42 30 28
42 28 27
42 27 4
42 4 3
42 3 2
42 2 1
42 1 0
42 27 26
42 26 23
42 23 22
42 22 21
42 21 6
42 6 5
42 21 20
42 20 19
42 19 17
42 17 15
42 15 8
42 8 7
42 15 14
42 14 13
42 13 12
42 12 9
42 12 11
42 11 10
42 17 16
42 19 18
42 26 25
42 25 24
42 30 29
42 32 31
43 31 29
43 29 27
43 27 26
43 26 15
43 15 14
43 14 2
43 2 1
43 1 0
43 14 13
43 13 12
43 12 10
43 10 9
43 9 7
43 7 3
43 7 6
43 6 4
43 6 5
43 9 8
43 12 11
43 26 25
43 25 24
43 24 23
43 23 22
43 22 20
43 20 19
43 19 18
43 18 16
43 18 17
43 22 21
43 29 28
43 31 30
44 31 29
44 29 28
44 28 0
44 28 27
44 27 17
44 17 2
44 2 1
44 17 16
44 16 4
44 4 3
44 16 15
44 15 7
44 7 6
44 6 5
44 15 14
44 14 9
44 9 8
44 14 13
44 13 10
44 13 12
44 12 11
44 27 26
44 26 19
44 19 18
44 26 25
44 25 23
44 23 22
44 22 20
44 22 21
44 25 24
44 31 30
45 32 0
45 32 31
45 31 5
45 5 3
45 3 2
45 2 1
45 5 4
45 31 30
45 30 29
45 29 25
45 25 24
45 24 7
45 7 6
45 24 23
45 23 22
45 22 21
45 21 18
45 18 8
45 18 17
45 17 9
45 17 16
45 16 15
45 15 12
45 12 11
45 11 10
45 15 14
45 14 13
45 21 20
45 20 19
45 29 28
45 28 26
45 28 27
46 32 31
46 31 30
46 30 29
46 29 27
46 27 7
46 7 6
46 6 1
46 1 0
46 6 5
46 5 4
46 4 2
46 4 3
46 27 26
46 26 24
46 24 23
46 23 20
46 20 16
46 16 15
46 15 11
46 11 10
46 10 8
46 10 9
46 15 14
46 14 13
46 13 12
46 20 19
46 19 18
46 18 17
46 23 22
46 22 21
46 26 25
46 29 28
47 29 0
47 29 28
47 28 1
47 28 27
47 27 26
47 26 24
47 24 20
47 20 2
47 20 19
47 19 17
47 17 15
47 15 14
47 14 11
47 11 3
47 11 10
47 10 4
47 10 9
47 9 8
47 8 7
47 7 6
47 6 5
47 14 13
47 13 12
47 17 16
47 19 18
47 24 23
47 23 22
47 22 21
47 26 25
48 30 2
48 2 0
48 2 1
48 30 29
48 29 19
48 19 4
48 4 3
48 19 18
48 18 17
48 17 14
48 14 8
48 8 7
48 7 6
48 6 5
48 14 13
48 13 10
48 10 9
48 13 12
48 12 11
48 17 16
48 16 15
48 29 28
48 28 26
48 26 20
48 26 25
48 25 22
48 22 21
48 25 24
48 24 23
48 28 27
49 34 6
49 6 0
49 6 5
49 5 4
49 4 1
49 4 3
49 3 2
49 34 33
49 33 32
49 32 8
49 8 7
49 32 31
49 31 30
49 30 29
49 29 15
49 15 14
49 14 11
49 11 9
49 11 10
49 14 13
49 13 12
49 29 28
49 28 17
49 17 16
49 28 27
49 27 26
49 26 18
49 26 25
49 25 24
49 24 23
49 23 22
49 22 19
49 22 21
49 21 20
50 30 29
50 29 5
50 5 4
50 4 3
50 3 1
50 1 0
50 3 2
50 29 28
50 28 18
50 18 16
50 16 12
50 12 6
50 12 11
50 11 7
50 11 10
50 10 8
50 10 9
50 16 15
50 15 14
50 14 13
50 18 17
50 28 27
50 27 19
50 27 26
50 26 24
50 24 22
50 22 21
50 21 20
50 24 23
50 26 25
51 29 27
51 27 25
51 25 2
51 2 1
51 1 0
51 25 24
51 24 23
51 23 21
51 21 20
51 20 19
51 19 18
51 18 17
51 17 3
51 17 16
51 16 15
51 15 12
51 12 9
51 9 6
51 6 4
51 6 5
51 9 8
51 8 7
51 12 11
51 11 10
51 15 14
51 14 13
51 23 22
51 27 26
51 29 28
52 32 1
52 1 0
52 32 31
52 31 30
52 30 4
52 4 2
52 4 3
52 30 29
52 29 14
52 14 13
52 13 11
52 11 10
52 10 5
52 10 9
52 9 6
52 9 8
52 8 7
52 13 12
52 29 28
52 28 15
52 28 27
52 27 26
52 26 18
52 18 16
52 18 17
52 26 25
52 25 19
52 25 24
52 24 23
52 23 21
52 21 20
52 23 22
53 32 2
53 2 1
53 1 0
53 32 31
53 31 5
53 5 4
53 4 3
53 31 30
53 30 29
53 29 8
53 8 7
53 7 6
53 29 28
53 28 27
53 27 26
53 26 21
53 21 20
53 20 18
53 18 17
53 17 9
53 17 16
53 16 15
53 15 12
53 12 11
53 11 10
53 15 14
53 14 13
53 20 19
53 26 25
53 25 24
53 24 23
53 23 22
54 29 5
54 5 3
54 3 2
54 2 1
54 1 0
54 5 4
54 29 28
54 28 23
54 23 9
54 9 7
54 7 6
54 9 8
54 23 22
54 22 11
54 11 10
54 22 21
54 21 12
54 21 20
54 20 19
54 19 13
54 19 18
54 18 16
54 16 15
54 15 14
54 18 17
54 28 27
54 27 26
54 26 24
54 26 25
55 32 13
55 13 0
55 13 12
55 12 11
55 11 9
55 9 7
55 7 5
55 5 4
55 4 3
55 3 1
55 3 2
55 7 6
55 9 8
55 11 10
55 32 31
55 31 23
55 23 22
55 22 14
55 22 21
55 21 16
55 16 15
55 21 20
55 20 18
55 18 17
55 20 19
55 31 30
55 30 28
55 28 24
55 28 27
55 27 26
55 26 25
55 30 29
56 31 0
56 31 30
56 30 1
56 30 29
56 29 6
56 6 4
56 4 2
56 4 3
56 6 5
56 29 28
56 28 27
56 27 26
56 26 25
56 25 24
56 24 9
56 9 7
56 9 8
56 24 23
56 23 17
56 17 15
56 15 10
56 15 14
56 14 12
56 12 11
56 14 13
56 17 16
56 23 22
56 22 21
56 21 19
56 19 18
56 21 20
57 31 30
57 30 29
57 29 25
57 25 11
57 11 0
57 11 10
57 10 8
57 8 3
57 3 2
57 2 1
57 8 7
57 7 4
57 7 6
57 6 5
57 10 9
57 25 24
57 24 23
57 23 22
57 22 20
57 20 14
57 14 13
57 13 12
57 20 19
57 19 18
57 18 15
57 18 17
57 17 16
57 22 21
57 29 28
57 28 26
57 28 27
58 34 29
58 29 27
58 27 24
58 24 23
58 23 18
58 18 17
58 17 16
58 16 13
58 13 2
58 2 1
58 1 0
58 13 12
58 12 11
58 11 3
58 11 10
58 10 9
58 9 5
58 5 4
58 9 8
58 8 6
58 8 7
58 16 15
58 15 14
58 23 22
58 22 20
58 20 19
58 22 21
58 27 26
58 26 25
58 29 28
58 34 33
58 33 30
58 33 32
58 32 31
59 31 30
59 30 6
59 6 5
59 5 4
59 4 3
59 3 0
59 3 2
59 2 1
59 30 29
59 29 28
59 28 7
59 28 27
59 27 24
59 24 23
59 23 13
59 13 9
59 9 8
59 13 12
59 12 10
59 12 11
59 23 22
59 22 21
59 21 17
59 17 16
59 16 14
59 16 15
59 21 20
59 20 18
59 20 19
59 27 26
59 26 25
60 31 30
60 30 27
60 27 26
60 26 25
60 25 1
60 1 0
60 25 24
60 24 23
60 23 21
60 21 15
60 15 14
60 14 12
60 12 11
60 11 4
60 4 3
60 3 2
60 11 10
60 10 5
60 10 9
60 9 8
60 8 7
60 7 6
60 14 13
60 21 20
60 20 17
60 17 16
60 20 19
60 19 18
60 23 22
60 30 29
60 29 28
61 31 30
61 30 0
61 30 29
61 29 26
61 26 21
61 21 10
61 10 9
61 9 1
61 9 8
61 8 2
61 8 7
61 7 6
61 6 5
61 5 4
61 4 3
61 21 20
61 20 15
61 15 13
61 13 12
61 12 11
61 15 14
61 20 19
61 19 16
61 19 18
61 18 17
61 26 25
61 25 24
61 24 22
61 24 23
61 29 28
61 28 27
62 30 26
62 26 25
62 25 8
62 8 5
62 5 4
62 4 0
62 4 3
62 3 1
62 3 2
62 8 7
62 7 6
62 25 24
62 24 10
62 10 9
62 24 23
62 23 22
62 22 19
62 19 17
62 17 16
62 16 15
62 15 14
62 14 11
62 14 13
62 13 12
62 19 18
62 22 21
62 21 20
62 30 29
62 29 27
62 29 28
63 33 5
63 5 2
63 2 0
63 2 1
63 5 4
63 4 3
63 33 32
63 32 30
63 30 8
63 8 6
63 8 7
63 30 29
63 29 27
63 27 9
63 27 26
63 26 10
63 26 25
63 25 23
63 23 19
63 19 12
63 12 11
63 19 18
63 18 17
63 17 16
63 16 13
63 16 15
63 15 14
63 23 22
63 22 21
63 21 20
63 25 24
63 29 28
63 32 31
64 34 30
64 30 27
64 27 1
64 1 0
64 27 26
64 26 25
64 25 24
64 24 23
64 23 3
64 3 2
64 23 22
64 22 21
64 21 8
64 8 6
64 6 4
64 6 5
64 8 7
64 21 20
64 20 10
64 10 9
64 20 19
64 19 11
64 19 18
64 18 17
64 17 16
64 16 15
64 15 14
64 14 13
64 13 12
64 30 29
64 29 28
64 34 33
64 33 31
64 33 32
65 34 29
65 29 27
65 27 0
65 27 26
65 26 25
65 25 23
65 23 3
65 3 1
65 3 2
65 23 22
65 22 21
65 21 20
65 20 19
65 19 18
65 18 6
65 6 4
65 6 5
65 18 17
65 17 15
65 15 14
65 14 10
65 10 9
65 9 8
65 8 7
65 14 13
65 13 12
65 12 11
65 17 16
65 25 24
65 29 28
65 34 33
65 33 32
65 32 30
65 32 31
66 29 4
66 4 2
66 2 1
66 1 0
66 4 3
66 29 28
66 28 27
66 27 26
66 26 25
66 25 24
66 24 18
66 18 6
66 6 5
66 18 17
66 17 16
66 16 15
66 15 14
66 14 12
66 12 7
66 12 11
66 11 10
66 10 9
66 9 8
66 14 13
66 24 23
66 23 20
66 20 19
66 23 22
66 22 21
67 31 29
67 29 0
67 29 28
67 28 25
67 25 21
67 21 13
67 13 12
67 12 6
67 6 5
67 5 4
67 4 3
67 3 2
67 2 1
67 12 11
67 11 9
67 9 7
67 9 8
67 11 10
67 21 20
67 20 17
67 17 15
67 15 14
67 17 16
67 20 19
67 19 18
67 25 24
67 24 23
67 23 22
67 28 27
67 27 26
67 31 30
68 33 32
68 32 31
68 31 0
68 31 30
68 30 3
68 3 1
68 3 2
68 30 29
68 29 19
68 19 18
68 18 16
68 16 13
68 13 12
68 12 11
68 11 9
68 9 8
68 8 4
68 8 7
68 7 5
68 7 6
68 11 10
68 16 15
68 15 14
68 18 17
68 29 28
68 28 25
68 25 20
68 25 24
68 24 21
68 24 23
68 23 22
68 28 27
68 27 26
69 32 1
69 1 0
69 32 31
69 31 30
69 30 29
69 29 28
69 28 6
69 6 5
69 5 4
69 4 3
69 3 2
69 28 27
69 27 25
69 25 23
69 23 8
69 8 7
69 23 22
69 22 9
69 22 21
69 21 19
69 19 13
69 13 12
69 12 10
69 12 11
69 19 18
69 18 15
69 15 14
69 18 17
69 17 16
69 21 20
69 25 24
69 27 26
70 29 28
70 28 4
70 4 0
70 4 3
70 3 2
70 2 1
70 28 27
70 27 5
70 27 26
70 26 24
70 24 22
70 22 6
70 22 21
70 21 20
70 20 10
70 10 9
70 9 7
70 9 8
70 20 19
70 19 11
70 19 18
70 18 17
70 17 15
70 15 12
70 15 14
70 14 13
70 17 16
70 24 23
70 26 25
71 29 28
71 28 27
71 27 26
71 26 0
71 26 25
71 25 1
71 25 24
71 24 2
71 24 23
71 23 11
71 11 10
71 10 8
71 8 7
71 7 6
71 6 5
71 5 4
71 4 3
71 10 9
71 23 22
71 22 21
71 21 17
71 17 16
71 16 15
71 15 12
71 15 14
71 14 13
71 21 20
71 20 19
71 19 18
72 32 2
72 2 0
72 2 1
72 32 31
72 31 25
72 25 14
72 14 12
72 12 11
72 11 6
72 6 3
72 6 5
72 5 4
72 11 10
72 10 7
72 10 9
72 9 8
72 14 13
72 25 24
72 24 21
72 21 19
72 19 18
72 18 15
72 18 17
72 17 16
72 21 20
72 24 23
72 23 22
72 31 30
72 30 26
72 30 29
72 29 27
72 29 28
73 34 32
73 32 30
73 30 13
73 13 12
73 12 9
73 9 7
73 7 2
73 2 0
73 2 1
73 7 6
73 6 4
73 4 3
73 6 5
73 9 8
73 12 11
73 11 10
73 30 29
73 29 14
73 29 28
73 28 27
73 27 25
73 25 24
73 24 16
73 16 15
73 24 23
73 23 20
73 20 19
73 19 18
73 18 17
73 23 22
73 22 21
73 27 26
73 32 31
73 34 33
74 32 0
74 32 31
74 31 29
74 29 2
74 2 1
74 29 28
74 28 27
74 27 24
74 24 13
74 13 11
74 11 4
74 4 3
74 11 10
74 10 7
74 7 6
74 6 5
74 10 9
74 9 8
74 13 12
74 24 23
74 23 16
74 16 14
74 16 15
74 23 22
74 22 20
74 20 19
74 19 17
74 19 18
74 22 21
74 27 26
74 26 25
74 31 30
75 30 28
75 28 24
75 24 0
75 24 23
75 23 21
75 21 6
75 6 4
75 4 2
75 2 1
75 4 3
75 6 5
75 21 20
75 20 19
75 19 7
75 19 18
75 18 14
75 14 13
75 13 12
75 12 11
75 11 8
75 11 10
75 10 9
75 18 17
75 17 15
75 17 16
75 23 22
75 28 27
75 27 25
75 27 26
75 30 29
76 30 1
76 1 0
76 30 29
76 29 2
76 29 28
76 28 16
76 16 4
76 4 3
76 16 15
76 15 14
76 14 5
76 14 13
76 13 8
76 8 7
76 7 6
76 13 12
76 12 10
76 10 9
76 12 11
76 28 27
76 27 20
76 20 19
76 19 17
76 19 18
76 27 26
76 26 21
76 26 25
76 25 23
76 23 22
76 25 24
77 30 28
77 28 0
77 28 27
77 27 24
77 24 18
77 18 17
77 17 1
77 17 16
77 16 11
77 11 9
77 9 8
77 8 4
77 4 3
77 3 2
77 8 7
77 7 5
77 7 6
77 11 10
77 16 15
77 15 12
77 15 14
77 14 13
77 24 23
77 23 22
77 22 20
77 20 19
77 22 21
77 27 26
77 26 25
77 30 29
78 32 0
78 32 31
78 31 6
78 6 3
78 3 2
78 2 1
78 6 5
78 5 4
78 31 30
78 30 29
78 29 28
78 28 27
78 27 25
78 25 22
78 22 14
78 14 13
78 13 11
78 11 7
78 11 10
78 10 8
78 10 9
78 13 12
78 22 21
78 21 16
78 16 15
78 21 20
78 20 18
78 18 17
78 20 19
78 25 24
78 24 23
78 27 26
79 30 29
79 29 17
79 17 0
79 17 16
79 16 14
79 14 1
79 14 13
79 13 2
79 13 12
79 12 7
79 7 3
79 7 6
79 6 5
79 5 4
79 12 11
79 11 10
79 10 8
79 10 9
79 16 15
79 29 28
79 28 27
79 27 25
79 25 18
79 25 24
79 24 19
79 24 23
79 23 21
79 21 20
79 23 22
79 27 26
80 32 1
80 1 0
80 32 31
80 31 27
80 27 26
80 26 25
80 25 24
80 24 23
80 23 22
80 22 4
80 4 3
80 3 2
80 22 21
80 21 19
80 19 18
80 18 5
80 18 17
80 17 15
80 15 6
80 15 14
80 14 7
80 14 13
80 13 9
80 9 8
80 13 12
80 12 10
80 12 11
80 17 16
80 21 20
80 31 30
80 30 29
80 29 28
81 33 31
81 31 30
81 30 29
81 29 27
81 27 26
81 26 25
81 25 5
81 5 3
81 3 1
81 1 0
81 3 2
81 5 4
81 25 24
81 24 23
81 23 21
81 21 6
81 21 20
81 20 19
81 19 7
81 19 18
81 18 13
81 13 10
81 10 9
81 9 8
81 13 12
81 12 11
81 18 17
81 17 16
81 16 15
81 15 14
81 23 22
81 29 28
81 33 32
82 33 0
82 33 32
82 32 31
82 31 30
82 30 23
82 23 1
82 23 22
82 22 19
82 19 18
82 18 16
82 16 6
82 6 5
82 5 3
82 3 2
82 5 4
82 16 15
82 15 7
82 15 14
82 14 8
82 14 13
82 13 9
82 13 12
82 12 11
82 11 10
82 18 17
82 22 21
82 21 20
82 30 29
82 29 27
82 27 25
82 25 24
82 27 26
82 29 28
83 31 4
83 4 0
83 4 3
83 3 2
83 2 1
83 31 30
83 30 22
83 22 20
83 20 5
83 20 19
83 19 17
83 17 8
83 8 7
83 7 6
83 17 16
83 16 15
83 15 14
83 14 9
83 14 13
83 13 11
83 11 10
83 13 12
83 19 18
83 22 21
83 30 29
83 29 27
83 27 25
83 25 23
83 25 24
83 27 26
83 29 28
84 32 31
84 31 30
84 30 28
84 28 27
84 27 26
84 26 1
84 1 0
84 26 25
84 25 4
84 4 2
84 4 3
84 25 24
84 24 20
84 20 19
84 19 12
84 12 11
84 11 7
84 7 5
84 7 6
84 11 10
84 10 8
84 10 9
84 19 18
84 18 13
84 18 17
84 17 16
84 16 14
84 16 15
84 24 23
84 23 22
84 22 21
84 30 29
85 31 30
85 30 8
85 8 6
85 6 3
85 3 0
85 3 2
85 2 1
85 6 5
85 5 4
85 8 7
85 30 29
85 29 9
85 29 28
85 28 10
85 28 27
85 27 11
85 27 26
85 26 25
85 25 24
85 24 21
85 21 13
85 13 12
85 21 20
85 20 19
85 19 14
85 19 18
85 18 16
85 16 15
85 18 17
85 24 23
85 23 22
86 30 28
86 28 27
86 27 25
86 25 22
86 22 1
86 1 0
86 22 21
86 21 20
86 20 3
86 3 2
86 20 19
86 19 18
86 18 15
86 15 5
86 5 4
86 15 14
86 14 10
86 10 6
86 10 9
86 9 8
86 8 7
86 14 13
86 13 12
86 12 11
86 18 17
86 17 16
86 25 24
86 24 23
86 27 26
86 30 29
87 33 32
87 32 22
87 22 0
87 22 21
87 21 16
87 16 2
87 2 1
87 16 15
87 15 5
87 5 3
87 5 4
87 15 14
87 14 13
87 13 9
87 9 8
87 8 7
87 7 6
87 13 12
87 12 10
87 12 11
87 21 20
87 20 18
87 18 17
87 20 19
87 32 31
87 31 30
87 30 26
87 26 25
87 25 23
87 25 24
87 30 29
87 29 28
87 28 27
88 31 7
88 7 5
88 5 4
88 4 3
88 3 2
88 2 1
88 1 0
88 7 6
88 31 30
88 30 29
88 29 8
88 29 28
88 28 24
88 24 14
88 14 13
88 13 12
88 12 10
88 10 9
88 12 11
88 24 23
88 23 21
88 21 20
88 20 19
88 19 17
88 17 15
88 17 16
88 19 18
88 23 22
88 28 27
88 27 25
88 27 26
89 33 4
89 4 3
89 3 2
89 2 1
89 1 0
89 33 32
89 32 31
89 31 28
89 28 27
89 27 25
89 25 23
89 23 5
89 23 22
89 22 21
89 21 18
89 18 17
89 17 6
89 17 16
89 16 7
89 16 15
89 15 14
89 14 13
89 13 12
89 12 9
89 9 8
89 12 11
89 11 10
89 21 20
89 20 19
89 25 24
89 27 26
89 31 30
89 30 29
90 31 29
90 29 0
90 29 28
90 28 27
90 27 24
90 24 22
90 22 20
90 20 1
90 20 19
90 19 15
90 15 4
90 4 2
90 4 3
90 15 14
90 14 12
90 12 11
90 11 10
90 10 8
90 8 5
90 8 7
90 7 6
90 10 9
90 14 13
90 19 18
90 18 17
90 17 16
90 22 21
90 24 23
90 27 26
90 26 25
90 31 30
91 29 0
91 29 28
91 28 25
91 25 24
91 24 22
91 22 1
91 22 21
91 21 9
91 9 2
91 9 8
91 8 7
91 7 6
91 6 3
91 6 5
91 5 4
91 21 20
91 20 19
91 19 16
91 16 15
91 15 10
91 15 14
91 14 12
91 12 11
91 14 13
91 19 18
91 18 17
91 24 23
91 28 27
91 27 26
92 29 28
92 28 22
92 22 10
92 10 6
92 6 0
92 6 5
92 5 1
92 5 4
92 4 3
92 3 2
92 10 9
92 9 7
92 9 8
92 22 21
92 21 20
92 20 18
92 18 11
92 18 17
92 17 16
92 16 14
92 14 12
92 14 13
92 16 15
92 20 19
92 28 27
92 27 23
92 27 26
92 26 24
92 26 25
93 30 29
93 29 28
93 28 26
93 26 25
93 25 24
93 24 1
93 1 0
93 24 23
93 23 16
93 16 14
93 14 13
93 13 12
93 12 7
93 7 6
93 6 4
93 4 2
93 4 3
93 6 5
93 12 11
93 11 10
93 10 8
93 10 9
93 16 15
93 23 22
93 22 20
93 20 18
93 18 17
93 20 19
93 22 21
93 28 27
94 30 0
94 30 29
94 29 23
94 23 9
94 9 6
94 6 5
94 5 1
94 5 4
94 4 3
94 3 2
94 9 8
94 8 7
94 23 22
94 22 21
94 21 20
94 20 12
94 12 11
94 11 10
94 20 19
94 19 18
94 18 16
94 16 14
94 14 13
94 16 15
94 18 17
94 29 28
94 28 25
94 25 24
94 28 27
94 27 26
95 29 1
95 1 0
95 29 28
95 28 26
95 26 25
95 25 14
95 14 13
95 13 12
95 12 5
95 5 3
95 3 2
95 5 4
95 12 11
95 11 10
95 10 9
95 9 7
95 7 6
95 9 8
95 25 24
95 24 23
95 23 22
95 22 21
95 21 19
95 19 17
95 17 15
95 17 16
95 19 18
95 21 20
95 28 27
96 31 0
96 31 30
96 30 1
96 30 29
96 29 23
96 23 13
96 13 12
96 12 10
96 10 8
96 8 7
96 7 2
96 7 6
96 6 5
96 5 4
96 4 3
96 10 9
96 12 11
96 23 22
96 22 20
96 20 14
96 20 19
96 19 18
96 18 17
96 17 15
96 17 16
96 22 21
96 29 28
96 28 27
96 27 26
96 26 25
96 25 24
97 32 30
97 30 28
97 28 26
97 26 0
97 26 25
97 25 24
97 24 3
97 3 2
97 2 1
97 24 23
97 23 22
97 22 21
97 21 19
97 19 5
97 5 4
97 19 18
97 18 17
97 17 15
97 15 14
97 14 13
97 13 12
97 12 10
97 10 9
97 9 8
97 8 6
97 8 7
97 12 11
97 17 16
97 21 20
97 28 27
97 30 29
97 32 31
98 32 31
98 31 6
98 6 5
98 5 0
98 5 4
98 4 1
98 4 3
98 3 2
98 31 30
98 30 28
98 28 8
98 8 7
98 28 27
98 27 25
98 25 24
98 24 9
98 24 23
98 23 17
98 17 15
98 15 13
98 13 10
98 13 12
98 12 11
98 15 14
98 17 16
98 23 22
98 22 21
98 21 19
98 19 18
98 21 20
98 27 26
98 30 29
99 29 28
99 28 3
99 3 0
99 3 2
99 2 1
99 28 27
99 27 23
99 23 9
99 9 8
99 8 4
99 8 7
99 7 6
99 6 5
99 23 22
99 22 21
99 21 20
99 20 11
99 11 10
99 20 19
99 19 18
99 18 17
99 17 12
99 17 16
99 16 14
99 14 13
99 16 15
99 27 26
99 26 24
99 26 25
100 29 27
100 27 26
100 26 24
100 24 21
100 21 20
100 20 15
100 15 5
100 5 4
100 4 3
100 3 2
100 2 1
100 1 0
100 15 14
100 14 13
100 13 10
100 10 9
100 9 6
100 9 8
100 8 7
100 13 12
100 12 11
100 20 19
100 19 18
100 18 16
100 18 17
100 24 23
100 23 22
100 26 25
100 29 28
101 29 0
101 29 28
101 28 27
101 27 26
101 26 3
101 3 1
101 3 2
101 26 25
101 25 24
101 24 4
101 24 23
101 23 22
101 22 21
101 21 5
101 21 20
101 20 10
101 10 6
101 10 9
101 9 7
101 9 8
101 20 19
101 19 17
101 17 11
101 17 16
101 16 15
101 15 13
101 13 12
101 15 14
101 19 18
