1 34 7
1 7 5
1 5 0
1 5 4
1 4 1
1 4 3
1 3 2
1 7 6
1 34 33
1 33 32
1 32 19
1 19 13
1 13 8
1 13 12
1 12 9
1 12 11
1 11 10
1 19 18
1 18 16
1 16 15
1 15 14
1 18 17
1 32 31
1 31 25
1 25 23
1 23 21
1 21 20
1 23 22
1 25 24
1 31 30
1 30 28
1 28 26
1 28 27
1 30 29
2 33 32
2 32 30
2 30 29
2 29 28
2 28 0
2 28 27
2 27 26
2 26 25
2 25 23
2 23 22
2 22 21
2 21 20
2 20 19
2 19 3
2 3 2
2 2 1
2 19 18
2 18 9
2 9 8
2 8 4
2 8 7
2 7 5
2 7 6
2 18 17
2 17 16
2 16 10
2 16 15
2 15 13
2 13 12
2 12 11
2 15 14
2 25 24
2 32 31
3 34 33
3 33 31
3 31 30
3 30 29
3 29 28
3 28 27
3 27 26
3 26 0
3 26 25
3 25 3
3 3 2
3 2 1
3 25 24
3 24 23
3 23 22
3 22 18
3 18 17
3 17 10
3 10 4
3 10 9
3 9 8
3 8 6
3 6 5
3 8 7
3 17 16
3 16 11
3 16 15
3 15 14
3 14 12
3 14 13
3 22 21
3 21 20
3 20 19
3 33 32
4 33 32
4 32 0
4 32 31
4 31 30
4 30 29
4 29 1
4 29 28
4 28 3
4 3 2
4 28 27
4 27 26
4 26 24
4 24 6
4 6 5
4 5 4
4 24 23
4 23 22
4 22 20
4 20 8
4 8 7
4 20 19
4 19 18
4 18 15
4 15 14
4 14 13
4 13 12
4 12 11
4 11 9
4 11 10
4 18 17
4 17 16
4 22 21
4 26 25
5 31 30
5 30 4
5 4 3
5 3 0
5 3 2
5 2 1
5 30 29
5 29 28
5 28 5
5 28 27
5 27 6
5 27 26
5 26 25
5 25 23
5 23 22
5 22 21
5 21 20
5 20 19
5 19 13
5 13 7
5 13 12
5 12 11
5 11 10
5 10 8
5 10 9
5 19 18
5 18 17
5 17 16
5 16 15
5 15 14
5 25 24
6 32 1
6 1 0
6 32 31
6 31 30
6 30 29
6 29 27
6 27 26
6 26 24
6 24 2
6 24 23
6 23 22
6 22 3
6 22 21
6 21 18
6 18 17
6 17 16
6 16 15
6 15 10
6 10 9
6 9 8
6 8 6
6 6 5
6 5 4
6 8 7
6 15 14
6 14 12
6 12 11
6 14 13
6 21 20
6 20 19
6 26 25
6 29 28
7 29 24
7 24 22
7 22 21
7 21 17
7 17 16
7 16 15
7 15 11
7 11 10
7 10 1
7 1 0
7 10 9
7 9 7
7 7 2
7 7 6
7 6 5
7 5 3
7 5 4
7 9 8
7 15 14
7 14 13
7 13 12
7 21 20
7 20 19
7 19 18
7 24 23
7 29 28
7 28 27
7 27 26
7 26 25
8 30 27
8 27 26
8 26 25
8 25 0
8 25 24
8 24 4
8 4 2
8 2 1
8 4 3
8 24 23
8 23 22
8 22 21
8 21 18
8 18 17
8 17 12
8 12 9
8 9 8
8 8 6
8 6 5
8 8 7
8 12 11
8 11 10
8 17 16
8 16 14
8 14 13
8 16 15
8 21 20
8 20 19
8 30 29
8 29 28
9 33 0
9 33 32
9 32 11
9 11 3
9 3 1
9 3 2
9 11 10
9 10 4
9 10 9
9 9 5
9 9 8
9 8 6
9 8 7
9 32 31
9 31 29
9 29 27
9 27 25
9 25 23
9 23 22
9 22 21
9 21 20
9 20 14
9 14 12
9 14 13
9 20 19
9 19 18
9 18 15
9 18 17
9 17 16
9 25 24
9 27 26
9 29 28
9 31 30
10 31 29
10 29 28
10 28 2
10 2 1
10 1 0
10 28 27
10 27 26
10 26 25
10 25 24
10 24 22
10 22 12
10 12 10
10 10 9
10 9 8
10 8 7
10 7 3
10 7 6
10 6 4
10 6 5
10 12 11
10 22 21
10 21 20
10 20 19
10 19 13
10 19 18
10 18 14
10 18 17
10 17 16
10 16 15
10 24 23
10 31 30
11 29 28
11 28 0
11 28 27
11 27 2
11 2 1
11 27 26
11 26 25
11 25 24
11 24 11
11 11 10
11 10 8
11 8 3
11 8 7
11 7 6
11 6 4
11 6 5
11 10 9
11 24 23
11 23 22
11 22 21
11 21 19
11 19 12
11 19 18
11 18 13
11 18 17
11 17 16
11 16 14
11 16 15
11 21 20
12 31 4
12 4 2
12 2 1
12 1 0
12 4 3
12 31 30
12 30 28
12 28 26
12 26 25
12 25 23
12 23 7
12 7 6
12 6 5
12 23 22
12 22 18
12 18 15
12 15 14
12 14 13
12 13 12
12 12 8
12 12 11
12 11 10
12 10 9
12 18 17
12 17 16
12 22 21
12 21 20
12 20 19
12 25 24
12 28 27
12 30 29
13 33 9
13 9 1
13 1 0
13 9 8
13 8 7
13 7 2
13 7 6
13 6 3
13 6 5
13 5 4
13 33 32
13 32 31
13 31 30
13 30 29
13 29 28
13 28 27
13 27 10
13 27 26
13 26 12
13 12 11
13 26 25
13 25 24
13 24 22
13 22 20
13 20 13
13 20 19
13 19 14
13 19 18
13 18 17
13 17 16
13 16 15
13 22 21
13 24 23
14 29 0
14 29 28
14 28 24
14 24 22
14 22 21
14 21 20
14 20 7
14 7 6
14 6 5
14 5 2
14 2 1
14 5 4
14 4 3
14 20 19
14 19 17
14 17 8
14 17 16
14 16 15
14 15 9
14 15 14
14 14 13
14 13 11
14 11 10
14 13 12
14 19 18
14 24 23
14 28 27
14 27 26
14 26 25
15 31 1
15 1 0
15 31 30
15 30 2
15 30 29
15 29 28
15 28 27
15 27 26
15 26 7
15 7 6
15 6 4
15 4 3
15 6 5
15 26 25
15 25 23
15 23 18
15 18 16
15 16 15
15 15 13
15 13 11
15 11 10
15 10 9
15 9 8
15 13 12
15 15 14
15 18 17
15 23 22
15 22 21
15 21 20
15 20 19
15 25 24
16 30 29
16 29 28
16 28 0
16 28 27
16 27 9
16 9 8
16 8 7
16 7 6
16 6 4
16 4 3
16 3 1
16 3 2
16 6 5
16 27 26
16 26 17
16 17 16
16 16 15
16 15 14
16 14 13
16 13 12
16 12 10
16 12 11
16 26 25
16 25 23
16 23 18
16 23 22
16 22 19
16 22 21
16 21 20
16 25 24
17 32 31
17 31 14
17 14 12
17 12 10
17 10 0
17 10 9
17 9 6
17 6 5
17 5 4
17 4 2
17 2 1
17 4 3
17 9 8
17 8 7
17 12 11
17 14 13
17 31 30
17 30 20
17 20 17
17 17 15
17 17 16
17 20 19
17 19 18
17 30 29
17 29 28
17 28 22
17 22 21
17 28 27
17 27 25
17 25 24
17 24 23
17 27 26
18 30 0
18 30 29
18 29 2
18 2 1
18 29 28
18 28 8
18 8 7
18 7 5
18 5 3
18 5 4
18 7 6
18 28 27
18 27 9
18 27 26
18 26 25
18 25 10
18 25 24
18 24 23
18 23 21
18 21 12
18 12 11
18 21 20
18 20 19
18 19 18
18 18 17
18 17 15
18 15 14
18 14 13
18 17 16
18 23 22
19 29 28
19 28 27
19 27 16
19 16 7
19 7 6
19 6 0
19 6 5
19 5 4
19 4 1
19 4 3
19 3 2
19 16 15
19 15 14
19 14 13
19 13 11
19 11 8
19 11 10
19 10 9
19 13 12
19 27 26
19 26 25
19 25 22
19 22 20
19 20 17
19 20 19
19 19 18
19 22 21
19 25 24
19 24 23
20 29 2
20 2 0
20 2 1
20 29 28
20 28 26
20 26 25
20 25 24
20 24 21
20 21 11
20 11 7
20 7 6
20 6 5
20 5 4
20 4 3
20 11 10
20 10 8
20 10 9
20 21 20
20 20 12
20 20 19
20 19 18
20 18 14
20 14 13
20 18 17
20 17 15
20 17 16
20 24 23
20 23 22
20 28 27
21 33 0
21 33 32
21 32 30
21 30 3
21 3 2
21 2 1
21 30 29
21 29 4
21 29 28
21 28 27
21 27 20
21 20 17
21 17 16
21 16 14
21 14 13
21 13 7
21 7 6
21 6 5
21 13 12
21 12 11
21 11 8
21 11 10
21 10 9
21 16 15
21 20 19
21 19 18
21 27 26
21 26 25
21 25 22
21 22 21
21 25 24
21 24 23
21 32 31
22 32 0
22 32 31
22 31 30
22 30 28
22 28 27
22 27 2
22 2 1
22 27 26
22 26 25
22 25 6
22 6 5
22 5 4
22 4 3
22 25 24
22 24 7
22 24 23
22 23 21
22 21 20
22 20 17
22 17 16
22 16 11
22 11 8
22 11 10
22 10 9
22 16 15
22 15 14
22 14 13
22 13 12
22 20 19
22 19 18
22 23 22
22 30 29
23 34 31
23 31 30
23 30 28
23 28 27
23 27 26
23 26 24
23 24 23
23 23 1
23 1 0
23 23 22
23 22 2
23 22 21
23 21 20
23 20 3
23 20 19
23 19 18
23 18 17
23 17 16
23 16 8
23 8 7
23 7 5
23 5 4
23 7 6
23 16 15
23 15 9
23 15 14
23 14 10
23 14 13
23 13 11
23 13 12
23 26 25
23 30 29
23 34 33
23 33 32
24 30 29
24 29 28
24 28 20
24 20 7
24 7 6
24 6 2
24 2 0
24 2 1
24 6 5
24 5 3
24 5 4
24 20 19
24 19 18
24 18 17
24 17 8
24 17 16
24 16 15
24 15 9
24 15 14
24 14 13
24 13 12
24 12 10
24 12 11
24 28 27
24 27 26
24 26 25
24 25 23
24 23 22
24 22 21
24 25 24
25 31 0
25 31 30
25 30 10
25 10 9
25 9 2
25 2 1
25 9 8
25 8 7
25 7 3
25 7 6
25 6 4
25 6 5
25 30 29
25 29 25
25 25 23
25 23 22
25 22 11
25 22 21
25 21 20
25 20 19
25 19 18
25 18 16
25 16 13
25 13 12
25 16 15
25 15 14
25 18 17
25 25 24
25 29 28
25 28 27
25 27 26
26 33 0
26 33 32
26 32 30
26 30 14
26 14 13
26 13 7
26 7 3
26 3 2
26 2 1
26 7 6
26 6 4
26 6 5
26 13 12
26 12 10
26 10 8
26 10 9
26 12 11
26 30 29
26 29 28
26 28 27
26 27 26
26 26 16
26 16 15
26 26 25
26 25 24
26 24 17
26 24 23
26 23 22
26 22 21
26 21 20
26 20 19
26 19 18
26 32 31
27 32 0
27 32 31
27 31 1
27 31 30
27 30 2
27 30 29
27 29 28
27 28 27
27 27 23
27 23 3
27 23 22
27 22 19
27 19 18
27 18 17
27 17 16
27 16 15
27 15 14
27 14 4
27 14 13
27 13 11
27 11 10
27 10 5
27 10 9
27 9 8
27 8 6
27 8 7
27 13 12
27 22 21
27 21 20
27 27 26
27 26 25
27 25 24
28 31 30
28 30 3
28 3 2
28 2 0
28 2 1
28 30 29
28 29 28
28 28 26
28 26 7
28 7 6
28 6 4
28 6 5
28 26 25
28 25 9
28 9 8
28 25 24
28 24 14
28 14 11
28 11 10
28 14 13
28 13 12
28 24 23
28 23 22
28 22 20
28 20 15
28 20 19
28 19 17
28 17 16
28 19 18
28 22 21
28 28 27
29 34 33
29 33 1
29 1 0
29 33 32
29 32 19
29 19 18
29 18 16
29 16 15
29 15 13
29 13 2
29 13 12
29 12 11
29 11 10
29 10 7
29 7 4
29 4 3
29 7 6
29 6 5
29 10 9
29 9 8
29 15 14
29 18 17
29 32 31
29 31 27
29 27 20
29 27 26
29 26 21
29 26 25
29 25 22
29 25 24
29 24 23
29 31 30
29 30 29
29 29 28
30 29 1
30 1 0
30 29 28
30 28 27
30 27 21
30 21 20
30 20 19
30 19 18
30 18 10
30 10 7
30 7 2
30 7 6
30 6 5
30 5 3
30 5 4
30 10 9
30 9 8
30 18 17
30 17 11
30 17 16
30 16 12
30 16 15
30 15 13
30 15 14
30 27 26
30 26 25
30 25 24
30 24 22
30 24 23
31 32 30
31 30 29
31 29 27
31 27 23
31 23 1
31 1 0
31 23 22
31 22 21
31 21 19
31 19 18
31 18 17
31 17 16
31 16 15
31 15 7
31 7 6
31 6 4
31 4 2
31 4 3
31 6 5
31 15 14
31 14 13
31 13 10
31 10 8
31 10 9
31 13 12
31 12 11
31 21 20
31 27 26
31 26 25
31 25 24
31 29 28
31 32 31
32 33 0
32 33 32
32 32 4
32 4 3
32 3 1
32 3 2
32 32 31
32 31 29
32 29 19
32 19 18
32 18 6
32 6 5
32 18 17
32 17 16
32 16 8
32 8 7
32 16 15
32 15 12
32 12 9
32 12 11
32 11 10
32 15 14
32 14 13
32 29 28
32 28 27
32 27 26
32 26 21
32 21 20
32 26 25
32 25 22
32 25 24
32 24 23
32 31 30
33 31 29
33 29 7
33 7 6
33 6 5
33 5 3
33 3 0
33 3 2
33 2 1
33 5 4
33 29 28
33 28 8
33 28 27
33 27 9
33 27 26
33 26 25
33 25 23
33 23 22
33 22 21
33 21 19
33 19 16
33 16 10
33 16 15
33 15 14
33 14 12
33 12 11
33 14 13
33 19 18
33 18 17
33 21 20
33 25 24
33 31 30
34 34 1
34 1 0
34 34 33
34 33 32
34 32 29
34 29 17
34 17 2
34 17 16
34 16 15
34 15 4
34 4 3
34 15 14
34 14 5
34 14 13
34 13 12
34 12 11
34 11 10
34 10 9
34 9 6
34 9 8
34 8 7
34 29 28
34 28 26
34 26 24
34 24 19
34 19 18
34 24 23
34 23 21
34 21 20
34 23 22
34 26 25
34 28 27
34 32 31
34 31 30
35 29 14
35 14 13
35 13 7
35 7 0
35 7 6
35 6 2
35 2 1
35 6 5
35 5 4
35 4 3
35 13 12
35 12 10
35 10 8
35 10 9
35 12 11
35 29 28
35 28 27
35 27 15
35 27 26
35 26 24
35 24 20
35 20 18
35 18 16
35 18 17
35 20 19
35 24 23
35 23 21
35 23 22
35 26 25
36 29 27
36 27 9
36 9 5
36 5 4
36 4 3
36 3 1
36 1 0
36 3 2
36 9 8
36 8 6
36 8 7
36 27 26
36 26 25
36 25 10
36 25 24
36 24 22
36 22 21
36 21 17
36 17 11
36 17 16
36 16 15
36 15 12
36 15 14
36 14 13
36 21 20
36 20 18
36 20 19
36 24 23
36 29 28
37 29 14
37 14 13
37 13 12
37 12 11
37 11 9
37 9 0
37 9 8
37 8 1
37 8 7
37 7 2
37 7 6
37 6 5
37 5 4
37 4 3
37 11 10
37 29 28
37 28 26
37 26 23
37 23 21
37 21 16
37 16 15
37 21 20
37 20 17
37 20 19
37 19 18
37 23 22
37 26 25
37 25 24
37 28 27
38 30 0
38 30 29
38 29 28
38 28 18
38 18 10
38 10 1
38 10 9
38 9 8
38 8 3
38 3 2
38 8 7
38 7 4
38 7 6
38 6 5
38 18 17
38 17 15
38 15 11
38 15 14
38 14 12
38 14 13
38 17 16
38 28 27
38 27 25
38 25 21
38 21 19
38 21 20
38 25 24
38 24 22
38 24 23
38 27 26
39 31 26
39 26 25
39 25 24
39 24 22
39 22 21
39 21 20
39 20 19
39 19 12
39 12 10
39 10 8
39 8 7
39 7 0
39 7 6
39 6 5
39 5 3
39 3 1
39 3 2
39 5 4
39 10 9
39 12 11
39 19 18
39 18 17
39 17 14
39 14 13
39 17 16
39 16 15
39 24 23
39 31 30
39 30 27
39 30 29
39 29 28
40 31 14
40 14 11
40 11 10
40 10 1
40 1 0
40 10 9
40 9 8
40 8 7
40 7 6
40 6 5
40 5 4
40 4 2
40 4 3
40 14 13
40 13 12
40 31 30
40 30 17
40 17 16
40 16 15
40 30 29
40 29 27
40 27 26
40 26 18
40 26 25
40 25 23
40 23 22
40 22 21
40 21 19
40 21 20
40 25 24
40 29 28
41 29 2
41 2 1
41 1 0
41 29 28
41 28 25
41 25 8
41 8 5
41 5 3
41 5 4
41 8 7
41 7 6
41 25 24
41 24 23
41 23 9
41 23 22
41 22 11
41 11 10
41 22 21
41 21 14
41 14 12
41 14 13
41 21 20
41 20 16
41 16 15
41 20 19
41 19 18
41 18 17
41 28 27
41 27 26
42 29 22
42 22 9
42 9 6
42 6 3
42 3 2
42 2 1
42 1 0
42 6 5
42 5 4
42 9 8
42 8 7
42 22 21
42 21 13
42 13 10
42 13 12
42 12 11
42 21 20
42 20 18
42 18 17
42 17 14
42 17 16
42 16 15
42 20 19
42 29 28
42 28 25
42 25 23
42 25 24
42 28 27
42 27 26
43 31 1
43 1 0
43 31 30
43 30 6
43 6 2
43 6 5
43 5 4
43 4 3
43 30 29
43 29 28
43 28 9
43 9 8
43 8 7
43 28 27
43 27 23
43 23 19
43 19 11
43 11 10
43 19 18
43 18 16
43 16 15
43 15 14
43 14 12
43 14 13
43 18 17
43 23 22
43 22 20
43 22 21
43 27 26
43 26 24
43 26 25
44 34 32
44 32 0
44 32 31
44 31 2
44 2 1
44 31 30
44 30 29
44 29 3
44 29 28
44 28 27
44 27 25
44 25 9
44 9 4
44 9 8
44 8 5
44 8 7
44 7 6
44 25 24
44 24 21
44 21 20
44 20 17
44 17 13
44 13 12
44 12 10
44 12 11
44 17 16
44 16 14
44 16 15
44 20 19
44 19 18
44 24 23
44 23 22
44 27 26
44 34 33
45 29 5
45 5 3
45 3 1
45 1 0
45 3 2
45 5 4
45 29 28
45 28 26
45 26 19
45 19 8
45 8 6
45 8 7
45 19 18
45 18 14
45 14 9
45 14 13
45 13 10
45 13 12
45 12 11
45 18 17
45 17 15
45 17 16
45 26 25
45 25 22
45 22 21
45 21 20
45 25 24
45 24 23
45 28 27
46 34 33
46 33 32
46 32 29
46 29 1
46 1 0
46 29 28
46 28 18
46 18 3
46 3 2
46 18 17
46 17 16
46 16 11
46 11 10
46 10 8
46 8 7
46 7 6
46 6 4
46 6 5
46 10 9
46 16 15
46 15 14
46 14 12
46 14 13
46 28 27
46 27 19
46 27 26
46 26 21
46 21 20
46 26 25
46 25 23
46 23 22
46 25 24
46 32 31
46 31 30
47 34 28
47 28 8
47 8 1
47 1 0
47 8 7
47 7 5
47 5 4
47 4 3
47 3 2
47 7 6
47 28 27
47 27 20
47 20 19
47 19 18
47 18 15
47 15 14
47 14 10
47 10 9
47 14 13
47 13 12
47 12 11
47 18 17
47 17 16
47 27 26
47 26 25
47 25 24
47 24 23
47 23 22
47 22 21
47 34 33
47 33 29
47 33 32
47 32 31
47 31 30
48 34 33
48 33 32
48 32 25
48 25 9
48 9 7
48 7 6
48 6 4
48 4 0
48 4 3
48 3 2
48 2 1
48 6 5
48 9 8
48 25 24
48 24 23
48 23 10
48 23 22
48 22 21
48 21 11
48 21 20
48 20 19
48 19 15
48 15 14
48 14 13
48 13 12
48 19 18
48 18 16
48 18 17
48 32 31
48 31 28
48 28 27
48 27 26
48 31 30
48 30 29
49 33 32
49 32 30
49 30 29
49 29 28
49 28 19
49 19 0
49 19 18
49 18 16
49 16 13
49 13 11
49 11 8
49 8 7
49 7 1
49 7 6
49 6 5
49 5 2
49 5 4
49 4 3
49 11 10
49 10 9
49 13 12
49 16 15
49 15 14
49 18 17
49 28 27
49 27 20
49 27 26
49 26 25
49 25 22
49 22 21
49 25 24
49 24 23
49 32 31
50 29 28
50 28 26
50 26 8
50 8 1
50 1 0
50 8 7
50 7 2
50 7 6
50 6 3
50 6 5
50 5 4
50 26 25
50 25 22
50 22 20
50 20 18
50 18 10
50 10 9
50 18 17
50 17 14
50 14 13
50 13 11
50 13 12
50 17 16
50 16 15
50 20 19
50 22 21
50 25 24
50 24 23
50 28 27
51 31 0
51 31 30
51 30 29
51 29 28
51 28 26
51 26 24
51 24 18
51 18 14
51 14 13
51 13 11
51 11 10
51 10 9
51 9 8
51 8 7
51 7 4
51 4 1
51 4 3
51 3 2
51 7 6
51 6 5
51 13 12
51 18 17
51 17 15
51 17 16
51 24 23
51 23 22
51 22 19
51 22 21
51 21 20
51 26 25
51 28 27
52 32 0
52 32 31
52 31 29
52 29 1
52 29 28
52 28 27
52 27 26
52 26 23
52 23 21
52 21 2
52 21 20
52 20 19
52 19 18
52 18 7
52 7 3
52 7 6
52 6 4
52 6 5
52 18 17
52 17 16
52 16 8
52 16 15
52 15 14
52 14 13
52 13 9
52 13 12
52 12 11
52 11 10
52 23 22
52 26 25
52 25 24
52 31 30
53 31 30
53 30 10
53 10 8
53 8 7
53 7 4
53 4 1
53 1 0
53 4 3
53 3 2
53 7 6
53 6 5
53 10 9
53 30 29
53 29 11
53 29 28
53 28 27
53 27 17
53 17 15
53 15 13
53 13 12
53 15 14
53 17 16
53 27 26
53 26 25
53 25 24
53 24 23
53 23 20
53 20 18
53 20 19
53 23 22
53 22 21
54 29 28
54 28 4
54 4 0
54 4 3
54 3 1
54 3 2
54 28 27
54 27 11
54 11 7
54 7 6
54 6 5
54 11 10
54 10 8
54 10 9
54 27 26
54 26 25
54 25 12
54 25 24
54 24 22
54 22 21
54 21 19
54 19 15
54 15 13
54 15 14
54 19 18
54 18 17
54 17 16
54 21 20
54 24 23
55 30 24
55 24 1
55 1 0
55 24 23
55 23 15
55 15 14
55 14 11
55 11 9
55 9 8
55 8 7
55 7 6
55 6 5
55 5 3
55 3 2
55 5 4
55 11 10
55 14 13
55 13 12
55 23 22
55 22 20
55 20 16
55 20 19
55 19 18
55 18 17
55 22 21
55 30 29
55 29 27
55 27 26
55 26 25
55 29 28
56 32 31
56 31 30
56 30 29
56 29 28
56 28 27
56 27 25
56 25 22
56 22 10
56 10 2
56 2 1
56 1 0
56 10 9
56 9 8
56 8 6
56 6 4
56 4 3
56 6 5
56 8 7
56 22 21
56 21 20
56 20 19
56 19 17
56 17 13
56 13 11
56 13 12
56 17 16
56 16 14
56 16 15
56 19 18
56 25 24
56 24 23
56 27 26
57 31 29
57 29 0
57 29 28
57 28 5
57 5 4
57 4 3
57 3 2
57 2 1
57 28 27
57 27 7
57 7 6
57 27 26
57 26 24
57 24 23
57 23 21
57 21 15
57 15 13
57 13 9
57 9 8
57 13 12
57 12 10
57 12 11
57 15 14
57 21 20
57 20 19
57 19 18
57 18 16
57 18 17
57 23 22
57 26 25
57 31 30
58 34 12
58 12 8
58 8 2
58 2 1
58 1 0
58 8 7
58 7 6
58 6 4
58 4 3
58 6 5
58 12 11
58 11 10
58 10 9
58 34 33
58 33 31
58 31 13
58 31 30
58 30 21
58 21 17
58 17 14
58 17 16
58 16 15
58 21 20
58 20 19
58 19 18
58 30 29
58 29 27
58 27 25
58 25 24
58 24 22
58 24 23
58 27 26
58 29 28
58 33 32
59 29 27
59 27 1
59 1 0
59 27 26
59 26 3
59 3 2
59 26 25
59 25 24
59 24 5
59 5 4
59 24 23
59 23 22
59 22 16
59 16 15
59 15 14
59 14 6
59 14 13
59 13 11
59 11 8
59 8 7
59 11 10
59 10 9
59 13 12
59 22 21
59 21 17
59 21 20
59 20 19
59 19 18
59 29 28
60 33 32
60 32 20
60 20 0
60 20 19
60 19 15
60 15 3
60 3 2
60 2 1
60 15 14
60 14 13
60 13 7
60 7 6
60 6 5
60 5 4
60 13 12
60 12 9
60 9 8
60 12 11
60 11 10
60 19 18
60 18 16
60 18 17
60 32 31
60 31 30
60 30 29
60 29 28
60 28 27
60 27 25
60 25 24
60 24 23
60 23 22
60 22 21
60 27 26
61 33 32
61 32 31
61 31 30
61 30 28
61 28 23
61 23 21
61 21 0
61 21 20
61 20 19
61 19 18
61 18 16
61 16 14
61 14 10
61 10 7
61 7 5
61 5 4
61 4 2
61 2 1
61 4 3
61 7 6
61 10 9
61 9 8
61 14 13
61 13 11
61 13 12
61 16 15
61 18 17
61 23 22
61 28 27
61 27 26
61 26 25
61 25 24
61 30 29
62 31 27
62 27 26
62 26 25
62 25 0
62 25 24
62 24 23
62 23 10
62 10 9
62 9 8
62 8 6
62 6 5
62 5 3
62 3 2
62 2 1
62 5 4
62 8 7
62 23 22
62 22 12
62 12 11
62 22 21
62 21 13
62 21 20
62 20 19
62 19 17
62 17 16
62 16 15
62 15 14
62 19 18
62 31 30
62 30 28
62 30 29
63 34 0
63 34 33
63 33 32
63 32 31
63 31 3
63 3 2
63 2 1
63 31 30
63 30 29
63 29 27
63 27 26
63 26 4
63 26 25
63 25 5
63 25 24
63 24 22
63 22 13
63 13 12
63 12 11
63 11 10
63 10 9
63 9 8
63 8 6
63 8 7
63 22 21
63 21 19
63 19 18
63 18 17
63 17 16
63 16 14
63 16 15
63 21 20
63 24 23
63 29 28
64 34 30
64 30 29
64 29 5
64 5 4
64 4 3
64 3 2
64 2 0
64 2 1
64 29 28
64 28 8
64 8 7
64 7 6
64 28 27
64 27 26
64 26 25
64 25 14
64 14 13
64 13 12
64 12 11
64 11 9
64 11 10
64 25 24
64 24 22
64 22 21
64 21 19
64 19 18
64 18 17
64 17 15
64 17 16
64 21 20
64 24 23
64 34 33
64 33 31
64 33 32
65 34 0
65 34 33
65 33 29
65 29 1
65 29 28
65 28 4
65 4 3
65 3 2
65 28 27
65 27 26
65 26 25
65 25 5
65 25 24
65 24 23
65 23 20
65 20 6
65 20 19
65 19 7
65 19 18
65 18 17
65 17 16
65 16 13
65 13 9
65 9 8
65 13 12
65 12 11
65 11 10
65 16 15
65 15 14
65 23 22
65 22 21
65 33 32
65 32 30
65 32 31
66 33 32
66 32 8
66 8 1
66 1 0
66 8 7
66 7 6
66 6 2
66 6 5
66 5 4
66 4 3
66 32 31
66 31 30
66 30 9
66 30 29
66 29 25
66 25 24
66 24 23
66 23 22
66 22 21
66 21 10
66 21 20
66 20 13
66 13 11
66 13 12
66 20 19
66 19 17
66 17 16
66 16 14
66 16 15
66 19 18
66 29 28
66 28 26
66 28 27
67 31 2
67 2 0
67 2 1
67 31 30
67 30 4
67 4 3
67 30 29
67 29 5
67 29 28
67 28 7
67 7 6
67 28 27
67 27 18
67 18 17
67 17 11
67 11 9
67 9 8
67 11 10
67 17 16
67 16 14
67 14 13
67 13 12
67 16 15
67 27 26
67 26 25
67 25 23
67 23 19
67 23 22
67 22 21
67 21 20
67 25 24
68 31 30
68 30 2
68 2 1
68 1 0
68 30 29
68 29 27
68 27 25
68 25 22
68 22 9
68 9 7
68 7 3
68 7 6
68 6 5
68 5 4
68 9 8
68 22 21
68 21 20
68 20 14
68 14 12
68 12 10
68 12 11
68 14 13
68 20 19
68 19 15
68 19 18
68 18 16
68 18 17
68 25 24
68 24 23
68 27 26
68 29 28
69 33 30
69 30 29
69 29 27
69 27 4
69 4 1
69 1 0
69 4 3
69 3 2
69 27 26
69 26 25
69 25 23
69 23 15
69 15 5
69 15 14
69 14 8
69 8 7
69 7 6
69 14 13
69 13 9
69 13 12
69 12 11
69 11 10
69 23 22
69 22 21
69 21 20
69 20 19
69 19 16
69 19 18
69 18 17
69 25 24
69 29 28
69 33 32
69 32 31
70 34 32
70 32 31
70 31 2
70 2 0
70 2 1
70 31 30
70 30 27
70 27 21
70 21 19
70 19 18
70 18 7
70 7 6
70 6 3
70 6 5
70 5 4
70 18 17
70 17 8
70 17 16
70 16 12
70 12 10
70 10 9
70 12 11
70 16 15
70 15 13
70 15 14
70 21 20
70 27 26
70 26 23
70 23 22
70 26 25
70 25 24
70 30 29
70 29 28
70 34 33
71 29 20
71 20 19
71 19 0
71 19 18
71 18 14
71 14 12
71 12 11
71 11 10
71 10 3
71 3 2
71 2 1
71 10 9
71 9 6
71 6 4
71 6 5
71 9 8
71 8 7
71 14 13
71 18 17
71 17 15
71 17 16
71 29 28
71 28 27
71 27 21
71 27 26
71 26 25
71 25 22
71 25 24
71 24 23
72 32 0
72 32 31
72 31 6
72 6 1
72 6 5
72 5 4
72 4 3
72 3 2
72 31 30
72 30 11
72 11 9
72 9 7
72 9 8
72 11 10
72 30 29
72 29 23
72 23 22
72 22 21
72 21 12
72 21 20
72 20 19
72 19 13
72 19 18
72 18 17
72 17 16
72 16 14
72 16 15
72 29 28
72 28 25
72 25 24
72 28 27
72 27 26
73 34 17
73 17 3
73 3 0
73 3 2
73 2 1
73 17 16
73 16 9
73 9 4
73 9 8
73 8 6
73 6 5
73 8 7
73 16 15
73 15 10
73 15 14
73 14 12
73 12 11
73 14 13
73 34 33
73 33 32
73 32 31
73 31 28
73 28 19
73 19 18
73 28 27
73 27 26
73 26 24
73 24 23
73 23 22
73 22 20
73 22 21
73 26 25
73 31 30
73 30 29
74 29 28
74 28 6
74 6 5
74 5 3
74 3 2
74 2 1
74 1 0
74 5 4
74 28 27
74 27 26
74 26 25
74 25 11
74 11 8
74 8 7
74 11 10
74 10 9
74 25 24
74 24 23
74 23 12
74 23 22
74 22 13
74 22 21
74 21 15
74 15 14
74 21 20
74 20 18
74 18 17
74 17 16
74 20 19
75 32 17
75 17 16
75 16 1
75 1 0
75 16 15
75 15 11
75 11 10
75 10 7
75 7 4
75 4 3
75 3 2
75 7 6
75 6 5
75 10 9
75 9 8
75 15 14
75 14 13
75 13 12
75 32 31
75 31 30
75 30 18
75 30 29
75 29 27
75 27 26
75 26 19
75 26 25
75 25 20
75 25 24
75 24 21
75 24 23
75 23 22
75 29 28
76 34 32
76 32 31
76 31 30
76 30 0
76 30 29
76 29 28
76 28 3
76 3 2
76 2 1
76 28 27
76 27 5
76 5 4
76 27 26
76 26 25
76 25 18
76 18 17
76 17 15
76 15 14
76 14 7
76 7 6
76 14 13
76 13 12
76 12 9
76 9 8
76 12 11
76 11 10
76 17 16
76 25 24
76 24 22
76 22 19
76 22 21
76 21 20
76 24 23
76 34 33
77 31 30
77 30 3
77 3 2
77 2 0
77 2 1
77 30 29
77 29 28
77 28 13
77 13 4
77 13 12
77 12 5
77 12 11
77 11 10
77 10 7
77 7 6
77 10 9
77 9 8
77 28 27
77 27 24
77 24 17
77 17 15
77 15 14
77 17 16
77 24 23
77 23 19
77 19 18
77 23 22
77 22 21
77 21 20
77 27 26
77 26 25
78 32 0
78 32 31
78 31 30
78 30 29
78 29 1
78 29 28
78 28 23
78 23 13
78 13 5
78 5 3
78 3 2
78 5 4
78 13 12
78 12 6
78 12 11
78 11 10
78 10 9
78 9 7
78 9 8
78 23 22
78 22 20
78 20 19
78 19 17
78 17 16
78 16 15
78 15 14
78 19 18
78 22 21
78 28 27
78 27 25
78 25 24
78 27 26
79 32 31
79 31 30
79 30 1
79 1 0
79 30 29
79 29 28
79 28 14
79 14 13
79 13 9
79 9 2
79 9 8
79 8 7
79 7 6
79 6 5
79 5 3
79 5 4
79 13 12
79 12 10
79 12 11
79 28 27
79 27 24
79 24 15
79 24 23
79 23 21
79 21 18
79 18 17
79 17 16
79 21 20
79 20 19
79 23 22
79 27 26
79 26 25
80 32 31
80 31 7
80 7 5
80 5 2
80 2 0
80 2 1
80 5 4
80 4 3
80 7 6
80 31 30
80 30 8
80 30 29
80 29 26
80 26 22
80 22 21
80 21 20
80 20 19
80 19 11
80 11 9
80 11 10
80 19 18
80 18 17
80 17 14
80 14 13
80 13 12
80 17 16
80 16 15
80 26 25
80 25 23
80 25 24
80 29 28
80 28 27
81 29 28
81 28 27
81 27 26
81 26 0
81 26 25
81 25 24
81 24 16
81 16 15
81 15 14
81 14 1
81 14 13
81 13 11
81 11 9
81 9 3
81 3 2
81 9 8
81 8 7
81 7 4
81 7 6
81 6 5
81 11 10
81 13 12
81 24 23
81 23 22
81 22 21
81 21 17
81 21 20
81 20 19
81 19 18
82 31 30
82 30 28
82 28 25
82 25 24
82 24 19
82 19 2
82 2 0
82 2 1
82 19 18
82 18 17
82 17 7
82 7 3
82 7 6
82 6 5
82 5 4
82 17 16
82 16 15
82 15 14
82 14 12
82 12 10
82 10 8
82 10 9
82 12 11
82 14 13
82 24 23
82 23 22
82 22 21
82 21 20
82 28 27
82 27 26
82 30 29
83 34 32
83 32 27
83 27 4
83 4 3
83 3 2
83 2 1
83 1 0
83 27 26
83 26 5
83 26 25
83 25 24
83 24 21
83 21 6
83 21 20
83 20 19
83 19 16
83 16 7
83 16 15
83 15 12
83 12 8
83 12 11
83 11 9
83 11 10
83 15 14
83 14 13
83 19 18
83 18 17
83 24 23
83 23 22
83 32 31
83 31 29
83 29 28
83 31 30
83 34 33
84 32 31
84 31 1
84 1 0
84 31 30
84 30 27
84 27 2
84 27 26
84 26 25
84 25 3
84 25 24
84 24 23
84 23 22
84 22 4
84 22 21
84 21 20
84 20 7
84 7 5
84 7 6
84 20 19
84 19 8
84 19 18
84 18 10
84 10 9
84 18 17
84 17 16
84 16 11
84 16 15
84 15 13
84 13 12
84 15 14
84 30 29
84 29 28
85 30 28
85 28 27
85 27 9
85 9 5
85 5 4
85 4 0
85 4 3
85 3 2
85 2 1
85 9 8
85 8 6
85 8 7
85 27 26
85 26 12
85 12 11
85 11 10
85 26 25
85 25 20
85 20 13
85 20 19
85 19 18
85 18 16
85 16 15
85 15 14
85 18 17
85 25 24
85 24 23
85 23 22
85 22 21
85 30 29
86 29 17
86 17 16
86 16 15
86 15 14
86 14 8
86 8 7
86 7 5
86 5 3
86 3 1
86 1 0
86 3 2
86 5 4
86 7 6
86 14 13
86 13 9
86 13 12
86 12 11
86 11 10
86 29 28
86 28 27
86 27 24
86 24 23
86 23 19
86 19 18
86 23 22
86 22 20
86 22 21
86 27 26
86 26 25
87 32 29
87 29 0
87 29 28
87 28 3
87 3 2
87 2 1
87 28 27
87 27 25
87 25 24
87 24 23
87 23 22
87 22 7
87 7 6
87 6 5
87 5 4
87 22 21
87 21 20
87 20 17
87 17 16
87 16 10
87 10 8
87 10 9
87 16 15
87 15 14
87 14 11
87 14 13
87 13 12
87 20 19
87 19 18
87 27 26
87 32 31
87 31 30
88 33 32
88 32 31
88 31 12
88 12 2
88 2 1
88 1 0
88 12 11
88 11 3
88 11 10
88 10 9
88 9 4
88 9 8
88 8 5
88 8 7
88 7 6
88 31 30
88 30 18
88 18 15
88 15 14
88 14 13
88 18 17
88 17 16
88 30 29
88 29 27
88 27 21
88 21 20
88 20 19
88 27 26
88 26 25
88 25 23
88 23 22
88 25 24
88 29 28
89 30 0
89 30 29
89 29 24
89 24 21
89 21 19
89 19 18
89 18 2
89 2 1
89 18 17
89 17 3
89 17 16
89 16 15
89 15 4
89 15 14
89 14 5
89 14 13
89 13 12
89 12 11
89 11 9
89 9 7
89 7 6
89 9 8
89 11 10
89 21 20
89 24 23
89 23 22
89 29 28
89 28 27
89 27 25
89 27 26
90 29 27
90 27 1
90 1 0
90 27 26
90 26 24
90 24 12
90 12 11
90 11 9
90 9 2
90 9 8
90 8 4
90 4 3
90 8 7
90 7 5
90 7 6
90 11 10
90 24 23
90 23 22
90 22 15
90 15 13
90 15 14
90 22 21
90 21 16
90 21 20
90 20 19
90 19 18
90 18 17
90 26 25
90 29 28
91 32 29
91 29 27
91 27 26
91 26 25
91 25 0
91 25 24
91 24 2
91 2 1
91 24 23
91 23 22
91 22 3
91 22 21
91 21 20
91 20 18
91 18 14
91 14 12
91 12 6
91 6 4
91 6 5
91 12 11
91 11 9
91 9 8
91 8 7
91 11 10
91 14 13
91 18 17
91 17 16
91 16 15
91 20 19
91 29 28
91 32 31
91 31 30
92 34 32
92 32 31
92 31 0
92 31 30
92 30 29
92 29 1
92 29 28
92 28 4
92 4 3
92 3 2
92 28 27
92 27 25
92 25 5
92 25 24
92 24 23
92 23 22
92 22 6
92 22 21
92 21 11
92 11 10
92 10 9
92 9 7
92 9 8
92 21 20
92 20 19
92 19 18
92 18 16
92 16 14
92 14 13
92 13 12
92 16 15
92 18 17
92 27 26
92 34 33
93 30 0
93 30 29
93 29 1
93 29 28
93 28 27
93 27 26
93 26 3
93 3 2
93 26 25
93 25 24
93 24 22
93 22 21
93 21 4
93 21 20
93 20 18
93 18 17
93 17 9
93 9 5
93 9 8
93 8 7
93 7 6
93 17 16
93 16 14
93 14 10
93 14 13
93 13 11
93 13 12
93 16 15
93 20 19
93 24 23
94 31 30
94 30 26
94 26 8
94 8 5
94 5 0
94 5 4
94 4 3
94 3 1
94 3 2
94 8 7
94 7 6
94 26 25
94 25 9
94 25 24
94 24 23
94 23 22
94 22 21
94 21 19
94 19 18
94 18 17
94 17 15
94 15 10
94 15 14
94 14 13
94 13 12
94 12 11
94 17 16
94 21 20
94 30 29
94 29 27
94 29 28
95 33 32
95 32 30
95 30 28
95 28 0
95 28 27
95 27 15
95 15 13
95 13 8
95 8 3
95 3 1
95 3 2
95 8 7
95 7 6
95 6 4
95 6 5
95 13 12
95 12 11
95 11 10
95 10 9
95 15 14
95 27 26
95 26 23
95 23 16
95 23 22
95 22 20
95 20 17
95 20 19
95 19 18
95 22 21
95 26 25
95 25 24
95 30 29
95 32 31
96 30 5
96 5 4
96 4 3
96 3 1
96 1 0
96 3 2
96 30 29
96 29 10
96 10 9
96 9 8
96 8 7
96 7 6
96 29 28
96 28 11
96 28 27
96 27 26
96 26 25
96 25 24
96 24 23
96 23 14
96 14 12
96 14 13
96 23 22
96 22 20
96 20 19
96 19 15
96 19 18
96 18 17
96 17 16
96 22 21
97 32 31
97 31 0
97 31 30
97 30 1
97 30 29
97 29 2
97 29 28
97 28 27
97 27 23
97 23 22
97 22 9
97 9 7
97 7 6
97 6 3
97 6 5
97 5 4
97 9 8
97 22 21
97 21 20
97 20 19
97 19 10
97 19 18
97 18 11
97 18 17
97 17 12
97 17 16
97 16 13
97 16 15
97 15 14
97 27 26
97 26 25
97 25 24
98 30 29
98 29 8
98 8 7
98 7 5
98 5 4
98 4 2
98 2 1
98 1 0
98 4 3
98 7 6
98 29 28
98 28 9
98 28 27
98 27 10
98 27 26
98 26 25
98 25 11
98 25 24
98 24 23
98 23 21
98 21 20
98 20 19
98 19 13
98 13 12
98 19 18
98 18 17
98 17 14
98 17 16
98 16 15
98 23 22
99 30 29
99 29 10
99 10 3
99 3 1
99 1 0
99 3 2
99 10 9
99 9 8
99 8 7
99 7 6
99 6 4
99 6 5
99 29 28
99 28 12
99 12 11
99 28 27
99 27 18
99 18 13
99 18 17
99 17 16
99 16 15
99 15 14
99 27 26
99 26 19
99 26 25
99 25 20
99 25 24
99 24 22
99 22 21
99 24 23
100 30 29
100 29 26
100 26 25
100 25 24
100 24 3
100 3 1
100 1 0
100 3 2
100 24 23
100 23 22
100 22 15
100 15 5
100 5 4
100 15 14
100 14 11
100 11 9
100 9 6
100 9 8
100 8 7
100 11 10
100 14 13
100 13 12
100 22 21
100 21 20
100 20 16
100 20 19
100 19 18
100 18 17
100 29 28
100 28 27
101 29 0
101 29 28
101 28 15
101 15 13
101 13 7
101 7 1
101 7 6
101 6 5
101 5 3
101 3 2
101 5 4
101 13 12
101 12 8
101 12 11
101 11 10
101 10 9
101 15 14
101 28 27
101 27 16
101 27 26
101 26 25
101 25 22
101 22 17
101 22 21
101 21 19
101 19 18
101 21 20
101 25 24
101 24 23
