1 29 28
1 28 20
1 20 19
1 19 3
1 3 2
1 2 1
1 1 0
1 19 18
1 18 6
1 6 5
1 5 4
1 18 17
1 17 8
1 8 7
1 17 16
1 16 15
1 15 12
1 12 11
1 11 9
1 11 10
1 15 14
1 14 13
1 28 27
1 27 26
1 26 25
1 25 22
1 22 21
1 25 24
1 24 23
2 33 0
2 33 32
2 32 31
2 31 29
2 29 6
2 6 5
2 5 4
2 4 3
2 3 2
2 2 1
2 29 28
2 28 26
2 26 25
2 25 24
2 24 23
2 23 12
2 12 7
2 12 11
2 11 10
2 10 8
2 10 9
2 23 22
2 22 21
2 21 19
2 19 18
2 18 15
2 15 14
2 14 13
2 18 17
2 17 16
2 21 20
2 28 27
2 31 30
3 30 27
3 27 0
3 27 26
3 26 25
3 25 23
3 23 22
3 22 21
3 21 19
3 19 5
3 5 4
3 4 1
3 4 3
3 3 2
3 19 18
3 18 17
3 17 15
3 15 12
3 12 11
3 11 10
3 10 9
3 9 8
3 8 6
3 8 7
3 15 14
3 14 13
3 17 16
3 21 20
3 25 24
3 30 29
3 29 28
4 30 1
4 1 0
4 30 29
4 29 28
4 28 14
4 14 13
4 13 12
4 12 9
4 9 7
4 7 2
4 7 6
4 6 5
4 5 4
4 4 3
4 9 8
4 12 11
4 11 10
4 28 27
4 27 15
4 27 26
4 26 25
4 25 19
4 19 18
4 18 17
4 17 16
4 25 24
4 24 23
4 23 22
4 22 20
4 22 21
5 30 29
5 29 0
5 29 28
5 28 26
5 26 25
5 25 24
5 24 23
5 23 22
5 22 11
5 11 10
5 10 6
5 6 3
5 3 2
5 2 1
5 6 5
5 5 4
5 10 9
5 9 7
5 9 8
5 22 21
5 21 19
5 19 18
5 18 17
5 17 16
5 16 15
5 15 13
5 13 12
5 15 14
5 21 20
5 28 27
6 32 31
6 31 27
6 27 6
6 6 2
6 2 1
6 1 0
6 6 5
6 5 4
6 4 3
6 27 26
6 26 25
6 25 17
6 17 12
6 12 7
6 12 11
6 11 9
6 9 8
6 11 10
6 17 16
6 16 15
6 15 13
6 15 14
6 25 24
6 24 20
6 20 19
6 19 18
6 24 23
6 23 22
6 22 21
6 31 30
6 30 29
6 29 28
7 34 27
7 27 25
7 25 1
7 1 0
7 25 24
7 24 23
7 23 6
7 6 4
7 4 3
7 3 2
7 6 5
7 23 22
7 22 21
7 21 16
7 16 7
7 16 15
7 15 14
7 14 10
7 10 9
7 9 8
7 14 13
7 13 12
7 12 11
7 21 20
7 20 19
7 19 18
7 18 17
7 27 26
7 34 33
7 33 28
7 33 32
7 32 31
7 31 29
7 31 30
8 34 32
8 32 23
8 23 22
8 22 21
8 21 19
8 19 2
8 2 1
8 1 0
8 19 18
8 18 17
8 17 14
8 14 13
8 13 12
8 12 8
8 8 3
8 8 7
8 7 5
8 5 4
8 7 6
8 12 11
8 11 10
8 10 9
8 17 16
8 16 15
8 21 20
8 32 31
8 31 30
8 30 29
8 29 24
8 29 28
8 28 26
8 26 25
8 28 27
8 34 33
9 30 24
9 24 23
9 23 22
9 22 12
9 12 11
9 11 8
9 8 3
9 3 0
9 3 2
9 2 1
9 8 7
9 7 4
9 7 6
9 6 5
9 11 10
9 10 9
9 22 21
9 21 20
9 20 13
9 20 19
9 19 18
9 18 16
9 16 14
9 16 15
9 18 17
9 30 29
9 29 25
9 29 28
9 28 26
9 28 27
10 30 29
10 29 21
10 21 19
10 19 18
10 18 16
10 16 8
10 8 0
10 8 7
10 7 6
10 6 5
10 5 1
10 5 4
10 4 2
10 4 3
10 16 15
10 15 14
10 14 10
10 10 9
10 14 13
10 13 11
10 13 12
10 18 17
10 21 20
10 29 28
10 28 26
10 26 23
10 23 22
10 26 25
10 25 24
10 28 27
11 34 33
11 33 32
11 32 30
11 30 27
11 27 25
11 25 9
11 9 7
11 7 6
11 6 5
11 5 4
11 4 3
11 3 0
11 3 2
11 2 1
11 9 8
11 25 24
11 24 13
11 13 10
11 13 12
11 12 11
11 24 23
11 23 16
11 16 14
11 16 15
11 23 22
11 22 19
11 19 17
11 19 18
11 22 21
11 21 20
11 27 26
11 30 29
11 29 28
11 32 31
12 29 28
12 28 27
12 27 0
12 27 26
12 26 23
12 23 2
12 2 1
12 23 22
12 22 7
12 7 6
12 6 4
12 4 3
12 6 5
12 22 21
12 21 20
12 20 8
12 20 19
12 19 17
12 17 11
12 11 9
12 11 10
12 17 16
12 16 15
12 15 13
12 13 12
12 15 14
12 19 18
12 26 25
12 25 24
13 34 33
13 33 22
13 22 15
13 15 1
13 1 0
13 15 14
13 14 13
13 13 12
13 12 11
13 11 10
13 10 9
13 9 8
13 8 7
13 7 6
13 6 5
13 5 4
13 4 3
13 3 2
13 22 21
13 21 16
13 21 20
13 20 18
13 18 17
13 20 19
13 33 32
13 32 31
13 31 29
13 29 24
13 24 23
13 29 28
13 28 25
13 28 27
13 27 26
13 31 30
14 29 27
14 27 25
14 25 23
14 23 7
14 7 0
14 7 6
14 6 3
14 3 2
14 2 1
14 6 5
14 5 4
14 23 22
14 22 11
14 11 9
14 9 8
14 11 10
14 22 21
14 21 20
14 20 16
14 16 15
14 15 14
14 14 13
14 13 12
14 20 19
14 19 18
14 18 17
14 25 24
14 27 26
14 29 28
15 30 26
15 26 23
15 23 0
15 23 22
15 22 21
15 21 20
15 20 18
15 18 17
15 17 16
15 16 15
15 15 5
15 5 4
15 4 1
15 4 3
15 3 2
15 15 14
15 14 13
15 13 11
15 11 8
15 8 6
15 8 7
15 11 10
15 10 9
15 13 12
15 20 19
15 26 25
15 25 24
15 30 29
15 29 28
15 28 27
16 29 28
16 28 27
16 27 26
16 26 7
16 7 6
16 6 0
16 6 5
16 5 4
16 4 3
16 3 2
16 2 1
16 26 25
16 25 10
16 10 9
16 9 8
16 25 24
16 24 23
16 23 22
16 22 12
16 12 11
16 22 21
16 21 13
16 21 20
16 20 15
16 15 14
16 20 19
16 19 16
16 19 18
16 18 17
17 34 33
17 33 0
17 33 32
17 32 30
17 30 29
17 29 28
17 28 27
17 27 6
17 6 2
17 2 1
17 6 5
17 5 3
17 5 4
17 27 26
17 26 25
17 25 24
17 24 17
17 17 15
17 15 12
17 12 10
17 10 9
17 9 7
17 9 8
17 12 11
17 15 14
17 14 13
17 17 16
17 24 23
17 23 22
17 22 20
17 20 18
17 20 19
17 22 21
17 32 31
18 30 12
18 12 7
18 7 6
18 6 0
18 6 5
18 5 4
18 4 3
18 3 1
18 3 2
18 12 11
18 11 10
18 10 8
18 10 9
18 30 29
18 29 13
18 29 28
18 28 25
18 25 24
18 24 23
18 23 22
18 22 21
18 21 15
18 15 14
18 21 20
18 20 19
18 19 18
18 18 17
18 17 16
18 28 27
18 27 26
19 30 28
19 28 15
19 15 14
19 14 13
19 13 0
19 13 12
19 12 11
19 11 8
19 8 4
19 4 3
19 3 1
19 3 2
19 8 7
19 7 6
19 6 5
19 11 10
19 10 9
19 28 27
19 27 25
19 25 24
19 24 16
19 24 23
19 23 21
19 21 20
19 20 19
19 19 17
19 19 18
19 23 22
19 27 26
19 30 29
20 32 31
20 31 0
20 31 30
20 30 24
20 24 22
20 22 20
20 20 18
20 18 12
20 12 10
20 10 2
20 2 1
20 10 9
20 9 5
20 5 3
20 5 4
20 9 8
20 8 6
20 8 7
20 12 11
20 18 17
20 17 13
20 17 16
20 16 14
20 16 15
20 20 19
20 22 21
20 24 23
20 30 29
20 29 28
20 28 27
20 27 26
20 26 25
21 33 12
21 12 11
21 11 1
21 1 0
21 11 10
21 10 9
21 9 7
21 7 2
21 7 6
21 6 3
21 6 5
21 5 4
21 9 8
21 33 32
21 32 31
21 31 21
21 21 16
21 16 14
21 14 13
21 16 15
21 21 20
21 20 18
21 18 17
21 20 19
21 31 30
21 30 29
21 29 26
21 26 25
21 25 24
21 24 22
21 24 23
21 29 28
21 28 27
22 30 1
22 1 0
22 30 29
22 29 6
22 6 4
22 4 3
22 3 2
22 6 5
22 29 28
22 28 25
22 25 24
22 24 7
22 24 23
22 23 21
22 21 10
22 10 8
22 10 9
22 21 20
22 20 15
22 15 13
22 13 11
22 13 12
22 15 14
22 20 19
22 19 17
22 17 16
22 19 18
22 23 22
22 28 27
22 27 26
23 32 31
23 31 0
23 31 30
23 30 1
23 30 29
23 29 28
23 28 26
23 26 21
23 21 14
23 14 2
23 14 13
23 13 12
23 12 9
23 9 4
23 4 3
23 9 8
23 8 7
23 7 5
23 7 6
23 12 11
23 11 10
23 21 20
23 20 19
23 19 16
23 16 15
23 19 18
23 18 17
23 26 25
23 25 22
23 25 24
23 24 23
23 28 27
24 30 28
24 28 27
24 27 4
24 4 2
24 2 1
24 1 0
24 4 3
24 27 26
24 26 5
24 26 25
24 25 24
24 24 22
24 22 21
24 21 20
24 20 11
24 11 8
24 8 6
24 8 7
24 11 10
24 10 9
24 20 19
24 19 14
24 14 13
24 13 12
24 19 18
24 18 16
24 16 15
24 18 17
24 24 23
24 30 29
25 29 3
25 3 0
25 3 2
25 2 1
25 29 28
25 28 24
25 24 22
25 22 21
25 21 4
25 21 20
25 20 18
25 18 17
25 17 16
25 16 12
25 12 11
25 11 9
25 9 5
25 9 8
25 8 7
25 7 6
25 11 10
25 16 15
25 15 13
25 15 14
25 20 19
25 24 23
25 28 27
25 27 26
25 26 25
26 30 29
26 29 28
26 28 18
26 18 5
26 5 4
26 4 3
26 3 2
26 2 1
26 1 0
26 18 17
26 17 15
26 15 14
26 14 13
26 13 12
26 12 7
26 7 6
26 12 11
26 11 10
26 10 9
26 9 8
26 17 16
26 28 27
26 27 26
26 26 23
26 23 20
26 20 19
26 23 22
26 22 21
26 26 25
26 25 24
27 31 3
27 3 0
27 3 2
27 2 1
27 31 30
27 30 28
27 28 27
27 27 16
27 16 15
27 15 11
27 11 10
27 10 6
27 6 5
27 5 4
27 10 9
27 9 7
27 9 8
27 15 14
27 14 13
27 13 12
27 27 26
27 26 24
27 24 23
27 23 21
27 21 20
27 20 18
27 18 17
27 20 19
27 23 22
27 26 25
27 30 29
28 33 24
28 24 15
28 15 0
28 15 14
28 14 13
28 13 5
28 5 4
28 4 1
28 4 3
28 3 2
28 13 12
28 12 6
28 12 11
28 11 10
28 10 8
28 8 7
28 10 9
28 24 23
28 23 22
28 22 19
28 19 18
28 18 16
28 18 17
28 22 21
28 21 20
28 33 32
28 32 25
28 32 31
28 31 28
28 28 27
28 27 26
28 31 30
28 30 29
29 29 24
29 24 23
29 23 0
29 23 22
29 22 11
29 11 1
29 11 10
29 10 5
29 5 3
29 3 2
29 5 4
29 10 9
29 9 6
29 9 8
29 8 7
29 22 21
29 21 20
29 20 19
29 19 17
29 17 15
29 15 13
29 13 12
29 15 14
29 17 16
29 19 18
29 29 28
29 28 26
29 26 25
29 28 27
30 33 32
30 32 12
30 12 11
30 11 1
30 1 0
30 11 10
30 10 9
30 9 2
30 9 8
30 8 3
30 8 7
30 7 6
30 6 4
30 6 5
30 32 31
30 31 26
30 26 25
30 25 24
30 24 17
30 17 15
30 15 13
30 15 14
30 17 16
30 24 23
30 23 18
30 23 22
30 22 20
30 20 19
30 22 21
30 31 30
30 30 29
30 29 27
30 29 28
31 29 24
31 24 7
31 7 5
31 5 4
31 4 1
31 1 0
31 4 3
31 3 2
31 7 6
31 24 23
31 23 22
31 22 8
31 22 21
31 21 10
31 10 9
31 21 20
31 20 14
31 14 11
31 14 13
31 13 12
31 20 19
31 19 17
31 17 16
31 16 15
31 19 18
31 29 28
31 28 27
31 27 26
31 26 25
32 30 29
32 29 0
32 29 28
32 28 26
32 26 25
32 25 5
32 5 2
32 2 1
32 5 4
32 4 3
32 25 24
32 24 23
32 23 6
32 23 22
32 22 15
32 15 14
32 14 13
32 13 12
32 12 11
32 11 10
32 10 7
32 10 9
32 9 8
32 22 21
32 21 20
32 20 17
32 17 16
32 20 19
32 19 18
32 28 27
33 33 3
33 3 0
33 3 2
33 2 1
33 33 32
33 32 29
33 29 28
33 28 5
33 5 4
33 28 27
33 27 26
33 26 22
33 22 21
33 21 20
33 20 6
33 20 19
33 19 16
33 16 11
33 11 10
33 10 9
33 9 8
33 8 7
33 16 15
33 15 14
33 14 13
33 13 12
33 19 18
33 18 17
33 26 25
33 25 24
33 24 23
33 32 31
33 31 30
34 31 4
34 4 0
34 4 3
34 3 2
34 2 1
34 31 30
34 30 7
34 7 6
34 6 5
34 30 29
34 29 8
34 29 28
34 28 20
34 20 19
34 19 18
34 18 15
34 15 12
34 12 9
34 12 11
34 11 10
34 15 14
34 14 13
34 18 17
34 17 16
34 28 27
34 27 25
34 25 24
34 24 21
34 24 23
34 23 22
34 27 26
35 34 33
35 33 32
35 32 0
35 32 31
35 31 11
35 11 9
35 9 8
35 8 5
35 5 4
35 4 3
35 3 1
35 3 2
35 8 7
35 7 6
35 11 10
35 31 30
35 30 28
35 28 27
35 27 21
35 21 16
35 16 15
35 15 14
35 14 13
35 13 12
35 21 20
35 20 19
35 19 18
35 18 17
35 27 26
35 26 23
35 23 22
35 26 25
35 25 24
35 30 29
36 30 28
36 28 20
36 20 8
36 8 7
36 7 0
36 7 6
36 6 5
36 5 2
36 2 1
36 5 4
36 4 3
36 20 19
36 19 14
36 14 13
36 13 9
36 13 12
36 12 11
36 11 10
36 19 18
36 18 16
36 16 15
36 18 17
36 28 27
36 27 22
36 22 21
36 27 26
36 26 23
36 26 25
36 25 24
36 30 29
37 31 0
37 31 30
37 30 29
37 29 27
37 27 12
37 12 1
37 12 11
37 11 9
37 9 7
37 7 5
37 5 4
37 4 3
37 3 2
37 7 6
37 9 8
37 11 10
37 27 26
37 26 18
37 18 17
37 17 14
37 14 13
37 17 16
37 16 15
37 26 25
37 25 21
37 21 19
37 21 20
37 25 24
37 24 22
37 24 23
37 29 28
38 32 31
38 31 30
38 30 29
38 29 27
38 27 10
38 10 9
38 9 7
38 7 5
38 5 3
38 3 2
38 2 1
38 1 0
38 5 4
38 7 6
38 9 8
38 27 26
38 26 25
38 25 16
38 16 15
38 15 11
38 15 14
38 14 13
38 13 12
38 25 24
38 24 23
38 23 21
38 21 19
38 19 18
38 18 17
38 21 20
38 23 22
38 29 28
39 30 29
39 29 7
39 7 6
39 6 5
39 5 3
39 3 2
39 2 1
39 1 0
39 5 4
39 29 28
39 28 9
39 9 8
39 28 27
39 27 19
39 19 16
39 16 15
39 15 14
39 14 13
39 13 10
39 13 12
39 12 11
39 19 18
39 18 17
39 27 26
39 26 25
39 25 23
39 23 22
39 22 20
39 22 21
39 25 24
40 33 6
40 6 5
40 5 3
40 3 0
40 3 2
40 2 1
40 5 4
40 33 32
40 32 31
40 31 29
40 29 28
40 28 25
40 25 23
40 23 22
40 22 7
40 22 21
40 21 17
40 17 16
40 16 15
40 15 14
40 14 8
40 14 13
40 13 11
40 11 9
40 11 10
40 13 12
40 21 20
40 20 18
40 20 19
40 25 24
40 28 27
40 27 26
40 31 30
41 33 32
41 32 0
41 32 31
41 31 3
41 3 1
41 3 2
41 31 30
41 30 12
41 12 11
41 11 4
41 11 10
41 10 7
41 7 5
41 7 6
41 10 9
41 9 8
41 30 29
41 29 15
41 15 14
41 14 13
41 29 28
41 28 16
41 28 27
41 27 17
41 27 26
41 26 18
41 26 25
41 25 21
41 21 19
41 21 20
41 25 24
41 24 22
41 24 23
42 33 29
42 29 28
42 28 25
42 25 23
42 23 21
42 21 20
42 20 4
42 4 3
42 3 1
42 1 0
42 3 2
42 20 19
42 19 14
42 14 11
42 11 10
42 10 9
42 9 7
42 7 6
42 6 5
42 9 8
42 14 13
42 13 12
42 19 18
42 18 17
42 17 16
42 16 15
42 23 22
42 25 24
42 28 27
42 27 26
42 33 32
42 32 31
42 31 30
43 31 23
43 23 0
43 23 22
43 22 2
43 2 1
43 22 21
43 21 19
43 19 13
43 13 3
43 13 12
43 12 11
43 11 9
43 9 6
43 6 5
43 5 4
43 9 8
43 8 7
43 11 10
43 19 18
43 18 17
43 17 15
43 15 14
43 17 16
43 21 20
43 31 30
43 30 24
43 30 29
43 29 28
43 28 27
43 27 25
43 27 26
44 32 6
44 6 1
44 1 0
44 6 5
44 5 4
44 4 3
44 3 2
44 32 31
44 31 30
44 30 11
44 11 7
44 11 10
44 10 8
44 10 9
44 30 29
44 29 28
44 28 22
44 22 21
44 21 18
44 18 13
44 13 12
44 18 17
44 17 14
44 17 16
44 16 15
44 21 20
44 20 19
44 28 27
44 27 26
44 26 25
44 25 23
44 25 24
45 31 24
45 24 7
45 7 5
45 5 3
45 3 2
45 2 1
45 1 0
45 5 4
45 7 6
45 24 23
45 23 22
45 22 21
45 21 9
45 9 8
45 21 20
45 20 14
45 14 12
45 12 11
45 11 10
45 14 13
45 20 19
45 19 18
45 18 17
45 17 15
45 17 16
45 31 30
45 30 29
45 29 28
45 28 27
45 27 26
45 26 25
46 32 31
46 31 28
46 28 0
46 28 27
46 27 26
46 26 14
46 14 3
46 3 2
46 2 1
46 14 13
46 13 7
46 7 6
46 6 4
46 6 5
46 13 12
46 12 11
46 11 10
46 10 9
46 9 8
46 26 25
46 25 24
46 24 16
46 16 15
46 24 23
46 23 22
46 22 21
46 21 18
46 18 17
46 21 20
46 20 19
46 31 30
46 30 29
47 31 30
47 30 2
47 2 0
47 2 1
47 30 29
47 29 28
47 28 27
47 27 22
47 22 3
47 22 21
47 21 17
47 17 16
47 16 4
47 16 15
47 15 14
47 14 12
47 12 11
47 11 7
47 7 6
47 6 5
47 11 10
47 10 8
47 10 9
47 14 13
47 21 20
47 20 18
47 20 19
47 27 26
47 26 25
47 25 23
47 25 24
48 32 21
48 21 15
48 15 14
48 14 13
48 13 4
48 4 0
48 4 3
48 3 1
48 3 2
48 13 12
48 12 9
48 9 5
48 9 8
48 8 7
48 7 6
48 12 11
48 11 10
48 21 20
48 20 16
48 20 19
48 19 18
48 18 17
48 32 31
48 31 30
48 30 23
48 23 22
48 30 29
48 29 28
48 28 24
48 28 27
48 27 25
48 27 26
49 31 1
49 1 0
49 31 30
49 30 29
49 29 28
49 28 27
49 27 24
49 24 23
49 23 22
49 22 9
49 9 8
49 8 7
49 7 4
49 4 3
49 3 2
49 7 6
49 6 5
49 22 21
49 21 13
49 13 12
49 12 10
49 12 11
49 21 20
49 20 16
49 16 15
49 15 14
49 20 19
49 19 17
49 19 18
49 27 26
49 26 25
50 32 31
50 31 0
50 31 30
50 30 7
50 7 5
50 5 1
50 5 4
50 4 2
50 4 3
50 7 6
50 30 29
50 29 28
50 28 10
50 10 9
50 9 8
50 28 27
50 27 26
50 26 24
50 24 15
50 15 14
50 14 13
50 13 12
50 12 11
50 24 23
50 23 22
50 22 18
50 18 17
50 17 16
50 22 21
50 21 20
50 20 19
50 26 25
51 31 29
51 29 3
51 3 1
51 1 0
51 3 2
51 29 28
51 28 4
51 28 27
51 27 15
51 15 14
51 14 5
51 14 13
51 13 12
51 12 11
51 11 10
51 10 6
51 10 9
51 9 7
51 9 8
51 27 26
51 26 24
51 24 16
51 24 23
51 23 22
51 22 21
51 21 18
51 18 17
51 21 20
51 20 19
51 26 25
51 31 30
52 30 2
52 2 0
52 2 1
52 30 29
52 29 3
52 29 28
52 28 27
52 27 26
52 26 14
52 14 4
52 14 13
52 13 11
52 11 6
52 6 5
52 11 10
52 10 8
52 8 7
52 10 9
52 13 12
52 26 25
52 25 24
52 24 15
52 24 23
52 23 17
52 17 16
52 23 22
52 22 20
52 20 18
52 20 19
52 22 21
53 34 33
53 33 32
53 32 31
53 31 30
53 30 29
53 29 0
53 29 28
53 28 26
53 26 24
53 24 23
53 23 22
53 22 16
53 16 15
53 15 1
53 15 14
53 14 13
53 13 5
53 5 4
53 4 2
53 4 3
53 13 12
53 12 7
53 7 6
53 12 11
53 11 10
53 10 8
53 10 9
53 22 21
53 21 20
53 20 19
53 19 17
53 19 18
53 26 25
53 28 27
54 33 32
54 32 8
54 8 3
54 3 1
54 1 0
54 3 2
54 8 7
54 7 5
54 5 4
54 7 6
54 32 31
54 31 14
54 14 12
54 12 9
54 12 11
54 11 10
54 14 13
54 31 30
54 30 29
54 29 23
54 23 21
54 21 17
54 17 15
54 17 16
54 21 20
54 20 18
54 20 19
54 23 22
54 29 28
54 28 24
54 28 27
54 27 25
54 27 26
55 34 16
55 16 5
55 5 0
55 5 4
55 4 1
55 4 3
55 3 2
55 16 15
55 15 13
55 13 11
55 11 10
55 10 6
55 10 9
55 9 7
55 9 8
55 13 12
55 15 14
55 34 33
55 33 32
55 32 26
55 26 25
55 25 21
55 21 20
55 20 18
55 18 17
55 20 19
55 25 24
55 24 23
55 23 22
55 32 31
55 31 30
55 30 29
55 29 28
55 28 27
56 32 31
56 31 0
56 31 30
56 30 26
56 26 10
56 10 3
56 3 1
56 3 2
56 10 9
56 9 8
56 8 7
56 7 6
56 6 5
56 5 4
56 26 25
56 25 24
56 24 17
56 17 11
56 17 16
56 16 14
56 14 13
56 13 12
56 16 15
56 24 23
56 23 22
56 22 18
56 22 21
56 21 19
56 21 20
56 30 29
56 29 28
56 28 27
57 29 2
57 2 0
57 2 1
57 29 28
57 28 24
57 24 18
57 18 3
57 18 17
57 17 16
57 16 15
57 15 14
57 14 4
57 14 13
57 13 6
57 6 5
57 13 12
57 12 7
57 12 11
57 11 10
57 10 8
57 10 9
57 24 23
57 23 19
57 23 22
57 22 20
57 22 21
57 28 27
57 27 26
57 26 25
58 30 27
58 27 21
58 21 0
58 21 20
58 20 5
58 5 4
58 4 3
58 3 1
58 3 2
58 20 19
58 19 17
58 17 16
58 16 15
58 15 8
58 8 6
58 8 7
58 15 14
58 14 13
58 13 12
58 12 11
58 11 10
58 10 9
58 19 18
58 27 26
58 26 25
58 25 23
58 23 22
58 25 24
58 30 29
58 29 28
59 31 30
59 30 29
59 29 27
59 27 22
59 22 20
59 20 19
59 19 17
59 17 15
59 15 13
59 13 11
59 11 10
59 10 9
59 9 0
59 9 8
59 8 7
59 7 3
59 3 2
59 2 1
59 7 6
59 6 5
59 5 4
59 13 12
59 15 14
59 17 16
59 19 18
59 22 21
59 27 26
59 26 24
59 24 23
59 26 25
59 29 28
60 29 28
60 28 27
60 27 26
60 26 12
60 12 3
60 3 1
60 1 0
60 3 2
60 12 11
60 11 5
60 5 4
60 11 10
60 10 8
60 8 7
60 7 6
60 10 9
60 26 25
60 25 14
60 14 13
60 25 24
60 24 23
60 23 22
60 22 18
60 18 17
60 17 15
60 17 16
60 22 21
60 21 19
60 21 20
61 29 0
61 29 28
61 28 26
61 26 25
61 25 24
61 24 1
61 24 23
61 23 21
61 21 18
61 18 17
61 17 16
61 16 14
61 14 2
61 14 13
61 13 8
61 8 7
61 7 3
61 7 6
61 6 5
61 5 4
61 13 12
61 12 11
61 11 9
61 11 10
61 16 15
61 21 20
61 20 19
61 23 22
61 28 27
62 29 28
62 28 25
62 25 22
62 22 21
62 21 20
62 20 19
62 19 18
62 18 6
62 6 4
62 4 2
62 2 1
62 1 0
62 4 3
62 6 5
62 18 17
62 17 9
62 9 8
62 8 7
62 17 16
62 16 15
62 15 14
62 14 13
62 13 11
62 11 10
62 13 12
62 25 24
62 24 23
62 28 27
62 27 26
63 30 29
63 29 0
63 29 28
63 28 27
63 27 4
63 4 3
63 3 1
63 3 2
63 27 26
63 26 22
63 22 21
63 21 9
63 9 7
63 7 5
63 7 6
63 9 8
63 21 20
63 20 19
63 19 10
63 19 18
63 18 17
63 17 16
63 16 15
63 15 11
63 15 14
63 14 13
63 13 12
63 26 25
63 25 24
63 24 23
64 34 33
64 33 32
64 32 30
64 30 29
64 29 0
64 29 28
64 28 27
64 27 25
64 25 1
64 25 24
64 24 23
64 23 2
64 23 22
64 22 15
64 15 6
64 6 5
64 5 3
64 5 4
64 15 14
64 14 12
64 12 8
64 8 7
64 12 11
64 11 9
64 11 10
64 14 13
64 22 21
64 21 20
64 20 19
64 19 18
64 18 17
64 17 16
64 27 26
64 32 31
65 32 28
65 28 25
65 25 0
65 25 24
65 24 21
65 21 20
65 20 13
65 13 3
65 3 2
65 2 1
65 13 12
65 12 4
65 12 11
65 11 9
65 9 7
65 7 6
65 6 5
65 9 8
65 11 10
65 20 19
65 19 15
65 15 14
65 19 18
65 18 16
65 18 17
65 24 23
65 23 22
65 28 27
65 27 26
65 32 31
65 31 30
65 30 29
66 34 33
66 33 30
66 30 28
66 28 27
66 27 20
66 20 10
66 10 0
66 10 9
66 9 1
66 9 8
66 8 6
66 6 3
66 3 2
66 6 5
66 5 4
66 8 7
66 20 19
66 19 18
66 18 17
66 17 16
66 16 12
66 12 11
66 16 15
66 15 14
66 14 13
66 27 26
66 26 24
66 24 23
66 23 21
66 23 22
66 26 25
66 30 29
66 33 32
66 32 31
67 33 32
67 32 0
67 32 31
67 31 30
67 30 24
67 24 22
67 22 20
67 20 19
67 19 16
67 16 12
67 12 8
67 8 7
67 7 6
67 6 1
67 6 5
67 5 3
67 3 2
67 5 4
67 12 11
67 11 9
67 11 10
67 16 15
67 15 14
67 14 13
67 19 18
67 18 17
67 22 21
67 24 23
67 30 29
67 29 27
67 27 26
67 26 25
67 29 28
68 29 24
68 24 2
68 2 1
68 1 0
68 24 23
68 23 18
68 18 17
68 17 14
68 14 13
68 13 12
68 12 8
68 8 3
68 8 7
68 7 6
68 6 4
68 6 5
68 12 11
68 11 10
68 10 9
68 17 16
68 16 15
68 23 22
68 22 20
68 20 19
68 22 21
68 29 28
68 28 27
68 27 25
68 27 26
69 31 21
69 21 20
69 20 18
69 18 17
69 17 16
69 16 14
69 14 12
69 12 1
69 1 0
69 12 11
69 11 2
69 11 10
69 10 8
69 8 7
69 7 3
69 7 6
69 6 5
69 5 4
69 10 9
69 14 13
69 16 15
69 20 19
69 31 30
69 30 29
69 29 22
69 29 28
69 28 23
69 28 27
69 27 26
69 26 24
69 26 25
70 29 28
70 28 27
70 27 26
70 26 25
70 25 24
70 24 6
70 6 5
70 5 0
70 5 4
70 4 3
70 3 2
70 2 1
70 24 23
70 23 21
70 21 8
70 8 7
70 21 20
70 20 9
70 20 19
70 19 17
70 17 10
70 17 16
70 16 15
70 15 14
70 14 12
70 12 11
70 14 13
70 19 18
70 23 22
71 30 1
71 1 0
71 30 29
71 29 28
71 28 27
71 27 19
71 19 11
71 11 10
71 10 9
71 9 5
71 5 4
71 4 3
71 3 2
71 9 8
71 8 7
71 7 6
71 19 18
71 18 13
71 13 12
71 18 17
71 17 16
71 16 14
71 16 15
71 27 26
71 26 24
71 24 23
71 23 20
71 23 22
71 22 21
71 26 25
72 33 32
72 32 19
72 19 17
72 17 1
72 1 0
72 17 16
72 16 15
72 15 14
72 14 12
72 12 9
72 9 5
72 5 4
72 4 3
72 3 2
72 9 8
72 8 6
72 8 7
72 12 11
72 11 10
72 14 13
72 19 18
72 32 31
72 31 27
72 27 25
72 25 24
72 24 21
72 21 20
72 24 23
72 23 22
72 27 26
72 31 30
72 30 29
72 29 28
73 29 22
73 22 17
73 17 16
73 16 0
73 16 15
73 15 6
73 6 1
73 6 5
73 5 2
73 5 4
73 4 3
73 15 14
73 14 12
73 12 10
73 10 9
73 9 7
73 9 8
73 12 11
73 14 13
73 22 21
73 21 20
73 20 18
73 20 19
73 29 28
73 28 27
73 27 23
73 27 26
73 26 24
73 26 25
74 29 28
74 28 27
74 27 0
74 27 26
74 26 25
74 25 1
74 25 24
74 24 2
74 24 23
74 23 22
74 22 21
74 21 3
74 21 20
74 20 16
74 16 13
74 13 9
74 9 4
74 9 8
74 8 5
74 8 7
74 7 6
74 13 12
74 12 10
74 12 11
74 16 15
74 15 14
74 20 19
74 19 17
74 19 18
75 33 3
75 3 2
75 2 1
75 1 0
75 33 32
75 32 29
75 29 5
75 5 4
75 29 28
75 28 27
75 27 7
75 7 6
75 27 26
75 26 8
75 26 25
75 25 21
75 21 9
75 21 20
75 20 10
75 20 19
75 19 11
75 19 18
75 18 17
75 17 16
75 16 15
75 15 14
75 14 13
75 13 12
75 25 24
75 24 23
75 23 22
75 32 31
75 31 30
76 32 21
76 21 18
76 18 4
76 4 3
76 3 0
76 3 2
76 2 1
76 18 17
76 17 5
76 17 16
76 16 15
76 15 11
76 11 10
76 10 8
76 8 6
76 8 7
76 10 9
76 15 14
76 14 12
76 14 13
76 21 20
76 20 19
76 32 31
76 31 22
76 31 30
76 30 28
76 28 26
76 26 23
76 26 25
76 25 24
76 28 27
76 30 29
77 31 29
77 29 28
77 28 0
77 28 27
77 27 2
77 2 1
77 27 26
77 26 25
77 25 6
77 6 3
77 6 5
77 5 4
77 25 24
77 24 12
77 12 10
77 10 9
77 9 8
77 8 7
77 12 11
77 24 23
77 23 13
77 23 22
77 22 20
77 20 19
77 19 18
77 18 15
77 15 14
77 18 17
77 17 16
77 22 21
77 31 30
78 30 28
78 28 27
78 27 26
78 26 25
78 25 18
78 18 17
78 17 0
78 17 16
78 16 15
78 15 14
78 14 13
78 13 8
78 8 1
78 8 7
78 7 6
78 6 4
78 4 2
78 4 3
78 6 5
78 13 12
78 12 11
78 11 9
78 11 10
78 25 24
78 24 23
78 23 22
78 22 19
78 22 21
78 21 20
78 30 29
79 30 20
79 20 0
79 20 19
79 19 18
79 18 8
79 8 6
79 6 5
79 5 1
79 5 4
79 4 2
79 4 3
79 8 7
79 18 17
79 17 16
79 16 13
79 13 12
79 12 10
79 10 9
79 12 11
79 16 15
79 15 14
79 30 29
79 29 28
79 28 26
79 26 24
79 24 21
79 24 23
79 23 22
79 26 25
79 28 27
80 30 3
80 3 1
80 1 0
80 3 2
80 30 29
80 29 27
80 27 22
80 22 20
80 20 4
80 20 19
80 19 17
80 17 7
80 7 6
80 6 5
80 17 16
80 16 10
80 10 8
80 10 9
80 16 15
80 15 11
80 15 14
80 14 12
80 14 13
80 19 18
80 22 21
80 27 26
80 26 23
80 26 25
80 25 24
80 29 28
81 30 13
81 13 2
81 2 0
81 2 1
81 13 12
81 12 11
81 11 10
81 10 9
81 9 8
81 8 7
81 7 6
81 6 4
81 4 3
81 6 5
81 30 29
81 29 18
81 18 14
81 18 17
81 17 15
81 17 16
81 29 28
81 28 20
81 20 19
81 28 27
81 27 26
81 26 22
81 22 21
81 26 25
81 25 24
81 24 23
82 31 26
82 26 5
82 5 4
82 4 3
82 3 1
82 1 0
82 3 2
82 26 25
82 25 12
82 12 9
82 9 6
82 9 8
82 8 7
82 12 11
82 11 10
82 25 24
82 24 23
82 23 13
82 23 22
82 22 21
82 21 20
82 20 15
82 15 14
82 20 19
82 19 16
82 19 18
82 18 17
82 31 30
82 30 29
82 29 27
82 29 28
83 31 20
83 20 2
83 2 0
83 2 1
83 20 19
83 19 18
83 18 17
83 17 13
83 13 12
83 12 3
83 12 11
83 11 9
83 9 8
83 8 7
83 7 4
83 7 6
83 6 5
83 11 10
83 17 16
83 16 14
83 16 15
83 31 30
83 30 21
83 30 29
83 29 23
83 23 22
83 29 28
83 28 27
83 27 24
83 27 26
83 26 25
84 30 2
84 2 0
84 2 1
84 30 29
84 29 25
84 25 23
84 23 3
84 23 22
84 22 7
84 7 6
84 6 4
84 6 5
84 22 21
84 21 20
84 20 19
84 19 8
84 19 18
84 18 12
84 12 11
84 11 9
84 11 10
84 18 17
84 17 16
84 16 15
84 15 13
84 15 14
84 25 24
84 29 28
84 28 26
84 28 27
85 32 31
85 31 29
85 29 22
85 22 21
85 21 11
85 11 5
85 5 0
85 5 4
85 4 3
85 3 1
85 3 2
85 11 10
85 10 7
85 7 6
85 10 9
85 9 8
85 21 20
85 20 19
85 19 12
85 19 18
85 18 17
85 17 16
85 16 14
85 14 13
85 16 15
85 29 28
85 28 23
85 28 27
85 27 26
85 26 24
85 26 25
85 31 30
86 31 30
86 30 0
86 30 29
86 29 1
86 29 28
86 28 6
86 6 5
86 5 2
86 5 4
86 4 3
86 28 27
86 27 7
86 27 26
86 26 23
86 23 22
86 22 21
86 21 20
86 20 18
86 18 8
86 18 17
86 17 10
86 10 9
86 17 16
86 16 15
86 15 14
86 14 13
86 13 12
86 12 11
86 20 19
86 26 25
86 25 24
87 31 2
87 2 0
87 2 1
87 31 30
87 30 24
87 24 17
87 17 15
87 15 3
87 15 14
87 14 13
87 13 11
87 11 10
87 10 9
87 9 4
87 9 8
87 8 5
87 8 7
87 7 6
87 13 12
87 17 16
87 24 23
87 23 22
87 22 21
87 21 18
87 21 20
87 20 19
87 30 29
87 29 27
87 27 26
87 26 25
87 29 28
88 29 28
88 28 4
88 4 2
88 2 0
88 2 1
88 4 3
88 28 27
88 27 26
88 26 25
88 25 18
88 18 5
88 18 17
88 17 9
88 9 7
88 7 6
88 9 8
88 17 16
88 16 15
88 15 11
88 11 10
88 15 14
88 14 12
88 14 13
88 25 24
88 24 19
88 24 23
88 23 22
88 22 20
88 22 21
89 34 33
89 33 31
89 31 30
89 30 11
89 11 9
89 9 0
89 9 8
89 8 7
89 7 1
89 7 6
89 6 5
89 5 4
89 4 2
89 4 3
89 11 10
89 30 29
89 29 27
89 27 24
89 24 23
89 23 12
89 23 22
89 22 21
89 21 19
89 19 18
89 18 16
89 16 14
89 14 13
89 16 15
89 18 17
89 21 20
89 27 26
89 26 25
89 29 28
89 33 32
90 33 19
90 19 17
90 17 13
90 13 12
90 12 11
90 11 0
90 11 10
90 10 3
90 3 1
90 3 2
90 10 9
90 9 8
90 8 5
90 5 4
90 8 7
90 7 6
90 17 16
90 16 14
90 16 15
90 19 18
90 33 32
90 32 29
90 29 27
90 27 20
90 27 26
90 26 22
90 22 21
90 26 25
90 25 24
90 24 23
90 29 28
90 32 31
90 31 30
91 34 33
91 33 1
91 1 0
91 33 32
91 32 30
91 30 3
91 3 2
91 30 29
91 29 22
91 22 5
91 5 4
91 22 21
91 21 18
91 18 8
91 8 6
91 8 7
91 18 17
91 17 16
91 16 13
91 13 12
91 12 11
91 11 10
91 10 9
91 16 15
91 15 14
91 21 20
91 20 19
91 29 28
91 28 23
91 28 27
91 27 24
91 27 26
91 26 25
91 32 31
92 29 4
92 4 3
92 3 1
92 1 0
92 3 2
92 29 28
92 28 27
92 27 24
92 24 23
92 23 21
92 21 11
92 11 9
92 9 8
92 8 5
92 8 7
92 7 6
92 11 10
92 21 20
92 20 19
92 19 12
92 19 18
92 18 16
92 16 15
92 15 14
92 14 13
92 18 17
92 23 22
92 27 26
92 26 25
93 31 0
93 31 30
93 30 1
93 30 29
93 29 15
93 15 14
93 14 12
93 12 2
93 12 11
93 11 5
93 5 3
93 5 4
93 11 10
93 10 8
93 8 6
93 8 7
93 10 9
93 14 13
93 29 28
93 28 27
93 27 16
93 27 26
93 26 25
93 25 24
93 24 21
93 21 20
93 20 17
93 20 19
93 19 18
93 24 23
93 23 22
94 31 30
94 30 29
94 29 1
94 1 0
94 29 28
94 28 27
94 27 26
94 26 25
94 25 24
94 24 11
94 11 10
94 10 7
94 7 6
94 6 2
94 6 5
94 5 4
94 4 3
94 10 9
94 9 8
94 24 23
94 23 22
94 22 21
94 21 12
94 21 20
94 20 19
94 19 13
94 19 18
94 18 17
94 17 15
94 15 14
94 17 16
95 32 31
95 31 19
95 19 0
95 19 18
95 18 15
95 15 2
95 2 1
95 15 14
95 14 3
95 14 13
95 13 7
95 7 4
95 7 6
95 6 5
95 13 12
95 12 11
95 11 10
95 10 8
95 10 9
95 18 17
95 17 16
95 31 30
95 30 29
95 29 27
95 27 20
95 27 26
95 26 21
95 26 25
95 25 23
95 23 22
95 25 24
95 29 28
96 33 32
96 32 8
96 8 2
96 2 1
96 1 0
96 8 7
96 7 3
96 7 6
96 6 4
96 6 5
96 32 31
96 31 30
96 30 29
96 29 26
96 26 24
96 24 23
96 23 22
96 22 18
96 18 17
96 17 16
96 16 15
96 15 11
96 11 10
96 10 9
96 15 14
96 14 12
96 14 13
96 22 21
96 21 19
96 21 20
96 26 25
96 29 28
96 28 27
97 32 30
97 30 19
97 19 2
97 2 1
97 1 0
97 19 18
97 18 17
97 17 15
97 15 6
97 6 5
97 5 3
97 5 4
97 15 14
97 14 13
97 13 7
97 13 12
97 12 11
97 11 8
97 11 10
97 10 9
97 17 16
97 30 29
97 29 20
97 29 28
97 28 24
97 24 23
97 23 21
97 23 22
97 28 27
97 27 26
97 26 25
97 32 31
98 32 0
98 32 31
98 31 30
98 30 1
98 30 29
98 29 3
98 3 2
98 29 28
98 28 27
98 27 4
98 27 26
98 26 25
98 25 21
98 21 13
98 13 12
98 12 6
98 6 5
98 12 11
98 11 9
98 9 7
98 9 8
98 11 10
98 21 20
98 20 19
98 19 14
98 19 18
98 18 17
98 17 15
98 17 16
98 25 24
98 24 23
98 23 22
99 34 1
99 1 0
99 34 33
99 33 3
99 3 2
99 33 32
99 32 8
99 8 6
99 6 4
99 6 5
99 8 7
99 32 31
99 31 17
99 17 15
99 15 12
99 12 10
99 10 9
99 12 11
99 15 14
99 14 13
99 17 16
99 31 30
99 30 21
99 21 18
99 21 20
99 20 19
99 30 29
99 29 28
99 28 27
99 27 23
99 23 22
99 27 26
99 26 24
99 26 25
100 30 19
100 19 17
100 17 9
100 9 8
100 8 7
100 7 2
100 2 1
100 1 0
100 7 6
100 6 5
100 5 3
100 5 4
100 17 16
100 16 13
100 13 11
100 11 10
100 13 12
100 16 15
100 15 14
100 19 18
100 30 29
100 29 28
100 28 27
100 27 26
100 26 23
100 23 20
100 23 22
100 22 21
100 26 25
100 25 24
101 29 28
101 28 0
101 28 27
101 27 4
101 4 3
101 3 2
101 2 1
101 27 26
101 26 25
101 25 20
101 20 6
101 6 5
101 20 19
101 19 9
101 9 7
101 9 8
101 19 18
101 18 17
101 17 13
101 13 12
101 12 10
101 12 11
101 17 16
101 16 15
101 15 14
101 25 24
101 24 22
101 22 21
101 24 23
