1 30 27
1 27 24
1 24 22
1 22 19
1 19 0
1 19 18
1 18 16
1 16 15
1 15 8
1 8 7
1 7 6
1 6 2
1 2 1
1 6 5
1 5 3
1 5 4
1 15 14
1 14 11
1 11 9
1 11 10
1 14 13
1 13 12
1 18 17
1 22 21
1 21 20
1 24 23
1 27 26
1 26 25
1 30 29
1 29 28
2 30 7
2 7 5
2 5 3
2 3 2
2 2 1
2 1 0
2 5 4
2 7 6
2 30 29
2 29 28
2 28 8
2 28 27
2 27 22
2 22 11
2 11 10
2 10 9
2 22 21
2 21 19
2 19 18
2 18 17
2 17 16
2 16 15
2 15 14
2 14 13
2 13 12
2 21 20
2 27 26
2 26 23
2 26 25
2 25 24
3 29 26
3 26 0
3 26 25
3 25 21
3 21 19
3 19 18
3 18 2
3 2 1
3 18 17
3 17 3
3 17 16
3 16 6
3 6 5
3 5 4
3 16 15
3 15 12
3 12 10
3 10 8
3 8 7
3 10 9
3 12 11
3 15 14
3 14 13
3 21 20
3 25 24
3 24 22
3 24 23
3 29 28
3 28 27
4 31 30
4 30 0
4 30 29
4 29 28
4 28 1
4 28 27
4 27 26
4 26 22
4 22 2
4 22 21
4 21 19
4 19 5
4 5 3
4 5 4
4 19 18
4 18 11
4 11 10
4 10 9
4 9 7
4 7 6
4 9 8
4 18 17
4 17 16
4 16 15
4 15 13
4 13 12
4 15 14
4 21 20
4 26 25
4 25 24
4 24 23
5 29 0
5 29 28
5 28 13
5 13 12
5 12 1
5 12 11
5 11 10
5 10 9
5 9 4
5 4 2
5 4 3
5 9 8
5 8 6
5 6 5
5 8 7
5 28 27
5 27 25
5 25 14
5 25 24
5 24 23
5 23 15
5 23 22
5 22 17
5 17 16
5 22 21
5 21 19
5 19 18
5 21 20
5 27 26
6 32 18
6 18 17
6 17 16
6 16 12
6 12 11
6 11 10
6 10 4
6 4 1
6 1 0
6 4 3
6 3 2
6 10 9
6 9 5
6 9 8
6 8 6
6 8 7
6 16 15
6 15 13
6 15 14
6 32 31
6 31 30
6 30 29
6 29 23
6 23 19
6 23 22
6 22 21
6 21 20
6 29 28
6 28 27
6 27 24
6 27 26
6 26 25
7 30 24
7 24 14
7 14 13
7 13 7
7 7 5
7 5 4
7 4 3
7 3 2
7 2 0
7 2 1
7 7 6
7 13 12
7 12 8
7 12 11
7 11 9
7 11 10
7 24 23
7 23 21
7 21 15
7 21 20
7 20 18
7 18 17
7 17 16
7 20 19
7 23 22
7 30 29
7 29 28
7 28 27
7 27 25
7 27 26
8 34 24
8 24 23
8 23 0
8 23 22
8 22 21
8 21 20
8 20 12
8 12 10
8 10 9
8 9 7
8 7 5
8 5 1
8 5 4
8 4 3
8 3 2
8 7 6
8 9 8
8 12 11
8 20 19
8 19 18
8 18 17
8 17 15
8 15 13
8 15 14
8 17 16
8 34 33
8 33 25
8 33 32
8 32 29
8 29 26
8 29 28
8 28 27
8 32 31
8 31 30
9 33 32
9 32 29
9 29 20
9 20 18
9 18 11
9 11 10
9 10 8
9 8 6
9 6 0
9 6 5
9 5 3
9 3 2
9 2 1
9 5 4
9 8 7
9 10 9
9 18 17
9 17 12
9 17 16
9 16 15
9 15 13
9 15 14
9 20 19
9 29 28
9 28 27
9 27 21
9 27 26
9 26 24
9 24 23
9 23 22
9 26 25
9 32 31
9 31 30
10 32 23
10 23 22
10 22 0
10 22 21
10 21 19
10 19 2
10 2 1
10 19 18
10 18 17
10 17 9
10 9 4
10 4 3
10 9 8
10 8 5
10 8 7
10 7 6
10 17 16
10 16 11
10 11 10
10 16 15
10 15 14
10 14 12
10 14 13
10 21 20
10 32 31
10 31 30
10 30 26
10 26 25
10 25 24
10 30 29
10 29 27
10 29 28
11 29 28
11 28 27
11 27 26
11 26 25
11 25 24
11 24 6
11 6 0
11 6 5
11 5 2
11 2 1
11 5 4
11 4 3
11 24 23
11 23 22
11 22 21
11 21 15
11 15 13
11 13 12
11 12 10
11 10 9
11 9 8
11 8 7
11 12 11
11 15 14
11 21 20
11 20 19
11 19 18
11 18 17
11 17 16
12 29 23
12 23 22
12 22 21
12 21 8
12 8 6
12 6 5
12 5 4
12 4 0
12 4 3
12 3 1
12 3 2
12 8 7
12 21 20
12 20 18
12 18 9
12 18 17
12 17 14
12 14 11
12 11 10
12 14 13
12 13 12
12 17 16
12 16 15
12 20 19
12 29 28
12 28 26
12 26 25
12 25 24
12 28 27
13 29 4
13 4 0
13 4 3
13 3 1
13 3 2
13 29 28
13 28 27
13 27 24
13 24 6
13 6 5
13 24 23
13 23 21
13 21 14
13 14 7
13 14 13
13 13 11
13 11 10
13 10 8
13 10 9
13 13 12
13 21 20
13 20 19
13 19 15
13 19 18
13 18 16
13 18 17
13 23 22
13 27 26
13 26 25
14 32 18
14 18 17
14 17 16
14 16 9
14 9 0
14 9 8
14 8 2
14 2 1
14 8 7
14 7 5
14 5 4
14 4 3
14 7 6
14 16 15
14 15 14
14 14 10
14 14 13
14 13 12
14 12 11
14 32 31
14 31 30
14 30 29
14 29 24
14 24 19
14 24 23
14 23 22
14 22 21
14 21 20
14 29 28
14 28 26
14 26 25
14 28 27
15 29 22
15 22 1
15 1 0
15 22 21
15 21 18
15 18 2
15 18 17
15 17 15
15 15 11
15 11 3
15 11 10
15 10 9
15 9 8
15 8 4
15 8 7
15 7 6
15 6 5
15 15 14
15 14 13
15 13 12
15 17 16
15 21 20
15 20 19
15 29 28
15 28 25
15 25 23
15 25 24
15 28 27
15 27 26
16 32 19
16 19 16
16 16 14
16 14 1
16 1 0
16 14 13
16 13 12
16 12 11
16 11 4
16 4 3
16 3 2
16 11 10
16 10 9
16 9 6
16 6 5
16 9 8
16 8 7
16 16 15
16 19 18
16 18 17
16 32 31
16 31 24
16 24 22
16 22 21
16 21 20
16 24 23
16 31 30
16 30 27
16 27 25
16 27 26
16 30 29
16 29 28
17 34 33
17 33 32
17 32 22
17 22 2
17 2 0
17 2 1
17 22 21
17 21 14
17 14 13
17 13 12
17 12 4
17 4 3
17 12 11
17 11 6
17 6 5
17 11 10
17 10 7
17 10 9
17 9 8
17 21 20
17 20 18
17 18 17
17 17 16
17 16 15
17 20 19
17 32 31
17 31 23
17 31 30
17 30 25
17 25 24
17 30 29
17 29 27
17 27 26
17 29 28
18 30 0
18 30 29
18 29 28
18 28 26
18 26 25
18 25 24
18 24 2
18 2 1
18 24 23
18 23 22
18 22 4
18 4 3
18 22 21
18 21 6
18 6 5
18 21 20
18 20 8
18 8 7
18 20 19
18 19 18
18 18 17
18 17 16
18 16 15
18 15 12
18 12 9
18 12 11
18 11 10
18 15 14
18 14 13
18 28 27
19 31 25
19 25 0
19 25 24
19 24 10
19 10 8
19 8 4
19 4 3
19 3 2
19 2 1
19 8 7
19 7 6
19 6 5
19 10 9
19 24 23
19 23 22
19 22 18
19 18 15
19 15 14
19 14 12
19 12 11
19 14 13
19 18 17
19 17 16
19 22 21
19 21 19
19 21 20
19 31 30
19 30 29
19 29 28
19 28 26
19 28 27
20 29 28
20 28 27
20 27 0
20 27 26
20 26 24
20 24 20
20 20 1
20 20 19
20 19 17
20 17 2
20 17 16
20 16 14
20 14 13
20 13 10
20 10 7
20 7 6
20 6 5
20 5 3
20 5 4
20 10 9
20 9 8
20 13 12
20 12 11
20 16 15
20 19 18
20 24 23
20 23 21
20 23 22
20 26 25
21 30 28
21 28 27
21 27 20
21 20 4
21 4 0
21 4 3
21 3 1
21 3 2
21 20 19
21 19 12
21 12 11
21 11 9
21 9 8
21 8 7
21 7 6
21 6 5
21 11 10
21 19 18
21 18 17
21 17 15
21 15 13
21 15 14
21 17 16
21 27 26
21 26 25
21 25 22
21 22 21
21 25 24
21 24 23
21 30 29
22 34 33
22 33 0
22 33 32
22 32 1
22 32 31
22 31 30
22 30 29
22 29 27
22 27 26
22 26 14
22 14 11
22 11 10
22 10 8
22 8 2
22 8 7
22 7 6
22 6 3
22 6 5
22 5 4
22 10 9
22 14 13
22 13 12
22 26 25
22 25 22
22 22 18
22 18 17
22 17 15
22 17 16
22 22 21
22 21 19
22 21 20
22 25 24
22 24 23
22 29 28
23 30 25
23 25 24
23 24 13
23 13 12
23 12 10
23 10 9
23 9 2
23 2 1
23 1 0
23 9 8
23 8 7
23 7 3
23 7 6
23 6 4
23 6 5
23 12 11
23 24 23
23 23 14
23 23 22
23 22 15
23 22 21
23 21 20
23 20 19
23 19 16
23 19 18
23 18 17
23 30 29
23 29 28
23 28 26
23 28 27
24 31 6
24 6 1
24 1 0
24 6 5
24 5 4
24 4 3
24 3 2
24 31 30
24 30 29
24 29 12
24 12 11
24 11 10
24 10 7
24 10 9
24 9 8
24 29 28
24 28 17
24 17 14
24 14 13
24 17 16
24 16 15
24 28 27
24 27 21
24 21 20
24 20 18
24 20 19
24 27 26
24 26 24
24 24 23
24 23 22
24 26 25
25 33 32
25 32 31
25 31 30
25 30 1
25 1 0
25 30 29
25 29 27
25 27 26
25 26 3
25 3 2
25 26 25
25 25 24
25 24 10
25 10 9
25 9 5
25 5 4
25 9 8
25 8 6
25 8 7
25 24 23
25 23 21
25 21 12
25 12 11
25 21 20
25 20 19
25 19 18
25 18 15
25 15 14
25 14 13
25 18 17
25 17 16
25 23 22
25 29 28
26 31 0
26 31 30
26 30 5
26 5 1
26 5 4
26 4 2
26 4 3
26 30 29
26 29 23
26 23 22
26 22 6
26 22 21
26 21 9
26 9 7
26 9 8
26 21 20
26 20 11
26 11 10
26 20 19
26 19 18
26 18 17
26 17 12
26 17 16
26 16 14
26 14 13
26 16 15
26 29 28
26 28 25
26 25 24
26 28 27
26 27 26
27 31 0
27 31 30
27 30 23
27 23 22
27 22 1
27 22 21
27 21 20
27 20 5
27 5 4
27 4 3
27 3 2
27 20 19
27 19 8
27 8 6
27 8 7
27 19 18
27 18 9
27 18 17
27 17 13
27 13 10
27 13 12
27 12 11
27 17 16
27 16 14
27 16 15
27 30 29
27 29 28
27 28 27
27 27 26
27 26 24
27 26 25
28 31 30
28 30 29
28 29 1
28 1 0
28 29 28
28 28 26
28 26 25
28 25 16
28 16 9
28 9 2
28 9 8
28 8 7
28 7 6
28 6 3
28 6 5
28 5 4
28 16 15
28 15 13
28 13 12
28 12 10
28 12 11
28 15 14
28 25 24
28 24 21
28 21 20
28 20 19
28 19 18
28 18 17
28 24 23
28 23 22
28 28 27
29 30 28
29 28 27
29 27 0
29 27 26
29 26 24
29 24 23
29 23 22
29 22 6
29 6 1
29 6 5
29 5 2
29 5 4
29 4 3
29 22 21
29 21 8
29 8 7
29 21 20
29 20 18
29 18 17
29 17 16
29 16 15
29 15 13
29 13 10
29 10 9
29 13 12
29 12 11
29 15 14
29 20 19
29 26 25
29 30 29
30 32 31
30 31 16
30 16 14
30 14 6
30 6 0
30 6 5
30 5 1
30 5 4
30 4 3
30 3 2
30 14 13
30 13 12
30 12 10
30 10 9
30 9 7
30 9 8
30 12 11
30 16 15
30 31 30
30 30 23
30 23 19
30 19 18
30 18 17
30 23 22
30 22 21
30 21 20
30 30 29
30 29 28
30 28 25
30 25 24
30 28 27
30 27 26
31 30 0
31 30 29
31 29 28
31 28 24
31 24 22
31 22 21
31 21 1
31 21 20
31 20 19
31 19 18
31 18 16
31 16 15
31 15 9
31 9 7
31 7 3
31 3 2
31 7 6
31 6 5
31 5 4
31 9 8
31 15 14
31 14 11
31 11 10
31 14 13
31 13 12
31 18 17
31 24 23
31 28 27
31 27 25
31 27 26
32 34 33
32 33 18
32 18 5
32 5 0
32 5 4
32 4 3
32 3 1
32 3 2
32 18 17
32 17 15
32 15 13
32 13 12
32 12 6
32 12 11
32 11 10
32 10 9
32 9 8
32 8 7
32 15 14
32 17 16
32 33 32
32 32 31
32 31 21
32 21 20
32 20 19
32 31 30
32 30 29
32 29 22
32 29 28
32 28 27
32 27 26
32 26 24
32 24 23
32 26 25
33 34 4
33 4 2
33 2 0
33 2 1
33 4 3
33 34 33
33 33 21
33 21 7
33 7 6
33 6 5
33 21 20
33 20 19
33 19 8
33 19 18
33 18 9
33 18 17
33 17 16
33 16 15
33 15 14
33 14 12
33 12 11
33 11 10
33 14 13
33 33 32
33 32 29
33 29 28
33 28 26
33 26 25
33 25 23
33 23 22
33 25 24
33 28 27
33 32 31
33 31 30
34 31 30
34 30 10
34 10 0
34 10 9
34 9 8
34 8 7
34 7 2
34 2 1
34 7 6
34 6 5
34 5 3
34 5 4
34 30 29
34 29 24
34 24 13
34 13 12
34 12 11
34 24 23
34 23 22
34 22 20
34 20 19
34 19 18
34 18 17
34 17 16
34 16 14
34 16 15
34 22 21
34 29 28
34 28 26
34 26 25
34 28 27
35 34 33
35 33 32
35 32 30
35 30 29
35 29 13
35 13 11
35 11 10
35 10 6
35 6 5
35 5 4
35 4 3
35 3 0
35 3 2
35 2 1
35 10 9
35 9 7
35 9 8
35 13 12
35 29 28
35 28 27
35 27 26
35 26 17
35 17 14
35 17 16
35 16 15
35 26 25
35 25 24
35 24 18
35 24 23
35 23 20
35 20 19
35 23 22
35 22 21
35 32 31
36 33 32
36 32 27
36 27 3
36 3 0
36 3 2
36 2 1
36 27 26
36 26 25
36 25 24
36 24 7
36 7 6
36 6 4
36 6 5
36 24 23
36 23 22
36 22 21
36 21 19
36 19 18
36 18 8
36 18 17
36 17 16
36 16 15
36 15 12
36 12 11
36 11 9
36 11 10
36 15 14
36 14 13
36 21 20
36 32 31
36 31 30
36 30 29
36 29 28
37 31 30
37 30 27
37 27 25
37 25 0
37 25 24
37 24 22
37 22 10
37 10 9
37 9 8
37 8 6
37 6 1
37 6 5
37 5 3
37 3 2
37 5 4
37 8 7
37 22 21
37 21 20
37 20 16
37 16 15
37 15 11
37 15 14
37 14 13
37 13 12
37 20 19
37 19 17
37 19 18
37 24 23
37 27 26
37 30 29
37 29 28
38 32 29
38 29 28
38 28 16
38 16 14
38 14 6
38 6 4
38 4 0
38 4 3
38 3 2
38 2 1
38 6 5
38 14 13
38 13 12
38 12 11
38 11 9
38 9 8
38 8 7
38 11 10
38 16 15
38 28 27
38 27 24
38 24 23
38 23 18
38 18 17
38 23 22
38 22 21
38 21 20
38 20 19
38 27 26
38 26 25
38 32 31
38 31 30
39 33 32
39 32 25
39 25 1
39 1 0
39 25 24
39 24 21
39 21 2
39 21 20
39 20 19
39 19 3
39 19 18
39 18 17
39 17 4
39 17 16
39 16 15
39 15 13
39 13 11
39 11 9
39 9 8
39 8 7
39 7 6
39 6 5
39 11 10
39 13 12
39 15 14
39 24 23
39 23 22
39 32 31
39 31 30
39 30 26
39 30 29
39 29 27
39 29 28
40 31 29
40 29 0
40 29 28
40 28 21
40 21 20
40 20 19
40 19 17
40 17 16
40 16 3
40 3 2
40 2 1
40 16 15
40 15 12
40 12 11
40 11 4
40 11 10
40 10 9
40 9 6
40 6 5
40 9 8
40 8 7
40 15 14
40 14 13
40 19 18
40 28 27
40 27 26
40 26 24
40 24 22
40 24 23
40 26 25
40 31 30
41 33 1
41 1 0
41 33 32
41 32 31
41 31 24
41 24 23
41 23 14
41 14 3
41 3 2
41 14 13
41 13 11
41 11 5
41 5 4
41 11 10
41 10 9
41 9 8
41 8 6
41 8 7
41 13 12
41 23 22
41 22 16
41 16 15
41 22 21
41 21 19
41 19 18
41 18 17
41 21 20
41 31 30
41 30 29
41 29 26
41 26 25
41 29 28
41 28 27
42 34 24
42 24 23
42 23 5
42 5 4
42 4 0
42 4 3
42 3 2
42 2 1
42 23 22
42 22 6
42 22 21
42 21 20
42 20 11
42 11 7
42 11 10
42 10 8
42 10 9
42 20 19
42 19 14
42 14 12
42 14 13
42 19 18
42 18 17
42 17 15
42 17 16
42 34 33
42 33 32
42 32 31
42 31 30
42 30 29
42 29 28
42 28 26
42 26 25
42 28 27
43 29 2
43 2 0
43 2 1
43 29 28
43 28 3
43 28 27
43 27 25
43 25 5
43 5 4
43 25 24
43 24 17
43 17 6
43 17 16
43 16 7
43 16 15
43 15 14
43 14 9
43 9 8
43 14 13
43 13 12
43 12 10
43 12 11
43 24 23
43 23 22
43 22 20
43 20 19
43 19 18
43 22 21
43 27 26
44 34 32
44 32 26
44 26 24
44 24 23
44 23 22
44 22 7
44 7 6
44 6 5
44 5 1
44 1 0
44 5 4
44 4 3
44 3 2
44 22 21
44 21 20
44 20 12
44 12 11
44 11 10
44 10 8
44 10 9
44 20 19
44 19 18
44 18 14
44 14 13
44 18 17
44 17 15
44 17 16
44 26 25
44 32 31
44 31 28
44 28 27
44 31 30
44 30 29
44 34 33
45 33 0
45 33 32
45 32 31
45 31 29
45 29 28
45 28 27
45 27 25
45 25 23
45 23 1
45 23 22
45 22 21
45 21 12
45 12 5
45 5 4
45 4 3
45 3 2
45 12 11
45 11 10
45 10 9
45 9 7
45 7 6
45 9 8
45 21 20
45 20 19
45 19 17
45 17 13
45 17 16
45 16 15
45 15 14
45 19 18
45 25 24
45 27 26
45 31 30
46 32 31
46 31 30
46 30 29
46 29 27
46 27 0
46 27 26
46 26 22
46 22 21
46 21 6
46 6 4
46 4 3
46 3 1
46 3 2
46 6 5
46 21 20
46 20 19
46 19 7
46 19 18
46 18 16
46 16 14
46 14 9
46 9 8
46 14 13
46 13 10
46 13 12
46 12 11
46 16 15
46 18 17
46 26 25
46 25 23
46 25 24
46 29 28
47 32 18
47 18 16
47 16 13
47 13 0
47 13 12
47 12 2
47 2 1
47 12 11
47 11 3
47 11 10
47 10 5
47 5 4
47 10 9
47 9 8
47 8 6
47 8 7
47 16 15
47 15 14
47 18 17
47 32 31
47 31 19
47 31 30
47 30 22
47 22 21
47 21 20
47 30 29
47 29 28
47 28 26
47 26 23
47 26 25
47 25 24
47 28 27
48 31 2
48 2 1
48 1 0
48 31 30
48 30 29
48 29 25
48 25 24
48 24 23
48 23 21
48 21 8
48 8 5
48 5 3
48 5 4
48 8 7
48 7 6
48 21 20
48 20 11
48 11 10
48 10 9
48 20 19
48 19 13
48 13 12
48 19 18
48 18 17
48 17 14
48 17 16
48 16 15
48 23 22
48 29 28
48 28 27
48 27 26
49 30 28
49 28 2
49 2 1
49 1 0
49 28 27
49 27 26
49 26 25
49 25 17
49 17 16
49 16 9
49 9 8
49 8 3
49 8 7
49 7 6
49 6 4
49 6 5
49 16 15
49 15 14
49 14 13
49 13 12
49 12 10
49 12 11
49 25 24
49 24 22
49 22 20
49 20 18
49 20 19
49 22 21
49 24 23
49 30 29
50 34 0
50 34 33
50 33 31
50 31 28
50 28 27
50 27 1
50 27 26
50 26 25
50 25 24
50 24 2
50 24 23
50 23 22
50 22 21
50 21 13
50 13 12
50 12 11
50 11 9
50 9 8
50 8 7
50 7 3
50 7 6
50 6 5
50 5 4
50 11 10
50 21 20
50 20 18
50 18 17
50 17 16
50 16 14
50 16 15
50 20 19
50 31 30
50 30 29
50 33 32
51 32 28
51 28 27
51 27 0
51 27 26
51 26 24
51 24 23
51 23 22
51 22 17
51 17 16
51 16 14
51 14 13
51 13 1
51 13 12
51 12 3
51 3 2
51 12 11
51 11 9
51 9 8
51 8 7
51 7 6
51 6 4
51 6 5
51 11 10
51 16 15
51 22 21
51 21 20
51 20 19
51 19 18
51 26 25
51 32 31
51 31 29
51 31 30
52 32 31
52 31 20
52 20 0
52 20 19
52 19 17
52 17 16
52 16 6
52 6 4
52 4 3
52 3 2
52 2 1
52 6 5
52 16 15
52 15 13
52 13 12
52 12 10
52 10 7
52 10 9
52 9 8
52 12 11
52 15 14
52 19 18
52 31 30
52 30 28
52 28 21
52 28 27
52 27 25
52 25 23
52 23 22
52 25 24
52 27 26
52 30 29
53 29 26
53 26 25
53 25 24
53 24 22
53 22 5
53 5 1
53 1 0
53 5 4
53 4 3
53 3 2
53 22 21
53 21 11
53 11 7
53 7 6
53 11 10
53 10 9
53 9 8
53 21 20
53 20 19
53 19 12
53 19 18
53 18 16
53 16 15
53 15 14
53 14 13
53 18 17
53 24 23
53 29 28
53 28 27
54 34 0
54 34 33
54 33 32
54 32 29
54 29 13
54 13 12
54 12 11
54 11 1
54 11 10
54 10 5
54 5 4
54 4 3
54 3 2
54 10 9
54 9 8
54 8 6
54 8 7
54 29 28
54 28 26
54 26 14
54 26 25
54 25 23
54 23 22
54 22 21
54 21 20
54 20 15
54 20 19
54 19 18
54 18 16
54 18 17
54 25 24
54 28 27
54 32 31
54 31 30
55 33 0
55 33 32
55 32 31
55 31 30
55 30 29
55 29 27
55 27 25
55 25 24
55 24 12
55 12 1
55 12 11
55 11 10
55 10 9
55 9 7
55 7 2
55 7 6
55 6 4
55 4 3
55 6 5
55 9 8
55 24 23
55 23 19
55 19 18
55 18 13
55 18 17
55 17 16
55 16 15
55 15 14
55 23 22
55 22 21
55 21 20
55 27 26
55 29 28
56 29 28
56 28 26
56 26 23
56 23 20
56 20 19
56 19 0
56 19 18
56 18 16
56 16 11
56 11 3
56 3 2
56 2 1
56 11 10
56 10 9
56 9 8
56 8 7
56 7 5
56 5 4
56 7 6
56 16 15
56 15 14
56 14 12
56 14 13
56 18 17
56 23 22
56 22 21
56 26 25
56 25 24
56 28 27
57 29 24
57 24 0
57 24 23
57 23 2
57 2 1
57 23 22
57 22 5
57 5 4
57 4 3
57 22 21
57 21 6
57 21 20
57 20 18
57 18 16
57 16 15
57 15 14
57 14 13
57 13 12
57 12 10
57 10 7
57 10 9
57 9 8
57 12 11
57 18 17
57 20 19
57 29 28
57 28 27
57 27 26
57 26 25
58 33 32
58 32 26
58 26 0
58 26 25
58 25 7
58 7 6
58 6 3
58 3 2
58 2 1
58 6 5
58 5 4
58 25 24
58 24 23
58 23 22
58 22 16
58 16 15
58 15 13
58 13 12
58 12 11
58 11 10
58 10 9
58 9 8
58 15 14
58 22 21
58 21 20
58 20 19
58 19 17
58 19 18
58 32 31
58 31 30
58 30 29
58 29 28
58 28 27
59 30 23
59 23 0
59 23 22
59 22 14
59 14 13
59 13 12
59 12 11
59 11 4
59 4 3
59 3 2
59 2 1
59 11 10
59 10 8
59 8 5
59 8 7
59 7 6
59 10 9
59 22 21
59 21 20
59 20 18
59 18 17
59 17 16
59 16 15
59 20 19
59 30 29
59 29 25
59 25 24
59 29 28
59 28 27
59 27 26
60 30 29
60 29 28
60 28 26
60 26 10
60 10 9
60 9 8
60 8 5
60 5 4
60 4 1
60 1 0
60 4 3
60 3 2
60 8 7
60 7 6
60 26 25
60 25 11
60 25 24
60 24 20
60 20 12
60 20 19
60 19 14
60 14 13
60 19 18
60 18 17
60 17 15
60 17 16
60 24 23
60 23 22
60 22 21
60 28 27
61 29 7
61 7 4
61 4 2
61 2 0
61 2 1
61 4 3
61 7 6
61 6 5
61 29 28
61 28 11
61 11 10
61 10 9
61 9 8
61 28 27
61 27 13
61 13 12
61 27 26
61 26 24
61 24 14
61 24 23
61 23 22
61 22 20
61 20 19
61 19 16
61 16 15
61 19 18
61 18 17
61 22 21
61 26 25
62 34 3
62 3 2
62 2 1
62 1 0
62 34 33
62 33 5
62 5 4
62 33 32
62 32 31
62 31 30
62 30 28
62 28 19
62 19 6
62 19 18
62 18 10
62 10 8
62 8 7
62 10 9
62 18 17
62 17 16
62 16 11
62 16 15
62 15 13
62 13 12
62 15 14
62 28 27
62 27 20
62 27 26
62 26 24
62 24 21
62 24 23
62 23 22
62 26 25
62 30 29
63 29 14
63 14 0
63 14 13
63 13 12
63 12 9
63 9 8
63 8 6
63 6 5
63 5 4
63 4 1
63 4 3
63 3 2
63 8 7
63 12 11
63 11 10
63 29 28
63 28 15
63 28 27
63 27 18
63 18 16
63 18 17
63 27 26
63 26 19
63 26 25
63 25 24
63 24 23
63 23 22
63 22 21
63 21 20
64 32 0
64 32 31
64 31 29
64 29 2
64 2 1
64 29 28
64 28 3
64 28 27
64 27 6
64 6 4
64 6 5
64 27 26
64 26 10
64 10 9
64 9 7
64 9 8
64 26 25
64 25 11
64 25 24
64 24 23
64 23 12
64 23 22
64 22 21
64 21 17
64 17 13
64 17 16
64 16 14
64 16 15
64 21 20
64 20 18
64 20 19
64 31 30
65 31 22
65 22 1
65 1 0
65 22 21
65 21 17
65 17 12
65 12 8
65 8 5
65 5 4
65 4 3
65 3 2
65 8 7
65 7 6
65 12 11
65 11 9
65 11 10
65 17 16
65 16 13
65 16 15
65 15 14
65 21 20
65 20 18
65 20 19
65 31 30
65 30 26
65 26 24
65 24 23
65 26 25
65 30 29
65 29 27
65 29 28
66 34 32
66 32 3
66 3 2
66 2 0
66 2 1
66 32 31
66 31 19
66 19 18
66 18 17
66 17 14
66 14 6
66 6 5
66 5 4
66 14 13
66 13 11
66 11 7
66 11 10
66 10 9
66 9 8
66 13 12
66 17 16
66 16 15
66 31 30
66 30 26
66 26 20
66 26 25
66 25 24
66 24 23
66 23 21
66 23 22
66 30 29
66 29 27
66 29 28
66 34 33
67 31 1
67 1 0
67 31 30
67 30 2
67 30 29
67 29 28
67 28 11
67 11 5
67 5 4
67 4 3
67 11 10
67 10 7
67 7 6
67 10 9
67 9 8
67 28 27
67 27 24
67 24 23
67 23 20
67 20 19
67 19 18
67 18 17
67 17 15
67 15 14
67 14 13
67 13 12
67 17 16
67 23 22
67 22 21
67 27 26
67 26 25
68 32 20
68 20 13
68 13 0
68 13 12
68 12 11
68 11 1
68 11 10
68 10 8
68 8 2
68 8 7
68 7 6
68 6 5
68 5 3
68 5 4
68 10 9
68 20 19
68 19 18
68 18 15
68 15 14
68 18 17
68 17 16
68 32 31
68 31 21
68 31 30
68 30 28
68 28 27
68 27 22
68 27 26
68 26 23
68 26 25
68 25 24
68 30 29
69 29 28
69 28 24
69 24 23
69 23 1
69 1 0
69 23 22
69 22 18
69 18 17
69 17 16
69 16 14
69 14 10
69 10 8
69 8 4
69 4 2
69 4 3
69 8 7
69 7 5
69 7 6
69 10 9
69 14 13
69 13 11
69 13 12
69 16 15
69 22 21
69 21 20
69 20 19
69 28 27
69 27 26
69 26 25
70 34 31
70 31 24
70 24 0
70 24 23
70 23 15
70 15 8
70 8 6
70 6 5
70 5 4
70 4 2
70 2 1
70 4 3
70 8 7
70 15 14
70 14 9
70 14 13
70 13 10
70 13 12
70 12 11
70 23 22
70 22 18
70 18 17
70 17 16
70 22 21
70 21 20
70 20 19
70 31 30
70 30 29
70 29 25
70 29 28
70 28 26
70 28 27
70 34 33
70 33 32
71 31 0
71 31 30
71 30 29
71 29 16
71 16 14
71 14 2
71 2 1
71 14 13
71 13 11
71 11 9
71 9 5
71 5 4
71 4 3
71 9 8
71 8 6
71 8 7
71 11 10
71 13 12
71 16 15
71 29 28
71 28 17
71 28 27
71 27 26
71 26 22
71 22 21
71 21 19
71 19 18
71 21 20
71 26 25
71 25 23
71 25 24
72 34 0
72 34 33
72 33 32
72 32 31
72 31 30
72 30 29
72 29 4
72 4 3
72 3 1
72 3 2
72 29 28
72 28 27
72 27 26
72 26 24
72 24 5
72 24 23
72 23 6
72 23 22
72 22 7
72 22 21
72 21 19
72 19 18
72 18 13
72 13 10
72 10 8
72 10 9
72 13 12
72 12 11
72 18 17
72 17 15
72 15 14
72 17 16
72 21 20
72 26 25
73 30 0
73 30 29
73 29 20
73 20 19
73 19 17
73 17 1
73 17 16
73 16 8
73 8 2
73 8 7
73 7 5
73 5 3
73 5 4
73 7 6
73 16 15
73 15 9
73 15 14
73 14 13
73 13 12
73 12 11
73 11 10
73 19 18
73 29 28
73 28 25
73 25 24
73 24 22
73 22 21
73 24 23
73 28 27
73 27 26
74 32 6
74 6 5
74 5 4
74 4 0
74 4 3
74 3 2
74 2 1
74 32 31
74 31 20
74 20 10
74 10 9
74 9 8
74 8 7
74 20 19
74 19 18
74 18 16
74 16 11
74 16 15
74 15 14
74 14 13
74 13 12
74 18 17
74 31 30
74 30 22
74 22 21
74 30 29
74 29 24
74 24 23
74 29 28
74 28 27
74 27 25
74 27 26
75 29 27
75 27 25
75 25 24
75 24 3
75 3 0
75 3 2
75 2 1
75 24 23
75 23 22
75 22 20
75 20 4
75 20 19
75 19 6
75 6 5
75 19 18
75 18 7
75 18 17
75 17 8
75 17 16
75 16 13
75 13 12
75 12 11
75 11 9
75 11 10
75 16 15
75 15 14
75 22 21
75 27 26
75 29 28
76 31 30
76 30 3
76 3 2
76 2 0
76 2 1
76 30 29
76 29 28
76 28 27
76 27 8
76 8 7
76 7 6
76 6 4
76 6 5
76 27 26
76 26 25
76 25 11
76 11 9
76 11 10
76 25 24
76 24 21
76 21 13
76 13 12
76 21 20
76 20 18
76 18 16
76 16 15
76 15 14
76 18 17
76 20 19
76 24 23
76 23 22
77 30 29
77 29 25
77 25 23
77 23 0
77 23 22
77 22 2
77 2 1
77 22 21
77 21 20
77 20 3
77 20 19
77 19 5
77 5 4
77 19 18
77 18 6
77 18 17
77 17 10
77 10 7
77 10 9
77 9 8
77 17 16
77 16 15
77 15 12
77 12 11
77 15 14
77 14 13
77 25 24
77 29 28
77 28 26
77 28 27
78 29 27
78 27 15
78 15 13
78 13 11
78 11 9
78 9 7
78 7 0
78 7 6
78 6 4
78 4 3
78 3 1
78 3 2
78 6 5
78 9 8
78 11 10
78 13 12
78 15 14
78 27 26
78 26 25
78 25 21
78 21 19
78 19 16
78 19 18
78 18 17
78 21 20
78 25 24
78 24 23
78 23 22
78 29 28
79 29 0
79 29 28
79 28 27
79 27 23
79 23 1
79 23 22
79 22 10
79 10 6
79 6 5
79 5 2
79 5 4
79 4 3
79 10 9
79 9 7
79 9 8
79 22 21
79 21 20
79 20 19
79 19 18
79 18 11
79 18 17
79 17 12
79 17 16
79 16 13
79 16 15
79 15 14
79 27 26
79 26 25
79 25 24
80 31 27
80 27 26
80 26 24
80 24 0
80 24 23
80 23 1
80 23 22
80 22 21
80 21 8
80 8 3
80 3 2
80 8 7
80 7 5
80 5 4
80 7 6
80 21 20
80 20 10
80 10 9
80 20 19
80 19 18
80 18 11
80 18 17
80 17 15
80 15 14
80 14 13
80 13 12
80 17 16
80 26 25
80 31 30
80 30 29
80 29 28
81 30 15
81 15 11
81 11 6
81 6 3
81 3 0
81 3 2
81 2 1
81 6 5
81 5 4
81 11 10
81 10 7
81 10 9
81 9 8
81 15 14
81 14 13
81 13 12
81 30 29
81 29 28
81 28 27
81 27 21
81 21 20
81 20 18
81 18 16
81 18 17
81 20 19
81 27 26
81 26 23
81 23 22
81 26 25
81 25 24
82 30 23
82 23 21
82 21 17
82 17 16
82 16 9
82 9 1
82 1 0
82 9 8
82 8 4
82 4 3
82 3 2
82 8 7
82 7 6
82 6 5
82 16 15
82 15 14
82 14 13
82 13 12
82 12 10
82 12 11
82 21 20
82 20 19
82 19 18
82 23 22
82 30 29
82 29 28
82 28 24
82 28 27
82 27 26
82 26 25
83 29 4
83 4 0
83 4 3
83 3 2
83 2 1
83 29 28
83 28 6
83 6 5
83 28 27
83 27 26
83 26 8
83 8 7
83 26 25
83 25 24
83 24 22
83 22 21
83 21 19
83 19 17
83 17 15
83 15 9
83 15 14
83 14 10
83 14 13
83 13 12
83 12 11
83 17 16
83 19 18
83 21 20
83 24 23
84 30 26
84 26 25
84 25 23
84 23 0
84 23 22
84 22 21
84 21 19
84 19 15
84 15 8
84 8 2
84 2 1
84 8 7
84 7 5
84 5 4
84 4 3
84 7 6
84 15 14
84 14 13
84 13 12
84 12 11
84 11 10
84 10 9
84 19 18
84 18 17
84 17 16
84 21 20
84 25 24
84 30 29
84 29 27
84 29 28
85 34 33
85 33 14
85 14 13
85 13 4
85 4 3
85 3 2
85 2 1
85 1 0
85 13 12
85 12 11
85 11 6
85 6 5
85 11 10
85 10 7
85 10 9
85 9 8
85 33 32
85 32 30
85 30 26
85 26 25
85 25 24
85 24 23
85 23 16
85 16 15
85 23 22
85 22 18
85 18 17
85 22 21
85 21 19
85 21 20
85 30 29
85 29 27
85 29 28
85 32 31
86 33 2
86 2 0
86 2 1
86 33 32
86 32 4
86 4 3
86 32 31
86 31 30
86 30 16
86 16 14
86 14 10
86 10 6
86 6 5
86 10 9
86 9 8
86 8 7
86 14 13
86 13 12
86 12 11
86 16 15
86 30 29
86 29 19
86 19 17
86 19 18
86 29 28
86 28 27
86 27 26
86 26 25
86 25 24
86 24 20
86 24 23
86 23 22
86 22 21
87 31 25
87 25 24
87 24 2
87 2 0
87 2 1
87 24 23
87 23 8
87 8 3
87 8 7
87 7 5
87 5 4
87 7 6
87 23 22
87 22 9
87 22 21
87 21 20
87 20 12
87 12 11
87 11 10
87 20 19
87 19 16
87 16 15
87 15 14
87 14 13
87 19 18
87 18 17
87 31 30
87 30 27
87 27 26
87 30 29
87 29 28
88 32 30
88 30 28
88 28 27
88 27 23
88 23 21
88 21 20
88 20 19
88 19 17
88 17 16
88 16 14
88 14 0
88 14 13
88 13 11
88 11 10
88 10 9
88 9 7
88 7 4
88 4 1
88 4 3
88 3 2
88 7 6
88 6 5
88 9 8
88 13 12
88 16 15
88 19 18
88 23 22
88 27 26
88 26 25
88 25 24
88 30 29
88 32 31
89 30 0
89 30 29
89 29 3
89 3 1
89 3 2
89 29 28
89 28 8
89 8 4
89 8 7
89 7 5
89 7 6
89 28 27
89 27 26
89 26 24
89 24 16
89 16 14
89 14 9
89 14 13
89 13 11
89 11 10
89 13 12
89 16 15
89 24 23
89 23 22
89 22 21
89 21 19
89 19 17
89 19 18
89 21 20
89 26 25
90 29 28
90 28 19
90 19 6
90 6 5
90 5 0
90 5 4
90 4 2
90 2 1
90 4 3
90 19 18
90 18 17
90 17 8
90 8 7
90 17 16
90 16 14
90 14 13
90 13 10
90 10 9
90 13 12
90 12 11
90 16 15
90 28 27
90 27 26
90 26 24
90 24 23
90 23 20
90 23 22
90 22 21
90 26 25
91 30 8
91 8 7
91 7 3
91 3 0
91 3 2
91 2 1
91 7 6
91 6 4
91 6 5
91 30 29
91 29 28
91 28 27
91 27 26
91 26 10
91 10 9
91 26 25
91 25 23
91 23 18
91 18 17
91 17 11
91 17 16
91 16 13
91 13 12
91 16 15
91 15 14
91 23 22
91 22 21
91 21 19
91 21 20
91 25 24
92 34 4
92 4 2
92 2 0
92 2 1
92 4 3
92 34 33
92 33 27
92 27 5
92 27 26
92 26 25
92 25 6
92 25 24
92 24 8
92 8 7
92 24 23
92 23 12
92 12 11
92 11 10
92 10 9
92 23 22
92 22 14
92 14 13
92 22 21
92 21 19
92 19 18
92 18 15
92 18 17
92 17 16
92 21 20
92 33 32
92 32 31
92 31 29
92 29 28
92 31 30
93 32 1
93 1 0
93 32 31
93 31 7
93 7 5
93 5 4
93 4 2
93 4 3
93 7 6
93 31 30
93 30 29
93 29 28
93 28 27
93 27 26
93 26 25
93 25 16
93 16 15
93 15 14
93 14 12
93 12 8
93 12 11
93 11 9
93 11 10
93 14 13
93 25 24
93 24 23
93 23 21
93 21 18
93 18 17
93 21 20
93 20 19
93 23 22
94 34 29
94 29 28
94 28 13
94 13 0
94 13 12
94 12 10
94 10 9
94 9 1
94 9 8
94 8 2
94 8 7
94 7 6
94 6 4
94 4 3
94 6 5
94 12 11
94 28 27
94 27 25
94 25 24
94 24 16
94 16 14
94 16 15
94 24 23
94 23 19
94 19 18
94 18 17
94 23 22
94 22 21
94 21 20
94 27 26
94 34 33
94 33 32
94 32 31
94 31 30
95 30 29
95 29 0
95 29 28
95 28 27
95 27 26
95 26 1
95 26 25
95 25 5
95 5 3
95 3 2
95 5 4
95 25 24
95 24 20
95 20 16
95 16 6
95 16 15
95 15 10
95 10 9
95 9 7
95 9 8
95 15 14
95 14 13
95 13 11
95 13 12
95 20 19
95 19 17
95 19 18
95 24 23
95 23 22
95 22 21
96 34 32
96 32 27
96 27 23
96 23 21
96 21 16
96 16 14
96 14 12
96 12 11
96 11 8
96 8 2
96 2 0
96 2 1
96 8 7
96 7 5
96 5 4
96 4 3
96 7 6
96 11 10
96 10 9
96 14 13
96 16 15
96 21 20
96 20 17
96 20 19
96 19 18
96 23 22
96 27 26
96 26 24
96 26 25
96 32 31
96 31 28
96 31 30
96 30 29
96 34 33
97 30 27
97 27 4
97 4 0
97 4 3
97 3 2
97 2 1
97 27 26
97 26 5
97 26 25
97 25 6
97 25 24
97 24 16
97 16 15
97 15 11
97 11 10
97 10 9
97 9 7
97 9 8
97 15 14
97 14 12
97 14 13
97 24 23
97 23 21
97 21 17
97 21 20
97 20 19
97 19 18
97 23 22
97 30 29
97 29 28
98 33 5
98 5 0
98 5 4
98 4 3
98 3 1
98 3 2
98 33 32
98 32 27
98 27 17
98 17 15
98 15 14
98 14 12
98 12 9
98 9 8
98 8 6
98 8 7
98 12 11
98 11 10
98 14 13
98 17 16
98 27 26
98 26 25
98 25 24
98 24 20
98 20 18
98 20 19
98 24 23
98 23 21
98 23 22
98 32 31
98 31 30
98 30 28
98 30 29
99 29 16
99 16 1
99 1 0
99 16 15
99 15 2
99 15 14
99 14 13
99 13 4
99 4 3
99 13 12
99 12 6
99 6 5
99 12 11
99 11 8
99 8 7
99 11 10
99 10 9
99 29 28
99 28 25
99 25 24
99 24 18
99 18 17
99 24 23
99 23 22
99 22 19
99 22 21
99 21 20
99 28 27
99 27 26
100 32 31
100 31 30
100 30 0
100 30 29
100 29 19
100 19 4
100 4 1
100 4 3
100 3 2
100 19 18
100 18 7
100 7 5
100 7 6
100 18 17
100 17 10
100 10 8
100 10 9
100 17 16
100 16 14
100 14 12
100 12 11
100 14 13
100 16 15
100 29 28
100 28 27
100 27 26
100 26 20
100 26 25
100 25 24
100 24 23
100 23 22
100 22 21
101 34 0
101 34 33
101 33 32
101 32 31
101 31 9
101 9 1
101 9 8
101 8 2
101 8 7
101 7 6
101 6 3
101 6 5
101 5 4
101 31 30
101 30 28
101 28 26
101 26 18
101 18 10
101 18 17
101 17 11
101 17 16
101 16 15
101 15 14
101 14 13
101 13 12
101 26 25
101 25 19
101 25 24
101 24 23
101 23 20
101 23 22
101 22 21
101 28 27
101 30 29
