1 32 2
1 2 1
1 1 0
1 32 31
1 31 26
1 26 24
1 24 3
1 24 23
1 23 20
1 20 8
1 8 7
1 7 6
1 6 5
1 5 4
1 20 19
1 19 10
1 10 9
1 19 18
1 18 17
1 17 12
1 12 11
1 17 16
1 16 15
1 15 13
1 15 14
1 23 22
1 22 21
1 26 25
1 31 30
1 30 29
1 29 27
1 29 28
2 33 32
2 32 31
2 31 29
2 29 27
2 27 17
2 17 16
2 16 6
2 6 5
2 5 3
2 3 2
2 2 1
2 1 0
2 5 4
2 16 15
2 15 14
2 14 13
2 13 11
2 11 10
2 10 9
2 9 7
2 9 8
2 13 12
2 27 26
2 26 20
2 20 18
2 20 19
2 26 25
2 25 24
2 24 23
2 23 21
2 23 22
2 29 28
2 31 30
3 31 19
3 19 18
3 18 17
3 17 14
3 14 13
3 13 8
3 8 0
3 8 7
3 7 6
3 6 5
3 5 1
3 5 4
3 4 2
3 4 3
3 13 12
3 12 10
3 10 9
3 12 11
3 17 16
3 16 15
3 31 30
3 30 29
3 29 28
3 28 27
3 27 25
3 25 23
3 23 20
3 23 22
3 22 21
3 25 24
3 27 26
4 29 0
4 29 28
4 28 26
4 26 25
4 25 24
4 24 7
4 7 4
4 4 3
4 3 1
4 3 2
4 7 6
4 6 5
4 24 23
4 23 9
4 9 8
4 23 22
4 22 21
4 21 19
4 19 18
4 18 17
4 17 12
4 12 10
4 12 11
4 17 16
4 16 13
4 16 15
4 15 14
4 21 20
4 28 27
5 30 2
5 2 0
5 2 1
5 30 29
5 29 3
5 29 28
5 28 27
5 27 5
5 5 4
5 27 26
5 26 13
5 13 10
5 10 9
5 9 8
5 8 7
5 7 6
5 13 12
5 12 11
5 26 25
5 25 16
5 16 15
5 15 14
5 25 24
5 24 23
5 23 22
5 22 21
5 21 20
5 20 19
5 19 18
5 18 17
6 30 0
6 30 29
6 29 7
6 7 5
6 5 4
6 4 3
6 3 2
6 2 1
6 7 6
6 29 28
6 28 26
6 26 24
6 24 8
6 24 23
6 23 22
6 22 21
6 21 20
6 20 19
6 19 17
6 17 10
6 10 9
6 17 16
6 16 14
6 14 11
6 14 13
6 13 12
6 16 15
6 19 18
6 26 25
6 28 27
7 31 23
7 23 21
7 21 20
7 20 19
7 19 17
7 17 15
7 15 10
7 10 9
7 9 8
7 8 7
7 7 5
7 5 4
7 4 3
7 3 2
7 2 0
7 2 1
7 7 6
7 15 14
7 14 13
7 13 12
7 12 11
7 17 16
7 19 18
7 23 22
7 31 30
7 30 28
7 28 26
7 26 24
7 26 25
7 28 27
7 30 29
8 32 8
8 8 7
8 7 6
8 6 1
8 1 0
8 6 5
8 5 2
8 5 4
8 4 3
8 32 31
8 31 26
8 26 24
8 24 22
8 22 20
8 20 9
8 20 19
8 19 18
8 18 17
8 17 16
8 16 12
8 12 10
8 12 11
8 16 15
8 15 13
8 15 14
8 22 21
8 24 23
8 26 25
8 31 30
8 30 27
8 30 29
8 29 28
9 29 0
9 29 28
9 28 18
9 18 16
9 16 3
9 3 2
9 2 1
9 16 15
9 15 14
9 14 4
9 14 13
9 13 12
9 12 11
9 11 10
9 10 9
9 9 5
9 9 8
9 8 7
9 7 6
9 18 17
9 28 27
9 27 19
9 27 26
9 26 25
9 25 21
9 21 20
9 25 24
9 24 23
9 23 22
10 33 11
10 11 0
10 11 10
10 10 9
10 9 8
10 8 3
10 3 1
10 3 2
10 8 7
10 7 6
10 6 5
10 5 4
10 33 32
10 32 12
10 32 31
10 31 30
10 30 17
10 17 15
10 15 14
10 14 13
10 17 16
10 30 29
10 29 28
10 28 27
10 27 23
10 23 22
10 22 19
10 19 18
10 22 21
10 21 20
10 27 26
10 26 25
10 25 24
11 34 27
11 27 0
11 27 26
11 26 17
11 17 1
11 17 16
11 16 13
11 13 8
11 8 7
11 7 6
11 6 2
11 6 5
11 5 3
11 5 4
11 13 12
11 12 11
11 11 9
11 11 10
11 16 15
11 15 14
11 26 25
11 25 24
11 24 21
11 21 18
11 21 20
11 20 19
11 24 23
11 23 22
11 34 33
11 33 32
11 32 31
11 31 30
11 30 28
11 30 29
12 34 21
12 21 20
12 20 19
12 19 17
12 17 16
12 16 15
12 15 12
12 12 10
12 10 8
12 8 3
12 3 0
12 3 2
12 2 1
12 8 7
12 7 6
12 6 5
12 5 4
12 10 9
12 12 11
12 15 14
12 14 13
12 19 18
12 34 33
12 33 32
12 32 27
12 27 23
12 23 22
12 27 26
12 26 25
12 25 24
12 32 31
12 31 29
12 29 28
12 31 30
13 33 31
13 31 24
13 24 23
13 23 22
13 22 0
13 22 21
13 21 17
13 17 1
13 17 16
13 16 15
13 15 2
13 15 14
13 14 3
13 14 13
13 13 4
13 13 12
13 12 10
13 10 5
13 10 9
13 9 6
13 9 8
13 8 7
13 12 11
13 21 20
13 20 18
13 20 19
13 31 30
13 30 29
13 29 27
13 27 26
13 26 25
13 29 28
13 33 32
14 30 28
14 28 27
14 27 26
14 26 6
14 6 1
14 1 0
14 6 5
14 5 4
14 4 2
14 4 3
14 26 25
14 25 23
14 23 20
14 20 19
14 19 13
14 13 12
14 12 10
14 10 9
14 9 7
14 9 8
14 12 11
14 19 18
14 18 17
14 17 14
14 17 16
14 16 15
14 23 22
14 22 21
14 25 24
14 30 29
15 30 14
15 14 13
15 13 12
15 12 11
15 11 0
15 11 10
15 10 2
15 2 1
15 10 9
15 9 6
15 6 5
15 5 3
15 5 4
15 9 8
15 8 7
15 30 29
15 29 28
15 28 27
15 27 26
15 26 24
15 24 19
15 19 15
15 19 18
15 18 17
15 17 16
15 24 23
15 23 22
15 22 20
15 22 21
15 26 25
16 31 1
16 1 0
16 31 30
16 30 29
16 29 2
16 29 28
16 28 26
16 26 23
16 23 6
16 6 5
16 5 4
16 4 3
16 23 22
16 22 21
16 21 12
16 12 11
16 11 9
16 9 7
16 9 8
16 11 10
16 21 20
16 20 14
16 14 13
16 20 19
16 19 15
16 19 18
16 18 16
16 18 17
16 26 25
16 25 24
16 28 27
17 30 29
17 29 3
17 3 2
17 2 0
17 2 1
17 29 28
17 28 24
17 24 8
17 8 5
17 5 4
17 8 7
17 7 6
17 24 23
17 23 21
17 21 20
17 20 16
17 16 14
17 14 12
17 12 11
17 11 9
17 11 10
17 14 13
17 16 15
17 20 19
17 19 18
17 18 17
17 23 22
17 28 27
17 27 25
17 27 26
18 32 28
18 28 24
18 24 23
18 23 14
18 14 12
18 12 10
18 10 5
18 5 3
18 3 1
18 1 0
18 3 2
18 5 4
18 10 9
18 9 8
18 8 6
18 8 7
18 12 11
18 14 13
18 23 22
18 22 20
18 20 17
18 17 15
18 17 16
18 20 19
18 19 18
18 22 21
18 28 27
18 27 25
18 27 26
18 32 31
18 31 30
18 30 29
19 33 2
19 2 0
19 2 1
19 33 32
19 32 31
19 31 30
19 30 29
19 29 10
19 10 8
19 8 3
19 8 7
19 7 6
19 6 5
19 5 4
19 10 9
19 29 28
19 28 19
19 19 18
19 18 17
19 17 14
19 14 11
19 14 13
19 13 12
19 17 16
19 16 15
19 28 27
19 27 26
19 26 24
19 24 20
19 24 23
19 23 22
19 22 21
19 26 25
20 34 32
20 32 0
20 32 31
20 31 1
20 31 30
20 30 29
20 29 27
20 27 20
20 20 19
20 19 18
20 18 17
20 17 15
20 15 14
20 14 11
20 11 2
20 11 10
20 10 9
20 9 8
20 8 6
20 6 5
20 5 4
20 4 3
20 8 7
20 14 13
20 13 12
20 17 16
20 27 26
20 26 25
20 25 24
20 24 21
20 24 23
20 23 22
20 29 28
20 34 33
21 34 1
21 1 0
21 34 33
21 33 2
21 33 32
21 32 3
21 32 31
21 31 30
21 30 6
21 6 5
21 5 4
21 30 29
21 29 27
21 27 7
21 27 26
21 26 25
21 25 10
21 10 8
21 10 9
21 25 24
21 24 23
21 23 17
21 17 11
21 17 16
21 16 12
21 16 15
21 15 14
21 14 13
21 23 22
21 22 20
21 20 18
21 20 19
21 22 21
21 29 28
22 31 30
22 30 29
22 29 25
22 25 24
22 24 1
22 1 0
22 24 23
22 23 22
22 22 3
22 3 2
22 22 21
22 21 20
22 20 4
22 20 19
22 19 18
22 18 8
22 8 5
22 8 7
22 7 6
22 18 17
22 17 15
22 15 9
22 15 14
22 14 13
22 13 11
22 11 10
22 13 12
22 17 16
22 29 28
22 28 26
22 28 27
23 32 31
23 31 30
23 30 29
23 29 27
23 27 0
23 27 26
23 26 25
23 25 19
23 19 8
23 8 6
23 6 5
23 5 1
23 5 4
23 4 2
23 4 3
23 8 7
23 19 18
23 18 17
23 17 9
23 17 16
23 16 13
23 13 12
23 12 11
23 11 10
23 16 15
23 15 14
23 25 24
23 24 23
23 23 21
23 21 20
23 23 22
23 29 28
24 31 5
24 5 0
24 5 4
24 4 2
24 2 1
24 4 3
24 31 30
24 30 28
24 28 9
24 9 7
24 7 6
24 9 8
24 28 27
24 27 26
24 26 11
24 11 10
24 26 25
24 25 24
24 24 12
24 24 23
24 23 16
24 16 14
24 14 13
24 16 15
24 23 22
24 22 21
24 21 19
24 19 17
24 19 18
24 21 20
24 30 29
25 31 19
25 19 18
25 18 0
25 18 17
25 17 16
25 16 14
25 14 7
25 7 6
25 6 4
25 4 2
25 2 1
25 4 3
25 6 5
25 14 13
25 13 8
25 13 12
25 12 11
25 11 10
25 10 9
25 16 15
25 31 30
25 30 20
25 30 29
25 29 21
25 29 28
25 28 22
25 28 27
25 27 26
25 26 25
25 25 23
25 25 24
26 29 2
26 2 1
26 1 0
26 29 28
26 28 5
26 5 3
26 5 4
26 28 27
26 27 17
26 17 16
26 16 15
26 15 14
26 14 8
26 8 7
26 7 6
26 14 13
26 13 9
26 13 12
26 12 10
26 12 11
26 27 26
26 26 25
26 25 20
26 20 19
26 19 18
26 25 24
26 24 21
26 24 23
26 23 22
27 33 22
27 22 0
27 22 21
27 21 1
27 21 20
27 20 19
27 19 18
27 18 8
27 8 7
27 7 3
27 3 2
27 7 6
27 6 4
27 6 5
27 18 17
27 17 13
27 13 12
27 12 9
27 12 11
27 11 10
27 17 16
27 16 14
27 16 15
27 33 32
27 32 28
27 28 24
27 24 23
27 28 27
27 27 25
27 27 26
27 32 31
27 31 30
27 30 29
28 34 32
28 32 31
28 31 0
28 31 30
28 30 29
28 29 28
28 28 1
28 28 27
28 27 25
28 25 19
28 19 18
28 18 17
28 17 14
28 14 3
28 3 2
28 14 13
28 13 11
28 11 4
28 11 10
28 10 8
28 8 7
28 7 6
28 6 5
28 10 9
28 13 12
28 17 16
28 16 15
28 25 24
28 24 23
28 23 22
28 22 21
28 21 20
28 27 26
28 34 33
29 29 28
29 28 22
29 22 20
29 20 18
29 18 4
29 4 3
29 3 0
29 3 2
29 2 1
29 18 17
29 17 8
29 8 7
29 7 6
29 6 5
29 17 16
29 16 15
29 15 14
29 14 13
29 13 12
29 12 11
29 11 9
29 11 10
29 20 19
29 22 21
29 28 27
29 27 25
29 25 24
29 24 23
29 27 26
30 31 30
30 30 29
30 29 27
30 27 26
30 26 9
30 9 1
30 1 0
30 9 8
30 8 3
30 3 2
30 8 7
30 7 6
30 6 5
30 5 4
30 26 25
30 25 23
30 23 22
30 22 15
30 15 11
30 11 10
30 15 14
30 14 13
30 13 12
30 22 21
30 21 19
30 19 18
30 18 16
30 18 17
30 21 20
30 25 24
30 29 28
31 34 33
31 33 2
31 2 1
31 1 0
31 33 32
31 32 31
31 31 3
31 31 30
31 30 9
31 9 7
31 7 6
31 6 4
31 6 5
31 9 8
31 30 29
31 29 11
31 11 10
31 29 28
31 28 13
31 13 12
31 28 27
31 27 24
31 24 22
31 22 14
31 22 21
31 21 15
31 21 20
31 20 16
31 20 19
31 19 17
31 19 18
31 24 23
31 27 26
31 26 25
32 30 29
32 29 1
32 1 0
32 29 28
32 28 25
32 25 12
32 12 11
32 11 9
32 9 5
32 5 4
32 4 3
32 3 2
32 9 8
32 8 6
32 8 7
32 11 10
32 25 24
32 24 23
32 23 22
32 22 21
32 21 20
32 20 19
32 19 15
32 15 14
32 14 13
32 19 18
32 18 16
32 18 17
32 28 27
32 27 26
33 31 0
33 31 30
33 30 6
33 6 5
33 5 4
33 4 3
33 3 1
33 3 2
33 30 29
33 29 28
33 28 19
33 19 18
33 18 7
33 18 17
33 17 15
33 15 14
33 14 13
33 13 11
33 11 10
33 10 9
33 9 8
33 13 12
33 17 16
33 28 27
33 27 21
33 21 20
33 27 26
33 26 22
33 26 25
33 25 23
33 25 24
34 33 32
34 32 30
34 30 25
34 25 24
34 24 23
34 23 2
34 2 0
34 2 1
34 23 22
34 22 5
34 5 4
34 4 3
34 22 21
34 21 6
34 21 20
34 20 19
34 19 9
34 9 7
34 9 8
34 19 18
34 18 17
34 17 15
34 15 14
34 14 13
34 13 12
34 12 10
34 12 11
34 17 16
34 30 29
34 29 27
34 27 26
34 29 28
34 32 31
35 34 0
35 34 33
35 33 31
35 31 10
35 10 1
35 10 9
35 9 3
35 3 2
35 9 8
35 8 7
35 7 5
35 5 4
35 7 6
35 31 30
35 30 11
35 30 29
35 29 17
35 17 13
35 13 12
35 17 16
35 16 15
35 15 14
35 29 28
35 28 27
35 27 18
35 27 26
35 26 25
35 25 24
35 24 19
35 24 23
35 23 22
35 22 20
35 22 21
35 33 32
36 29 28
36 28 19
36 19 17
36 17 16
36 16 15
36 15 14
36 14 7
36 7 5
36 5 4
36 4 3
36 3 1
36 1 0
36 3 2
36 7 6
36 14 13
36 13 10
36 10 9
36 9 8
36 13 12
36 12 11
36 19 18
36 28 27
36 27 20
36 27 26
36 26 25
36 25 21
36 25 24
36 24 22
36 24 23
37 31 30
37 30 29
37 29 27
37 27 0
37 27 26
37 26 25
37 25 15
37 15 13
37 13 1
37 13 12
37 12 3
37 3 2
37 12 11
37 11 10
37 10 4
37 10 9
37 9 8
37 8 7
37 7 5
37 7 6
37 15 14
37 25 24
37 24 23
37 23 22
37 22 21
37 21 19
37 19 18
37 18 17
37 17 16
37 21 20
37 29 28
38 32 31
38 31 30
38 30 29
38 29 26
38 26 0
38 26 25
38 25 1
38 25 24
38 24 5
38 5 2
38 5 4
38 4 3
38 24 23
38 23 22
38 22 6
38 22 21
38 21 16
38 16 14
38 14 13
38 13 11
38 11 7
38 11 10
38 10 8
38 10 9
38 13 12
38 16 15
38 21 20
38 20 17
38 20 19
38 19 18
38 29 28
38 28 27
39 32 27
39 27 12
39 12 11
39 11 9
39 9 8
39 8 7
39 7 6
39 6 4
39 4 2
39 2 1
39 1 0
39 4 3
39 6 5
39 11 10
39 27 26
39 26 25
39 25 24
39 24 22
39 22 13
39 22 21
39 21 15
39 15 14
39 21 20
39 20 19
39 19 17
39 17 16
39 19 18
39 24 23
39 32 31
39 31 30
39 30 29
39 29 28
40 33 32
40 32 29
40 29 0
40 29 28
40 28 27
40 27 23
40 23 1
40 23 22
40 22 18
40 18 7
40 7 4
40 4 3
40 3 2
40 7 6
40 6 5
40 18 17
40 17 16
40 16 11
40 11 9
40 9 8
40 11 10
40 16 15
40 15 14
40 14 13
40 13 12
40 22 21
40 21 20
40 20 19
40 27 26
40 26 24
40 26 25
40 32 31
40 31 30
41 30 25
41 25 20
41 20 17
41 17 16
41 16 0
41 16 15
41 15 2
41 2 1
41 15 14
41 14 4
41 4 3
41 14 13
41 13 12
41 12 9
41 9 7
41 7 5
41 7 6
41 9 8
41 12 11
41 11 10
41 20 19
41 19 18
41 25 24
41 24 22
41 22 21
41 24 23
41 30 29
41 29 28
41 28 26
41 28 27
42 29 28
42 28 27
42 27 26
42 26 4
42 4 1
42 1 0
42 4 3
42 3 2
42 26 25
42 25 14
42 14 13
42 13 12
42 12 8
42 8 7
42 7 5
42 7 6
42 12 11
42 11 9
42 11 10
42 25 24
42 24 23
42 23 22
42 22 17
42 17 15
42 17 16
42 22 21
42 21 20
42 20 19
42 19 18
43 32 3
43 3 2
43 2 0
43 2 1
43 32 31
43 31 4
43 31 30
43 30 6
43 6 5
43 30 29
43 29 27
43 27 26
43 26 24
43 24 23
43 23 13
43 13 12
43 12 11
43 11 8
43 8 7
43 11 10
43 10 9
43 23 22
43 22 19
43 19 15
43 15 14
43 19 18
43 18 16
43 18 17
43 22 21
43 21 20
43 26 25
43 29 28
44 30 21
44 21 20
44 20 0
44 20 19
44 19 17
44 17 7
44 7 1
44 7 6
44 6 2
44 6 5
44 5 3
44 5 4
44 17 16
44 16 9
44 9 8
44 16 15
44 15 10
44 15 14
44 14 12
44 12 11
44 14 13
44 19 18
44 30 29
44 29 26
44 26 25
44 25 24
44 24 23
44 23 22
44 29 28
44 28 27
45 29 0
45 29 28
45 28 2
45 2 1
45 28 27
45 27 26
45 26 3
45 26 25
45 25 19
45 19 16
45 16 15
45 15 5
45 5 4
45 15 14
45 14 6
45 14 13
45 13 12
45 12 8
45 8 7
45 12 11
45 11 9
45 11 10
45 19 18
45 18 17
45 25 24
45 24 20
45 24 23
45 23 21
45 23 22
46 29 9
46 9 8
46 8 3
46 3 2
46 2 0
46 2 1
46 8 7
46 7 6
46 6 4
46 6 5
46 29 28
46 28 26
46 26 24
46 24 23
46 23 21
46 21 20
46 20 19
46 19 17
46 17 16
46 16 15
46 15 12
46 12 11
46 11 10
46 15 14
46 14 13
46 19 18
46 23 22
46 26 25
46 28 27
47 33 32
47 32 31
47 31 26
47 26 25
47 25 0
47 25 24
47 24 23
47 23 22
47 22 17
47 17 15
47 15 1
47 15 14
47 14 13
47 13 12
47 12 11
47 11 6
47 6 4
47 4 3
47 3 2
47 6 5
47 11 10
47 10 7
47 10 9
47 9 8
47 17 16
47 22 21
47 21 20
47 20 19
47 19 18
47 31 30
47 30 29
47 29 28
47 28 27
48 29 28
48 28 26
48 26 25
48 25 23
48 23 21
48 21 0
48 21 20
48 20 8
48 8 6
48 6 5
48 5 2
48 2 1
48 5 4
48 4 3
48 8 7
48 20 19
48 19 9
48 19 18
48 18 14
48 14 13
48 13 10
48 13 12
48 12 11
48 18 17
48 17 15
48 17 16
48 23 22
48 25 24
48 28 27
49 31 29
49 29 28
49 28 27
49 27 26
49 26 25
49 25 6
49 6 0
49 6 5
49 5 4
49 4 1
49 4 3
49 3 2
49 25 24
49 24 22
49 22 21
49 21 8
49 8 7
49 21 20
49 20 19
49 19 18
49 18 17
49 17 9
49 17 16
49 16 10
49 16 15
49 15 12
49 12 11
49 15 14
49 14 13
49 24 23
49 31 30
50 31 1
50 1 0
50 31 30
50 30 28
50 28 10
50 10 9
50 9 7
50 7 6
50 6 4
50 4 3
50 3 2
50 6 5
50 9 8
50 28 27
50 27 24
50 24 13
50 13 12
50 12 11
50 24 23
50 23 21
50 21 14
50 21 20
50 20 18
50 18 17
50 17 15
50 17 16
50 20 19
50 23 22
50 27 26
50 26 25
50 30 29
51 29 26
51 26 25
51 25 24
51 24 22
51 22 1
51 1 0
51 22 21
51 21 8
51 8 6
51 6 5
51 5 4
51 4 3
51 3 2
51 8 7
51 21 20
51 20 15
51 15 14
51 14 13
51 13 12
51 12 10
51 10 9
51 12 11
51 20 19
51 19 16
51 19 18
51 18 17
51 24 23
51 29 28
51 28 27
52 29 20
52 20 18
52 18 14
52 14 3
52 3 2
52 2 1
52 1 0
52 14 13
52 13 9
52 9 4
52 9 8
52 8 7
52 7 5
52 7 6
52 13 12
52 12 10
52 12 11
52 18 17
52 17 16
52 16 15
52 20 19
52 29 28
52 28 27
52 27 21
52 27 26
52 26 24
52 24 23
52 23 22
52 26 25
53 31 29
53 29 22
53 22 18
53 18 14
53 14 13
53 13 11
53 11 10
53 10 1
53 1 0
53 10 9
53 9 6
53 6 3
53 3 2
53 6 5
53 5 4
53 9 8
53 8 7
53 13 12
53 18 17
53 17 16
53 16 15
53 22 21
53 21 20
53 20 19
53 29 28
53 28 27
53 27 24
53 24 23
53 27 26
53 26 25
53 31 30
54 31 0
54 31 30
54 30 28
54 28 14
54 14 8
54 8 6
54 6 5
54 5 4
54 4 1
54 4 3
54 3 2
54 8 7
54 14 13
54 13 9
54 13 12
54 12 10
54 12 11
54 28 27
54 27 17
54 17 15
54 17 16
54 27 26
54 26 25
54 25 24
54 24 22
54 22 21
54 21 18
54 21 20
54 20 19
54 24 23
54 30 29
55 33 31
55 31 27
55 27 26
55 26 25
55 25 24
55 24 19
55 19 0
55 19 18
55 18 16
55 16 15
55 15 12
55 12 2
55 2 1
55 12 11
55 11 10
55 10 6
55 6 4
55 4 3
55 6 5
55 10 9
55 9 7
55 9 8
55 15 14
55 14 13
55 18 17
55 24 23
55 23 20
55 23 22
55 22 21
55 31 30
55 30 29
55 29 28
55 33 32
56 32 31
56 31 0
56 31 30
56 30 1
56 30 29
56 29 28
56 28 20
56 20 11
56 11 2
56 11 10
56 10 9
56 9 8
56 8 3
56 8 7
56 7 4
56 7 6
56 6 5
56 20 19
56 19 17
56 17 13
56 13 12
56 17 16
56 16 15
56 15 14
56 19 18
56 28 27
56 27 21
56 27 26
56 26 22
56 26 25
56 25 23
56 25 24
57 34 0
57 34 33
57 33 32
57 32 29
57 29 7
57 7 6
57 6 5
57 5 1
57 5 4
57 4 3
57 3 2
57 29 28
57 28 27
57 27 26
57 26 22
57 22 20
57 20 18
57 18 17
57 17 13
57 13 11
57 11 9
57 9 8
57 11 10
57 13 12
57 17 16
57 16 15
57 15 14
57 20 19
57 22 21
57 26 25
57 25 24
57 24 23
57 32 31
57 31 30
58 34 33
58 33 32
58 32 23
58 23 0
58 23 22
58 22 1
58 22 21
58 21 4
58 4 3
58 3 2
58 21 20
58 20 18
58 18 17
58 17 7
58 7 5
58 7 6
58 17 16
58 16 15
58 15 8
58 15 14
58 14 12
58 12 11
58 11 10
58 10 9
58 14 13
58 20 19
58 32 31
58 31 25
58 25 24
58 31 30
58 30 26
58 30 29
58 29 27
58 29 28
59 30 24
59 24 9
59 9 8
59 8 7
59 7 5
59 5 4
59 4 0
59 4 3
59 3 2
59 2 1
59 7 6
59 24 23
59 23 10
59 23 22
59 22 20
59 20 12
59 12 11
59 20 19
59 19 18
59 18 15
59 15 13
59 15 14
59 18 17
59 17 16
59 22 21
59 30 29
59 29 25
59 29 28
59 28 26
59 28 27
60 29 4
60 4 2
60 2 0
60 2 1
60 4 3
60 29 28
60 28 25
60 25 23
60 23 8
60 8 5
60 8 7
60 7 6
60 23 22
60 22 12
60 12 9
60 12 11
60 11 10
60 22 21
60 21 19
60 19 18
60 18 15
60 15 13
60 15 14
60 18 17
60 17 16
60 21 20
60 25 24
60 28 27
60 27 26
61 32 31
61 31 16
61 16 7
61 7 5
61 5 3
61 3 2
61 2 1
61 1 0
61 5 4
61 7 6
61 16 15
61 15 8
61 15 14
61 14 12
61 12 10
61 10 9
61 12 11
61 14 13
61 31 30
61 30 29
61 29 18
61 18 17
61 29 28
61 28 27
61 27 26
61 26 25
61 25 24
61 24 21
61 21 20
61 20 19
61 24 23
61 23 22
62 32 30
62 30 29
62 29 28
62 28 26
62 26 22
62 22 1
62 1 0
62 22 21
62 21 17
62 17 15
62 15 14
62 14 12
62 12 11
62 11 10
62 10 9
62 9 8
62 8 2
62 8 7
62 7 6
62 6 5
62 5 3
62 5 4
62 14 13
62 17 16
62 21 20
62 20 18
62 20 19
62 26 25
62 25 24
62 24 23
62 28 27
62 32 31
63 31 30
63 30 29
63 29 26
63 26 25
63 25 0
63 25 24
63 24 14
63 14 6
63 6 1
63 6 5
63 5 4
63 4 3
63 3 2
63 14 13
63 13 12
63 12 7
63 12 11
63 11 9
63 9 8
63 11 10
63 24 23
63 23 22
63 22 20
63 20 19
63 19 17
63 17 16
63 16 15
63 19 18
63 22 21
63 29 28
63 28 27
64 30 29
64 29 2
64 2 0
64 2 1
64 29 28
64 28 3
64 28 27
64 27 4
64 27 26
64 26 24
64 24 6
64 6 5
64 24 23
64 23 9
64 9 7
64 9 8
64 23 22
64 22 14
64 14 11
64 11 10
64 14 13
64 13 12
64 22 21
64 21 20
64 20 15
64 20 19
64 19 16
64 19 18
64 18 17
64 26 25
65 33 32
65 32 31
65 31 27
65 27 0
65 27 26
65 26 3
65 3 1
65 3 2
65 26 25
65 25 24
65 24 23
65 23 4
65 23 22
65 22 21
65 21 10
65 10 5
65 10 9
65 9 6
65 9 8
65 8 7
65 21 20
65 20 11
65 20 19
65 19 12
65 19 18
65 18 16
65 16 15
65 15 13
65 15 14
65 18 17
65 31 30
65 30 28
65 30 29
66 30 29
66 29 0
66 29 28
66 28 27
66 27 1
66 27 26
66 26 25
66 25 18
66 18 17
66 17 14
66 14 4
66 4 3
66 3 2
66 14 13
66 13 5
66 13 12
66 12 11
66 11 10
66 10 9
66 9 6
66 9 8
66 8 7
66 17 16
66 16 15
66 25 24
66 24 23
66 23 21
66 21 20
66 20 19
66 23 22
67 30 27
67 27 6
67 6 4
67 4 0
67 4 3
67 3 2
67 2 1
67 6 5
67 27 26
67 26 15
67 15 13
67 13 9
67 9 8
67 8 7
67 13 12
67 12 10
67 12 11
67 15 14
67 26 25
67 25 17
67 17 16
67 25 24
67 24 22
67 22 19
67 19 18
67 22 21
67 21 20
67 24 23
67 30 29
67 29 28
68 29 28
68 28 21
68 21 0
68 21 20
68 20 18
68 18 16
68 16 14
68 14 12
68 12 11
68 11 1
68 11 10
68 10 9
68 9 7
68 7 6
68 6 5
68 5 2
68 5 4
68 4 3
68 9 8
68 14 13
68 16 15
68 18 17
68 20 19
68 28 27
68 27 25
68 25 22
68 25 24
68 24 23
68 27 26
69 30 29
69 29 8
69 8 6
69 6 4
69 4 1
69 1 0
69 4 3
69 3 2
69 6 5
69 8 7
69 29 28
69 28 26
69 26 24
69 24 11
69 11 10
69 10 9
69 24 23
69 23 16
69 16 15
69 15 14
69 14 13
69 13 12
69 23 22
69 22 21
69 21 17
69 21 20
69 20 18
69 20 19
69 26 25
69 28 27
70 34 30
70 30 28
70 28 27
70 27 4
70 4 0
70 4 3
70 3 2
70 2 1
70 27 26
70 26 25
70 25 7
70 7 5
70 7 6
70 25 24
70 24 23
70 23 18
70 18 10
70 10 9
70 9 8
70 18 17
70 17 15
70 15 14
70 14 12
70 12 11
70 14 13
70 17 16
70 23 22
70 22 19
70 22 21
70 21 20
70 30 29
70 34 33
70 33 31
70 33 32
71 32 30
71 30 5
71 5 4
71 4 3
71 3 2
71 2 1
71 1 0
71 30 29
71 29 8
71 8 7
71 7 6
71 29 28
71 28 9
71 28 27
71 27 26
71 26 10
71 26 25
71 25 12
71 12 11
71 25 24
71 24 23
71 23 19
71 19 18
71 18 13
71 18 17
71 17 16
71 16 14
71 16 15
71 23 22
71 22 20
71 22 21
71 32 31
72 32 25
72 25 22
72 22 20
72 20 0
72 20 19
72 19 18
72 18 17
72 17 16
72 16 15
72 15 3
72 3 1
72 3 2
72 15 14
72 14 7
72 7 6
72 6 5
72 5 4
72 14 13
72 13 12
72 12 11
72 11 8
72 11 10
72 10 9
72 22 21
72 25 24
72 24 23
72 32 31
72 31 30
72 30 26
72 30 29
72 29 27
72 29 28
73 33 31
73 31 30
73 30 1
73 1 0
73 30 29
73 29 10
73 10 9
73 9 6
73 6 3
73 3 2
73 6 5
73 5 4
73 9 8
73 8 7
73 29 28
73 28 23
73 23 14
73 14 13
73 13 12
73 12 11
73 23 22
73 22 20
73 20 18
73 18 17
73 17 15
73 17 16
73 20 19
73 22 21
73 28 27
73 27 24
73 27 26
73 26 25
73 33 32
74 31 0
74 31 30
74 30 29
74 29 28
74 28 22
74 22 21
74 21 20
74 20 1
74 20 19
74 19 17
74 17 16
74 16 2
74 16 15
74 15 14
74 14 6
74 6 3
74 6 5
74 5 4
74 14 13
74 13 12
74 12 8
74 8 7
74 12 11
74 11 10
74 10 9
74 19 18
74 28 27
74 27 23
74 27 26
74 26 25
74 25 24
75 30 26
75 26 25
75 25 21
75 21 20
75 20 19
75 19 9
75 9 8
75 8 6
75 6 5
75 5 3
75 3 2
75 2 1
75 1 0
75 5 4
75 8 7
75 19 18
75 18 10
75 18 17
75 17 11
75 17 16
75 16 15
75 15 12
75 15 14
75 14 13
75 25 24
75 24 22
75 24 23
75 30 29
75 29 27
75 29 28
76 29 20
76 20 0
76 20 19
76 19 2
76 2 1
76 19 18
76 18 17
76 17 11
76 11 8
76 8 6
76 6 5
76 5 3
76 5 4
76 8 7
76 11 10
76 10 9
76 17 16
76 16 15
76 15 12
76 15 14
76 14 13
76 29 28
76 28 21
76 28 27
76 27 26
76 26 25
76 25 24
76 24 22
76 24 23
77 31 3
77 3 2
77 2 1
77 1 0
77 31 30
77 30 25
77 25 24
77 24 18
77 18 17
77 17 16
77 16 15
77 15 14
77 14 12
77 12 11
77 11 10
77 10 6
77 6 4
77 6 5
77 10 9
77 9 8
77 8 7
77 14 13
77 24 23
77 23 22
77 22 19
77 22 21
77 21 20
77 30 29
77 29 28
77 28 26
77 28 27
78 33 32
78 32 15
78 15 11
78 11 2
78 2 1
78 1 0
78 11 10
78 10 9
78 9 7
78 7 6
78 6 3
78 6 5
78 5 4
78 9 8
78 15 14
78 14 13
78 13 12
78 32 31
78 31 18
78 18 17
78 17 16
78 31 30
78 30 29
78 29 28
78 28 27
78 27 25
78 25 19
78 25 24
78 24 23
78 23 22
78 22 20
78 22 21
78 27 26
79 32 7
79 7 0
79 7 6
79 6 5
79 5 4
79 4 3
79 3 2
79 2 1
79 32 31
79 31 10
79 10 9
79 9 8
79 31 30
79 30 28
79 28 11
79 28 27
79 27 12
79 27 26
79 26 24
79 24 22
79 22 21
79 21 19
79 19 18
79 18 15
79 15 14
79 14 13
79 18 17
79 17 16
79 21 20
79 24 23
79 26 25
79 30 29
80 29 28
80 28 1
80 1 0
80 28 27
80 27 22
80 22 19
80 19 18
80 18 17
80 17 16
80 16 15
80 15 13
80 13 12
80 12 9
80 9 3
80 3 2
80 9 8
80 8 5
80 5 4
80 8 7
80 7 6
80 12 11
80 11 10
80 15 14
80 22 21
80 21 20
80 27 26
80 26 23
80 26 25
80 25 24
81 33 32
81 32 30
81 30 29
81 29 27
81 27 0
81 27 26
81 26 25
81 25 23
81 23 22
81 22 21
81 21 15
81 15 1
81 15 14
81 14 2
81 14 13
81 13 7
81 7 5
81 5 3
81 5 4
81 7 6
81 13 12
81 12 8
81 12 11
81 11 10
81 10 9
81 21 20
81 20 18
81 18 16
81 18 17
81 20 19
81 25 24
81 29 28
81 32 31
82 31 9
82 9 0
82 9 8
82 8 4
82 4 1
82 4 3
82 3 2
82 8 7
82 7 6
82 6 5
82 31 30
82 30 25
82 25 24
82 24 23
82 23 22
82 22 10
82 22 21
82 21 11
82 21 20
82 20 19
82 19 18
82 18 14
82 14 13
82 13 12
82 18 17
82 17 15
82 17 16
82 30 29
82 29 27
82 27 26
82 29 28
83 29 0
83 29 28
83 28 21
83 21 1
83 21 20
83 20 18
83 18 17
83 17 16
83 16 11
83 11 2
83 11 10
83 10 9
83 9 7
83 7 6
83 6 5
83 5 4
83 4 3
83 9 8
83 16 15
83 15 12
83 15 14
83 14 13
83 20 19
83 28 27
83 27 26
83 26 23
83 23 22
83 26 25
83 25 24
84 32 0
84 32 31
84 31 9
84 9 1
84 9 8
84 8 4
84 4 2
84 4 3
84 8 7
84 7 5
84 7 6
84 31 30
84 30 28
84 28 27
84 27 12
84 12 10
84 12 11
84 27 26
84 26 13
84 26 25
84 25 24
84 24 23
84 23 21
84 21 20
84 20 19
84 19 17
84 17 14
84 17 16
84 16 15
84 19 18
84 23 22
84 30 29
85 34 9
85 9 2
85 2 1
85 1 0
85 9 8
85 8 7
85 7 3
85 7 6
85 6 4
85 6 5
85 34 33
85 33 12
85 12 10
85 12 11
85 33 32
85 32 30
85 30 27
85 27 25
85 25 17
85 17 16
85 16 13
85 16 15
85 15 14
85 25 24
85 24 23
85 23 22
85 22 18
85 22 21
85 21 19
85 21 20
85 27 26
85 30 29
85 29 28
85 32 31
86 29 2
86 2 1
86 1 0
86 29 28
86 28 5
86 5 4
86 4 3
86 28 27
86 27 25
86 25 6
86 25 24
86 24 9
86 9 7
86 9 8
86 24 23
86 23 22
86 22 18
86 18 17
86 17 15
86 15 10
86 15 14
86 14 12
86 12 11
86 14 13
86 17 16
86 22 21
86 21 19
86 21 20
86 27 26
87 33 32
87 32 31
87 31 30
87 30 28
87 28 0
87 28 27
87 27 26
87 26 23
87 23 1
87 23 22
87 22 18
87 18 17
87 17 2
87 17 16
87 16 3
87 16 15
87 15 14
87 14 13
87 13 10
87 10 7
87 7 4
87 7 6
87 6 5
87 10 9
87 9 8
87 13 12
87 12 11
87 22 21
87 21 19
87 21 20
87 26 25
87 25 24
87 30 29
88 30 0
88 30 29
88 29 28
88 28 27
88 27 26
88 26 4
88 4 3
88 3 2
88 2 1
88 26 25
88 25 23
88 23 22
88 22 21
88 21 5
88 21 20
88 20 10
88 10 9
88 9 7
88 7 6
88 9 8
88 20 19
88 19 12
88 12 11
88 19 18
88 18 17
88 17 13
88 17 16
88 16 15
88 15 14
88 25 24
89 34 33
89 33 14
89 14 4
89 4 3
89 3 1
89 1 0
89 3 2
89 14 13
89 13 10
89 10 9
89 9 6
89 6 5
89 9 8
89 8 7
89 13 12
89 12 11
89 33 32
89 32 22
89 22 15
89 22 21
89 21 19
89 19 18
89 18 16
89 18 17
89 21 20
89 32 31
89 31 25
89 25 23
89 25 24
89 31 30
89 30 29
89 29 27
89 27 26
89 29 28
90 32 30
90 30 29
90 29 27
90 27 26
90 26 0
90 26 25
90 25 24
90 24 23
90 23 22
90 22 21
90 21 14
90 14 12
90 12 11
90 11 10
90 10 7
90 7 6
90 6 1
90 6 5
90 5 2
90 5 4
90 4 3
90 10 9
90 9 8
90 14 13
90 21 20
90 20 19
90 19 18
90 18 17
90 17 15
90 17 16
90 29 28
90 32 31
91 34 29
91 29 21
91 21 4
91 4 3
91 3 2
91 2 0
91 2 1
91 21 20
91 20 19
91 19 18
91 18 17
91 17 13
91 13 12
91 12 11
91 11 10
91 10 9
91 9 8
91 8 6
91 6 5
91 8 7
91 17 16
91 16 14
91 16 15
91 29 28
91 28 22
91 28 27
91 27 26
91 26 23
91 26 25
91 25 24
91 34 33
91 33 30
91 33 32
91 32 31
92 32 0
92 32 31
92 31 29
92 29 7
92 7 6
92 6 1
92 6 5
92 5 4
92 4 3
92 3 2
92 29 28
92 28 26
92 26 24
92 24 22
92 22 13
92 13 10
92 10 8
92 10 9
92 13 12
92 12 11
92 22 21
92 21 20
92 20 15
92 15 14
92 20 19
92 19 16
92 19 18
92 18 17
92 24 23
92 26 25
92 28 27
92 31 30
93 34 33
93 33 30
93 30 29
93 29 27
93 27 24
93 24 23
93 23 1
93 1 0
93 23 22
93 22 2
93 22 21
93 21 20
93 20 19
93 19 9
93 9 8
93 8 3
93 8 7
93 7 4
93 7 6
93 6 5
93 19 18
93 18 17
93 17 11
93 11 10
93 17 16
93 16 12
93 16 15
93 15 13
93 15 14
93 27 26
93 26 25
93 29 28
93 33 32
93 32 31
94 32 31
94 31 30
94 30 29
94 29 28
94 28 8
94 8 0
94 8 7
94 7 6
94 6 4
94 4 2
94 2 1
94 4 3
94 6 5
94 28 27
94 27 26
94 26 9
94 26 25
94 25 23
94 23 10
94 23 22
94 22 16
94 16 15
94 15 11
94 15 14
94 14 13
94 13 12
94 22 21
94 21 17
94 21 20
94 20 18
94 20 19
94 25 24
95 29 1
95 1 0
95 29 28
95 28 5
95 5 4
95 4 2
95 4 3
95 28 27
95 27 9
95 9 8
95 8 7
95 7 6
95 27 26
95 26 17
95 17 13
95 13 10
95 13 12
95 12 11
95 17 16
95 16 14
95 16 15
95 26 25
95 25 21
95 21 20
95 20 18
95 20 19
95 25 24
95 24 23
95 23 22
96 34 33
96 33 32
96 32 31
96 31 0
96 31 30
96 30 28
96 28 27
96 27 24
96 24 23
96 23 22
96 22 19
96 19 17
96 17 16
96 16 15
96 15 7
96 7 6
96 6 5
96 5 2
96 2 1
96 5 4
96 4 3
96 15 14
96 14 12
96 12 9
96 9 8
96 12 11
96 11 10
96 14 13
96 19 18
96 22 21
96 21 20
96 27 26
96 26 25
96 30 29
97 33 32
97 32 26
97 26 25
97 25 24
97 24 0
97 24 23
97 23 21
97 21 14
97 14 13
97 13 11
97 11 10
97 10 2
97 2 1
97 10 9
97 9 8
97 8 7
97 7 6
97 6 5
97 5 4
97 4 3
97 13 12
97 21 20
97 20 19
97 19 18
97 18 15
97 18 17
97 17 16
97 23 22
97 32 31
97 31 30
97 30 29
97 29 27
97 29 28
98 30 29
98 29 27
98 27 25
98 25 21
98 21 17
98 17 12
98 12 11
98 11 10
98 10 9
98 9 0
98 9 8
98 8 7
98 7 5
98 5 1
98 5 4
98 4 2
98 4 3
98 7 6
98 17 16
98 16 15
98 15 13
98 15 14
98 21 20
98 20 19
98 19 18
98 25 24
98 24 22
98 24 23
98 27 26
98 29 28
99 33 12
99 12 11
99 11 0
99 11 10
99 10 4
99 4 3
99 3 1
99 3 2
99 10 9
99 9 8
99 8 5
99 8 7
99 7 6
99 33 32
99 32 27
99 27 26
99 26 25
99 25 21
99 21 18
99 18 15
99 15 13
99 15 14
99 18 17
99 17 16
99 21 20
99 20 19
99 25 24
99 24 23
99 23 22
99 32 31
99 31 29
99 29 28
99 31 30
100 31 30
100 30 0
100 30 29
100 29 28
100 28 19
100 19 18
100 18 17
100 17 15
100 15 14
100 14 2
100 2 1
100 14 13
100 13 4
100 4 3
100 13 12
100 12 10
100 10 5
100 10 9
100 9 8
100 8 6
100 8 7
100 12 11
100 17 16
100 28 27
100 27 26
100 26 25
100 25 23
100 23 22
100 22 21
100 21 20
100 25 24
101 31 11
101 11 0
101 11 10
101 10 5
101 5 4
101 4 2
101 2 1
101 4 3
101 10 9
101 9 7
101 7 6
101 9 8
101 31 30
101 30 16
101 16 14
101 14 13
101 13 12
101 16 15
101 30 29
101 29 26
101 26 25
101 25 24
101 24 22
101 22 17
101 22 21
101 21 19
101 19 18
101 21 20
101 24 23
101 29 28
101 28 27
