1 31 29
1 29 0
1 29 28
1 28 27
1 27 25
1 25 24
1 24 18
1 18 11
1 11 2
1 2 1
1 11 10
1 10 9
1 9 8
1 8 7
1 7 6
1 6 3
1 6 5
1 5 4
1 18 17
1 17 16
1 16 15
1 15 13
1 13 12
1 15 14
1 24 23
1 23 22
1 22 21
1 21 19
1 21 20
1 27 26
1 31 30
2 33 1
2 1 0
2 33 32
2 32 2
2 32 31
2 31 30
2 30 3
2 30 29
2 29 6
2 6 5
2 5 4
2 29 28
2 28 9
2 9 8
2 8 7
2 28 27
2 27 10
2 27 26
2 26 11
2 26 25
2 25 12
2 25 24
2 24 13
2 24 23
2 23 15
2 15 14
2 23 22
2 22 19
2 19 16
2 19 18
2 18 17
2 22 21
2 21 20
3 32 2
3 2 0
3 2 1
3 32 31
3 31 12
3 12 3
3 12 11
3 11 9
3 9 8
3 8 7
3 7 4
3 7 6
3 6 5
3 11 10
3 31 30
3 30 29
3 29 14
3 14 13
3 29 28
3 28 24
3 24 23
3 23 22
3 22 15
3 22 21
3 21 20
3 20 19
3 19 18
3 18 17
3 17 16
3 28 27
3 27 25
3 27 26
4 34 32
4 32 31
4 31 29
4 29 28
4 28 18
4 18 17
4 17 1
4 1 0
4 17 16
4 16 5
4 5 2
4 5 4
4 4 3
4 16 15
4 15 6
4 15 14
4 14 13
4 13 11
4 11 10
4 10 9
4 9 8
4 8 7
4 13 12
4 28 27
4 27 26
4 26 24
4 24 23
4 23 19
4 23 22
4 22 21
4 21 20
4 26 25
4 31 30
4 34 33
5 34 33
5 33 26
5 26 16
5 16 15
5 15 9
5 9 0
5 9 8
5 8 4
5 4 2
5 2 1
5 4 3
5 8 7
5 7 5
5 7 6
5 15 14
5 14 10
5 14 13
5 13 12
5 12 11
5 26 25
5 25 19
5 19 17
5 19 18
5 25 24
5 24 22
5 22 21
5 21 20
5 24 23
5 33 32
5 32 30
5 30 29
5 29 27
5 29 28
5 32 31
6 33 32
6 32 0
6 32 31
6 31 30
6 30 29
6 29 28
6 28 22
6 22 20
6 20 1
6 20 19
6 19 16
6 16 10
6 10 9
6 9 8
6 8 5
6 5 3
6 3 2
6 5 4
6 8 7
6 7 6
6 16 15
6 15 11
6 15 14
6 14 13
6 13 12
6 19 18
6 18 17
6 22 21
6 28 27
6 27 26
6 26 24
6 24 23
6 26 25
7 29 1
7 1 0
7 29 28
7 28 25
7 25 24
7 24 5
7 5 4
7 4 2
7 4 3
7 24 23
7 23 22
7 22 21
7 21 19
7 19 6
7 19 18
7 18 7
7 18 17
7 17 11
7 11 9
7 9 8
7 11 10
7 17 16
7 16 15
7 15 12
7 15 14
7 14 13
7 21 20
7 28 27
7 27 26
8 29 2
8 2 0
8 2 1
8 29 28
8 28 9
8 9 5
8 5 3
8 5 4
8 9 8
8 8 7
8 7 6
8 28 27
8 27 10
8 27 26
8 26 23
8 23 13
8 13 12
8 12 11
8 23 22
8 22 17
8 17 15
8 15 14
8 17 16
8 22 21
8 21 18
8 21 20
8 20 19
8 26 25
8 25 24
9 29 8
9 8 5
9 5 3
9 3 2
9 2 0
9 2 1
9 5 4
9 8 7
9 7 6
9 29 28
9 28 26
9 26 14
9 14 12
9 12 11
9 11 9
9 11 10
9 14 13
9 26 25
9 25 20
9 20 16
9 16 15
9 20 19
9 19 17
9 19 18
9 25 24
9 24 23
9 23 21
9 23 22
9 28 27
10 31 30
10 30 29
10 29 28
10 28 25
10 25 2
10 2 0
10 2 1
10 25 24
10 24 23
10 23 3
10 23 22
10 22 9
10 9 4
10 9 8
10 8 7
10 7 5
10 7 6
10 22 21
10 21 18
10 18 17
10 17 16
10 16 12
10 12 11
10 11 10
10 16 15
10 15 13
10 15 14
10 21 20
10 20 19
10 28 27
10 27 26
11 29 25
11 25 0
11 25 24
11 24 22
11 22 1
11 22 21
11 21 20
11 20 16
11 16 6
11 6 4
11 4 3
11 3 2
11 6 5
11 16 15
11 15 9
11 9 8
11 8 7
11 15 14
11 14 13
11 13 12
11 12 11
11 11 10
11 20 19
11 19 17
11 19 18
11 24 23
11 29 28
11 28 27
11 27 26
12 32 0
12 32 31
12 31 23
12 23 13
12 13 9
12 9 8
12 8 1
12 8 7
12 7 5
12 5 3
12 3 2
12 5 4
12 7 6
12 13 12
12 12 10
12 12 11
12 23 22
12 22 21
12 21 14
12 21 20
12 20 19
12 19 18
12 18 17
12 17 15
12 17 16
12 31 30
12 30 29
12 29 28
12 28 25
12 25 24
12 28 27
12 27 26
13 31 0
13 31 30
13 30 1
13 30 29
13 29 27
13 27 2
13 27 26
13 26 24
13 24 23
13 23 22
13 22 17
13 17 16
13 16 9
13 9 7
13 7 6
13 6 3
13 6 5
13 5 4
13 9 8
13 16 15
13 15 13
13 13 12
13 12 11
13 11 10
13 15 14
13 22 21
13 21 19
13 19 18
13 21 20
13 26 25
13 29 28
14 33 32
14 32 31
14 31 28
14 28 24
14 24 23
14 23 0
14 23 22
14 22 20
14 20 10
14 10 1
14 10 9
14 9 2
14 9 8
14 8 7
14 7 6
14 6 5
14 5 4
14 4 3
14 20 19
14 19 17
14 17 12
14 12 11
14 17 16
14 16 15
14 15 13
14 15 14
14 19 18
14 22 21
14 28 27
14 27 25
14 27 26
14 31 30
14 30 29
15 34 31
15 31 29
15 29 28
15 28 19
15 19 0
15 19 18
15 18 1
15 18 17
15 17 15
15 15 3
15 3 2
15 15 14
15 14 13
15 13 12
15 12 4
15 12 11
15 11 5
15 11 10
15 10 9
15 9 8
15 8 6
15 8 7
15 17 16
15 28 27
15 27 20
15 27 26
15 26 21
15 26 25
15 25 24
15 24 22
15 24 23
15 31 30
15 34 33
15 33 32
16 34 2
16 2 0
16 2 1
16 34 33
16 33 29
16 29 27
16 27 26
16 26 6
16 6 4
16 4 3
16 6 5
16 26 25
16 25 24
16 24 23
16 23 7
16 23 22
16 22 18
16 18 16
16 16 13
16 13 12
16 12 10
16 10 8
16 10 9
16 12 11
16 16 15
16 15 14
16 18 17
16 22 21
16 21 20
16 20 19
16 29 28
16 33 32
16 32 30
16 32 31
17 33 25
17 25 21
17 21 0
17 21 20
17 20 19
17 19 9
17 9 8
17 8 1
17 8 7
17 7 6
17 6 2
17 6 5
17 5 4
17 4 3
17 19 18
17 18 17
17 17 10
17 17 16
17 16 14
17 14 13
17 13 11
17 13 12
17 16 15
17 25 24
17 24 23
17 23 22
17 33 32
17 32 27
17 27 26
17 32 31
17 31 28
17 31 30
17 30 29
18 30 24
18 24 16
18 16 15
18 15 13
18 13 8
18 8 7
18 7 0
18 7 6
18 6 3
18 3 1
18 3 2
18 6 5
18 5 4
18 13 12
18 12 10
18 10 9
18 12 11
18 15 14
18 24 23
18 23 22
18 22 21
18 21 17
18 21 20
18 20 19
18 19 18
18 30 29
18 29 28
18 28 27
18 27 26
18 26 25
19 34 21
19 21 19
19 19 17
19 17 16
19 16 15
19 15 14
19 14 1
19 1 0
19 14 13
19 13 3
19 3 2
19 13 12
19 12 10
19 10 9
19 9 4
19 9 8
19 8 5
19 8 7
19 7 6
19 12 11
19 19 18
19 21 20
19 34 33
19 33 32
19 32 31
19 31 27
19 27 26
19 26 25
19 25 23
19 23 22
19 25 24
19 31 30
19 30 28
19 30 29
20 31 30
20 30 0
20 30 29
20 29 28
20 28 27
20 27 26
20 26 3
20 3 2
20 2 1
20 26 25
20 25 6
20 6 5
20 5 4
20 25 24
20 24 7
20 24 23
20 23 21
20 21 20
20 20 19
20 19 18
20 18 17
20 17 12
20 12 10
20 10 9
20 9 8
20 12 11
20 17 16
20 16 13
20 16 15
20 15 14
20 23 22
21 29 28
21 28 0
21 28 27
21 27 16
21 16 15
21 15 14
21 14 2
21 2 1
21 14 13
21 13 12
21 12 9
21 9 5
21 5 4
21 4 3
21 9 8
21 8 6
21 8 7
21 12 11
21 11 10
21 27 26
21 26 25
21 25 18
21 18 17
21 25 24
21 24 23
21 23 21
21 21 20
21 20 19
21 23 22
22 33 2
22 2 0
22 2 1
22 33 32
22 32 31
22 31 3
22 31 30
22 30 26
22 26 22
22 22 21
22 21 19
22 19 8
22 8 7
22 7 5
22 5 4
22 7 6
22 19 18
22 18 14
22 14 13
22 13 12
22 12 9
22 12 11
22 11 10
22 18 17
22 17 16
22 16 15
22 21 20
22 26 25
22 25 23
22 25 24
22 30 29
22 29 28
22 28 27
23 34 32
23 32 31
23 31 29
23 29 28
23 28 26
23 26 25
23 25 24
23 24 4
23 4 3
23 3 1
23 1 0
23 3 2
23 24 23
23 23 18
23 18 5
23 18 17
23 17 16
23 16 13
23 13 6
23 13 12
23 12 9
23 9 7
23 9 8
23 12 11
23 11 10
23 16 15
23 15 14
23 23 22
23 22 21
23 21 19
23 21 20
23 28 27
23 31 30
23 34 33
24 32 26
24 26 14
24 14 0
24 14 13
24 13 1
24 13 12
24 12 10
24 10 9
24 9 8
24 8 6
24 6 2
24 6 5
24 5 3
24 5 4
24 8 7
24 12 11
24 26 25
24 25 24
24 24 23
24 23 22
24 22 15
24 22 21
24 21 20
24 20 16
24 20 19
24 19 17
24 19 18
24 32 31
24 31 27
24 31 30
24 30 29
24 29 28
25 29 28
25 28 4
25 4 3
25 3 0
25 3 2
25 2 1
25 28 27
25 27 13
25 13 11
25 11 10
25 10 8
25 8 7
25 7 6
25 6 5
25 10 9
25 13 12
25 27 26
25 26 16
25 16 15
25 15 14
25 26 25
25 25 18
25 18 17
25 25 24
25 24 23
25 23 22
25 22 20
25 20 19
25 22 21
26 30 29
26 29 28
26 28 5
26 5 1
26 1 0
26 5 4
26 4 3
26 3 2
26 28 27
26 27 26
26 26 21
26 21 20
26 20 19
26 19 18
26 18 16
26 16 15
26 15 8
26 8 7
26 7 6
26 15 14
26 14 13
26 13 10
26 10 9
26 13 12
26 12 11
26 18 17
26 26 25
26 25 24
26 24 23
26 23 22
27 29 28
27 28 0
27 28 27
27 27 3
27 3 2
27 2 1
27 27 26
27 26 24
27 24 22
27 22 6
27 6 5
27 5 4
27 22 21
27 21 20
27 20 19
27 19 18
27 18 13
27 13 8
27 8 7
27 13 12
27 12 9
27 12 11
27 11 10
27 18 17
27 17 16
27 16 14
27 16 15
27 24 23
27 26 25
28 31 15
28 15 14
28 14 2
28 2 0
28 2 1
28 14 13
28 13 12
28 12 3
28 12 11
28 11 10
28 10 9
28 9 7
28 7 4
28 7 6
28 6 5
28 9 8
28 31 30
28 30 18
28 18 16
28 18 17
28 30 29
28 29 28
28 28 27
28 27 21
28 21 19
28 21 20
28 27 26
28 26 25
28 25 24
28 24 23
28 23 22
29 33 0
29 33 32
29 32 1
29 32 31
29 31 28
29 28 26
29 26 25
29 25 24
29 24 3
29 3 2
29 24 23
29 23 22
29 22 5
29 5 4
29 22 21
29 21 8
29 8 7
29 7 6
29 21 20
29 20 19
29 19 11
29 11 10
29 10 9
29 19 18
29 18 13
29 13 12
29 18 17
29 17 16
29 16 14
29 16 15
29 28 27
29 31 30
29 30 29
30 29 28
30 28 1
30 1 0
30 28 27
30 27 10
30 10 2
30 10 9
30 9 8
30 8 3
30 8 7
30 7 5
30 5 4
30 7 6
30 27 26
30 26 25
30 25 24
30 24 23
30 23 22
30 22 20
30 20 11
30 20 19
30 19 15
30 15 14
30 14 12
30 14 13
30 19 18
30 18 16
30 18 17
30 22 21
31 34 17
31 17 15
31 15 14
31 14 5
31 5 3
31 3 0
31 3 2
31 2 1
31 5 4
31 14 13
31 13 12
31 12 10
31 10 9
31 9 6
31 9 8
31 8 7
31 12 11
31 17 16
31 34 33
31 33 31
31 31 30
31 30 28
31 28 19
31 19 18
31 28 27
31 27 26
31 26 25
31 25 20
31 25 24
31 24 23
31 23 22
31 22 21
31 30 29
31 33 32
32 33 32
32 32 29
32 29 0
32 29 28
32 28 27
32 27 1
32 27 26
32 26 24
32 24 3
32 3 2
32 24 23
32 23 5
32 5 4
32 23 22
32 22 21
32 21 20
32 20 19
32 19 11
32 11 6
32 11 10
32 10 8
32 8 7
32 10 9
32 19 18
32 18 17
32 17 16
32 16 15
32 15 14
32 14 12
32 14 13
32 26 25
32 32 31
32 31 30
33 32 31
33 31 2
33 2 0
33 2 1
33 31 30
33 30 24
33 24 7
33 7 5
33 5 4
33 4 3
33 7 6
33 24 23
33 23 9
33 9 8
33 23 22
33 22 20
33 20 17
33 17 13
33 13 10
33 13 12
33 12 11
33 17 16
33 16 14
33 16 15
33 20 19
33 19 18
33 22 21
33 30 29
33 29 27
33 27 25
33 27 26
33 29 28
34 34 32
34 32 30
34 30 0
34 30 29
34 29 4
34 4 1
34 4 3
34 3 2
34 29 28
34 28 17
34 17 5
34 17 16
34 16 14
34 14 8
34 8 6
34 8 7
34 14 13
34 13 9
34 13 12
34 12 10
34 12 11
34 16 15
34 28 27
34 27 26
34 26 21
34 21 18
34 21 20
34 20 19
34 26 25
34 25 23
34 23 22
34 25 24
34 32 31
34 34 33
35 30 29
35 29 27
35 27 25
35 25 0
35 25 24
35 24 23
35 23 1
35 23 22
35 22 20
35 20 19
35 19 18
35 18 17
35 17 2
35 17 16
35 16 15
35 15 14
35 14 12
35 12 3
35 12 11
35 11 6
35 6 5
35 5 4
35 11 10
35 10 8
35 8 7
35 10 9
35 14 13
35 22 21
35 27 26
35 29 28
36 30 29
36 29 28
36 28 14
36 14 5
36 5 3
36 3 2
36 2 0
36 2 1
36 5 4
36 14 13
36 13 12
36 12 11
36 11 6
36 11 10
36 10 9
36 9 7
36 9 8
36 28 27
36 27 26
36 26 15
36 26 25
36 25 24
36 24 21
36 21 20
36 20 16
36 20 19
36 19 17
36 19 18
36 24 23
36 23 22
37 32 31
37 31 30
37 30 29
37 29 28
37 28 27
37 27 25
37 25 24
37 24 18
37 18 15
37 15 0
37 15 14
37 14 13
37 13 1
37 13 12
37 12 11
37 11 8
37 8 7
37 7 2
37 7 6
37 6 4
37 4 3
37 6 5
37 11 10
37 10 9
37 18 17
37 17 16
37 24 23
37 23 22
37 22 19
37 22 21
37 21 20
37 27 26
38 32 31
38 31 29
38 29 27
38 27 4
38 4 3
38 3 2
38 2 1
38 1 0
38 27 26
38 26 20
38 20 19
38 19 18
38 18 17
38 17 9
38 9 8
38 8 7
38 7 5
38 7 6
38 17 16
38 16 15
38 15 14
38 14 10
38 14 13
38 13 12
38 12 11
38 26 25
38 25 23
38 23 21
38 23 22
38 25 24
38 29 28
38 31 30
39 30 2
39 2 1
39 1 0
39 30 29
39 29 3
39 29 28
39 28 27
39 27 26
39 26 25
39 25 9
39 9 4
39 9 8
39 8 7
39 7 5
39 7 6
39 25 24
39 24 21
39 21 20
39 20 19
39 19 12
39 12 11
39 11 10
39 19 18
39 18 16
39 16 13
39 16 15
39 15 14
39 18 17
39 24 23
39 23 22
40 31 0
40 31 30
40 30 4
40 4 3
40 3 2
40 2 1
40 30 29
40 29 27
40 27 16
40 16 15
40 15 14
40 14 13
40 13 12
40 12 11
40 11 10
40 10 9
40 9 7
40 7 5
40 7 6
40 9 8
40 27 26
40 26 17
40 26 25
40 25 24
40 24 18
40 24 23
40 23 22
40 22 19
40 22 21
40 21 20
40 29 28
41 33 32
41 32 0
41 32 31
41 31 10
41 10 1
41 10 9
41 9 7
41 7 3
41 3 2
41 7 6
41 6 4
41 6 5
41 9 8
41 31 30
41 30 12
41 12 11
41 30 29
41 29 28
41 28 13
41 28 27
41 27 25
41 25 24
41 24 16
41 16 15
41 15 14
41 24 23
41 23 22
41 22 20
41 20 19
41 19 18
41 18 17
41 22 21
41 27 26
42 31 12
42 12 0
42 12 11
42 11 10
42 10 8
42 8 4
42 4 2
42 2 1
42 4 3
42 8 7
42 7 6
42 6 5
42 10 9
42 31 30
42 30 20
42 20 19
42 19 13
42 19 18
42 18 17
42 17 15
42 15 14
42 17 16
42 30 29
42 29 21
42 29 28
42 28 27
42 27 22
42 27 26
42 26 25
42 25 23
42 25 24
43 32 31
43 31 0
43 31 30
43 30 29
43 29 3
43 3 1
43 3 2
43 29 28
43 28 25
43 25 24
43 24 22
43 22 4
43 22 21
43 21 19
43 19 5
43 19 18
43 18 17
43 17 16
43 16 15
43 15 6
43 15 14
43 14 13
43 13 12
43 12 11
43 11 7
43 11 10
43 10 8
43 10 9
43 21 20
43 24 23
43 28 27
43 27 26
44 34 3
44 3 2
44 2 0
44 2 1
44 34 33
44 33 32
44 32 26
44 26 25
44 25 4
44 25 24
44 24 22
44 22 20
44 20 5
44 20 19
44 19 6
44 19 18
44 18 16
44 16 15
44 15 7
44 15 14
44 14 10
44 10 9
44 9 8
44 14 13
44 13 11
44 13 12
44 18 17
44 22 21
44 24 23
44 32 31
44 31 27
44 31 30
44 30 28
44 30 29
45 30 8
45 8 0
45 8 7
45 7 5
45 5 2
45 2 1
45 5 4
45 4 3
45 7 6
45 30 29
45 29 27
45 27 26
45 26 21
45 21 20
45 20 9
45 20 19
45 19 18
45 18 16
45 16 11
45 11 10
45 16 15
45 15 13
45 13 12
45 15 14
45 18 17
45 26 25
45 25 22
45 25 24
45 24 23
45 29 28
46 29 27
46 27 25
46 25 12
46 12 11
46 11 9
46 9 4
46 4 2
46 2 1
46 1 0
46 4 3
46 9 8
46 8 5
46 8 7
46 7 6
46 11 10
46 25 24
46 24 13
46 24 23
46 23 22
46 22 19
46 19 14
46 19 18
46 18 15
46 18 17
46 17 16
46 22 21
46 21 20
46 27 26
46 29 28
47 29 27
47 27 12
47 12 0
47 12 11
47 11 7
47 7 5
47 5 4
47 4 3
47 3 2
47 2 1
47 7 6
47 11 10
47 10 8
47 10 9
47 27 26
47 26 17
47 17 14
47 14 13
47 17 16
47 16 15
47 26 25
47 25 24
47 24 22
47 22 20
47 20 18
47 20 19
47 22 21
47 24 23
47 29 28
48 30 29
48 29 28
48 28 27
48 27 24
48 24 23
48 23 2
48 2 1
48 1 0
48 23 22
48 22 19
48 19 17
48 17 15
48 15 14
48 14 13
48 13 9
48 9 8
48 8 7
48 7 3
48 7 6
48 6 4
48 6 5
48 13 12
48 12 10
48 12 11
48 17 16
48 19 18
48 22 21
48 21 20
48 27 26
48 26 25
49 32 29
49 29 2
49 2 1
49 1 0
49 29 28
49 28 4
49 4 3
49 28 27
49 27 25
49 25 5
49 25 24
49 24 6
49 24 23
49 23 20
49 20 19
49 19 13
49 13 8
49 8 7
49 13 12
49 12 9
49 12 11
49 11 10
49 19 18
49 18 16
49 16 15
49 15 14
49 18 17
49 23 22
49 22 21
49 27 26
49 32 31
49 31 30
50 32 31
50 31 0
50 31 30
50 30 1
50 30 29
50 29 22
50 22 5
50 5 2
50 5 4
50 4 3
50 22 21
50 21 11
50 11 6
50 11 10
50 10 9
50 9 7
50 9 8
50 21 20
50 20 18
50 18 16
50 16 15
50 15 14
50 14 12
50 14 13
50 18 17
50 20 19
50 29 28
50 28 24
50 24 23
50 28 27
50 27 26
50 26 25
51 33 31
51 31 30
51 30 29
51 29 8
51 8 0
51 8 7
51 7 6
51 6 1
51 6 5
51 5 3
51 3 2
51 5 4
51 29 28
51 28 9
51 28 27
51 27 10
51 27 26
51 26 11
51 26 25
51 25 12
51 25 24
51 24 23
51 23 14
51 14 13
51 23 22
51 22 20
51 20 16
51 16 15
51 20 19
51 19 18
51 18 17
51 22 21
51 33 32
52 30 29
52 29 16
52 16 6
52 6 5
52 5 3
52 3 0
52 3 2
52 2 1
52 5 4
52 16 15
52 15 13
52 13 11
52 11 10
52 10 9
52 9 7
52 9 8
52 13 12
52 15 14
52 29 28
52 28 21
52 21 18
52 18 17
52 21 20
52 20 19
52 28 27
52 27 25
52 25 23
52 23 22
52 25 24
52 27 26
53 33 27
53 27 1
53 1 0
53 27 26
53 26 25
53 25 21
53 21 7
53 7 6
53 6 4
53 4 2
53 4 3
53 6 5
53 21 20
53 20 19
53 19 17
53 17 16
53 16 13
53 13 12
53 12 11
53 11 9
53 9 8
53 11 10
53 16 15
53 15 14
53 19 18
53 25 24
53 24 23
53 23 22
53 33 32
53 32 31
53 31 30
53 30 28
53 30 29
54 31 30
54 30 26
54 26 3
54 3 2
54 2 0
54 2 1
54 26 25
54 25 9
54 9 4
54 9 8
54 8 7
54 7 6
54 6 5
54 25 24
54 24 19
54 19 16
54 16 11
54 11 10
54 16 15
54 15 13
54 13 12
54 15 14
54 19 18
54 18 17
54 24 23
54 23 21
54 21 20
54 23 22
54 30 29
54 29 28
54 28 27
55 34 33
55 33 32
55 32 31
55 31 30
55 30 3
55 3 2
55 2 0
55 2 1
55 30 29
55 29 8
55 8 4
55 8 7
55 7 5
55 7 6
55 29 28
55 28 26
55 26 25
55 25 23
55 23 9
55 23 22
55 22 21
55 21 20
55 20 18
55 18 17
55 17 15
55 15 14
55 14 13
55 13 12
55 12 10
55 12 11
55 17 16
55 20 19
55 25 24
55 28 27
56 34 28
56 28 27
56 27 26
56 26 22
56 22 21
56 21 20
56 20 19
56 19 17
56 17 0
56 17 16
56 16 15
56 15 14
56 14 1
56 14 13
56 13 12
56 12 11
56 11 9
56 9 2
56 9 8
56 8 6
56 6 5
56 5 3
56 5 4
56 8 7
56 11 10
56 19 18
56 26 25
56 25 24
56 24 23
56 34 33
56 33 32
56 32 30
56 30 29
56 32 31
57 33 32
57 32 6
57 6 5
57 5 1
57 1 0
57 5 4
57 4 3
57 3 2
57 32 31
57 31 29
57 29 28
57 28 26
57 26 25
57 25 24
57 24 15
57 15 7
57 15 14
57 14 13
57 13 12
57 12 11
57 11 9
57 9 8
57 11 10
57 24 23
57 23 16
57 23 22
57 22 21
57 21 17
57 21 20
57 20 19
57 19 18
57 28 27
57 31 30
58 32 31
58 31 6
58 6 4
58 4 1
58 1 0
58 4 3
58 3 2
58 6 5
58 31 30
58 30 26
58 26 25
58 25 23
58 23 8
58 8 7
58 23 22
58 22 20
58 20 19
58 19 17
58 17 16
58 16 12
58 12 11
58 11 9
58 11 10
58 16 15
58 15 13
58 15 14
58 19 18
58 22 21
58 25 24
58 30 29
58 29 27
58 29 28
59 32 30
59 30 2
59 2 0
59 2 1
59 30 29
59 29 28
59 28 21
59 21 17
59 17 16
59 16 15
59 15 11
59 11 3
59 11 10
59 10 9
59 9 4
59 9 8
59 8 6
59 6 5
59 8 7
59 15 14
59 14 13
59 13 12
59 21 20
59 20 19
59 19 18
59 28 27
59 27 23
59 23 22
59 27 26
59 26 25
59 25 24
59 32 31
60 30 0
60 30 29
60 29 27
60 27 26
60 26 25
60 25 18
60 18 16
60 16 13
60 13 5
60 5 3
60 3 2
60 2 1
60 5 4
60 13 12
60 12 8
60 8 6
60 8 7
60 12 11
60 11 10
60 10 9
60 16 15
60 15 14
60 18 17
60 25 24
60 24 23
60 23 22
60 22 19
60 22 21
60 21 20
60 29 28
61 33 32
61 32 4
61 4 2
61 2 0
61 2 1
61 4 3
61 32 31
61 31 20
61 20 18
61 18 10
61 10 9
61 9 7
61 7 5
61 7 6
61 9 8
61 18 17
61 17 16
61 16 15
61 15 13
61 13 12
61 12 11
61 15 14
61 20 19
61 31 30
61 30 21
61 30 29
61 29 28
61 28 25
61 25 24
61 24 22
61 24 23
61 28 27
61 27 26
62 29 28
62 28 27
62 27 26
62 26 25
62 25 3
62 3 0
62 3 2
62 2 1
62 25 24
62 24 21
62 21 11
62 11 10
62 10 8
62 8 7
62 7 6
62 6 5
62 5 4
62 10 9
62 21 20
62 20 18
62 18 12
62 18 17
62 17 15
62 15 13
62 15 14
62 17 16
62 20 19
62 24 23
62 23 22
63 29 26
63 26 0
63 26 25
63 25 23
63 23 21
63 21 1
63 21 20
63 20 19
63 19 2
63 19 18
63 18 17
63 17 16
63 16 15
63 15 13
63 13 11
63 11 6
63 6 3
63 6 5
63 5 4
63 11 10
63 10 9
63 9 8
63 8 7
63 13 12
63 15 14
63 23 22
63 25 24
63 29 28
63 28 27
64 29 28
64 28 16
64 16 0
64 16 15
64 15 14
64 14 13
64 13 1
64 13 12
64 12 11
64 11 10
64 10 6
64 6 5
64 5 2
64 5 4
64 4 3
64 10 9
64 9 8
64 8 7
64 28 27
64 27 22
64 22 21
64 21 20
64 20 19
64 19 18
64 18 17
64 27 26
64 26 25
64 25 23
64 25 24
65 32 2
65 2 1
65 1 0
65 32 31
65 31 30
65 30 15
65 15 14
65 14 13
65 13 11
65 11 8
65 8 7
65 7 6
65 6 5
65 5 3
65 5 4
65 11 10
65 10 9
65 13 12
65 30 29
65 29 28
65 28 17
65 17 16
65 28 27
65 27 18
65 27 26
65 26 25
65 25 24
65 24 23
65 23 22
65 22 21
65 21 20
65 20 19
66 31 4
66 4 3
66 3 0
66 3 2
66 2 1
66 31 30
66 30 25
66 25 16
66 16 15
66 15 5
66 15 14
66 14 13
66 13 12
66 12 9
66 9 8
66 8 6
66 8 7
66 12 11
66 11 10
66 25 24
66 24 19
66 19 17
66 19 18
66 24 23
66 23 22
66 22 21
66 21 20
66 30 29
66 29 28
66 28 26
66 28 27
67 30 29
67 29 27
67 27 26
67 26 21
67 21 0
67 21 20
67 20 16
67 16 11
67 11 10
67 10 6
67 6 4
67 4 3
67 3 2
67 2 1
67 6 5
67 10 9
67 9 7
67 9 8
67 16 15
67 15 14
67 14 12
67 14 13
67 20 19
67 19 17
67 19 18
67 26 25
67 25 22
67 25 24
67 24 23
67 29 28
68 29 13
68 13 11
68 11 1
68 1 0
68 11 10
68 10 2
68 10 9
68 9 3
68 9 8
68 8 4
68 8 7
68 7 5
68 7 6
68 13 12
68 29 28
68 28 15
68 15 14
68 28 27
68 27 26
68 26 18
68 18 16
68 18 17
68 26 25
68 25 21
68 21 20
68 20 19
68 25 24
68 24 22
68 24 23
69 30 2
69 2 0
69 2 1
69 30 29
69 29 3
69 29 28
69 28 19
69 19 17
69 17 7
69 7 6
69 6 4
69 6 5
69 17 16
69 16 14
69 14 10
69 10 9
69 9 8
69 14 13
69 13 12
69 12 11
69 16 15
69 19 18
69 28 27
69 27 20
69 27 26
69 26 21
69 26 25
69 25 22
69 25 24
69 24 23
70 29 27
70 27 22
70 22 19
70 19 17
70 17 4
70 4 3
70 3 2
70 2 0
70 2 1
70 17 16
70 16 15
70 15 9
70 9 8
70 8 7
70 7 6
70 6 5
70 15 14
70 14 10
70 14 13
70 13 12
70 12 11
70 19 18
70 22 21
70 21 20
70 27 26
70 26 25
70 25 23
70 25 24
70 29 28
71 34 22
71 22 20
71 20 19
71 19 0
71 19 18
71 18 17
71 17 16
71 16 15
71 15 14
71 14 13
71 13 1
71 13 12
71 12 8
71 8 7
71 7 5
71 5 2
71 5 4
71 4 3
71 7 6
71 12 11
71 11 10
71 10 9
71 22 21
71 34 33
71 33 31
71 31 27
71 27 26
71 26 25
71 25 23
71 25 24
71 31 30
71 30 28
71 30 29
71 33 32
72 34 27
72 27 22
72 22 1
72 1 0
72 22 21
72 21 20
72 20 19
72 19 2
72 19 18
72 18 17
72 17 16
72 16 9
72 9 8
72 8 7
72 7 5
72 5 4
72 4 3
72 7 6
72 16 15
72 15 14
72 14 11
72 11 10
72 14 13
72 13 12
72 27 26
72 26 25
72 25 24
72 24 23
72 34 33
72 33 31
72 31 30
72 30 29
72 29 28
72 33 32
73 29 15
73 15 13
73 13 12
73 12 11
73 11 2
73 2 0
73 2 1
73 11 10
73 10 9
73 9 5
73 5 3
73 5 4
73 9 8
73 8 7
73 7 6
73 15 14
73 29 28
73 28 27
73 27 26
73 26 25
73 25 18
73 18 17
73 17 16
73 25 24
73 24 23
73 23 22
73 22 20
73 20 19
73 22 21
74 30 24
74 24 23
74 23 7
74 7 0
74 7 6
74 6 5
74 5 2
74 2 1
74 5 4
74 4 3
74 23 22
74 22 8
74 22 21
74 21 15
74 15 9
74 15 14
74 14 12
74 12 10
74 12 11
74 14 13
74 21 20
74 20 19
74 19 17
74 17 16
74 19 18
74 30 29
74 29 28
74 28 25
74 28 27
74 27 26
75 30 28
75 28 27
75 27 25
75 25 2
75 2 0
75 2 1
75 25 24
75 24 14
75 14 6
75 6 5
75 5 4
75 4 3
75 14 13
75 13 9
75 9 7
75 9 8
75 13 12
75 12 10
75 12 11
75 24 23
75 23 16
75 16 15
75 23 22
75 22 20
75 20 19
75 19 17
75 19 18
75 22 21
75 27 26
75 30 29
76 30 29
76 29 26
76 26 1
76 1 0
76 26 25
76 25 10
76 10 7
76 7 6
76 6 2
76 6 5
76 5 4
76 4 3
76 10 9
76 9 8
76 25 24
76 24 23
76 23 22
76 22 21
76 21 20
76 20 15
76 15 14
76 14 13
76 13 11
76 13 12
76 20 19
76 19 16
76 19 18
76 18 17
76 29 28
76 28 27
77 32 11
77 11 8
77 8 0
77 8 7
77 7 6
77 6 1
77 6 5
77 5 4
77 4 2
77 4 3
77 11 10
77 10 9
77 32 31
77 31 12
77 31 30
77 30 13
77 30 29
77 29 14
77 29 28
77 28 21
77 21 17
77 17 15
77 17 16
77 21 20
77 20 18
77 20 19
77 28 27
77 27 24
77 24 23
77 23 22
77 27 26
77 26 25
78 29 28
78 28 26
78 26 25
78 25 20
78 20 18
78 18 16
78 16 14
78 14 13
78 13 12
78 12 11
78 11 0
78 11 10
78 10 6
78 6 5
78 5 4
78 4 2
78 2 1
78 4 3
78 10 9
78 9 7
78 9 8
78 16 15
78 18 17
78 20 19
78 25 24
78 24 22
78 22 21
78 24 23
78 28 27
79 32 31
79 31 30
79 30 5
79 5 0
79 5 4
79 4 3
79 3 1
79 3 2
79 30 29
79 29 6
79 29 28
79 28 7
79 28 27
79 27 26
79 26 25
79 25 12
79 12 11
79 11 10
79 10 9
79 9 8
79 25 24
79 24 17
79 17 15
79 15 13
79 15 14
79 17 16
79 24 23
79 23 20
79 20 18
79 20 19
79 23 22
79 22 21
80 33 8
80 8 5
80 5 0
80 5 4
80 4 1
80 4 3
80 3 2
80 8 7
80 7 6
80 33 32
80 32 31
80 31 26
80 26 25
80 25 20
80 20 11
80 11 10
80 10 9
80 20 19
80 19 18
80 18 17
80 17 12
80 17 16
80 16 15
80 15 13
80 15 14
80 25 24
80 24 23
80 23 21
80 23 22
80 31 30
80 30 29
80 29 28
80 28 27
81 31 29
81 29 28
81 28 27
81 27 19
81 19 6
81 6 5
81 5 4
81 4 0
81 4 3
81 3 1
81 3 2
81 19 18
81 18 17
81 17 16
81 16 15
81 15 14
81 14 12
81 12 11
81 11 10
81 10 9
81 9 8
81 8 7
81 14 13
81 27 26
81 26 25
81 25 23
81 23 22
81 22 20
81 22 21
81 25 24
81 31 30
82 29 0
82 29 28
82 28 27
82 27 15
82 15 14
82 14 12
82 12 10
82 10 9
82 9 2
82 2 1
82 9 8
82 8 3
82 8 7
82 7 6
82 6 5
82 5 4
82 12 11
82 14 13
82 27 26
82 26 24
82 24 23
82 23 21
82 21 19
82 19 17
82 17 16
82 19 18
82 21 20
82 23 22
82 26 25
83 30 22
83 22 0
83 22 21
83 21 20
83 20 18
83 18 17
83 17 16
83 16 15
83 15 1
83 15 14
83 14 12
83 12 11
83 11 5
83 5 4
83 4 2
83 4 3
83 11 10
83 10 6
83 10 9
83 9 7
83 9 8
83 14 13
83 20 19
83 30 29
83 29 28
83 28 23
83 28 27
83 27 25
83 25 24
83 27 26
84 32 1
84 1 0
84 32 31
84 31 29
84 29 4
84 4 2
84 4 3
84 29 28
84 28 27
84 27 19
84 19 6
84 6 5
84 19 18
84 18 17
84 17 15
84 15 14
84 14 10
84 10 9
84 9 7
84 9 8
84 14 13
84 13 12
84 12 11
84 17 16
84 27 26
84 26 22
84 22 20
84 22 21
84 26 25
84 25 24
84 24 23
84 31 30
85 30 2
85 2 0
85 2 1
85 30 29
85 29 28
85 28 6
85 6 4
85 4 3
85 6 5
85 28 27
85 27 25
85 25 24
85 24 22
85 22 17
85 17 10
85 10 9
85 9 7
85 9 8
85 17 16
85 16 11
85 16 15
85 15 14
85 14 13
85 13 12
85 22 21
85 21 20
85 20 18
85 20 19
85 24 23
85 27 26
86 33 31
86 31 0
86 31 30
86 30 17
86 17 15
86 15 13
86 13 4
86 4 2
86 2 1
86 4 3
86 13 12
86 12 5
86 12 11
86 11 10
86 10 8
86 8 6
86 8 7
86 10 9
86 15 14
86 17 16
86 30 29
86 29 28
86 28 26
86 26 18
86 26 25
86 25 19
86 25 24
86 24 22
86 22 20
86 22 21
86 24 23
86 28 27
86 33 32
87 32 0
87 32 31
87 31 13
87 13 6
87 6 5
87 5 4
87 4 3
87 3 2
87 2 1
87 13 12
87 12 11
87 11 10
87 10 9
87 9 7
87 9 8
87 31 30
87 30 29
87 29 28
87 28 20
87 20 15
87 15 14
87 20 19
87 19 17
87 17 16
87 19 18
87 28 27
87 27 22
87 22 21
87 27 26
87 26 25
87 25 23
87 25 24
88 32 19
88 19 16
88 16 14
88 14 13
88 13 9
88 9 8
88 8 7
88 7 5
88 5 2
88 2 1
88 1 0
88 5 4
88 4 3
88 7 6
88 13 12
88 12 11
88 11 10
88 16 15
88 19 18
88 18 17
88 32 31
88 31 28
88 28 24
88 24 23
88 23 21
88 21 20
88 23 22
88 28 27
88 27 26
88 26 25
88 31 30
88 30 29
89 32 30
89 30 26
89 26 0
89 26 25
89 25 21
89 21 20
89 20 18
89 18 5
89 5 4
89 4 1
89 4 3
89 3 2
89 18 17
89 17 11
89 11 9
89 9 8
89 8 6
89 8 7
89 11 10
89 17 16
89 16 14
89 14 13
89 13 12
89 16 15
89 20 19
89 25 24
89 24 22
89 24 23
89 30 29
89 29 27
89 29 28
89 32 31
90 32 31
90 31 0
90 31 30
90 30 28
90 28 27
90 27 25
90 25 22
90 22 19
90 19 18
90 18 17
90 17 16
90 16 15
90 15 14
90 14 13
90 13 12
90 12 11
90 11 2
90 2 1
90 11 10
90 10 9
90 9 7
90 7 6
90 6 4
90 4 3
90 6 5
90 9 8
90 22 21
90 21 20
90 25 24
90 24 23
90 27 26
90 30 29
91 32 4
91 4 1
91 1 0
91 4 3
91 3 2
91 32 31
91 31 28
91 28 7
91 7 5
91 7 6
91 28 27
91 27 8
91 27 26
91 26 25
91 25 23
91 23 19
91 19 16
91 16 9
91 16 15
91 15 10
91 15 14
91 14 13
91 13 12
91 12 11
91 19 18
91 18 17
91 23 22
91 22 21
91 21 20
91 25 24
91 31 30
91 30 29
92 29 28
92 28 27
92 27 23
92 23 22
92 22 9
92 9 1
92 1 0
92 9 8
92 8 4
92 4 3
92 3 2
92 8 7
92 7 6
92 6 5
92 22 21
92 21 19
92 19 17
92 17 16
92 16 15
92 15 14
92 14 10
92 14 13
92 13 11
92 13 12
92 19 18
92 21 20
92 27 26
92 26 25
92 25 24
93 31 30
93 30 29
93 29 28
93 28 27
93 27 12
93 12 11
93 11 0
93 11 10
93 10 9
93 9 1
93 9 8
93 8 7
93 7 6
93 6 5
93 5 4
93 4 2
93 4 3
93 27 26
93 26 21
93 21 19
93 19 13
93 19 18
93 18 16
93 16 15
93 15 14
93 18 17
93 21 20
93 26 25
93 25 24
93 24 23
93 23 22
94 32 0
94 32 31
94 31 30
94 30 10
94 10 4
94 4 3
94 3 1
94 3 2
94 10 9
94 9 5
94 9 8
94 8 6
94 8 7
94 30 29
94 29 27
94 27 26
94 26 11
94 26 25
94 25 24
94 24 23
94 23 21
94 21 20
94 20 12
94 20 19
94 19 18
94 18 16
94 16 15
94 15 14
94 14 13
94 18 17
94 23 22
94 29 28
95 33 0
95 33 32
95 32 30
95 30 19
95 19 15
95 15 13
95 13 5
95 5 4
95 4 1
95 4 3
95 3 2
95 13 12
95 12 8
95 8 7
95 7 6
95 12 11
95 11 9
95 11 10
95 15 14
95 19 18
95 18 17
95 17 16
95 30 29
95 29 28
95 28 27
95 27 20
95 27 26
95 26 23
95 23 22
95 22 21
95 26 25
95 25 24
95 32 31
96 29 27
96 27 26
96 26 23
96 23 20
96 20 19
96 19 1
96 1 0
96 19 18
96 18 5
96 5 3
96 3 2
96 5 4
96 18 17
96 17 11
96 11 10
96 10 6
96 10 9
96 9 7
96 9 8
96 17 16
96 16 12
96 16 15
96 15 14
96 14 13
96 23 22
96 22 21
96 26 25
96 25 24
96 29 28
97 30 27
97 27 25
97 25 0
97 25 24
97 24 23
97 23 21
97 21 20
97 20 18
97 18 9
97 9 7
97 7 1
97 7 6
97 6 5
97 5 3
97 3 2
97 5 4
97 9 8
97 18 17
97 17 10
97 17 16
97 16 15
97 15 11
97 15 14
97 14 13
97 13 12
97 20 19
97 23 22
97 27 26
97 30 29
97 29 28
98 32 29
98 29 28
98 28 0
98 28 27
98 27 26
98 26 4
98 4 1
98 4 3
98 3 2
98 26 25
98 25 23
98 23 21
98 21 20
98 20 5
98 20 19
98 19 18
98 18 16
98 16 7
98 7 6
98 16 15
98 15 12
98 12 10
98 10 9
98 9 8
98 12 11
98 15 14
98 14 13
98 18 17
98 23 22
98 25 24
98 32 31
98 31 30
99 31 26
99 26 0
99 26 25
99 25 24
99 24 1
99 24 23
99 23 16
99 16 14
99 14 13
99 13 10
99 10 7
99 7 6
99 6 4
99 4 2
99 4 3
99 6 5
99 10 9
99 9 8
99 13 12
99 12 11
99 16 15
99 23 22
99 22 21
99 21 20
99 20 19
99 19 17
99 19 18
99 31 30
99 30 28
99 28 27
99 30 29
100 29 27
100 27 26
100 26 25
100 25 0
100 25 24
100 24 23
100 23 21
100 21 14
100 14 13
100 13 3
100 3 1
100 3 2
100 13 12
100 12 11
100 11 10
100 10 9
100 9 7
100 7 6
100 6 4
100 6 5
100 9 8
100 21 20
100 20 16
100 16 15
100 20 19
100 19 18
100 18 17
100 23 22
100 29 28
101 33 31
101 31 4
101 4 1
101 1 0
101 4 3
101 3 2
101 31 30
101 30 28
101 28 5
101 28 27
101 27 26
101 26 14
101 14 13
101 13 10
101 10 9
101 9 6
101 9 8
101 8 7
101 13 12
101 12 11
101 26 25
101 25 17
101 17 15
101 17 16
101 25 24
101 24 21
101 21 20
101 20 18
101 20 19
101 24 23
101 23 22
101 30 29
101 33 32
