1 31 30
1 30 11
1 11 9
1 9 5
1 5 4
1 4 0
1 4 3
1 3 1
1 3 2
1 9 8
1 8 6
1 8 7
1 11 10
1 30 29
1 29 20
1 20 18
1 18 17
1 17 14
1 14 13
1 13 12
1 17 16
1 16 15
1 20 19
1 29 28
1 28 21
1 28 27
1 27 23
1 23 22
1 27 26
1 26 24
1 26 25
2 29 28
2 28 1
2 1 0
2 28 27
2 27 22
2 22 17
2 17 2
2 17 16
2 16 15
2 15 13
2 13 4
2 4 3
2 13 12
2 12 11
2 11 10
2 10 9
2 9 7
2 7 6
2 6 5
2 9 8
2 15 14
2 22 21
2 21 19
2 19 18
2 21 20
2 27 26
2 26 24
2 24 23
2 26 25
3 34 32
3 32 30
3 30 27
3 27 26
3 26 14
3 14 11
3 11 10
3 10 9
3 9 0
3 9 8
3 8 7
3 7 6
3 6 4
3 4 1
3 4 3
3 3 2
3 6 5
3 14 13
3 13 12
3 26 25
3 25 24
3 24 23
3 23 15
3 23 22
3 22 20
3 20 16
3 20 19
3 19 18
3 18 17
3 22 21
3 30 29
3 29 28
3 32 31
3 34 33
4 34 33
4 33 0
4 33 32
4 32 14
4 14 1
4 14 13
4 13 12
4 12 11
4 11 9
4 9 8
4 8 6
4 6 4
4 4 2
4 4 3
4 6 5
4 8 7
4 11 10
4 32 31
4 31 29
4 29 15
4 29 28
4 28 19
4 19 17
4 17 16
4 19 18
4 28 27
4 27 25
4 25 23
4 23 22
4 22 21
4 21 20
4 25 24
4 27 26
4 31 30
5 31 30
5 30 2
5 2 0
5 2 1
5 30 29
5 29 14
5 14 12
5 12 11
5 11 6
5 6 5
5 5 3
5 5 4
5 11 10
5 10 7
5 10 9
5 9 8
5 14 13
5 29 28
5 28 15
5 28 27
5 27 24
5 24 23
5 23 18
5 18 16
5 18 17
5 23 22
5 22 21
5 21 20
5 20 19
5 27 26
5 26 25
6 29 0
6 29 28
6 28 27
6 27 10
6 10 8
6 8 7
6 7 5
6 5 4
6 4 3
6 3 1
6 3 2
6 7 6
6 10 9
6 27 26
6 26 25
6 25 24
6 24 14
6 14 12
6 12 11
6 14 13
6 24 23
6 23 22
6 22 19
6 19 15
6 19 18
6 18 17
6 17 16
6 22 21
6 21 20
7 30 0
7 30 29
7 29 28
7 28 27
7 27 2
7 2 1
7 27 26
7 26 25
7 25 24
7 24 23
7 23 16
7 16 14
7 14 9
7 9 3
7 9 8
7 8 6
7 6 5
7 5 4
7 8 7
7 14 13
7 13 11
7 11 10
7 13 12
7 16 15
7 23 22
7 22 18
7 18 17
7 22 21
7 21 20
7 20 19
8 34 26
8 26 15
8 15 14
8 14 4
8 4 0
8 4 3
8 3 1
8 3 2
8 14 13
8 13 6
8 6 5
8 13 12
8 12 9
8 9 8
8 8 7
8 12 11
8 11 10
8 26 25
8 25 24
8 24 23
8 23 22
8 22 19
8 19 18
8 18 16
8 18 17
8 22 21
8 21 20
8 34 33
8 33 29
8 29 27
8 29 28
8 33 32
8 32 31
8 31 30
9 30 27
9 27 8
9 8 7
9 7 2
9 2 0
9 2 1
9 7 6
9 6 5
9 5 3
9 5 4
9 27 26
9 26 24
9 24 23
9 23 12
9 12 10
9 10 9
9 12 11
9 23 22
9 22 20
9 20 16
9 16 15
9 15 13
9 15 14
9 20 19
9 19 18
9 18 17
9 22 21
9 26 25
9 30 29
9 29 28
10 32 30
10 30 28
10 28 27
10 27 25
10 25 23
10 23 16
10 16 15
10 15 1
10 1 0
10 15 14
10 14 12
10 12 11
10 11 10
10 10 2
10 10 9
10 9 3
10 9 8
10 8 6
10 6 5
10 5 4
10 8 7
10 14 13
10 23 22
10 22 19
10 19 17
10 19 18
10 22 21
10 21 20
10 25 24
10 27 26
10 30 29
10 32 31
11 29 0
11 29 28
11 28 17
11 17 16
11 16 15
11 15 13
11 13 12
11 12 5
11 5 4
11 4 1
11 4 3
11 3 2
11 12 11
11 11 10
11 10 8
11 8 7
11 7 6
11 10 9
11 15 14
11 28 27
11 27 26
11 26 24
11 24 18
11 24 23
11 23 20
11 20 19
11 23 22
11 22 21
11 26 25
12 34 33
12 33 0
12 33 32
12 32 31
12 31 1
12 31 30
12 30 2
12 30 29
12 29 28
12 28 27
12 27 25
12 25 9
12 9 7
12 7 5
12 5 4
12 4 3
12 7 6
12 9 8
12 25 24
12 24 20
12 20 19
12 19 18
12 18 16
12 16 15
12 15 14
12 14 12
12 12 11
12 11 10
12 14 13
12 18 17
12 24 23
12 23 22
12 22 21
12 27 26
13 29 27
13 27 26
13 26 25
13 25 0
13 25 24
13 24 2
13 2 1
13 24 23
13 23 3
13 23 22
13 22 21
13 21 20
13 20 6
13 6 5
13 5 4
13 20 19
13 19 7
13 19 18
13 18 15
13 15 13
13 13 12
13 12 11
13 11 8
13 11 10
13 10 9
13 15 14
13 18 17
13 17 16
13 29 28
14 29 27
14 27 26
14 26 25
14 25 24
14 24 0
14 24 23
14 23 18
14 18 17
14 17 16
14 16 15
14 15 14
14 14 13
14 13 12
14 12 11
14 11 9
14 9 7
14 7 1
14 7 6
14 6 5
14 5 4
14 4 2
14 4 3
14 9 8
14 11 10
14 23 22
14 22 20
14 20 19
14 22 21
14 29 28
15 31 0
15 31 30
15 30 10
15 10 9
15 9 7
15 7 6
15 6 5
15 5 4
15 4 1
15 4 3
15 3 2
15 9 8
15 30 29
15 29 26
15 26 25
15 25 22
15 22 11
15 22 21
15 21 19
15 19 18
15 18 13
15 13 12
15 18 17
15 17 15
15 15 14
15 17 16
15 21 20
15 25 24
15 24 23
15 29 28
15 28 27
16 29 19
16 19 17
16 17 0
16 17 16
16 16 12
16 12 11
16 11 2
16 2 1
16 11 10
16 10 9
16 9 6
16 6 5
16 5 3
16 5 4
16 9 8
16 8 7
16 16 15
16 15 13
16 15 14
16 19 18
16 29 28
16 28 27
16 27 20
16 27 26
16 26 23
16 23 22
16 22 21
16 26 25
16 25 24
17 32 31
17 31 0
17 31 30
17 30 1
17 30 29
17 29 9
17 9 4
17 4 2
17 4 3
17 9 8
17 8 7
17 7 6
17 6 5
17 29 28
17 28 17
17 17 10
17 17 16
17 16 14
17 14 13
17 13 12
17 12 11
17 16 15
17 28 27
17 27 24
17 24 23
17 23 19
17 19 18
17 23 22
17 22 21
17 21 20
17 27 26
17 26 25
18 29 28
18 28 26
18 26 0
18 26 25
18 25 11
18 11 2
18 2 1
18 11 10
18 10 8
18 8 7
18 7 5
18 5 4
18 4 3
18 7 6
18 10 9
18 25 24
18 24 23
18 23 22
18 22 21
18 21 19
18 19 16
18 16 13
18 13 12
18 16 15
18 15 14
18 19 18
18 18 17
18 21 20
18 28 27
19 32 0
19 32 31
19 31 2
19 2 1
19 31 30
19 30 29
19 29 28
19 28 27
19 27 25
19 25 19
19 19 3
19 19 18
19 18 15
19 15 5
19 5 4
19 15 14
19 14 12
19 12 6
19 12 11
19 11 10
19 10 8
19 8 7
19 10 9
19 14 13
19 18 17
19 17 16
19 25 24
19 24 20
19 24 23
19 23 22
19 22 21
19 27 26
20 30 26
20 26 0
20 26 25
20 25 24
20 24 1
20 24 23
20 23 22
20 22 21
20 21 2
20 21 20
20 20 4
20 4 3
20 20 19
20 19 18
20 18 14
20 14 13
20 13 12
20 12 11
20 11 10
20 10 9
20 9 8
20 8 7
20 7 5
20 7 6
20 18 17
20 17 15
20 17 16
20 30 29
20 29 27
20 29 28
21 31 30
21 30 29
21 29 0
21 29 28
21 28 25
21 25 2
21 2 1
21 25 24
21 24 21
21 21 3
21 21 20
21 20 4
21 20 19
21 19 7
21 7 6
21 6 5
21 19 18
21 18 9
21 9 8
21 18 17
21 17 11
21 11 10
21 17 16
21 16 15
21 15 13
21 13 12
21 15 14
21 24 23
21 23 22
21 28 27
21 27 26
22 34 0
22 34 33
22 33 1
22 33 32
22 32 31
22 31 29
22 29 12
22 12 5
22 5 2
22 5 4
22 4 3
22 12 11
22 11 9
22 9 8
22 8 6
22 8 7
22 11 10
22 29 28
22 28 27
22 27 13
22 27 26
22 26 24
22 24 17
22 17 14
22 17 16
22 16 15
22 24 23
22 23 22
22 22 19
22 19 18
22 22 21
22 21 20
22 26 25
22 31 30
23 34 32
23 32 27
23 27 26
23 26 24
23 24 20
23 20 8
23 8 5
23 5 4
23 4 3
23 3 2
23 2 0
23 2 1
23 8 7
23 7 6
23 20 19
23 19 18
23 18 17
23 17 16
23 16 10
23 10 9
23 16 15
23 15 11
23 15 14
23 14 13
23 13 12
23 24 23
23 23 21
23 23 22
23 26 25
23 32 31
23 31 28
23 31 30
23 30 29
23 34 33
24 29 1
24 1 0
24 29 28
24 28 27
24 27 26
24 26 2
24 26 25
24 25 19
24 19 17
24 17 16
24 16 14
24 14 13
24 13 4
24 4 3
24 13 12
24 12 10
24 10 9
24 9 8
24 8 6
24 6 5
24 8 7
24 12 11
24 16 15
24 19 18
24 25 24
24 24 23
24 23 20
24 23 22
24 22 21
25 30 0
25 30 29
25 29 28
25 28 4
25 4 2
25 2 1
25 4 3
25 28 27
25 27 26
25 26 5
25 26 25
25 25 11
25 11 6
25 11 10
25 10 7
25 10 9
25 9 8
25 25 24
25 24 14
25 14 13
25 13 12
25 24 23
25 23 15
25 23 22
25 22 21
25 21 16
25 21 20
25 20 19
25 19 17
25 19 18
26 33 32
26 32 0
26 32 31
26 31 30
26 30 29
26 29 3
26 3 2
26 2 1
26 29 28
26 28 4
26 28 27
26 27 26
26 26 24
26 24 23
26 23 22
26 22 21
26 21 7
26 7 6
26 6 5
26 21 20
26 20 19
26 19 11
26 11 8
26 11 10
26 10 9
26 19 18
26 18 16
26 16 15
26 15 14
26 14 13
26 13 12
26 18 17
26 26 25
27 33 31
27 31 25
27 25 23
27 23 4
27 4 2
27 2 1
27 1 0
27 4 3
27 23 22
27 22 21
27 21 20
27 20 9
27 9 8
27 8 5
27 8 7
27 7 6
27 20 19
27 19 13
27 13 11
27 11 10
27 13 12
27 19 18
27 18 17
27 17 16
27 16 14
27 16 15
27 25 24
27 31 30
27 30 27
27 27 26
27 30 29
27 29 28
27 33 32
28 33 31
28 31 0
28 31 30
28 30 7
28 7 6
28 6 2
28 2 1
28 6 5
28 5 3
28 5 4
28 30 29
28 29 12
28 12 10
28 10 8
28 10 9
28 12 11
28 29 28
28 28 27
28 27 26
28 26 25
28 25 15
28 15 14
28 14 13
28 25 24
28 24 23
28 23 22
28 22 21
28 21 16
28 21 20
28 20 18
28 18 17
28 20 19
28 33 32
29 34 33
29 33 0
29 33 32
29 32 8
29 8 2
29 2 1
29 8 7
29 7 5
29 5 3
29 5 4
29 7 6
29 32 31
29 31 29
29 29 27
29 27 12
29 12 10
29 10 9
29 12 11
29 27 26
29 26 25
29 25 23
29 23 13
29 23 22
29 22 17
29 17 14
29 17 16
29 16 15
29 22 21
29 21 18
29 21 20
29 20 19
29 25 24
29 29 28
29 31 30
30 31 1
30 1 0
30 31 30
30 30 29
30 29 3
30 3 2
30 29 28
30 28 12
30 12 10
30 10 8
30 8 4
30 8 7
30 7 5
30 7 6
30 10 9
30 12 11
30 28 27
30 27 26
30 26 25
30 25 24
30 24 23
30 23 21
30 21 20
30 20 19
30 19 17
30 17 16
30 16 15
30 15 13
30 15 14
30 19 18
30 23 22
31 30 6
31 6 5
31 5 4
31 4 3
31 3 0
31 3 2
31 2 1
31 30 29
31 29 7
31 29 28
31 28 27
31 27 26
31 26 25
31 25 24
31 24 23
31 23 18
31 18 17
31 17 12
31 12 10
31 10 9
31 9 8
31 12 11
31 17 16
31 16 14
31 14 13
31 16 15
31 23 22
31 22 20
31 20 19
31 22 21
32 29 28
32 28 5
32 5 3
32 3 1
32 1 0
32 3 2
32 5 4
32 28 27
32 27 12
32 12 10
32 10 9
32 9 6
32 9 8
32 8 7
32 12 11
32 27 26
32 26 25
32 25 21
32 21 18
32 18 16
32 16 14
32 14 13
32 16 15
32 18 17
32 21 20
32 20 19
32 25 24
32 24 23
32 23 22
33 33 32
33 32 31
33 31 2
33 2 0
33 2 1
33 31 30
33 30 28
33 28 9
33 9 8
33 8 7
33 7 5
33 5 4
33 4 3
33 7 6
33 28 27
33 27 25
33 25 10
33 25 24
33 24 23
33 23 22
33 22 20
33 20 11
33 20 19
33 19 16
33 16 12
33 16 15
33 15 14
33 14 13
33 19 18
33 18 17
33 22 21
33 27 26
33 30 29
34 31 5
34 5 4
34 4 0
34 4 3
34 3 2
34 2 1
34 31 30
34 30 9
34 9 8
34 8 7
34 7 6
34 30 29
34 29 28
34 28 26
34 26 25
34 25 24
34 24 22
34 22 20
34 20 19
34 19 10
34 19 18
34 18 17
34 17 16
34 16 12
34 12 11
34 16 15
34 15 14
34 14 13
34 22 21
34 24 23
34 28 27
35 29 4
35 4 0
35 4 3
35 3 2
35 2 1
35 29 28
35 28 27
35 27 17
35 17 14
35 14 13
35 13 11
35 11 5
35 11 10
35 10 6
35 10 9
35 9 7
35 9 8
35 13 12
35 17 16
35 16 15
35 27 26
35 26 24
35 24 23
35 23 19
35 19 18
35 23 22
35 22 21
35 21 20
35 26 25
36 33 1
36 1 0
36 33 32
36 32 2
36 32 31
36 31 30
36 30 29
36 29 28
36 28 3
36 28 27
36 27 24
36 24 16
36 16 12
36 12 11
36 11 10
36 10 8
36 8 7
36 7 4
36 7 6
36 6 5
36 10 9
36 16 15
36 15 13
36 15 14
36 24 23
36 23 20
36 20 17
36 20 19
36 19 18
36 23 22
36 22 21
36 27 26
36 26 25
37 34 33
37 33 3
37 3 1
37 1 0
37 3 2
37 33 32
37 32 31
37 31 30
37 30 6
37 6 4
37 6 5
37 30 29
37 29 12
37 12 11
37 11 8
37 8 7
37 11 10
37 10 9
37 29 28
37 28 27
37 27 15
37 15 13
37 15 14
37 27 26
37 26 17
37 17 16
37 26 25
37 25 21
37 21 20
37 20 18
37 20 19
37 25 24
37 24 23
37 23 22
38 32 28
38 28 0
38 28 27
38 27 3
38 3 2
38 2 1
38 27 26
38 26 21
38 21 20
38 20 17
38 17 6
38 6 4
38 6 5
38 17 16
38 16 14
38 14 13
38 13 9
38 9 7
38 9 8
38 13 12
38 12 11
38 11 10
38 16 15
38 20 19
38 19 18
38 26 25
38 25 24
38 24 23
38 23 22
38 32 31
38 31 29
38 31 30
39 33 32
39 32 31
39 31 30
39 30 0
39 30 29
39 29 28
39 28 26
39 26 25
39 25 3
39 3 2
39 2 1
39 25 24
39 24 23
39 23 20
39 20 19
39 19 13
39 13 4
39 13 12
39 12 5
39 12 11
39 11 8
39 8 7
39 7 6
39 11 10
39 10 9
39 19 18
39 18 17
39 17 16
39 16 15
39 15 14
39 23 22
39 22 21
39 28 27
40 31 30
40 30 0
40 30 29
40 29 27
40 27 7
40 7 1
40 7 6
40 6 2
40 6 5
40 5 4
40 4 3
40 27 26
40 26 22
40 22 21
40 21 20
40 20 19
40 19 18
40 18 9
40 9 8
40 18 17
40 17 16
40 16 10
40 16 15
40 15 14
40 14 12
40 12 11
40 14 13
40 26 25
40 25 24
40 24 23
40 29 28
41 32 25
41 25 24
41 24 23
41 23 1
41 1 0
41 23 22
41 22 2
41 22 21
41 21 4
41 4 3
41 21 20
41 20 17
41 17 16
41 16 15
41 15 7
41 7 5
41 7 6
41 15 14
41 14 8
41 14 13
41 13 12
41 12 10
41 10 9
41 12 11
41 20 19
41 19 18
41 32 31
41 31 30
41 30 26
41 30 29
41 29 28
41 28 27
42 31 1
42 1 0
42 31 30
42 30 28
42 28 7
42 7 6
42 6 5
42 5 3
42 3 2
42 5 4
42 28 27
42 27 8
42 27 26
42 26 25
42 25 24
42 24 22
42 22 12
42 12 9
42 12 11
42 11 10
42 22 21
42 21 20
42 20 18
42 18 16
42 16 15
42 15 13
42 15 14
42 18 17
42 20 19
42 24 23
42 30 29
43 33 32
43 32 0
43 32 31
43 31 27
43 27 26
43 26 19
43 19 10
43 10 9
43 9 2
43 2 1
43 9 8
43 8 4
43 4 3
43 8 7
43 7 6
43 6 5
43 19 18
43 18 13
43 13 11
43 13 12
43 18 17
43 17 16
43 16 15
43 15 14
43 26 25
43 25 24
43 24 21
43 21 20
43 24 23
43 23 22
43 31 30
43 30 29
43 29 28
44 32 19
44 19 1
44 1 0
44 19 18
44 18 3
44 3 2
44 18 17
44 17 15
44 15 12
44 12 10
44 10 9
44 9 8
44 8 7
44 7 6
44 6 4
44 6 5
44 12 11
44 15 14
44 14 13
44 17 16
44 32 31
44 31 20
44 31 30
44 30 29
44 29 28
44 28 26
44 26 25
44 25 23
44 23 21
44 23 22
44 25 24
44 28 27
45 30 29
45 29 0
45 29 28
45 28 21
45 21 8
45 8 1
45 8 7
45 7 2
45 7 6
45 6 5
45 5 3
45 5 4
45 21 20
45 20 19
45 19 18
45 18 14
45 14 10
45 10 9
45 14 13
45 13 11
45 13 12
45 18 17
45 17 15
45 17 16
45 28 27
45 27 23
45 23 22
45 27 26
45 26 24
45 26 25
46 34 1
46 1 0
46 34 33
46 33 2
46 33 32
46 32 31
46 31 30
46 30 7
46 7 4
46 4 3
46 7 6
46 6 5
46 30 29
46 29 26
46 26 24
46 24 20
46 20 19
46 19 12
46 12 8
46 12 11
46 11 9
46 11 10
46 19 18
46 18 16
46 16 14
46 14 13
46 16 15
46 18 17
46 24 23
46 23 22
46 22 21
46 26 25
46 29 28
46 28 27
47 32 15
47 15 2
47 2 0
47 2 1
47 15 14
47 14 3
47 14 13
47 13 4
47 13 12
47 12 9
47 9 7
47 7 5
47 7 6
47 9 8
47 12 11
47 11 10
47 32 31
47 31 17
47 17 16
47 31 30
47 30 29
47 29 18
47 29 28
47 28 27
47 27 26
47 26 24
47 24 19
47 24 23
47 23 21
47 21 20
47 23 22
47 26 25
48 30 29
48 29 28
48 28 26
48 26 25
48 25 24
48 24 8
48 8 6
48 6 0
48 6 5
48 5 4
48 4 1
48 4 3
48 3 2
48 8 7
48 24 23
48 23 15
48 15 9
48 15 14
48 14 10
48 14 13
48 13 12
48 12 11
48 23 22
48 22 17
48 17 16
48 22 21
48 21 20
48 20 18
48 20 19
48 28 27
49 31 0
49 31 30
49 30 28
49 28 27
49 27 18
49 18 17
49 17 16
49 16 15
49 15 4
49 4 2
49 2 1
49 4 3
49 15 14
49 14 5
49 14 13
49 13 9
49 9 8
49 8 7
49 7 6
49 13 12
49 12 10
49 12 11
49 27 26
49 26 21
49 21 19
49 21 20
49 26 25
49 25 24
49 24 22
49 24 23
49 30 29
50 32 31
50 31 23
50 23 0
50 23 22
50 22 2
50 2 1
50 22 21
50 21 3
50 21 20
50 20 19
50 19 8
50 8 4
50 8 7
50 7 5
50 7 6
50 19 18
50 18 17
50 17 16
50 16 15
50 15 9
50 15 14
50 14 13
50 13 11
50 11 10
50 13 12
50 31 30
50 30 29
50 29 28
50 28 24
50 28 27
50 27 25
50 27 26
51 29 28
51 28 23
51 23 22
51 22 20
51 20 1
51 1 0
51 20 19
51 19 4
51 4 2
51 4 3
51 19 18
51 18 15
51 15 14
51 14 8
51 8 7
51 7 6
51 6 5
51 14 13
51 13 11
51 11 10
51 10 9
51 13 12
51 18 17
51 17 16
51 22 21
51 28 27
51 27 26
51 26 25
51 25 24
52 34 1
52 1 0
52 34 33
52 33 31
52 31 30
52 30 3
52 3 2
52 30 29
52 29 28
52 28 24
52 24 23
52 23 4
52 23 22
52 22 6
52 6 5
52 22 21
52 21 7
52 21 20
52 20 9
52 9 8
52 20 19
52 19 10
52 19 18
52 18 17
52 17 15
52 15 14
52 14 13
52 13 12
52 12 11
52 17 16
52 28 27
52 27 26
52 26 25
52 33 32
53 29 5
53 5 4
53 4 3
53 3 0
53 3 2
53 2 1
53 29 28
53 28 27
53 27 6
53 27 26
53 26 24
53 24 22
53 22 7
53 22 21
53 21 20
53 20 17
53 17 16
53 16 15
53 15 8
53 15 14
53 14 9
53 14 13
53 13 12
53 12 10
53 12 11
53 20 19
53 19 18
53 24 23
53 26 25
54 29 4
54 4 2
54 2 0
54 2 1
54 4 3
54 29 28
54 28 27
54 27 5
54 27 26
54 26 25
54 25 20
54 20 16
54 16 15
54 15 12
54 12 10
54 10 9
54 9 7
54 7 6
54 9 8
54 12 11
54 15 14
54 14 13
54 20 19
54 19 17
54 19 18
54 25 24
54 24 23
54 23 22
54 22 21
55 32 31
55 31 24
55 24 0
55 24 23
55 23 22
55 22 8
55 8 1
55 8 7
55 7 5
55 5 2
55 5 4
55 4 3
55 7 6
55 22 21
55 21 9
55 21 20
55 20 13
55 13 10
55 13 12
55 12 11
55 20 19
55 19 17
55 17 15
55 15 14
55 17 16
55 19 18
55 31 30
55 30 29
55 29 28
55 28 26
55 26 25
55 28 27
56 31 1
56 1 0
56 31 30
56 30 8
56 8 5
56 5 2
56 5 4
56 4 3
56 8 7
56 7 6
56 30 29
56 29 20
56 20 19
56 19 18
56 18 9
56 18 17
56 17 16
56 16 11
56 11 10
56 16 15
56 15 14
56 14 13
56 13 12
56 29 28
56 28 23
56 23 22
56 22 21
56 28 27
56 27 24
56 27 26
56 26 25
57 32 31
57 31 30
57 30 6
57 6 5
57 5 4
57 4 3
57 3 1
57 1 0
57 3 2
57 30 29
57 29 7
57 29 28
57 28 10
57 10 8
57 10 9
57 28 27
57 27 26
57 26 15
57 15 14
57 14 13
57 13 11
57 13 12
57 26 25
57 25 16
57 25 24
57 24 21
57 21 20
57 20 17
57 20 19
57 19 18
57 24 23
57 23 22
58 33 8
58 8 6
58 6 3
58 3 0
58 3 2
58 2 1
58 6 5
58 5 4
58 8 7
58 33 32
58 32 9
58 32 31
58 31 29
58 29 27
58 27 25
58 25 23
58 23 19
58 19 18
58 18 17
58 17 14
58 14 13
58 13 11
58 11 10
58 13 12
58 17 16
58 16 15
58 23 22
58 22 20
58 22 21
58 25 24
58 27 26
58 29 28
58 31 30
59 30 0
59 30 29
59 29 1
59 29 28
59 28 2
59 28 27
59 27 26
59 26 4
59 4 3
59 26 25
59 25 22
59 22 21
59 21 5
59 21 20
59 20 19
59 19 8
59 8 7
59 7 6
59 19 18
59 18 17
59 17 16
59 16 11
59 11 10
59 10 9
59 16 15
59 15 13
59 13 12
59 15 14
59 25 24
59 24 23
60 29 26
60 26 17
60 17 16
60 16 15
60 15 6
60 6 5
60 5 4
60 4 0
60 4 3
60 3 1
60 3 2
60 15 14
60 14 10
60 10 9
60 9 7
60 9 8
60 14 13
60 13 12
60 12 11
60 26 25
60 25 19
60 19 18
60 25 24
60 24 23
60 23 21
60 21 20
60 23 22
60 29 28
60 28 27
61 29 3
61 3 0
61 3 2
61 2 1
61 29 28
61 28 26
61 26 25
61 25 24
61 24 22
61 22 19
61 19 17
61 17 10
61 10 8
61 8 7
61 7 4
61 7 6
61 6 5
61 10 9
61 17 16
61 16 11
61 16 15
61 15 14
61 14 12
61 14 13
61 19 18
61 22 21
61 21 20
61 24 23
61 28 27
62 34 33
62 33 32
62 32 30
62 30 29
62 29 1
62 1 0
62 29 28
62 28 27
62 27 2
62 27 26
62 26 23
62 23 21
62 21 16
62 16 9
62 9 3
62 9 8
62 8 6
62 6 4
62 6 5
62 8 7
62 16 15
62 15 14
62 14 13
62 13 11
62 11 10
62 13 12
62 21 20
62 20 17
62 20 19
62 19 18
62 23 22
62 26 25
62 25 24
62 32 31
63 29 11
63 11 10
63 10 9
63 9 7
63 7 6
63 6 5
63 5 4
63 4 2
63 2 0
63 2 1
63 4 3
63 9 8
63 29 28
63 28 13
63 13 12
63 28 27
63 27 25
63 25 14
63 25 24
63 24 22
63 22 15
63 22 21
63 21 16
63 21 20
63 20 17
63 20 19
63 19 18
63 24 23
63 27 26
64 31 9
64 9 8
64 8 1
64 1 0
64 8 7
64 7 3
64 3 2
64 7 6
64 6 4
64 6 5
64 31 30
64 30 11
64 11 10
64 30 29
64 29 18
64 18 17
64 17 15
64 15 14
64 14 13
64 13 12
64 17 16
64 29 28
64 28 27
64 27 26
64 26 19
64 26 25
64 25 24
64 24 22
64 22 20
64 22 21
64 24 23
65 34 0
65 34 33
65 33 6
65 6 2
65 2 1
65 6 5
65 5 3
65 5 4
65 33 32
65 32 7
65 32 31
65 31 30
65 30 8
65 30 29
65 29 25
65 25 9
65 25 24
65 24 12
65 12 11
65 11 10
65 24 23
65 23 13
65 23 22
65 22 14
65 22 21
65 21 18
65 18 17
65 17 15
65 17 16
65 21 20
65 20 19
65 29 28
65 28 26
65 28 27
66 32 4
66 4 0
66 4 3
66 3 2
66 2 1
66 32 31
66 31 30
66 30 29
66 29 28
66 28 27
66 27 25
66 25 5
66 25 24
66 24 23
66 23 22
66 22 21
66 21 20
66 20 19
66 19 18
66 18 6
66 18 17
66 17 9
66 9 7
66 9 8
66 17 16
66 16 15
66 15 14
66 14 11
66 11 10
66 14 13
66 13 12
66 27 26
67 31 29
67 29 28
67 28 22
67 22 1
67 1 0
67 22 21
67 21 20
67 20 19
67 19 16
67 16 15
67 15 11
67 11 8
67 8 7
67 7 6
67 6 4
67 4 2
67 4 3
67 6 5
67 11 10
67 10 9
67 15 14
67 14 13
67 13 12
67 19 18
67 18 17
67 28 27
67 27 26
67 26 24
67 24 23
67 26 25
67 31 30
68 32 1
68 1 0
68 32 31
68 31 6
68 6 5
68 5 3
68 3 2
68 5 4
68 31 30
68 30 19
68 19 18
68 18 13
68 13 11
68 11 10
68 10 8
68 8 7
68 10 9
68 13 12
68 18 17
68 17 15
68 15 14
68 17 16
68 30 29
68 29 26
68 26 24
68 24 23
68 23 22
68 22 20
68 22 21
68 26 25
68 29 28
68 28 27
69 30 27
69 27 7
69 7 0
69 7 6
69 6 3
69 3 2
69 2 1
69 6 5
69 5 4
69 27 26
69 26 25
69 25 21
69 21 20
69 20 15
69 15 14
69 14 13
69 13 11
69 11 10
69 10 8
69 10 9
69 13 12
69 20 19
69 19 18
69 18 16
69 18 17
69 25 24
69 24 23
69 23 22
69 30 29
69 29 28
70 29 1
70 1 0
70 29 28
70 28 7
70 7 5
70 5 2
70 5 4
70 4 3
70 7 6
70 28 27
70 27 26
70 26 18
70 18 17
70 17 13
70 13 12
70 12 11
70 11 10
70 10 8
70 10 9
70 17 16
70 16 15
70 15 14
70 26 25
70 25 20
70 20 19
70 25 24
70 24 22
70 22 21
70 24 23
71 30 24
71 24 22
71 22 20
71 20 19
71 19 11
71 11 10
71 10 8
71 8 7
71 7 6
71 6 5
71 5 4
71 4 0
71 4 3
71 3 1
71 3 2
71 10 9
71 19 18
71 18 13
71 13 12
71 18 17
71 17 15
71 15 14
71 17 16
71 22 21
71 24 23
71 30 29
71 29 28
71 28 27
71 27 26
71 26 25
72 33 27
72 27 25
72 25 17
72 17 16
72 16 0
72 16 15
72 15 1
72 15 14
72 14 2
72 14 13
72 13 12
72 12 11
72 11 10
72 10 8
72 8 7
72 7 6
72 6 5
72 5 4
72 4 3
72 10 9
72 25 24
72 24 23
72 23 21
72 21 20
72 20 18
72 20 19
72 23 22
72 27 26
72 33 32
72 32 28
72 32 31
72 31 30
72 30 29
73 30 22
73 22 21
73 21 20
73 20 19
73 19 18
73 18 17
73 17 0
73 17 16
73 16 9
73 9 2
73 2 1
73 9 8
73 8 6
73 6 5
73 5 4
73 4 3
73 8 7
73 16 15
73 15 12
73 12 10
73 12 11
73 15 14
73 14 13
73 30 29
73 29 27
73 27 24
73 24 23
73 27 26
73 26 25
73 29 28
74 31 25
74 25 6
74 6 0
74 6 5
74 5 4
74 4 1
74 4 3
74 3 2
74 25 24
74 24 18
74 18 17
74 17 10
74 10 9
74 9 8
74 8 7
74 17 16
74 16 15
74 15 13
74 13 11
74 13 12
74 15 14
74 24 23
74 23 21
74 21 19
74 21 20
74 23 22
74 31 30
74 30 29
74 29 28
74 28 26
74 28 27
75 33 32
75 32 31
75 31 23
75 23 18
75 18 17
75 17 16
75 16 0
75 16 15
75 15 1
75 15 14
75 14 6
75 6 2
75 6 5
75 5 3
75 5 4
75 14 13
75 13 11
75 11 10
75 10 7
75 10 9
75 9 8
75 13 12
75 23 22
75 22 19
75 22 21
75 21 20
75 31 30
75 30 24
75 30 29
75 29 27
75 27 26
75 26 25
75 29 28
76 30 29
76 29 1
76 1 0
76 29 28
76 28 27
76 27 26
76 26 24
76 24 23
76 23 2
76 23 22
76 22 21
76 21 3
76 21 20
76 20 13
76 13 12
76 12 11
76 11 4
76 11 10
76 10 6
76 6 5
76 10 9
76 9 8
76 8 7
76 20 19
76 19 16
76 16 15
76 15 14
76 19 18
76 18 17
76 26 25
77 30 0
77 30 29
77 29 2
77 2 1
77 29 28
77 28 27
77 27 26
77 26 16
77 16 15
77 15 14
77 14 13
77 13 12
77 12 11
77 11 3
77 11 10
77 10 8
77 8 4
77 8 7
77 7 6
77 6 5
77 10 9
77 26 25
77 25 23
77 23 21
77 21 20
77 20 19
77 19 17
77 19 18
77 23 22
77 25 24
78 29 1
78 1 0
78 29 28
78 28 27
78 27 26
78 26 24
78 24 9
78 9 8
78 8 7
78 7 4
78 4 3
78 3 2
78 7 6
78 6 5
78 24 23
78 23 12
78 12 10
78 12 11
78 23 22
78 22 19
78 19 18
78 18 17
78 17 14
78 14 13
78 17 16
78 16 15
78 22 21
78 21 20
78 26 25
79 32 0
79 32 31
79 31 23
79 23 22
79 22 14
79 14 3
79 3 1
79 3 2
79 14 13
79 13 9
79 9 7
79 7 6
79 6 4
79 6 5
79 9 8
79 13 12
79 12 11
79 11 10
79 22 21
79 21 15
79 21 20
79 20 19
79 19 16
79 19 18
79 18 17
79 31 30
79 30 29
79 29 28
79 28 27
79 27 25
79 25 24
79 27 26
80 33 17
80 17 0
80 17 16
80 16 11
80 11 10
80 10 8
80 8 1
80 8 7
80 7 6
80 6 5
80 5 4
80 4 2
80 4 3
80 10 9
80 16 15
80 15 14
80 14 12
80 14 13
80 33 32
80 32 19
80 19 18
80 32 31
80 31 30
80 30 26
80 26 20
80 26 25
80 25 24
80 24 21
80 24 23
80 23 22
80 30 29
80 29 28
80 28 27
81 30 23
81 23 22
81 22 4
81 4 3
81 3 0
81 3 2
81 2 1
81 22 21
81 21 20
81 20 5
81 20 19
81 19 15
81 15 14
81 14 12
81 12 7
81 7 6
81 12 11
81 11 10
81 10 8
81 10 9
81 14 13
81 19 18
81 18 16
81 18 17
81 30 29
81 29 27
81 27 25
81 25 24
81 27 26
81 29 28
82 29 20
82 20 16
82 16 6
82 6 4
82 4 0
82 4 3
82 3 2
82 2 1
82 6 5
82 16 15
82 15 13
82 13 8
82 8 7
82 13 12
82 12 11
82 11 9
82 11 10
82 15 14
82 20 19
82 19 17
82 19 18
82 29 28
82 28 27
82 27 26
82 26 25
82 25 21
82 25 24
82 24 22
82 24 23
83 30 28
83 28 27
83 27 26
83 26 25
83 25 24
83 24 23
83 23 3
83 3 2
83 2 0
83 2 1
83 23 22
83 22 21
83 21 20
83 20 9
83 9 7
83 7 6
83 6 4
83 6 5
83 9 8
83 20 19
83 19 12
83 12 10
83 12 11
83 19 18
83 18 16
83 16 14
83 14 13
83 16 15
83 18 17
83 30 29
84 33 20
84 20 19
84 19 11
84 11 9
84 9 8
84 8 1
84 1 0
84 8 7
84 7 6
84 6 5
84 5 2
84 5 4
84 4 3
84 11 10
84 19 18
84 18 16
84 16 12
84 16 15
84 15 13
84 15 14
84 18 17
84 33 32
84 32 30
84 30 28
84 28 21
84 28 27
84 27 25
84 25 24
84 24 22
84 24 23
84 27 26
84 30 29
84 32 31
85 30 29
85 29 0
85 29 28
85 28 1
85 28 27
85 27 11
85 11 10
85 10 4
85 4 3
85 3 2
85 10 9
85 9 8
85 8 7
85 7 5
85 7 6
85 27 26
85 26 23
85 23 17
85 17 16
85 16 14
85 14 13
85 13 12
85 16 15
85 23 22
85 22 21
85 21 19
85 19 18
85 21 20
85 26 25
85 25 24
86 30 28
86 28 25
86 25 24
86 24 21
86 21 20
86 20 19
86 19 4
86 4 2
86 2 1
86 1 0
86 4 3
86 19 18
86 18 15
86 15 14
86 14 10
86 10 8
86 8 5
86 8 7
86 7 6
86 10 9
86 14 13
86 13 11
86 13 12
86 18 17
86 17 16
86 24 23
86 23 22
86 28 27
86 27 26
86 30 29
87 30 29
87 29 1
87 1 0
87 29 28
87 28 27
87 27 3
87 3 2
87 27 26
87 26 25
87 25 4
87 25 24
87 24 23
87 23 22
87 22 18
87 18 5
87 18 17
87 17 6
87 17 16
87 16 15
87 15 14
87 14 13
87 13 12
87 12 11
87 11 9
87 9 7
87 9 8
87 11 10
87 22 21
87 21 20
87 20 19
88 33 0
88 33 32
88 32 28
88 28 7
88 7 6
88 6 4
88 4 1
88 4 3
88 3 2
88 6 5
88 28 27
88 27 20
88 20 13
88 13 12
88 12 9
88 9 8
88 12 11
88 11 10
88 20 19
88 19 14
88 19 18
88 18 15
88 18 17
88 17 16
88 27 26
88 26 25
88 25 22
88 22 21
88 25 24
88 24 23
88 32 31
88 31 30
88 30 29
89 31 30
89 30 29
89 29 25
89 25 15
89 15 1
89 1 0
89 15 14
89 14 12
89 12 4
89 4 3
89 3 2
89 12 11
89 11 8
89 8 7
89 7 5
89 7 6
89 11 10
89 10 9
89 14 13
89 25 24
89 24 16
89 24 23
89 23 17
89 23 22
89 22 21
89 21 19
89 19 18
89 21 20
89 29 28
89 28 26
89 28 27
90 30 29
90 29 28
90 28 23
90 23 4
90 4 0
90 4 3
90 3 1
90 3 2
90 23 22
90 22 21
90 21 19
90 19 14
90 14 13
90 13 6
90 6 5
90 13 12
90 12 11
90 11 10
90 10 9
90 9 8
90 8 7
90 19 18
90 18 16
90 16 15
90 18 17
90 21 20
90 28 27
90 27 24
90 27 26
90 26 25
91 31 0
91 31 30
91 30 29
91 29 28
91 28 27
91 27 11
91 11 9
91 9 2
91 2 1
91 9 8
91 8 6
91 6 5
91 5 4
91 4 3
91 8 7
91 11 10
91 27 26
91 26 25
91 25 23
91 23 15
91 15 12
91 15 14
91 14 13
91 23 22
91 22 21
91 21 18
91 18 17
91 17 16
91 21 20
91 20 19
91 25 24
92 31 30
92 30 29
92 29 28
92 28 27
92 27 17
92 17 16
92 16 14
92 14 13
92 13 0
92 13 12
92 12 9
92 9 8
92 8 6
92 6 5
92 5 4
92 4 2
92 2 1
92 4 3
92 8 7
92 12 11
92 11 10
92 16 15
92 27 26
92 26 25
92 25 24
92 24 23
92 23 21
92 21 20
92 20 19
92 19 18
92 23 22
93 33 1
93 1 0
93 33 32
93 32 30
93 30 29
93 29 2
93 29 28
93 28 26
93 26 3
93 26 25
93 25 4
93 25 24
93 24 7
93 7 5
93 7 6
93 24 23
93 23 15
93 15 13
93 13 12
93 12 11
93 11 9
93 9 8
93 11 10
93 15 14
93 23 22
93 22 18
93 18 16
93 18 17
93 22 21
93 21 20
93 20 19
93 28 27
93 32 31
94 31 29
94 29 18
94 18 3
94 3 1
94 1 0
94 3 2
94 18 17
94 17 16
94 16 14
94 14 13
94 13 12
94 12 9
94 9 5
94 5 4
94 9 8
94 8 7
94 7 6
94 12 11
94 11 10
94 16 15
94 29 28
94 28 27
94 27 21
94 21 19
94 21 20
94 27 26
94 26 25
94 25 23
94 23 22
94 25 24
94 31 30
95 34 30
95 30 29
95 29 28
95 28 2
95 2 0
95 2 1
95 28 27
95 27 26
95 26 25
95 25 24
95 24 8
95 8 6
95 6 4
95 4 3
95 6 5
95 8 7
95 24 23
95 23 13
95 13 9
95 13 12
95 12 11
95 11 10
95 23 22
95 22 20
95 20 19
95 19 17
95 17 16
95 16 15
95 15 14
95 19 18
95 22 21
95 34 33
95 33 31
95 33 32
96 29 2
96 2 0
96 2 1
96 29 28
96 28 24
96 24 23
96 23 13
96 13 7
96 7 5
96 5 4
96 4 3
96 7 6
96 13 12
96 12 10
96 10 9
96 9 8
96 12 11
96 23 22
96 22 15
96 15 14
96 22 21
96 21 19
96 19 16
96 19 18
96 18 17
96 21 20
96 28 27
96 27 26
96 26 25
97 31 2
97 2 1
97 1 0
97 31 30
97 30 26
97 26 3
97 26 25
97 25 14
97 14 13
97 13 12
97 12 11
97 11 10
97 10 9
97 9 8
97 8 5
97 5 4
97 8 7
97 7 6
97 25 24
97 24 23
97 23 21
97 21 20
97 20 18
97 18 17
97 17 15
97 17 16
97 20 19
97 23 22
97 30 29
97 29 28
97 28 27
98 29 28
98 28 26
98 26 25
98 25 24
98 24 20
98 20 9
98 9 8
98 8 7
98 7 0
98 7 6
98 6 5
98 5 2
98 2 1
98 5 4
98 4 3
98 20 19
98 19 12
98 12 10
98 12 11
98 19 18
98 18 13
98 18 17
98 17 14
98 17 16
98 16 15
98 24 23
98 23 22
98 22 21
98 28 27
99 29 3
99 3 2
99 2 0
99 2 1
99 29 28
99 28 27
99 27 5
99 5 4
99 27 26
99 26 25
99 25 24
99 24 6
99 24 23
99 23 7
99 23 22
99 22 21
99 21 8
99 21 20
99 20 14
99 14 13
99 13 9
99 13 12
99 12 11
99 11 10
99 20 19
99 19 18
99 18 17
99 17 16
99 16 15
100 34 33
100 33 29
100 29 2
100 2 0
100 2 1
100 29 28
100 28 3
100 28 27
100 27 7
100 7 6
100 6 4
100 6 5
100 27 26
100 26 25
100 25 24
100 24 8
100 24 23
100 23 21
100 21 11
100 11 9
100 11 10
100 21 20
100 20 19
100 19 18
100 18 13
100 13 12
100 18 17
100 17 14
100 17 16
100 16 15
100 23 22
100 33 32
100 32 30
100 32 31
101 30 27
101 27 23
101 23 22
101 22 20
101 20 19
101 19 0
101 19 18
101 18 7
101 7 6
101 6 2
101 2 1
101 6 5
101 5 4
101 4 3
101 18 17
101 17 16
101 16 15
101 15 10
101 10 9
101 9 8
101 15 14
101 14 11
101 14 13
101 13 12
101 22 21
101 27 26
101 26 25
101 25 24
101 30 29
101 29 28
