1 32 24
1 24 23
1 23 20
1 20 0
1 20 19
1 19 1
1 19 18
1 18 17
1 17 2
1 17 16
1 16 14
1 14 13
1 13 3
1 13 12
1 12 9
1 9 5
1 5 4
1 9 8
1 8 7
1 7 6
1 12 11
1 11 10
1 16 15
1 23 22
1 22 21
1 32 31
1 31 30
1 30 29
1 29 26
1 26 25
1 29 28
1 28 27
2 30 0
2 30 29
2 29 16
2 16 15
2 15 14
2 14 8
2 8 7
2 7 6
2 6 2
2 2 1
2 6 5
2 5 4
2 4 3
2 14 13
2 13 9
2 13 12
2 12 11
2 11 10
2 29 28
2 28 26
2 26 25
2 25 24
2 24 17
2 24 23
2 23 22
2 22 21
2 21 19
2 19 18
2 21 20
2 28 27
3 32 18
3 18 17
3 17 6
3 6 0
3 6 5
3 5 4
3 4 3
3 3 1
3 3 2
3 17 16
3 16 15
3 15 7
3 15 14
3 14 12
3 12 10
3 10 9
3 9 8
3 12 11
3 14 13
3 32 31
3 31 30
3 30 20
3 20 19
3 30 29
3 29 21
3 29 28
3 28 27
3 27 26
3 26 24
3 24 22
3 24 23
3 26 25
4 33 31
4 31 0
4 31 30
4 30 29
4 29 28
4 28 2
4 2 1
4 28 27
4 27 23
4 23 20
4 20 4
4 4 3
4 20 19
4 19 18
4 18 7
4 7 6
4 6 5
4 18 17
4 17 15
4 15 14
4 14 8
4 14 13
4 13 9
4 13 12
4 12 10
4 12 11
4 17 16
4 23 22
4 22 21
4 27 26
4 26 25
4 25 24
4 33 32
5 32 30
5 30 28
5 28 26
5 26 25
5 25 19
5 19 18
5 18 0
5 18 17
5 17 7
5 7 5
5 5 4
5 4 3
5 3 2
5 2 1
5 7 6
5 17 16
5 16 14
5 14 13
5 13 8
5 13 12
5 12 9
5 12 11
5 11 10
5 16 15
5 25 24
5 24 22
5 22 21
5 21 20
5 24 23
5 28 27
5 30 29
5 32 31
6 29 28
6 28 6
6 6 5
6 5 0
6 5 4
6 4 2
6 2 1
6 4 3
6 28 27
6 27 26
6 26 25
6 25 9
6 9 7
6 9 8
6 25 24
6 24 23
6 23 21
6 21 20
6 20 17
6 17 16
6 16 14
6 14 12
6 12 11
6 11 10
6 14 13
6 16 15
6 20 19
6 19 18
6 23 22
7 31 30
7 30 28
7 28 0
7 28 27
7 27 26
7 26 4
7 4 2
7 2 1
7 4 3
7 26 25
7 25 24
7 24 23
7 23 16
7 16 15
7 15 14
7 14 6
7 6 5
7 14 13
7 13 9
7 9 7
7 9 8
7 13 12
7 12 11
7 11 10
7 23 22
7 22 21
7 21 20
7 20 19
7 19 18
7 18 17
7 30 29
8 34 20
8 20 0
8 20 19
8 19 17
8 17 16
8 16 15
8 15 13
8 13 11
8 11 10
8 10 9
8 9 7
8 7 1
8 7 6
8 6 4
8 4 2
8 4 3
8 6 5
8 9 8
8 13 12
8 15 14
8 19 18
8 34 33
8 33 31
8 31 23
8 23 22
8 22 21
8 31 30
8 30 29
8 29 28
8 28 27
8 27 26
8 26 24
8 26 25
8 33 32
9 31 30
9 30 29
9 29 28
9 28 27
9 27 26
9 26 25
9 25 0
9 25 24
9 24 23
9 23 1
9 23 22
9 22 21
9 21 17
9 17 16
9 16 15
9 15 14
9 14 2
9 14 13
9 13 11
9 11 4
9 4 3
9 11 10
9 10 9
9 9 8
9 8 7
9 7 5
9 7 6
9 13 12
9 21 20
9 20 18
9 20 19
10 34 14
10 14 12
10 12 11
10 11 10
10 10 9
10 9 4
10 4 2
10 2 0
10 2 1
10 4 3
10 9 8
10 8 5
10 8 7
10 7 6
10 14 13
10 34 33
10 33 32
10 32 21
10 21 20
10 20 15
10 20 19
10 19 17
10 17 16
10 19 18
10 32 31
10 31 30
10 30 28
10 28 27
10 27 22
10 27 26
10 26 25
10 25 23
10 25 24
10 30 29
11 29 5
11 5 3
11 3 2
11 2 1
11 1 0
11 5 4
11 29 28
11 28 6
11 28 27
11 27 23
11 23 8
11 8 7
11 23 22
11 22 10
11 10 9
11 22 21
11 21 17
11 17 15
11 15 13
11 13 11
11 13 12
11 15 14
11 17 16
11 21 20
11 20 18
11 20 19
11 27 26
11 26 25
11 25 24
12 30 0
12 30 29
12 29 22
12 22 1
12 22 21
12 21 20
12 20 11
12 11 10
12 10 2
12 10 9
12 9 5
12 5 3
12 5 4
12 9 8
12 8 6
12 8 7
12 20 19
12 19 12
12 19 18
12 18 14
12 14 13
12 18 17
12 17 15
12 17 16
12 29 28
12 28 27
12 27 26
12 26 24
12 24 23
12 26 25
13 29 27
13 27 0
13 27 26
13 26 24
13 24 23
13 23 22
13 22 4
13 4 3
13 3 2
13 2 1
13 22 21
13 21 5
13 21 20
13 20 12
13 12 6
13 12 11
13 11 7
13 11 10
13 10 9
13 9 8
13 20 19
13 19 13
13 19 18
13 18 17
13 17 15
13 15 14
13 17 16
13 26 25
13 29 28
14 29 9
14 9 4
14 4 2
14 2 1
14 1 0
14 4 3
14 9 8
14 8 7
14 7 6
14 6 5
14 29 28
14 28 27
14 27 23
14 23 22
14 22 20
14 20 10
14 20 19
14 19 17
14 17 14
14 14 12
14 12 11
14 14 13
14 17 16
14 16 15
14 19 18
14 22 21
14 27 26
14 26 24
14 26 25
15 31 0
15 31 30
15 30 29
15 29 28
15 28 27
15 27 23
15 23 22
15 22 20
15 20 11
15 11 1
15 11 10
15 10 6
15 6 2
15 6 5
15 5 4
15 4 3
15 10 9
15 9 7
15 9 8
15 20 19
15 19 18
15 18 17
15 17 12
15 17 16
15 16 15
15 15 13
15 15 14
15 22 21
15 27 26
15 26 25
15 25 24
16 33 23
16 23 21
16 21 7
16 7 6
16 6 0
16 6 5
16 5 2
16 2 1
16 5 4
16 4 3
16 21 20
16 20 15
16 15 13
16 13 8
16 13 12
16 12 9
16 12 11
16 11 10
16 15 14
16 20 19
16 19 18
16 18 17
16 17 16
16 23 22
16 33 32
16 32 31
16 31 30
16 30 28
16 28 26
16 26 24
16 26 25
16 28 27
16 30 29
17 30 29
17 29 12
17 12 1
17 1 0
17 12 11
17 11 2
17 11 10
17 10 9
17 9 4
17 4 3
17 9 8
17 8 7
17 7 5
17 7 6
17 29 28
17 28 18
17 18 16
17 16 15
17 15 13
17 15 14
17 18 17
17 28 27
17 27 26
17 26 24
17 24 23
17 23 19
17 23 22
17 22 20
17 22 21
17 26 25
18 32 5
18 5 4
18 4 2
18 2 0
18 2 1
18 4 3
18 32 31
18 31 28
18 28 6
18 28 27
18 27 25
18 25 24
18 24 23
18 23 22
18 22 21
18 21 20
18 20 19
18 19 18
18 18 15
18 15 14
18 14 13
18 13 7
18 13 12
18 12 10
18 10 8
18 10 9
18 12 11
18 18 17
18 17 16
18 27 26
18 31 30
18 30 29
19 33 32
19 32 30
19 30 28
19 28 2
19 2 1
19 1 0
19 28 27
19 27 26
19 26 25
19 25 4
19 4 3
19 25 24
19 24 5
19 24 23
19 23 22
19 22 21
19 21 16
19 16 14
19 14 13
19 13 11
19 11 7
19 7 6
19 11 10
19 10 9
19 9 8
19 13 12
19 16 15
19 21 20
19 20 19
19 19 18
19 18 17
19 30 29
19 32 31
20 31 30
20 30 29
20 29 18
20 18 16
20 16 0
20 16 15
20 15 12
20 12 9
20 9 1
20 9 8
20 8 7
20 7 5
20 5 4
20 4 3
20 3 2
20 7 6
20 12 11
20 11 10
20 15 14
20 14 13
20 18 17
20 29 28
20 28 24
20 24 19
20 24 23
20 23 20
20 23 22
20 22 21
20 28 27
20 27 26
20 26 25
21 29 27
21 27 16
21 16 15
21 15 3
21 3 2
21 2 1
21 1 0
21 15 14
21 14 10
21 10 4
21 10 9
21 9 7
21 7 6
21 6 5
21 9 8
21 14 13
21 13 11
21 13 12
21 27 26
21 26 24
21 24 22
21 22 19
21 19 17
21 19 18
21 22 21
21 21 20
21 24 23
21 26 25
21 29 28
22 32 2
22 2 1
22 1 0
22 32 31
22 31 29
22 29 4
22 4 3
22 29 28
22 28 27
22 27 26
22 26 16
22 16 15
22 15 5
22 15 14
22 14 12
22 12 11
22 11 6
22 11 10
22 10 9
22 9 7
22 9 8
22 14 13
22 26 25
22 25 24
22 24 23
22 23 17
22 23 22
22 22 19
22 19 18
22 22 21
22 21 20
22 31 30
23 32 31
23 31 30
23 30 0
23 30 29
23 29 1
23 29 28
23 28 26
23 26 2
23 26 25
23 25 13
23 13 11
23 11 3
23 11 10
23 10 9
23 9 6
23 6 4
23 6 5
23 9 8
23 8 7
23 13 12
23 25 24
23 24 22
23 22 19
23 19 15
23 15 14
23 19 18
23 18 16
23 18 17
23 22 21
23 21 20
23 24 23
23 28 27
24 30 29
24 29 27
24 27 0
24 27 26
24 26 1
24 26 25
24 25 24
24 24 21
24 21 12
24 12 10
24 10 5
24 5 4
24 4 2
24 4 3
24 10 9
24 9 6
24 9 8
24 8 7
24 12 11
24 21 20
24 20 17
24 17 15
24 15 13
24 15 14
24 17 16
24 20 19
24 19 18
24 24 23
24 23 22
24 29 28
25 32 28
25 28 10
25 10 9
25 9 8
25 8 2
25 2 1
25 1 0
25 8 7
25 7 3
25 7 6
25 6 5
25 5 4
25 28 27
25 27 26
25 26 25
25 25 23
25 23 11
25 23 22
25 22 18
25 18 17
25 17 12
25 17 16
25 16 15
25 15 14
25 14 13
25 22 21
25 21 20
25 20 19
25 25 24
25 32 31
25 31 29
25 31 30
26 32 28
26 28 26
26 26 22
26 22 15
26 15 1
26 1 0
26 15 14
26 14 4
26 4 3
26 3 2
26 14 13
26 13 6
26 6 5
26 13 12
26 12 7
26 12 11
26 11 9
26 9 8
26 11 10
26 22 21
26 21 20
26 20 19
26 19 16
26 19 18
26 18 17
26 26 25
26 25 23
26 25 24
26 28 27
26 32 31
26 31 29
26 31 30
27 29 1
27 1 0
27 29 28
27 28 4
27 4 3
27 3 2
27 28 27
27 27 26
27 26 5
27 26 25
27 25 6
27 25 24
27 24 23
27 23 7
27 23 22
27 22 16
27 16 9
27 9 8
27 16 15
27 15 11
27 11 10
27 15 14
27 14 12
27 14 13
27 22 21
27 21 20
27 20 19
27 19 17
27 19 18
28 33 32
28 32 31
28 31 28
28 28 27
28 27 6
28 6 5
28 5 4
28 4 3
28 3 0
28 3 2
28 2 1
28 27 26
28 26 24
28 24 22
28 22 13
28 13 9
28 9 7
28 9 8
28 13 12
28 12 10
28 12 11
28 22 21
28 21 18
28 18 16
28 16 14
28 16 15
28 18 17
28 21 20
28 20 19
28 24 23
28 26 25
28 31 30
28 30 29
29 29 27
29 27 19
29 19 18
29 18 16
29 16 15
29 15 14
29 14 8
29 8 7
29 7 6
29 6 0
29 6 5
29 5 4
29 4 3
29 3 1
29 3 2
29 14 13
29 13 11
29 11 9
29 11 10
29 13 12
29 18 17
29 27 26
29 26 25
29 25 24
29 24 22
29 22 20
29 22 21
29 24 23
29 29 28
30 32 31
30 31 30
30 30 16
30 16 12
30 12 11
30 11 10
30 10 9
30 9 8
30 8 6
30 6 1
30 1 0
30 6 5
30 5 3
30 3 2
30 5 4
30 8 7
30 16 15
30 15 13
30 15 14
30 30 29
30 29 25
30 25 24
30 24 18
30 18 17
30 24 23
30 23 21
30 21 19
30 21 20
30 23 22
30 29 28
30 28 27
30 27 26
31 33 14
31 14 12
31 12 11
31 11 2
31 2 0
31 2 1
31 11 10
31 10 3
31 10 9
31 9 8
31 8 6
31 6 4
31 6 5
31 8 7
31 14 13
31 33 32
31 32 16
31 16 15
31 32 31
31 31 23
31 23 22
31 22 21
31 21 19
31 19 17
31 19 18
31 21 20
31 31 30
31 30 28
31 28 26
31 26 25
31 25 24
31 28 27
31 30 29
32 33 32
32 32 31
32 31 30
32 30 28
32 28 26
32 26 1
32 1 0
32 26 25
32 25 24
32 24 23
32 23 22
32 22 21
32 21 20
32 20 2
32 20 19
32 19 18
32 18 3
32 18 17
32 17 5
32 5 4
32 17 16
32 16 15
32 15 14
32 14 13
32 13 12
32 12 11
32 11 10
32 10 8
32 8 7
32 7 6
32 10 9
32 28 27
32 30 29
33 29 0
33 29 28
33 28 26
33 26 23
33 23 22
33 22 21
33 21 20
33 20 1
33 20 19
33 19 12
33 12 5
33 5 2
33 5 4
33 4 3
33 12 11
33 11 6
33 11 10
33 10 9
33 9 8
33 8 7
33 19 18
33 18 17
33 17 15
33 15 13
33 15 14
33 17 16
33 26 25
33 25 24
33 28 27
34 31 30
34 30 28
34 28 3
34 3 1
34 1 0
34 3 2
34 28 27
34 27 24
34 24 23
34 23 22
34 22 7
34 7 6
34 6 5
34 5 4
34 22 21
34 21 15
34 15 10
34 10 9
34 9 8
34 15 14
34 14 13
34 13 11
34 13 12
34 21 20
34 20 19
34 19 18
34 18 17
34 17 16
34 27 26
34 26 25
34 30 29
35 30 25
35 25 24
35 24 18
35 18 8
35 8 1
35 1 0
35 8 7
35 7 6
35 6 4
35 4 2
35 4 3
35 6 5
35 18 17
35 17 13
35 13 12
35 12 9
35 12 11
35 11 10
35 17 16
35 16 15
35 15 14
35 24 23
35 23 22
35 22 20
35 20 19
35 22 21
35 30 29
35 29 28
35 28 26
35 28 27
36 31 29
36 29 23
36 23 22
36 22 21
36 21 18
36 18 1
36 1 0
36 18 17
36 17 13
36 13 7
36 7 2
36 7 6
36 6 4
36 4 3
36 6 5
36 13 12
36 12 10
36 10 9
36 9 8
36 12 11
36 17 16
36 16 14
36 16 15
36 21 20
36 20 19
36 29 28
36 28 27
36 27 24
36 27 26
36 26 25
36 31 30
37 32 30
37 30 29
37 29 28
37 28 2
37 2 1
37 1 0
37 28 27
37 27 26
37 26 25
37 25 3
37 25 24
37 24 23
37 23 4
37 23 22
37 22 19
37 19 18
37 18 17
37 17 16
37 16 11
37 11 5
37 11 10
37 10 9
37 9 8
37 8 6
37 8 7
37 16 15
37 15 13
37 13 12
37 15 14
37 22 21
37 21 20
37 32 31
38 30 24
38 24 22
38 22 21
38 21 18
38 18 0
38 18 17
38 17 11
38 11 1
38 11 10
38 10 2
38 10 9
38 9 6
38 6 4
38 4 3
38 6 5
38 9 8
38 8 7
38 17 16
38 16 15
38 15 13
38 13 12
38 15 14
38 21 20
38 20 19
38 24 23
38 30 29
38 29 26
38 26 25
38 29 28
38 28 27
39 29 27
39 27 22
39 22 21
39 21 20
39 20 16
39 16 14
39 14 11
39 11 10
39 10 9
39 9 7
39 7 6
39 6 4
39 4 3
39 3 2
39 2 1
39 1 0
39 6 5
39 9 8
39 14 13
39 13 12
39 16 15
39 20 19
39 19 17
39 19 18
39 27 26
39 26 25
39 25 24
39 24 23
39 29 28
40 32 0
40 32 31
40 31 30
40 30 24
40 24 22
40 22 2
40 2 1
40 22 21
40 21 18
40 18 6
40 6 5
40 5 3
40 5 4
40 18 17
40 17 16
40 16 15
40 15 12
40 12 11
40 11 9
40 9 8
40 8 7
40 11 10
40 15 14
40 14 13
40 21 20
40 20 19
40 24 23
40 30 29
40 29 28
40 28 26
40 26 25
40 28 27
41 29 27
41 27 26
41 26 4
41 4 0
41 4 3
41 3 2
41 2 1
41 26 25
41 25 10
41 10 5
41 10 9
41 9 8
41 8 7
41 7 6
41 25 24
41 24 22
41 22 21
41 21 15
41 15 13
41 13 12
41 12 11
41 15 14
41 21 20
41 20 16
41 20 19
41 19 18
41 18 17
41 24 23
41 29 28
42 33 31
42 31 26
42 26 24
42 24 21
42 21 20
42 20 17
42 17 16
42 16 1
42 1 0
42 16 15
42 15 14
42 14 6
42 6 3
42 3 2
42 6 5
42 5 4
42 14 13
42 13 12
42 12 11
42 11 8
42 8 7
42 11 10
42 10 9
42 20 19
42 19 18
42 24 23
42 23 22
42 26 25
42 31 30
42 30 29
42 29 27
42 29 28
42 33 32
43 29 1
43 1 0
43 29 28
43 28 23
43 23 6
43 6 5
43 5 4
43 4 3
43 3 2
43 23 22
43 22 21
43 21 10
43 10 8
43 8 7
43 10 9
43 21 20
43 20 11
43 20 19
43 19 18
43 18 12
43 18 17
43 17 13
43 17 16
43 16 15
43 15 14
43 28 27
43 27 25
43 25 24
43 27 26
44 33 0
44 33 32
44 32 31
44 31 26
44 26 19
44 19 17
44 17 16
44 16 4
44 4 2
44 2 1
44 4 3
44 16 15
44 15 14
44 14 13
44 13 9
44 9 7
44 7 5
44 7 6
44 9 8
44 13 12
44 12 10
44 12 11
44 19 18
44 26 25
44 25 24
44 24 22
44 22 20
44 22 21
44 24 23
44 31 30
44 30 29
44 29 28
44 28 27
45 32 31
45 31 3
45 3 1
45 1 0
45 3 2
45 31 30
45 30 24
45 24 22
45 22 20
45 20 19
45 19 4
45 19 18
45 18 17
45 17 16
45 16 13
45 13 5
45 13 12
45 12 11
45 11 6
45 11 10
45 10 9
45 9 7
45 9 8
45 16 15
45 15 14
45 22 21
45 24 23
45 30 29
45 29 27
45 27 25
45 27 26
45 29 28
46 34 5
46 5 4
46 4 3
46 3 1
46 1 0
46 3 2
46 34 33
46 33 31
46 31 6
46 31 30
46 30 8
46 8 7
46 30 29
46 29 27
46 27 10
46 10 9
46 27 26
46 26 25
46 25 13
46 13 11
46 13 12
46 25 24
46 24 22
46 22 17
46 17 15
46 15 14
46 17 16
46 22 21
46 21 20
46 20 19
46 19 18
46 24 23
46 29 28
46 33 32
47 32 31
47 31 29
47 29 0
47 29 28
47 28 5
47 5 1
47 5 4
47 4 2
47 4 3
47 28 27
47 27 23
47 23 17
47 17 16
47 16 15
47 15 14
47 14 9
47 9 8
47 8 6
47 8 7
47 14 13
47 13 11
47 11 10
47 13 12
47 23 22
47 22 21
47 21 19
47 19 18
47 21 20
47 27 26
47 26 24
47 26 25
47 31 30
48 32 23
48 23 14
48 14 10
48 10 9
48 9 2
48 2 1
48 1 0
48 9 8
48 8 5
48 5 3
48 5 4
48 8 7
48 7 6
48 14 13
48 13 12
48 12 11
48 23 22
48 22 20
48 20 16
48 16 15
48 20 19
48 19 17
48 19 18
48 22 21
48 32 31
48 31 30
48 30 29
48 29 24
48 29 28
48 28 27
48 27 25
48 27 26
49 29 27
49 27 7
49 7 0
49 7 6
49 6 1
49 6 5
49 5 4
49 4 3
49 3 2
49 27 26
49 26 21
49 21 16
49 16 11
49 11 10
49 10 8
49 10 9
49 16 15
49 15 14
49 14 13
49 13 12
49 21 20
49 20 18
49 18 17
49 20 19
49 26 25
49 25 24
49 24 23
49 23 22
49 29 28
50 30 10
50 10 3
50 3 0
50 3 2
50 2 1
50 10 9
50 9 7
50 7 4
50 7 6
50 6 5
50 9 8
50 30 29
50 29 11
50 29 28
50 28 27
50 27 26
50 26 14
50 14 13
50 13 12
50 26 25
50 25 17
50 17 16
50 16 15
50 25 24
50 24 23
50 23 22
50 22 18
50 22 21
50 21 20
50 20 19
51 33 32
51 32 31
51 31 30
51 30 28
51 28 0
51 28 27
51 27 25
51 25 12
51 12 11
51 11 10
51 10 4
51 4 3
51 3 2
51 2 1
51 10 9
51 9 8
51 8 6
51 6 5
51 8 7
51 25 24
51 24 14
51 14 13
51 24 23
51 23 20
51 20 16
51 16 15
51 20 19
51 19 17
51 19 18
51 23 22
51 22 21
51 27 26
51 30 29
52 31 29
52 29 28
52 28 1
52 1 0
52 28 27
52 27 26
52 26 25
52 25 16
52 16 2
52 16 15
52 15 14
52 14 3
52 14 13
52 13 12
52 12 10
52 10 4
52 10 9
52 9 7
52 7 6
52 6 5
52 9 8
52 12 11
52 25 24
52 24 23
52 23 19
52 19 17
52 19 18
52 23 22
52 22 21
52 21 20
52 31 30
53 32 31
53 31 28
53 28 26
53 26 25
53 25 0
53 25 24
53 24 21
53 21 2
53 2 1
53 21 20
53 20 6
53 6 3
53 6 5
53 5 4
53 20 19
53 19 10
53 10 8
53 8 7
53 10 9
53 19 18
53 18 11
53 18 17
53 17 14
53 14 13
53 13 12
53 17 16
53 16 15
53 24 23
53 23 22
53 28 27
53 31 30
53 30 29
54 32 31
54 31 30
54 30 7
54 7 0
54 7 6
54 6 3
54 3 1
54 3 2
54 6 5
54 5 4
54 30 29
54 29 8
54 29 28
54 28 20
54 20 13
54 13 11
54 11 10
54 10 9
54 13 12
54 20 19
54 19 18
54 18 14
54 18 17
54 17 15
54 17 16
54 28 27
54 27 26
54 26 24
54 24 22
54 22 21
54 24 23
54 26 25
55 32 0
55 32 31
55 31 5
55 5 3
55 3 1
55 3 2
55 5 4
55 31 30
55 30 29
55 29 13
55 13 12
55 12 10
55 10 7
55 7 6
55 10 9
55 9 8
55 12 11
55 29 28
55 28 14
55 28 27
55 27 16
55 16 15
55 27 26
55 26 18
55 18 17
55 26 25
55 25 21
55 21 20
55 20 19
55 25 24
55 24 22
55 24 23
56 30 0
56 30 29
56 29 25
56 25 9
56 9 5
56 5 3
56 3 1
56 3 2
56 5 4
56 9 8
56 8 7
56 7 6
56 25 24
56 24 17
56 17 15
56 15 13
56 13 12
56 12 11
56 11 10
56 15 14
56 17 16
56 24 23
56 23 22
56 22 19
56 19 18
56 22 21
56 21 20
56 29 28
56 28 27
56 27 26
57 31 30
57 30 29
57 29 25
57 25 9
57 9 4
57 4 2
57 2 0
57 2 1
57 4 3
57 9 8
57 8 5
57 8 7
57 7 6
57 25 24
57 24 10
57 24 23
57 23 13
57 13 11
57 13 12
57 23 22
57 22 21
57 21 20
57 20 19
57 19 14
57 19 18
57 18 17
57 17 16
57 16 15
57 29 28
57 28 27
57 27 26
58 30 27
58 27 25
58 25 14
58 14 13
58 13 12
58 12 3
58 3 2
58 2 0
58 2 1
58 12 11
58 11 10
58 10 4
58 10 9
58 9 8
58 8 7
58 7 6
58 6 5
58 25 24
58 24 23
58 23 22
58 22 15
58 22 21
58 21 16
58 21 20
58 20 19
58 19 18
58 18 17
58 27 26
58 30 29
58 29 28
59 31 30
59 30 28
59 28 27
59 27 26
59 26 25
59 25 24
59 24 4
59 4 0
59 4 3
59 3 1
59 3 2
59 24 23
59 23 5
59 23 22
59 22 13
59 13 12
59 12 7
59 7 6
59 12 11
59 11 8
59 11 10
59 10 9
59 22 21
59 21 19
59 19 17
59 17 15
59 15 14
59 17 16
59 19 18
59 21 20
59 30 29
60 29 25
60 25 21
60 21 11
60 11 10
60 10 1
60 1 0
60 10 9
60 9 8
60 8 7
60 7 6
60 6 4
60 4 2
60 4 3
60 6 5
60 21 20
60 20 16
60 16 13
60 13 12
60 16 15
60 15 14
60 20 19
60 19 18
60 18 17
60 25 24
60 24 23
60 23 22
60 29 28
60 28 27
60 27 26
61 31 30
61 30 22
61 22 10
61 10 9
61 9 0
61 9 8
61 8 1
61 8 7
61 7 6
61 6 3
61 3 2
61 6 5
61 5 4
61 22 21
61 21 15
61 15 14
61 14 13
61 13 12
61 12 11
61 21 20
61 20 18
61 18 16
61 18 17
61 20 19
61 30 29
61 29 28
61 28 27
61 27 26
61 26 25
61 25 24
61 24 23
62 29 28
62 28 27
62 27 25
62 25 23
62 23 2
62 2 0
62 2 1
62 23 22
62 22 18
62 18 17
62 17 3
62 17 16
62 16 15
62 15 14
62 14 13
62 13 11
62 11 10
62 10 4
62 10 9
62 9 5
62 9 8
62 8 6
62 8 7
62 13 12
62 22 21
62 21 20
62 20 19
62 25 24
62 27 26
63 34 33
63 33 28
63 28 27
63 27 3
63 3 2
63 2 0
63 2 1
63 27 26
63 26 7
63 7 6
63 6 4
63 6 5
63 26 25
63 25 24
63 24 23
63 23 8
63 23 22
63 22 20
63 20 10
63 10 9
63 20 19
63 19 18
63 18 14
63 14 13
63 13 11
63 13 12
63 18 17
63 17 15
63 17 16
63 22 21
63 33 32
63 32 31
63 31 30
63 30 29
64 34 32
64 32 31
64 31 30
64 30 16
64 16 15
64 15 14
64 14 6
64 6 3
64 3 2
64 2 1
64 1 0
64 6 5
64 5 4
64 14 13
64 13 9
64 9 8
64 8 7
64 13 12
64 12 10
64 12 11
64 30 29
64 29 28
64 28 27
64 27 17
64 27 26
64 26 23
64 23 18
64 23 22
64 22 20
64 20 19
64 22 21
64 26 25
64 25 24
64 34 33
65 33 31
65 31 28
65 28 0
65 28 27
65 27 25
65 25 23
65 23 4
65 4 2
65 2 1
65 4 3
65 23 22
65 22 7
65 7 6
65 6 5
65 22 21
65 21 20
65 20 18
65 18 15
65 15 12
65 12 8
65 12 11
65 11 9
65 11 10
65 15 14
65 14 13
65 18 17
65 17 16
65 20 19
65 25 24
65 27 26
65 31 30
65 30 29
65 33 32
66 33 29
66 29 28
66 28 26
66 26 25
66 25 24
66 24 22
66 22 21
66 21 20
66 20 19
66 19 15
66 15 1
66 1 0
66 15 14
66 14 4
66 4 2
66 4 3
66 14 13
66 13 11
66 11 10
66 10 5
66 10 9
66 9 6
66 9 8
66 8 7
66 13 12
66 19 18
66 18 17
66 17 16
66 24 23
66 28 27
66 33 32
66 32 30
66 32 31
67 29 28
67 28 27
67 27 1
67 1 0
67 27 26
67 26 2
67 26 25
67 25 5
67 5 3
67 5 4
67 25 24
67 24 22
67 22 18
67 18 12
67 12 6
67 12 11
67 11 10
67 10 9
67 9 8
67 8 7
67 18 17
67 17 13
67 17 16
67 16 15
67 15 14
67 22 21
67 21 19
67 21 20
67 24 23
68 33 32
68 32 9
68 9 6
68 6 0
68 6 5
68 5 4
68 4 3
68 3 2
68 2 1
68 9 8
68 8 7
68 32 31
68 31 28
68 28 18
68 18 10
68 18 17
68 17 16
68 16 12
68 12 11
68 16 15
68 15 13
68 15 14
68 28 27
68 27 24
68 24 23
68 23 22
68 22 20
68 20 19
68 22 21
68 27 26
68 26 25
68 31 30
68 30 29
69 29 28
69 28 26
69 26 21
69 21 0
69 21 20
69 20 3
69 3 1
69 3 2
69 20 19
69 19 16
69 16 6
69 6 5
69 5 4
69 16 15
69 15 13
69 13 11
69 11 10
69 10 7
69 10 9
69 9 8
69 13 12
69 15 14
69 19 18
69 18 17
69 26 25
69 25 23
69 23 22
69 25 24
69 28 27
70 33 32
70 32 30
70 30 29
70 29 28
70 28 27
70 27 26
70 26 0
70 26 25
70 25 24
70 24 1
70 24 23
70 23 22
70 22 20
70 20 19
70 19 2
70 19 18
70 18 17
70 17 5
70 5 4
70 4 3
70 17 16
70 16 6
70 16 15
70 15 7
70 15 14
70 14 11
70 11 10
70 10 8
70 10 9
70 14 13
70 13 12
70 22 21
70 32 31
71 29 0
71 29 28
71 28 27
71 27 26
71 26 18
71 18 7
71 7 6
71 6 4
71 4 2
71 2 1
71 4 3
71 6 5
71 18 17
71 17 11
71 11 10
71 10 8
71 10 9
71 17 16
71 16 12
71 16 15
71 15 14
71 14 13
71 26 25
71 25 24
71 24 23
71 23 20
71 20 19
71 23 22
71 22 21
72 29 28
72 28 6
72 6 3
72 3 2
72 2 0
72 2 1
72 6 5
72 5 4
72 28 27
72 27 24
72 24 7
72 24 23
72 23 8
72 23 22
72 22 12
72 12 9
72 12 11
72 11 10
72 22 21
72 21 20
72 20 19
72 19 17
72 17 16
72 16 15
72 15 13
72 15 14
72 19 18
72 27 26
72 26 25
73 31 30
73 30 1
73 1 0
73 30 29
73 29 27
73 27 2
73 27 26
73 26 25
73 25 9
73 9 5
73 5 3
73 5 4
73 9 8
73 8 6
73 8 7
73 25 24
73 24 15
73 15 14
73 14 13
73 13 12
73 12 11
73 11 10
73 24 23
73 23 22
73 22 21
73 21 20
73 20 16
73 20 19
73 19 17
73 19 18
73 29 28
74 32 0
74 32 31
74 31 30
74 30 28
74 28 1
74 28 27
74 27 18
74 18 2
74 18 17
74 17 14
74 14 5
74 5 3
74 5 4
74 14 13
74 13 12
74 12 11
74 11 9
74 9 8
74 8 6
74 8 7
74 11 10
74 17 16
74 16 15
74 27 26
74 26 23
74 23 19
74 23 22
74 22 21
74 21 20
74 26 25
74 25 24
74 30 29
75 34 33
75 33 0
75 33 32
75 32 28
75 28 12
75 12 1
75 12 11
75 11 9
75 9 5
75 5 3
75 3 2
75 5 4
75 9 8
75 8 7
75 7 6
75 11 10
75 28 27
75 27 26
75 26 25
75 25 24
75 24 23
75 23 16
75 16 14
75 14 13
75 16 15
75 23 22
75 22 19
75 19 18
75 18 17
75 22 21
75 21 20
75 32 31
75 31 30
75 30 29
76 30 19
76 19 16
76 16 15
76 15 0
76 15 14
76 14 13
76 13 12
76 12 1
76 12 11
76 11 6
76 6 5
76 5 4
76 4 2
76 4 3
76 11 10
76 10 9
76 9 7
76 9 8
76 19 18
76 18 17
76 30 29
76 29 28
76 28 20
76 28 27
76 27 25
76 25 24
76 24 21
76 24 23
76 23 22
76 27 26
77 32 0
77 32 31
77 31 30
77 30 29
77 29 13
77 13 7
77 7 6
77 6 1
77 6 5
77 5 3
77 3 2
77 5 4
77 13 12
77 12 9
77 9 8
77 12 11
77 11 10
77 29 28
77 28 26
77 26 25
77 25 14
77 25 24
77 24 15
77 24 23
77 23 22
77 22 21
77 21 20
77 20 17
77 17 16
77 20 19
77 19 18
77 28 27
78 31 9
78 9 0
78 9 8
78 8 4
78 4 3
78 3 2
78 2 1
78 8 7
78 7 6
78 6 5
78 31 30
78 30 28
78 28 22
78 22 21
78 21 19
78 19 18
78 18 16
78 16 15
78 15 10
78 15 14
78 14 12
78 12 11
78 14 13
78 18 17
78 21 20
78 28 27
78 27 25
78 25 24
78 24 23
78 27 26
78 30 29
79 30 29
79 29 27
79 27 0
79 27 26
79 26 25
79 25 7
79 7 2
79 2 1
79 7 6
79 6 3
79 6 5
79 5 4
79 25 24
79 24 23
79 23 20
79 20 9
79 9 8
79 20 19
79 19 17
79 17 11
79 11 10
79 17 16
79 16 15
79 15 14
79 14 13
79 13 12
79 19 18
79 23 22
79 22 21
79 29 28
80 33 0
80 33 32
80 32 4
80 4 3
80 3 2
80 2 1
80 32 31
80 31 6
80 6 5
80 31 30
80 30 8
80 8 7
80 30 29
80 29 28
80 28 27
80 27 25
80 25 16
80 16 15
80 15 14
80 14 10
80 10 9
80 14 13
80 13 11
80 13 12
80 25 24
80 24 20
80 20 17
80 20 19
80 19 18
80 24 23
80 23 22
80 22 21
80 27 26
81 29 22
81 22 21
81 21 20
81 20 12
81 12 11
81 11 9
81 9 8
81 8 3
81 3 1
81 1 0
81 3 2
81 8 7
81 7 6
81 6 5
81 5 4
81 11 10
81 20 19
81 19 18
81 18 14
81 14 13
81 18 17
81 17 16
81 16 15
81 29 28
81 28 27
81 27 26
81 26 23
81 26 25
81 25 24
82 31 30
82 30 29
82 29 27
82 27 1
82 1 0
82 27 26
82 26 11
82 11 7
82 7 6
82 6 5
82 5 4
82 4 2
82 4 3
82 11 10
82 10 8
82 10 9
82 26 25
82 25 23
82 23 22
82 22 21
82 21 20
82 20 13
82 13 12
82 20 19
82 19 14
82 19 18
82 18 16
82 16 15
82 18 17
82 25 24
82 29 28
83 31 22
83 22 15
83 15 12
83 12 1
83 1 0
83 12 11
83 11 9
83 9 7
83 7 6
83 6 5
83 5 4
83 4 3
83 3 2
83 9 8
83 11 10
83 15 14
83 14 13
83 22 21
83 21 20
83 20 16
83 20 19
83 19 18
83 18 17
83 31 30
83 30 23
83 30 29
83 29 25
83 25 24
83 29 28
83 28 27
83 27 26
84 29 27
84 27 26
84 26 0
84 26 25
84 25 24
84 24 20
84 20 18
84 18 17
84 17 14
84 14 12
84 12 11
84 11 10
84 10 5
84 5 4
84 4 3
84 3 2
84 2 1
84 10 9
84 9 8
84 8 6
84 8 7
84 14 13
84 17 16
84 16 15
84 20 19
84 24 23
84 23 21
84 23 22
84 29 28
85 30 29
85 29 0
85 29 28
85 28 26
85 26 2
85 2 1
85 26 25
85 25 24
85 24 3
85 24 23
85 23 21
85 21 20
85 20 18
85 18 16
85 16 7
85 7 6
85 6 4
85 6 5
85 16 15
85 15 13
85 13 10
85 10 8
85 10 9
85 13 12
85 12 11
85 15 14
85 18 17
85 20 19
85 23 22
85 28 27
86 30 29
86 29 28
86 28 3
86 3 2
86 2 0
86 2 1
86 28 27
86 27 26
86 26 5
86 5 4
86 26 25
86 25 24
86 24 19
86 19 13
86 13 12
86 12 6
86 12 11
86 11 7
86 11 10
86 10 8
86 10 9
86 19 18
86 18 16
86 16 15
86 15 14
86 18 17
86 24 23
86 23 21
86 21 20
86 23 22
87 34 14
87 14 12
87 12 11
87 11 9
87 9 8
87 8 7
87 7 5
87 5 0
87 5 4
87 4 3
87 3 1
87 3 2
87 7 6
87 11 10
87 14 13
87 34 33
87 33 15
87 33 32
87 32 31
87 31 26
87 26 25
87 25 22
87 22 17
87 17 16
87 22 21
87 21 20
87 20 19
87 19 18
87 25 24
87 24 23
87 31 30
87 30 29
87 29 27
87 29 28
88 29 12
88 12 11
88 11 1
88 1 0
88 11 10
88 10 2
88 10 9
88 9 5
88 5 4
88 4 3
88 9 8
88 8 6
88 8 7
88 29 28
88 28 17
88 17 16
88 16 14
88 14 13
88 16 15
88 28 27
88 27 21
88 21 20
88 20 19
88 19 18
88 27 26
88 26 25
88 25 22
88 25 24
88 24 23
89 30 28
89 28 23
89 23 22
89 22 0
89 22 21
89 21 20
89 20 15
89 15 8
89 8 6
89 6 3
89 3 2
89 2 1
89 6 5
89 5 4
89 8 7
89 15 14
89 14 11
89 11 10
89 10 9
89 14 13
89 13 12
89 20 19
89 19 16
89 19 18
89 18 17
89 28 27
89 27 25
89 25 24
89 27 26
89 30 29
90 29 28
90 28 0
90 28 27
90 27 26
90 26 25
90 25 1
90 25 24
90 24 23
90 23 3
90 3 2
90 23 22
90 22 15
90 15 14
90 14 6
90 6 4
90 6 5
90 14 13
90 13 7
90 13 12
90 12 11
90 11 8
90 11 10
90 10 9
90 22 21
90 21 16
90 21 20
90 20 19
90 19 18
90 18 17
91 34 3
91 3 2
91 2 1
91 1 0
91 34 33
91 33 32
91 32 31
91 31 30
91 30 28
91 28 20
91 20 19
91 19 11
91 11 9
91 9 8
91 8 7
91 7 6
91 6 4
91 6 5
91 11 10
91 19 18
91 18 14
91 14 12
91 14 13
91 18 17
91 17 16
91 16 15
91 28 27
91 27 26
91 26 25
91 25 24
91 24 22
91 22 21
91 24 23
91 30 29
92 34 33
92 33 11
92 11 9
92 9 7
92 7 5
92 5 4
92 4 2
92 2 1
92 1 0
92 4 3
92 7 6
92 9 8
92 11 10
92 33 32
92 32 12
92 32 31
92 31 13
92 31 30
92 30 29
92 29 14
92 29 28
92 28 27
92 27 24
92 24 17
92 17 16
92 16 15
92 24 23
92 23 20
92 20 19
92 19 18
92 23 22
92 22 21
92 27 26
92 26 25
93 34 10
93 10 9
93 9 8
93 8 4
93 4 2
93 2 1
93 1 0
93 4 3
93 8 7
93 7 6
93 6 5
93 34 33
93 33 32
93 32 31
93 31 27
93 27 11
93 27 26
93 26 21
93 21 20
93 20 19
93 19 13
93 13 12
93 19 18
93 18 16
93 16 15
93 15 14
93 18 17
93 26 25
93 25 24
93 24 23
93 23 22
93 31 30
93 30 29
93 29 28
94 33 32
94 32 0
94 32 31
94 31 29
94 29 2
94 2 1
94 29 28
94 28 15
94 15 11
94 11 6
94 6 4
94 4 3
94 6 5
94 11 10
94 10 8
94 8 7
94 10 9
94 15 14
94 14 12
94 14 13
94 28 27
94 27 26
94 26 23
94 23 17
94 17 16
94 23 22
94 22 21
94 21 20
94 20 19
94 19 18
94 26 25
94 25 24
94 31 30
95 30 0
95 30 29
95 29 26
95 26 17
95 17 15
95 15 14
95 14 13
95 13 12
95 12 10
95 10 4
95 4 1
95 4 3
95 3 2
95 10 9
95 9 8
95 8 6
95 6 5
95 8 7
95 12 11
95 17 16
95 26 25
95 25 24
95 24 21
95 21 18
95 21 20
95 20 19
95 24 23
95 23 22
95 29 28
95 28 27
96 31 0
96 31 30
96 30 29
96 29 3
96 3 2
96 2 1
96 29 28
96 28 27
96 27 26
96 26 25
96 25 24
96 24 4
96 24 23
96 23 20
96 20 17
96 17 13
96 13 5
96 13 12
96 12 7
96 7 6
96 12 11
96 11 10
96 10 9
96 9 8
96 17 16
96 16 14
96 16 15
96 20 19
96 19 18
96 23 22
96 22 21
97 31 12
97 12 11
97 11 9
97 9 2
97 2 0
97 2 1
97 9 8
97 8 7
97 7 6
97 6 4
97 4 3
97 6 5
97 11 10
97 31 30
97 30 14
97 14 13
97 30 29
97 29 28
97 28 27
97 27 26
97 26 24
97 24 17
97 17 16
97 16 15
97 24 23
97 23 20
97 20 18
97 20 19
97 23 22
97 22 21
97 26 25
98 33 1
98 1 0
98 33 32
98 32 15
98 15 14
98 14 11
98 11 10
98 10 9
98 9 8
98 8 6
98 6 5
98 5 4
98 4 3
98 3 2
98 8 7
98 14 13
98 13 12
98 32 31
98 31 30
98 30 29
98 29 16
98 29 28
98 28 20
98 20 19
98 19 18
98 18 17
98 28 27
98 27 23
98 23 22
98 22 21
98 27 26
98 26 24
98 26 25
99 32 23
99 23 19
99 19 8
99 8 4
99 4 3
99 3 2
99 2 0
99 2 1
99 8 7
99 7 6
99 6 5
99 19 18
99 18 17
99 17 16
99 16 15
99 15 13
99 13 10
99 10 9
99 13 12
99 12 11
99 15 14
99 23 22
99 22 20
99 22 21
99 32 31
99 31 30
99 30 27
99 27 25
99 25 24
99 27 26
99 30 29
99 29 28
100 34 10
100 10 3
100 3 0
100 3 2
100 2 1
100 10 9
100 9 7
100 7 6
100 6 4
100 6 5
100 9 8
100 34 33
100 33 11
100 33 32
100 32 31
100 31 30
100 30 25
100 25 18
100 18 16
100 16 15
100 15 14
100 14 13
100 13 12
100 18 17
100 25 24
100 24 23
100 23 22
100 22 21
100 21 20
100 20 19
100 30 29
100 29 28
100 28 27
100 27 26
101 30 29
101 29 0
101 29 28
101 28 4
101 4 3
101 3 1
101 3 2
101 28 27
101 27 23
101 23 16
101 16 5
101 16 15
101 15 7
101 7 6
101 15 14
101 14 9
101 9 8
101 14 13
101 13 12
101 12 11
101 11 10
101 23 22
101 22 18
101 18 17
101 22 21
101 21 19
101 21 20
101 27 26
101 26 25
101 25 24
