1 33 32
1 32 17
1 17 11
1 11 0
1 11 10
1 10 6
1 6 4
1 4 2
1 2 1
1 4 3
1 6 5
1 10 9
1 9 7
1 9 8
1 17 16
1 16 13
1 13 12
1 16 15
1 15 14
1 32 31
1 31 20
1 20 19
1 19 18
1 31 30
1 30 27
1 27 26
1 26 22
1 22 21
1 26 25
1 25 23
1 25 24
1 30 29
1 29 28
2 30 23
2 23 22
2 22 19
2 19 18
2 18 17
2 17 15
2 15 3
2 3 1
2 1 0
2 3 2
2 15 14
2 14 11
2 11 10
2 10 4
2 10 9
2 9 7
2 7 6
2 6 5
2 9 8
2 14 13
2 13 12
2 17 16
2 22 21
2 21 20
2 30 29
2 29 26
2 26 25
2 25 24
2 29 28
2 28 27
3 34 32
3 32 31
3 31 26
3 26 25
3 25 24
3 24 1
3 1 0
3 24 23
3 23 9
3 9 7
3 7 6
3 6 3
3 3 2
3 6 5
3 5 4
3 9 8
3 23 22
3 22 21
3 21 15
3 15 12
3 12 11
3 11 10
3 15 14
3 14 13
3 21 20
3 20 17
3 17 16
3 20 19
3 19 18
3 31 30
3 30 27
3 30 29
3 29 28
3 34 33
4 30 29
4 29 22
4 22 0
4 22 21
4 21 15
4 15 14
4 14 8
4 8 7
4 7 6
4 6 1
4 6 5
4 5 4
4 4 3
4 3 2
4 14 13
4 13 12
4 12 9
4 12 11
4 11 10
4 21 20
4 20 19
4 19 18
4 18 16
4 18 17
4 29 28
4 28 26
4 26 25
4 25 24
4 24 23
4 28 27
5 33 17
5 17 16
5 16 1
5 1 0
5 16 15
5 15 14
5 14 11
5 11 2
5 11 10
5 10 3
5 10 9
5 9 4
5 9 8
5 8 6
5 6 5
5 8 7
5 14 13
5 13 12
5 33 32
5 32 30
5 30 29
5 29 27
5 27 24
5 24 23
5 23 18
5 23 22
5 22 20
5 20 19
5 22 21
5 27 26
5 26 25
5 29 28
5 32 31
6 30 29
6 29 28
6 28 27
6 27 7
6 7 4
6 4 0
6 4 3
6 3 1
6 3 2
6 7 6
6 6 5
6 27 26
6 26 24
6 24 9
6 9 8
6 24 23
6 23 22
6 22 13
6 13 10
6 13 12
6 12 11
6 22 21
6 21 20
6 20 18
6 18 17
6 17 15
6 15 14
6 17 16
6 20 19
6 26 25
7 30 29
7 29 19
7 19 14
7 14 2
7 2 0
7 2 1
7 14 13
7 13 12
7 12 11
7 11 10
7 10 3
7 10 9
7 9 6
7 6 5
7 5 4
7 9 8
7 8 7
7 19 18
7 18 16
7 16 15
7 18 17
7 29 28
7 28 24
7 24 21
7 21 20
7 24 23
7 23 22
7 28 27
7 27 26
7 26 25
8 32 29
8 29 28
8 28 27
8 27 25
8 25 21
8 21 19
8 19 2
8 2 0
8 2 1
8 19 18
8 18 10
8 10 7
8 7 6
8 6 3
8 6 5
8 5 4
8 10 9
8 9 8
8 18 17
8 17 15
8 15 14
8 14 13
8 13 11
8 13 12
8 17 16
8 21 20
8 25 24
8 24 22
8 24 23
8 27 26
8 32 31
8 31 30
9 32 31
9 31 30
9 30 16
9 16 7
9 7 6
9 6 3
9 3 1
9 1 0
9 3 2
9 6 5
9 5 4
9 16 15
9 15 14
9 14 13
9 13 11
9 11 10
9 10 9
9 9 8
9 13 12
9 30 29
9 29 28
9 28 25
9 25 24
9 24 19
9 19 18
9 18 17
9 24 23
9 23 21
9 21 20
9 23 22
9 28 27
9 27 26
10 32 3
10 3 1
10 1 0
10 3 2
10 32 31
10 31 4
10 31 30
10 30 26
10 26 11
10 11 10
10 10 9
10 9 8
10 8 7
10 7 6
10 6 5
10 26 25
10 25 21
10 21 20
10 20 16
10 16 14
10 14 13
10 13 12
10 16 15
10 20 19
10 19 17
10 19 18
10 25 24
10 24 22
10 24 23
10 30 29
10 29 28
10 28 27
11 31 3
11 3 0
11 3 2
11 2 1
11 31 30
11 30 29
11 29 26
11 26 23
11 23 4
11 23 22
11 22 11
11 11 10
11 10 8
11 8 6
11 6 5
11 8 7
11 10 9
11 22 21
11 21 20
11 20 19
11 19 14
11 14 13
11 13 12
11 19 18
11 18 17
11 17 16
11 16 15
11 26 25
11 25 24
11 29 28
11 28 27
12 33 32
12 32 31
12 31 29
12 29 0
12 29 28
12 28 24
12 24 9
12 9 6
12 6 1
12 6 5
12 5 2
12 5 4
12 4 3
12 9 8
12 8 7
12 24 23
12 23 10
12 23 22
12 22 15
12 15 14
12 14 12
12 12 11
12 14 13
12 22 21
12 21 20
12 20 18
12 18 16
12 18 17
12 20 19
12 28 27
12 27 25
12 27 26
12 31 30
13 30 27
13 27 25
13 25 23
13 23 22
13 22 20
13 20 18
13 18 16
13 16 0
13 16 15
13 15 5
13 5 4
13 4 1
13 4 3
13 3 2
13 15 14
13 14 13
13 13 12
13 12 6
13 12 11
13 11 8
13 8 7
13 11 10
13 10 9
13 18 17
13 20 19
13 22 21
13 25 24
13 27 26
13 30 29
13 29 28
14 30 28
14 28 3
14 3 2
14 2 0
14 2 1
14 28 27
14 27 26
14 26 21
14 21 4
14 21 20
14 20 6
14 6 5
14 20 19
14 19 17
14 17 8
14 8 7
14 17 16
14 16 15
14 15 14
14 14 13
14 13 9
14 13 12
14 12 11
14 11 10
14 19 18
14 26 25
14 25 22
14 25 24
14 24 23
14 30 29
15 33 32
15 32 30
15 30 0
15 30 29
15 29 11
15 11 5
15 5 4
15 4 1
15 4 3
15 3 2
15 11 10
15 10 9
15 9 8
15 8 6
15 8 7
15 29 28
15 28 12
15 28 27
15 27 26
15 26 24
15 24 23
15 23 20
15 20 19
15 19 16
15 16 14
15 14 13
15 16 15
15 19 18
15 18 17
15 23 22
15 22 21
15 26 25
15 32 31
16 31 2
16 2 0
16 2 1
16 31 30
16 30 29
16 29 27
16 27 9
16 9 6
16 6 3
16 6 5
16 5 4
16 9 8
16 8 7
16 27 26
16 26 25
16 25 10
16 25 24
16 24 19
16 19 13
16 13 12
16 12 11
16 19 18
16 18 17
16 17 16
16 16 14
16 16 15
16 24 23
16 23 21
16 21 20
16 23 22
16 29 28
17 32 31
17 31 1
17 1 0
17 31 30
17 30 2
17 30 29
17 29 27
17 27 22
17 22 21
17 21 19
17 19 9
17 9 8
17 8 6
17 6 5
17 5 4
17 4 3
17 8 7
17 19 18
17 18 12
17 12 11
17 11 10
17 18 17
17 17 13
17 17 16
17 16 14
17 16 15
17 21 20
17 27 26
17 26 25
17 25 24
17 24 23
17 29 28
18 34 0
18 34 33
18 33 32
18 32 31
18 31 30
18 30 29
18 29 17
18 17 16
18 16 9
18 9 3
18 3 2
18 2 1
18 9 8
18 8 7
18 7 6
18 6 4
18 6 5
18 16 15
18 15 13
18 13 11
18 11 10
18 13 12
18 15 14
18 29 28
18 28 27
18 27 19
18 19 18
18 27 26
18 26 23
18 23 20
18 23 22
18 22 21
18 26 25
18 25 24
19 31 0
19 31 30
19 30 1
19 30 29
19 29 27
19 27 26
19 26 13
19 13 10
19 10 6
19 6 4
19 4 3
19 3 2
19 6 5
19 10 9
19 9 8
19 8 7
19 13 12
19 12 11
19 26 25
19 25 24
19 24 23
19 23 21
19 21 18
19 18 14
19 18 17
19 17 15
19 17 16
19 21 20
19 20 19
19 23 22
19 29 28
20 34 4
20 4 3
20 3 1
20 1 0
20 3 2
20 34 33
20 33 32
20 32 23
20 23 15
20 15 13
20 13 8
20 8 6
20 6 5
20 8 7
20 13 12
20 12 10
20 10 9
20 12 11
20 15 14
20 23 22
20 22 21
20 21 19
20 19 17
20 17 16
20 19 18
20 21 20
20 32 31
20 31 24
20 31 30
20 30 25
20 30 29
20 29 27
20 27 26
20 29 28
21 31 30
21 30 29
21 29 26
21 26 1
21 1 0
21 26 25
21 25 22
21 22 5
21 5 4
21 4 3
21 3 2
21 22 21
21 21 9
21 9 7
21 7 6
21 9 8
21 21 20
21 20 19
21 19 18
21 18 11
21 11 10
21 18 17
21 17 13
21 13 12
21 17 16
21 16 14
21 16 15
21 25 24
21 24 23
21 29 28
21 28 27
22 33 32
22 32 31
22 31 0
22 31 30
22 30 29
22 29 24
22 24 23
22 23 1
22 23 22
22 22 20
22 20 18
22 18 17
22 17 9
22 9 8
22 8 2
22 8 7
22 7 6
22 6 4
22 4 3
22 6 5
22 17 16
22 16 14
22 14 12
22 12 11
22 11 10
22 14 13
22 16 15
22 20 19
22 22 21
22 29 28
22 28 26
22 26 25
22 28 27
23 34 5
23 5 4
23 4 3
23 3 0
23 3 2
23 2 1
23 34 33
23 33 32
23 32 9
23 9 7
23 7 6
23 9 8
23 32 31
23 31 30
23 30 27
23 27 26
23 26 10
23 26 25
23 25 23
23 23 12
23 12 11
23 23 22
23 22 17
23 17 13
23 17 16
23 16 15
23 15 14
23 22 21
23 21 19
23 19 18
23 21 20
23 25 24
23 30 29
23 29 28
24 31 29
24 29 0
24 29 28
24 28 27
24 27 7
24 7 4
24 4 2
24 2 1
24 4 3
24 7 6
24 6 5
24 27 26
24 26 25
24 25 24
24 24 22
24 22 8
24 22 21
24 21 10
24 10 9
24 21 20
24 20 19
24 19 15
24 15 12
24 12 11
24 15 14
24 14 13
24 19 18
24 18 16
24 18 17
24 24 23
24 31 30
25 32 20
25 20 19
25 19 18
25 18 4
25 4 2
25 2 1
25 1 0
25 4 3
25 18 17
25 17 16
25 16 5
25 16 15
25 15 11
25 11 9
25 9 8
25 8 7
25 7 6
25 11 10
25 15 14
25 14 12
25 14 13
25 32 31
25 31 30
25 30 23
25 23 21
25 23 22
25 30 29
25 29 24
25 29 28
25 28 25
25 28 27
25 27 26
26 30 9
26 9 8
26 8 7
26 7 3
26 3 2
26 2 1
26 1 0
26 7 6
26 6 4
26 6 5
26 30 29
26 29 25
26 25 10
26 25 24
26 24 23
26 23 22
26 22 21
26 21 20
26 20 19
26 19 18
26 18 17
26 17 16
26 16 15
26 15 14
26 14 13
26 13 11
26 13 12
26 29 28
26 28 27
26 27 26
27 34 28
27 28 27
27 27 26
27 26 24
27 24 23
27 23 22
27 22 21
27 21 15
27 15 9
27 9 7
27 7 6
27 6 4
27 4 3
27 3 2
27 2 0
27 2 1
27 6 5
27 9 8
27 15 14
27 14 13
27 13 12
27 12 10
27 12 11
27 21 20
27 20 16
27 20 19
27 19 18
27 18 17
27 26 25
27 34 33
27 33 29
27 33 32
27 32 31
27 31 30
28 31 30
28 30 3
28 3 2
28 2 0
28 2 1
28 30 29
28 29 18
28 18 6
28 6 5
28 5 4
28 18 17
28 17 15
28 15 13
28 13 7
28 13 12
28 12 11
28 11 10
28 10 9
28 9 8
28 15 14
28 17 16
28 29 28
28 28 26
28 26 23
28 23 21
28 21 20
28 20 19
28 23 22
28 26 25
28 25 24
28 28 27
29 32 10
29 10 8
29 8 7
29 7 4
29 4 0
29 4 3
29 3 2
29 2 1
29 7 6
29 6 5
29 10 9
29 32 31
29 31 30
29 30 18
29 18 15
29 15 14
29 14 13
29 13 11
29 13 12
29 18 17
29 17 16
29 30 29
29 29 28
29 28 26
29 26 20
29 20 19
29 26 25
29 25 23
29 23 22
29 22 21
29 25 24
29 28 27
30 30 24
30 24 2
30 2 1
30 1 0
30 24 23
30 23 22
30 22 21
30 21 4
30 4 3
30 21 20
30 20 9
30 9 6
30 6 5
30 9 8
30 8 7
30 20 19
30 19 18
30 18 10
30 18 17
30 17 15
30 15 11
30 15 14
30 14 13
30 13 12
30 17 16
30 30 29
30 29 25
30 29 28
30 28 27
30 27 26
31 31 30
31 30 29
31 29 23
31 23 22
31 22 10
31 10 9
31 9 8
31 8 7
31 7 6
31 6 4
31 4 3
31 3 0
31 3 2
31 2 1
31 6 5
31 22 21
31 21 19
31 19 18
31 18 13
31 13 11
31 13 12
31 18 17
31 17 15
31 15 14
31 17 16
31 21 20
31 29 28
31 28 27
31 27 24
31 27 26
31 26 25
32 34 16
32 16 11
32 11 9
32 9 2
32 2 0
32 2 1
32 9 8
32 8 6
32 6 3
32 6 5
32 5 4
32 8 7
32 11 10
32 16 15
32 15 13
32 13 12
32 15 14
32 34 33
32 33 27
32 27 23
32 23 21
32 21 20
32 20 19
32 19 17
32 19 18
32 23 22
32 27 26
32 26 24
32 26 25
32 33 32
32 32 30
32 30 29
32 29 28
32 32 31
33 32 1
33 1 0
33 32 31
33 31 30
33 30 4
33 4 2
33 4 3
33 30 29
33 29 9
33 9 8
33 8 7
33 7 5
33 7 6
33 29 28
33 28 27
33 27 11
33 11 10
33 27 26
33 26 25
33 25 12
33 25 24
33 24 21
33 21 14
33 14 13
33 21 20
33 20 18
33 18 16
33 16 15
33 18 17
33 20 19
33 24 23
33 23 22
34 33 32
34 32 30
34 30 28
34 28 26
34 26 25
34 25 20
34 20 4
34 4 0
34 4 3
34 3 2
34 2 1
34 20 19
34 19 18
34 18 5
34 18 17
34 17 8
34 8 6
34 8 7
34 17 16
34 16 14
34 14 9
34 14 13
34 13 12
34 12 11
34 11 10
34 16 15
34 25 24
34 24 21
34 24 23
34 23 22
34 28 27
34 30 29
34 32 31
35 33 31
35 31 2
35 2 0
35 2 1
35 31 30
35 30 11
35 11 10
35 10 6
35 6 3
35 6 5
35 5 4
35 10 9
35 9 7
35 9 8
35 30 29
35 29 28
35 28 23
35 23 22
35 22 21
35 21 16
35 16 15
35 15 14
35 14 13
35 13 12
35 21 20
35 20 17
35 20 19
35 19 18
35 28 27
35 27 26
35 26 25
35 25 24
35 33 32
36 33 32
36 32 28
36 28 6
36 6 2
36 2 1
36 1 0
36 6 5
36 5 4
36 4 3
36 28 27
36 27 26
36 26 25
36 25 24
36 24 23
36 23 22
36 22 21
36 21 20
36 20 17
36 17 16
36 16 14
36 14 10
36 10 9
36 9 7
36 9 8
36 14 13
36 13 11
36 13 12
36 16 15
36 20 19
36 19 18
36 32 31
36 31 30
36 30 29
37 32 31
37 31 3
37 3 2
37 2 0
37 2 1
37 31 30
37 30 28
37 28 4
37 28 27
37 27 26
37 26 25
37 25 24
37 24 22
37 22 19
37 19 5
37 19 18
37 18 17
37 17 13
37 13 8
37 8 7
37 7 6
37 13 12
37 12 11
37 11 10
37 10 9
37 17 16
37 16 14
37 16 15
37 22 21
37 21 20
37 24 23
37 30 29
38 33 25
38 25 22
38 22 15
38 15 14
38 14 13
38 13 0
38 13 12
38 12 10
38 10 3
38 3 2
38 2 1
38 10 9
38 9 4
38 9 8
38 8 7
38 7 5
38 7 6
38 12 11
38 22 21
38 21 18
38 18 16
38 18 17
38 21 20
38 20 19
38 25 24
38 24 23
38 33 32
38 32 30
38 30 29
38 29 27
38 27 26
38 29 28
38 32 31
39 33 28
39 28 5
39 5 1
39 1 0
39 5 4
39 4 2
39 4 3
39 28 27
39 27 26
39 26 20
39 20 19
39 19 17
39 17 11
39 11 10
39 10 9
39 9 8
39 8 7
39 7 6
39 17 16
39 16 14
39 14 12
39 14 13
39 16 15
39 19 18
39 26 25
39 25 23
39 23 22
39 22 21
39 25 24
39 33 32
39 32 31
39 31 29
39 31 30
40 32 15
40 15 3
40 3 2
40 2 0
40 2 1
40 15 14
40 14 13
40 13 12
40 12 11
40 11 10
40 10 9
40 9 5
40 5 4
40 9 8
40 8 7
40 7 6
40 32 31
40 31 29
40 29 28
40 28 19
40 19 17
40 17 16
40 19 18
40 28 27
40 27 23
40 23 20
40 23 22
40 22 21
40 27 26
40 26 24
40 26 25
40 31 30
41 34 27
41 27 26
41 26 25
41 25 24
41 24 7
41 7 6
41 6 5
41 5 4
41 4 2
41 2 1
41 1 0
41 4 3
41 24 23
41 23 22
41 22 21
41 21 8
41 21 20
41 20 12
41 12 10
41 10 9
41 12 11
41 20 19
41 19 18
41 18 17
41 17 14
41 14 13
41 17 16
41 16 15
41 34 33
41 33 31
41 31 30
41 30 29
41 29 28
41 33 32
42 32 31
42 31 3
42 3 0
42 3 2
42 2 1
42 31 30
42 30 27
42 27 26
42 26 24
42 24 22
42 22 5
42 5 4
42 22 21
42 21 20
42 20 6
42 20 19
42 19 13
42 13 12
42 12 9
42 9 8
42 8 7
42 12 11
42 11 10
42 19 18
42 18 14
42 18 17
42 17 16
42 16 15
42 24 23
42 26 25
42 30 29
42 29 28
43 33 0
43 33 32
43 32 31
43 31 30
43 30 6
43 6 5
43 5 2
43 2 1
43 5 4
43 4 3
43 30 29
43 29 20
43 20 19
43 19 7
43 19 18
43 18 10
43 10 9
43 9 8
43 18 17
43 17 16
43 16 11
43 16 15
43 15 14
43 14 12
43 14 13
43 29 28
43 28 27
43 27 26
43 26 23
43 23 22
43 22 21
43 26 25
43 25 24
44 31 30
44 30 22
44 22 19
44 19 16
44 16 3
44 3 2
44 2 0
44 2 1
44 16 15
44 15 12
44 12 11
44 11 10
44 10 9
44 9 5
44 5 4
44 9 8
44 8 7
44 7 6
44 15 14
44 14 13
44 19 18
44 18 17
44 22 21
44 21 20
44 30 29
44 29 28
44 28 24
44 24 23
44 28 27
44 27 25
44 27 26
45 31 11
45 11 0
45 11 10
45 10 4
45 4 3
45 3 1
45 3 2
45 10 9
45 9 8
45 8 6
45 6 5
45 8 7
45 31 30
45 30 12
45 30 29
45 29 21
45 21 20
45 20 18
45 18 13
45 18 17
45 17 14
45 17 16
45 16 15
45 20 19
45 29 28
45 28 23
45 23 22
45 28 27
45 27 26
45 26 25
45 25 24
46 32 31
46 31 0
46 31 30
46 30 29
46 29 26
46 26 9
46 9 8
46 8 4
46 4 3
46 3 2
46 2 1
46 8 7
46 7 6
46 6 5
46 26 25
46 25 13
46 13 12
46 12 11
46 11 10
46 25 24
46 24 17
46 17 16
46 16 15
46 15 14
46 24 23
46 23 22
46 22 20
46 20 18
46 20 19
46 22 21
46 29 28
46 28 27
47 33 32
47 32 23
47 23 21
47 21 20
47 20 18
47 18 17
47 17 16
47 16 15
47 15 0
47 15 14
47 14 13
47 13 12
47 12 11
47 11 10
47 10 9
47 9 1
47 9 8
47 8 7
47 7 6
47 6 2
47 6 5
47 5 4
47 4 3
47 20 19
47 23 22
47 32 31
47 31 30
47 30 29
47 29 28
47 28 26
47 26 25
47 25 24
47 28 27
48 31 0
48 31 30
48 30 29
48 29 2
48 2 1
48 29 28
48 28 10
48 10 3
48 10 9
48 9 8
48 8 7
48 7 4
48 7 6
48 6 5
48 28 27
48 27 25
48 25 17
48 17 13
48 13 12
48 12 11
48 17 16
48 16 14
48 16 15
48 25 24
48 24 20
48 20 19
48 19 18
48 24 23
48 23 22
48 22 21
48 27 26
49 31 28
49 28 27
49 27 26
49 26 25
49 25 4
49 4 0
49 4 3
49 3 1
49 3 2
49 25 24
49 24 23
49 23 5
49 23 22
49 22 6
49 22 21
49 21 20
49 20 8
49 8 7
49 20 19
49 19 18
49 18 17
49 17 16
49 16 15
49 15 13
49 13 9
49 13 12
49 12 10
49 12 11
49 15 14
49 31 30
49 30 29
50 32 14
50 14 0
50 14 13
50 13 11
50 11 10
50 10 8
50 8 5
50 5 1
50 5 4
50 4 3
50 3 2
50 8 7
50 7 6
50 10 9
50 13 12
50 32 31
50 31 15
50 31 30
50 30 17
50 17 16
50 30 29
50 29 18
50 29 28
50 28 27
50 27 23
50 23 22
50 22 19
50 22 21
50 21 20
50 27 26
50 26 25
50 25 24
51 29 28
51 28 27
51 27 21
51 21 20
51 20 2
51 2 0
51 2 1
51 20 19
51 19 7
51 7 5
51 5 4
51 4 3
51 7 6
51 19 18
51 18 14
51 14 13
51 13 8
51 13 12
51 12 11
51 11 10
51 10 9
51 18 17
51 17 16
51 16 15
51 27 26
51 26 25
51 25 24
51 24 23
51 23 22
52 34 31
52 31 30
52 30 0
52 30 29
52 29 28
52 28 26
52 26 23
52 23 21
52 21 20
52 20 19
52 19 2
52 2 1
52 19 18
52 18 15
52 15 14
52 14 13
52 13 12
52 12 11
52 11 10
52 10 8
52 8 4
52 4 3
52 8 7
52 7 5
52 7 6
52 10 9
52 18 17
52 17 16
52 23 22
52 26 25
52 25 24
52 28 27
52 34 33
52 33 32
53 33 23
53 23 21
53 21 18
53 18 17
53 17 2
53 2 0
53 2 1
53 17 16
53 16 15
53 15 14
53 14 9
53 9 3
53 9 8
53 8 4
53 8 7
53 7 5
53 7 6
53 14 13
53 13 12
53 12 10
53 12 11
53 21 20
53 20 19
53 23 22
53 33 32
53 32 31
53 31 24
53 31 30
53 30 27
53 27 25
53 27 26
53 30 29
53 29 28
54 31 0
54 31 30
54 30 29
54 29 28
54 28 27
54 27 18
54 18 12
54 12 1
54 12 11
54 11 2
54 11 10
54 10 9
54 9 3
54 9 8
54 8 4
54 8 7
54 7 6
54 6 5
54 18 17
54 17 13
54 17 16
54 16 15
54 15 14
54 27 26
54 26 25
54 25 20
54 20 19
54 25 24
54 24 23
54 23 21
54 23 22
55 29 23
55 23 1
55 1 0
55 23 22
55 22 16
55 16 2
55 16 15
55 15 14
55 14 13
55 13 11
55 11 7
55 7 6
55 6 5
55 5 3
55 5 4
55 11 10
55 10 9
55 9 8
55 13 12
55 22 21
55 21 19
55 19 18
55 18 17
55 21 20
55 29 28
55 28 27
55 27 26
55 26 25
55 25 24
56 30 29
56 29 24
56 24 23
56 23 20
56 20 5
56 5 1
56 1 0
56 5 4
56 4 3
56 3 2
56 20 19
56 19 18
56 18 17
56 17 13
56 13 8
56 8 7
56 7 6
56 13 12
56 12 9
56 12 11
56 11 10
56 17 16
56 16 15
56 15 14
56 23 22
56 22 21
56 29 28
56 28 25
56 28 27
56 27 26
57 32 0
57 32 31
57 31 29
57 29 1
57 29 28
57 28 22
57 22 20
57 20 18
57 18 9
57 9 8
57 8 3
57 3 2
57 8 7
57 7 4
57 7 6
57 6 5
57 18 17
57 17 16
57 16 15
57 15 14
57 14 11
57 11 10
57 14 13
57 13 12
57 20 19
57 22 21
57 28 27
57 27 26
57 26 24
57 24 23
57 26 25
57 31 30
58 30 0
58 30 29
58 29 1
58 29 28
58 28 27
58 27 2
58 27 26
58 26 10
58 10 6
58 6 5
58 5 3
58 5 4
58 10 9
58 9 7
58 9 8
58 26 25
58 25 19
58 19 15
58 15 14
58 14 11
58 14 13
58 13 12
58 19 18
58 18 17
58 17 16
58 25 24
58 24 23
58 23 20
58 23 22
58 22 21
59 32 31
59 31 7
59 7 6
59 6 0
59 6 5
59 5 4
59 4 1
59 4 3
59 3 2
59 31 30
59 30 29
59 29 28
59 28 8
59 28 27
59 27 24
59 24 23
59 23 11
59 11 10
59 10 9
59 23 22
59 22 20
59 20 12
59 20 19
59 19 18
59 18 16
59 16 14
59 14 13
59 16 15
59 18 17
59 22 21
59 27 26
59 26 25
60 30 28
60 28 26
60 26 24
60 24 22
60 22 20
60 20 16
60 16 15
60 15 13
60 13 3
60 3 2
60 2 0
60 2 1
60 13 12
60 12 6
60 6 4
60 6 5
60 12 11
60 11 10
60 10 8
60 8 7
60 10 9
60 15 14
60 20 19
60 19 18
60 18 17
60 22 21
60 24 23
60 26 25
60 28 27
60 30 29
61 29 27
61 27 26
61 26 24
61 24 21
61 21 16
61 16 0
61 16 15
61 15 3
61 3 2
61 2 1
61 15 14
61 14 4
61 14 13
61 13 12
61 12 8
61 8 5
61 8 7
61 7 6
61 12 11
61 11 9
61 11 10
61 21 20
61 20 19
61 19 18
61 18 17
61 24 23
61 23 22
61 26 25
61 29 28
62 34 33
62 33 32
62 32 0
62 32 31
62 31 30
62 30 28
62 28 27
62 27 12
62 12 5
62 5 4
62 4 2
62 2 1
62 4 3
62 12 11
62 11 10
62 10 9
62 9 8
62 8 7
62 7 6
62 27 26
62 26 13
62 26 25
62 25 24
62 24 22
62 22 19
62 19 18
62 18 17
62 17 15
62 15 14
62 17 16
62 22 21
62 21 20
62 24 23
62 30 29
63 30 0
63 30 29
63 29 1
63 29 28
63 28 2
63 28 27
63 27 3
63 27 26
63 26 25
63 25 23
63 23 22
63 22 20
63 20 18
63 18 10
63 10 4
63 10 9
63 9 8
63 8 6
63 6 5
63 8 7
63 18 17
63 17 16
63 16 11
63 16 15
63 15 14
63 14 13
63 13 12
63 20 19
63 22 21
63 25 24
64 30 29
64 29 1
64 1 0
64 29 28
64 28 27
64 27 2
64 27 26
64 26 23
64 23 17
64 17 16
64 16 13
64 13 5
64 5 3
64 5 4
64 13 12
64 12 9
64 9 8
64 8 7
64 7 6
64 12 11
64 11 10
64 16 15
64 15 14
64 23 22
64 22 18
64 22 21
64 21 20
64 20 19
64 26 25
64 25 24
65 32 28
65 28 27
65 27 0
65 27 26
65 26 1
65 26 25
65 25 24
65 24 2
65 24 23
65 23 13
65 13 3
65 13 12
65 12 10
65 10 9
65 9 8
65 8 7
65 7 6
65 6 5
65 5 4
65 12 11
65 23 22
65 22 20
65 20 16
65 16 15
65 15 14
65 20 19
65 19 18
65 18 17
65 22 21
65 32 31
65 31 30
65 30 29
66 33 31
66 31 29
66 29 27
66 27 26
66 26 25
66 25 22
66 22 0
66 22 21
66 21 17
66 17 5
66 5 1
66 5 4
66 4 3
66 3 2
66 17 16
66 16 6
66 16 15
66 15 14
66 14 10
66 10 7
66 10 9
66 9 8
66 14 13
66 13 11
66 13 12
66 21 20
66 20 18
66 20 19
66 25 24
66 24 23
66 29 28
66 31 30
66 33 32
67 32 2
67 2 1
67 1 0
67 32 31
67 31 30
67 30 29
67 29 15
67 15 14
67 14 13
67 13 12
67 12 10
67 10 7
67 7 5
67 5 4
67 4 3
67 7 6
67 10 9
67 9 8
67 12 11
67 29 28
67 28 16
67 28 27
67 27 26
67 26 25
67 25 24
67 24 23
67 23 18
67 18 17
67 23 22
67 22 20
67 20 19
67 22 21
68 30 28
68 28 21
68 21 18
68 18 16
68 16 2
68 2 0
68 2 1
68 16 15
68 15 10
68 10 7
68 7 3
68 7 6
68 6 5
68 5 4
68 10 9
68 9 8
68 15 14
68 14 13
68 13 12
68 12 11
68 18 17
68 21 20
68 20 19
68 28 27
68 27 22
68 27 26
68 26 24
68 24 23
68 26 25
68 30 29
69 33 26
69 26 14
69 14 1
69 1 0
69 14 13
69 13 9
69 9 3
69 3 2
69 9 8
69 8 6
69 6 5
69 5 4
69 8 7
69 13 12
69 12 10
69 12 11
69 26 25
69 25 18
69 18 15
69 18 17
69 17 16
69 25 24
69 24 20
69 20 19
69 24 23
69 23 22
69 22 21
69 33 32
69 32 31
69 31 30
69 30 29
69 29 27
69 29 28
70 32 0
70 32 31
70 31 30
70 30 10
70 10 9
70 9 3
70 3 1
70 3 2
70 9 8
70 8 7
70 7 6
70 6 5
70 5 4
70 30 29
70 29 25
70 25 23
70 23 21
70 21 11
70 21 20
70 20 14
70 14 12
70 14 13
70 20 19
70 19 15
70 19 18
70 18 17
70 17 16
70 23 22
70 25 24
70 29 28
70 28 27
70 27 26
71 33 10
71 10 1
71 1 0
71 10 9
71 9 5
71 5 2
71 5 4
71 4 3
71 9 8
71 8 7
71 7 6
71 33 32
71 32 30
71 30 11
71 30 29
71 29 28
71 28 12
71 28 27
71 27 25
71 25 24
71 24 19
71 19 14
71 14 13
71 19 18
71 18 17
71 17 15
71 17 16
71 24 23
71 23 21
71 21 20
71 23 22
71 27 26
71 32 31
72 30 29
72 29 28
72 28 22
72 22 21
72 21 19
72 19 0
72 19 18
72 18 16
72 16 3
72 3 1
72 3 2
72 16 15
72 15 5
72 5 4
72 15 14
72 14 7
72 7 6
72 14 13
72 13 11
72 11 10
72 10 9
72 9 8
72 13 12
72 18 17
72 21 20
72 28 27
72 27 25
72 25 23
72 25 24
72 27 26
73 30 28
73 28 27
73 27 26
73 26 2
73 2 0
73 2 1
73 26 25
73 25 19
73 19 18
73 18 7
73 7 6
73 6 3
73 6 5
73 5 4
73 18 17
73 17 8
73 17 16
73 16 14
73 14 11
73 11 9
73 11 10
73 14 13
73 13 12
73 16 15
73 25 24
73 24 23
73 23 22
73 22 20
73 22 21
73 30 29
74 29 0
74 29 28
74 28 1
74 28 27
74 27 26
74 26 6
74 6 5
74 5 2
74 5 4
74 4 3
74 26 25
74 25 24
74 24 20
74 20 19
74 19 17
74 17 15
74 15 13
74 13 7
74 13 12
74 12 8
74 12 11
74 11 9
74 11 10
74 15 14
74 17 16
74 19 18
74 24 23
74 23 22
74 22 21
75 32 6
75 6 2
75 2 0
75 2 1
75 6 5
75 5 3
75 5 4
75 32 31
75 31 30
75 30 25
75 25 23
75 23 21
75 21 7
75 21 20
75 20 16
75 16 15
75 15 9
75 9 8
75 15 14
75 14 13
75 13 12
75 12 10
75 12 11
75 20 19
75 19 18
75 18 17
75 23 22
75 25 24
75 30 29
75 29 27
75 27 26
75 29 28
76 32 0
76 32 31
76 31 11
76 11 7
76 7 5
76 5 4
76 4 3
76 3 2
76 2 1
76 7 6
76 11 10
76 10 9
76 9 8
76 31 30
76 30 29
76 29 18
76 18 17
76 17 15
76 15 14
76 14 12
76 14 13
76 17 16
76 29 28
76 28 25
76 25 19
76 25 24
76 24 23
76 23 22
76 22 20
76 22 21
76 28 27
76 27 26
77 29 5
77 5 1
77 1 0
77 5 4
77 4 2
77 4 3
77 29 28
77 28 27
77 27 26
77 26 15
77 15 14
77 14 12
77 12 10
77 10 6
77 10 9
77 9 7
77 9 8
77 12 11
77 14 13
77 26 25
77 25 21
77 21 19
77 19 18
77 18 17
77 17 16
77 21 20
77 25 24
77 24 23
77 23 22
78 29 24
78 24 4
78 4 3
78 3 1
78 1 0
78 3 2
78 24 23
78 23 22
78 22 21
78 21 20
78 20 19
78 19 10
78 10 8
78 8 7
78 7 5
78 7 6
78 10 9
78 19 18
78 18 17
78 17 16
78 16 14
78 14 13
78 13 12
78 12 11
78 16 15
78 29 28
78 28 27
78 27 26
78 26 25
79 34 31
79 31 30
79 30 14
79 14 12
79 12 11
79 11 10
79 10 4
79 4 1
79 1 0
79 4 3
79 3 2
79 10 9
79 9 8
79 8 7
79 7 5
79 7 6
79 14 13
79 30 29
79 29 28
79 28 17
79 17 16
79 16 15
79 28 27
79 27 26
79 26 25
79 25 23
79 23 18
79 23 22
79 22 20
79 20 19
79 22 21
79 25 24
79 34 33
79 33 32
80 33 32
80 32 31
80 31 0
80 31 30
80 30 29
80 29 13
80 13 5
80 5 4
80 4 3
80 3 1
80 3 2
80 13 12
80 12 7
80 7 6
80 12 11
80 11 10
80 10 8
80 10 9
80 29 28
80 28 14
80 28 27
80 27 26
80 26 19
80 19 15
80 19 18
80 18 16
80 18 17
80 26 25
80 25 22
80 22 21
80 21 20
80 25 24
80 24 23
81 29 0
81 29 28
81 28 27
81 27 2
81 2 1
81 27 26
81 26 25
81 25 21
81 21 15
81 15 3
81 15 14
81 14 4
81 14 13
81 13 9
81 9 8
81 8 7
81 7 6
81 6 5
81 13 12
81 12 10
81 12 11
81 21 20
81 20 19
81 19 18
81 18 17
81 17 16
81 25 24
81 24 23
81 23 22
82 29 3
82 3 1
82 1 0
82 3 2
82 29 28
82 28 24
82 24 23
82 23 22
82 22 21
82 21 4
82 21 20
82 20 5
82 20 19
82 19 13
82 13 8
82 8 6
82 8 7
82 13 12
82 12 9
82 12 11
82 11 10
82 19 18
82 18 16
82 16 15
82 15 14
82 18 17
82 28 27
82 27 26
82 26 25
83 32 21
83 21 20
83 20 19
83 19 16
83 16 4
83 4 0
83 4 3
83 3 2
83 2 1
83 16 15
83 15 13
83 13 12
83 12 10
83 10 5
83 10 9
83 9 8
83 8 7
83 7 6
83 12 11
83 15 14
83 19 18
83 18 17
83 32 31
83 31 25
83 25 24
83 24 23
83 23 22
83 31 30
83 30 26
83 30 29
83 29 27
83 29 28
84 29 10
84 10 9
84 9 0
84 9 8
84 8 6
84 6 5
84 5 3
84 3 1
84 3 2
84 5 4
84 8 7
84 29 28
84 28 27
84 27 18
84 18 13
84 13 12
84 12 11
84 18 17
84 17 14
84 17 16
84 16 15
84 27 26
84 26 23
84 23 22
84 22 19
84 22 21
84 21 20
84 26 25
84 25 24
85 29 28
85 28 26
85 26 23
85 23 22
85 22 21
85 21 20
85 20 19
85 19 0
85 19 18
85 18 11
85 11 2
85 2 1
85 11 10
85 10 8
85 8 6
85 6 5
85 5 4
85 4 3
85 8 7
85 10 9
85 18 17
85 17 16
85 16 14
85 14 13
85 13 12
85 16 15
85 26 25
85 25 24
85 28 27
86 34 20
86 20 19
86 19 0
86 19 18
86 18 15
86 15 14
86 14 13
86 13 11
86 11 10
86 10 9
86 9 7
86 7 4
86 4 3
86 3 2
86 2 1
86 7 6
86 6 5
86 9 8
86 13 12
86 18 17
86 17 16
86 34 33
86 33 32
86 32 29
86 29 28
86 28 24
86 24 22
86 22 21
86 24 23
86 28 27
86 27 26
86 26 25
86 32 31
86 31 30
87 31 0
87 31 30
87 30 28
87 28 27
87 27 8
87 8 7
87 7 5
87 5 4
87 4 3
87 3 2
87 2 1
87 7 6
87 27 26
87 26 9
87 26 25
87 25 24
87 24 16
87 16 15
87 15 14
87 14 13
87 13 10
87 13 12
87 12 11
87 24 23
87 23 17
87 23 22
87 22 20
87 20 18
87 20 19
87 22 21
87 30 29
88 31 0
88 31 30
88 30 28
88 28 2
88 2 1
88 28 27
88 27 26
88 26 25
88 25 4
88 4 3
88 25 24
88 24 23
88 23 21
88 21 7
88 7 6
88 6 5
88 21 20
88 20 8
88 20 19
88 19 10
88 10 9
88 19 18
88 18 17
88 17 16
88 16 14
88 14 11
88 14 13
88 13 12
88 16 15
88 23 22
88 30 29
89 34 5
89 5 3
89 3 1
89 1 0
89 3 2
89 5 4
89 34 33
89 33 23
89 23 6
89 23 22
89 22 9
89 9 8
89 8 7
89 22 21
89 21 10
89 21 20
89 20 19
89 19 11
89 19 18
89 18 17
89 17 16
89 16 12
89 16 15
89 15 13
89 15 14
89 33 32
89 32 25
89 25 24
89 32 31
89 31 30
89 30 29
89 29 28
89 28 27
89 27 26
90 33 0
90 33 32
90 32 31
90 31 1
90 31 30
90 30 25
90 25 24
90 24 2
90 24 23
90 23 4
90 4 3
90 23 22
90 22 20
90 20 19
90 19 17
90 17 16
90 16 15
90 15 12
90 12 11
90 11 10
90 10 9
90 9 5
90 9 8
90 8 7
90 7 6
90 15 14
90 14 13
90 19 18
90 22 21
90 30 29
90 29 27
90 27 26
90 29 28
91 34 24
91 24 19
91 19 5
91 5 1
91 1 0
91 5 4
91 4 3
91 3 2
91 19 18
91 18 6
91 18 17
91 17 7
91 17 16
91 16 15
91 15 14
91 14 9
91 9 8
91 14 13
91 13 10
91 13 12
91 12 11
91 24 23
91 23 21
91 21 20
91 23 22
91 34 33
91 33 26
91 26 25
91 33 32
91 32 31
91 31 29
91 29 27
91 29 28
91 31 30
92 29 2
92 2 0
92 2 1
92 29 28
92 28 3
92 28 27
92 27 26
92 26 24
92 24 23
92 23 22
92 22 20
92 20 18
92 18 17
92 17 15
92 15 8
92 8 6
92 6 5
92 5 4
92 8 7
92 15 14
92 14 12
92 12 9
92 12 11
92 11 10
92 14 13
92 17 16
92 20 19
92 22 21
92 26 25
93 34 33
93 33 32
93 32 25
93 25 24
93 24 22
93 22 3
93 3 1
93 1 0
93 3 2
93 22 21
93 21 20
93 20 19
93 19 4
93 19 18
93 18 16
93 16 15
93 15 7
93 7 6
93 6 5
93 15 14
93 14 10
93 10 8
93 10 9
93 14 13
93 13 12
93 12 11
93 18 17
93 24 23
93 32 31
93 31 30
93 30 29
93 29 26
93 29 28
93 28 27
94 34 1
94 1 0
94 34 33
94 33 32
94 32 31
94 31 28
94 28 27
94 27 23
94 23 3
94 3 2
94 23 22
94 22 15
94 15 4
94 15 14
94 14 5
94 14 13
94 13 10
94 10 9
94 9 8
94 8 7
94 7 6
94 13 12
94 12 11
94 22 21
94 21 19
94 19 16
94 19 18
94 18 17
94 21 20
94 27 26
94 26 24
94 26 25
94 31 30
94 30 29
95 31 16
95 16 12
95 12 4
95 4 3
95 3 2
95 2 0
95 2 1
95 12 11
95 11 10
95 10 9
95 9 7
95 7 6
95 6 5
95 9 8
95 16 15
95 15 14
95 14 13
95 31 30
95 30 29
95 29 26
95 26 25
95 25 23
95 23 19
95 19 18
95 18 17
95 23 22
95 22 21
95 21 20
95 25 24
95 29 28
95 28 27
96 29 26
96 26 8
96 8 5
96 5 0
96 5 4
96 4 2
96 2 1
96 4 3
96 8 7
96 7 6
96 26 25
96 25 24
96 24 23
96 23 15
96 15 14
96 14 9
96 14 13
96 13 12
96 12 11
96 11 10
96 23 22
96 22 21
96 21 20
96 20 19
96 19 17
96 17 16
96 19 18
96 29 28
96 28 27
97 34 32
97 32 31
97 31 29
97 29 28
97 28 27
97 27 20
97 20 19
97 19 0
97 19 18
97 18 17
97 17 4
97 4 2
97 2 1
97 4 3
97 17 16
97 16 15
97 15 5
97 15 14
97 14 13
97 13 11
97 11 10
97 10 9
97 9 6
97 9 8
97 8 7
97 13 12
97 27 26
97 26 24
97 24 23
97 23 22
97 22 21
97 26 25
97 31 30
97 34 33
98 32 30
98 30 26
98 26 20
98 20 15
98 15 14
98 14 0
98 14 13
98 13 10
98 10 9
98 9 8
98 8 7
98 7 6
98 6 2
98 2 1
98 6 5
98 5 3
98 5 4
98 13 12
98 12 11
98 20 19
98 19 18
98 18 17
98 17 16
98 26 25
98 25 21
98 25 24
98 24 23
98 23 22
98 30 29
98 29 27
98 29 28
98 32 31
99 32 21
99 21 19
99 19 0
99 19 18
99 18 1
99 18 17
99 17 2
99 17 16
99 16 11
99 11 9
99 9 7
99 7 5
99 5 4
99 4 3
99 7 6
99 9 8
99 11 10
99 16 15
99 15 14
99 14 13
99 13 12
99 21 20
99 32 31
99 31 24
99 24 23
99 23 22
99 31 30
99 30 27
99 27 26
99 26 25
99 30 29
99 29 28
100 30 29
100 29 27
100 27 26
100 26 24
100 24 0
100 24 23
100 23 18
100 18 16
100 16 15
100 15 12
100 12 1
100 12 11
100 11 2
100 11 10
100 10 7
100 7 4
100 4 3
100 7 6
100 6 5
100 10 9
100 9 8
100 15 14
100 14 13
100 18 17
100 23 22
100 22 21
100 21 20
100 20 19
100 26 25
100 29 28
101 32 30
101 30 0
101 30 29
101 29 28
101 28 26
101 26 25
101 25 1
101 25 24
101 24 17
101 17 16
101 16 15
101 15 11
101 11 9
101 9 8
101 8 7
101 7 6
101 6 5
101 5 4
101 4 2
101 4 3
101 11 10
101 15 14
101 14 12
101 14 13
101 24 23
101 23 22
101 22 20
101 20 18
101 20 19
101 22 21
101 28 27
101 32 31
