1 33 32
1 32 5
1 5 0
1 5 4
1 4 2
1 2 1
1 4 3
1 32 31
1 31 10
1 10 8
1 8 7
1 7 6
1 10 9
1 31 30
1 30 22
1 22 21
1 21 17
1 17 16
1 16 15
1 15 12
1 12 11
1 15 14
1 14 13
1 21 20
1 20 18
1 20 19
1 30 29
1 29 28
1 28 26
1 26 25
1 25 24
1 24 23
1 28 27
2 33 26
2 26 2
2 2 0
2 2 1
2 26 25
2 25 24
2 24 5
2 5 3
2 5 4
2 24 23
2 23 22
2 22 6
2 22 21
2 21 7
2 21 20
2 20 18
2 18 10
2 10 9
2 9 8
2 18 17
2 17 11
2 17 16
2 16 13
2 13 12
2 16 15
2 15 14
2 20 19
2 33 32
2 32 27
2 32 31
2 31 28
2 31 30
2 30 29
3 30 8
3 8 7
3 7 2
3 2 0
3 2 1
3 7 6
3 6 3
3 6 5
3 5 4
3 30 29
3 29 28
3 28 9
3 28 27
3 27 26
3 26 24
3 24 12
3 12 10
3 12 11
3 24 23
3 23 13
3 23 22
3 22 19
3 19 16
3 16 15
3 15 14
3 19 18
3 18 17
3 22 21
3 21 20
3 26 25
4 31 30
4 30 29
4 29 0
4 29 28
4 28 27
4 27 8
4 8 1
4 8 7
4 7 3
4 3 2
4 7 6
4 6 4
4 6 5
4 27 26
4 26 9
4 26 25
4 25 12
4 12 10
4 12 11
4 25 24
4 24 13
4 24 23
4 23 14
4 23 22
4 22 21
4 21 20
4 20 19
4 19 17
4 17 15
4 17 16
4 19 18
5 31 4
5 4 1
5 1 0
5 4 3
5 3 2
5 31 30
5 30 29
5 29 27
5 27 26
5 26 25
5 25 18
5 18 17
5 17 14
5 14 13
5 13 11
5 11 10
5 10 9
5 9 7
5 7 5
5 7 6
5 9 8
5 13 12
5 17 16
5 16 15
5 25 24
5 24 20
5 20 19
5 24 23
5 23 21
5 23 22
5 29 28
6 33 8
6 8 4
6 4 2
6 2 1
6 1 0
6 4 3
6 8 7
6 7 5
6 7 6
6 33 32
6 32 31
6 31 16
6 16 15
6 15 10
6 10 9
6 15 14
6 14 13
6 13 12
6 12 11
6 31 30
6 30 29
6 29 27
6 27 26
6 26 24
6 24 23
6 23 22
6 22 21
6 21 20
6 20 17
6 20 19
6 19 18
6 26 25
6 29 28
7 34 32
7 32 29
7 29 28
7 28 27
7 27 26
7 26 25
7 25 1
7 1 0
7 25 24
7 24 22
7 22 3
7 3 2
7 22 21
7 21 12
7 12 7
7 7 4
7 7 6
7 6 5
7 12 11
7 11 8
7 11 10
7 10 9
7 21 20
7 20 14
7 14 13
7 20 19
7 19 18
7 18 17
7 17 15
7 17 16
7 24 23
7 32 31
7 31 30
7 34 33
8 29 1
8 1 0
8 29 28
8 28 4
8 4 3
8 3 2
8 28 27
8 27 5
8 27 26
8 26 6
8 26 25
8 25 24
8 24 8
8 8 7
8 24 23
8 23 12
8 12 11
8 11 9
8 11 10
8 23 22
8 22 20
8 20 19
8 19 13
8 19 18
8 18 16
8 16 15
8 15 14
8 18 17
8 22 21
9 32 0
9 32 31
9 31 30
9 30 29
9 29 28
9 28 23
9 23 22
9 22 2
9 2 1
9 22 21
9 21 20
9 20 18
9 18 3
9 18 17
9 17 15
9 15 6
9 6 4
9 6 5
9 15 14
9 14 12
9 12 11
9 11 8
9 8 7
9 11 10
9 10 9
9 14 13
9 17 16
9 20 19
9 28 27
9 27 26
9 26 24
9 26 25
10 29 28
10 28 27
10 27 24
10 24 23
10 23 21
10 21 18
10 18 17
10 17 16
10 16 12
10 12 7
10 7 6
10 6 4
10 4 0
10 4 3
10 3 2
10 2 1
10 6 5
10 12 11
10 11 10
10 10 9
10 9 8
10 16 15
10 15 13
10 15 14
10 21 20
10 20 19
10 23 22
10 27 26
10 26 25
11 33 0
11 33 32
11 32 31
11 31 6
11 6 5
11 5 1
11 5 4
11 4 3
11 3 2
11 31 30
11 30 29
11 29 19
11 19 17
11 17 7
11 17 16
11 16 13
11 13 8
11 13 12
11 12 9
11 12 11
11 11 10
11 16 15
11 15 14
11 19 18
11 29 28
11 28 25
11 25 24
11 24 22
11 22 20
11 22 21
11 24 23
11 28 27
11 27 26
12 29 10
12 10 5
12 5 0
12 5 4
12 4 2
12 2 1
12 4 3
12 10 9
12 9 8
12 8 6
12 8 7
12 29 28
12 28 15
12 15 12
12 12 11
12 15 14
12 14 13
12 28 27
12 27 16
12 27 26
12 26 25
12 25 23
12 23 17
12 23 22
12 22 19
12 19 18
12 22 21
12 21 20
12 25 24
13 30 14
13 14 10
13 10 9
13 9 8
13 8 1
13 1 0
13 8 7
13 7 6
13 6 5
13 5 4
13 4 3
13 3 2
13 14 13
13 13 11
13 13 12
13 30 29
13 29 25
13 25 23
13 23 21
13 21 20
13 20 19
13 19 15
13 19 18
13 18 16
13 18 17
13 23 22
13 25 24
13 29 28
13 28 27
13 27 26
14 29 28
14 28 27
14 27 26
14 26 25
14 25 4
14 4 3
14 3 2
14 2 0
14 2 1
14 25 24
14 24 7
14 7 5
14 7 6
14 24 23
14 23 19
14 19 8
14 19 18
14 18 10
14 10 9
14 18 17
14 17 16
14 16 15
14 15 13
14 13 11
14 13 12
14 15 14
14 23 22
14 22 21
14 21 20
15 30 23
15 23 22
15 22 1
15 1 0
15 22 21
15 21 18
15 18 16
15 16 15
15 15 2
15 15 14
15 14 3
15 14 13
15 13 4
15 13 12
15 12 9
15 9 7
15 7 6
15 6 5
15 9 8
15 12 11
15 11 10
15 18 17
15 21 20
15 20 19
15 30 29
15 29 26
15 26 25
15 25 24
15 29 28
15 28 27
16 30 29
16 29 4
16 4 2
16 2 0
16 2 1
16 4 3
16 29 28
16 28 26
16 26 25
16 25 5
16 25 24
16 24 14
16 14 11
16 11 10
16 10 6
16 10 9
16 9 7
16 9 8
16 14 13
16 13 12
16 24 23
16 23 18
16 18 15
16 18 17
16 17 16
16 23 22
16 22 21
16 21 19
16 21 20
16 28 27
17 31 23
17 23 22
17 22 21
17 21 9
17 9 8
17 8 2
17 2 0
17 2 1
17 8 7
17 7 3
17 7 6
17 6 5
17 5 4
17 21 20
17 20 15
17 15 14
17 14 10
17 14 13
17 13 12
17 12 11
17 20 19
17 19 18
17 18 17
17 17 16
17 31 30
17 30 29
17 29 28
17 28 27
17 27 26
17 26 24
17 26 25
18 34 32
18 32 30
18 30 27
18 27 26
18 26 25
18 25 0
18 25 24
18 24 1
18 24 23
18 23 2
18 23 22
18 22 6
18 6 5
18 5 4
18 4 3
18 22 21
18 21 20
18 20 19
18 19 17
18 17 16
18 16 14
18 14 13
18 13 12
18 12 11
18 11 8
18 8 7
18 11 10
18 10 9
18 16 15
18 19 18
18 30 29
18 29 28
18 32 31
18 34 33
19 32 30
19 30 26
19 26 24
19 24 2
19 2 0
19 2 1
19 24 23
19 23 5
19 5 3
19 5 4
19 23 22
19 22 6
19 22 21
19 21 20
19 20 10
19 10 7
19 10 9
19 9 8
19 20 19
19 19 12
19 12 11
19 19 18
19 18 17
19 17 16
19 16 15
19 15 13
19 15 14
19 26 25
19 30 29
19 29 27
19 29 28
19 32 31
20 31 10
20 10 9
20 9 3
20 3 2
20 2 0
20 2 1
20 9 8
20 8 7
20 7 4
20 7 6
20 6 5
20 31 30
20 30 12
20 12 11
20 30 29
20 29 17
20 17 13
20 17 16
20 16 15
20 15 14
20 29 28
20 28 27
20 27 26
20 26 22
20 22 20
20 20 18
20 20 19
20 22 21
20 26 25
20 25 24
20 24 23
21 31 30
21 30 29
21 29 28
21 28 0
21 28 27
21 27 26
21 26 8
21 8 1
21 8 7
21 7 2
21 7 6
21 6 5
21 5 3
21 5 4
21 26 25
21 25 18
21 18 17
21 17 11
21 11 9
21 11 10
21 17 16
21 16 12
21 16 15
21 15 13
21 15 14
21 25 24
21 24 21
21 21 19
21 21 20
21 24 23
21 23 22
22 33 32
22 32 27
22 27 19
22 19 18
22 18 9
22 9 8
22 8 7
22 7 5
22 5 4
22 4 3
22 3 2
22 2 0
22 2 1
22 7 6
22 18 17
22 17 16
22 16 15
22 15 12
22 12 10
22 12 11
22 15 14
22 14 13
22 27 26
22 26 23
22 23 21
22 21 20
22 23 22
22 26 25
22 25 24
22 32 31
22 31 28
22 31 30
22 30 29
23 32 31
23 31 29
23 29 6
23 6 5
23 5 4
23 4 3
23 3 2
23 2 1
23 1 0
23 29 28
23 28 7
23 28 27
23 27 15
23 15 14
23 14 12
23 12 11
23 11 8
23 11 10
23 10 9
23 14 13
23 27 26
23 26 25
23 25 24
23 24 23
23 23 17
23 17 16
23 23 22
23 22 21
23 21 20
23 20 18
23 20 19
23 31 30
24 33 0
24 33 32
24 32 18
24 18 17
24 17 16
24 16 1
24 16 15
24 15 13
24 13 4
24 4 3
24 3 2
24 13 12
24 12 11
24 11 7
24 7 6
24 6 5
24 11 10
24 10 9
24 9 8
24 15 14
24 32 31
24 31 22
24 22 21
24 21 19
24 21 20
24 31 30
24 30 23
24 30 29
24 29 25
24 25 24
24 29 28
24 28 26
24 28 27
25 34 2
25 2 1
25 1 0
25 34 33
25 33 32
25 32 25
25 25 24
25 24 3
25 24 23
25 23 4
25 23 22
25 22 19
25 19 5
25 19 18
25 18 16
25 16 13
25 13 6
25 13 12
25 12 11
25 11 10
25 10 8
25 8 7
25 10 9
25 16 15
25 15 14
25 18 17
25 22 21
25 21 20
25 32 31
25 31 30
25 30 29
25 29 28
25 28 27
25 27 26
26 31 30
26 30 29
26 29 19
26 19 18
26 18 10
26 10 4
26 4 2
26 2 0
26 2 1
26 4 3
26 10 9
26 9 7
26 7 5
26 7 6
26 9 8
26 18 17
26 17 12
26 12 11
26 17 16
26 16 14
26 14 13
26 16 15
26 29 28
26 28 21
26 21 20
26 28 27
26 27 26
26 26 24
26 24 22
26 24 23
26 26 25
27 33 32
27 32 4
27 4 3
27 3 2
27 2 1
27 1 0
27 32 31
27 31 30
27 30 29
27 29 26
27 26 24
27 24 23
27 23 10
27 10 5
27 10 9
27 9 8
27 8 7
27 7 6
27 23 22
27 22 14
27 14 13
27 13 11
27 13 12
27 22 21
27 21 15
27 21 20
27 20 16
27 20 19
27 19 18
27 18 17
27 26 25
27 29 28
27 28 27
28 32 0
28 32 31
28 31 30
28 30 29
28 29 27
28 27 24
28 24 1
28 24 23
28 23 21
28 21 12
28 12 11
28 11 9
28 9 8
28 8 6
28 6 5
28 5 4
28 4 3
28 3 2
28 8 7
28 11 10
28 21 20
28 20 18
28 18 13
28 18 17
28 17 14
28 17 16
28 16 15
28 20 19
28 23 22
28 27 26
28 26 25
28 29 28
29 33 32
29 32 30
29 30 22
29 22 17
29 17 12
29 12 11
29 11 10
29 10 8
29 8 0
29 8 7
29 7 3
29 3 1
29 3 2
29 7 6
29 6 4
29 6 5
29 10 9
29 17 16
29 16 14
29 14 13
29 16 15
29 22 21
29 21 20
29 20 18
29 20 19
29 30 29
29 29 28
29 28 27
29 27 26
29 26 25
29 25 24
29 24 23
29 32 31
30 32 31
30 31 30
30 30 3
30 3 2
30 2 0
30 2 1
30 30 29
30 29 4
30 29 28
30 28 6
30 6 5
30 28 27
30 27 26
30 26 25
30 25 24
30 24 19
30 19 17
30 17 16
30 16 7
30 16 15
30 15 8
30 15 14
30 14 13
30 13 12
30 12 9
30 12 11
30 11 10
30 19 18
30 24 23
30 23 22
30 22 20
30 22 21
31 31 13
31 13 0
31 13 12
31 12 11
31 11 3
31 3 2
31 2 1
31 11 10
31 10 8
31 8 4
31 8 7
31 7 5
31 7 6
31 10 9
31 31 30
31 30 14
31 30 29
31 29 28
31 28 27
31 27 15
31 27 26
31 26 24
31 24 16
31 24 23
31 23 21
31 21 20
31 20 18
31 18 17
31 20 19
31 23 22
31 26 25
32 31 28
32 28 26
32 26 25
32 25 3
32 3 2
32 2 0
32 2 1
32 25 24
32 24 23
32 23 4
32 23 22
32 22 6
32 6 5
32 22 21
32 21 20
32 20 9
32 9 8
32 8 7
32 20 19
32 19 10
32 19 18
32 18 11
32 18 17
32 17 16
32 16 12
32 16 15
32 15 14
32 14 13
32 28 27
32 31 30
32 30 29
33 31 22
33 22 21
33 21 10
33 10 0
33 10 9
33 9 8
33 8 6
33 6 4
33 4 3
33 3 2
33 2 1
33 6 5
33 8 7
33 21 20
33 20 18
33 18 17
33 17 16
33 16 14
33 14 11
33 14 13
33 13 12
33 16 15
33 20 19
33 31 30
33 30 23
33 30 29
33 29 27
33 27 26
33 26 25
33 25 24
33 29 28
34 33 31
34 31 0
34 31 30
34 30 16
34 16 15
34 15 14
34 14 13
34 13 12
34 12 11
34 11 2
34 2 1
34 11 10
34 10 6
34 6 5
34 5 3
34 5 4
34 10 9
34 9 7
34 9 8
34 30 29
34 29 27
34 27 24
34 24 22
34 22 21
34 21 19
34 19 18
34 18 17
34 21 20
34 24 23
34 27 26
34 26 25
34 29 28
34 33 32
35 31 30
35 30 29
35 29 1
35 1 0
35 29 28
35 28 26
35 26 25
35 25 10
35 10 9
35 9 8
35 8 7
35 7 4
35 4 2
35 4 3
35 7 6
35 6 5
35 25 24
35 24 14
35 14 13
35 13 12
35 12 11
35 24 23
35 23 15
35 23 22
35 22 21
35 21 18
35 18 16
35 18 17
35 21 20
35 20 19
35 28 27
36 33 31
36 31 11
36 11 10
36 10 0
36 10 9
36 9 3
36 3 2
36 2 1
36 9 8
36 8 4
36 8 7
36 7 5
36 7 6
36 31 30
36 30 28
36 28 27
36 27 26
36 26 25
36 25 12
36 25 24
36 24 23
36 23 22
36 22 21
36 21 20
36 20 14
36 14 13
36 20 19
36 19 18
36 18 17
36 17 15
36 17 16
36 30 29
36 33 32
37 31 0
37 31 30
37 30 29
37 29 28
37 28 27
37 27 1
37 27 26
37 26 3
37 3 2
37 26 25
37 25 23
37 23 13
37 13 5
37 5 4
37 13 12
37 12 10
37 10 6
37 10 9
37 9 8
37 8 7
37 12 11
37 23 22
37 22 14
37 22 21
37 21 20
37 20 17
37 17 16
37 16 15
37 20 19
37 19 18
37 25 24
38 32 6
38 6 5
38 5 0
38 5 4
38 4 2
38 2 1
38 4 3
38 32 31
38 31 8
38 8 7
38 31 30
38 30 26
38 26 25
38 25 21
38 21 10
38 10 9
38 21 20
38 20 19
38 19 11
38 19 18
38 18 17
38 17 13
38 13 12
38 17 16
38 16 14
38 16 15
38 25 24
38 24 23
38 23 22
38 30 29
38 29 28
38 28 27
39 31 29
39 29 25
39 25 2
39 2 0
39 2 1
39 25 24
39 24 7
39 7 6
39 6 3
39 6 5
39 5 4
39 24 23
39 23 21
39 21 18
39 18 15
39 15 11
39 11 9
39 9 8
39 11 10
39 15 14
39 14 12
39 14 13
39 18 17
39 17 16
39 21 20
39 20 19
39 23 22
39 29 28
39 28 27
39 27 26
39 31 30
40 32 1
40 1 0
40 32 31
40 31 30
40 30 25
40 25 23
40 23 13
40 13 12
40 12 2
40 12 11
40 11 8
40 8 7
40 7 6
40 6 3
40 6 5
40 5 4
40 11 10
40 10 9
40 23 22
40 22 21
40 21 19
40 19 18
40 18 17
40 17 16
40 16 14
40 16 15
40 21 20
40 25 24
40 30 29
40 29 28
40 28 27
40 27 26
41 31 19
41 19 17
41 17 10
41 10 9
41 9 8
41 8 7
41 7 4
41 4 3
41 3 2
41 2 1
41 1 0
41 7 6
41 6 5
41 17 16
41 16 15
41 15 11
41 15 14
41 14 13
41 13 12
41 19 18
41 31 30
41 30 24
41 24 22
41 22 20
41 22 21
41 24 23
41 30 29
41 29 27
41 27 25
41 27 26
41 29 28
42 30 28
42 28 0
42 28 27
42 27 21
42 21 20
42 20 17
42 17 16
42 16 14
42 14 13
42 13 12
42 12 10
42 10 6
42 6 3
42 3 2
42 2 1
42 6 5
42 5 4
42 10 9
42 9 7
42 9 8
42 12 11
42 16 15
42 20 19
42 19 18
42 27 26
42 26 22
42 26 25
42 25 24
42 24 23
42 30 29
43 32 0
43 32 31
43 31 24
43 24 1
43 24 23
43 23 21
43 21 20
43 20 19
43 19 18
43 18 17
43 17 9
43 9 8
43 8 7
43 7 4
43 4 3
43 3 2
43 7 6
43 6 5
43 17 16
43 16 12
43 12 11
43 11 10
43 16 15
43 15 14
43 14 13
43 23 22
43 31 30
43 30 25
43 30 29
43 29 26
43 29 28
43 28 27
44 29 27
44 27 26
44 26 1
44 1 0
44 26 25
44 25 23
44 23 22
44 22 6
44 6 4
44 4 3
44 3 2
44 6 5
44 22 21
44 21 20
44 20 8
44 8 7
44 20 19
44 19 18
44 18 17
44 17 13
44 13 11
44 11 9
44 11 10
44 13 12
44 17 16
44 16 15
44 15 14
44 25 24
44 29 28
45 30 29
45 29 23
45 23 22
45 22 17
45 17 6
45 6 2
45 2 1
45 1 0
45 6 5
45 5 4
45 4 3
45 17 16
45 16 8
45 8 7
45 16 15
45 15 14
45 14 9
45 14 13
45 13 11
45 11 10
45 13 12
45 22 21
45 21 19
45 19 18
45 21 20
45 29 28
45 28 27
45 27 25
45 25 24
45 27 26
46 31 6
46 6 4
46 4 0
46 4 3
46 3 2
46 2 1
46 6 5
46 31 30
46 30 10
46 10 7
46 10 9
46 9 8
46 30 29
46 29 17
46 17 16
46 16 15
46 15 14
46 14 13
46 13 11
46 13 12
46 29 28
46 28 18
46 28 27
46 27 26
46 26 19
46 26 25
46 25 23
46 23 20
46 23 22
46 22 21
46 25 24
47 34 33
47 33 24
47 24 0
47 24 23
47 23 22
47 22 18
47 18 16
47 16 14
47 14 3
47 3 1
47 3 2
47 14 13
47 13 4
47 13 12
47 12 11
47 11 9
47 9 5
47 9 8
47 8 7
47 7 6
47 11 10
47 16 15
47 18 17
47 22 21
47 21 20
47 20 19
47 33 32
47 32 25
47 32 31
47 31 30
47 30 29
47 29 28
47 28 26
47 28 27
48 31 26
48 26 0
48 26 25
48 25 1
48 25 24
48 24 18
48 18 6
48 6 4
48 4 3
48 3 2
48 6 5
48 18 17
48 17 9
48 9 8
48 8 7
48 17 16
48 16 15
48 15 11
48 11 10
48 15 14
48 14 12
48 14 13
48 24 23
48 23 21
48 21 20
48 20 19
48 23 22
48 31 30
48 30 27
48 30 29
48 29 28
49 31 4
49 4 3
49 3 1
49 1 0
49 3 2
49 31 30
49 30 12
49 12 7
49 7 5
49 7 6
49 12 11
49 11 9
49 9 8
49 11 10
49 30 29
49 29 28
49 28 13
49 28 27
49 27 16
49 16 15
49 15 14
49 27 26
49 26 17
49 26 25
49 25 18
49 25 24
49 24 19
49 24 23
49 23 22
49 22 21
49 21 20
50 31 24
50 24 22
50 22 21
50 21 2
50 2 1
50 1 0
50 21 20
50 20 18
50 18 14
50 14 3
50 14 13
50 13 4
50 13 12
50 12 10
50 10 9
50 9 8
50 8 7
50 7 6
50 6 5
50 12 11
50 18 17
50 17 16
50 16 15
50 20 19
50 24 23
50 31 30
50 30 25
50 30 29
50 29 28
50 28 27
50 27 26
51 29 0
51 29 28
51 28 5
51 5 1
51 5 4
51 4 2
51 4 3
51 28 27
51 27 26
51 26 25
51 25 7
51 7 6
51 25 24
51 24 22
51 22 8
51 22 21
51 21 20
51 20 10
51 10 9
51 20 19
51 19 16
51 16 15
51 15 11
51 15 14
51 14 13
51 13 12
51 19 18
51 18 17
51 24 23
52 33 32
52 32 7
52 7 5
52 5 4
52 4 3
52 3 0
52 3 2
52 2 1
52 7 6
52 32 31
52 31 19
52 19 12
52 12 8
52 12 11
52 11 9
52 11 10
52 19 18
52 18 13
52 18 17
52 17 14
52 17 16
52 16 15
52 31 30
52 30 25
52 25 20
52 25 24
52 24 22
52 22 21
52 24 23
52 30 29
52 29 28
52 28 27
52 27 26
53 33 6
53 6 5
53 5 3
53 3 0
53 3 2
53 2 1
53 5 4
53 33 32
53 32 7
53 32 31
53 31 30
53 30 28
53 28 27
53 27 26
53 26 22
53 22 20
53 20 15
53 15 12
53 12 11
53 11 10
53 10 9
53 9 8
53 15 14
53 14 13
53 20 19
53 19 18
53 18 17
53 17 16
53 22 21
53 26 25
53 25 23
53 25 24
53 30 29
54 33 31
54 31 29
54 29 28
54 28 0
54 28 27
54 27 21
54 21 12
54 12 11
54 11 10
54 10 1
54 10 9
54 9 8
54 8 2
54 8 7
54 7 6
54 6 3
54 6 5
54 5 4
54 21 20
54 20 16
54 16 14
54 14 13
54 16 15
54 20 19
54 19 18
54 18 17
54 27 26
54 26 24
54 24 23
54 23 22
54 26 25
54 31 30
54 33 32
55 29 23
55 23 0
55 23 22
55 22 13
55 13 1
55 13 12
55 12 11
55 11 3
55 3 2
55 11 10
55 10 9
55 9 8
55 8 5
55 5 4
55 8 7
55 7 6
55 22 21
55 21 20
55 20 19
55 19 18
55 18 17
55 17 16
55 16 15
55 15 14
55 29 28
55 28 27
55 27 24
55 27 26
55 26 25
56 32 0
56 32 31
56 31 5
56 5 2
56 2 1
56 5 4
56 4 3
56 31 30
56 30 6
56 30 29
56 29 28
56 28 27
56 27 9
56 9 8
56 8 7
56 27 26
56 26 24
56 24 23
56 23 15
56 15 13
56 13 12
56 12 10
56 12 11
56 15 14
56 23 22
56 22 21
56 21 19
56 19 16
56 19 18
56 18 17
56 21 20
56 26 25
57 31 26
57 26 25
57 25 1
57 1 0
57 25 24
57 24 18
57 18 13
57 13 2
57 13 12
57 12 11
57 11 8
57 8 5
57 5 3
57 5 4
57 8 7
57 7 6
57 11 10
57 10 9
57 18 17
57 17 16
57 16 15
57 15 14
57 24 23
57 23 22
57 22 20
57 20 19
57 22 21
57 31 30
57 30 29
57 29 27
57 29 28
58 31 12
58 12 10
58 10 9
58 9 2
58 2 1
58 1 0
58 9 8
58 8 7
58 7 6
58 6 5
58 5 3
58 5 4
58 12 11
58 31 30
58 30 29
58 29 28
58 28 27
58 27 16
58 16 14
58 14 13
58 16 15
58 27 26
58 26 17
58 26 25
58 25 21
58 21 19
58 19 18
58 21 20
58 25 24
58 24 23
58 23 22
59 30 5
59 5 2
59 2 1
59 1 0
59 5 4
59 4 3
59 30 29
59 29 28
59 28 27
59 27 26
59 26 7
59 7 6
59 26 25
59 25 24
59 24 8
59 24 23
59 23 22
59 22 9
59 22 21
59 21 11
59 11 10
59 21 20
59 20 18
59 18 12
59 18 17
59 17 16
59 16 15
59 15 14
59 14 13
59 20 19
60 31 6
60 6 5
60 5 4
60 4 1
60 1 0
60 4 3
60 3 2
60 31 30
60 30 26
60 26 16
60 16 7
60 16 15
60 15 14
60 14 11
60 11 10
60 10 9
60 9 8
60 14 13
60 13 12
60 26 25
60 25 24
60 24 19
60 19 18
60 18 17
60 24 23
60 23 21
60 21 20
60 23 22
60 30 29
60 29 27
60 29 28
61 29 27
61 27 26
61 26 25
61 25 24
61 24 23
61 23 0
61 23 22
61 22 21
61 21 6
61 6 5
61 5 2
61 2 1
61 5 4
61 4 3
61 21 20
61 20 19
61 19 7
61 19 18
61 18 9
61 9 8
61 18 17
61 17 16
61 16 15
61 15 10
61 15 14
61 14 12
61 12 11
61 14 13
61 29 28
62 32 20
62 20 0
62 20 19
62 19 2
62 2 1
62 19 18
62 18 17
62 17 14
62 14 3
62 14 13
62 13 7
62 7 5
62 5 4
62 7 6
62 13 12
62 12 10
62 10 8
62 10 9
62 12 11
62 17 16
62 16 15
62 32 31
62 31 21
62 31 30
62 30 28
62 28 26
62 26 22
62 26 25
62 25 23
62 25 24
62 28 27
62 30 29
63 31 28
63 28 27
63 27 2
63 2 1
63 1 0
63 27 26
63 26 24
63 24 4
63 4 3
63 24 23
63 23 7
63 7 6
63 6 5
63 23 22
63 22 21
63 21 20
63 20 19
63 19 18
63 18 14
63 14 8
63 14 13
63 13 12
63 12 10
63 10 9
63 12 11
63 18 17
63 17 16
63 16 15
63 26 25
63 31 30
63 30 29
64 32 28
64 28 24
64 24 23
64 23 21
64 21 20
64 20 18
64 18 8
64 8 5
64 5 4
64 4 1
64 1 0
64 4 3
64 3 2
64 8 7
64 7 6
64 18 17
64 17 11
64 11 10
64 10 9
64 17 16
64 16 15
64 15 14
64 14 13
64 13 12
64 20 19
64 23 22
64 28 27
64 27 25
64 27 26
64 32 31
64 31 30
64 30 29
65 33 32
65 32 13
65 13 12
65 12 11
65 11 10
65 10 6
65 6 0
65 6 5
65 5 1
65 5 4
65 4 2
65 4 3
65 10 9
65 9 8
65 8 7
65 32 31
65 31 17
65 17 15
65 15 14
65 17 16
65 31 30
65 30 28
65 28 19
65 19 18
65 28 27
65 27 21
65 21 20
65 27 26
65 26 25
65 25 24
65 24 23
65 23 22
65 30 29
66 31 0
66 31 30
66 30 29
66 29 28
66 28 21
66 21 1
66 21 20
66 20 19
66 19 18
66 18 16
66 16 15
66 15 13
66 13 3
66 3 2
66 13 12
66 12 11
66 11 10
66 10 9
66 9 8
66 8 7
66 7 6
66 6 5
66 5 4
66 15 14
66 18 17
66 28 27
66 27 26
66 26 25
66 25 23
66 23 22
66 25 24
67 33 32
67 32 31
67 31 0
67 31 30
67 30 26
67 26 25
67 25 19
67 19 3
67 3 2
67 2 1
67 19 18
67 18 15
67 15 4
67 15 14
67 14 12
67 12 11
67 11 5
67 11 10
67 10 6
67 10 9
67 9 7
67 9 8
67 14 13
67 18 17
67 17 16
67 25 24
67 24 20
67 24 23
67 23 21
67 23 22
67 30 29
67 29 28
67 28 27
68 30 28
68 28 27
68 27 11
68 11 9
68 9 8
68 8 7
68 7 0
68 7 6
68 6 5
68 5 1
68 5 4
68 4 3
68 3 2
68 11 10
68 27 26
68 26 24
68 24 22
68 22 13
68 13 12
68 22 21
68 21 16
68 16 14
68 16 15
68 21 20
68 20 17
68 20 19
68 19 18
68 24 23
68 26 25
68 30 29
69 34 31
69 31 18
69 18 0
69 18 17
69 17 15
69 15 12
69 12 11
69 11 10
69 10 3
69 3 1
69 3 2
69 10 9
69 9 8
69 8 7
69 7 6
69 6 4
69 6 5
69 15 14
69 14 13
69 17 16
69 31 30
69 30 29
69 29 28
69 28 26
69 26 25
69 25 21
69 21 20
69 20 19
69 25 24
69 24 23
69 23 22
69 28 27
69 34 33
69 33 32
70 34 1
70 1 0
70 34 33
70 33 32
70 32 23
70 23 2
70 23 22
70 22 19
70 19 5
70 5 4
70 4 3
70 19 18
70 18 17
70 17 8
70 8 7
70 7 6
70 17 16
70 16 13
70 13 12
70 12 9
70 12 11
70 11 10
70 16 15
70 15 14
70 22 21
70 21 20
70 32 31
70 31 30
70 30 29
70 29 28
70 28 25
70 25 24
70 28 27
70 27 26
71 31 3
71 3 2
71 2 1
71 1 0
71 31 30
71 30 29
71 29 25
71 25 23
71 23 21
71 21 19
71 19 14
71 14 5
71 5 4
71 14 13
71 13 9
71 9 7
71 7 6
71 9 8
71 13 12
71 12 11
71 11 10
71 19 18
71 18 17
71 17 16
71 16 15
71 21 20
71 23 22
71 25 24
71 29 28
71 28 27
71 27 26
72 33 31
72 31 7
72 7 1
72 1 0
72 7 6
72 6 2
72 6 5
72 5 3
72 5 4
72 31 30
72 30 29
72 29 28
72 28 11
72 11 9
72 9 8
72 11 10
72 28 27
72 27 12
72 27 26
72 26 25
72 25 13
72 25 24
72 24 16
72 16 15
72 15 14
72 24 23
72 23 17
72 23 22
72 22 21
72 21 18
72 21 20
72 20 19
72 33 32
73 29 28
73 28 3
73 3 0
73 3 2
73 2 1
73 28 27
73 27 21
73 21 20
73 20 19
73 19 4
73 19 18
73 18 5
73 18 17
73 17 7
73 7 6
73 17 16
73 16 15
73 15 13
73 13 10
73 10 9
73 9 8
73 13 12
73 12 11
73 15 14
73 27 26
73 26 24
73 24 23
73 23 22
73 26 25
74 29 0
74 29 28
74 28 27
74 27 26
74 26 25
74 25 1
74 25 24
74 24 23
74 23 21
74 21 20
74 20 19
74 19 18
74 18 15
74 15 8
74 8 6
74 6 5
74 5 4
74 4 3
74 3 2
74 8 7
74 15 14
74 14 9
74 14 13
74 13 12
74 12 10
74 12 11
74 18 17
74 17 16
74 23 22
75 32 31
75 31 30
75 30 4
75 4 3
75 3 1
75 1 0
75 3 2
75 30 29
75 29 5
75 29 28
75 28 27
75 27 24
75 24 22
75 22 18
75 18 17
75 17 10
75 10 9
75 9 6
75 9 8
75 8 7
75 17 16
75 16 13
75 13 11
75 13 12
75 16 15
75 15 14
75 22 21
75 21 20
75 20 19
75 24 23
75 27 26
75 26 25
76 34 33
76 33 1
76 1 0
76 33 32
76 32 31
76 31 4
76 4 3
76 3 2
76 31 30
76 30 28
76 28 26
76 26 21
76 21 20
76 20 12
76 12 5
76 12 11
76 11 10
76 10 7
76 7 6
76 10 9
76 9 8
76 20 19
76 19 16
76 16 14
76 14 13
76 16 15
76 19 18
76 18 17
76 26 25
76 25 24
76 24 22
76 24 23
76 28 27
76 30 29
77 32 24
77 24 1
77 1 0
77 24 23
77 23 5
77 5 2
77 5 4
77 4 3
77 23 22
77 22 20
77 20 18
77 18 6
77 18 17
77 17 16
77 16 9
77 9 7
77 9 8
77 16 15
77 15 14
77 14 13
77 13 11
77 11 10
77 13 12
77 20 19
77 22 21
77 32 31
77 31 26
77 26 25
77 31 30
77 30 29
77 29 27
77 29 28
78 30 28
78 28 20
78 20 8
78 8 6
78 6 1
78 1 0
78 6 5
78 5 4
78 4 3
78 3 2
78 8 7
78 20 19
78 19 16
78 16 12
78 12 11
78 11 10
78 10 9
78 16 15
78 15 14
78 14 13
78 19 18
78 18 17
78 28 27
78 27 21
78 27 26
78 26 25
78 25 24
78 24 22
78 24 23
78 30 29
79 31 14
79 14 0
79 14 13
79 13 4
79 4 3
79 3 1
79 3 2
79 13 12
79 12 7
79 7 5
79 7 6
79 12 11
79 11 9
79 9 8
79 11 10
79 31 30
79 30 25
79 25 20
79 20 18
79 18 17
79 17 16
79 16 15
79 20 19
79 25 24
79 24 21
79 24 23
79 23 22
79 30 29
79 29 26
79 29 28
79 28 27
80 33 3
80 3 0
80 3 2
80 2 1
80 33 32
80 32 31
80 31 8
80 8 7
80 7 5
80 5 4
80 7 6
80 31 30
80 30 28
80 28 26
80 26 15
80 15 14
80 14 12
80 12 10
80 10 9
80 12 11
80 14 13
80 26 25
80 25 21
80 21 19
80 19 17
80 17 16
80 19 18
80 21 20
80 25 24
80 24 22
80 24 23
80 28 27
80 30 29
81 30 28
81 28 0
81 28 27
81 27 1
81 27 26
81 26 23
81 23 22
81 22 19
81 19 9
81 9 8
81 8 6
81 6 4
81 4 3
81 3 2
81 6 5
81 8 7
81 19 18
81 18 16
81 16 10
81 16 15
81 15 12
81 12 11
81 15 14
81 14 13
81 18 17
81 22 21
81 21 20
81 26 25
81 25 24
81 30 29
82 33 3
82 3 2
82 2 0
82 2 1
82 33 32
82 32 25
82 25 4
82 25 24
82 24 8
82 8 7
82 7 6
82 6 5
82 24 23
82 23 12
82 12 10
82 10 9
82 12 11
82 23 22
82 22 21
82 21 16
82 16 14
82 14 13
82 16 15
82 21 20
82 20 17
82 20 19
82 19 18
82 32 31
82 31 28
82 28 27
82 27 26
82 31 30
82 30 29
83 30 29
83 29 0
83 29 28
83 28 7
83 7 5
83 5 1
83 5 4
83 4 3
83 3 2
83 7 6
83 28 27
83 27 23
83 23 10
83 10 8
83 10 9
83 23 22
83 22 20
83 20 19
83 19 17
83 17 14
83 14 13
83 13 11
83 13 12
83 17 16
83 16 15
83 19 18
83 22 21
83 27 26
83 26 25
83 25 24
84 30 0
84 30 29
84 29 8
84 8 1
84 8 7
84 7 6
84 6 2
84 6 5
84 5 3
84 5 4
84 29 28
84 28 27
84 27 26
84 26 11
84 11 9
84 11 10
84 26 25
84 25 17
84 17 16
84 16 15
84 15 14
84 14 13
84 13 12
84 25 24
84 24 23
84 23 22
84 22 21
84 21 20
84 20 19
84 19 18
85 32 27
85 27 25
85 25 7
85 7 6
85 6 0
85 6 5
85 5 2
85 2 1
85 5 4
85 4 3
85 25 24
85 24 23
85 23 8
85 23 22
85 22 12
85 12 9
85 12 11
85 11 10
85 22 21
85 21 20
85 20 19
85 19 15
85 15 13
85 15 14
85 19 18
85 18 17
85 17 16
85 27 26
85 32 31
85 31 30
85 30 28
85 30 29
86 30 29
86 29 28
86 28 14
86 14 13
86 13 12
86 12 11
86 11 0
86 11 10
86 10 2
86 2 1
86 10 9
86 9 8
86 8 6
86 6 5
86 5 4
86 4 3
86 8 7
86 28 27
86 27 26
86 26 25
86 25 23
86 23 22
86 22 20
86 20 19
86 19 18
86 18 15
86 18 17
86 17 16
86 22 21
86 25 24
87 29 26
87 26 17
87 17 16
87 16 15
87 15 6
87 6 5
87 5 4
87 4 0
87 4 3
87 3 1
87 3 2
87 15 14
87 14 10
87 10 9
87 9 7
87 9 8
87 14 13
87 13 12
87 12 11
87 26 25
87 25 19
87 19 18
87 25 24
87 24 23
87 23 21
87 21 20
87 23 22
87 29 28
87 28 27
88 30 28
88 28 27
88 27 0
88 27 26
88 26 18
88 18 17
88 17 16
88 16 15
88 15 6
88 6 4
88 4 3
88 3 1
88 3 2
88 6 5
88 15 14
88 14 10
88 10 9
88 9 7
88 9 8
88 14 13
88 13 11
88 13 12
88 26 25
88 25 20
88 20 19
88 25 24
88 24 21
88 24 23
88 23 22
88 30 29
89 32 31
89 31 25
89 25 4
89 4 0
89 4 3
89 3 1
89 3 2
89 25 24
89 24 23
89 23 21
89 21 13
89 13 12
89 12 6
89 6 5
89 12 11
89 11 10
89 10 9
89 9 7
89 9 8
89 21 20
89 20 19
89 19 15
89 15 14
89 19 18
89 18 16
89 18 17
89 23 22
89 31 30
89 30 29
89 29 28
89 28 26
89 28 27
90 30 13
90 13 0
90 13 12
90 12 11
90 11 1
90 11 10
90 10 9
90 9 8
90 8 3
90 3 2
90 8 7
90 7 6
90 6 5
90 5 4
90 30 29
90 29 19
90 19 18
90 18 16
90 16 15
90 15 14
90 18 17
90 29 28
90 28 23
90 23 22
90 22 21
90 21 20
90 28 27
90 27 26
90 26 24
90 26 25
91 32 30
91 30 29
91 29 0
91 29 28
91 28 10
91 10 8
91 8 5
91 5 4
91 4 3
91 3 1
91 3 2
91 8 7
91 7 6
91 10 9
91 28 27
91 27 26
91 26 25
91 25 21
91 21 19
91 19 18
91 18 11
91 18 17
91 17 15
91 15 12
91 15 14
91 14 13
91 17 16
91 21 20
91 25 24
91 24 23
91 23 22
91 32 31
92 31 0
92 31 30
92 30 29
92 29 23
92 23 22
92 22 21
92 21 20
92 20 19
92 19 16
92 16 3
92 3 2
92 2 1
92 16 15
92 15 13
92 13 4
92 13 12
92 12 8
92 8 5
92 8 7
92 7 6
92 12 11
92 11 9
92 11 10
92 15 14
92 19 18
92 18 17
92 29 28
92 28 24
92 28 27
92 27 25
92 27 26
93 31 27
93 27 26
93 26 0
93 26 25
93 25 23
93 23 20
93 20 18
93 18 16
93 16 3
93 3 1
93 3 2
93 16 15
93 15 8
93 8 6
93 6 4
93 6 5
93 8 7
93 15 14
93 14 10
93 10 9
93 14 13
93 13 12
93 12 11
93 18 17
93 20 19
93 23 22
93 22 21
93 25 24
93 31 30
93 30 28
93 30 29
94 31 1
94 1 0
94 31 30
94 30 28
94 28 27
94 27 2
94 27 26
94 26 4
94 4 3
94 26 25
94 25 24
94 24 23
94 23 22
94 22 5
94 22 21
94 21 9
94 9 8
94 8 7
94 7 6
94 21 20
94 20 19
94 19 18
94 18 17
94 17 16
94 16 15
94 15 11
94 11 10
94 15 14
94 14 13
94 13 12
94 30 29
95 29 1
95 1 0
95 29 28
95 28 10
95 10 8
95 8 6
95 6 2
95 6 5
95 5 3
95 5 4
95 8 7
95 10 9
95 28 27
95 27 11
95 27 26
95 26 25
95 25 24
95 24 22
95 22 12
95 22 21
95 21 13
95 21 20
95 20 19
95 19 17
95 17 14
95 17 16
95 16 15
95 19 18
95 24 23
96 29 1
96 1 0
96 29 28
96 28 2
96 28 27
96 27 24
96 24 3
96 24 23
96 23 22
96 22 21
96 21 7
96 7 6
96 6 5
96 5 4
96 21 20
96 20 18
96 18 16
96 16 15
96 15 14
96 14 8
96 14 13
96 13 11
96 11 10
96 10 9
96 13 12
96 18 17
96 20 19
96 27 26
96 26 25
97 33 32
97 32 0
97 32 31
97 31 1
97 31 30
97 30 3
97 3 2
97 30 29
97 29 27
97 27 25
97 25 20
97 20 13
97 13 8
97 8 7
97 7 4
97 7 6
97 6 5
97 13 12
97 12 11
97 11 9
97 11 10
97 20 19
97 19 14
97 19 18
97 18 17
97 17 15
97 17 16
97 25 24
97 24 23
97 23 22
97 22 21
97 27 26
97 29 28
98 29 28
98 28 27
98 27 26
98 26 25
98 25 23
98 23 20
98 20 19
98 19 0
98 19 18
98 18 4
98 4 3
98 3 2
98 2 1
98 18 17
98 17 6
98 6 5
98 17 16
98 16 14
98 14 12
98 12 9
98 9 8
98 8 7
98 12 11
98 11 10
98 14 13
98 16 15
98 23 22
98 22 21
98 25 24
99 31 29
99 29 1
99 1 0
99 29 28
99 28 8
99 8 6
99 6 4
99 4 2
99 4 3
99 6 5
99 8 7
99 28 27
99 27 10
99 10 9
99 27 26
99 26 15
99 15 11
99 15 14
99 14 12
99 14 13
99 26 25
99 25 24
99 24 19
99 19 16
99 19 18
99 18 17
99 24 23
99 23 22
99 22 21
99 21 20
99 31 30
100 31 0
100 31 30
100 30 29
100 29 3
100 3 2
100 2 1
100 29 28
100 28 14
100 14 4
100 14 13
100 13 12
100 12 11
100 11 10
100 10 9
100 9 8
100 8 7
100 7 5
100 7 6
100 28 27
100 27 26
100 26 22
100 22 20
100 20 15
100 20 19
100 19 18
100 18 16
100 18 17
100 22 21
100 26 25
100 25 23
100 25 24
101 31 28
101 28 26
101 26 22
101 22 21
101 21 20
101 20 19
101 19 18
101 18 17
101 17 16
101 16 7
101 7 0
101 7 6
101 6 1
101 6 5
101 5 4
101 4 3
101 3 2
101 16 15
101 15 14
101 14 10
101 10 9
101 9 8
101 14 13
101 13 11
101 13 12
101 26 25
101 25 24
101 24 23
101 28 27
101 31 30
101 30 29
