1 15 0
1 15 14
1 14 13
1 13 12
1 12 10
1 10 3
1 3 1
1 3 2
1 10 9
1 9 8
1 8 6
1 6 4
1 6 5
1 8 7
1 12 11
2 19 0
2 19 18
2 18 17
2 17 16
2 16 1
2 16 15
2 15 4
2 4 3
2 3 2
2 15 14
2 14 10
2 10 5
2 10 9
2 9 6
2 9 8
2 8 7
2 14 13
2 13 12
2 12 11
3 19 0
3 19 18
3 18 2
3 2 1
3 18 17
3 17 3
3 17 16
3 16 14
3 14 4
3 14 13
3 13 12
3 12 5
3 12 11
3 11 10
3 10 9
3 9 8
3 8 6
3 8 7
3 16 15
4 16 15
4 15 1
4 1 0
4 15 14
4 14 2
4 14 13
4 13 12
4 12 3
4 12 11
4 11 10
4 10 4
4 10 9
4 9 8
4 8 7
4 7 6
4 6 5
5 17 0
5 17 16
5 16 14
5 14 11
5 11 1
5 11 10
5 10 3
5 3 2
5 10 9
5 9 4
5 9 8
5 8 5
5 8 7
5 7 6
5 14 13
5 13 12
5 16 15
6 15 13
6 13 12
6 12 11
6 11 7
6 7 6
6 6 5
6 5 4
6 4 3
6 3 2
6 2 1
6 1 0
6 11 10
6 10 8
6 10 9
6 15 14
7 18 16
7 16 15
7 15 13
7 13 2
7 2 0
7 2 1
7 13 12
7 12 4
7 4 3
7 12 11
7 11 6
7 6 5
7 11 10
7 10 9
7 9 8
7 8 7
7 15 14
7 18 17
8 15 14
8 14 1
8 1 0
8 14 13
8 13 12
8 12 11
8 11 6
8 6 5
8 5 4
8 4 3
8 3 2
8 11 10
8 10 8
8 8 7
8 10 9
9 15 14
9 14 5
9 5 0
9 5 4
9 4 1
9 4 3
9 3 2
9 14 13
9 13 12
9 12 6
9 12 11
9 11 10
9 10 9
9 9 8
9 8 7
10 15 14
10 14 3
10 3 2
10 2 1
10 1 0
10 14 13
10 13 9
10 9 8
10 8 4
10 8 7
10 7 6
10 6 5
10 13 12
10 12 11
10 11 10
11 17 12
11 12 0
11 12 11
11 11 10
11 10 8
11 8 1
11 8 7
11 7 6
11 6 4
11 4 2
11 4 3
11 6 5
11 10 9
11 17 16
11 16 13
11 16 15
11 15 14
12 15 14
12 14 13
12 13 0
12 13 12
12 12 10
12 10 7
12 7 6
12 6 4
12 4 3
12 3 2
12 2 1
12 6 5
12 10 9
12 9 8
12 12 11
13 16 15
13 15 14
13 14 0
13 14 13
13 13 9
13 9 6
13 6 3
13 3 2
13 2 1
13 6 5
13 5 4
13 9 8
13 8 7
13 13 12
13 12 11
13 11 10
14 14 2
14 2 1
14 1 0
14 14 13
14 13 11
14 11 5
14 5 4
14 4 3
14 11 10
14 10 6
14 10 9
14 9 8
14 8 7
14 13 12
15 19 2
15 2 1
15 1 0
15 19 18
15 18 17
15 17 3
15 17 16
15 16 14
15 14 13
15 13 12
15 12 8
15 8 6
15 6 5
15 5 4
15 8 7
15 12 11
15 11 10
15 10 9
15 16 15
16 14 4
16 4 0
16 4 3
16 3 2
16 2 1
16 14 13
16 13 11
16 11 7
16 7 6
16 6 5
16 11 10
16 10 9
16 9 8
16 13 12
17 16 15
17 15 10
17 10 9
17 9 0
17 9 8
17 8 1
17 8 7
17 7 2
17 7 6
17 6 5
17 5 3
17 5 4
17 15 14
17 14 11
17 14 13
17 13 12
18 15 0
18 15 14
18 14 6
18 6 5
18 5 4
18 4 3
18 3 1
18 3 2
18 14 13
18 13 11
18 11 10
18 10 7
18 10 9
18 9 8
18 13 12
19 17 14
19 14 11
19 11 0
19 11 10
19 10 5
19 5 4
19 4 3
19 3 1
19 3 2
19 10 9
19 9 8
19 8 6
19 8 7
19 14 13
19 13 12
19 17 16
19 16 15
20 18 13
20 13 12
20 12 8
20 8 7
20 7 3
20 3 0
20 3 2
20 2 1
20 7 6
20 6 5
20 5 4
20 12 11
20 11 10
20 10 9
20 18 17
20 17 14
20 17 16
20 16 15
21 17 16
21 16 15
21 15 14
21 14 0
21 14 13
21 13 9
21 9 8
21 8 4
21 4 2
21 2 1
21 4 3
21 8 7
21 7 6
21 6 5
21 13 12
21 12 11
21 11 10
22 18 16
22 16 15
22 15 12
22 12 2
22 2 0
22 2 1
22 12 11
22 11 6
22 6 4
22 4 3
22 6 5
22 11 10
22 10 8
22 8 7
22 10 9
22 15 14
22 14 13
22 18 17
23 15 14
23 14 0
23 14 13
23 13 12
23 12 10
23 10 9
23 9 8
23 8 7
23 7 6
23 6 5
23 5 2
23 2 1
23 5 4
23 4 3
23 12 11
24 16 15
24 15 14
24 14 2
24 2 0
24 2 1
24 14 13
24 13 3
24 13 12
24 12 11
24 11 9
24 9 8
24 8 4
24 8 7
24 7 6
24 6 5
24 11 10
25 14 10
25 10 1
25 1 0
25 10 9
25 9 8
25 8 7
25 7 5
25 5 2
25 5 4
25 4 3
25 7 6
25 14 13
25 13 11
25 13 12
26 18 17
26 17 6
26 6 2
26 2 1
26 1 0
26 6 5
26 5 4
26 4 3
26 17 16
26 16 8
26 8 7
26 16 15
26 15 9
26 15 14
26 14 11
26 11 10
26 14 13
26 13 12
27 17 0
27 17 16
27 16 1
27 16 15
27 15 14
27 14 3
27 3 2
27 14 13
27 13 12
27 12 5
27 5 4
27 12 11
27 11 10
27 10 9
27 9 6
27 9 8
27 8 7
28 16 15
28 15 4
28 4 1
28 1 0
28 4 3
28 3 2
28 15 14
28 14 12
28 12 11
28 11 10
28 10 6
28 6 5
28 10 9
28 9 8
28 8 7
28 14 13
29 18 17
29 17 16
29 16 15
29 15 14
29 14 6
29 6 4
29 4 2
29 2 1
29 1 0
29 4 3
29 6 5
29 14 13
29 13 12
29 12 10
29 10 9
29 9 7
29 9 8
29 12 11
30 15 6
30 6 5
30 5 0
30 5 4
30 4 3
30 3 1
30 3 2
30 15 14
30 14 10
30 10 8
30 8 7
30 10 9
30 14 13
30 13 11
30 13 12
31 19 17
31 17 16
31 16 15
31 15 0
31 15 14
31 14 9
31 9 1
31 9 8
31 8 7
31 7 5
31 5 2
31 5 4
31 4 3
31 7 6
31 14 13
31 13 12
31 12 11
31 11 10
31 19 18
32 17 16
32 16 15
32 15 0
32 15 14
32 14 13
32 13 12
32 12 9
32 9 4
32 4 3
32 3 2
32 2 1
32 9 8
32 8 7
32 7 6
32 6 5
32 12 11
32 11 10
33 17 2
33 2 1
33 1 0
33 17 16
33 16 15
33 15 14
33 14 13
33 13 11
33 11 9
33 9 4
33 4 3
33 9 8
33 8 5
33 8 7
33 7 6
33 11 10
33 13 12
34 14 7
34 7 0
34 7 6
34 6 5
34 5 4
34 4 2
34 2 1
34 4 3
34 14 13
34 13 12
34 12 11
34 11 8
34 11 10
34 10 9
35 16 15
35 15 14
35 14 0
35 14 13
35 13 1
35 13 12
35 12 8
35 8 6
35 6 3
35 3 2
35 6 5
35 5 4
35 8 7
35 12 11
35 11 9
35 11 10
36 19 18
36 18 16
36 16 14
36 14 13
36 13 12
36 12 7
36 7 0
36 7 6
36 6 1
36 6 5
36 5 4
36 4 2
36 4 3
36 12 11
36 11 10
36 10 8
36 10 9
36 16 15
36 18 17
37 16 5
37 5 1
37 1 0
37 5 4
37 4 2
37 4 3
37 16 15
37 15 11
37 11 10
37 10 9
37 9 8
37 8 6
37 8 7
37 15 14
37 14 12
37 14 13
38 19 0
38 19 18
38 18 11
38 11 3
38 3 2
38 2 1
38 11 10
38 10 9
38 9 6
38 6 5
38 5 4
38 9 8
38 8 7
38 18 17
38 17 16
38 16 14
38 14 12
38 14 13
38 16 15
39 16 1
39 1 0
39 16 15
39 15 5
39 5 4
39 4 2
39 4 3
39 15 14
39 14 13
39 13 6
39 13 12
39 12 7
39 12 11
39 11 9
39 9 8
39 11 10
40 14 13
40 13 6
40 6 5
40 5 3
40 3 1
40 1 0
40 3 2
40 5 4
40 13 12
40 12 7
40 12 11
40 11 10
40 10 9
40 9 8
41 17 3
41 3 2
41 2 1
41 1 0
41 17 16
41 16 13
41 13 12
41 12 5
41 5 4
41 12 11
41 11 8
41 8 7
41 7 6
41 11 10
41 10 9
41 16 15
41 15 14
42 14 11
42 11 0
42 11 10
42 10 9
42 9 8
42 8 1
42 8 7
42 7 6
42 6 5
42 5 3
42 3 2
42 5 4
42 14 13
42 13 12
43 18 17
43 17 16
43 16 14
43 14 13
43 13 12
43 12 7
43 7 6
43 6 0
43 6 5
43 5 1
43 5 4
43 4 2
43 4 3
43 12 11
43 11 10
43 10 8
43 10 9
43 16 15
44 17 11
44 11 1
44 1 0
44 11 10
44 10 8
44 8 7
44 7 6
44 6 2
44 6 5
44 5 4
44 4 3
44 10 9
44 17 16
44 16 15
44 15 14
44 14 12
44 14 13
45 15 14
45 14 13
45 13 3
45 3 2
45 2 1
45 1 0
45 13 12
45 12 11
45 11 6
45 6 5
45 5 4
45 11 10
45 10 8
45 8 7
45 10 9
46 18 11
46 11 9
46 9 8
46 8 6
46 6 3
46 3 0
46 3 2
46 2 1
46 6 5
46 5 4
46 8 7
46 11 10
46 18 17
46 17 16
46 16 15
46 15 14
46 14 12
46 14 13
47 17 3
47 3 2
47 2 1
47 1 0
47 17 16
47 16 15
47 15 5
47 5 4
47 15 14
47 14 13
47 13 12
47 12 6
47 12 11
47 11 10
47 10 8
47 8 7
47 10 9
48 17 16
48 16 5
48 5 4
48 4 2
48 2 1
48 1 0
48 4 3
48 16 15
48 15 14
48 14 12
48 12 11
48 11 10
48 10 6
48 10 9
48 9 8
48 8 7
48 14 13
49 16 15
49 15 13
49 13 11
49 11 10
49 10 7
49 7 6
49 6 0
49 6 5
49 5 4
49 4 2
49 2 1
49 4 3
49 10 9
49 9 8
49 13 12
49 15 14
50 15 13
50 13 11
50 11 2
50 2 0
50 2 1
50 11 10
50 10 7
50 7 5
50 5 4
50 4 3
50 7 6
50 10 9
50 9 8
50 13 12
50 15 14
51 17 16
51 16 10
51 10 4
51 4 3
51 3 0
51 3 2
51 2 1
51 10 9
51 9 5
51 9 8
51 8 6
51 8 7
51 16 15
51 15 13
51 13 11
51 13 12
51 15 14
52 16 15
52 15 11
52 11 6
52 6 5
52 5 0
52 5 4
52 4 3
52 3 2
52 2 1
52 11 10
52 10 9
52 9 7
52 9 8
52 15 14
52 14 13
52 13 12
53 14 8
53 8 4
53 4 3
53 3 0
53 3 2
53 2 1
53 8 7
53 7 5
53 7 6
53 14 13
53 13 11
53 11 9
53 11 10
53 13 12
54 14 13
54 13 12
54 12 9
54 9 8
54 8 7
54 7 6
54 6 5
54 5 4
54 4 2
54 2 0
54 2 1
54 4 3
54 12 11
54 11 10
55 19 5
55 5 4
55 4 1
55 1 0
55 4 3
55 3 2
55 19 18
55 18 17
55 17 13
55 13 12
55 12 8
55 8 7
55 7 6
55 12 11
55 11 9
55 11 10
55 17 16
55 16 15
55 15 14
56 17 16
56 16 15
56 15 14
56 14 13
56 13 12
56 12 11
56 11 0
56 11 10
56 10 7
56 7 2
56 2 1
56 7 6
56 6 5
56 5 3
56 5 4
56 10 9
56 9 8
57 19 11
57 11 10
57 10 9
57 9 8
57 8 7
57 7 4
57 4 1
57 1 0
57 4 3
57 3 2
57 7 6
57 6 5
57 19 18
57 18 14
57 14 12
57 14 13
57 18 17
57 17 15
57 17 16
58 16 15
58 15 9
58 9 8
58 8 2
58 2 0
58 2 1
58 8 7
58 7 3
58 7 6
58 6 5
58 5 4
58 15 14
58 14 13
58 13 11
58 11 10
58 13 12
59 15 5
59 5 2
59 2 1
59 1 0
59 5 4
59 4 3
59 15 14
59 14 13
59 13 7
59 7 6
59 13 12
59 12 8
59 12 11
59 11 9
59 11 10
60 16 15
60 15 3
60 3 1
60 1 0
60 3 2
60 15 14
60 14 4
60 14 13
60 13 5
60 13 12
60 12 6
60 12 11
60 11 8
60 8 7
60 11 10
60 10 9
61 14 13
61 13 4
61 4 1
61 1 0
61 4 3
61 3 2
61 13 12
61 12 11
61 11 5
61 11 10
61 10 8
61 8 7
61 7 6
61 10 9
62 15 14
62 14 13
62 13 12
62 12 9
62 9 5
62 5 0
62 5 4
62 4 3
62 3 1
62 3 2
62 9 8
62 8 7
62 7 6
62 12 11
62 11 10
63 16 13
63 13 12
63 12 10
63 10 1
63 1 0
63 10 9
63 9 6
63 6 4
63 4 2
63 4 3
63 6 5
63 9 8
63 8 7
63 12 11
63 16 15
63 15 14
64 17 16
64 16 15
64 15 10
64 10 9
64 9 0
64 9 8
64 8 7
64 7 6
64 6 1
64 6 5
64 5 3
64 3 2
64 5 4
64 15 14
64 14 13
64 13 11
64 13 12
65 15 13
65 13 2
65 2 1
65 1 0
65 13 12
65 12 5
65 5 4
65 4 3
65 12 11
65 11 10
65 10 6
65 10 9
65 9 8
65 8 7
65 15 14
66 19 0
66 19 18
66 18 17
66 17 16
66 16 5
66 5 3
66 3 2
66 2 1
66 5 4
66 16 15
66 15 9
66 9 6
66 9 8
66 8 7
66 15 14
66 14 13
66 13 10
66 13 12
66 12 11
67 19 0
67 19 18
67 18 13
67 13 11
67 11 10
67 10 3
67 3 2
67 2 1
67 10 9
67 9 8
67 8 5
67 5 4
67 8 7
67 7 6
67 13 12
67 18 17
67 17 16
67 16 15
67 15 14
68 18 17
68 17 0
68 17 16
68 16 14
68 14 13
68 13 12
68 12 10
68 10 2
68 2 1
68 10 9
68 9 8
68 8 4
68 4 3
68 8 7
68 7 6
68 6 5
68 12 11
68 16 15
69 19 18
69 18 1
69 1 0
69 18 17
69 17 16
69 16 15
69 15 14
69 14 13
69 13 12
69 12 11
69 11 9
69 9 2
69 9 8
69 8 4
69 4 3
69 8 7
69 7 5
69 7 6
69 11 10
70 19 17
70 17 12
70 12 0
70 12 11
70 11 10
70 10 4
70 4 2
70 2 1
70 4 3
70 10 9
70 9 5
70 9 8
70 8 6
70 8 7
70 17 16
70 16 15
70 15 13
70 15 14
70 19 18
71 17 10
71 10 9
71 9 3
71 3 2
71 2 1
71 1 0
71 9 8
71 8 7
71 7 6
71 6 5
71 5 4
71 17 16
71 16 11
71 16 15
71 15 12
71 15 14
71 14 13
72 17 16
72 16 6
72 6 0
72 6 5
72 5 4
72 4 2
72 2 1
72 4 3
72 16 15
72 15 11
72 11 10
72 10 8
72 8 7
72 10 9
72 15 14
72 14 12
72 14 13
73 17 11
73 11 10
73 10 9
73 9 1
73 1 0
73 9 8
73 8 7
73 7 5
73 5 4
73 4 2
73 4 3
73 7 6
73 17 16
73 16 12
73 16 15
73 15 14
73 14 13
74 18 2
74 2 0
74 2 1
74 18 17
74 17 4
74 4 3
74 17 16
74 16 15
74 15 7
74 7 5
74 7 6
74 15 14
74 14 13
74 13 12
74 12 10
74 10 8
74 10 9
74 12 11
75 17 10
75 10 9
75 9 8
75 8 0
75 8 7
75 7 5
75 5 4
75 4 3
75 3 1
75 3 2
75 7 6
75 17 16
75 16 14
75 14 13
75 13 11
75 13 12
75 16 15
76 16 14
76 14 13
76 13 12
76 12 10
76 10 9
76 9 6
76 6 5
76 5 4
76 4 3
76 3 0
76 3 2
76 2 1
76 9 8
76 8 7
76 12 11
76 16 15
77 18 2
77 2 0
77 2 1
77 18 17
77 17 16
77 16 4
77 4 3
77 16 15
77 15 14
77 14 13
77 13 10
77 10 9
77 9 8
77 8 7
77 7 5
77 7 6
77 13 12
77 12 11
78 15 0
78 15 14
78 14 7
78 7 6
78 6 3
78 3 2
78 2 1
78 6 5
78 5 4
78 14 13
78 13 10
78 10 8
78 10 9
78 13 12
78 12 11
79 14 1
79 1 0
79 14 13
79 13 12
79 12 3
79 3 2
79 12 11
79 11 10
79 10 9
79 9 8
79 8 7
79 7 5
79 5 4
79 7 6
80 14 3
80 3 2
80 2 0
80 2 1
80 14 13
80 13 12
80 12 4
80 12 11
80 11 6
80 6 5
80 11 10
80 10 9
80 9 7
80 9 8
81 18 5
81 5 0
81 5 4
81 4 3
81 3 2
81 2 1
81 18 17
81 17 16
81 16 9
81 9 6
81 9 8
81 8 7
81 16 15
81 15 11
81 11 10
81 15 14
81 14 13
81 13 12
82 14 13
82 13 10
82 10 9
82 9 6
82 6 5
82 5 1
82 1 0
82 5 4
82 4 3
82 3 2
82 9 8
82 8 7
82 13 12
82 12 11
83 17 15
83 15 10
83 10 4
83 4 0
83 4 3
83 3 2
83 2 1
83 10 9
83 9 5
83 9 8
83 8 7
83 7 6
83 15 14
83 14 13
83 13 11
83 13 12
83 17 16
84 18 17
84 17 2
84 2 1
84 1 0
84 17 16
84 16 14
84 14 12
84 12 3
84 12 11
84 11 4
84 11 10
84 10 9
84 9 7
84 7 5
84 7 6
84 9 8
84 14 13
84 16 15
85 14 13
85 13 12
85 12 0
85 12 11
85 11 3
85 3 2
85 2 1
85 11 10
85 10 8
85 8 6
85 6 4
85 6 5
85 8 7
85 10 9
86 16 8
86 8 5
86 5 4
86 4 3
86 3 2
86 2 0
86 2 1
86 8 7
86 7 6
86 16 15
86 15 13
86 13 9
86 13 12
86 12 11
86 11 10
86 15 14
87 18 1
87 1 0
87 18 17
87 17 2
87 17 16
87 16 15
87 15 13
87 13 12
87 12 5
87 5 4
87 4 3
87 12 11
87 11 10
87 10 6
87 10 9
87 9 8
87 8 7
87 15 14
88 16 12
88 12 11
88 11 10
88 10 9
88 9 4
88 4 3
88 3 1
88 1 0
88 3 2
88 9 8
88 8 6
88 6 5
88 8 7
88 16 15
88 15 14
88 14 13
89 17 15
89 15 0
89 15 14
89 14 12
89 12 9
89 9 8
89 8 7
89 7 1
89 7 6
89 6 2
89 6 5
89 5 4
89 4 3
89 12 11
89 11 10
89 14 13
89 17 16
90 14 11
90 11 10
90 10 7
90 7 6
90 6 5
90 5 1
90 1 0
90 5 4
90 4 2
90 4 3
90 10 9
90 9 8
90 14 13
90 13 12
91 17 15
91 15 7
91 7 6
91 6 0
91 6 5
91 5 1
91 5 4
91 4 2
91 4 3
91 15 14
91 14 12
91 12 11
91 11 8
91 11 10
91 10 9
91 14 13
91 17 16
92 15 4
92 4 3
92 3 1
92 1 0
92 3 2
92 15 14
92 14 12
92 12 11
92 11 6
92 6 5
92 11 10
92 10 7
92 10 9
92 9 8
92 14 13
93 18 17
93 17 0
93 17 16
93 16 14
93 14 10
93 10 1
93 10 9
93 9 2
93 9 8
93 8 7
93 7 5
93 5 3
93 5 4
93 7 6
93 14 13
93 13 11
93 13 12
93 16 15
94 19 10
94 10 0
94 10 9
94 9 8
94 8 1
94 8 7
94 7 5
94 5 4
94 4 3
94 3 2
94 7 6
94 19 18
94 18 11
94 18 17
94 17 16
94 16 14
94 14 13
94 13 12
94 16 15
95 19 0
95 19 18
95 18 5
95 5 1
95 5 4
95 4 3
95 3 2
95 18 17
95 17 13
95 13 6
95 13 12
95 12 8
95 8 7
95 12 11
95 11 9
95 11 10
95 17 16
95 16 15
95 15 14
96 16 14
96 14 2
96 2 1
96 1 0
96 14 13
96 13 3
96 13 12
96 12 11
96 11 7
96 7 6
96 6 5
96 5 4
96 11 10
96 10 9
96 9 8
96 16 15
97 14 10
97 10 0
97 10 9
97 9 6
97 6 3
97 3 1
97 3 2
97 6 5
97 5 4
97 9 8
97 8 7
97 14 13
97 13 11
97 13 12
98 18 16
98 16 0
98 16 15
98 15 14
98 14 13
98 13 2
98 2 1
98 13 12
98 12 11
98 11 6
98 6 5
98 5 4
98 4 3
98 11 10
98 10 9
98 9 7
98 9 8
98 18 17
99 17 1
99 1 0
99 17 16
99 16 15
99 15 14
99 14 12
99 12 4
99 4 3
99 3 2
99 12 11
99 11 5
99 11 10
99 10 9
99 9 8
99 8 6
99 8 7
99 14 13
100 18 17
100 17 16
100 16 7
100 7 6
100 6 4
100 4 3
100 3 1
100 1 0
100 3 2
100 6 5
100 16 15
100 15 14
100 14 8
100 14 13
100 13 11
100 11 9
100 11 10
100 13 12
101 16 15
101 15 14
101 14 13
101 13 11
101 11 6
101 6 4
101 4 1
101 1 0
101 4 3
101 3 2
101 6 5
101 11 10
101 10 8
101 8 7
101 10 9
101 13 12
