1 16 15
1 15 12
1 12 11
1 11 10
1 10 5
1 5 4
1 4 0
1 4 3
1 3 1
1 3 2
1 10 9
1 9 8
1 8 7
1 7 6
1 15 14
1 14 13
2 14 12
2 12 0
2 12 11
2 11 1
2 11 10
2 10 9
2 9 8
2 8 4
2 4 3
2 3 2
2 8 7
2 7 6
2 6 5
2 14 13
3 14 13
3 13 4
3 4 2
3 2 0
3 2 1
3 4 3
3 13 12
3 12 5
3 12 11
3 11 9
3 9 8
3 8 7
3 7 6
3 11 10
4 16 11
4 11 10
4 10 9
4 9 8
4 8 5
4 5 0
4 5 4
4 4 3
4 3 1
4 3 2
4 8 7
4 7 6
4 16 15
4 15 12
4 15 14
4 14 13
5 17 15
5 15 14
5 14 10
5 10 9
5 9 8
5 8 0
5 8 7
5 7 4
5 4 3
5 3 2
5 2 1
5 7 6
5 6 5
5 14 13
5 13 12
5 12 11
5 17 16
6 17 16
6 16 15
6 15 14
6 14 10
6 10 7
6 7 4
6 4 3
6 3 2
6 2 1
6 1 0
6 7 6
6 6 5
6 10 9
6 9 8
6 14 13
6 13 12
6 12 11
7 14 13
7 13 12
7 12 1
7 1 0
7 12 11
7 11 9
7 9 4
7 4 3
7 3 2
7 9 8
7 8 5
7 8 7
7 7 6
7 11 10
8 15 0
8 15 14
8 14 1
8 14 13
8 13 2
8 13 12
8 12 11
8 11 4
8 4 3
8 11 10
8 10 9
8 9 7
8 7 5
8 7 6
8 9 8
9 16 15
9 15 0
9 15 14
9 14 1
9 14 13
9 13 12
9 12 11
9 11 8
9 8 2
9 8 7
9 7 6
9 6 4
9 4 3
9 6 5
9 11 10
9 10 9
10 19 18
10 18 0
10 18 17
10 17 16
10 16 14
10 14 7
10 7 1
10 7 6
10 6 5
10 5 2
10 5 4
10 4 3
10 14 13
10 13 12
10 12 10
10 10 8
10 10 9
10 12 11
10 16 15
11 14 5
11 5 3
11 3 0
11 3 2
11 2 1
11 5 4
11 14 13
11 13 11
11 11 9
11 9 7
11 7 6
11 9 8
11 11 10
11 13 12
12 15 14
12 14 13
12 13 8
12 8 7
12 7 6
12 6 5
12 5 1
12 1 0
12 5 4
12 4 2
12 4 3
12 13 12
12 12 11
12 11 10
12 10 9
13 15 2
13 2 1
13 1 0
13 15 14
13 14 13
13 13 12
13 12 5
13 5 4
13 4 3
13 12 11
13 11 10
13 10 9
13 9 6
13 9 8
13 8 7
14 16 0
14 16 15
14 15 8
14 8 1
14 8 7
14 7 5
14 5 4
14 4 2
14 4 3
14 7 6
14 15 14
14 14 12
14 12 9
14 12 11
14 11 10
14 14 13
15 19 5
15 5 0
15 5 4
15 4 3
15 3 2
15 2 1
15 19 18
15 18 15
15 15 13
15 13 12
15 12 11
15 11 10
15 10 9
15 9 7
15 7 6
15 9 8
15 15 14
15 18 17
15 17 16
16 18 9
16 9 1
16 1 0
16 9 8
16 8 7
16 7 6
16 6 5
16 5 4
16 4 2
16 4 3
16 18 17
16 17 16
16 16 15
16 15 14
16 14 13
16 13 10
16 13 12
16 12 11
17 18 3
17 3 1
17 1 0
17 3 2
17 18 17
17 17 16
17 16 11
17 11 9
17 9 4
17 9 8
17 8 6
17 6 5
17 8 7
17 11 10
17 16 15
17 15 14
17 14 13
17 13 12
18 14 2
18 2 0
18 2 1
18 14 13
18 13 11
18 11 3
18 11 10
18 10 4
18 10 9
18 9 8
18 8 6
18 6 5
18 8 7
18 13 12
19 18 11
19 11 10
19 10 9
19 9 6
19 6 4
19 4 3
19 3 2
19 2 0
19 2 1
19 6 5
19 9 8
19 8 7
19 18 17
19 17 15
19 15 13
19 13 12
19 15 14
19 17 16
20 17 15
20 15 12
20 12 7
20 7 0
20 7 6
20 6 2
20 2 1
20 6 5
20 5 3
20 5 4
20 12 11
20 11 9
20 9 8
20 11 10
20 15 14
20 14 13
20 17 16
21 15 5
21 5 3
21 3 2
21 2 0
21 2 1
21 5 4
21 15 14
21 14 6
21 14 13
21 13 12
21 12 10
21 10 9
21 9 8
21 8 7
21 12 11
22 14 0
22 14 13
22 13 12
22 12 6
22 6 1
22 6 5
22 5 4
22 4 3
22 3 2
22 12 11
22 11 10
22 10 8
22 8 7
22 10 9
23 14 13
23 13 12
23 12 7
23 7 0
23 7 6
23 6 5
23 5 4
23 4 2
23 2 1
23 4 3
23 12 11
23 11 8
23 11 10
23 10 9
24 14 13
24 13 10
24 10 9
24 9 8
24 8 7
24 7 1
24 1 0
24 7 6
24 6 3
24 3 2
24 6 5
24 5 4
24 13 12
24 12 11
25 19 18
25 18 15
25 15 11
25 11 7
25 7 3
25 3 2
25 2 1
25 1 0
25 7 6
25 6 5
25 5 4
25 11 10
25 10 9
25 9 8
25 15 14
25 14 13
25 13 12
25 18 17
25 17 16
26 17 5
26 5 4
26 4 2
26 2 0
26 2 1
26 4 3
26 17 16
26 16 13
26 13 6
26 13 12
26 12 11
26 11 9
26 9 7
26 9 8
26 11 10
26 16 15
26 15 14
27 18 4
27 4 0
27 4 3
27 3 1
27 3 2
27 18 17
27 17 11
27 11 9
27 9 7
27 7 5
27 7 6
27 9 8
27 11 10
27 17 16
27 16 14
27 14 12
27 14 13
27 16 15
28 14 8
28 8 7
28 7 0
28 7 6
28 6 2
28 2 1
28 6 5
28 5 4
28 4 3
28 14 13
28 13 10
28 10 9
28 13 12
28 12 11
29 14 10
29 10 8
29 8 2
29 2 0
29 2 1
29 8 7
29 7 3
29 7 6
29 6 5
29 5 4
29 10 9
29 14 13
29 13 11
29 13 12
30 17 16
30 16 0
30 16 15
30 15 14
30 14 13
30 13 12
30 12 11
30 11 2
30 2 1
30 11 10
30 10 8
30 8 3
30 8 7
30 7 4
30 7 6
30 6 5
30 10 9
31 15 14
31 14 10
31 10 9
31 9 8
31 8 0
31 8 7
31 7 6
31 6 1
31 6 5
31 5 2
31 5 4
31 4 3
31 14 13
31 13 12
31 12 11
32 18 17
32 17 16
32 16 15
32 15 14
32 14 13
32 13 7
32 7 1
32 1 0
32 7 6
32 6 5
32 5 4
32 4 3
32 3 2
32 13 12
32 12 10
32 10 8
32 10 9
32 12 11
33 14 12
33 12 0
33 12 11
33 11 1
33 11 10
33 10 9
33 9 6
33 6 5
33 5 3
33 3 2
33 5 4
33 9 8
33 8 7
33 14 13
34 18 15
34 15 0
34 15 14
34 14 13
34 13 10
34 10 9
34 9 8
34 8 7
34 7 1
34 7 6
34 6 3
34 3 2
34 6 5
34 5 4
34 13 12
34 12 11
34 18 17
34 17 16
35 18 10
35 10 9
35 9 1
35 1 0
35 9 8
35 8 2
35 8 7
35 7 3
35 7 6
35 6 5
35 5 4
35 18 17
35 17 11
35 17 16
35 16 14
35 14 13
35 13 12
35 16 15
36 17 14
36 14 10
36 10 0
36 10 9
36 9 8
36 8 6
36 6 5
36 5 4
36 4 3
36 3 1
36 3 2
36 8 7
36 14 13
36 13 11
36 13 12
36 17 16
36 16 15
37 15 4
37 4 3
37 3 2
37 2 1
37 1 0
37 15 14
37 14 12
37 12 11
37 11 10
37 10 9
37 9 7
37 7 5
37 7 6
37 9 8
37 14 13
38 15 1
38 1 0
38 15 14
38 14 11
38 11 2
38 11 10
38 10 7
38 7 4
38 4 3
38 7 6
38 6 5
38 10 9
38 9 8
38 14 13
38 13 12
39 17 16
39 16 5
39 5 4
39 4 3
39 3 2
39 2 1
39 1 0
39 16 15
39 15 13
39 13 12
39 12 11
39 11 10
39 10 9
39 9 6
39 9 8
39 8 7
39 15 14
40 16 15
40 15 13
40 13 12
40 12 11
40 11 9
40 9 7
40 7 1
40 1 0
40 7 6
40 6 4
40 4 2
40 4 3
40 6 5
40 9 8
40 11 10
40 15 14
41 14 13
41 13 11
41 11 10
41 10 9
41 9 8
41 8 7
41 7 6
41 6 0
41 6 5
41 5 3
41 3 1
41 3 2
41 5 4
41 13 12
42 14 13
42 13 6
42 6 0
42 6 5
42 5 3
42 3 1
42 3 2
42 5 4
42 13 12
42 12 11
42 11 9
42 9 7
42 9 8
42 11 10
43 19 2
43 2 1
43 1 0
43 19 18
43 18 17
43 17 3
43 17 16
43 16 12
43 12 7
43 7 4
43 7 6
43 6 5
43 12 11
43 11 9
43 9 8
43 11 10
43 16 15
43 15 14
43 14 13
44 17 16
44 16 15
44 15 11
44 11 10
44 10 3
44 3 2
44 2 1
44 1 0
44 10 9
44 9 7
44 7 5
44 5 4
44 7 6
44 9 8
44 15 14
44 14 13
44 13 12
45 14 13
45 13 11
45 11 10
45 10 3
45 3 2
45 2 1
45 1 0
45 10 9
45 9 8
45 8 5
45 5 4
45 8 7
45 7 6
45 13 12
46 16 5
46 5 4
46 4 3
46 3 1
46 1 0
46 3 2
46 16 15
46 15 13
46 13 6
46 13 12
46 12 11
46 11 10
46 10 9
46 9 7
46 9 8
46 15 14
47 14 7
47 7 0
47 7 6
47 6 1
47 6 5
47 5 3
47 3 2
47 5 4
47 14 13
47 13 12
47 12 11
47 11 10
47 10 9
47 9 8
48 15 14
48 14 13
48 13 0
48 13 12
48 12 1
48 12 11
48 11 8
48 8 7
48 7 5
48 5 4
48 4 3
48 3 2
48 7 6
48 11 10
48 10 9
49 19 18
49 18 14
49 14 0
49 14 13
49 13 12
49 12 8
49 8 1
49 8 7
49 7 4
49 4 2
49 4 3
49 7 6
49 6 5
49 12 11
49 11 9
49 11 10
49 18 17
49 17 16
49 16 15
50 16 15
50 15 0
50 15 14
50 14 3
50 3 2
50 2 1
50 14 13
50 13 12
50 12 5
50 5 4
50 12 11
50 11 10
50 10 9
50 9 8
50 8 6
50 8 7
51 18 1
51 1 0
51 18 17
51 17 3
51 3 2
51 17 16
51 16 15
51 15 14
51 14 6
51 6 4
51 6 5
51 14 13
51 13 11
51 11 10
51 10 9
51 9 8
51 8 7
51 13 12
52 17 2
52 2 1
52 1 0
52 17 16
52 16 3
52 16 15
52 15 14
52 14 13
52 13 12
52 12 11
52 11 10
52 10 8
52 8 7
52 7 6
52 6 5
52 5 4
52 10 9
53 15 4
53 4 3
53 3 1
53 1 0
53 3 2
53 15 14
53 14 13
53 13 8
53 8 6
53 6 5
53 8 7
53 13 12
53 12 9
53 12 11
53 11 10
54 16 13
54 13 6
54 6 5
54 5 3
54 3 1
54 1 0
54 3 2
54 5 4
54 13 12
54 12 9
54 9 8
54 8 7
54 12 11
54 11 10
54 16 15
54 15 14
55 18 6
55 6 4
55 4 0
55 4 3
55 3 2
55 2 1
55 6 5
55 18 17
55 17 15
55 15 11
55 11 9
55 9 7
55 9 8
55 11 10
55 15 14
55 14 13
55 13 12
55 17 16
56 16 1
56 1 0
56 16 15
56 15 12
56 12 4
56 4 3
56 3 2
56 12 11
56 11 10
56 10 9
56 9 8
56 8 7
56 7 5
56 7 6
56 15 14
56 14 13
57 19 17
57 17 15
57 15 0
57 15 14
57 14 13
57 13 1
57 13 12
57 12 3
57 3 2
57 12 11
57 11 8
57 8 7
57 7 6
57 6 5
57 5 4
57 11 10
57 10 9
57 17 16
57 19 18
58 14 2
58 2 1
58 1 0
58 14 13
58 13 5
58 5 4
58 4 3
58 13 12
58 12 11
58 11 9
58 9 8
58 8 6
58 8 7
58 11 10
59 19 16
59 16 14
59 14 6
59 6 5
59 5 4
59 4 0
59 4 3
59 3 2
59 2 1
59 14 13
59 13 12
59 12 8
59 8 7
59 12 11
59 11 9
59 11 10
59 16 15
59 19 18
59 18 17
60 17 16
60 16 10
60 10 0
60 10 9
60 9 2
60 2 1
60 9 8
60 8 7
60 7 5
60 5 3
60 5 4
60 7 6
60 16 15
60 15 14
60 14 13
60 13 12
60 12 11
61 14 10
61 10 3
61 3 1
61 1 0
61 3 2
61 10 9
61 9 7
61 7 4
61 7 6
61 6 5
61 9 8
61 14 13
61 13 12
61 12 11
62 16 13
62 13 0
62 13 12
62 12 2
62 2 1
62 12 11
62 11 10
62 10 9
62 9 3
62 9 8
62 8 4
62 8 7
62 7 6
62 6 5
62 16 15
62 15 14
63 15 14
63 14 8
63 8 7
63 7 6
63 6 4
63 4 0
63 4 3
63 3 2
63 2 1
63 6 5
63 14 13
63 13 12
63 12 10
63 10 9
63 12 11
64 15 10
64 10 9
64 9 8
64 8 1
64 1 0
64 8 7
64 7 5
64 5 4
64 4 2
64 4 3
64 7 6
64 15 14
64 14 12
64 12 11
64 14 13
65 15 14
65 14 0
65 14 13
65 13 5
65 5 3
65 3 2
65 2 1
65 5 4
65 13 12
65 12 7
65 7 6
65 12 11
65 11 9
65 9 8
65 11 10
66 14 12
66 12 0
66 12 11
66 11 1
66 11 10
66 10 6
66 6 2
66 6 5
66 5 4
66 4 3
66 10 9
66 9 8
66 8 7
66 14 13
67 19 18
67 18 17
67 17 12
67 12 11
67 11 10
67 10 9
67 9 8
67 8 0
67 8 7
67 7 6
67 6 5
67 5 4
67 4 2
67 2 1
67 4 3
67 17 16
67 16 13
67 16 15
67 15 14
68 17 0
68 17 16
68 16 15
68 15 14
68 14 13
68 13 12
68 12 11
68 11 10
68 10 7
68 7 4
68 4 3
68 3 1
68 3 2
68 7 6
68 6 5
68 10 9
68 9 8
69 18 16
69 16 5
69 5 4
69 4 3
69 3 2
69 2 1
69 1 0
69 16 15
69 15 13
69 13 6
69 13 12
69 12 7
69 12 11
69 11 10
69 10 9
69 9 8
69 15 14
69 18 17
70 17 3
70 3 2
70 2 0
70 2 1
70 17 16
70 16 4
70 16 15
70 15 14
70 14 5
70 14 13
70 13 10
70 10 8
70 8 7
70 7 6
70 10 9
70 13 12
70 12 11
71 16 15
71 15 13
71 13 12
71 12 1
71 1 0
71 12 11
71 11 9
71 9 8
71 8 6
71 6 4
71 4 2
71 4 3
71 6 5
71 8 7
71 11 10
71 15 14
72 16 15
72 15 14
72 14 13
72 13 11
72 11 10
72 10 5
72 5 0
72 5 4
72 4 3
72 3 2
72 2 1
72 10 9
72 9 7
72 7 6
72 9 8
72 13 12
73 14 3
73 3 2
73 2 1
73 1 0
73 14 13
73 13 9
73 9 8
73 8 7
73 7 4
73 7 6
73 6 5
73 13 12
73 12 11
73 11 10
74 14 6
74 6 5
74 5 1
74 1 0
74 5 4
74 4 2
74 4 3
74 14 13
74 13 7
74 13 12
74 12 11
74 11 8
74 11 10
74 10 9
75 19 18
75 18 17
75 17 16
75 16 15
75 15 0
75 15 14
75 14 1
75 14 13
75 13 11
75 11 2
75 11 10
75 10 9
75 9 8
75 8 7
75 7 6
75 6 4
75 4 3
75 6 5
75 13 12
76 19 0
76 19 18
76 18 16
76 16 15
76 15 1
76 15 14
76 14 9
76 9 7
76 7 6
76 6 5
76 5 4
76 4 2
76 4 3
76 9 8
76 14 13
76 13 12
76 12 10
76 12 11
76 18 17
77 18 5
77 5 2
77 2 1
77 1 0
77 5 4
77 4 3
77 18 17
77 17 9
77 9 7
77 7 6
77 9 8
77 17 16
77 16 15
77 15 14
77 14 13
77 13 12
77 12 11
77 11 10
78 16 15
78 15 1
78 1 0
78 15 14
78 14 2
78 14 13
78 13 4
78 4 3
78 13 12
78 12 11
78 11 9
78 9 7
78 7 6
78 6 5
78 9 8
78 11 10
79 16 15
79 15 11
79 11 10
79 10 9
79 9 2
79 2 1
79 1 0
79 9 8
79 8 7
79 7 6
79 6 4
79 4 3
79 6 5
79 15 14
79 14 12
79 14 13
80 15 14
80 14 0
80 14 13
80 13 12
80 12 2
80 2 1
80 12 11
80 11 10
80 10 9
80 9 3
80 9 8
80 8 6
80 6 4
80 6 5
80 8 7
81 15 1
81 1 0
81 15 14
81 14 13
81 13 2
81 13 12
81 12 3
81 12 11
81 11 4
81 11 10
81 10 6
81 6 5
81 10 9
81 9 8
81 8 7
82 15 0
82 15 14
82 14 13
82 13 12
82 12 10
82 10 6
82 6 4
82 4 3
82 3 1
82 3 2
82 6 5
82 10 9
82 9 8
82 8 7
82 12 11
83 18 17
83 17 11
83 11 10
83 10 5
83 5 4
83 4 2
83 2 0
83 2 1
83 4 3
83 10 9
83 9 8
83 8 6
83 8 7
83 17 16
83 16 13
83 13 12
83 16 15
83 15 14
84 14 12
84 12 9
84 9 6
84 6 0
84 6 5
84 5 1
84 5 4
84 4 2
84 4 3
84 9 8
84 8 7
84 12 11
84 11 10
84 14 13
85 17 11
85 11 9
85 9 7
85 7 6
85 6 5
85 5 4
85 4 0
85 4 3
85 3 2
85 2 1
85 9 8
85 11 10
85 17 16
85 16 14
85 14 13
85 13 12
85 16 15
86 18 17
86 17 15
86 15 14
86 14 7
86 7 0
86 7 6
86 6 5
86 5 3
86 3 2
86 2 1
86 5 4
86 14 13
86 13 8
86 13 12
86 12 10
86 10 9
86 12 11
86 17 16
87 18 1
87 1 0
87 18 17
87 17 16
87 16 14
87 14 5
87 5 3
87 3 2
87 5 4
87 14 13
87 13 8
87 8 6
87 8 7
87 13 12
87 12 11
87 11 10
87 10 9
87 16 15
88 14 13
88 13 4
88 4 2
88 2 0
88 2 1
88 4 3
88 13 12
88 12 11
88 11 7
88 7 6
88 6 5
88 11 10
88 10 8
88 10 9
89 14 0
89 14 13
89 13 9
89 9 4
89 4 3
89 3 1
89 3 2
89 9 8
89 8 7
89 7 5
89 7 6
89 13 12
89 12 10
89 12 11
90 19 17
90 17 16
90 16 13
90 13 12
90 12 8
90 8 6
90 6 5
90 5 4
90 4 1
90 1 0
90 4 3
90 3 2
90 8 7
90 12 11
90 11 9
90 11 10
90 16 15
90 15 14
90 19 18
91 15 0
91 15 14
91 14 13
91 13 1
91 13 12
91 12 2
91 12 11
91 11 10
91 10 8
91 8 7
91 7 6
91 6 4
91 4 3
91 6 5
91 10 9
92 17 1
92 1 0
92 17 16
92 16 15
92 15 4
92 4 3
92 3 2
92 15 14
92 14 10
92 10 5
92 10 9
92 9 8
92 8 6
92 8 7
92 14 13
92 13 11
92 13 12
93 17 13
93 13 3
93 3 0
93 3 2
93 2 1
93 13 12
93 12 4
93 12 11
93 11 5
93 11 10
93 10 8
93 8 6
93 8 7
93 10 9
93 17 16
93 16 15
93 15 14
94 14 13
94 13 12
94 12 0
94 12 11
94 11 1
94 11 10
94 10 8
94 8 7
94 7 5
94 5 4
94 4 2
94 4 3
94 7 6
94 10 9
95 16 15
95 15 14
95 14 9
95 9 7
95 7 3
95 3 1
95 1 0
95 3 2
95 7 6
95 6 4
95 6 5
95 9 8
95 14 13
95 13 10
95 13 12
95 12 11
96 17 16
96 16 15
96 15 14
96 14 11
96 11 0
96 11 10
96 10 9
96 9 8
96 8 1
96 8 7
96 7 6
96 6 5
96 5 3
96 3 2
96 5 4
96 14 13
96 13 12
97 18 16
97 16 15
97 15 8
97 8 7
97 7 1
97 1 0
97 7 6
97 6 2
97 6 5
97 5 3
97 5 4
97 15 14
97 14 13
97 13 12
97 12 9
97 12 11
97 11 10
97 18 17
98 16 0
98 16 15
98 15 11
98 11 10
98 10 2
98 2 1
98 10 9
98 9 8
98 8 7
98 7 6
98 6 4
98 4 3
98 6 5
98 15 14
98 14 13
98 13 12
99 19 0
99 19 18
99 18 16
99 16 1
99 16 15
99 15 14
99 14 6
99 6 2
99 6 5
99 5 4
99 4 3
99 14 13
99 13 8
99 8 7
99 13 12
99 12 10
99 10 9
99 12 11
99 18 17
100 17 9
100 9 3
100 3 1
100 1 0
100 3 2
100 9 8
100 8 7
100 7 4
100 7 6
100 6 5
100 17 16
100 16 15
100 15 10
100 15 14
100 14 11
100 14 13
100 13 12
101 16 15
101 15 1
101 1 0
101 15 14
101 14 10
101 10 9
101 9 5
101 5 4
101 4 2
101 4 3
101 9 8
101 8 6
101 8 7
101 14 13
101 13 11
101 13 12
