1 15 4
1 4 1
1 1 0
1 4 3
1 3 2
1 15 14
1 14 13
1 13 7
1 7 5
1 7 6
1 13 12
1 12 10
1 10 8
1 10 9
1 12 11
2 18 0
2 18 17
2 17 13
2 13 12
2 12 3
2 3 2
2 2 1
2 12 11
2 11 4
2 11 10
2 10 9
2 9 5
2 9 8
2 8 6
2 8 7
2 17 16
2 16 15
2 15 14
3 17 4
3 4 1
3 1 0
3 4 3
3 3 2
3 17 16
3 16 5
3 16 15
3 15 14
3 14 12
3 12 10
3 10 9
3 9 7
3 7 6
3 9 8
3 12 11
3 14 13
4 14 13
4 13 1
4 1 0
4 13 12
4 12 4
4 4 3
4 3 2
4 12 11
4 11 10
4 10 9
4 9 8
4 8 5
4 8 7
4 7 6
5 16 15
5 15 13
5 13 11
5 11 2
5 2 1
5 1 0
5 11 10
5 10 9
5 9 8
5 8 7
5 7 6
5 6 3
5 6 5
5 5 4
5 13 12
5 15 14
6 17 15
6 15 14
6 14 13
6 13 1
6 1 0
6 13 12
6 12 11
6 11 10
6 10 9
6 9 8
6 8 7
6 7 6
6 6 5
6 5 4
6 4 2
6 4 3
6 17 16
7 14 11
7 11 10
7 10 8
7 8 3
7 3 2
7 2 0
7 2 1
7 8 7
7 7 6
7 6 5
7 5 4
7 10 9
7 14 13
7 13 12
8 15 14
8 14 1
8 1 0
8 14 13
8 13 11
8 11 10
8 10 9
8 9 7
8 7 3
8 3 2
8 7 6
8 6 4
8 6 5
8 9 8
8 13 12
9 19 1
9 1 0
9 19 18
9 18 2
9 18 17
9 17 16
9 16 15
9 15 14
9 14 13
9 13 3
9 13 12
9 12 11
9 11 8
9 8 7
9 7 6
9 6 4
9 6 5
9 11 10
9 10 9
10 17 15
10 15 14
10 14 13
10 13 12
10 12 2
10 2 1
10 1 0
10 12 11
10 11 8
10 8 7
10 7 4
10 4 3
10 7 6
10 6 5
10 11 10
10 10 9
10 17 16
11 16 0
11 16 15
11 15 13
11 13 9
11 9 7
11 7 6
11 6 5
11 5 3
11 3 2
11 2 1
11 5 4
11 9 8
11 13 12
11 12 11
11 11 10
11 15 14
12 14 11
12 11 2
12 2 0
12 2 1
12 11 10
12 10 3
12 10 9
12 9 8
12 8 4
12 8 7
12 7 6
12 6 5
12 14 13
12 13 12
13 14 12
13 12 5
13 5 4
13 4 3
13 3 1
13 1 0
13 3 2
13 12 11
13 11 9
13 9 8
13 8 6
13 8 7
13 11 10
13 14 13
14 16 13
14 13 11
14 11 10
14 10 9
14 9 7
14 7 3
14 3 2
14 2 1
14 1 0
14 7 6
14 6 5
14 5 4
14 9 8
14 13 12
14 16 15
14 15 14
15 17 12
15 12 1
15 1 0
15 12 11
15 11 9
15 9 2
15 9 8
15 8 7
15 7 6
15 6 3
15 6 5
15 5 4
15 11 10
15 17 16
15 16 13
15 16 15
15 15 14
16 15 13
16 13 9
16 9 8
16 8 1
16 1 0
16 8 7
16 7 5
16 5 4
16 4 3
16 3 2
16 7 6
16 13 12
16 12 10
16 12 11
16 15 14
17 14 11
17 11 0
17 11 10
17 10 9
17 9 8
17 8 7
17 7 6
17 6 4
17 4 3
17 3 1
17 3 2
17 6 5
17 14 13
17 13 12
18 14 1
18 1 0
18 14 13
18 13 6
18 6 2
18 6 5
18 5 3
18 5 4
18 13 12
18 12 10
18 10 8
18 8 7
18 10 9
18 12 11
19 17 2
19 2 0
19 2 1
19 17 16
19 16 9
19 9 7
19 7 6
19 6 5
19 5 3
19 5 4
19 9 8
19 16 15
19 15 14
19 14 10
19 14 13
19 13 12
19 12 11
20 16 0
20 16 15
20 15 3
20 3 1
20 3 2
20 15 14
20 14 13
20 13 11
20 11 4
20 11 10
20 10 9
20 9 8
20 8 6
20 6 5
20 8 7
20 13 12
21 17 0
21 17 16
21 16 15
21 15 5
21 5 2
21 2 1
21 5 4
21 4 3
21 15 14
21 14 12
21 12 11
21 11 10
21 10 8
21 8 6
21 8 7
21 10 9
21 14 13
22 17 3
22 3 2
22 2 1
22 1 0
22 17 16
22 16 11
22 11 10
22 10 8
22 8 7
22 7 4
22 7 6
22 6 5
22 10 9
22 16 15
22 15 14
22 14 13
22 13 12
23 18 1
23 1 0
23 18 17
23 17 2
23 17 16
23 16 12
23 12 3
23 12 11
23 11 4
23 11 10
23 10 9
23 9 5
23 9 8
23 8 7
23 7 6
23 16 15
23 15 13
23 15 14
24 15 12
24 12 11
24 11 10
24 10 1
24 1 0
24 10 9
24 9 8
24 8 6
24 6 5
24 5 4
24 4 3
24 3 2
24 8 7
24 15 14
24 14 13
25 15 14
25 14 11
25 11 0
25 11 10
25 10 1
25 10 9
25 9 8
25 8 7
25 7 6
25 6 5
25 5 2
25 5 4
25 4 3
25 14 13
25 13 12
26 19 18
26 18 17
26 17 16
26 16 15
26 15 13
26 13 3
26 3 0
26 3 2
26 2 1
26 13 12
26 12 4
26 12 11
26 11 10
26 10 9
26 9 8
26 8 7
26 7 6
26 6 5
26 15 14
27 14 7
27 7 5
27 5 4
27 4 2
27 2 0
27 2 1
27 4 3
27 7 6
27 14 13
27 13 9
27 9 8
27 13 12
27 12 10
27 12 11
28 17 15
28 15 14
28 14 13
28 13 0
28 13 12
28 12 11
28 11 9
28 9 8
28 8 1
28 8 7
28 7 4
28 4 3
28 3 2
28 7 6
28 6 5
28 11 10
28 17 16
29 15 14
29 14 3
29 3 0
29 3 2
29 2 1
29 14 13
29 13 12
29 12 11
29 11 10
29 10 6
29 6 5
29 5 4
29 10 9
29 9 7
29 9 8
30 15 0
30 15 14
30 14 13
30 13 12
30 12 11
30 11 9
30 9 5
30 5 4
30 4 3
30 3 2
30 2 1
30 9 8
30 8 7
30 7 6
30 11 10
31 14 13
31 13 12
31 12 10
31 10 0
31 10 9
31 9 5
31 5 3
31 3 1
31 3 2
31 5 4
31 9 8
31 8 7
31 7 6
31 12 11
32 14 9
32 9 2
32 2 0
32 2 1
32 9 8
32 8 7
32 7 3
32 7 6
32 6 5
32 5 4
32 14 13
32 13 11
32 11 10
32 13 12
33 15 14
33 14 12
33 12 11
33 11 0
33 11 10
33 10 1
33 10 9
33 9 3
33 3 2
33 9 8
33 8 4
33 8 7
33 7 6
33 6 5
33 14 13
34 19 18
34 18 16
34 16 13
34 13 2
34 2 0
34 2 1
34 13 12
34 12 3
34 12 11
34 11 10
34 10 8
34 8 5
34 5 4
34 8 7
34 7 6
34 10 9
34 16 15
34 15 14
34 18 17
35 16 2
35 2 1
35 1 0
35 16 15
35 15 7
35 7 6
35 6 4
35 4 3
35 6 5
35 15 14
35 14 10
35 10 8
35 10 9
35 14 13
35 13 11
35 13 12
36 14 12
36 12 11
36 11 0
36 11 10
36 10 9
36 9 2
36 2 1
36 9 8
36 8 7
36 7 6
36 6 3
36 6 5
36 5 4
36 14 13
37 17 0
37 17 16
37 16 14
37 14 3
37 3 1
37 3 2
37 14 13
37 13 12
37 12 9
37 9 4
37 9 8
37 8 7
37 7 5
37 7 6
37 12 11
37 11 10
37 16 15
38 19 18
38 18 15
38 15 14
38 14 1
38 1 0
38 14 13
38 13 4
38 4 3
38 3 2
38 13 12
38 12 11
38 11 9
38 9 7
38 7 5
38 7 6
38 9 8
38 11 10
38 18 17
38 17 16
39 16 0
39 16 15
39 15 13
39 13 12
39 12 6
39 6 1
39 6 5
39 5 4
39 4 2
39 4 3
39 12 11
39 11 10
39 10 9
39 9 8
39 8 7
39 15 14
40 18 17
40 17 15
40 15 10
40 10 8
40 8 0
40 8 7
40 7 5
40 5 3
40 3 1
40 3 2
40 5 4
40 7 6
40 10 9
40 15 14
40 14 12
40 12 11
40 14 13
40 17 16
41 15 14
41 14 13
41 13 12
41 12 11
41 11 7
41 7 2
41 2 0
41 2 1
41 7 6
41 6 5
41 5 4
41 4 3
41 11 10
41 10 9
41 9 8
42 15 1
42 1 0
42 15 14
42 14 9
42 9 8
42 8 6
42 6 5
42 5 4
42 4 3
42 3 2
42 8 7
42 14 13
42 13 10
42 13 12
42 12 11
43 14 13
43 13 12
43 12 0
43 12 11
43 11 2
43 2 1
43 11 10
43 10 8
43 8 7
43 7 5
43 5 4
43 4 3
43 7 6
43 10 9
44 18 17
44 17 16
44 16 6
44 6 0
44 6 5
44 5 4
44 4 2
44 2 1
44 4 3
44 16 15
44 15 14
44 14 13
44 13 10
44 10 9
44 9 8
44 8 7
44 13 12
44 12 11
45 18 17
45 17 16
45 16 2
45 2 1
45 1 0
45 16 15
45 15 14
45 14 7
45 7 6
45 6 5
45 5 3
45 5 4
45 14 13
45 13 10
45 10 8
45 10 9
45 13 12
45 12 11
46 17 16
46 16 14
46 14 1
46 1 0
46 14 13
46 13 2
46 13 12
46 12 11
46 11 9
46 9 8
46 8 7
46 7 3
46 7 6
46 6 4
46 6 5
46 11 10
46 16 15
47 15 13
47 13 9
47 9 8
47 8 7
47 7 6
47 6 2
47 2 0
47 2 1
47 6 5
47 5 4
47 4 3
47 13 12
47 12 11
47 11 10
47 15 14
48 17 1
48 1 0
48 17 16
48 16 15
48 15 10
48 10 9
48 9 2
48 9 8
48 8 7
48 7 3
48 7 6
48 6 5
48 5 4
48 15 14
48 14 12
48 12 11
48 14 13
49 17 4
49 4 0
49 4 3
49 3 1
49 3 2
49 17 16
49 16 13
49 13 11
49 11 5
49 11 10
49 10 6
49 10 9
49 9 7
49 9 8
49 13 12
49 16 15
49 15 14
50 18 15
50 15 9
50 9 0
50 9 8
50 8 7
50 7 6
50 6 5
50 5 4
50 4 1
50 4 3
50 3 2
50 15 14
50 14 13
50 13 10
50 13 12
50 12 11
50 18 17
50 17 16
51 17 11
51 11 0
51 11 10
51 10 7
51 7 1
51 7 6
51 6 4
51 4 3
51 3 2
51 6 5
51 10 9
51 9 8
51 17 16
51 16 15
51 15 14
51 14 12
51 14 13
52 14 13
52 13 12
52 12 8
52 8 7
52 7 6
52 6 1
52 1 0
52 6 5
52 5 4
52 4 2
52 4 3
52 12 11
52 11 10
52 10 9
53 17 2
53 2 0
53 2 1
53 17 16
53 16 15
53 15 7
53 7 3
53 7 6
53 6 5
53 5 4
53 15 14
53 14 12
53 12 11
53 11 10
53 10 9
53 9 8
53 14 13
54 14 0
54 14 13
54 13 11
54 11 3
54 3 1
54 3 2
54 11 10
54 10 7
54 7 6
54 6 4
54 6 5
54 10 9
54 9 8
54 13 12
55 15 1
55 1 0
55 15 14
55 14 13
55 13 12
55 12 11
55 11 3
55 3 2
55 11 10
55 10 8
55 8 7
55 7 4
55 7 6
55 6 5
55 10 9
56 16 15
56 15 5
56 5 1
56 1 0
56 5 4
56 4 2
56 4 3
56 15 14
56 14 6
56 14 13
56 13 12
56 12 11
56 11 10
56 10 8
56 8 7
56 10 9
57 17 16
57 16 14
57 14 2
57 2 1
57 1 0
57 14 13
57 13 12
57 12 11
57 11 10
57 10 9
57 9 8
57 8 3
57 8 7
57 7 6
57 6 5
57 5 4
57 16 15
58 18 17
58 17 0
58 17 16
58 16 15
58 15 12
58 12 1
58 12 11
58 11 10
58 10 9
58 9 8
58 8 2
58 8 7
58 7 3
58 7 6
58 6 5
58 5 4
58 15 14
58 14 13
59 15 14
59 14 13
59 13 11
59 11 10
59 10 3
59 3 1
59 1 0
59 3 2
59 10 9
59 9 8
59 8 4
59 8 7
59 7 5
59 7 6
59 13 12
60 16 15
60 15 11
60 11 0
60 11 10
60 10 8
60 8 7
60 7 6
60 6 5
60 5 4
60 4 3
60 3 1
60 3 2
60 10 9
60 15 14
60 14 13
60 13 12
61 17 0
61 17 16
61 16 1
61 16 15
61 15 14
61 14 10
61 10 2
61 10 9
61 9 3
61 9 8
61 8 5
61 5 4
61 8 7
61 7 6
61 14 13
61 13 12
61 12 11
62 17 15
62 15 14
62 14 3
62 3 2
62 2 1
62 1 0
62 14 13
62 13 12
62 12 4
62 12 11
62 11 10
62 10 9
62 9 7
62 7 5
62 7 6
62 9 8
62 17 16
63 16 15
63 15 14
63 14 12
63 12 7
63 7 5
63 5 4
63 4 3
63 3 1
63 1 0
63 3 2
63 7 6
63 12 11
63 11 10
63 10 9
63 9 8
63 14 13
64 19 18
64 18 0
64 18 17
64 17 3
64 3 1
64 3 2
64 17 16
64 16 15
64 15 12
64 12 8
64 8 7
64 7 5
64 5 4
64 7 6
64 12 11
64 11 10
64 10 9
64 15 14
64 14 13
65 17 1
65 1 0
65 17 16
65 16 4
65 4 3
65 3 2
65 16 15
65 15 14
65 14 5
65 14 13
65 13 11
65 11 10
65 10 7
65 7 6
65 10 9
65 9 8
65 13 12
66 17 15
66 15 14
66 14 0
66 14 13
66 13 11
66 11 1
66 11 10
66 10 9
66 9 7
66 7 6
66 6 5
66 5 2
66 5 4
66 4 3
66 9 8
66 13 12
66 17 16
67 19 9
67 9 8
67 8 1
67 1 0
67 8 7
67 7 4
67 4 3
67 3 2
67 7 6
67 6 5
67 19 18
67 18 17
67 17 12
67 12 10
67 12 11
67 17 16
67 16 15
67 15 14
67 14 13
68 16 0
68 16 15
68 15 3
68 3 1
68 3 2
68 15 14
68 14 13
68 13 4
68 13 12
68 12 11
68 11 10
68 10 9
68 9 7
68 7 5
68 7 6
68 9 8
69 19 18
69 18 17
69 17 14
69 14 10
69 10 0
69 10 9
69 9 2
69 2 1
69 9 8
69 8 3
69 8 7
69 7 6
69 6 5
69 5 4
69 14 13
69 13 11
69 13 12
69 17 16
69 16 15
70 15 3
70 3 1
70 1 0
70 3 2
70 15 14
70 14 13
70 13 5
70 5 4
70 13 12
70 12 10
70 10 6
70 10 9
70 9 8
70 8 7
70 12 11
71 15 10
71 10 7
71 7 6
71 6 5
71 5 0
71 5 4
71 4 2
71 2 1
71 4 3
71 10 9
71 9 8
71 15 14
71 14 13
71 13 12
71 12 11
72 19 18
72 18 17
72 17 6
72 6 5
72 5 2
72 2 1
72 1 0
72 5 4
72 4 3
72 17 16
72 16 7
72 16 15
72 15 8
72 15 14
72 14 13
72 13 12
72 12 11
72 11 9
72 11 10
73 18 17
73 17 0
73 17 16
73 16 6
73 6 4
73 4 1
73 4 3
73 3 2
73 6 5
73 16 15
73 15 13
73 13 12
73 12 8
73 8 7
73 12 11
73 11 9
73 11 10
73 15 14
74 16 15
74 15 2
74 2 0
74 2 1
74 15 14
74 14 3
74 14 13
74 13 12
74 12 11
74 11 6
74 6 4
74 6 5
74 11 10
74 10 8
74 8 7
74 10 9
75 16 15
75 15 14
75 14 0
75 14 13
75 13 12
75 12 11
75 11 1
75 11 10
75 10 9
75 9 4
75 4 3
75 3 2
75 9 8
75 8 5
75 8 7
75 7 6
76 18 17
76 17 11
76 11 10
76 10 1
76 1 0
76 10 9
76 9 8
76 8 7
76 7 2
76 7 6
76 6 3
76 6 5
76 5 4
76 17 16
76 16 15
76 15 12
76 15 14
76 14 13
77 15 14
77 14 9
77 9 1
77 1 0
77 9 8
77 8 7
77 7 6
77 6 4
77 4 2
77 4 3
77 6 5
77 14 13
77 13 11
77 11 10
77 13 12
78 16 1
78 1 0
78 16 15
78 15 13
78 13 9
78 9 2
78 9 8
78 8 5
78 5 3
78 5 4
78 8 7
78 7 6
78 13 12
78 12 11
78 11 10
78 15 14
79 16 1
79 1 0
79 16 15
79 15 10
79 10 9
79 9 8
79 8 6
79 6 5
79 5 2
79 5 4
79 4 3
79 8 7
79 15 14
79 14 11
79 14 13
79 13 12
80 16 10
80 10 5
80 5 1
80 1 0
80 5 4
80 4 3
80 3 2
80 10 9
80 9 7
80 7 6
80 9 8
80 16 15
80 15 14
80 14 13
80 13 12
80 12 11
81 17 16
81 16 12
81 12 11
81 11 10
81 10 6
81 6 5
81 5 4
81 4 3
81 3 2
81 2 1
81 1 0
81 10 9
81 9 8
81 8 7
81 16 15
81 15 14
81 14 13
82 18 17
82 17 15
82 15 13
82 13 1
82 1 0
82 13 12
82 12 11
82 11 10
82 10 8
82 8 5
82 5 2
82 5 4
82 4 3
82 8 7
82 7 6
82 10 9
82 15 14
82 17 16
83 19 15
83 15 14
83 14 13
83 13 12
83 12 0
83 12 11
83 11 10
83 10 9
83 9 8
83 8 1
83 8 7
83 7 2
83 7 6
83 6 3
83 6 5
83 5 4
83 19 18
83 18 16
83 18 17
84 19 17
84 17 16
84 16 15
84 15 14
84 14 13
84 13 0
84 13 12
84 12 10
84 10 1
84 10 9
84 9 8
84 8 2
84 8 7
84 7 6
84 6 4
84 4 3
84 6 5
84 12 11
84 19 18
85 17 16
85 16 1
85 1 0
85 16 15
85 15 13
85 13 2
85 13 12
85 12 8
85 8 7
85 7 3
85 7 6
85 6 4
85 6 5
85 12 11
85 11 10
85 10 9
85 15 14
86 16 15
86 15 0
86 15 14
86 14 12
86 12 11
86 11 7
86 7 5
86 5 3
86 3 1
86 3 2
86 5 4
86 7 6
86 11 10
86 10 8
86 10 9
86 14 13
87 16 15
87 15 14
87 14 8
87 8 7
87 7 6
87 6 1
87 1 0
87 6 5
87 5 3
87 3 2
87 5 4
87 14 13
87 13 12
87 12 11
87 11 10
87 10 9
88 18 17
88 17 16
88 16 6
88 6 5
88 5 0
88 5 4
88 4 3
88 3 2
88 2 1
88 16 15
88 15 14
88 14 7
88 14 13
88 13 12
88 12 11
88 11 10
88 10 8
88 10 9
89 17 16
89 16 13
89 13 12
89 12 3
89 3 0
89 3 2
89 2 1
89 12 11
89 11 4
89 11 10
89 10 5
89 10 9
89 9 8
89 8 7
89 7 6
89 16 15
89 15 14
90 17 15
90 15 9
90 9 8
90 8 0
90 8 7
90 7 5
90 5 4
90 4 2
90 2 1
90 4 3
90 7 6
90 15 14
90 14 13
90 13 12
90 12 11
90 11 10
90 17 16
91 15 1
91 1 0
91 15 14
91 14 2
91 14 13
91 13 11
91 11 9
91 9 8
91 8 3
91 8 7
91 7 4
91 7 6
91 6 5
91 11 10
91 13 12
92 15 14
92 14 12
92 12 6
92 6 0
92 6 5
92 5 1
92 5 4
92 4 2
92 4 3
92 12 11
92 11 10
92 10 8
92 8 7
92 10 9
92 14 13
93 16 15
93 15 13
93 13 11
93 11 4
93 4 2
93 2 0
93 2 1
93 4 3
93 11 10
93 10 9
93 9 6
93 6 5
93 9 8
93 8 7
93 13 12
93 15 14
94 15 14
94 14 4
94 4 2
94 2 1
94 1 0
94 4 3
94 14 13
94 13 12
94 12 9
94 9 8
94 8 5
94 8 7
94 7 6
94 12 11
94 11 10
95 18 17
95 17 16
95 16 15
95 15 4
95 4 0
95 4 3
95 3 1
95 3 2
95 15 14
95 14 13
95 13 6
95 6 5
95 13 12
95 12 11
95 11 10
95 10 9
95 9 7
95 9 8
96 18 5
96 5 2
96 2 1
96 1 0
96 5 4
96 4 3
96 18 17
96 17 9
96 9 7
96 7 6
96 9 8
96 17 16
96 16 11
96 11 10
96 16 15
96 15 14
96 14 12
96 14 13
97 18 6
97 6 3
97 3 2
97 2 0
97 2 1
97 6 5
97 5 4
97 18 17
97 17 15
97 15 7
97 15 14
97 14 13
97 13 8
97 13 12
97 12 11
97 11 9
97 11 10
97 17 16
98 15 1
98 1 0
98 15 14
98 14 6
98 6 4
98 4 2
98 4 3
98 6 5
98 14 13
98 13 8
98 8 7
98 13 12
98 12 10
98 10 9
98 12 11
99 17 12
99 12 4
99 4 1
99 1 0
99 4 3
99 3 2
99 12 11
99 11 10
99 10 6
99 6 5
99 10 9
99 9 7
99 9 8
99 17 16
99 16 15
99 15 13
99 15 14
100 14 12
100 12 11
100 11 10
100 10 5
100 5 4
100 4 2
100 2 0
100 2 1
100 4 3
100 10 9
100 9 7
100 7 6
100 9 8
100 14 13
101 14 2
101 2 1
101 1 0
101 14 13
101 13 8
101 8 5
101 5 4
101 4 3
101 8 7
101 7 6
101 13 12
101 12 9
101 12 11
101 11 10
