1 18 1
1 1 0
1 18 17
1 17 2
1 17 16
1 16 15
1 15 14
1 14 13
1 13 3
1 13 12
1 12 9
1 9 8
1 8 4
1 8 7
1 7 5
1 7 6
1 12 11
1 11 10
2 14 13
2 13 2
2 2 0
2 2 1
2 13 12
2 12 11
2 11 10
2 10 3
2 10 9
2 9 8
2 8 7
2 7 5
2 5 4
2 7 6
3 17 9
3 9 8
3 8 4
3 4 2
3 2 0
3 2 1
3 4 3
3 8 7
3 7 6
3 6 5
3 17 16
3 16 15
3 15 12
3 12 11
3 11 10
3 15 14
3 14 13
4 17 14
4 14 13
4 13 0
4 13 12
4 12 11
4 11 8
4 8 7
4 7 6
4 6 4
4 4 1
4 4 3
4 3 2
4 6 5
4 11 10
4 10 9
4 17 16
4 16 15
5 17 16
5 16 4
5 4 2
5 2 1
5 1 0
5 4 3
5 16 15
5 15 12
5 12 10
5 10 8
5 8 5
5 8 7
5 7 6
5 10 9
5 12 11
5 15 14
5 14 13
6 14 13
6 13 12
6 12 11
6 11 10
6 10 0
6 10 9
6 9 1
6 9 8
6 8 7
6 7 2
6 7 6
6 6 3
6 6 5
6 5 4
7 16 14
7 14 2
7 2 0
7 2 1
7 14 13
7 13 12
7 12 8
7 8 6
7 6 3
7 6 5
7 5 4
7 8 7
7 12 11
7 11 9
7 11 10
7 16 15
8 15 10
8 10 8
8 8 1
8 1 0
8 8 7
8 7 4
8 4 2
8 4 3
8 7 6
8 6 5
8 10 9
8 15 14
8 14 13
8 13 11
8 13 12
9 14 13
9 13 12
9 12 2
9 2 1
9 1 0
9 12 11
9 11 10
9 10 6
9 6 5
9 5 4
9 4 3
9 10 9
9 9 7
9 9 8
10 18 11
10 11 1
10 1 0
10 11 10
10 10 9
10 9 8
10 8 6
10 6 4
10 4 2
10 4 3
10 6 5
10 8 7
10 18 17
10 17 15
10 15 14
10 14 12
10 14 13
10 17 16
11 14 11
11 11 10
11 10 1
11 1 0
11 10 9
11 9 8
11 8 2
11 8 7
11 7 5
11 5 4
11 4 3
11 7 6
11 14 13
11 13 12
12 19 17
12 17 0
12 17 16
12 16 14
12 14 10
12 10 9
12 9 3
12 3 2
12 2 1
12 9 8
12 8 4
12 8 7
12 7 6
12 6 5
12 14 13
12 13 12
12 12 11
12 16 15
12 19 18
13 15 1
13 1 0
13 15 14
13 14 13
13 13 12
13 12 11
13 11 5
13 5 3
13 3 2
13 5 4
13 11 10
13 10 6
13 10 9
13 9 7
13 9 8
14 17 14
14 14 6
14 6 5
14 5 3
14 3 2
14 2 1
14 1 0
14 5 4
14 14 13
14 13 10
14 10 9
14 9 8
14 8 7
14 13 12
14 12 11
14 17 16
14 16 15
15 14 0
15 14 13
15 13 4
15 4 1
15 4 3
15 3 2
15 13 12
15 12 11
15 11 8
15 8 6
15 6 5
15 8 7
15 11 10
15 10 9
16 18 17
16 17 8
16 8 6
16 6 5
16 5 3
16 3 1
16 1 0
16 3 2
16 5 4
16 8 7
16 17 16
16 16 9
16 16 15
16 15 14
16 14 13
16 13 10
16 13 12
16 12 11
17 16 15
17 15 14
17 14 12
17 12 2
17 2 1
17 1 0
17 12 11
17 11 5
17 5 3
17 5 4
17 11 10
17 10 9
17 9 7
17 7 6
17 9 8
17 14 13
18 16 15
18 15 0
18 15 14
18 14 3
18 3 1
18 3 2
18 14 13
18 13 12
18 12 10
18 10 8
18 8 7
18 7 6
18 6 4
18 6 5
18 10 9
18 12 11
19 15 14
19 14 8
19 8 4
19 4 3
19 3 0
19 3 2
19 2 1
19 8 7
19 7 6
19 6 5
19 14 13
19 13 11
19 11 10
19 10 9
19 13 12
20 15 13
20 13 11
20 11 0
20 11 10
20 10 1
20 10 9
20 9 6
20 6 4
20 4 3
20 3 2
20 6 5
20 9 8
20 8 7
20 13 12
20 15 14
21 18 16
21 16 15
21 15 8
21 8 7
21 7 0
21 7 6
21 6 4
21 4 3
21 3 2
21 2 1
21 6 5
21 15 14
21 14 12
21 12 11
21 11 10
21 10 9
21 14 13
21 18 17
22 17 16
22 16 15
22 15 14
22 14 13
22 13 10
22 10 9
22 9 8
22 8 7
22 7 6
22 6 5
22 5 4
22 4 3
22 3 2
22 2 0
22 2 1
22 13 12
22 12 11
23 18 0
23 18 17
23 17 15
23 15 2
23 2 1
23 15 14
23 14 3
23 14 13
23 13 12
23 12 11
23 11 9
23 9 8
23 8 5
23 5 4
23 8 7
23 7 6
23 11 10
23 17 16
24 19 0
24 19 18
24 18 17
24 17 16
24 16 15
24 15 14
24 14 3
24 3 1
24 3 2
24 14 13
24 13 6
24 6 5
24 5 4
24 13 12
24 12 9
24 9 7
24 9 8
24 12 11
24 11 10
25 17 0
25 17 16
25 16 14
25 14 1
25 14 13
25 13 12
25 12 11
25 11 6
25 6 5
25 5 3
25 3 2
25 5 4
25 11 10
25 10 9
25 9 8
25 8 7
25 16 15
26 18 1
26 1 0
26 18 17
26 17 3
26 3 2
26 17 16
26 16 7
26 7 4
26 7 6
26 6 5
26 16 15
26 15 9
26 9 8
26 15 14
26 14 11
26 11 10
26 14 13
26 13 12
27 14 13
27 13 0
27 13 12
27 12 9
27 9 6
27 6 5
27 5 3
27 3 1
27 3 2
27 5 4
27 9 8
27 8 7
27 12 11
27 11 10
28 18 5
28 5 4
28 4 2
28 2 0
28 2 1
28 4 3
28 18 17
28 17 16
28 16 13
28 13 12
28 12 10
28 10 6
28 10 9
28 9 7
28 9 8
28 12 11
28 16 15
28 15 14
29 19 2
29 2 0
29 2 1
29 19 18
29 18 17
29 17 16
29 16 15
29 15 12
29 12 11
29 11 4
29 4 3
29 11 10
29 10 9
29 9 8
29 8 7
29 7 5
29 7 6
29 15 14
29 14 13
30 15 13
30 13 10
30 10 8
30 8 5
30 5 0
30 5 4
30 4 1
30 4 3
30 3 2
30 8 7
30 7 6
30 10 9
30 13 12
30 12 11
30 15 14
31 15 0
31 15 14
31 14 1
31 14 13
31 13 7
31 7 6
31 6 5
31 5 4
31 4 3
31 3 2
31 13 12
31 12 8
31 12 11
31 11 10
31 10 9
32 17 0
32 17 16
32 16 3
32 3 2
32 2 1
32 16 15
32 15 11
32 11 10
32 10 9
32 9 8
32 8 6
32 6 4
32 6 5
32 8 7
32 15 14
32 14 12
32 14 13
33 18 13
33 13 4
33 4 2
33 2 1
33 1 0
33 4 3
33 13 12
33 12 11
33 11 8
33 8 7
33 7 6
33 6 5
33 11 10
33 10 9
33 18 17
33 17 16
33 16 14
33 16 15
34 15 0
34 15 14
34 14 6
34 6 5
34 5 3
34 3 2
34 2 1
34 5 4
34 14 13
34 13 10
34 10 9
34 9 8
34 8 7
34 13 12
34 12 11
35 19 16
35 16 0
35 16 15
35 15 7
35 7 4
35 4 1
35 4 3
35 3 2
35 7 6
35 6 5
35 15 14
35 14 12
35 12 9
35 9 8
35 12 11
35 11 10
35 14 13
35 19 18
35 18 17
36 14 12
36 12 10
36 10 9
36 9 6
36 6 0
36 6 5
36 5 1
36 5 4
36 4 2
36 4 3
36 9 8
36 8 7
36 12 11
36 14 13
37 18 8
37 8 7
37 7 1
37 1 0
37 7 6
37 6 5
37 5 2
37 5 4
37 4 3
37 18 17
37 17 11
37 11 10
37 10 9
37 17 16
37 16 12
37 16 15
37 15 14
37 14 13
38 18 2
38 2 0
38 2 1
38 18 17
38 17 16
38 16 6
38 6 3
38 6 5
38 5 4
38 16 15
38 15 12
38 12 7
38 12 11
38 11 8
38 11 10
38 10 9
38 15 14
38 14 13
39 15 14
39 14 12
39 12 10
39 10 6
39 6 1
39 1 0
39 6 5
39 5 3
39 3 2
39 5 4
39 10 9
39 9 7
39 9 8
39 12 11
39 14 13
40 14 13
40 13 12
40 12 1
40 1 0
40 12 11
40 11 9
40 9 8
40 8 7
40 7 2
40 7 6
40 6 5
40 5 3
40 5 4
40 11 10
41 14 13
41 13 8
41 8 7
41 7 6
41 6 5
41 5 4
41 4 3
41 3 2
41 2 1
41 1 0
41 13 12
41 12 11
41 11 10
41 10 9
42 15 14
42 14 2
42 2 0
42 2 1
42 14 13
42 13 12
42 12 9
42 9 6
42 6 5
42 5 4
42 4 3
42 9 8
42 8 7
42 12 11
42 11 10
43 18 16
43 16 0
43 16 15
43 15 2
43 2 1
43 15 14
43 14 9
43 9 8
43 8 7
43 7 4
43 4 3
43 7 6
43 6 5
43 14 13
43 13 12
43 12 10
43 12 11
43 18 17
44 14 9
44 9 8
44 8 7
44 7 0
44 7 6
44 6 5
44 5 1
44 5 4
44 4 3
44 3 2
44 14 13
44 13 11
44 11 10
44 13 12
45 15 13
45 13 12
45 12 5
45 5 4
45 4 2
45 2 1
45 1 0
45 4 3
45 12 11
45 11 10
45 10 9
45 9 8
45 8 7
45 7 6
45 15 14
46 19 0
46 19 18
46 18 9
46 9 8
46 8 6
46 6 2
46 2 1
46 6 5
46 5 4
46 4 3
46 8 7
46 18 17
46 17 16
46 16 15
46 15 13
46 13 11
46 11 10
46 13 12
46 15 14
47 19 18
47 18 12
47 12 7
47 7 5
47 5 3
47 3 2
47 2 1
47 1 0
47 5 4
47 7 6
47 12 11
47 11 8
47 11 10
47 10 9
47 18 17
47 17 16
47 16 14
47 14 13
47 16 15
48 18 16
48 16 14
48 14 12
48 12 11
48 11 0
48 11 10
48 10 9
48 9 7
48 7 5
48 5 4
48 4 1
48 4 3
48 3 2
48 7 6
48 9 8
48 14 13
48 16 15
48 18 17
49 18 9
49 9 6
49 6 3
49 3 0
49 3 2
49 2 1
49 6 5
49 5 4
49 9 8
49 8 7
49 18 17
49 17 15
49 15 13
49 13 12
49 12 10
49 12 11
49 15 14
49 17 16
50 18 0
50 18 17
50 17 12
50 12 11
50 11 7
50 7 1
50 7 6
50 6 4
50 4 3
50 3 2
50 6 5
50 11 10
50 10 8
50 10 9
50 17 16
50 16 14
50 14 13
50 16 15
51 15 13
51 13 0
51 13 12
51 12 10
51 10 8
51 8 7
51 7 1
51 7 6
51 6 2
51 6 5
51 5 3
51 5 4
51 10 9
51 12 11
51 15 14
52 14 13
52 13 11
52 11 10
52 10 9
52 9 0
52 9 8
52 8 5
52 5 4
52 4 1
52 4 3
52 3 2
52 8 7
52 7 6
52 13 12
53 18 8
53 8 2
53 2 1
53 1 0
53 8 7
53 7 6
53 6 3
53 6 5
53 5 4
53 18 17
53 17 9
53 17 16
53 16 13
53 13 12
53 12 10
53 12 11
53 16 15
53 15 14
54 15 0
54 15 14
54 14 10
54 10 7
54 7 3
54 3 2
54 2 1
54 7 6
54 6 4
54 6 5
54 10 9
54 9 8
54 14 13
54 13 12
54 12 11
55 14 13
55 13 0
55 13 12
55 12 3
55 3 1
55 3 2
55 12 11
55 11 4
55 11 10
55 10 5
55 10 9
55 9 7
55 7 6
55 9 8
56 16 15
56 15 14
56 14 1
56 1 0
56 14 13
56 13 11
56 11 4
56 4 2
56 4 3
56 11 10
56 10 8
56 8 7
56 7 6
56 6 5
56 10 9
56 13 12
57 19 18
57 18 17
57 17 13
57 13 11
57 11 9
57 9 2
57 2 0
57 2 1
57 9 8
57 8 6
57 6 5
57 5 4
57 4 3
57 8 7
57 11 10
57 13 12
57 17 16
57 16 14
57 16 15
58 18 0
58 18 17
58 17 2
58 2 1
58 17 16
58 16 15
58 15 3
58 15 14
58 14 13
58 13 11
58 11 9
58 9 8
58 8 4
58 8 7
58 7 5
58 7 6
58 11 10
58 13 12
59 15 14
59 14 13
59 13 12
59 12 11
59 11 10
59 10 0
59 10 9
59 9 8
59 8 5
59 5 3
59 3 1
59 3 2
59 5 4
59 8 7
59 7 6
60 15 14
60 14 13
60 13 8
60 8 7
60 7 5
60 5 3
60 3 2
60 2 0
60 2 1
60 5 4
60 7 6
60 13 12
60 12 11
60 11 10
60 10 9
61 16 0
61 16 15
61 15 14
61 14 8
61 8 2
61 2 1
61 8 7
61 7 3
61 7 6
61 6 5
61 5 4
61 14 13
61 13 12
61 12 10
61 10 9
61 12 11
62 17 13
62 13 12
62 12 8
62 8 7
62 7 2
62 2 0
62 2 1
62 7 6
62 6 3
62 6 5
62 5 4
62 12 11
62 11 9
62 11 10
62 17 16
62 16 15
62 15 14
63 15 14
63 14 2
63 2 1
63 1 0
63 14 13
63 13 11
63 11 9
63 9 8
63 8 7
63 7 6
63 6 3
63 6 5
63 5 4
63 11 10
63 13 12
64 17 16
64 16 15
64 15 0
64 15 14
64 14 13
64 13 11
64 11 2
64 2 1
64 11 10
64 10 6
64 6 5
64 5 3
64 5 4
64 10 9
64 9 7
64 9 8
64 13 12
65 16 14
65 14 13
65 13 12
65 12 9
65 9 8
65 8 0
65 8 7
65 7 6
65 6 2
65 2 1
65 6 5
65 5 3
65 5 4
65 12 11
65 11 10
65 16 15
66 15 13
66 13 12
66 12 11
66 11 8
66 8 7
66 7 6
66 6 5
66 5 1
66 1 0
66 5 4
66 4 2
66 4 3
66 11 10
66 10 9
66 15 14
67 18 17
67 17 16
67 16 11
67 11 10
67 10 9
67 9 1
67 1 0
67 9 8
67 8 6
67 6 5
67 5 3
67 3 2
67 5 4
67 8 7
67 16 15
67 15 14
67 14 13
67 13 12
68 15 13
68 13 8
68 8 6
68 6 5
68 5 0
68 5 4
68 4 3
68 3 1
68 3 2
68 8 7
68 13 12
68 12 9
68 12 11
68 11 10
68 15 14
69 14 2
69 2 1
69 1 0
69 14 13
69 13 10
69 10 9
69 9 3
69 9 8
69 8 5
69 5 4
69 8 7
69 7 6
69 13 12
69 12 11
70 14 6
70 6 2
70 2 1
70 1 0
70 6 5
70 5 4
70 4 3
70 14 13
70 13 7
70 13 12
70 12 11
70 11 9
70 9 8
70 11 10
71 14 10
71 10 9
71 9 3
71 3 2
71 2 1
71 1 0
71 9 8
71 8 4
71 8 7
71 7 6
71 6 5
71 14 13
71 13 12
71 12 11
72 19 17
72 17 6
72 6 3
72 3 2
72 2 1
72 1 0
72 6 5
72 5 4
72 17 16
72 16 10
72 10 8
72 8 7
72 10 9
72 16 15
72 15 14
72 14 13
72 13 12
72 12 11
72 19 18
73 18 13
73 13 1
73 1 0
73 13 12
73 12 2
73 12 11
73 11 10
73 10 4
73 4 3
73 10 9
73 9 8
73 8 6
73 6 5
73 8 7
73 18 17
73 17 16
73 16 15
73 15 14
74 19 15
74 15 14
74 14 9
74 9 8
74 8 5
74 5 4
74 4 3
74 3 1
74 1 0
74 3 2
74 8 7
74 7 6
74 14 13
74 13 11
74 11 10
74 13 12
74 19 18
74 18 17
74 17 16
75 18 17
75 17 16
75 16 15
75 15 0
75 15 14
75 14 13
75 13 12
75 12 10
75 10 9
75 9 8
75 8 7
75 7 2
75 2 1
75 7 6
75 6 4
75 4 3
75 6 5
75 12 11
76 14 13
76 13 6
76 6 5
76 5 4
76 4 3
76 3 0
76 3 2
76 2 1
76 13 12
76 12 7
76 12 11
76 11 10
76 10 9
76 9 8
77 15 5
77 5 1
77 1 0
77 5 4
77 4 2
77 4 3
77 15 14
77 14 7
77 7 6
77 14 13
77 13 12
77 12 11
77 11 8
77 11 10
77 10 9
78 17 0
78 17 16
78 16 4
78 4 3
78 3 2
78 2 1
78 16 15
78 15 5
78 15 14
78 14 13
78 13 11
78 11 6
78 11 10
78 10 8
78 8 7
78 10 9
78 13 12
79 15 8
79 8 7
79 7 0
79 7 6
79 6 2
79 2 1
79 6 5
79 5 3
79 5 4
79 15 14
79 14 9
79 14 13
79 13 11
79 11 10
79 13 12
80 16 15
80 15 10
80 10 2
80 2 1
80 1 0
80 10 9
80 9 7
80 7 3
80 7 6
80 6 4
80 6 5
80 9 8
80 15 14
80 14 12
80 12 11
80 14 13
81 18 0
81 18 17
81 17 2
81 2 1
81 17 16
81 16 11
81 11 10
81 10 9
81 9 3
81 9 8
81 8 6
81 6 5
81 5 4
81 8 7
81 16 15
81 15 14
81 14 13
81 13 12
82 16 2
82 2 0
82 2 1
82 16 15
82 15 13
82 13 4
82 4 3
82 13 12
82 12 8
82 8 5
82 8 7
82 7 6
82 12 11
82 11 10
82 10 9
82 15 14
83 14 0
83 14 13
83 13 12
83 12 10
83 10 9
83 9 8
83 8 6
83 6 1
83 6 5
83 5 4
83 4 3
83 3 2
83 8 7
83 12 11
84 14 0
84 14 13
84 13 11
84 11 1
84 11 10
84 10 9
84 9 3
84 3 2
84 9 8
84 8 6
84 6 4
84 6 5
84 8 7
84 13 12
85 17 16
85 16 14
85 14 12
85 12 10
85 10 8
85 8 7
85 7 6
85 6 4
85 4 0
85 4 3
85 3 1
85 3 2
85 6 5
85 10 9
85 12 11
85 14 13
85 16 15
86 17 16
86 16 15
86 15 14
86 14 8
86 8 7
86 7 0
86 7 6
86 6 4
86 4 2
86 2 1
86 4 3
86 6 5
86 14 13
86 13 12
86 12 11
86 11 10
86 10 9
87 18 15
87 15 13
87 13 6
87 6 2
87 2 1
87 1 0
87 6 5
87 5 3
87 5 4
87 13 12
87 12 11
87 11 7
87 11 10
87 10 8
87 10 9
87 15 14
87 18 17
87 17 16
88 19 0
88 19 18
88 18 17
88 17 15
88 15 1
88 15 14
88 14 7
88 7 6
88 6 5
88 5 4
88 4 3
88 3 2
88 14 13
88 13 8
88 13 12
88 12 11
88 11 10
88 10 9
88 17 16
89 16 15
89 15 12
89 12 8
89 8 5
89 5 4
89 4 2
89 2 0
89 2 1
89 4 3
89 8 7
89 7 6
89 12 11
89 11 9
89 11 10
89 15 14
89 14 13
90 17 12
90 12 4
90 4 1
90 1 0
90 4 3
90 3 2
90 12 11
90 11 10
90 10 6
90 6 5
90 10 9
90 9 7
90 9 8
90 17 16
90 16 15
90 15 13
90 15 14
91 14 11
91 11 1
91 1 0
91 11 10
91 10 9
91 9 4
91 4 2
91 4 3
91 9 8
91 8 7
91 7 5
91 7 6
91 14 13
91 13 12
92 14 0
92 14 13
92 13 12
92 12 10
92 10 5
92 5 4
92 4 3
92 3 1
92 3 2
92 10 9
92 9 6
92 9 8
92 8 7
92 12 11
93 19 10
93 10 9
93 9 8
93 8 0
93 8 7
93 7 5
93 5 1
93 5 4
93 4 3
93 3 2
93 7 6
93 19 18
93 18 14
93 14 13
93 13 11
93 13 12
93 18 17
93 17 15
93 17 16
94 19 13
94 13 11
94 11 10
94 10 9
94 9 3
94 3 0
94 3 2
94 2 1
94 9 8
94 8 6
94 6 4
94 6 5
94 8 7
94 13 12
94 19 18
94 18 16
94 16 14
94 16 15
94 18 17
95 16 15
95 15 2
95 2 1
95 1 0
95 15 14
95 14 4
95 4 3
95 14 13
95 13 6
95 6 5
95 13 12
95 12 11
95 11 9
95 9 8
95 8 7
95 11 10
96 14 6
96 6 4
96 4 2
96 2 0
96 2 1
96 4 3
96 6 5
96 14 13
96 13 11
96 11 7
96 11 10
96 10 8
96 10 9
96 13 12
97 15 14
97 14 4
97 4 1
97 1 0
97 4 3
97 3 2
97 14 13
97 13 7
97 7 5
97 7 6
97 13 12
97 12 11
97 11 10
97 10 8
97 10 9
98 15 14
98 14 12
98 12 1
98 1 0
98 12 11
98 11 3
98 3 2
98 11 10
98 10 9
98 9 8
98 8 6
98 6 5
98 5 4
98 8 7
98 14 13
99 17 16
99 16 0
99 16 15
99 15 13
99 13 6
99 6 5
99 5 1
99 5 4
99 4 2
99 4 3
99 13 12
99 12 10
99 10 7
99 10 9
99 9 8
99 12 11
99 15 14
100 16 13
100 13 11
100 11 10
100 10 9
100 9 7
100 7 6
100 6 1
100 1 0
100 6 5
100 5 2
100 5 4
100 4 3
100 9 8
100 13 12
100 16 15
100 15 14
101 15 10
101 10 7
101 7 6
101 6 5
101 5 0
101 5 4
101 4 3
101 3 2
101 2 1
101 10 9
101 9 8
101 15 14
101 14 13
101 13 11
101 13 12
