1 15 13
1 13 12
1 12 11
1 11 10
1 10 1
1 1 0
1 10 9
1 9 4
1 4 3
1 3 2
1 9 8
1 8 7
1 7 5
1 7 6
1 15 14
2 17 0
2 17 16
2 16 13
2 13 4
2 4 2
2 2 1
2 4 3
2 13 12
2 12 11
2 11 10
2 10 9
2 9 7
2 7 5
2 7 6
2 9 8
2 16 15
2 15 14
3 16 6
3 6 3
3 3 2
3 2 1
3 1 0
3 6 5
3 5 4
3 16 15
3 15 13
3 13 12
3 12 7
3 12 11
3 11 9
3 9 8
3 11 10
3 15 14
4 14 13
4 13 1
4 1 0
4 13 12
4 12 11
4 11 4
4 4 2
4 4 3
4 11 10
4 10 8
4 8 6
4 6 5
4 8 7
4 10 9
5 17 16
5 16 0
5 16 15
5 15 13
5 13 12
5 12 11
5 11 9
5 9 3
5 3 2
5 2 1
5 9 8
5 8 6
5 6 5
5 5 4
5 8 7
5 11 10
5 15 14
6 17 0
6 17 16
6 16 1
6 16 15
6 15 3
6 3 2
6 15 14
6 14 6
6 6 5
6 5 4
6 14 13
6 13 9
6 9 7
6 9 8
6 13 12
6 12 10
6 12 11
7 18 17
7 17 16
7 16 14
7 14 5
7 5 2
7 2 0
7 2 1
7 5 4
7 4 3
7 14 13
7 13 10
7 10 8
7 8 6
7 8 7
7 10 9
7 13 12
7 12 11
7 16 15
8 18 17
8 17 15
8 15 2
8 2 1
8 1 0
8 15 14
8 14 13
8 13 11
8 11 7
8 7 6
8 6 3
8 6 5
8 5 4
8 11 10
8 10 9
8 9 8
8 13 12
8 17 16
9 15 2
9 2 1
9 1 0
9 15 14
9 14 10
9 10 6
9 6 5
9 5 3
9 5 4
9 10 9
9 9 8
9 8 7
9 14 13
9 13 11
9 13 12
10 14 13
10 13 12
10 12 7
10 7 6
10 6 4
10 4 3
10 3 2
10 2 0
10 2 1
10 6 5
10 12 11
10 11 10
10 10 8
10 10 9
11 19 2
11 2 1
11 1 0
11 19 18
11 18 3
11 18 17
11 17 16
11 16 14
11 14 13
11 13 12
11 12 10
11 10 9
11 9 6
11 6 5
11 5 4
11 9 8
11 8 7
11 12 11
11 16 15
12 18 17
12 17 0
12 17 16
12 16 15
12 15 13
12 13 11
12 11 10
12 10 9
12 9 6
12 6 5
12 5 1
12 5 4
12 4 3
12 3 2
12 9 8
12 8 7
12 13 12
12 15 14
13 15 13
13 13 0
13 13 12
13 12 11
13 11 1
13 11 10
13 10 9
13 9 8
13 8 7
13 7 6
13 6 5
13 5 2
13 5 4
13 4 3
13 15 14
14 17 3
14 3 2
14 2 0
14 2 1
14 17 16
14 16 6
14 6 4
14 6 5
14 16 15
14 15 7
14 15 14
14 14 13
14 13 12
14 12 9
14 9 8
14 12 11
14 11 10
15 19 12
15 12 8
15 8 0
15 8 7
15 7 1
15 7 6
15 6 4
15 4 2
15 4 3
15 6 5
15 12 11
15 11 9
15 11 10
15 19 18
15 18 17
15 17 15
15 15 14
15 14 13
15 17 16
16 14 2
16 2 0
16 2 1
16 14 13
16 13 12
16 12 8
16 8 4
16 4 3
16 8 7
16 7 5
16 7 6
16 12 11
16 11 10
16 10 9
17 14 13
17 13 1
17 1 0
17 13 12
17 12 10
17 10 2
17 10 9
17 9 7
17 7 3
17 7 6
17 6 5
17 5 4
17 9 8
17 12 11
18 15 13
18 13 2
18 2 0
18 2 1
18 13 12
18 12 11
18 11 3
18 11 10
18 10 9
18 9 6
18 6 5
18 5 4
18 9 8
18 8 7
18 15 14
19 14 0
19 14 13
19 13 11
19 11 7
19 7 6
19 6 2
19 2 1
19 6 5
19 5 4
19 4 3
19 11 10
19 10 9
19 9 8
19 13 12
20 19 17
20 17 0
20 17 16
20 16 8
20 8 7
20 7 6
20 6 5
20 5 2
20 2 1
20 5 4
20 4 3
20 16 15
20 15 12
20 12 9
20 12 11
20 11 10
20 15 14
20 14 13
20 19 18
21 19 9
21 9 0
21 9 8
21 8 7
21 7 5
21 5 3
21 3 1
21 3 2
21 5 4
21 7 6
21 19 18
21 18 14
21 14 13
21 13 12
21 12 10
21 12 11
21 18 17
21 17 16
21 16 15
22 14 12
22 12 5
22 5 4
22 4 2
22 2 1
22 1 0
22 4 3
22 12 11
22 11 9
22 9 7
22 7 6
22 9 8
22 11 10
22 14 13
23 17 16
23 16 11
23 11 9
23 9 5
23 5 2
23 2 1
23 1 0
23 5 4
23 4 3
23 9 8
23 8 7
23 7 6
23 11 10
23 16 15
23 15 12
23 15 14
23 14 13
24 16 0
24 16 15
24 15 14
24 14 13
24 13 12
24 12 1
24 12 11
24 11 10
24 10 7
24 7 6
24 6 5
24 5 3
24 3 2
24 5 4
24 10 9
24 9 8
25 17 16
25 16 12
25 12 8
25 8 7
25 7 0
25 7 6
25 6 4
25 4 2
25 2 1
25 4 3
25 6 5
25 12 11
25 11 10
25 10 9
25 16 15
25 15 13
25 15 14
26 14 13
26 13 12
26 12 11
26 11 10
26 10 8
26 8 6
26 6 4
26 4 2
26 2 1
26 1 0
26 4 3
26 6 5
26 8 7
26 10 9
27 19 18
27 18 12
27 12 1
27 1 0
27 12 11
27 11 4
27 4 3
27 3 2
27 11 10
27 10 8
27 8 6
27 6 5
27 8 7
27 10 9
27 18 17
27 17 16
27 16 14
27 14 13
27 16 15
28 14 1
28 1 0
28 14 13
28 13 11
28 11 10
28 10 9
28 9 3
28 3 2
28 9 8
28 8 7
28 7 6
28 6 5
28 5 4
28 13 12
29 17 15
29 15 14
29 14 10
29 10 9
29 9 6
29 6 0
29 6 5
29 5 3
29 3 2
29 2 1
29 5 4
29 9 8
29 8 7
29 14 13
29 13 12
29 12 11
29 17 16
30 17 16
30 16 2
30 2 0
30 2 1
30 16 15
30 15 14
30 14 4
30 4 3
30 14 13
30 13 12
30 12 11
30 11 7
30 7 5
30 7 6
30 11 10
30 10 8
30 10 9
31 14 11
31 11 0
31 11 10
31 10 9
31 9 8
31 8 6
31 6 5
31 5 4
31 4 3
31 3 2
31 2 1
31 8 7
31 14 13
31 13 12
32 16 12
32 12 11
32 11 3
32 3 0
32 3 2
32 2 1
32 11 10
32 10 5
32 5 4
32 10 9
32 9 8
32 8 7
32 7 6
32 16 15
32 15 14
32 14 13
33 17 15
33 15 9
33 9 8
33 8 2
33 2 1
33 1 0
33 8 7
33 7 6
33 6 4
33 4 3
33 6 5
33 15 14
33 14 13
33 13 11
33 11 10
33 13 12
33 17 16
34 15 10
34 10 9
34 9 7
34 7 6
34 6 3
34 3 0
34 3 2
34 2 1
34 6 5
34 5 4
34 9 8
34 15 14
34 14 13
34 13 11
34 13 12
35 16 15
35 15 11
35 11 0
35 11 10
35 10 8
35 8 1
35 8 7
35 7 4
35 4 2
35 4 3
35 7 6
35 6 5
35 10 9
35 15 14
35 14 12
35 14 13
36 16 0
36 16 15
36 15 6
36 6 5
36 5 4
36 4 3
36 3 1
36 3 2
36 15 14
36 14 11
36 11 9
36 9 7
36 9 8
36 11 10
36 14 13
36 13 12
37 17 9
37 9 5
37 5 1
37 1 0
37 5 4
37 4 3
37 3 2
37 9 8
37 8 7
37 7 6
37 17 16
37 16 10
37 16 15
37 15 14
37 14 13
37 13 11
37 13 12
38 14 3
38 3 1
38 1 0
38 3 2
38 14 13
38 13 12
38 12 10
38 10 4
38 10 9
38 9 7
38 7 5
38 7 6
38 9 8
38 12 11
39 19 18
39 18 14
39 14 13
39 13 12
39 12 11
39 11 10
39 10 5
39 5 4
39 4 3
39 3 0
39 3 2
39 2 1
39 10 9
39 9 8
39 8 6
39 8 7
39 18 17
39 17 15
39 17 16
40 19 10
40 10 1
40 1 0
40 10 9
40 9 8
40 8 7
40 7 5
40 5 2
40 5 4
40 4 3
40 7 6
40 19 18
40 18 14
40 14 13
40 13 12
40 12 11
40 18 17
40 17 15
40 17 16
41 16 15
41 15 7
41 7 6
41 6 2
41 2 0
41 2 1
41 6 5
41 5 3
41 5 4
41 15 14
41 14 8
41 14 13
41 13 9
41 13 12
41 12 11
41 11 10
42 15 0
42 15 14
42 14 11
42 11 9
42 9 7
42 7 5
42 5 2
42 2 1
42 5 4
42 4 3
42 7 6
42 9 8
42 11 10
42 14 13
42 13 12
43 15 2
43 2 0
43 2 1
43 15 14
43 14 13
43 13 3
43 13 12
43 12 10
43 10 9
43 9 4
43 9 8
43 8 7
43 7 5
43 7 6
43 12 11
44 14 13
44 13 10
44 10 9
44 9 8
44 8 5
44 5 4
44 4 0
44 4 3
44 3 2
44 2 1
44 8 7
44 7 6
44 13 12
44 12 11
45 15 9
45 9 0
45 9 8
45 8 7
45 7 2
45 2 1
45 7 6
45 6 5
45 5 3
45 5 4
45 15 14
45 14 13
45 13 12
45 12 11
45 11 10
46 18 15
46 15 12
46 12 11
46 11 3
46 3 0
46 3 2
46 2 1
46 11 10
46 10 9
46 9 7
46 7 6
46 6 4
46 6 5
46 9 8
46 15 14
46 14 13
46 18 17
46 17 16
47 16 3
47 3 2
47 2 0
47 2 1
47 16 15
47 15 14
47 14 8
47 8 4
47 8 7
47 7 6
47 6 5
47 14 13
47 13 9
47 13 12
47 12 11
47 11 10
48 15 0
48 15 14
48 14 13
48 13 2
48 2 1
48 13 12
48 12 3
48 12 11
48 11 4
48 11 10
48 10 9
48 9 6
48 6 5
48 9 8
48 8 7
49 17 16
49 16 14
49 14 10
49 10 7
49 7 6
49 6 5
49 5 4
49 4 2
49 2 1
49 1 0
49 4 3
49 10 9
49 9 8
49 14 13
49 13 12
49 12 11
49 16 15
50 19 0
50 19 18
50 18 1
50 18 17
50 17 12
50 12 7
50 7 5
50 5 4
50 4 3
50 3 2
50 7 6
50 12 11
50 11 9
50 9 8
50 11 10
50 17 16
50 16 14
50 14 13
50 16 15
51 17 12
51 12 2
51 2 0
51 2 1
51 12 11
51 11 10
51 10 8
51 8 7
51 7 6
51 6 5
51 5 3
51 5 4
51 10 9
51 17 16
51 16 14
51 14 13
51 16 15
52 17 15
52 15 14
52 14 4
52 4 0
52 4 3
52 3 2
52 2 1
52 14 13
52 13 7
52 7 6
52 6 5
52 13 12
52 12 10
52 10 9
52 9 8
52 12 11
52 17 16
53 14 13
53 13 12
53 12 10
53 10 9
53 9 4
53 4 3
53 3 2
53 2 1
53 1 0
53 9 8
53 8 6
53 6 5
53 8 7
53 12 11
54 16 15
54 15 14
54 14 11
54 11 4
54 4 3
54 3 2
54 2 0
54 2 1
54 11 10
54 10 9
54 9 7
54 7 6
54 6 5
54 9 8
54 14 13
54 13 12
55 18 16
55 16 5
55 5 2
55 2 1
55 1 0
55 5 4
55 4 3
55 16 15
55 15 6
55 15 14
55 14 7
55 14 13
55 13 12
55 12 9
55 9 8
55 12 11
55 11 10
55 18 17
56 18 17
56 17 0
56 17 16
56 16 15
56 15 14
56 14 5
56 5 1
56 5 4
56 4 3
56 3 2
56 14 13
56 13 12
56 12 11
56 11 9
56 9 8
56 8 7
56 7 6
56 11 10
57 18 2
57 2 1
57 1 0
57 18 17
57 17 16
57 16 15
57 15 14
57 14 11
57 11 10
57 10 9
57 9 4
57 4 3
57 9 8
57 8 5
57 8 7
57 7 6
57 14 13
57 13 12
58 14 13
58 13 12
58 12 6
58 6 5
58 5 4
58 4 2
58 2 1
58 1 0
58 4 3
58 12 11
58 11 10
58 10 9
58 9 7
58 9 8
59 16 13
59 13 2
59 2 0
59 2 1
59 13 12
59 12 11
59 11 10
59 10 9
59 9 6
59 6 5
59 5 4
59 4 3
59 9 8
59 8 7
59 16 15
59 15 14
60 19 3
60 3 2
60 2 1
60 1 0
60 19 18
60 18 7
60 7 6
60 6 5
60 5 4
60 18 17
60 17 11
60 11 10
60 10 9
60 9 8
60 17 16
60 16 15
60 15 12
60 15 14
60 14 13
61 19 16
61 16 15
61 15 9
61 9 2
61 2 0
61 2 1
61 9 8
61 8 3
61 8 7
61 7 5
61 5 4
61 7 6
61 15 14
61 14 12
61 12 10
61 12 11
61 14 13
61 19 18
61 18 17
62 15 14
62 14 13
62 13 11
62 11 10
62 10 9
62 9 0
62 9 8
62 8 7
62 7 1
62 7 6
62 6 5
62 5 4
62 4 2
62 4 3
62 13 12
63 18 17
63 17 15
63 15 14
63 14 13
63 13 6
63 6 5
63 5 4
63 4 3
63 3 2
63 2 0
63 2 1
63 13 12
63 12 7
63 12 11
63 11 10
63 10 8
63 10 9
63 17 16
64 15 14
64 14 8
64 8 5
64 5 0
64 5 4
64 4 3
64 3 2
64 2 1
64 8 7
64 7 6
64 14 13
64 13 10
64 10 9
64 13 12
64 12 11
65 15 14
65 14 13
65 13 12
65 12 11
65 11 10
65 10 9
65 9 0
65 9 8
65 8 4
65 4 3
65 3 2
65 2 1
65 8 7
65 7 6
65 6 5
66 14 12
66 12 0
66 12 11
66 11 7
66 7 3
66 3 2
66 2 1
66 7 6
66 6 4
66 6 5
66 11 10
66 10 9
66 9 8
66 14 13
67 16 14
67 14 0
67 14 13
67 13 9
67 9 1
67 9 8
67 8 7
67 7 6
67 6 4
67 4 2
67 4 3
67 6 5
67 13 12
67 12 10
67 12 11
67 16 15
68 18 16
68 16 6
68 6 5
68 5 4
68 4 3
68 3 1
68 1 0
68 3 2
68 16 15
68 15 7
68 15 14
68 14 13
68 13 12
68 12 8
68 12 11
68 11 9
68 11 10
68 18 17
69 16 15
69 15 11
69 11 7
69 7 6
69 6 5
69 5 4
69 4 3
69 3 2
69 2 0
69 2 1
69 11 10
69 10 8
69 10 9
69 15 14
69 14 13
69 13 12
70 19 9
70 9 4
70 4 1
70 1 0
70 4 3
70 3 2
70 9 8
70 8 6
70 6 5
70 8 7
70 19 18
70 18 16
70 16 10
70 16 15
70 15 11
70 15 14
70 14 13
70 13 12
70 18 17
71 16 3
71 3 2
71 2 1
71 1 0
71 16 15
71 15 14
71 14 13
71 13 4
71 13 12
71 12 11
71 11 9
71 9 8
71 8 7
71 7 5
71 7 6
71 11 10
72 16 0
72 16 15
72 15 8
72 8 7
72 7 3
72 3 2
72 2 1
72 7 6
72 6 5
72 5 4
72 15 14
72 14 12
72 12 11
72 11 9
72 11 10
72 14 13
73 17 15
73 15 14
73 14 11
73 11 0
73 11 10
73 10 9
73 9 4
73 4 3
73 3 1
73 3 2
73 9 8
73 8 5
73 8 7
73 7 6
73 14 13
73 13 12
73 17 16
74 18 8
74 8 6
74 6 5
74 5 3
74 3 2
74 2 0
74 2 1
74 5 4
74 8 7
74 18 17
74 17 16
74 16 9
74 16 15
74 15 14
74 14 10
74 14 13
74 13 11
74 13 12
75 16 2
75 2 0
75 2 1
75 16 15
75 15 14
75 14 12
75 12 10
75 10 8
75 8 3
75 8 7
75 7 6
75 6 5
75 5 4
75 10 9
75 12 11
75 14 13
76 17 16
76 16 9
76 9 8
76 8 5
76 5 4
76 4 0
76 4 3
76 3 1
76 3 2
76 8 7
76 7 6
76 16 15
76 15 10
76 15 14
76 14 12
76 12 11
76 14 13
77 14 13
77 13 8
77 8 4
77 4 3
77 3 0
77 3 2
77 2 1
77 8 7
77 7 6
77 6 5
77 13 12
77 12 11
77 11 9
77 11 10
78 14 11
78 11 1
78 1 0
78 11 10
78 10 6
78 6 2
78 6 5
78 5 4
78 4 3
78 10 9
78 9 7
78 9 8
78 14 13
78 13 12
79 14 0
79 14 13
79 13 12
79 12 11
79 11 8
79 8 7
79 7 5
79 5 4
79 4 3
79 3 2
79 2 1
79 7 6
79 11 10
79 10 9
80 15 7
80 7 3
80 3 2
80 2 0
80 2 1
80 7 6
80 6 4
80 6 5
80 15 14
80 14 12
80 12 8
80 12 11
80 11 10
80 10 9
80 14 13
81 17 5
81 5 3
81 3 1
81 1 0
81 3 2
81 5 4
81 17 16
81 16 15
81 15 14
81 14 9
81 9 8
81 8 7
81 7 6
81 14 13
81 13 12
81 12 10
81 12 11
82 16 5
82 5 3
82 3 2
82 2 0
82 2 1
82 5 4
82 16 15
82 15 7
82 7 6
82 15 14
82 14 8
82 14 13
82 13 11
82 11 10
82 10 9
82 13 12
83 15 0
83 15 14
83 14 6
83 6 5
83 5 3
83 3 1
83 3 2
83 5 4
83 14 13
83 13 7
83 13 12
83 12 10
83 10 9
83 9 8
83 12 11
84 17 16
84 16 15
84 15 14
84 14 5
84 5 4
84 4 0
84 4 3
84 3 1
84 3 2
84 14 13
84 13 10
84 10 9
84 9 7
84 7 6
84 9 8
84 13 12
84 12 11
85 16 14
85 14 13
85 13 12
85 12 11
85 11 0
85 11 10
85 10 1
85 10 9
85 9 2
85 9 8
85 8 7
85 7 6
85 6 3
85 6 5
85 5 4
85 16 15
86 15 13
86 13 12
86 12 10
86 10 9
86 9 8
86 8 2
86 2 0
86 2 1
86 8 7
86 7 6
86 6 5
86 5 4
86 4 3
86 12 11
86 15 14
87 14 0
87 14 13
87 13 12
87 12 5
87 5 4
87 4 2
87 2 1
87 4 3
87 12 11
87 11 10
87 10 8
87 8 7
87 7 6
87 10 9
88 14 13
88 13 11
88 11 10
88 10 2
88 2 1
88 1 0
88 10 9
88 9 8
88 8 4
88 4 3
88 8 7
88 7 6
88 6 5
88 13 12
89 18 14
89 14 12
89 12 11
89 11 3
89 3 1
89 1 0
89 3 2
89 11 10
89 10 9
89 9 8
89 8 7
89 7 6
89 6 5
89 5 4
89 14 13
89 18 17
89 17 15
89 17 16
90 15 12
90 12 0
90 12 11
90 11 3
90 3 2
90 2 1
90 11 10
90 10 8
90 8 7
90 7 5
90 5 4
90 7 6
90 10 9
90 15 14
90 14 13
91 15 0
91 15 14
91 14 12
91 12 10
91 10 9
91 9 8
91 8 2
91 2 1
91 8 7
91 7 5
91 5 4
91 4 3
91 7 6
91 12 11
91 14 13
92 19 18
92 18 0
92 18 17
92 17 11
92 11 10
92 10 5
92 5 4
92 4 3
92 3 1
92 3 2
92 10 9
92 9 6
92 9 8
92 8 7
92 17 16
92 16 14
92 14 13
92 13 12
92 16 15
93 17 3
93 3 2
93 2 1
93 1 0
93 17 16
93 16 5
93 5 4
93 16 15
93 15 8
93 8 6
93 8 7
93 15 14
93 14 12
93 12 11
93 11 10
93 10 9
93 14 13
94 14 13
94 13 5
94 5 4
94 4 1
94 1 0
94 4 3
94 3 2
94 13 12
94 12 11
94 11 10
94 10 9
94 9 8
94 8 6
94 8 7
95 14 13
95 13 12
95 12 11
95 11 9
95 9 5
95 5 4
95 4 3
95 3 0
95 3 2
95 2 1
95 9 8
95 8 7
95 7 6
95 11 10
96 14 7
96 7 3
96 3 2
96 2 1
96 1 0
96 7 6
96 6 4
96 6 5
96 14 13
96 13 8
96 13 12
96 12 9
96 12 11
96 11 10
97 17 3
97 3 1
97 1 0
97 3 2
97 17 16
97 16 4
97 16 15
97 15 13
97 13 6
97 6 5
97 13 12
97 12 8
97 8 7
97 12 11
97 11 10
97 10 9
97 15 14
98 16 13
98 13 1
98 1 0
98 13 12
98 12 9
98 9 8
98 8 7
98 7 4
98 4 3
98 3 2
98 7 6
98 6 5
98 12 11
98 11 10
98 16 15
98 15 14
99 17 1
99 1 0
99 17 16
99 16 14
99 14 13
99 13 2
99 13 12
99 12 10
99 10 3
99 10 9
99 9 8
99 8 7
99 7 6
99 6 5
99 5 4
99 12 11
99 16 15
100 15 12
100 12 11
100 11 10
100 10 8
100 8 2
100 2 1
100 1 0
100 8 7
100 7 3
100 7 6
100 6 4
100 6 5
100 10 9
100 15 14
100 14 13
101 16 0
101 16 15
101 15 13
101 13 12
101 12 2
101 2 1
101 12 11
101 11 10
101 10 9
101 9 8
101 8 3
101 8 7
101 7 6
101 6 5
101 5 4
101 15 14
