1 17 16
1 16 15
1 15 14
1 14 12
1 12 10
1 10 6
1 6 0
1 6 5
1 5 4
1 4 3
1 3 2
1 2 1
1 10 9
1 9 8
1 8 7
1 12 11
1 14 13
2 17 16
2 16 15
2 15 13
2 13 2
2 2 0
2 2 1
2 13 12
2 12 3
2 12 11
2 11 8
2 8 6
2 6 5
2 5 4
2 8 7
2 11 10
2 10 9
2 15 14
3 17 14
3 14 13
3 13 0
3 13 12
3 12 1
3 12 11
3 11 6
3 6 5
3 5 4
3 4 3
3 3 2
3 11 10
3 10 9
3 9 8
3 8 7
3 17 16
3 16 15
4 18 17
4 17 6
4 6 3
4 3 2
4 2 1
4 1 0
4 6 5
4 5 4
4 17 16
4 16 15
4 15 8
4 8 7
4 15 14
4 14 13
4 13 12
4 12 9
4 12 11
4 11 10
5 15 0
5 15 14
5 14 12
5 12 11
5 11 6
5 6 2
5 2 1
5 6 5
5 5 3
5 5 4
5 11 10
5 10 9
5 9 8
5 8 7
5 14 13
6 17 15
6 15 14
6 14 8
6 8 6
6 6 5
6 5 2
6 2 1
6 1 0
6 5 4
6 4 3
6 8 7
6 14 13
6 13 9
6 13 12
6 12 11
6 11 10
6 17 16
7 16 14
7 14 12
7 12 11
7 11 2
7 2 1
7 1 0
7 11 10
7 10 9
7 9 8
7 8 7
7 7 6
7 6 5
7 5 4
7 4 3
7 14 13
7 16 15
8 14 5
8 5 3
8 3 2
8 2 0
8 2 1
8 5 4
8 14 13
8 13 12
8 12 10
8 10 9
8 9 6
8 9 8
8 8 7
8 12 11
9 15 14
9 14 12
9 12 10
9 10 6
9 6 0
9 6 5
9 5 4
9 4 1
9 4 3
9 3 2
9 10 9
9 9 7
9 9 8
9 12 11
9 14 13
10 16 14
10 14 0
10 14 13
10 13 8
10 8 5
10 5 1
10 5 4
10 4 2
10 4 3
10 8 7
10 7 6
10 13 12
10 12 10
10 10 9
10 12 11
10 16 15
11 15 14
11 14 13
11 13 2
11 2 1
11 1 0
11 13 12
11 12 11
11 11 7
11 7 6
11 6 5
11 5 4
11 4 3
11 11 10
11 10 8
11 10 9
12 17 15
12 15 3
12 3 0
12 3 2
12 2 1
12 15 14
12 14 8
12 8 6
12 6 4
12 6 5
12 8 7
12 14 13
12 13 12
12 12 11
12 11 10
12 10 9
12 17 16
13 16 15
13 15 14
13 14 12
13 12 11
13 11 3
13 3 2
13 2 1
13 1 0
13 11 10
13 10 9
13 9 6
13 6 4
13 6 5
13 9 8
13 8 7
13 14 13
14 19 18
14 18 3
14 3 1
14 1 0
14 3 2
14 18 17
14 17 5
14 5 4
14 17 16
14 16 15
14 15 14
14 14 9
14 9 8
14 8 7
14 7 6
14 14 13
14 13 12
14 12 10
14 12 11
15 17 15
15 15 14
15 14 0
15 14 13
15 13 11
15 11 3
15 3 2
15 2 1
15 11 10
15 10 8
15 8 7
15 7 6
15 6 4
15 6 5
15 10 9
15 13 12
15 17 16
16 17 16
16 16 9
16 9 6
16 6 5
16 5 4
16 4 3
16 3 2
16 2 1
16 1 0
16 9 8
16 8 7
16 16 15
16 15 13
16 13 12
16 12 11
16 11 10
16 15 14
17 17 2
17 2 0
17 2 1
17 17 16
17 16 14
17 14 4
17 4 3
17 14 13
17 13 5
17 13 12
17 12 10
17 10 6
17 10 9
17 9 7
17 9 8
17 12 11
17 16 15
18 17 0
18 17 16
18 16 6
18 6 5
18 5 1
18 5 4
18 4 3
18 3 2
18 16 15
18 15 14
18 14 7
18 14 13
18 13 12
18 12 10
18 10 9
18 9 8
18 12 11
19 14 13
19 13 7
19 7 6
19 6 4
19 4 3
19 3 2
19 2 1
19 1 0
19 6 5
19 13 12
19 12 11
19 11 8
19 11 10
19 10 9
20 17 8
20 8 4
20 4 3
20 3 2
20 2 1
20 1 0
20 8 7
20 7 6
20 6 5
20 17 16
20 16 15
20 15 11
20 11 9
20 11 10
20 15 14
20 14 13
20 13 12
21 14 13
21 13 0
21 13 12
21 12 1
21 12 11
21 11 10
21 10 9
21 9 2
21 9 8
21 8 5
21 5 4
21 4 3
21 8 7
21 7 6
22 18 17
22 17 9
22 9 8
22 8 5
22 5 3
22 3 2
22 2 0
22 2 1
22 5 4
22 8 7
22 7 6
22 17 16
22 16 15
22 15 10
22 15 14
22 14 13
22 13 11
22 13 12
23 15 14
23 14 6
23 6 5
23 5 4
23 4 0
23 4 3
23 3 2
23 2 1
23 14 13
23 13 12
23 12 10
23 10 8
23 8 7
23 10 9
23 12 11
24 17 13
24 13 12
24 12 11
24 11 10
24 10 0
24 10 9
24 9 1
24 9 8
24 8 6
24 6 3
24 3 2
24 6 5
24 5 4
24 8 7
24 17 16
24 16 14
24 16 15
25 18 0
25 18 17
25 17 6
25 6 5
25 5 4
25 4 1
25 4 3
25 3 2
25 17 16
25 16 9
25 9 8
25 8 7
25 16 15
25 15 14
25 14 12
25 12 10
25 12 11
25 14 13
26 19 0
26 19 18
26 18 17
26 17 1
26 17 16
26 16 15
26 15 12
26 12 11
26 11 9
26 9 8
26 8 6
26 6 5
26 5 4
26 4 2
26 4 3
26 8 7
26 11 10
26 15 14
26 14 13
27 19 17
27 17 9
27 9 8
27 8 7
27 7 0
27 7 6
27 6 4
27 4 3
27 3 2
27 2 1
27 6 5
27 17 16
27 16 15
27 15 10
27 15 14
27 14 12
27 12 11
27 14 13
27 19 18
28 18 17
28 17 12
28 12 0
28 12 11
28 11 10
28 10 5
28 5 4
28 4 1
28 4 3
28 3 2
28 10 9
28 9 8
28 8 7
28 7 6
28 17 16
28 16 15
28 15 14
28 14 13
29 17 16
29 16 6
29 6 0
29 6 5
29 5 3
29 3 1
29 3 2
29 5 4
29 16 15
29 15 9
29 9 7
29 9 8
29 15 14
29 14 12
29 12 11
29 11 10
29 14 13
30 14 0
30 14 13
30 13 12
30 12 11
30 11 10
30 10 8
30 8 6
30 6 5
30 5 1
30 5 4
30 4 2
30 4 3
30 8 7
30 10 9
31 15 3
31 3 1
31 1 0
31 3 2
31 15 14
31 14 5
31 5 4
31 14 13
31 13 9
31 9 8
31 8 7
31 7 6
31 13 12
31 12 11
31 11 10
32 15 13
32 13 6
32 6 0
32 6 5
32 5 4
32 4 1
32 4 3
32 3 2
32 13 12
32 12 11
32 11 9
32 9 8
32 8 7
32 11 10
32 15 14
33 14 0
33 14 13
33 13 12
33 12 1
33 12 11
33 11 2
33 11 10
33 10 8
33 8 5
33 5 3
33 5 4
33 8 7
33 7 6
33 10 9
34 14 13
34 13 12
34 12 11
34 11 8
34 8 5
34 5 0
34 5 4
34 4 3
34 3 2
34 2 1
34 8 7
34 7 6
34 11 10
34 10 9
35 15 0
35 15 14
35 14 11
35 11 2
35 2 1
35 11 10
35 10 8
35 8 6
35 6 3
35 6 5
35 5 4
35 8 7
35 10 9
35 14 13
35 13 12
36 16 14
36 14 9
36 9 7
36 7 6
36 6 3
36 3 2
36 2 1
36 1 0
36 6 5
36 5 4
36 9 8
36 14 13
36 13 10
36 13 12
36 12 11
36 16 15
37 14 13
37 13 2
37 2 1
37 1 0
37 13 12
37 12 11
37 11 9
37 9 8
37 8 7
37 7 5
37 5 4
37 4 3
37 7 6
37 11 10
38 19 18
38 18 17
38 17 15
38 15 14
38 14 12
38 12 10
38 10 9
38 9 0
38 9 8
38 8 6
38 6 1
38 6 5
38 5 2
38 5 4
38 4 3
38 8 7
38 12 11
38 14 13
38 17 16
39 14 4
39 4 0
39 4 3
39 3 1
39 3 2
39 14 13
39 13 12
39 12 5
39 12 11
39 11 6
39 11 10
39 10 7
39 10 9
39 9 8
40 18 16
40 16 0
40 16 15
40 15 4
40 4 3
40 3 2
40 2 1
40 15 14
40 14 11
40 11 10
40 10 9
40 9 5
40 9 8
40 8 7
40 7 6
40 14 13
40 13 12
40 18 17
41 14 12
41 12 7
41 7 2
41 2 1
41 1 0
41 7 6
41 6 5
41 5 3
41 5 4
41 12 11
41 11 9
41 9 8
41 11 10
41 14 13
42 15 14
42 14 12
42 12 10
42 10 9
42 9 0
42 9 8
42 8 4
42 4 3
42 3 1
42 3 2
42 8 7
42 7 5
42 7 6
42 12 11
42 14 13
43 19 18
43 18 17
43 17 12
43 12 0
43 12 11
43 11 10
43 10 1
43 10 9
43 9 3
43 3 2
43 9 8
43 8 7
43 7 5
43 5 4
43 7 6
43 17 16
43 16 14
43 14 13
43 16 15
44 17 5
44 5 1
44 1 0
44 5 4
44 4 2
44 4 3
44 17 16
44 16 15
44 15 9
44 9 8
44 8 7
44 7 6
44 15 14
44 14 11
44 11 10
44 14 13
44 13 12
45 19 1
45 1 0
45 19 18
45 18 17
45 17 11
45 11 3
45 3 2
45 11 10
45 10 4
45 10 9
45 9 6
45 6 5
45 9 8
45 8 7
45 17 16
45 16 14
45 14 12
45 14 13
45 16 15
46 18 17
46 17 7
46 7 5
46 5 4
46 4 2
46 2 1
46 1 0
46 4 3
46 7 6
46 17 16
46 16 15
46 15 9
46 9 8
46 15 14
46 14 10
46 14 13
46 13 12
46 12 11
47 14 11
47 11 0
47 11 10
47 10 9
47 9 7
47 7 1
47 7 6
47 6 2
47 6 5
47 5 3
47 5 4
47 9 8
47 14 13
47 13 12
48 19 13
48 13 11
48 11 3
48 3 2
48 2 0
48 2 1
48 11 10
48 10 4
48 10 9
48 9 8
48 8 7
48 7 5
48 7 6
48 13 12
48 19 18
48 18 17
48 17 16
48 16 14
48 16 15
49 17 14
49 14 3
49 3 1
49 1 0
49 3 2
49 14 13
49 13 11
49 11 8
49 8 4
49 8 7
49 7 6
49 6 5
49 11 10
49 10 9
49 13 12
49 17 16
49 16 15
50 17 15
50 15 3
50 3 1
50 1 0
50 3 2
50 15 14
50 14 13
50 13 8
50 8 4
50 8 7
50 7 6
50 6 5
50 13 12
50 12 10
50 10 9
50 12 11
50 17 16
51 16 15
51 15 1
51 1 0
51 15 14
51 14 13
51 13 11
51 11 3
51 3 2
51 11 10
51 10 9
51 9 5
51 5 4
51 9 8
51 8 6
51 8 7
51 13 12
52 14 11
52 11 10
52 10 6
52 6 5
52 5 3
52 3 0
52 3 2
52 2 1
52 5 4
52 10 9
52 9 7
52 9 8
52 14 13
52 13 12
53 18 3
53 3 2
53 2 0
53 2 1
53 18 17
53 17 16
53 16 15
53 15 8
53 8 7
53 7 6
53 6 5
53 5 4
53 15 14
53 14 13
53 13 9
53 13 12
53 12 10
53 12 11
54 18 17
54 17 14
54 14 13
54 13 12
54 12 9
54 9 2
54 2 0
54 2 1
54 9 8
54 8 5
54 5 3
54 5 4
54 8 7
54 7 6
54 12 11
54 11 10
54 17 16
54 16 15
55 14 10
55 10 6
55 6 2
55 2 0
55 2 1
55 6 5
55 5 3
55 5 4
55 10 9
55 9 7
55 9 8
55 14 13
55 13 12
55 12 11
56 17 16
56 16 15
56 15 14
56 14 12
56 12 11
56 11 0
56 11 10
56 10 9
56 9 8
56 8 7
56 7 5
56 5 4
56 4 3
56 3 2
56 2 1
56 7 6
56 14 13
57 16 14
57 14 12
57 12 5
57 5 0
57 5 4
57 4 2
57 2 1
57 4 3
57 12 11
57 11 6
57 11 10
57 10 9
57 9 7
57 9 8
57 14 13
57 16 15
58 14 13
58 13 12
58 12 11
58 11 3
58 3 2
58 2 1
58 1 0
58 11 10
58 10 4
58 10 9
58 9 5
58 9 8
58 8 7
58 7 6
59 18 1
59 1 0
59 18 17
59 17 15
59 15 13
59 13 12
59 12 7
59 7 2
59 7 6
59 6 4
59 4 3
59 6 5
59 12 11
59 11 8
59 11 10
59 10 9
59 15 14
59 17 16
60 15 14
60 14 0
60 14 13
60 13 12
60 12 11
60 11 1
60 11 10
60 10 7
60 7 2
60 7 6
60 6 5
60 5 3
60 5 4
60 10 9
60 9 8
61 19 1
61 1 0
61 19 18
61 18 4
61 4 3
61 3 2
61 18 17
61 17 5
61 17 16
61 16 10
61 10 9
61 9 7
61 7 6
61 9 8
61 16 15
61 15 13
61 13 12
61 12 11
61 15 14
62 17 8
62 8 6
62 6 5
62 5 0
62 5 4
62 4 3
62 3 1
62 3 2
62 8 7
62 17 16
62 16 15
62 15 10
62 10 9
62 15 14
62 14 13
62 13 12
62 12 11
63 14 12
63 12 1
63 1 0
63 12 11
63 11 2
63 11 10
63 10 4
63 4 3
63 10 9
63 9 5
63 9 8
63 8 7
63 7 6
63 14 13
64 15 8
64 8 2
64 2 1
64 1 0
64 8 7
64 7 5
64 5 3
64 5 4
64 7 6
64 15 14
64 14 12
64 12 11
64 11 9
64 11 10
64 14 13
65 19 17
65 17 13
65 13 12
65 12 0
65 12 11
65 11 1
65 11 10
65 10 5
65 5 4
65 4 2
65 4 3
65 10 9
65 9 8
65 8 7
65 7 6
65 17 16
65 16 14
65 16 15
65 19 18
66 17 15
66 15 7
66 7 6
66 6 5
66 5 4
66 4 3
66 3 2
66 2 1
66 1 0
66 15 14
66 14 13
66 13 10
66 10 8
66 10 9
66 13 12
66 12 11
66 17 16
67 18 17
67 17 2
67 2 0
67 2 1
67 17 16
67 16 15
67 15 4
67 4 3
67 15 14
67 14 5
67 14 13
67 13 11
67 11 6
67 11 10
67 10 8
67 8 7
67 10 9
67 13 12
68 15 0
68 15 14
68 14 1
68 14 13
68 13 12
68 12 10
68 10 9
68 9 7
68 7 6
68 6 5
68 5 2
68 5 4
68 4 3
68 9 8
68 12 11
69 17 6
69 6 0
69 6 5
69 5 4
69 4 2
69 2 1
69 4 3
69 17 16
69 16 15
69 15 13
69 13 7
69 13 12
69 12 8
69 12 11
69 11 9
69 11 10
69 15 14
70 19 17
70 17 9
70 9 7
70 7 1
70 1 0
70 7 6
70 6 2
70 6 5
70 5 4
70 4 3
70 9 8
70 17 16
70 16 12
70 12 11
70 11 10
70 16 15
70 15 13
70 15 14
70 19 18
71 17 15
71 15 12
71 12 11
71 11 2
71 2 0
71 2 1
71 11 10
71 10 3
71 10 9
71 9 8
71 8 7
71 7 6
71 6 4
71 6 5
71 15 14
71 14 13
71 17 16
72 18 17
72 17 16
72 16 15
72 15 14
72 14 13
72 13 11
72 11 9
72 9 3
72 3 0
72 3 2
72 2 1
72 9 8
72 8 6
72 6 5
72 5 4
72 8 7
72 11 10
72 13 12
73 15 0
73 15 14
73 14 12
73 12 8
73 8 6
73 6 4
73 4 3
73 3 1
73 3 2
73 6 5
73 8 7
73 12 11
73 11 9
73 11 10
73 14 13
74 19 18
74 18 13
74 13 12
74 12 11
74 11 10
74 10 4
74 4 3
74 3 1
74 1 0
74 3 2
74 10 9
74 9 8
74 8 7
74 7 5
74 7 6
74 18 17
74 17 16
74 16 14
74 16 15
75 15 9
75 9 8
75 8 6
75 6 5
75 5 2
75 2 0
75 2 1
75 5 4
75 4 3
75 8 7
75 15 14
75 14 11
75 11 10
75 14 13
75 13 12
76 15 0
76 15 14
76 14 13
76 13 1
76 13 12
76 12 3
76 3 2
76 12 11
76 11 10
76 10 9
76 9 8
76 8 6
76 6 5
76 5 4
76 8 7
77 15 1
77 1 0
77 15 14
77 14 4
77 4 3
77 3 2
77 14 13
77 13 6
77 6 5
77 13 12
77 12 11
77 11 9
77 9 7
77 9 8
77 11 10
78 19 18
78 18 16
78 16 14
78 14 13
78 13 1
78 1 0
78 13 12
78 12 6
78 6 4
78 4 2
78 4 3
78 6 5
78 12 11
78 11 9
78 9 8
78 8 7
78 11 10
78 16 15
78 18 17
79 18 10
79 10 8
79 8 7
79 7 6
79 6 0
79 6 5
79 5 4
79 4 2
79 2 1
79 4 3
79 10 9
79 18 17
79 17 15
79 15 14
79 14 11
79 14 13
79 13 12
79 17 16
80 15 0
80 15 14
80 14 8
80 8 6
80 6 5
80 5 4
80 4 3
80 3 1
80 3 2
80 8 7
80 14 13
80 13 12
80 12 11
80 11 10
80 10 9
81 16 14
81 14 13
81 13 12
81 12 5
81 5 4
81 4 3
81 3 0
81 3 2
81 2 1
81 12 11
81 11 10
81 10 9
81 9 6
81 9 8
81 8 7
81 16 15
82 14 13
82 13 4
82 4 2
82 2 1
82 1 0
82 4 3
82 13 12
82 12 11
82 11 9
82 9 5
82 9 8
82 8 7
82 7 6
82 11 10
83 19 16
83 16 15
83 15 14
83 14 12
83 12 11
83 11 9
83 9 4
83 4 1
83 1 0
83 4 3
83 3 2
83 9 8
83 8 5
83 8 7
83 7 6
83 11 10
83 14 13
83 19 18
83 18 17
84 16 0
84 16 15
84 15 7
84 7 6
84 6 5
84 5 3
84 3 2
84 2 1
84 5 4
84 15 14
84 14 13
84 13 12
84 12 11
84 11 10
84 10 8
84 10 9
85 18 5
85 5 3
85 3 2
85 2 0
85 2 1
85 5 4
85 18 17
85 17 16
85 16 12
85 12 11
85 11 10
85 10 6
85 10 9
85 9 8
85 8 7
85 16 15
85 15 14
85 14 13
86 19 18
86 18 17
86 17 16
86 16 14
86 14 12
86 12 11
86 11 10
86 10 9
86 9 0
86 9 8
86 8 6
86 6 5
86 5 1
86 5 4
86 4 3
86 3 2
86 8 7
86 14 13
86 16 15
87 16 11
87 11 10
87 10 9
87 9 0
87 9 8
87 8 6
87 6 5
87 5 3
87 3 2
87 2 1
87 5 4
87 8 7
87 16 15
87 15 14
87 14 13
87 13 12
88 15 12
88 12 11
88 11 10
88 10 9
88 9 0
88 9 8
88 8 6
88 6 5
88 5 4
88 4 2
88 2 1
88 4 3
88 8 7
88 15 14
88 14 13
89 19 4
89 4 0
89 4 3
89 3 1
89 3 2
89 19 18
89 18 17
89 17 5
89 17 16
89 16 15
89 15 13
89 13 12
89 12 10
89 10 8
89 8 6
89 8 7
89 10 9
89 12 11
89 15 14
90 19 0
90 19 18
90 18 17
90 17 15
90 15 10
90 10 9
90 9 7
90 7 6
90 6 5
90 5 1
90 5 4
90 4 2
90 4 3
90 9 8
90 15 14
90 14 11
90 14 13
90 13 12
90 17 16
91 17 10
91 10 8
91 8 6
91 6 5
91 5 4
91 4 3
91 3 1
91 1 0
91 3 2
91 8 7
91 10 9
91 17 16
91 16 12
91 12 11
91 16 15
91 15 14
91 14 13
92 15 3
92 3 2
92 2 0
92 2 1
92 15 14
92 14 9
92 9 8
92 8 6
92 6 5
92 5 4
92 8 7
92 14 13
92 13 12
92 12 10
92 12 11
93 17 6
93 6 5
93 5 4
93 4 1
93 1 0
93 4 3
93 3 2
93 17 16
93 16 12
93 12 11
93 11 10
93 10 8
93 8 7
93 10 9
93 16 15
93 15 13
93 15 14
94 18 17
94 17 12
94 12 5
94 5 1
94 1 0
94 5 4
94 4 2
94 4 3
94 12 11
94 11 6
94 11 10
94 10 8
94 8 7
94 10 9
94 17 16
94 16 15
94 15 13
94 15 14
95 14 0
95 14 13
95 13 7
95 7 1
95 7 6
95 6 2
95 6 5
95 5 4
95 4 3
95 13 12
95 12 10
95 10 9
95 9 8
95 12 11
96 14 8
96 8 7
96 7 6
96 6 5
96 5 4
96 4 2
96 2 0
96 2 1
96 4 3
96 14 13
96 13 10
96 10 9
96 13 12
96 12 11
97 15 12
97 12 0
97 12 11
97 11 10
97 10 9
97 9 8
97 8 5
97 5 3
97 3 1
97 3 2
97 5 4
97 8 7
97 7 6
97 15 14
97 14 13
98 15 14
98 14 13
98 13 12
98 12 10
98 10 9
98 9 8
98 8 7
98 7 0
98 7 6
98 6 4
98 4 3
98 3 1
98 3 2
98 6 5
98 12 11
99 18 17
99 17 15
99 15 14
99 14 13
99 13 12
99 12 11
99 11 6
99 6 5
99 5 4
99 4 3
99 3 2
99 2 1
99 1 0
99 11 10
99 10 8
99 8 7
99 10 9
99 17 16
100 16 9
100 9 7
100 7 3
100 3 2
100 2 1
100 1 0
100 7 6
100 6 5
100 5 4
100 9 8
100 16 15
100 15 10
100 15 14
100 14 11
100 14 13
100 13 12
101 17 16
101 16 15
101 15 13
101 13 11
101 11 0
101 11 10
101 10 5
101 5 4
101 4 2
101 2 1
101 4 3
101 10 9
101 9 6
101 9 8
101 8 7
101 13 12
101 15 14
