1 14 13
1 13 0
1 13 12
1 12 10
1 10 9
1 9 5
1 5 4
1 4 2
1 2 1
1 4 3
1 9 8
1 8 7
1 7 6
1 12 11
2 14 8
2 8 0
2 8 7
2 7 5
2 5 3
2 3 2
2 2 1
2 5 4
2 7 6
2 14 13
2 13 12
2 12 10
2 10 9
2 12 11
3 16 9
3 9 6
3 6 3
3 3 2
3 2 1
3 1 0
3 6 5
3 5 4
3 9 8
3 8 7
3 16 15
3 15 12
3 12 10
3 12 11
3 15 14
3 14 13
4 17 16
4 16 0
4 16 15
4 15 10
4 10 9
4 9 6
4 6 4
4 4 2
4 2 1
4 4 3
4 6 5
4 9 8
4 8 7
4 15 14
4 14 11
4 14 13
4 13 12
5 15 2
5 2 0
5 2 1
5 15 14
5 14 5
5 5 3
5 5 4
5 14 13
5 13 7
5 7 6
5 13 12
5 12 11
5 11 8
5 11 10
5 10 9
6 18 2
6 2 0
6 2 1
6 18 17
6 17 16
6 16 15
6 15 14
6 14 3
6 14 13
6 13 4
6 13 12
6 12 9
6 9 8
6 8 5
6 8 7
6 7 6
6 12 11
6 11 10
7 15 0
7 15 14
7 14 12
7 12 9
7 9 5
7 5 3
7 3 2
7 2 1
7 5 4
7 9 8
7 8 6
7 8 7
7 12 11
7 11 10
7 14 13
8 14 0
8 14 13
8 13 12
8 12 6
8 6 4
8 4 1
8 4 3
8 3 2
8 6 5
8 12 11
8 11 10
8 10 8
8 8 7
8 10 9
9 18 8
9 8 7
9 7 6
9 6 4
9 4 0
9 4 3
9 3 2
9 2 1
9 6 5
9 18 17
9 17 16
9 16 12
9 12 11
9 11 10
9 10 9
9 16 15
9 15 14
9 14 13
10 14 2
10 2 0
10 2 1
10 14 13
10 13 3
10 13 12
10 12 4
10 12 11
10 11 9
10 9 6
10 6 5
10 9 8
10 8 7
10 11 10
11 16 15
11 15 11
11 11 5
11 5 4
11 4 3
11 3 2
11 2 1
11 1 0
11 11 10
11 10 9
11 9 8
11 8 7
11 7 6
11 15 14
11 14 13
11 13 12
12 15 0
12 15 14
12 14 1
12 14 13
12 13 11
12 11 2
12 11 10
12 10 9
12 9 8
12 8 3
12 8 7
12 7 4
12 7 6
12 6 5
12 13 12
13 14 13
13 13 9
13 9 6
13 6 0
13 6 5
13 5 2
13 2 1
13 5 4
13 4 3
13 9 8
13 8 7
13 13 12
13 12 10
13 12 11
14 19 18
14 18 15
14 15 9
14 9 8
14 8 7
14 7 0
14 7 6
14 6 2
14 2 1
14 6 5
14 5 4
14 4 3
14 15 14
14 14 10
14 14 13
14 13 11
14 13 12
14 18 17
14 17 16
15 14 0
15 14 13
15 13 10
15 10 3
15 3 1
15 3 2
15 10 9
15 9 8
15 8 7
15 7 5
15 5 4
15 7 6
15 13 12
15 12 11
16 18 15
16 15 0
16 15 14
16 14 13
16 13 10
16 10 9
16 9 4
16 4 3
16 3 2
16 2 1
16 9 8
16 8 6
16 6 5
16 8 7
16 13 12
16 12 11
16 18 17
16 17 16
17 15 14
17 14 0
17 14 13
17 13 12
17 12 7
17 7 2
17 2 1
17 7 6
17 6 5
17 5 3
17 5 4
17 12 11
17 11 8
17 11 10
17 10 9
18 18 0
18 18 17
18 17 5
18 5 2
18 2 1
18 5 4
18 4 3
18 17 16
18 16 14
18 14 9
18 9 8
18 8 7
18 7 6
18 14 13
18 13 12
18 12 11
18 11 10
18 16 15
19 15 14
19 14 11
19 11 0
19 11 10
19 10 9
19 9 8
19 8 1
19 8 7
19 7 6
19 6 3
19 3 2
19 6 5
19 5 4
19 14 13
19 13 12
20 19 17
20 17 11
20 11 2
20 2 1
20 1 0
20 11 10
20 10 9
20 9 7
20 7 4
20 4 3
20 7 6
20 6 5
20 9 8
20 17 16
20 16 13
20 13 12
20 16 15
20 15 14
20 19 18
21 18 17
21 17 16
21 16 15
21 15 14
21 14 6
21 6 4
21 4 2
21 2 1
21 1 0
21 4 3
21 6 5
21 14 13
21 13 12
21 12 9
21 9 7
21 9 8
21 12 11
21 11 10
22 15 0
22 15 14
22 14 1
22 14 13
22 13 9
22 9 5
22 5 4
22 4 2
22 4 3
22 9 8
22 8 6
22 8 7
22 13 12
22 12 11
22 11 10
23 19 18
23 18 17
23 17 4
23 4 1
23 1 0
23 4 3
23 3 2
23 17 16
23 16 5
23 16 15
23 15 14
23 14 13
23 13 8
23 8 6
23 8 7
23 13 12
23 12 10
23 10 9
23 12 11
24 16 15
24 15 14
24 14 13
24 13 2
24 2 0
24 2 1
24 13 12
24 12 11
24 11 9
24 9 5
24 5 4
24 4 3
24 9 8
24 8 6
24 8 7
24 11 10
25 16 14
25 14 13
25 13 11
25 11 10
25 10 2
25 2 0
25 2 1
25 10 9
25 9 5
25 5 4
25 4 3
25 9 8
25 8 6
25 8 7
25 13 12
25 16 15
26 17 1
26 1 0
26 17 16
26 16 12
26 12 2
26 12 11
26 11 7
26 7 6
26 6 4
26 4 3
26 6 5
26 11 10
26 10 8
26 10 9
26 16 15
26 15 14
26 14 13
27 16 15
27 15 10
27 10 9
27 9 0
27 9 8
27 8 7
27 7 5
27 5 4
27 4 3
27 3 2
27 2 1
27 7 6
27 15 14
27 14 13
27 13 12
27 12 11
28 17 2
28 2 0
28 2 1
28 17 16
28 16 7
28 7 3
28 7 6
28 6 4
28 6 5
28 16 15
28 15 13
28 13 12
28 12 11
28 11 10
28 10 8
28 10 9
28 15 14
29 16 0
29 16 15
29 15 13
29 13 7
29 7 4
29 4 3
29 3 2
29 2 1
29 7 6
29 6 5
29 13 12
29 12 10
29 10 8
29 10 9
29 12 11
29 15 14
30 14 1
30 1 0
30 14 13
30 13 11
30 11 10
30 10 9
30 9 5
30 5 4
30 4 3
30 3 2
30 9 8
30 8 6
30 8 7
30 13 12
31 18 12
31 12 11
31 11 10
31 10 3
31 3 0
31 3 2
31 2 1
31 10 9
31 9 8
31 8 7
31 7 4
31 7 6
31 6 5
31 18 17
31 17 14
31 14 13
31 17 16
31 16 15
32 18 17
32 17 16
32 16 8
32 8 7
32 7 1
32 1 0
32 7 6
32 6 2
32 6 5
32 5 3
32 5 4
32 16 15
32 15 14
32 14 13
32 13 10
32 10 9
32 13 12
32 12 11
33 18 14
33 14 13
33 13 12
33 12 10
33 10 1
33 1 0
33 10 9
33 9 2
33 9 8
33 8 3
33 8 7
33 7 5
33 5 4
33 7 6
33 12 11
33 18 17
33 17 15
33 17 16
34 14 10
34 10 1
34 1 0
34 10 9
34 9 2
34 9 8
34 8 6
34 6 3
34 6 5
34 5 4
34 8 7
34 14 13
34 13 11
34 13 12
35 19 18
35 18 17
35 17 0
35 17 16
35 16 1
35 16 15
35 15 6
35 6 3
35 3 2
35 6 5
35 5 4
35 15 14
35 14 10
35 10 8
35 8 7
35 10 9
35 14 13
35 13 11
35 13 12
36 18 5
36 5 4
36 4 1
36 1 0
36 4 3
36 3 2
36 18 17
36 17 16
36 16 15
36 15 12
36 12 11
36 11 6
36 11 10
36 10 7
36 10 9
36 9 8
36 15 14
36 14 13
37 16 5
37 5 3
37 3 2
37 2 0
37 2 1
37 5 4
37 16 15
37 15 7
37 7 6
37 15 14
37 14 11
37 11 9
37 9 8
37 11 10
37 14 13
37 13 12
38 14 0
38 14 13
38 13 1
38 13 12
38 12 8
38 8 7
38 7 6
38 6 5
38 5 3
38 3 2
38 5 4
38 12 11
38 11 9
38 11 10
39 16 15
39 15 14
39 14 7
39 7 6
39 6 1
39 1 0
39 6 5
39 5 3
39 3 2
39 5 4
39 14 13
39 13 11
39 11 10
39 10 8
39 10 9
39 13 12
40 14 7
40 7 5
40 5 2
40 2 0
40 2 1
40 5 4
40 4 3
40 7 6
40 14 13
40 13 11
40 11 8
40 11 10
40 10 9
40 13 12
41 17 0
41 17 16
41 16 14
41 14 13
41 13 2
41 2 1
41 13 12
41 12 11
41 11 10
41 10 5
41 5 3
41 5 4
41 10 9
41 9 8
41 8 6
41 8 7
41 16 15
42 19 18
42 18 15
42 15 0
42 15 14
42 14 5
42 5 3
42 3 1
42 3 2
42 5 4
42 14 13
42 13 6
42 13 12
42 12 10
42 10 7
42 10 9
42 9 8
42 12 11
42 18 17
42 17 16
43 15 0
43 15 14
43 14 10
43 10 2
43 2 1
43 10 9
43 9 3
43 9 8
43 8 5
43 5 4
43 8 7
43 7 6
43 14 13
43 13 12
43 12 11
44 14 13
44 13 11
44 11 3
44 3 0
44 3 2
44 2 1
44 11 10
44 10 9
44 9 7
44 7 5
44 5 4
44 7 6
44 9 8
44 13 12
45 16 0
45 16 15
45 15 3
45 3 2
45 2 1
45 15 14
45 14 6
45 6 5
45 5 4
45 14 13
45 13 11
45 11 9
45 9 7
45 9 8
45 11 10
45 13 12
46 14 9
46 9 0
46 9 8
46 8 7
46 7 5
46 5 4
46 4 3
46 3 2
46 2 1
46 7 6
46 14 13
46 13 12
46 12 11
46 11 10
47 19 18
47 18 17
47 17 16
47 16 12
47 12 11
47 11 0
47 11 10
47 10 8
47 8 7
47 7 5
47 5 3
47 3 1
47 3 2
47 5 4
47 7 6
47 10 9
47 16 15
47 15 13
47 15 14
48 19 0
48 19 18
48 18 1
48 18 17
48 17 14
48 14 13
48 13 7
48 7 5
48 5 4
48 4 2
48 4 3
48 7 6
48 13 12
48 12 11
48 11 10
48 10 9
48 9 8
48 17 16
48 16 15
49 18 17
49 17 16
49 16 14
49 14 11
49 11 0
49 11 10
49 10 4
49 4 3
49 3 1
49 3 2
49 10 9
49 9 5
49 9 8
49 8 6
49 8 7
49 14 13
49 13 12
49 16 15
50 15 14
50 14 12
50 12 10
50 10 0
50 10 9
50 9 2
50 2 1
50 9 8
50 8 5
50 5 4
50 4 3
50 8 7
50 7 6
50 12 11
50 14 13
51 17 16
51 16 14
51 14 13
51 13 12
51 12 11
51 11 6
51 6 0
51 6 5
51 5 4
51 4 2
51 2 1
51 4 3
51 11 10
51 10 7
51 10 9
51 9 8
51 16 15
52 18 17
52 17 16
52 16 9
52 9 8
52 8 6
52 6 4
52 4 3
52 3 2
52 2 0
52 2 1
52 6 5
52 8 7
52 16 15
52 15 13
52 13 11
52 11 10
52 13 12
52 15 14
53 14 1
53 1 0
53 14 13
53 13 2
53 13 12
53 12 11
53 11 3
53 11 10
53 10 7
53 7 6
53 6 5
53 5 4
53 10 9
53 9 8
54 18 14
54 14 12
54 12 7
54 7 5
54 5 1
54 1 0
54 5 4
54 4 3
54 3 2
54 7 6
54 12 11
54 11 9
54 9 8
54 11 10
54 14 13
54 18 17
54 17 15
54 17 16
55 17 16
55 16 15
55 15 3
55 3 2
55 2 1
55 1 0
55 15 14
55 14 5
55 5 4
55 14 13
55 13 6
55 13 12
55 12 9
55 9 7
55 9 8
55 12 11
55 11 10
56 15 14
56 14 2
56 2 1
56 1 0
56 14 13
56 13 6
56 6 5
56 5 4
56 4 3
56 13 12
56 12 7
56 12 11
56 11 10
56 10 9
56 9 8
57 17 16
57 16 4
57 4 1
57 1 0
57 4 3
57 3 2
57 16 15
57 15 14
57 14 5
57 14 13
57 13 9
57 9 7
57 7 6
57 9 8
57 13 12
57 12 11
57 11 10
58 15 0
58 15 14
58 14 3
58 3 1
58 3 2
58 14 13
58 13 12
58 12 4
58 12 11
58 11 5
58 11 10
58 10 6
58 10 9
58 9 7
58 9 8
59 18 4
59 4 2
59 2 0
59 2 1
59 4 3
59 18 17
59 17 16
59 16 5
59 16 15
59 15 13
59 13 8
59 8 7
59 7 6
59 13 12
59 12 11
59 11 10
59 10 9
59 15 14
60 18 17
60 17 16
60 16 0
60 16 15
60 15 8
60 8 1
60 8 7
60 7 2
60 7 6
60 6 5
60 5 3
60 5 4
60 15 14
60 14 13
60 13 12
60 12 11
60 11 10
60 10 9
61 17 13
61 13 5
61 5 4
61 4 2
61 2 1
61 1 0
61 4 3
61 13 12
61 12 11
61 11 8
61 8 7
61 7 6
61 11 10
61 10 9
61 17 16
61 16 15
61 15 14
62 17 16
62 16 14
62 14 0
62 14 13
62 13 1
62 13 12
62 12 11
62 11 10
62 10 3
62 3 2
62 10 9
62 9 6
62 6 5
62 5 4
62 9 8
62 8 7
62 16 15
63 16 6
63 6 1
63 1 0
63 6 5
63 5 4
63 4 2
63 4 3
63 16 15
63 15 14
63 14 10
63 10 7
63 10 9
63 9 8
63 14 13
63 13 12
63 12 11
64 16 9
64 9 8
64 8 7
64 7 0
64 7 6
64 6 2
64 2 1
64 6 5
64 5 4
64 4 3
64 16 15
64 15 13
64 13 10
64 13 12
64 12 11
64 15 14
65 18 1
65 1 0
65 18 17
65 17 15
65 15 6
65 6 3
65 3 2
65 6 5
65 5 4
65 15 14
65 14 8
65 8 7
65 14 13
65 13 12
65 12 10
65 10 9
65 12 11
65 17 16
66 18 0
66 18 17
66 17 1
66 17 16
66 16 15
66 15 11
66 11 2
66 11 10
66 10 3
66 10 9
66 9 8
66 8 7
66 7 6
66 6 5
66 5 4
66 15 14
66 14 12
66 14 13
67 14 7
67 7 4
67 4 2
67 2 1
67 1 0
67 4 3
67 7 6
67 6 5
67 14 13
67 13 11
67 11 10
67 10 8
67 10 9
67 13 12
68 14 12
68 12 11
68 11 0
68 11 10
68 10 1
68 10 9
68 9 3
68 3 2
68 9 8
68 8 7
68 7 5
68 5 4
68 7 6
68 14 13
69 16 8
69 8 6
69 6 4
69 4 3
69 3 0
69 3 2
69 2 1
69 6 5
69 8 7
69 16 15
69 15 9
69 15 14
69 14 10
69 14 13
69 13 12
69 12 11
70 16 0
70 16 15
70 15 14
70 14 13
70 13 12
70 12 11
70 11 9
70 9 8
70 8 7
70 7 2
70 2 1
70 7 6
70 6 5
70 5 4
70 4 3
70 11 10
71 15 14
71 14 13
71 13 11
71 11 0
71 11 10
71 10 3
71 3 1
71 3 2
71 10 9
71 9 8
71 8 4
71 8 7
71 7 6
71 6 5
71 13 12
72 16 15
72 15 13
72 13 2
72 2 1
72 1 0
72 13 12
72 12 11
72 11 3
72 11 10
72 10 9
72 9 7
72 7 4
72 7 6
72 6 5
72 9 8
72 15 14
73 16 14
73 14 10
73 10 8
73 8 7
73 7 6
73 6 3
73 3 2
73 2 0
73 2 1
73 6 5
73 5 4
73 10 9
73 14 13
73 13 11
73 13 12
73 16 15
74 14 0
74 14 13
74 13 11
74 11 8
74 8 1
74 8 7
74 7 6
74 6 3
74 3 2
74 6 5
74 5 4
74 11 10
74 10 9
74 13 12
75 15 14
75 14 2
75 2 1
75 1 0
75 14 13
75 13 6
75 6 3
75 6 5
75 5 4
75 13 12
75 12 8
75 8 7
75 12 11
75 11 9
75 11 10
76 14 13
76 13 11
76 11 0
76 11 10
76 10 1
76 10 9
76 9 8
76 8 2
76 8 7
76 7 6
76 6 4
76 4 3
76 6 5
76 13 12
77 16 6
77 6 5
77 5 4
77 4 1
77 1 0
77 4 3
77 3 2
77 16 15
77 15 8
77 8 7
77 15 14
77 14 13
77 13 12
77 12 11
77 11 9
77 11 10
78 15 12
78 12 11
78 11 10
78 10 2
78 2 0
78 2 1
78 10 9
78 9 8
78 8 3
78 8 7
78 7 6
78 6 4
78 6 5
78 15 14
78 14 13
79 18 17
79 17 10
79 10 9
79 9 8
79 8 5
79 5 0
79 5 4
79 4 3
79 3 1
79 3 2
79 8 7
79 7 6
79 17 16
79 16 15
79 15 14
79 14 11
79 14 13
79 13 12
80 15 14
80 14 13
80 13 10
80 10 9
80 9 4
80 4 1
80 1 0
80 4 3
80 3 2
80 9 8
80 8 6
80 6 5
80 8 7
80 13 12
80 12 11
81 19 5
81 5 0
81 5 4
81 4 3
81 3 2
81 2 1
81 19 18
81 18 11
81 11 10
81 10 9
81 9 7
81 7 6
81 9 8
81 18 17
81 17 13
81 13 12
81 17 16
81 16 14
81 16 15
82 14 13
82 13 11
82 11 10
82 10 9
82 9 6
82 6 5
82 5 0
82 5 4
82 4 1
82 4 3
82 3 2
82 9 8
82 8 7
82 13 12
83 16 15
83 15 6
83 6 0
83 6 5
83 5 3
83 3 1
83 3 2
83 5 4
83 15 14
83 14 8
83 8 7
83 14 13
83 13 11
83 11 10
83 10 9
83 13 12
84 15 13
84 13 12
84 12 0
84 12 11
84 11 1
84 11 10
84 10 2
84 10 9
84 9 4
84 4 3
84 9 8
84 8 6
84 6 5
84 8 7
84 15 14
85 19 18
85 18 0
85 18 17
85 17 15
85 15 8
85 8 3
85 3 2
85 2 1
85 8 7
85 7 6
85 6 5
85 5 4
85 15 14
85 14 13
85 13 12
85 12 9
85 12 11
85 11 10
85 17 16
86 19 1
86 1 0
86 19 18
86 18 14
86 14 13
86 13 12
86 12 8
86 8 4
86 4 3
86 3 2
86 8 7
86 7 5
86 7 6
86 12 11
86 11 10
86 10 9
86 18 17
86 17 16
86 16 15
87 14 12
87 12 6
87 6 5
87 5 4
87 4 3
87 3 2
87 2 0
87 2 1
87 12 11
87 11 7
87 11 10
87 10 9
87 9 8
87 14 13
88 19 4
88 4 0
88 4 3
88 3 1
88 3 2
88 19 18
88 18 16
88 16 15
88 15 8
88 8 5
88 8 7
88 7 6
88 15 14
88 14 12
88 12 10
88 10 9
88 12 11
88 14 13
88 18 17
89 14 0
89 14 13
89 13 11
89 11 8
89 8 7
89 7 5
89 5 3
89 3 1
89 3 2
89 5 4
89 7 6
89 11 10
89 10 9
89 13 12
90 19 15
90 15 11
90 11 0
90 11 10
90 10 9
90 9 8
90 8 7
90 7 5
90 5 4
90 4 1
90 4 3
90 3 2
90 7 6
90 15 14
90 14 13
90 13 12
90 19 18
90 18 16
90 18 17
91 19 1
91 1 0
91 19 18
91 18 11
91 11 8
91 8 7
91 7 6
91 6 3
91 3 2
91 6 5
91 5 4
91 11 10
91 10 9
91 18 17
91 17 15
91 15 13
91 13 12
91 15 14
91 17 16
92 17 16
92 16 0
92 16 15
92 15 2
92 2 1
92 15 14
92 14 13
92 13 12
92 12 10
92 10 8
92 8 7
92 7 6
92 6 4
92 4 3
92 6 5
92 10 9
92 12 11
93 19 17
93 17 15
93 15 14
93 14 12
93 12 11
93 11 7
93 7 6
93 6 0
93 6 5
93 5 3
93 3 2
93 2 1
93 5 4
93 11 10
93 10 9
93 9 8
93 14 13
93 17 16
93 19 18
94 17 0
94 17 16
94 16 9
94 9 8
94 8 6
94 6 1
94 6 5
94 5 3
94 3 2
94 5 4
94 8 7
94 16 15
94 15 14
94 14 10
94 14 13
94 13 12
94 12 11
95 17 16
95 16 0
95 16 15
95 15 14
95 14 12
95 12 3
95 3 1
95 3 2
95 12 11
95 11 10
95 10 9
95 9 8
95 8 7
95 7 4
95 7 6
95 6 5
95 14 13
96 15 9
96 9 6
96 6 0
96 6 5
96 5 4
96 4 3
96 3 1
96 3 2
96 9 8
96 8 7
96 15 14
96 14 10
96 14 13
96 13 12
96 12 11
97 19 7
97 7 0
97 7 6
97 6 5
97 5 3
97 3 1
97 3 2
97 5 4
97 19 18
97 18 9
97 9 8
97 18 17
97 17 15
97 15 11
97 11 10
97 15 14
97 14 13
97 13 12
97 17 16
98 14 3
98 3 2
98 2 0
98 2 1
98 14 13
98 13 4
98 13 12
98 12 11
98 11 10
98 10 9
98 9 5
98 9 8
98 8 6
98 8 7
99 16 15
99 15 14
99 14 8
99 8 1
99 1 0
99 8 7
99 7 6
99 6 5
99 5 4
99 4 3
99 3 2
99 14 13
99 13 11
99 11 10
99 10 9
99 13 12
100 19 9
100 9 1
100 1 0
100 9 8
100 8 6
100 6 3
100 3 2
100 6 5
100 5 4
100 8 7
100 19 18
100 18 11
100 11 10
100 18 17
100 17 12
100 17 16
100 16 15
100 15 13
100 15 14
101 15 11
101 11 6
101 6 5
101 5 4
101 4 0
101 4 3
101 3 1
101 3 2
101 11 10
101 10 7
101 10 9
101 9 8
101 15 14
101 14 13
101 13 12
