1 16 14
1 14 6
1 6 0
1 6 5
1 5 3
1 3 1
1 3 2
1 5 4
1 14 13
1 13 12
1 12 11
1 11 9
1 9 8
1 8 7
1 11 10
1 16 15
2 17 15
2 15 13
2 13 12
2 12 9
2 9 8
2 8 7
2 7 6
2 6 5
2 5 4
2 4 0
2 4 3
2 3 2
2 2 1
2 12 11
2 11 10
2 15 14
2 17 16
3 14 0
3 14 13
3 13 12
3 12 11
3 11 1
3 11 10
3 10 9
3 9 7
3 7 6
3 6 5
3 5 3
3 3 2
3 5 4
3 9 8
4 14 13
4 13 12
4 12 11
4 11 9
4 9 8
4 8 7
4 7 6
4 6 5
4 5 2
4 2 0
4 2 1
4 5 4
4 4 3
4 11 10
5 17 16
5 16 10
5 10 0
5 10 9
5 9 8
5 8 3
5 3 1
5 3 2
5 8 7
5 7 4
5 7 6
5 6 5
5 16 15
5 15 13
5 13 11
5 13 12
5 15 14
6 19 0
6 19 18
6 18 11
6 11 10
6 10 1
6 10 9
6 9 2
6 9 8
6 8 7
6 7 5
6 5 4
6 4 3
6 7 6
6 18 17
6 17 13
6 13 12
6 17 16
6 16 14
6 16 15
7 16 15
7 15 0
7 15 14
7 14 12
7 12 4
7 4 3
7 3 2
7 2 1
7 12 11
7 11 6
7 6 5
7 11 10
7 10 9
7 9 8
7 8 7
7 14 13
8 17 15
8 15 1
8 1 0
8 15 14
8 14 13
8 13 12
8 12 7
8 7 6
8 6 5
8 5 4
8 4 2
8 4 3
8 12 11
8 11 8
8 11 10
8 10 9
8 17 16
9 19 18
9 18 0
9 18 17
9 17 16
9 16 3
9 3 1
9 3 2
9 16 15
9 15 8
9 8 7
9 7 6
9 6 5
9 5 4
9 15 14
9 14 9
9 14 13
9 13 10
9 13 12
9 12 11
10 14 13
10 13 10
10 10 5
10 5 4
10 4 3
10 3 2
10 2 0
10 2 1
10 10 9
10 9 8
10 8 6
10 8 7
10 13 12
10 12 11
11 14 0
11 14 13
11 13 4
11 4 2
11 2 1
11 4 3
11 13 12
11 12 11
11 11 7
11 7 6
11 6 5
11 11 10
11 10 9
11 9 8
12 17 16
12 16 15
12 15 14
12 14 12
12 12 0
12 12 11
12 11 4
12 4 2
12 2 1
12 4 3
12 11 10
12 10 6
12 6 5
12 10 9
12 9 7
12 9 8
12 14 13
13 19 9
13 9 8
13 8 6
13 6 4
13 4 3
13 3 0
13 3 2
13 2 1
13 6 5
13 8 7
13 19 18
13 18 17
13 17 10
13 17 16
13 16 13
13 13 11
13 13 12
13 16 15
13 15 14
14 15 13
14 13 2
14 2 1
14 1 0
14 13 12
14 12 3
14 12 11
14 11 7
14 7 6
14 6 5
14 5 4
14 11 10
14 10 8
14 10 9
14 15 14
15 18 16
15 16 14
15 14 12
15 12 0
15 12 11
15 11 8
15 8 7
15 7 1
15 7 6
15 6 5
15 5 3
15 3 2
15 5 4
15 11 10
15 10 9
15 14 13
15 16 15
15 18 17
16 17 16
16 16 11
16 11 10
16 10 0
16 10 9
16 9 2
16 2 1
16 9 8
16 8 7
16 7 6
16 6 5
16 5 4
16 4 3
16 16 15
16 15 14
16 14 12
16 14 13
17 15 14
17 14 9
17 9 7
17 7 6
17 6 0
17 6 5
17 5 3
17 3 2
17 2 1
17 5 4
17 9 8
17 14 13
17 13 11
17 11 10
17 13 12
18 18 16
18 16 15
18 15 14
18 14 2
18 2 1
18 1 0
18 14 13
18 13 4
18 4 3
18 13 12
18 12 11
18 11 5
18 11 10
18 10 6
18 10 9
18 9 7
18 9 8
18 18 17
19 14 13
19 13 12
19 12 10
19 10 1
19 1 0
19 10 9
19 9 8
19 8 3
19 3 2
19 8 7
19 7 6
19 6 4
19 6 5
19 12 11
20 17 16
20 16 15
20 15 14
20 14 8
20 8 7
20 7 6
20 6 2
20 2 1
20 1 0
20 6 5
20 5 3
20 5 4
20 14 13
20 13 12
20 12 11
20 11 9
20 11 10
21 14 11
21 11 10
21 10 9
21 9 7
21 7 0
21 7 6
21 6 5
21 5 2
21 2 1
21 5 4
21 4 3
21 9 8
21 14 13
21 13 12
22 16 0
22 16 15
22 15 14
22 14 13
22 13 4
22 4 2
22 2 1
22 4 3
22 13 12
22 12 11
22 11 10
22 10 8
22 8 7
22 7 5
22 7 6
22 10 9
23 18 16
23 16 8
23 8 2
23 2 1
23 1 0
23 8 7
23 7 4
23 4 3
23 7 6
23 6 5
23 16 15
23 15 14
23 14 9
23 14 13
23 13 12
23 12 10
23 12 11
23 18 17
24 15 13
24 13 0
24 13 12
24 12 10
24 10 9
24 9 8
24 8 7
24 7 5
24 5 3
24 3 1
24 3 2
24 5 4
24 7 6
24 12 11
24 15 14
25 17 16
25 16 15
25 15 11
25 11 10
25 10 9
25 9 3
25 3 0
25 3 2
25 2 1
25 9 8
25 8 7
25 7 5
25 5 4
25 7 6
25 15 14
25 14 13
25 13 12
26 14 13
26 13 0
26 13 12
26 12 11
26 11 10
26 10 3
26 3 2
26 2 1
26 10 9
26 9 7
26 7 6
26 6 5
26 5 4
26 9 8
27 16 12
27 12 11
27 11 8
27 8 7
27 7 4
27 4 2
27 2 0
27 2 1
27 4 3
27 7 6
27 6 5
27 11 10
27 10 9
27 16 15
27 15 13
27 15 14
28 17 5
28 5 4
28 4 1
28 1 0
28 4 3
28 3 2
28 17 16
28 16 12
28 12 7
28 7 6
28 12 11
28 11 9
28 9 8
28 11 10
28 16 15
28 15 14
28 14 13
29 15 14
29 14 13
29 13 11
29 11 9
29 9 8
29 8 0
29 8 7
29 7 6
29 6 4
29 4 1
29 4 3
29 3 2
29 6 5
29 11 10
29 13 12
30 19 17
30 17 5
30 5 4
30 4 1
30 1 0
30 4 3
30 3 2
30 17 16
30 16 15
30 15 14
30 14 13
30 13 6
30 13 12
30 12 8
30 8 7
30 12 11
30 11 10
30 10 9
30 19 18
31 19 18
31 18 9
31 9 8
31 8 5
31 5 3
31 3 0
31 3 2
31 2 1
31 5 4
31 8 7
31 7 6
31 18 17
31 17 13
31 13 12
31 12 11
31 11 10
31 17 16
31 16 15
31 15 14
32 18 9
32 9 7
32 7 5
32 5 3
32 3 1
32 1 0
32 3 2
32 5 4
32 7 6
32 9 8
32 18 17
32 17 10
32 17 16
32 16 15
32 15 14
32 14 11
32 14 13
32 13 12
33 15 13
33 13 12
33 12 0
33 12 11
33 11 9
33 9 3
33 3 2
33 2 1
33 9 8
33 8 7
33 7 4
33 7 6
33 6 5
33 11 10
33 15 14
34 14 13
34 13 12
34 12 4
34 4 0
34 4 3
34 3 2
34 2 1
34 12 11
34 11 10
34 10 9
34 9 6
34 6 5
34 9 8
34 8 7
35 19 17
35 17 0
35 17 16
35 16 14
35 14 12
35 12 8
35 8 1
35 8 7
35 7 6
35 6 5
35 5 4
35 4 2
35 4 3
35 12 11
35 11 10
35 10 9
35 14 13
35 16 15
35 19 18
36 18 9
36 9 8
36 8 4
36 4 2
36 2 0
36 2 1
36 4 3
36 8 7
36 7 6
36 6 5
36 18 17
36 17 11
36 11 10
36 17 16
36 16 15
36 15 12
36 15 14
36 14 13
37 15 13
37 13 11
37 11 1
37 1 0
37 11 10
37 10 2
37 10 9
37 9 8
37 8 7
37 7 4
37 4 3
37 7 6
37 6 5
37 13 12
37 15 14
38 19 18
38 18 17
38 17 1
38 1 0
38 17 16
38 16 2
38 16 15
38 15 14
38 14 12
38 12 9
38 9 8
38 8 7
38 7 5
38 5 4
38 4 3
38 7 6
38 12 11
38 11 10
38 14 13
39 15 10
39 10 9
39 9 3
39 3 0
39 3 2
39 2 1
39 9 8
39 8 4
39 8 7
39 7 6
39 6 5
39 15 14
39 14 11
39 14 13
39 13 12
40 18 17
40 17 11
40 11 10
40 10 8
40 8 7
40 7 6
40 6 5
40 5 4
40 4 3
40 3 0
40 3 2
40 2 1
40 10 9
40 17 16
40 16 13
40 13 12
40 16 15
40 15 14
41 16 13
41 13 0
41 13 12
41 12 3
41 3 2
41 2 1
41 12 11
41 11 8
41 8 4
41 8 7
41 7 6
41 6 5
41 11 10
41 10 9
41 16 15
41 15 14
42 15 14
42 14 3
42 3 2
42 2 0
42 2 1
42 14 13
42 13 5
42 5 4
42 13 12
42 12 11
42 11 6
42 11 10
42 10 8
42 8 7
42 10 9
43 14 13
43 13 12
43 12 1
43 1 0
43 12 11
43 11 9
43 9 7
43 7 5
43 5 3
43 3 2
43 5 4
43 7 6
43 9 8
43 11 10
44 17 16
44 16 15
44 15 0
44 15 14
44 14 13
44 13 10
44 10 9
44 9 7
44 7 4
44 4 3
44 3 2
44 2 1
44 7 6
44 6 5
44 9 8
44 13 12
44 12 11
45 14 10
45 10 0
45 10 9
45 9 4
45 4 3
45 3 2
45 2 1
45 9 8
45 8 7
45 7 6
45 6 5
45 14 13
45 13 11
45 13 12
46 18 9
46 9 6
46 6 1
46 1 0
46 6 5
46 5 4
46 4 3
46 3 2
46 9 8
46 8 7
46 18 17
46 17 10
46 17 16
46 16 14
46 14 11
46 14 13
46 13 12
46 16 15
47 15 13
47 13 7
47 7 6
47 6 0
47 6 5
47 5 1
47 5 4
47 4 3
47 3 2
47 13 12
47 12 11
47 11 10
47 10 9
47 9 8
47 15 14
48 16 0
48 16 15
48 15 10
48 10 1
48 10 9
48 9 2
48 9 8
48 8 6
48 6 5
48 5 4
48 4 3
48 8 7
48 15 14
48 14 12
48 12 11
48 14 13
49 17 0
49 17 16
49 16 12
49 12 1
49 12 11
49 11 2
49 11 10
49 10 9
49 9 5
49 5 4
49 4 3
49 9 8
49 8 6
49 8 7
49 16 15
49 15 13
49 15 14
50 17 11
50 11 7
50 7 0
50 7 6
50 6 5
50 5 4
50 4 3
50 3 2
50 2 1
50 11 10
50 10 8
50 10 9
50 17 16
50 16 15
50 15 12
50 15 14
50 14 13
51 14 12
51 12 0
51 12 11
51 11 7
51 7 6
51 6 1
51 6 5
51 5 2
51 5 4
51 4 3
51 11 10
51 10 9
51 9 8
51 14 13
52 15 13
52 13 0
52 13 12
52 12 2
52 2 1
52 12 11
52 11 10
52 10 5
52 5 3
52 5 4
52 10 9
52 9 8
52 8 6
52 8 7
52 15 14
53 18 17
53 17 0
53 17 16
53 16 1
53 16 15
53 15 14
53 14 4
53 4 2
53 4 3
53 14 13
53 13 12
53 12 11
53 11 9
53 9 8
53 8 5
53 8 7
53 7 6
53 11 10
54 18 14
54 14 0
54 14 13
54 13 3
54 3 1
54 3 2
54 13 12
54 12 11
54 11 10
54 10 9
54 9 8
54 8 7
54 7 4
54 7 6
54 6 5
54 18 17
54 17 15
54 17 16
55 14 13
55 13 12
55 12 11
55 11 10
55 10 9
55 9 7
55 7 6
55 6 1
55 1 0
55 6 5
55 5 4
55 4 3
55 3 2
55 9 8
56 14 12
56 12 0
56 12 11
56 11 10
56 10 6
56 6 4
56 4 3
56 3 2
56 2 1
56 6 5
56 10 9
56 9 8
56 8 7
56 14 13
57 15 13
57 13 12
57 12 2
57 2 0
57 2 1
57 12 11
57 11 10
57 10 7
57 7 6
57 6 4
57 4 3
57 6 5
57 10 9
57 9 8
57 15 14
58 15 11
58 11 9
58 9 7
58 7 4
58 4 3
58 3 2
58 2 1
58 1 0
58 7 6
58 6 5
58 9 8
58 11 10
58 15 14
58 14 12
58 14 13
59 14 1
59 1 0
59 14 13
59 13 3
59 3 2
59 13 12
59 12 11
59 11 10
59 10 9
59 9 4
59 9 8
59 8 7
59 7 6
59 6 5
60 14 13
60 13 12
60 12 10
60 10 9
60 9 7
60 7 2
60 2 1
60 1 0
60 7 6
60 6 5
60 5 3
60 5 4
60 9 8
60 12 11
61 16 12
61 12 10
61 10 9
61 9 8
61 8 7
61 7 2
61 2 0
61 2 1
61 7 6
61 6 4
61 4 3
61 6 5
61 12 11
61 16 15
61 15 13
61 15 14
62 16 14
62 14 3
62 3 2
62 2 0
62 2 1
62 14 13
62 13 12
62 12 11
62 11 9
62 9 8
62 8 4
62 8 7
62 7 5
62 7 6
62 11 10
62 16 15
63 19 18
63 18 17
63 17 16
63 16 0
63 16 15
63 15 14
63 14 11
63 11 5
63 5 1
63 5 4
63 4 2
63 4 3
63 11 10
63 10 9
63 9 8
63 8 6
63 8 7
63 14 13
63 13 12
64 14 13
64 13 2
64 2 1
64 1 0
64 13 12
64 12 4
64 4 3
64 12 11
64 11 10
64 10 6
64 6 5
64 10 9
64 9 7
64 9 8
65 15 0
65 15 14
65 14 4
65 4 3
65 3 1
65 3 2
65 14 13
65 13 12
65 12 5
65 12 11
65 11 10
65 10 6
65 10 9
65 9 8
65 8 7
66 14 0
66 14 13
66 13 1
66 13 12
66 12 2
66 12 11
66 11 9
66 9 6
66 6 5
66 5 4
66 4 3
66 9 8
66 8 7
66 11 10
67 14 12
67 12 6
67 6 0
67 6 5
67 5 1
67 5 4
67 4 2
67 4 3
67 12 11
67 11 7
67 11 10
67 10 9
67 9 8
67 14 13
68 14 13
68 13 12
68 12 11
68 11 0
68 11 10
68 10 3
68 3 2
68 2 1
68 10 9
68 9 8
68 8 7
68 7 5
68 5 4
68 7 6
69 19 0
69 19 18
69 18 17
69 17 2
69 2 1
69 17 16
69 16 15
69 15 10
69 10 8
69 8 7
69 7 6
69 6 3
69 6 5
69 5 4
69 10 9
69 15 14
69 14 11
69 14 13
69 13 12
70 16 15
70 15 4
70 4 0
70 4 3
70 3 1
70 3 2
70 15 14
70 14 11
70 11 8
70 8 7
70 7 5
70 7 6
70 11 10
70 10 9
70 14 13
70 13 12
71 18 0
71 18 17
71 17 12
71 12 1
71 12 11
71 11 5
71 5 3
71 3 2
71 5 4
71 11 10
71 10 9
71 9 6
71 9 8
71 8 7
71 17 16
71 16 15
71 15 13
71 15 14
72 18 17
72 17 14
72 14 12
72 12 11
72 11 10
72 10 9
72 9 2
72 2 0
72 2 1
72 9 8
72 8 6
72 6 3
72 6 5
72 5 4
72 8 7
72 14 13
72 17 16
72 16 15
73 16 14
73 14 4
73 4 3
73 3 1
73 1 0
73 3 2
73 14 13
73 13 5
73 13 12
73 12 11
73 11 6
73 11 10
73 10 9
73 9 7
73 9 8
73 16 15
74 15 13
74 13 3
74 3 1
74 1 0
74 3 2
74 13 12
74 12 10
74 10 7
74 7 6
74 6 5
74 5 4
74 10 9
74 9 8
74 12 11
74 15 14
75 18 15
75 15 11
75 11 5
75 5 2
75 2 1
75 1 0
75 5 4
75 4 3
75 11 10
75 10 6
75 10 9
75 9 8
75 8 7
75 15 14
75 14 13
75 13 12
75 18 17
75 17 16
76 14 13
76 13 12
76 12 3
76 3 2
76 2 1
76 1 0
76 12 11
76 11 4
76 11 10
76 10 9
76 9 5
76 9 8
76 8 6
76 8 7
77 18 16
77 16 0
77 16 15
77 15 5
77 5 3
77 3 2
77 2 1
77 5 4
77 15 14
77 14 6
77 14 13
77 13 11
77 11 10
77 10 9
77 9 8
77 8 7
77 13 12
77 18 17
78 15 14
78 14 1
78 1 0
78 14 13
78 13 12
78 12 11
78 11 10
78 10 9
78 9 8
78 8 7
78 7 2
78 7 6
78 6 3
78 6 5
78 5 4
79 17 7
79 7 6
79 6 5
79 5 0
79 5 4
79 4 3
79 3 1
79 3 2
79 17 16
79 16 15
79 15 8
79 15 14
79 14 13
79 13 12
79 12 11
79 11 10
79 10 9
80 18 0
80 18 17
80 17 1
80 17 16
80 16 15
80 15 2
80 15 14
80 14 3
80 14 13
80 13 10
80 10 9
80 9 4
80 9 8
80 8 5
80 8 7
80 7 6
80 13 12
80 12 11
81 16 15
81 15 13
81 13 1
81 1 0
81 13 12
81 12 11
81 11 9
81 9 8
81 8 7
81 7 3
81 3 2
81 7 6
81 6 4
81 6 5
81 11 10
81 15 14
82 17 16
82 16 15
82 15 8
82 8 7
82 7 6
82 6 5
82 5 3
82 3 0
82 3 2
82 2 1
82 5 4
82 15 14
82 14 13
82 13 12
82 12 10
82 10 9
82 12 11
83 16 15
83 15 13
83 13 12
83 12 8
83 8 0
83 8 7
83 7 1
83 7 6
83 6 5
83 5 4
83 4 3
83 3 2
83 12 11
83 11 9
83 11 10
83 15 14
84 16 4
84 4 3
84 3 2
84 2 0
84 2 1
84 16 15
84 15 11
84 11 8
84 8 6
84 6 5
84 8 7
84 11 10
84 10 9
84 15 14
84 14 13
84 13 12
85 14 13
85 13 5
85 5 3
85 3 2
85 2 0
85 2 1
85 5 4
85 13 12
85 12 9
85 9 6
85 9 8
85 8 7
85 12 11
85 11 10
86 18 14
86 14 1
86 1 0
86 14 13
86 13 7
86 7 6
86 6 4
86 4 3
86 3 2
86 6 5
86 13 12
86 12 9
86 9 8
86 12 11
86 11 10
86 18 17
86 17 15
86 17 16
87 14 0
87 14 13
87 13 12
87 12 11
87 11 4
87 4 3
87 3 1
87 3 2
87 11 10
87 10 8
87 8 5
87 8 7
87 7 6
87 10 9
88 14 13
88 13 6
88 6 1
88 1 0
88 6 5
88 5 3
88 3 2
88 5 4
88 13 12
88 12 11
88 11 8
88 8 7
88 11 10
88 10 9
89 18 0
89 18 17
89 17 1
89 17 16
89 16 15
89 15 13
89 13 12
89 12 11
89 11 5
89 5 4
89 4 3
89 3 2
89 11 10
89 10 9
89 9 6
89 9 8
89 8 7
89 15 14
90 19 18
90 18 16
90 16 14
90 14 9
90 9 8
90 8 0
90 8 7
90 7 4
90 4 3
90 3 1
90 3 2
90 7 6
90 6 5
90 14 13
90 13 12
90 12 10
90 12 11
90 16 15
90 18 17
91 15 9
91 9 1
91 1 0
91 9 8
91 8 7
91 7 2
91 7 6
91 6 5
91 5 4
91 4 3
91 15 14
91 14 11
91 11 10
91 14 13
91 13 12
92 17 16
92 16 7
92 7 6
92 6 1
92 1 0
92 6 5
92 5 4
92 4 3
92 3 2
92 16 15
92 15 8
92 15 14
92 14 12
92 12 9
92 12 11
92 11 10
92 14 13
93 16 10
93 10 9
93 9 8
93 8 7
93 7 1
93 1 0
93 7 6
93 6 2
93 6 5
93 5 4
93 4 3
93 16 15
93 15 14
93 14 11
93 14 13
93 13 12
94 19 17
94 17 15
94 15 13
94 13 0
94 13 12
94 12 10
94 10 5
94 5 1
94 5 4
94 4 2
94 4 3
94 10 9
94 9 7
94 7 6
94 9 8
94 12 11
94 15 14
94 17 16
94 19 18
95 19 17
95 17 5
95 5 2
95 2 0
95 2 1
95 5 4
95 4 3
95 17 16
95 16 15
95 15 6
95 15 14
95 14 13
95 13 11
95 11 7
95 11 10
95 10 8
95 10 9
95 13 12
95 19 18
96 16 10
96 10 0
96 10 9
96 9 1
96 9 8
96 8 7
96 7 6
96 6 4
96 4 2
96 4 3
96 6 5
96 16 15
96 15 13
96 13 11
96 13 12
96 15 14
97 15 14
97 14 13
97 13 0
97 13 12
97 12 10
97 10 9
97 9 8
97 8 5
97 5 1
97 5 4
97 4 3
97 3 2
97 8 7
97 7 6
97 12 11
98 18 17
98 17 4
98 4 3
98 3 1
98 1 0
98 3 2
98 17 16
98 16 15
98 15 11
98 11 5
98 11 10
98 10 9
98 9 8
98 8 6
98 8 7
98 15 14
98 14 12
98 14 13
99 15 7
99 7 6
99 6 0
99 6 5
99 5 1
99 5 4
99 4 2
99 4 3
99 15 14
99 14 12
99 12 8
99 12 11
99 11 9
99 11 10
99 14 13
100 17 13
100 13 12
100 12 11
100 11 10
100 10 9
100 9 8
100 8 7
100 7 5
100 5 4
100 4 0
100 4 3
100 3 2
100 2 1
100 7 6
100 17 16
100 16 15
100 15 14
101 15 14
101 14 13
101 13 8
101 8 7
101 7 6
101 6 5
101 5 3
101 3 1
101 1 0
101 3 2
101 5 4
101 13 12
101 12 10
101 10 9
101 12 11
