1 19 11
1 11 8
1 8 6
1 6 5
1 5 3
1 3 2
1 2 1
1 1 0
1 5 4
1 8 7
1 11 10
1 10 9
1 19 18
1 18 17
1 17 15
1 15 14
1 14 12
1 14 13
1 17 16
2 18 7
2 7 5
2 5 4
2 4 0
2 4 3
2 3 1
2 3 2
2 7 6
2 18 17
2 17 16
2 16 12
2 12 8
2 12 11
2 11 9
2 11 10
2 16 15
2 15 13
2 15 14
3 19 17
3 17 16
3 16 15
3 15 14
3 14 13
3 13 12
3 12 10
3 10 9
3 9 8
3 8 6
3 6 4
3 4 3
3 3 2
3 2 0
3 2 1
3 6 5
3 8 7
3 12 11
3 19 18
4 17 2
4 2 1
4 1 0
4 17 16
4 16 10
4 10 9
4 9 7
4 7 6
4 6 3
4 6 5
4 5 4
4 9 8
4 16 15
4 15 14
4 14 13
4 13 11
4 13 12
5 18 15
5 15 14
5 14 13
5 13 0
5 13 12
5 12 1
5 12 11
5 11 10
5 10 6
5 6 2
5 6 5
5 5 3
5 5 4
5 10 9
5 9 8
5 8 7
5 18 17
5 17 16
6 18 17
6 17 16
6 16 4
6 4 3
6 3 1
6 1 0
6 3 2
6 16 15
6 15 8
6 8 7
6 7 6
6 6 5
6 15 14
6 14 12
6 12 9
6 12 11
6 11 10
6 14 13
7 16 13
7 13 4
7 4 2
7 2 1
7 1 0
7 4 3
7 13 12
7 12 8
7 8 7
7 7 5
7 7 6
7 12 11
7 11 10
7 10 9
7 16 15
7 15 14
8 15 14
8 14 13
8 13 10
8 10 0
8 10 9
8 9 8
8 8 2
8 2 1
8 8 7
8 7 6
8 6 5
8 5 4
8 4 3
8 13 12
8 12 11
9 16 0
9 16 15
9 15 1
9 15 14
9 14 13
9 13 12
9 12 11
9 11 9
9 9 8
9 8 7
9 7 6
9 6 4
9 4 2
9 4 3
9 6 5
9 11 10
10 15 0
10 15 14
10 14 12
10 12 10
10 10 8
10 8 1
10 8 7
10 7 2
10 7 6
10 6 4
10 4 3
10 6 5
10 10 9
10 12 11
10 14 13
11 14 13
11 13 0
11 13 12
11 12 11
11 11 9
11 9 8
11 8 2
11 2 1
11 8 7
11 7 6
11 6 3
11 6 5
11 5 4
11 11 10
12 16 15
12 15 11
12 11 10
12 10 1
12 1 0
12 10 9
12 9 8
12 8 6
12 6 5
12 5 3
12 3 2
12 5 4
12 8 7
12 15 14
12 14 13
12 13 12
13 14 13
13 13 1
13 1 0
13 13 12
13 12 5
13 5 4
13 4 2
13 4 3
13 12 11
13 11 10
13 10 9
13 9 7
13 7 6
13 9 8
14 16 3
14 3 2
14 2 0
14 2 1
14 16 15
14 15 14
14 14 13
14 13 9
14 9 5
14 5 4
14 9 8
14 8 6
14 8 7
14 13 12
14 12 11
14 11 10
15 14 10
15 10 2
15 2 1
15 1 0
15 10 9
15 9 6
15 6 5
15 5 4
15 4 3
15 9 8
15 8 7
15 14 13
15 13 12
15 12 11
16 17 0
16 17 16
16 16 3
16 3 2
16 2 1
16 16 15
16 15 14
16 14 9
16 9 4
16 9 8
16 8 5
16 8 7
16 7 6
16 14 13
16 13 12
16 12 11
16 11 10
17 18 17
17 17 1
17 1 0
17 17 16
17 16 14
17 14 13
17 13 12
17 12 11
17 11 8
17 8 7
17 7 3
17 3 2
17 7 6
17 6 5
17 5 4
17 11 10
17 10 9
17 16 15
18 19 17
18 17 15
18 15 5
18 5 1
18 1 0
18 5 4
18 4 2
18 4 3
18 15 14
18 14 13
18 13 11
18 11 10
18 10 7
18 7 6
18 10 9
18 9 8
18 13 12
18 17 16
18 19 18
19 18 12
19 12 3
19 3 2
19 2 0
19 2 1
19 12 11
19 11 10
19 10 8
19 8 7
19 7 5
19 5 4
19 7 6
19 10 9
19 18 17
19 17 16
19 16 15
19 15 14
19 14 13
20 16 3
20 3 0
20 3 2
20 2 1
20 16 15
20 15 14
20 14 5
20 5 4
20 14 13
20 13 12
20 12 10
20 10 7
20 7 6
20 10 9
20 9 8
20 12 11
21 15 14
21 14 0
21 14 13
21 13 11
21 11 6
21 6 4
21 4 1
21 4 3
21 3 2
21 6 5
21 11 10
21 10 8
21 8 7
21 10 9
21 13 12
22 17 16
22 16 13
22 13 11
22 11 3
22 3 2
22 2 1
22 1 0
22 11 10
22 10 9
22 9 7
22 7 4
22 7 6
22 6 5
22 9 8
22 13 12
22 16 15
22 15 14
23 14 11
23 11 0
23 11 10
23 10 1
23 10 9
23 9 4
23 4 2
23 4 3
23 9 8
23 8 6
23 6 5
23 8 7
23 14 13
23 13 12
24 18 17
24 17 0
24 17 16
24 16 15
24 15 14
24 14 7
24 7 3
24 3 1
24 3 2
24 7 6
24 6 5
24 5 4
24 14 13
24 13 8
24 13 12
24 12 10
24 10 9
24 12 11
25 16 0
25 16 15
25 15 14
25 14 10
25 10 2
25 2 1
25 10 9
25 9 7
25 7 4
25 4 3
25 7 6
25 6 5
25 9 8
25 14 13
25 13 12
25 12 11
26 17 6
26 6 5
26 5 4
26 4 3
26 3 2
26 2 0
26 2 1
26 17 16
26 16 11
26 11 9
26 9 7
26 9 8
26 11 10
26 16 15
26 15 14
26 14 13
26 13 12
27 16 0
27 16 15
27 15 1
27 15 14
27 14 13
27 13 12
27 12 11
27 11 4
27 4 3
27 3 2
27 11 10
27 10 5
27 10 9
27 9 6
27 9 8
27 8 7
28 14 13
28 13 0
28 13 12
28 12 9
28 9 5
28 5 1
28 5 4
28 4 3
28 3 2
28 9 8
28 8 7
28 7 6
28 12 11
28 11 10
29 19 17
29 17 16
29 16 13
29 13 12
29 12 9
29 9 5
29 5 0
29 5 4
29 4 2
29 2 1
29 4 3
29 9 8
29 8 7
29 7 6
29 12 11
29 11 10
29 16 15
29 15 14
29 19 18
30 15 14
30 14 13
30 13 5
30 5 4
30 4 0
30 4 3
30 3 2
30 2 1
30 13 12
30 12 8
30 8 7
30 7 6
30 12 11
30 11 10
30 10 9
31 15 0
31 15 14
31 14 13
31 13 12
31 12 11
31 11 10
31 10 9
31 9 8
31 8 5
31 5 1
31 5 4
31 4 2
31 4 3
31 8 7
31 7 6
32 18 16
32 16 7
32 7 0
32 7 6
32 6 5
32 5 3
32 3 2
32 2 1
32 5 4
32 16 15
32 15 12
32 12 8
32 12 11
32 11 10
32 10 9
32 15 14
32 14 13
32 18 17
33 16 15
33 15 2
33 2 0
33 2 1
33 15 14
33 14 13
33 13 9
33 9 7
33 7 3
33 7 6
33 6 5
33 5 4
33 9 8
33 13 12
33 12 11
33 11 10
34 14 0
34 14 13
34 13 8
34 8 3
34 3 2
34 2 1
34 8 7
34 7 4
34 7 6
34 6 5
34 13 12
34 12 9
34 12 11
34 11 10
35 14 1
35 1 0
35 14 13
35 13 11
35 11 6
35 6 4
35 4 2
35 4 3
35 6 5
35 11 10
35 10 9
35 9 7
35 9 8
35 13 12
36 18 17
36 17 15
36 15 0
36 15 14
36 14 13
36 13 12
36 12 11
36 11 5
36 5 2
36 2 1
36 5 4
36 4 3
36 11 10
36 10 6
36 10 9
36 9 7
36 9 8
36 17 16
37 18 0
37 18 17
37 17 16
37 16 15
37 15 14
37 14 3
37 3 1
37 3 2
37 14 13
37 13 10
37 10 9
37 9 4
37 9 8
37 8 7
37 7 5
37 7 6
37 13 12
37 12 11
38 19 0
38 19 18
38 18 17
38 17 16
38 16 15
38 15 14
38 14 11
38 11 10
38 10 9
38 9 8
38 8 7
38 7 5
38 5 3
38 3 1
38 3 2
38 5 4
38 7 6
38 14 13
38 13 12
39 18 14
39 14 13
39 13 4
39 4 3
39 3 2
39 2 0
39 2 1
39 13 12
39 12 5
39 12 11
39 11 8
39 8 7
39 7 6
39 11 10
39 10 9
39 18 17
39 17 16
39 16 15
40 17 0
40 17 16
40 16 14
40 14 6
40 6 5
40 5 1
40 5 4
40 4 2
40 4 3
40 14 13
40 13 12
40 12 11
40 11 9
40 9 8
40 8 7
40 11 10
40 16 15
41 17 0
41 17 16
41 16 9
41 9 1
41 9 8
41 8 7
41 7 2
41 7 6
41 6 5
41 5 3
41 5 4
41 16 15
41 15 14
41 14 12
41 12 10
41 12 11
41 14 13
42 16 15
42 15 7
42 7 6
42 6 5
42 5 3
42 3 1
42 1 0
42 3 2
42 5 4
42 15 14
42 14 11
42 11 10
42 10 9
42 9 8
42 14 13
42 13 12
43 18 17
43 17 14
43 14 13
43 13 4
43 4 3
43 3 1
43 1 0
43 3 2
43 13 12
43 12 7
43 7 5
43 7 6
43 12 11
43 11 8
43 11 10
43 10 9
43 17 16
43 16 15
44 17 3
44 3 2
44 2 1
44 1 0
44 17 16
44 16 15
44 15 11
44 11 5
44 5 4
44 11 10
44 10 9
44 9 8
44 8 6
44 8 7
44 15 14
44 14 13
44 13 12
45 14 12
45 12 1
45 1 0
45 12 11
45 11 9
45 9 3
45 3 2
45 9 8
45 8 7
45 7 6
45 6 4
45 6 5
45 11 10
45 14 13
46 16 1
46 1 0
46 16 15
46 15 13
46 13 9
46 9 8
46 8 7
46 7 2
46 7 6
46 6 3
46 6 5
46 5 4
46 13 12
46 12 10
46 12 11
46 15 14
47 19 0
47 19 18
47 18 16
47 16 15
47 15 13
47 13 12
47 12 1
47 12 11
47 11 2
47 11 10
47 10 6
47 6 3
47 6 5
47 5 4
47 10 9
47 9 7
47 9 8
47 15 14
47 18 17
48 14 13
48 13 9
48 9 8
48 8 7
48 7 6
48 6 1
48 1 0
48 6 5
48 5 3
48 3 2
48 5 4
48 13 12
48 12 11
48 11 10
49 15 12
49 12 11
49 11 3
49 3 2
49 2 0
49 2 1
49 11 10
49 10 8
49 8 7
49 7 6
49 6 5
49 5 4
49 10 9
49 15 14
49 14 13
50 15 13
50 13 3
50 3 0
50 3 2
50 2 1
50 13 12
50 12 11
50 11 8
50 8 4
50 8 7
50 7 5
50 7 6
50 11 10
50 10 9
50 15 14
51 18 4
51 4 2
51 2 1
51 1 0
51 4 3
51 18 17
51 17 16
51 16 15
51 15 10
51 10 9
51 9 5
51 9 8
51 8 7
51 7 6
51 15 14
51 14 13
51 13 11
51 13 12
52 15 14
52 14 13
52 13 10
52 10 9
52 9 7
52 7 0
52 7 6
52 6 4
52 4 2
52 2 1
52 4 3
52 6 5
52 9 8
52 13 12
52 12 11
53 17 16
53 16 14
53 14 5
53 5 1
53 1 0
53 5 4
53 4 3
53 3 2
53 14 13
53 13 12
53 12 11
53 11 6
53 11 10
53 10 9
53 9 8
53 8 7
53 16 15
54 19 1
54 1 0
54 19 18
54 18 17
54 17 16
54 16 2
54 16 15
54 15 13
54 13 11
54 11 7
54 7 4
54 4 3
54 7 6
54 6 5
54 11 10
54 10 9
54 9 8
54 13 12
54 15 14
55 15 4
55 4 0
55 4 3
55 3 2
55 2 1
55 15 14
55 14 13
55 13 12
55 12 11
55 11 7
55 7 6
55 6 5
55 11 10
55 10 8
55 10 9
56 17 16
56 16 15
56 15 14
56 14 7
56 7 1
56 1 0
56 7 6
56 6 4
56 4 2
56 4 3
56 6 5
56 14 13
56 13 12
56 12 11
56 11 10
56 10 8
56 10 9
57 18 3
57 3 2
57 2 0
57 2 1
57 18 17
57 17 13
57 13 11
57 11 10
57 10 9
57 9 7
57 7 6
57 6 4
57 6 5
57 9 8
57 13 12
57 17 16
57 16 15
57 15 14
58 16 15
58 15 9
58 9 8
58 8 0
58 8 7
58 7 1
58 7 6
58 6 2
58 6 5
58 5 4
58 4 3
58 15 14
58 14 13
58 13 11
58 11 10
58 13 12
59 18 16
59 16 14
59 14 12
59 12 11
59 11 0
59 11 10
59 10 2
59 2 1
59 10 9
59 9 8
59 8 7
59 7 5
59 5 4
59 4 3
59 7 6
59 14 13
59 16 15
59 18 17
60 16 15
60 15 14
60 14 6
60 6 0
60 6 5
60 5 4
60 4 3
60 3 2
60 2 1
60 14 13
60 13 11
60 11 10
60 10 9
60 9 8
60 8 7
60 13 12
61 18 17
61 17 16
61 16 14
61 14 0
61 14 13
61 13 1
61 13 12
61 12 3
61 3 2
61 12 11
61 11 4
61 11 10
61 10 5
61 10 9
61 9 8
61 8 6
61 8 7
61 16 15
62 16 15
62 15 14
62 14 12
62 12 11
62 11 9
62 9 8
62 8 7
62 7 5
62 5 0
62 5 4
62 4 1
62 4 3
62 3 2
62 7 6
62 11 10
62 14 13
63 18 5
63 5 2
63 2 1
63 1 0
63 5 4
63 4 3
63 18 17
63 17 11
63 11 9
63 9 7
63 7 6
63 9 8
63 11 10
63 17 16
63 16 15
63 15 13
63 13 12
63 15 14
64 19 13
64 13 11
64 11 5
64 5 1
64 1 0
64 5 4
64 4 2
64 4 3
64 11 10
64 10 8
64 8 6
64 8 7
64 10 9
64 13 12
64 19 18
64 18 17
64 17 14
64 17 16
64 16 15
65 17 16
65 16 10
65 10 0
65 10 9
65 9 8
65 8 7
65 7 2
65 2 1
65 7 6
65 6 5
65 5 4
65 4 3
65 16 15
65 15 14
65 14 12
65 12 11
65 14 13
66 17 15
66 15 13
66 13 12
66 12 10
66 10 9
66 9 4
66 4 0
66 4 3
66 3 1
66 3 2
66 9 8
66 8 5
66 8 7
66 7 6
66 12 11
66 15 14
66 17 16
67 14 13
67 13 0
67 13 12
67 12 8
67 8 2
67 2 1
67 8 7
67 7 5
67 5 3
67 5 4
67 7 6
67 12 11
67 11 9
67 11 10
68 18 16
68 16 15
68 15 14
68 14 0
68 14 13
68 13 7
68 7 6
68 6 5
68 5 4
68 4 1
68 4 3
68 3 2
68 13 12
68 12 8
68 12 11
68 11 9
68 11 10
68 18 17
69 14 0
69 14 13
69 13 7
69 7 1
69 7 6
69 6 5
69 5 4
69 4 3
69 3 2
69 13 12
69 12 11
69 11 8
69 11 10
69 10 9
70 17 0
70 17 16
70 16 1
70 16 15
70 15 12
70 12 10
70 10 2
70 10 9
70 9 8
70 8 7
70 7 4
70 4 3
70 7 6
70 6 5
70 12 11
70 15 14
70 14 13
71 17 10
71 10 8
71 8 6
71 6 2
71 2 1
71 1 0
71 6 5
71 5 4
71 4 3
71 8 7
71 10 9
71 17 16
71 16 13
71 13 11
71 13 12
71 16 15
71 15 14
72 19 15
72 15 0
72 15 14
72 14 13
72 13 11
72 11 1
72 11 10
72 10 9
72 9 7
72 7 6
72 6 4
72 4 3
72 3 2
72 6 5
72 9 8
72 13 12
72 19 18
72 18 16
72 18 17
73 16 12
73 12 9
73 9 5
73 5 1
73 1 0
73 5 4
73 4 2
73 4 3
73 9 8
73 8 7
73 7 6
73 12 11
73 11 10
73 16 15
73 15 13
73 15 14
74 16 15
74 15 2
74 2 0
74 2 1
74 15 14
74 14 3
74 14 13
74 13 11
74 11 5
74 5 4
74 11 10
74 10 9
74 9 6
74 9 8
74 8 7
74 13 12
75 16 15
75 15 3
75 3 2
75 2 0
75 2 1
75 15 14
75 14 12
75 12 11
75 11 8
75 8 7
75 7 6
75 6 4
75 6 5
75 11 10
75 10 9
75 14 13
76 16 13
76 13 12
76 12 10
76 10 9
76 9 4
76 4 1
76 1 0
76 4 3
76 3 2
76 9 8
76 8 5
76 8 7
76 7 6
76 12 11
76 16 15
76 15 14
77 16 4
77 4 2
77 2 0
77 2 1
77 4 3
77 16 15
77 15 5
77 15 14
77 14 13
77 13 12
77 12 10
77 10 6
77 10 9
77 9 8
77 8 7
77 12 11
78 19 18
78 18 17
78 17 15
78 15 14
78 14 12
78 12 0
78 12 11
78 11 10
78 10 2
78 2 1
78 10 9
78 9 7
78 7 3
78 7 6
78 6 5
78 5 4
78 9 8
78 14 13
78 17 16
79 15 11
79 11 10
79 10 9
79 9 3
79 3 1
79 1 0
79 3 2
79 9 8
79 8 6
79 6 4
79 6 5
79 8 7
79 15 14
79 14 12
79 14 13
80 16 3
80 3 0
80 3 2
80 2 1
80 16 15
80 15 14
80 14 13
80 13 12
80 12 8
80 8 6
80 6 4
80 6 5
80 8 7
80 12 11
80 11 9
80 11 10
81 14 11
81 11 9
81 9 1
81 1 0
81 9 8
81 8 6
81 6 3
81 3 2
81 6 5
81 5 4
81 8 7
81 11 10
81 14 13
81 13 12
82 19 0
82 19 18
82 18 5
82 5 2
82 2 1
82 5 4
82 4 3
82 18 17
82 17 16
82 16 6
82 16 15
82 15 14
82 14 7
82 14 13
82 13 12
82 12 11
82 11 9
82 9 8
82 11 10
83 14 0
83 14 13
83 13 1
83 13 12
83 12 2
83 12 11
83 11 6
83 6 5
83 5 4
83 4 3
83 11 10
83 10 8
83 8 7
83 10 9
84 15 14
84 14 13
84 13 12
84 12 0
84 12 11
84 11 10
84 10 3
84 3 2
84 2 1
84 10 9
84 9 4
84 9 8
84 8 7
84 7 6
84 6 5
85 18 17
85 17 16
85 16 11
85 11 0
85 11 10
85 10 9
85 9 2
85 2 1
85 9 8
85 8 7
85 7 3
85 7 6
85 6 4
85 6 5
85 16 15
85 15 14
85 14 12
85 14 13
86 15 7
86 7 6
86 6 5
86 5 3
86 3 0
86 3 2
86 2 1
86 5 4
86 15 14
86 14 8
86 14 13
86 13 11
86 11 9
86 11 10
86 13 12
87 15 11
87 11 10
87 10 9
87 9 8
87 8 7
87 7 6
87 6 5
87 5 3
87 3 0
87 3 2
87 2 1
87 5 4
87 15 14
87 14 13
87 13 12
88 18 17
88 17 15
88 15 13
88 13 12
88 12 10
88 10 8
88 8 7
88 7 2
88 2 0
88 2 1
88 7 6
88 6 5
88 5 3
88 5 4
88 10 9
88 12 11
88 15 14
88 17 16
89 19 18
89 18 2
89 2 1
89 1 0
89 18 17
89 17 16
89 16 10
89 10 4
89 4 3
89 10 9
89 9 7
89 7 6
89 6 5
89 9 8
89 16 15
89 15 14
89 14 13
89 13 11
89 13 12
90 16 15
90 15 7
90 7 0
90 7 6
90 6 2
90 2 1
90 6 5
90 5 3
90 5 4
90 15 14
90 14 13
90 13 12
90 12 10
90 10 9
90 9 8
90 12 11
91 16 2
91 2 0
91 2 1
91 16 15
91 15 14
91 14 5
91 5 4
91 4 3
91 14 13
91 13 12
91 12 11
91 11 9
91 9 8
91 8 7
91 7 6
91 11 10
92 14 10
92 10 2
92 2 1
92 1 0
92 10 9
92 9 8
92 8 7
92 7 4
92 4 3
92 7 6
92 6 5
92 14 13
92 13 12
92 12 11
93 19 18
93 18 16
93 16 3
93 3 2
93 2 1
93 1 0
93 16 15
93 15 11
93 11 8
93 8 5
93 5 4
93 8 7
93 7 6
93 11 10
93 10 9
93 15 14
93 14 13
93 13 12
93 18 17
94 15 3
94 3 2
94 2 1
94 1 0
94 15 14
94 14 13
94 13 12
94 12 10
94 10 4
94 10 9
94 9 8
94 8 7
94 7 6
94 6 5
94 12 11
95 19 0
95 19 18
95 18 16
95 16 14
95 14 2
95 2 1
95 14 13
95 13 8
95 8 7
95 7 3
95 7 6
95 6 5
95 5 4
95 13 12
95 12 11
95 11 10
95 10 9
95 16 15
95 18 17
96 16 12
96 12 11
96 11 7
96 7 2
96 2 0
96 2 1
96 7 6
96 6 3
96 6 5
96 5 4
96 11 10
96 10 9
96 9 8
96 16 15
96 15 14
96 14 13
97 19 14
97 14 4
97 4 2
97 2 1
97 1 0
97 4 3
97 14 13
97 13 9
97 9 8
97 8 7
97 7 5
97 7 6
97 13 12
97 12 11
97 11 10
97 19 18
97 18 16
97 16 15
97 18 17
98 15 14
98 14 11
98 11 7
98 7 6
98 6 4
98 4 3
98 3 0
98 3 2
98 2 1
98 6 5
98 11 10
98 10 9
98 9 8
98 14 13
98 13 12
99 15 14
99 14 4
99 4 1
99 1 0
99 4 3
99 3 2
99 14 13
99 13 6
99 6 5
99 13 12
99 12 11
99 11 10
99 10 8
99 8 7
99 10 9
100 18 4
100 4 1
100 1 0
100 4 3
100 3 2
100 18 17
100 17 16
100 16 7
100 7 6
100 6 5
100 16 15
100 15 10
100 10 9
100 9 8
100 15 14
100 14 12
100 12 11
100 14 13
101 17 10
101 10 6
101 6 2
101 2 1
101 1 0
101 6 5
101 5 3
101 5 4
101 10 9
101 9 7
101 9 8
101 17 16
101 16 15
101 15 11
101 15 14
101 14 12
101 14 13
