1 16 15
1 15 0
1 15 14
1 14 13
1 13 12
1 12 7
1 7 5
1 5 2
1 2 1
1 5 4
1 4 3
1 7 6
1 12 11
1 11 10
1 10 9
1 9 8
2 17 16
2 16 12
2 12 5
2 5 4
2 4 2
2 2 0
2 2 1
2 4 3
2 12 11
2 11 10
2 10 8
2 8 7
2 7 6
2 10 9
2 16 15
2 15 13
2 15 14
3 19 15
3 15 1
3 1 0
3 15 14
3 14 6
3 6 5
3 5 3
3 3 2
3 5 4
3 14 13
3 13 12
3 12 7
3 12 11
3 11 10
3 10 8
3 10 9
3 19 18
3 18 16
3 18 17
4 19 17
4 17 1
4 1 0
4 17 16
4 16 15
4 15 14
4 14 13
4 13 6
4 6 5
4 5 3
4 3 2
4 5 4
4 13 12
4 12 10
4 10 7
4 10 9
4 9 8
4 12 11
4 19 18
5 16 15
5 15 0
5 15 14
5 14 13
5 13 12
5 12 1
5 12 11
5 11 2
5 11 10
5 10 5
5 5 4
5 4 3
5 10 9
5 9 8
5 8 7
5 7 6
6 17 0
6 17 16
6 16 3
6 3 1
6 3 2
6 16 15
6 15 5
6 5 4
6 15 14
6 14 11
6 11 6
6 11 10
6 10 9
6 9 7
6 9 8
6 14 13
6 13 12
7 14 9
7 9 5
7 5 4
7 4 0
7 4 3
7 3 2
7 2 1
7 9 8
7 8 6
7 8 7
7 14 13
7 13 10
7 13 12
7 12 11
8 16 15
8 15 3
8 3 1
8 1 0
8 3 2
8 15 14
8 14 9
8 9 8
8 8 7
8 7 6
8 6 5
8 5 4
8 14 13
8 13 12
8 12 10
8 12 11
9 14 0
9 14 13
9 13 11
9 11 10
9 10 9
9 9 3
9 3 1
9 3 2
9 9 8
9 8 7
9 7 6
9 6 5
9 5 4
9 13 12
10 16 15
10 15 13
10 13 9
10 9 1
10 1 0
10 9 8
10 8 2
10 8 7
10 7 6
10 6 3
10 6 5
10 5 4
10 13 12
10 12 11
10 11 10
10 15 14
11 15 10
11 10 9
11 9 2
11 2 1
11 1 0
11 9 8
11 8 7
11 7 5
11 5 3
11 5 4
11 7 6
11 15 14
11 14 12
11 12 11
11 14 13
12 14 7
12 7 6
12 6 4
12 4 2
12 2 1
12 1 0
12 4 3
12 6 5
12 14 13
12 13 8
12 13 12
12 12 9
12 12 11
12 11 10
13 14 11
13 11 9
13 9 7
13 7 6
13 6 4
13 4 3
13 3 2
13 2 0
13 2 1
13 6 5
13 9 8
13 11 10
13 14 13
13 13 12
14 15 0
14 15 14
14 14 13
14 13 12
14 12 2
14 2 1
14 12 11
14 11 9
14 9 8
14 8 4
14 4 3
14 8 7
14 7 5
14 7 6
14 11 10
15 19 8
15 8 7
15 7 6
15 6 5
15 5 4
15 4 3
15 3 0
15 3 2
15 2 1
15 19 18
15 18 9
15 18 17
15 17 11
15 11 10
15 17 16
15 16 14
15 14 12
15 14 13
15 16 15
16 19 2
16 2 1
16 1 0
16 19 18
16 18 15
16 15 14
16 14 7
16 7 4
16 4 3
16 7 6
16 6 5
16 14 13
16 13 11
16 11 9
16 9 8
16 11 10
16 13 12
16 18 17
16 17 16
17 14 13
17 13 3
17 3 1
17 1 0
17 3 2
17 13 12
17 12 11
17 11 10
17 10 4
17 10 9
17 9 7
17 7 6
17 6 5
17 9 8
18 16 15
18 15 6
18 6 5
18 5 3
18 3 2
18 2 1
18 1 0
18 5 4
18 15 14
18 14 12
18 12 11
18 11 10
18 10 9
18 9 7
18 9 8
18 14 13
19 16 5
19 5 0
19 5 4
19 4 2
19 2 1
19 4 3
19 16 15
19 15 12
19 12 9
19 9 8
19 8 6
19 8 7
19 12 11
19 11 10
19 15 14
19 14 13
20 17 0
20 17 16
20 16 3
20 3 2
20 2 1
20 16 15
20 15 11
20 11 6
20 6 5
20 5 4
20 11 10
20 10 8
20 8 7
20 10 9
20 15 14
20 14 13
20 13 12
21 15 14
21 14 13
21 13 12
21 12 9
21 9 8
21 8 6
21 6 5
21 5 4
21 4 0
21 4 3
21 3 1
21 3 2
21 8 7
21 12 11
21 11 10
22 19 6
22 6 1
22 1 0
22 6 5
22 5 2
22 5 4
22 4 3
22 19 18
22 18 17
22 17 15
22 15 7
22 15 14
22 14 13
22 13 12
22 12 11
22 11 9
22 9 8
22 11 10
22 17 16
23 17 15
23 15 11
23 11 10
23 10 6
23 6 4
23 4 3
23 3 2
23 2 0
23 2 1
23 6 5
23 10 9
23 9 8
23 8 7
23 15 14
23 14 12
23 14 13
23 17 16
24 19 12
24 12 9
24 9 8
24 8 6
24 6 5
24 5 3
24 3 0
24 3 2
24 2 1
24 5 4
24 8 7
24 12 11
24 11 10
24 19 18
24 18 14
24 14 13
24 18 17
24 17 15
24 17 16
25 15 14
25 14 0
25 14 13
25 13 12
25 12 7
25 7 6
25 6 3
25 3 1
25 3 2
25 6 5
25 5 4
25 12 11
25 11 9
25 9 8
25 11 10
26 19 18
26 18 0
26 18 17
26 17 4
26 4 2
26 2 1
26 4 3
26 17 16
26 16 14
26 14 12
26 12 5
26 12 11
26 11 6
26 11 10
26 10 9
26 9 8
26 8 7
26 14 13
26 16 15
27 15 0
27 15 14
27 14 13
27 13 12
27 12 2
27 2 1
27 12 11
27 11 10
27 10 9
27 9 5
27 5 3
27 5 4
27 9 8
27 8 6
27 8 7
28 18 17
28 17 16
28 16 2
28 2 0
28 2 1
28 16 15
28 15 3
28 15 14
28 14 11
28 11 10
28 10 9
28 9 8
28 8 6
28 6 5
28 5 4
28 8 7
28 14 13
28 13 12
29 15 14
29 14 13
29 13 12
29 12 11
29 11 0
29 11 10
29 10 1
29 10 9
29 9 3
29 3 2
29 9 8
29 8 4
29 8 7
29 7 5
29 7 6
30 16 11
30 11 9
30 9 7
30 7 6
30 6 5
30 5 0
30 5 4
30 4 2
30 2 1
30 4 3
30 9 8
30 11 10
30 16 15
30 15 14
30 14 13
30 13 12
31 16 14
31 14 3
31 3 1
31 1 0
31 3 2
31 14 13
31 13 4
31 13 12
31 12 5
31 12 11
31 11 6
31 11 10
31 10 9
31 9 8
31 8 7
31 16 15
32 15 14
32 14 5
32 5 0
32 5 4
32 4 1
32 4 3
32 3 2
32 14 13
32 13 11
32 11 6
32 11 10
32 10 9
32 9 8
32 8 7
32 13 12
33 14 13
33 13 11
33 11 0
33 11 10
33 10 5
33 5 1
33 5 4
33 4 2
33 4 3
33 10 9
33 9 6
33 9 8
33 8 7
33 13 12
34 17 12
34 12 9
34 9 7
34 7 0
34 7 6
34 6 5
34 5 4
34 4 1
34 4 3
34 3 2
34 9 8
34 12 11
34 11 10
34 17 16
34 16 13
34 16 15
34 15 14
35 15 11
35 11 10
35 10 5
35 5 4
35 4 3
35 3 2
35 2 0
35 2 1
35 10 9
35 9 7
35 7 6
35 9 8
35 15 14
35 14 12
35 14 13
36 18 17
36 17 16
36 16 13
36 13 9
36 9 8
36 8 5
36 5 4
36 4 3
36 3 1
36 1 0
36 3 2
36 8 7
36 7 6
36 13 12
36 12 10
36 12 11
36 16 15
36 15 14
37 15 14
37 14 6
37 6 5
37 5 1
37 1 0
37 5 4
37 4 2
37 4 3
37 14 13
37 13 8
37 8 7
37 13 12
37 12 11
37 11 10
37 10 9
38 15 3
38 3 2
38 2 0
38 2 1
38 15 14
38 14 12
38 12 11
38 11 9
38 9 6
38 6 5
38 5 4
38 9 8
38 8 7
38 11 10
38 14 13
39 16 15
39 15 14
39 14 0
39 14 13
39 13 1
39 13 12
39 12 11
39 11 8
39 8 7
39 7 6
39 6 5
39 5 4
39 4 2
39 4 3
39 11 10
39 10 9
40 16 14
40 14 4
40 4 3
40 3 0
40 3 2
40 2 1
40 14 13
40 13 12
40 12 11
40 11 5
40 11 10
40 10 6
40 10 9
40 9 7
40 9 8
40 16 15
41 15 13
41 13 11
41 11 7
41 7 5
41 5 2
41 2 0
41 2 1
41 5 4
41 4 3
41 7 6
41 11 10
41 10 9
41 9 8
41 13 12
41 15 14
42 15 14
42 14 13
42 13 2
42 2 1
42 1 0
42 13 12
42 12 11
42 11 5
42 5 3
42 5 4
42 11 10
42 10 9
42 9 8
42 8 6
42 8 7
43 15 8
43 8 0
43 8 7
43 7 1
43 7 6
43 6 4
43 4 2
43 4 3
43 6 5
43 15 14
43 14 13
43 13 10
43 10 9
43 13 12
43 12 11
44 19 3
44 3 2
44 2 1
44 1 0
44 19 18
44 18 4
44 18 17
44 17 15
44 15 6
44 6 5
44 15 14
44 14 13
44 13 10
44 10 9
44 9 7
44 9 8
44 13 12
44 12 11
44 17 16
45 19 10
45 10 9
45 9 8
45 8 4
45 4 2
45 2 1
45 1 0
45 4 3
45 8 7
45 7 5
45 7 6
45 19 18
45 18 11
45 18 17
45 17 15
45 15 14
45 14 13
45 13 12
45 17 16
46 15 1
46 1 0
46 15 14
46 14 10
46 10 8
46 8 2
46 8 7
46 7 3
46 7 6
46 6 5
46 5 4
46 10 9
46 14 13
46 13 11
46 13 12
47 15 13
47 13 12
47 12 11
47 11 7
47 7 6
47 6 3
47 3 2
47 2 0
47 2 1
47 6 5
47 5 4
47 11 10
47 10 9
47 9 8
47 15 14
48 18 3
48 3 2
48 2 1
48 1 0
48 18 17
48 17 9
48 9 8
48 8 6
48 6 4
48 6 5
48 8 7
48 17 16
48 16 15
48 15 10
48 15 14
48 14 13
48 13 12
48 12 11
49 14 13
49 13 0
49 13 12
49 12 11
49 11 7
49 7 6
49 6 1
49 6 5
49 5 4
49 4 2
49 4 3
49 11 10
49 10 8
49 10 9
50 17 16
50 16 2
50 2 0
50 2 1
50 16 15
50 15 3
50 15 14
50 14 4
50 14 13
50 13 12
50 12 8
50 8 5
50 8 7
50 7 6
50 12 11
50 11 10
50 10 9
51 17 16
51 16 12
51 12 9
51 9 7
51 7 5
51 5 4
51 4 2
51 2 1
51 1 0
51 4 3
51 7 6
51 9 8
51 12 11
51 11 10
51 16 15
51 15 14
51 14 13
52 14 12
52 12 9
52 9 8
52 8 0
52 8 7
52 7 1
52 7 6
52 6 5
52 5 4
52 4 2
52 4 3
52 12 11
52 11 10
52 14 13
53 16 0
53 16 15
53 15 14
53 14 13
53 13 10
53 10 1
53 10 9
53 9 8
53 8 2
53 8 7
53 7 6
53 6 3
53 6 5
53 5 4
53 13 12
53 12 11
54 16 15
54 15 0
54 15 14
54 14 13
54 13 12
54 12 10
54 10 9
54 9 1
54 9 8
54 8 7
54 7 5
54 5 2
54 5 4
54 4 3
54 7 6
54 12 11
55 18 17
55 17 14
55 14 2
55 2 0
55 2 1
55 14 13
55 13 10
55 10 8
55 8 5
55 5 4
55 4 3
55 8 7
55 7 6
55 10 9
55 13 12
55 12 11
55 17 16
55 16 15
56 14 2
56 2 1
56 1 0
56 14 13
56 13 5
56 5 3
56 5 4
56 13 12
56 12 11
56 11 9
56 9 7
56 7 6
56 9 8
56 11 10
57 15 10
57 10 9
57 9 2
57 2 0
57 2 1
57 9 8
57 8 6
57 6 3
57 6 5
57 5 4
57 8 7
57 15 14
57 14 13
57 13 12
57 12 11
58 17 16
58 16 10
58 10 9
58 9 6
58 6 5
58 5 1
58 1 0
58 5 4
58 4 3
58 3 2
58 9 8
58 8 7
58 16 15
58 15 13
58 13 12
58 12 11
58 15 14
59 16 7
59 7 0
59 7 6
59 6 2
59 2 1
59 6 5
59 5 4
59 4 3
59 16 15
59 15 14
59 14 8
59 14 13
59 13 12
59 12 11
59 11 10
59 10 9
60 17 16
60 16 6
60 6 2
60 2 0
60 2 1
60 6 5
60 5 4
60 4 3
60 16 15
60 15 7
60 15 14
60 14 8
60 14 13
60 13 9
60 13 12
60 12 11
60 11 10
61 16 15
61 15 3
61 3 2
61 2 0
61 2 1
61 15 14
61 14 12
61 12 4
61 12 11
61 11 10
61 10 8
61 8 7
61 7 5
61 7 6
61 10 9
61 14 13
62 19 18
62 18 17
62 17 15
62 15 14
62 14 9
62 9 8
62 8 6
62 6 3
62 3 2
62 2 0
62 2 1
62 6 5
62 5 4
62 8 7
62 14 13
62 13 11
62 11 10
62 13 12
62 17 16
63 17 16
63 16 15
63 15 14
63 14 11
63 11 0
63 11 10
63 10 5
63 5 3
63 3 1
63 3 2
63 5 4
63 10 9
63 9 7
63 7 6
63 9 8
63 14 13
63 13 12
64 15 14
64 14 0
64 14 13
64 13 12
64 12 9
64 9 7
64 7 5
64 5 1
64 5 4
64 4 3
64 3 2
64 7 6
64 9 8
64 12 11
64 11 10
65 18 17
65 17 13
65 13 12
65 12 11
65 11 0
65 11 10
65 10 8
65 8 6
65 6 2
65 2 1
65 6 5
65 5 4
65 4 3
65 8 7
65 10 9
65 17 16
65 16 15
65 15 14
66 14 13
66 13 12
66 12 6
66 6 0
66 6 5
66 5 1
66 5 4
66 4 3
66 3 2
66 12 11
66 11 10
66 10 7
66 10 9
66 9 8
67 19 3
67 3 1
67 1 0
67 3 2
67 19 18
67 18 17
67 17 10
67 10 9
67 9 4
67 9 8
67 8 7
67 7 6
67 6 5
67 17 16
67 16 15
67 15 14
67 14 13
67 13 11
67 13 12
68 18 17
68 17 16
68 16 15
68 15 9
68 9 8
68 8 6
68 6 4
68 4 0
68 4 3
68 3 2
68 2 1
68 6 5
68 8 7
68 15 14
68 14 13
68 13 12
68 12 11
68 11 10
69 18 8
69 8 7
69 7 6
69 6 4
69 4 0
69 4 3
69 3 2
69 2 1
69 6 5
69 18 17
69 17 16
69 16 14
69 14 13
69 13 11
69 11 10
69 10 9
69 13 12
69 16 15
70 19 8
70 8 7
70 7 1
70 1 0
70 7 6
70 6 2
70 6 5
70 5 4
70 4 3
70 19 18
70 18 17
70 17 15
70 15 13
70 13 12
70 12 11
70 11 10
70 10 9
70 15 14
70 17 16
71 17 0
71 17 16
71 16 15
71 15 5
71 5 4
71 4 2
71 2 1
71 4 3
71 15 14
71 14 6
71 14 13
71 13 7
71 13 12
71 12 11
71 11 10
71 10 9
71 9 8
72 18 17
72 17 0
72 17 16
72 16 15
72 15 5
72 5 4
72 4 3
72 3 1
72 3 2
72 15 14
72 14 13
72 13 12
72 12 9
72 9 8
72 8 6
72 8 7
72 12 11
72 11 10
73 14 11
73 11 5
73 5 1
73 1 0
73 5 4
73 4 3
73 3 2
73 11 10
73 10 9
73 9 6
73 9 8
73 8 7
73 14 13
73 13 12
74 15 14
74 14 13
74 13 0
74 13 12
74 12 4
74 4 3
74 3 1
74 3 2
74 12 11
74 11 9
74 9 8
74 8 5
74 8 7
74 7 6
74 11 10
75 17 16
75 16 15
75 15 1
75 1 0
75 15 14
75 14 10
75 10 2
75 10 9
75 9 8
75 8 3
75 8 7
75 7 5
75 5 4
75 7 6
75 14 13
75 13 12
75 12 11
76 14 6
76 6 4
76 4 0
76 4 3
76 3 2
76 2 1
76 6 5
76 14 13
76 13 12
76 12 11
76 11 10
76 10 9
76 9 7
76 9 8
77 15 14
77 14 12
77 12 0
77 12 11
77 11 1
77 11 10
77 10 2
77 10 9
77 9 8
77 8 7
77 7 3
77 7 6
77 6 5
77 5 4
77 14 13
78 19 17
78 17 16
78 16 7
78 7 5
78 5 0
78 5 4
78 4 3
78 3 2
78 2 1
78 7 6
78 16 15
78 15 13
78 13 10
78 10 8
78 10 9
78 13 12
78 12 11
78 15 14
78 19 18
79 19 2
79 2 1
79 1 0
79 19 18
79 18 17
79 17 15
79 15 13
79 13 11
79 11 3
79 11 10
79 10 8
79 8 7
79 7 4
79 7 6
79 6 5
79 10 9
79 13 12
79 15 14
79 17 16
80 14 13
80 13 11
80 11 5
80 5 1
80 1 0
80 5 4
80 4 2
80 4 3
80 11 10
80 10 9
80 9 8
80 8 7
80 7 6
80 13 12
81 14 12
81 12 7
81 7 6
81 6 4
81 4 1
81 1 0
81 4 3
81 3 2
81 6 5
81 12 11
81 11 8
81 11 10
81 10 9
81 14 13
82 16 15
82 15 14
82 14 12
82 12 0
82 12 11
82 11 10
82 10 4
82 4 3
82 3 2
82 2 1
82 10 9
82 9 8
82 8 7
82 7 5
82 7 6
82 14 13
83 15 12
83 12 10
83 10 2
83 2 0
83 2 1
83 10 9
83 9 6
83 6 5
83 5 4
83 4 3
83 9 8
83 8 7
83 12 11
83 15 14
83 14 13
84 14 6
84 6 5
84 5 4
84 4 2
84 2 1
84 1 0
84 4 3
84 14 13
84 13 12
84 12 11
84 11 7
84 11 10
84 10 9
84 9 8
85 17 16
85 16 3
85 3 0
85 3 2
85 2 1
85 16 15
85 15 14
85 14 13
85 13 10
85 10 9
85 9 7
85 7 6
85 6 4
85 6 5
85 9 8
85 13 12
85 12 11
86 16 15
86 15 14
86 14 0
86 14 13
86 13 12
86 12 11
86 11 5
86 5 4
86 4 2
86 2 1
86 4 3
86 11 10
86 10 6
86 10 9
86 9 8
86 8 7
87 16 11
87 11 9
87 9 8
87 8 7
87 7 3
87 3 2
87 2 0
87 2 1
87 7 6
87 6 5
87 5 4
87 11 10
87 16 15
87 15 13
87 13 12
87 15 14
88 14 13
88 13 9
88 9 8
88 8 5
88 5 4
88 4 3
88 3 2
88 2 0
88 2 1
88 8 7
88 7 6
88 13 12
88 12 10
88 12 11
89 16 15
89 15 10
89 10 9
89 9 0
89 9 8
89 8 7
89 7 1
89 7 6
89 6 5
89 5 2
89 5 4
89 4 3
89 15 14
89 14 13
89 13 12
89 12 11
90 16 13
90 13 12
90 12 0
90 12 11
90 11 10
90 10 7
90 7 6
90 6 5
90 5 4
90 4 1
90 4 3
90 3 2
90 10 9
90 9 8
90 16 15
90 15 14
91 15 14
91 14 0
91 14 13
91 13 12
91 12 1
91 12 11
91 11 10
91 10 9
91 9 4
91 4 2
91 4 3
91 9 8
91 8 6
91 6 5
91 8 7
92 15 5
92 5 3
92 3 2
92 2 0
92 2 1
92 5 4
92 15 14
92 14 13
92 13 12
92 12 10
92 10 9
92 9 8
92 8 6
92 8 7
92 12 11
93 15 0
93 15 14
93 14 3
93 3 1
93 3 2
93 14 13
93 13 12
93 12 4
93 12 11
93 11 6
93 6 5
93 11 10
93 10 7
93 10 9
93 9 8
94 17 16
94 16 9
94 9 0
94 9 8
94 8 7
94 7 4
94 4 3
94 3 1
94 3 2
94 7 6
94 6 5
94 16 15
94 15 14
94 14 13
94 13 11
94 11 10
94 13 12
95 14 8
95 8 0
95 8 7
95 7 3
95 3 1
95 3 2
95 7 6
95 6 5
95 5 4
95 14 13
95 13 12
95 12 11
95 11 10
95 10 9
96 16 15
96 15 11
96 11 0
96 11 10
96 10 9
96 9 1
96 9 8
96 8 6
96 6 2
96 6 5
96 5 4
96 4 3
96 8 7
96 15 14
96 14 12
96 14 13
97 15 5
97 5 1
97 1 0
97 5 4
97 4 3
97 3 2
97 15 14
97 14 13
97 13 11
97 11 10
97 10 6
97 10 9
97 9 8
97 8 7
97 13 12
98 17 4
98 4 3
98 3 0
98 3 2
98 2 1
98 17 16
98 16 15
98 15 9
98 9 5
98 9 8
98 8 7
98 7 6
98 15 14
98 14 13
98 13 10
98 13 12
98 12 11
99 18 16
99 16 15
99 15 14
99 14 1
99 1 0
99 14 13
99 13 10
99 10 2
99 10 9
99 9 3
99 9 8
99 8 7
99 7 6
99 6 4
99 6 5
99 13 12
99 12 11
99 18 17
100 14 7
100 7 0
100 7 6
100 6 2
100 2 1
100 6 5
100 5 4
100 4 3
100 14 13
100 13 11
100 11 8
100 11 10
100 10 9
100 13 12
101 18 1
101 1 0
101 18 17
101 17 15
101 15 6
101 6 4
101 4 2
101 4 3
101 6 5
101 15 14
101 14 9
101 9 8
101 8 7
101 14 13
101 13 11
101 11 10
101 13 12
101 17 16
