1 15 14
1 14 0
1 14 13
1 13 1
1 13 12
1 12 4
1 4 2
1 4 3
1 12 11
1 11 5
1 11 10
1 10 6
1 10 9
1 9 8
1 8 7
2 14 0
2 14 13
2 13 4
2 4 1
2 4 3
2 3 2
2 13 12
2 12 11
2 11 10
2 10 5
2 10 9
2 9 6
2 9 8
2 8 7
3 16 7
3 7 5
3 5 3
3 3 2
3 2 1
3 1 0
3 5 4
3 7 6
3 16 15
3 15 14
3 14 13
3 13 9
3 9 8
3 13 12
3 12 11
3 11 10
4 19 8
4 8 4
4 4 1
4 1 0
4 4 3
4 3 2
4 8 7
4 7 6
4 6 5
4 19 18
4 18 16
4 16 15
4 15 14
4 14 12
4 12 9
4 12 11
4 11 10
4 14 13
4 18 17
5 16 2
5 2 0
5 2 1
5 16 15
5 15 13
5 13 5
5 5 4
5 4 3
5 13 12
5 12 11
5 11 10
5 10 6
5 10 9
5 9 7
5 9 8
5 15 14
6 15 14
6 14 6
6 6 5
6 5 0
6 5 4
6 4 3
6 3 1
6 3 2
6 14 13
6 13 12
6 12 11
6 11 7
6 11 10
6 10 9
6 9 8
7 18 16
7 16 14
7 14 13
7 13 11
7 11 7
7 7 5
7 5 0
7 5 4
7 4 2
7 2 1
7 4 3
7 7 6
7 11 10
7 10 9
7 9 8
7 13 12
7 16 15
7 18 17
8 14 2
8 2 1
8 1 0
8 14 13
8 13 12
8 12 10
8 10 4
8 4 3
8 10 9
8 9 6
8 6 5
8 9 8
8 8 7
8 12 11
9 17 16
9 16 15
9 15 13
9 13 11
9 11 10
9 10 0
9 10 9
9 9 8
9 8 3
9 3 2
9 2 1
9 8 7
9 7 6
9 6 5
9 5 4
9 13 12
9 15 14
10 14 0
10 14 13
10 13 12
10 12 11
10 11 10
10 10 1
10 10 9
10 9 8
10 8 7
10 7 6
10 6 4
10 4 3
10 3 2
10 6 5
11 15 3
11 3 1
11 1 0
11 3 2
11 15 14
11 14 4
11 14 13
11 13 5
11 13 12
11 12 7
11 7 6
11 12 11
11 11 8
11 11 10
11 10 9
12 17 0
12 17 16
12 16 14
12 14 2
12 2 1
12 14 13
12 13 12
12 12 11
12 11 3
12 11 10
12 10 6
12 6 4
12 6 5
12 10 9
12 9 8
12 8 7
12 16 15
13 15 7
13 7 6
13 6 0
13 6 5
13 5 4
13 4 1
13 4 3
13 3 2
13 15 14
13 14 13
13 13 9
13 9 8
13 13 12
13 12 11
13 11 10
14 19 15
14 15 2
14 2 0
14 2 1
14 15 14
14 14 11
14 11 3
14 11 10
14 10 7
14 7 4
14 7 6
14 6 5
14 10 9
14 9 8
14 14 13
14 13 12
14 19 18
14 18 17
14 17 16
15 18 17
15 17 16
15 16 3
15 3 1
15 1 0
15 3 2
15 16 15
15 15 4
15 15 14
15 14 13
15 13 6
15 6 5
15 13 12
15 12 8
15 8 7
15 12 11
15 11 10
15 10 9
16 14 6
16 6 5
16 5 4
16 4 3
16 3 2
16 2 0
16 2 1
16 14 13
16 13 8
16 8 7
16 13 12
16 12 9
16 12 11
16 11 10
17 16 13
17 13 12
17 12 4
17 4 0
17 4 3
17 3 2
17 2 1
17 12 11
17 11 6
17 6 5
17 11 10
17 10 9
17 9 8
17 8 7
17 16 15
17 15 14
18 15 13
18 13 0
18 13 12
18 12 6
18 6 5
18 5 4
18 4 2
18 2 1
18 4 3
18 12 11
18 11 10
18 10 7
18 10 9
18 9 8
18 15 14
19 15 9
19 9 8
19 8 0
19 8 7
19 7 6
19 6 5
19 5 4
19 4 3
19 3 2
19 2 1
19 15 14
19 14 10
19 14 13
19 13 12
19 12 11
20 18 17
20 17 0
20 17 16
20 16 15
20 15 4
20 4 3
20 3 2
20 2 1
20 15 14
20 14 12
20 12 7
20 7 6
20 6 5
20 12 11
20 11 10
20 10 9
20 9 8
20 14 13
21 16 15
21 15 14
21 14 13
21 13 7
21 7 1
21 1 0
21 7 6
21 6 3
21 3 2
21 6 5
21 5 4
21 13 12
21 12 10
21 10 8
21 10 9
21 12 11
22 14 0
22 14 13
22 13 11
22 11 9
22 9 4
22 4 2
22 2 1
22 4 3
22 9 8
22 8 5
22 8 7
22 7 6
22 11 10
22 13 12
23 19 14
23 14 3
23 3 0
23 3 2
23 2 1
23 14 13
23 13 12
23 12 11
23 11 7
23 7 6
23 6 4
23 6 5
23 11 10
23 10 8
23 10 9
23 19 18
23 18 17
23 17 16
23 16 15
24 19 18
24 18 9
24 9 7
24 7 0
24 7 6
24 6 1
24 6 5
24 5 2
24 5 4
24 4 3
24 9 8
24 18 17
24 17 16
24 16 10
24 16 15
24 15 11
24 15 14
24 14 12
24 14 13
25 14 2
25 2 0
25 2 1
25 14 13
25 13 10
25 10 7
25 7 6
25 6 4
25 4 3
25 6 5
25 10 9
25 9 8
25 13 12
25 12 11
26 16 15
26 15 0
26 15 14
26 14 10
26 10 8
26 8 5
26 5 2
26 2 1
26 5 4
26 4 3
26 8 7
26 7 6
26 10 9
26 14 13
26 13 12
26 12 11
27 18 1
27 1 0
27 18 17
27 17 16
27 16 15
27 15 14
27 14 13
27 13 2
27 13 12
27 12 11
27 11 10
27 10 8
27 8 7
27 7 6
27 6 4
27 4 3
27 6 5
27 10 9
28 19 17
28 17 5
28 5 4
28 4 2
28 2 0
28 2 1
28 4 3
28 17 16
28 16 14
28 14 6
28 14 13
28 13 8
28 8 7
28 13 12
28 12 11
28 11 10
28 10 9
28 16 15
28 19 18
29 16 15
29 15 9
29 9 8
29 8 7
29 7 6
29 6 5
29 5 0
29 5 4
29 4 3
29 3 2
29 2 1
29 15 14
29 14 11
29 11 10
29 14 13
29 13 12
30 14 13
30 13 12
30 12 10
30 10 2
30 2 1
30 1 0
30 10 9
30 9 6
30 6 5
30 5 4
30 4 3
30 9 8
30 8 7
30 12 11
31 17 15
31 15 14
31 14 10
31 10 8
31 8 7
31 7 6
31 6 4
31 4 3
31 3 0
31 3 2
31 2 1
31 6 5
31 10 9
31 14 13
31 13 11
31 13 12
31 17 16
32 16 15
32 15 14
32 14 13
32 13 1
32 1 0
32 13 12
32 12 6
32 6 5
32 5 2
32 5 4
32 4 3
32 12 11
32 11 7
32 11 10
32 10 9
32 9 8
33 14 13
33 13 0
33 13 12
33 12 1
33 12 11
33 11 10
33 10 9
33 9 8
33 8 6
33 6 5
33 5 2
33 5 4
33 4 3
33 8 7
34 19 18
34 18 17
34 17 7
34 7 1
34 1 0
34 7 6
34 6 2
34 6 5
34 5 4
34 4 3
34 17 16
34 16 15
34 15 8
34 15 14
34 14 12
34 12 11
34 11 10
34 10 9
34 14 13
35 17 16
35 16 8
35 8 5
35 5 3
35 3 2
35 2 0
35 2 1
35 5 4
35 8 7
35 7 6
35 16 15
35 15 12
35 12 10
35 10 9
35 12 11
35 15 14
35 14 13
36 15 0
36 15 14
36 14 13
36 13 7
36 7 6
36 6 4
36 4 3
36 3 2
36 2 1
36 6 5
36 13 12
36 12 11
36 11 9
36 9 8
36 11 10
37 19 18
37 18 17
37 17 0
37 17 16
37 16 15
37 15 4
37 4 3
37 3 1
37 3 2
37 15 14
37 14 13
37 13 12
37 12 9
37 9 7
37 7 5
37 7 6
37 9 8
37 12 11
37 11 10
38 15 0
38 15 14
38 14 12
38 12 11
38 11 10
38 10 8
38 8 6
38 6 4
38 4 1
38 4 3
38 3 2
38 6 5
38 8 7
38 10 9
38 14 13
39 14 13
39 13 12
39 12 6
39 6 3
39 3 1
39 1 0
39 3 2
39 6 5
39 5 4
39 12 11
39 11 10
39 10 9
39 9 8
39 8 7
40 16 2
40 2 1
40 1 0
40 16 15
40 15 14
40 14 13
40 13 12
40 12 3
40 12 11
40 11 10
40 10 4
40 10 9
40 9 7
40 7 5
40 7 6
40 9 8
41 19 0
41 19 18
41 18 17
41 17 5
41 5 4
41 4 3
41 3 1
41 3 2
41 17 16
41 16 13
41 13 6
41 13 12
41 12 7
41 12 11
41 11 9
41 9 8
41 11 10
41 16 15
41 15 14
42 18 0
42 18 17
42 17 4
42 4 3
42 3 1
42 3 2
42 17 16
42 16 15
42 15 13
42 13 12
42 12 11
42 11 10
42 10 9
42 9 8
42 8 7
42 7 5
42 7 6
42 15 14
43 18 17
43 17 14
43 14 13
43 13 12
43 12 11
43 11 9
43 9 0
43 9 8
43 8 3
43 3 1
43 3 2
43 8 7
43 7 6
43 6 5
43 5 4
43 11 10
43 17 16
43 16 15
44 16 13
44 13 11
44 11 9
44 9 2
44 2 0
44 2 1
44 9 8
44 8 7
44 7 3
44 7 6
44 6 5
44 5 4
44 11 10
44 13 12
44 16 15
44 15 14
45 19 18
45 18 5
45 5 0
45 5 4
45 4 2
45 2 1
45 4 3
45 18 17
45 17 15
45 15 14
45 14 13
45 13 10
45 10 9
45 9 6
45 9 8
45 8 7
45 13 12
45 12 11
45 17 16
46 15 14
46 14 0
46 14 13
46 13 9
46 9 7
46 7 5
46 5 3
46 3 2
46 2 1
46 5 4
46 7 6
46 9 8
46 13 12
46 12 11
46 11 10
47 14 1
47 1 0
47 14 13
47 13 12
47 12 2
47 12 11
47 11 3
47 11 10
47 10 7
47 7 5
47 5 4
47 7 6
47 10 9
47 9 8
48 19 0
48 19 18
48 18 17
48 17 3
48 3 1
48 3 2
48 17 16
48 16 15
48 15 5
48 5 4
48 15 14
48 14 13
48 13 12
48 12 7
48 7 6
48 12 11
48 11 10
48 10 9
48 9 8
49 18 6
49 6 4
49 4 2
49 2 1
49 1 0
49 4 3
49 6 5
49 18 17
49 17 16
49 16 15
49 15 12
49 12 10
49 10 8
49 8 7
49 10 9
49 12 11
49 15 14
49 14 13
50 18 17
50 17 14
50 14 4
50 4 2
50 2 1
50 1 0
50 4 3
50 14 13
50 13 5
50 13 12
50 12 8
50 8 7
50 7 6
50 12 11
50 11 9
50 11 10
50 17 16
50 16 15
51 19 18
51 18 16
51 16 12
51 12 10
51 10 7
51 7 6
51 6 5
51 5 4
51 4 3
51 3 0
51 3 2
51 2 1
51 10 9
51 9 8
51 12 11
51 16 15
51 15 13
51 15 14
51 18 17
52 15 14
52 14 7
52 7 6
52 6 5
52 5 4
52 4 3
52 3 2
52 2 0
52 2 1
52 14 13
52 13 10
52 10 8
52 10 9
52 13 12
52 12 11
53 17 0
53 17 16
53 16 14
53 14 8
53 8 2
53 2 1
53 8 7
53 7 4
53 4 3
53 7 6
53 6 5
53 14 13
53 13 10
53 10 9
53 13 12
53 12 11
53 16 15
54 19 16
54 16 14
54 14 11
54 11 5
54 5 4
54 4 3
54 3 2
54 2 0
54 2 1
54 11 10
54 10 7
54 7 6
54 10 9
54 9 8
54 14 13
54 13 12
54 16 15
54 19 18
54 18 17
55 16 0
55 16 15
55 15 14
55 14 5
55 5 4
55 4 3
55 3 2
55 2 1
55 14 13
55 13 12
55 12 6
55 12 11
55 11 7
55 11 10
55 10 9
55 9 8
56 15 14
56 14 11
56 11 10
56 10 3
56 3 2
56 2 0
56 2 1
56 10 9
56 9 7
56 7 4
56 7 6
56 6 5
56 9 8
56 14 13
56 13 12
57 19 4
57 4 3
57 3 0
57 3 2
57 2 1
57 19 18
57 18 5
57 18 17
57 17 16
57 16 15
57 15 9
57 9 7
57 7 6
57 9 8
57 15 14
57 14 12
57 12 10
57 12 11
57 14 13
58 14 4
58 4 2
58 2 0
58 2 1
58 4 3
58 14 13
58 13 12
58 12 6
58 6 5
58 12 11
58 11 10
58 10 8
58 8 7
58 10 9
59 17 16
59 16 13
59 13 6
59 6 4
59 4 3
59 3 2
59 2 1
59 1 0
59 6 5
59 13 12
59 12 7
59 12 11
59 11 10
59 10 9
59 9 8
59 16 15
59 15 14
60 16 15
60 15 12
60 12 11
60 11 10
60 10 9
60 9 7
60 7 6
60 6 5
60 5 3
60 3 2
60 2 1
60 1 0
60 5 4
60 9 8
60 15 14
60 14 13
61 15 14
61 14 12
61 12 11
61 11 10
61 10 2
61 2 0
61 2 1
61 10 9
61 9 5
61 5 4
61 4 3
61 9 8
61 8 7
61 7 6
61 14 13
62 18 12
62 12 6
62 6 0
62 6 5
62 5 4
62 4 2
62 2 1
62 4 3
62 12 11
62 11 9
62 9 7
62 9 8
62 11 10
62 18 17
62 17 15
62 15 14
62 14 13
62 17 16
63 16 1
63 1 0
63 16 15
63 15 13
63 13 6
63 6 3
63 3 2
63 6 5
63 5 4
63 13 12
63 12 11
63 11 10
63 10 9
63 9 7
63 9 8
63 15 14
64 16 12
64 12 11
64 11 6
64 6 5
64 5 3
64 3 0
64 3 2
64 2 1
64 5 4
64 11 10
64 10 9
64 9 8
64 8 7
64 16 15
64 15 13
64 15 14
65 16 15
65 15 0
65 15 14
65 14 13
65 13 5
65 5 4
65 4 2
65 2 1
65 4 3
65 13 12
65 12 10
65 10 9
65 9 8
65 8 6
65 8 7
65 12 11
66 15 1
66 1 0
66 15 14
66 14 13
66 13 7
66 7 4
66 4 3
66 3 2
66 7 6
66 6 5
66 13 12
66 12 9
66 9 8
66 12 11
66 11 10
67 17 15
67 15 13
67 13 10
67 10 8
67 8 1
67 1 0
67 8 7
67 7 6
67 6 2
67 6 5
67 5 3
67 5 4
67 10 9
67 13 12
67 12 11
67 15 14
67 17 16
68 17 1
68 1 0
68 17 16
68 16 4
68 4 2
68 4 3
68 16 15
68 15 5
68 15 14
68 14 10
68 10 9
68 9 6
68 9 8
68 8 7
68 14 13
68 13 12
68 12 11
69 14 0
69 14 13
69 13 11
69 11 10
69 10 1
69 10 9
69 9 8
69 8 4
69 4 3
69 3 2
69 8 7
69 7 5
69 7 6
69 13 12
70 18 16
70 16 15
70 15 9
70 9 8
70 8 7
70 7 3
70 3 1
70 1 0
70 3 2
70 7 6
70 6 5
70 5 4
70 15 14
70 14 13
70 13 10
70 13 12
70 12 11
70 18 17
71 18 17
71 17 0
71 17 16
71 16 15
71 15 14
71 14 13
71 13 12
71 12 11
71 11 10
71 10 6
71 6 2
71 2 1
71 6 5
71 5 3
71 5 4
71 10 9
71 9 8
71 8 7
72 19 15
72 15 9
72 9 8
72 8 4
72 4 2
72 2 0
72 2 1
72 4 3
72 8 7
72 7 5
72 7 6
72 15 14
72 14 13
72 13 12
72 12 11
72 11 10
72 19 18
72 18 17
72 17 16
73 16 15
73 15 14
73 14 1
73 1 0
73 14 13
73 13 5
73 5 2
73 5 4
73 4 3
73 13 12
73 12 10
73 10 9
73 9 8
73 8 6
73 8 7
73 12 11
74 19 17
74 17 0
74 17 16
74 16 15
74 15 1
74 15 14
74 14 12
74 12 8
74 8 5
74 5 2
74 5 4
74 4 3
74 8 7
74 7 6
74 12 11
74 11 9
74 11 10
74 14 13
74 19 18
75 18 9
75 9 2
75 2 1
75 1 0
75 9 8
75 8 7
75 7 6
75 6 5
75 5 3
75 5 4
75 18 17
75 17 15
75 15 10
75 15 14
75 14 12
75 12 11
75 14 13
75 17 16
76 15 14
76 14 13
76 13 12
76 12 7
76 7 3
76 3 0
76 3 2
76 2 1
76 7 6
76 6 4
76 6 5
76 12 11
76 11 9
76 9 8
76 11 10
77 14 13
77 13 12
77 12 11
77 11 10
77 10 9
77 9 8
77 8 7
77 7 2
77 2 1
77 1 0
77 7 6
77 6 5
77 5 3
77 5 4
78 19 18
78 18 17
78 17 16
78 16 14
78 14 8
78 8 0
78 8 7
78 7 1
78 7 6
78 6 5
78 5 2
78 5 4
78 4 3
78 14 13
78 13 12
78 12 10
78 10 9
78 12 11
78 16 15
79 17 1
79 1 0
79 17 16
79 16 5
79 5 3
79 3 2
79 5 4
79 16 15
79 15 14
79 14 10
79 10 6
79 10 9
79 9 7
79 9 8
79 14 13
79 13 12
79 12 11
80 16 1
80 1 0
80 16 15
80 15 4
80 4 3
80 3 2
80 15 14
80 14 5
80 14 13
80 13 11
80 11 6
80 11 10
80 10 8
80 8 7
80 10 9
80 13 12
81 15 14
81 14 10
81 10 9
81 9 8
81 8 4
81 4 3
81 3 1
81 1 0
81 3 2
81 8 7
81 7 5
81 7 6
81 14 13
81 13 12
81 12 11
82 15 11
82 11 1
82 1 0
82 11 10
82 10 8
82 8 7
82 7 5
82 5 4
82 4 3
82 3 2
82 7 6
82 10 9
82 15 14
82 14 13
82 13 12
83 18 0
83 18 17
83 17 14
83 14 1
83 14 13
83 13 11
83 11 7
83 7 4
83 4 3
83 3 2
83 7 6
83 6 5
83 11 10
83 10 8
83 10 9
83 13 12
83 17 16
83 16 15
84 15 12
84 12 10
84 10 6
84 6 5
84 5 0
84 5 4
84 4 3
84 3 1
84 3 2
84 10 9
84 9 8
84 8 7
84 12 11
84 15 14
84 14 13
85 17 8
85 8 6
85 6 0
85 6 5
85 5 1
85 5 4
85 4 2
85 4 3
85 8 7
85 17 16
85 16 15
85 15 12
85 12 9
85 12 11
85 11 10
85 15 14
85 14 13
86 18 0
86 18 17
86 17 16
86 16 5
86 5 3
86 3 1
86 3 2
86 5 4
86 16 15
86 15 8
86 8 6
86 8 7
86 15 14
86 14 9
86 14 13
86 13 10
86 13 12
86 12 11
87 14 13
87 13 3
87 3 1
87 1 0
87 3 2
87 13 12
87 12 5
87 5 4
87 12 11
87 11 10
87 10 6
87 10 9
87 9 7
87 9 8
88 15 1
88 1 0
88 15 14
88 14 3
88 3 2
88 14 13
88 13 4
88 13 12
88 12 10
88 10 8
88 8 6
88 6 5
88 8 7
88 10 9
88 12 11
89 15 0
89 15 14
89 14 13
89 13 11
89 11 10
89 10 9
89 9 7
89 7 6
89 6 4
89 4 2
89 2 1
89 4 3
89 6 5
89 9 8
89 13 12
90 14 13
90 13 12
90 12 0
90 12 11
90 11 9
90 9 8
90 8 2
90 2 1
90 8 7
90 7 6
90 6 5
90 5 4
90 4 3
90 11 10
91 18 4
91 4 0
91 4 3
91 3 2
91 2 1
91 18 17
91 17 5
91 17 16
91 16 6
91 16 15
91 15 13
91 13 9
91 9 7
91 9 8
91 13 12
91 12 10
91 12 11
91 15 14
92 16 15
92 15 14
92 14 13
92 13 11
92 11 6
92 6 5
92 5 2
92 2 1
92 1 0
92 5 4
92 4 3
92 11 10
92 10 9
92 9 7
92 9 8
92 13 12
93 16 14
93 14 1
93 1 0
93 14 13
93 13 12
93 12 9
93 9 4
93 4 2
93 4 3
93 9 8
93 8 7
93 7 6
93 6 5
93 12 11
93 11 10
93 16 15
94 14 13
94 13 6
94 6 5
94 5 1
94 1 0
94 5 4
94 4 2
94 4 3
94 13 12
94 12 11
94 11 9
94 9 8
94 8 7
94 11 10
95 15 14
95 14 7
95 7 6
95 6 1
95 1 0
95 6 5
95 5 3
95 3 2
95 5 4
95 14 13
95 13 12
95 12 10
95 10 9
95 9 8
95 12 11
96 14 12
96 12 0
96 12 11
96 11 9
96 9 6
96 6 4
96 4 1
96 4 3
96 3 2
96 6 5
96 9 8
96 8 7
96 11 10
96 14 13
97 17 9
97 9 7
97 7 5
97 5 3
97 3 1
97 1 0
97 3 2
97 5 4
97 7 6
97 9 8
97 17 16
97 16 10
97 16 15
97 15 14
97 14 13
97 13 12
97 12 11
98 19 18
98 18 16
98 16 1
98 1 0
98 16 15
98 15 14
98 14 13
98 13 3
98 3 2
98 13 12
98 12 11
98 11 10
98 10 4
98 10 9
98 9 8
98 8 7
98 7 5
98 7 6
98 18 17
99 14 13
99 13 8
99 8 7
99 7 5
99 5 4
99 4 3
99 3 2
99 2 0
99 2 1
99 7 6
99 13 12
99 12 10
99 10 9
99 12 11
100 15 14
100 14 13
100 13 12
100 12 11
100 11 10
100 10 7
100 7 5
100 5 0
100 5 4
100 4 1
100 4 3
100 3 2
100 7 6
100 10 9
100 9 8
101 14 13
101 13 0
101 13 12
101 12 5
101 5 1
101 5 4
101 4 2
101 4 3
101 12 11
101 11 10
101 10 9
101 9 8
101 8 7
101 7 6
