1 16 5
1 5 4
1 4 3
1 3 0
1 3 2
1 2 1
1 16 15
1 15 6
1 15 14
1 14 10
1 10 8
1 8 7
1 10 9
1 14 13
1 13 12
1 12 11
2 15 14
2 14 3
2 3 1
2 1 0
2 3 2
2 14 13
2 13 5
2 5 4
2 13 12
2 12 6
2 12 11
2 11 10
2 10 9
2 9 8
2 8 7
3 14 9
3 9 0
3 9 8
3 8 5
3 5 3
3 3 1
3 3 2
3 5 4
3 8 7
3 7 6
3 14 13
3 13 12
3 12 10
3 12 11
4 15 14
4 14 13
4 13 11
4 11 10
4 10 9
4 9 4
4 4 0
4 4 3
4 3 2
4 2 1
4 9 8
4 8 6
4 6 5
4 8 7
4 13 12
5 17 13
5 13 2
5 2 0
5 2 1
5 13 12
5 12 10
5 10 3
5 10 9
5 9 6
5 6 5
5 5 4
5 9 8
5 8 7
5 12 11
5 17 16
5 16 14
5 16 15
6 15 13
6 13 0
6 13 12
6 12 6
6 6 5
6 5 4
6 4 2
6 2 1
6 4 3
6 12 11
6 11 10
6 10 9
6 9 7
6 9 8
6 15 14
7 18 2
7 2 1
7 1 0
7 18 17
7 17 7
7 7 5
7 5 3
7 5 4
7 7 6
7 17 16
7 16 9
7 9 8
7 16 15
7 15 10
7 15 14
7 14 13
7 13 11
7 13 12
8 14 13
8 13 8
8 8 0
8 8 7
8 7 6
8 6 1
8 6 5
8 5 2
8 5 4
8 4 3
8 13 12
8 12 11
8 11 10
8 10 9
9 17 16
9 16 7
9 7 3
9 3 0
9 3 2
9 2 1
9 7 6
9 6 5
9 5 4
9 16 15
9 15 14
9 14 13
9 13 12
9 12 11
9 11 9
9 9 8
9 11 10
10 15 14
10 14 0
10 14 13
10 13 1
10 13 12
10 12 11
10 11 10
10 10 9
10 9 7
10 7 5
10 5 2
10 5 4
10 4 3
10 7 6
10 9 8
11 14 13
11 13 11
11 11 10
11 10 4
11 4 3
11 3 1
11 1 0
11 3 2
11 10 9
11 9 7
11 7 5
11 7 6
11 9 8
11 13 12
12 17 11
12 11 9
12 9 0
12 9 8
12 8 6
12 6 5
12 5 1
12 5 4
12 4 3
12 3 2
12 8 7
12 11 10
12 17 16
12 16 12
12 16 15
12 15 14
12 14 13
13 17 16
13 16 15
13 15 14
13 14 3
13 3 2
13 2 1
13 1 0
13 14 13
13 13 4
13 13 12
13 12 8
13 8 7
13 7 5
13 7 6
13 12 11
13 11 9
13 11 10
14 16 13
14 13 12
14 12 2
14 2 0
14 2 1
14 12 11
14 11 9
14 9 3
14 9 8
14 8 4
14 8 7
14 7 5
14 7 6
14 11 10
14 16 15
14 15 14
15 17 1
15 1 0
15 17 16
15 16 15
15 15 9
15 9 8
15 8 6
15 6 5
15 5 3
15 3 2
15 5 4
15 8 7
15 15 14
15 14 12
15 12 10
15 12 11
15 14 13
16 17 12
16 12 11
16 11 10
16 10 6
16 6 3
16 3 1
16 1 0
16 3 2
16 6 5
16 5 4
16 10 9
16 9 8
16 8 7
16 17 16
16 16 15
16 15 14
16 14 13
17 15 13
17 13 0
17 13 12
17 12 2
17 2 1
17 12 11
17 11 6
17 6 3
17 6 5
17 5 4
17 11 10
17 10 7
17 10 9
17 9 8
17 15 14
18 15 13
18 13 8
18 8 3
18 3 1
18 1 0
18 3 2
18 8 7
18 7 6
18 6 5
18 5 4
18 13 12
18 12 9
18 12 11
18 11 10
18 15 14
19 14 13
19 13 0
19 13 12
19 12 7
19 7 4
19 4 1
19 4 3
19 3 2
19 7 6
19 6 5
19 12 11
19 11 10
19 10 9
19 9 8
20 15 14
20 14 13
20 13 11
20 11 10
20 10 9
20 9 8
20 8 2
20 2 0
20 2 1
20 8 7
20 7 4
20 4 3
20 7 6
20 6 5
20 13 12
21 18 0
21 18 17
21 17 16
21 16 15
21 15 3
21 3 1
21 3 2
21 15 14
21 14 12
21 12 11
21 11 10
21 10 8
21 8 7
21 7 6
21 6 5
21 5 4
21 10 9
21 14 13
22 16 0
22 16 15
22 15 14
22 14 8
22 8 7
22 7 6
22 6 1
22 6 5
22 5 3
22 3 2
22 5 4
22 14 13
22 13 11
22 11 10
22 10 9
22 13 12
23 16 0
23 16 15
23 15 7
23 7 6
23 6 1
23 6 5
23 5 3
23 3 2
23 5 4
23 15 14
23 14 13
23 13 11
23 11 10
23 10 9
23 9 8
23 13 12
24 17 16
24 16 14
24 14 12
24 12 11
24 11 0
24 11 10
24 10 4
24 4 3
24 3 2
24 2 1
24 10 9
24 9 8
24 8 6
24 6 5
24 8 7
24 14 13
24 16 15
25 14 0
25 14 13
25 13 11
25 11 7
25 7 5
25 5 3
25 3 2
25 2 1
25 5 4
25 7 6
25 11 10
25 10 8
25 10 9
25 13 12
26 14 13
26 13 9
26 9 0
26 9 8
26 8 1
26 8 7
26 7 6
26 6 3
26 3 2
26 6 5
26 5 4
26 13 12
26 12 11
26 11 10
27 14 12
27 12 5
27 5 4
27 4 3
27 3 2
27 2 1
27 1 0
27 12 11
27 11 10
27 10 9
27 9 8
27 8 7
27 7 6
27 14 13
28 14 0
28 14 13
28 13 12
28 12 1
28 12 11
28 11 10
28 10 9
28 9 3
28 3 2
28 9 8
28 8 6
28 6 5
28 5 4
28 8 7
29 17 0
29 17 16
29 16 1
29 16 15
29 15 5
29 5 4
29 4 2
29 4 3
29 15 14
29 14 8
29 8 6
29 8 7
29 14 13
29 13 11
29 11 10
29 10 9
29 13 12
30 19 9
30 9 0
30 9 8
30 8 1
30 8 7
30 7 5
30 5 2
30 5 4
30 4 3
30 7 6
30 19 18
30 18 16
30 16 15
30 15 14
30 14 13
30 13 11
30 11 10
30 13 12
30 18 17
31 14 13
31 13 3
31 3 2
31 2 0
31 2 1
31 13 12
31 12 10
31 10 9
31 9 7
31 7 4
31 7 6
31 6 5
31 9 8
31 12 11
32 14 13
32 13 6
32 6 4
32 4 0
32 4 3
32 3 1
32 3 2
32 6 5
32 13 12
32 12 11
32 11 10
32 10 7
32 10 9
32 9 8
33 14 13
33 13 7
33 7 6
33 6 5
33 5 2
33 2 1
33 1 0
33 5 4
33 4 3
33 13 12
33 12 11
33 11 10
33 10 8
33 10 9
34 15 14
34 14 0
34 14 13
34 13 12
34 12 11
34 11 10
34 10 7
34 7 2
34 2 1
34 7 6
34 6 5
34 5 3
34 5 4
34 10 9
34 9 8
35 14 13
35 13 9
35 9 7
35 7 0
35 7 6
35 6 5
35 5 4
35 4 3
35 3 2
35 2 1
35 9 8
35 13 12
35 12 11
35 11 10
36 16 6
36 6 5
36 5 4
36 4 3
36 3 0
36 3 2
36 2 1
36 16 15
36 15 14
36 14 12
36 12 9
36 9 7
36 9 8
36 12 11
36 11 10
36 14 13
37 19 18
37 18 12
37 12 11
37 11 1
37 1 0
37 11 10
37 10 7
37 7 5
37 5 4
37 4 3
37 3 2
37 7 6
37 10 9
37 9 8
37 18 17
37 17 14
37 14 13
37 17 16
37 16 15
38 14 12
38 12 0
38 12 11
38 11 9
38 9 3
38 3 2
38 2 1
38 9 8
38 8 4
38 8 7
38 7 5
38 7 6
38 11 10
38 14 13
39 15 10
39 10 3
39 3 1
39 1 0
39 3 2
39 10 9
39 9 8
39 8 4
39 8 7
39 7 6
39 6 5
39 15 14
39 14 13
39 13 11
39 13 12
40 18 1
40 1 0
40 18 17
40 17 16
40 16 2
40 16 15
40 15 14
40 14 13
40 13 3
40 13 12
40 12 10
40 10 6
40 6 4
40 6 5
40 10 9
40 9 7
40 9 8
40 12 11
41 14 11
41 11 9
41 9 4
41 4 2
41 2 0
41 2 1
41 4 3
41 9 8
41 8 7
41 7 6
41 6 5
41 11 10
41 14 13
41 13 12
42 14 5
42 5 2
42 2 1
42 1 0
42 5 4
42 4 3
42 14 13
42 13 12
42 12 11
42 11 7
42 7 6
42 11 10
42 10 8
42 10 9
43 17 3
43 3 2
43 2 1
43 1 0
43 17 16
43 16 15
43 15 14
43 14 12
43 12 11
43 11 9
43 9 8
43 8 5
43 5 4
43 8 7
43 7 6
43 11 10
43 14 13
44 16 15
44 15 4
44 4 3
44 3 2
44 2 0
44 2 1
44 15 14
44 14 13
44 13 6
44 6 5
44 13 12
44 12 7
44 12 11
44 11 10
44 10 9
44 9 8
45 15 3
45 3 2
45 2 0
45 2 1
45 15 14
45 14 5
45 5 4
45 14 13
45 13 12
45 12 10
45 10 9
45 9 6
45 9 8
45 8 7
45 12 11
46 16 1
46 1 0
46 16 15
46 15 3
46 3 2
46 15 14
46 14 13
46 13 10
46 10 9
46 9 7
46 7 6
46 6 5
46 5 4
46 9 8
46 13 12
46 12 11
47 18 11
47 11 5
47 5 2
47 2 1
47 1 0
47 5 4
47 4 3
47 11 10
47 10 8
47 8 6
47 8 7
47 10 9
47 18 17
47 17 16
47 16 12
47 16 15
47 15 13
47 15 14
48 14 13
48 13 10
48 10 0
48 10 9
48 9 1
48 9 8
48 8 7
48 7 5
48 5 3
48 3 2
48 5 4
48 7 6
48 13 12
48 12 11
49 15 14
49 14 7
49 7 6
49 6 0
49 6 5
49 5 4
49 4 1
49 4 3
49 3 2
49 14 13
49 13 12
49 12 10
49 10 8
49 10 9
49 12 11
50 17 15
50 15 1
50 1 0
50 15 14
50 14 4
50 4 2
50 4 3
50 14 13
50 13 11
50 11 6
50 6 5
50 11 10
50 10 9
50 9 7
50 9 8
50 13 12
50 17 16
51 14 7
51 7 6
51 6 4
51 4 3
51 3 1
51 1 0
51 3 2
51 6 5
51 14 13
51 13 8
51 13 12
51 12 10
51 10 9
51 12 11
52 14 13
52 13 4
52 4 3
52 3 2
52 2 1
52 1 0
52 13 12
52 12 11
52 11 10
52 10 5
52 10 9
52 9 8
52 8 6
52 8 7
53 18 17
53 17 13
53 13 12
53 12 11
53 11 10
53 10 5
53 5 0
53 5 4
53 4 2
53 2 1
53 4 3
53 10 9
53 9 6
53 9 8
53 8 7
53 17 16
53 16 14
53 16 15
54 19 15
54 15 0
54 15 14
54 14 1
54 14 13
54 13 10
54 10 9
54 9 5
54 5 4
54 4 2
54 4 3
54 9 8
54 8 7
54 7 6
54 13 12
54 12 11
54 19 18
54 18 16
54 18 17
55 19 17
55 17 0
55 17 16
55 16 15
55 15 13
55 13 12
55 12 1
55 12 11
55 11 3
55 3 2
55 11 10
55 10 9
55 9 8
55 8 5
55 5 4
55 8 7
55 7 6
55 15 14
55 19 18
56 15 8
56 8 0
56 8 7
56 7 6
56 6 5
56 5 1
56 5 4
56 4 3
56 3 2
56 15 14
56 14 11
56 11 10
56 10 9
56 14 13
56 13 12
57 19 15
57 15 2
57 2 0
57 2 1
57 15 14
57 14 13
57 13 12
57 12 8
57 8 7
57 7 5
57 5 4
57 4 3
57 7 6
57 12 11
57 11 9
57 11 10
57 19 18
57 18 17
57 17 16
58 15 2
58 2 0
58 2 1
58 15 14
58 14 3
58 14 13
58 13 9
58 9 7
58 7 6
58 6 4
58 6 5
58 9 8
58 13 12
58 12 10
58 12 11
59 17 16
59 16 14
59 14 5
59 5 4
59 4 2
59 2 0
59 2 1
59 4 3
59 14 13
59 13 12
59 12 7
59 7 6
59 12 11
59 11 8
59 11 10
59 10 9
59 16 15
60 18 17
60 17 7
60 7 5
60 5 1
60 1 0
60 5 4
60 4 2
60 4 3
60 7 6
60 17 16
60 16 15
60 15 11
60 11 8
60 11 10
60 10 9
60 15 14
60 14 12
60 14 13
61 18 6
61 6 4
61 4 2
61 2 0
61 2 1
61 4 3
61 6 5
61 18 17
61 17 16
61 16 7
61 16 15
61 15 13
61 13 12
61 12 8
61 12 11
61 11 9
61 11 10
61 15 14
62 16 15
62 15 0
62 15 14
62 14 11
62 11 1
62 11 10
62 10 9
62 9 5
62 5 4
62 4 3
62 3 2
62 9 8
62 8 7
62 7 6
62 14 13
62 13 12
63 16 0
63 16 15
63 15 14
63 14 10
63 10 4
63 4 3
63 3 2
63 2 1
63 10 9
63 9 7
63 7 5
63 7 6
63 9 8
63 14 13
63 13 11
63 13 12
64 15 10
64 10 0
64 10 9
64 9 1
64 9 8
64 8 7
64 7 6
64 6 3
64 3 2
64 6 5
64 5 4
64 15 14
64 14 12
64 12 11
64 14 13
65 17 0
65 17 16
65 16 15
65 15 1
65 15 14
65 14 3
65 3 2
65 14 13
65 13 6
65 6 5
65 5 4
65 13 12
65 12 11
65 11 10
65 10 8
65 8 7
65 10 9
66 18 10
66 10 8
66 8 1
66 1 0
66 8 7
66 7 2
66 7 6
66 6 3
66 6 5
66 5 4
66 10 9
66 18 17
66 17 16
66 16 13
66 13 12
66 12 11
66 16 15
66 15 14
67 17 9
67 9 2
67 2 1
67 1 0
67 9 8
67 8 7
67 7 6
67 6 5
67 5 4
67 4 3
67 17 16
67 16 15
67 15 12
67 12 10
67 12 11
67 15 14
67 14 13
68 16 1
68 1 0
68 16 15
68 15 14
68 14 11
68 11 9
68 9 8
68 8 2
68 8 7
68 7 3
68 7 6
68 6 5
68 5 4
68 11 10
68 14 13
68 13 12
69 18 16
69 16 4
69 4 3
69 3 1
69 1 0
69 3 2
69 16 15
69 15 13
69 13 5
69 13 12
69 12 11
69 11 10
69 10 7
69 7 6
69 10 9
69 9 8
69 15 14
69 18 17
70 14 11
70 11 0
70 11 10
70 10 9
70 9 8
70 8 4
70 4 3
70 3 1
70 3 2
70 8 7
70 7 5
70 7 6
70 14 13
70 13 12
71 18 0
71 18 17
71 17 16
71 16 14
71 14 7
71 7 4
71 4 2
71 2 1
71 4 3
71 7 6
71 6 5
71 14 13
71 13 9
71 9 8
71 13 12
71 12 10
71 12 11
71 16 15
72 18 2
72 2 0
72 2 1
72 18 17
72 17 16
72 16 10
72 10 3
72 10 9
72 9 5
72 5 4
72 9 8
72 8 6
72 8 7
72 16 15
72 15 11
72 15 14
72 14 13
72 13 12
73 19 18
73 18 15
73 15 14
73 14 13
73 13 12
73 12 11
73 11 10
73 10 9
73 9 8
73 8 1
73 1 0
73 8 7
73 7 6
73 6 4
73 4 3
73 3 2
73 6 5
73 18 17
73 17 16
74 19 4
74 4 0
74 4 3
74 3 1
74 3 2
74 19 18
74 18 17
74 17 6
74 6 5
74 17 16
74 16 15
74 15 8
74 8 7
74 15 14
74 14 10
74 10 9
74 14 13
74 13 12
74 12 11
75 15 0
75 15 14
75 14 13
75 13 5
75 5 4
75 4 3
75 3 1
75 3 2
75 13 12
75 12 6
75 12 11
75 11 10
75 10 9
75 9 7
75 9 8
76 16 13
76 13 12
76 12 10
76 10 9
76 9 8
76 8 7
76 7 5
76 5 4
76 4 2
76 2 1
76 1 0
76 4 3
76 7 6
76 12 11
76 16 15
76 15 14
77 14 13
77 13 0
77 13 12
77 12 11
77 11 1
77 11 10
77 10 5
77 5 2
77 5 4
77 4 3
77 10 9
77 9 8
77 8 7
77 7 6
78 15 2
78 2 0
78 2 1
78 15 14
78 14 12
78 12 11
78 11 8
78 8 6
78 6 5
78 5 3
78 5 4
78 8 7
78 11 10
78 10 9
78 14 13
79 14 12
79 12 11
79 11 0
79 11 10
79 10 9
79 9 8
79 8 1
79 8 7
79 7 2
79 7 6
79 6 4
79 4 3
79 6 5
79 14 13
80 17 3
80 3 2
80 2 0
80 2 1
80 17 16
80 16 15
80 15 13
80 13 5
80 5 4
80 13 12
80 12 8
80 8 7
80 7 6
80 12 11
80 11 10
80 10 9
80 15 14
81 14 13
81 13 9
81 9 8
81 8 7
81 7 4
81 4 1
81 1 0
81 4 3
81 3 2
81 7 6
81 6 5
81 13 12
81 12 11
81 11 10
82 14 4
82 4 3
82 3 2
82 2 1
82 1 0
82 14 13
82 13 10
82 10 5
82 10 9
82 9 6
82 9 8
82 8 7
82 13 12
82 12 11
83 16 14
83 14 13
83 13 12
83 12 1
83 1 0
83 12 11
83 11 10
83 10 8
83 8 7
83 7 5
83 5 4
83 4 3
83 3 2
83 7 6
83 10 9
83 16 15
84 14 0
84 14 13
84 13 12
84 12 4
84 4 1
84 4 3
84 3 2
84 12 11
84 11 10
84 10 8
84 8 7
84 7 6
84 6 5
84 10 9
85 14 13
85 13 12
85 12 4
85 4 3
85 3 0
85 3 2
85 2 1
85 12 11
85 11 10
85 10 9
85 9 8
85 8 6
85 6 5
85 8 7
86 16 0
86 16 15
86 15 14
86 14 10
86 10 1
86 10 9
86 9 2
86 9 8
86 8 7
86 7 5
86 5 3
86 5 4
86 7 6
86 14 13
86 13 12
86 12 11
87 17 0
87 17 16
87 16 15
87 15 13
87 13 11
87 11 7
87 7 3
87 3 2
87 2 1
87 7 6
87 6 4
87 6 5
87 11 10
87 10 9
87 9 8
87 13 12
87 15 14
88 14 13
88 13 12
88 12 11
88 11 2
88 2 1
88 1 0
88 11 10
88 10 4
88 4 3
88 10 9
88 9 6
88 6 5
88 9 8
88 8 7
89 16 15
89 15 11
89 11 5
89 5 4
89 4 3
89 3 2
89 2 0
89 2 1
89 11 10
89 10 8
89 8 7
89 7 6
89 10 9
89 15 14
89 14 13
89 13 12
90 15 0
90 15 14
90 14 13
90 13 11
90 11 9
90 9 1
90 9 8
90 8 4
90 4 2
90 4 3
90 8 7
90 7 5
90 7 6
90 11 10
90 13 12
91 15 14
91 14 5
91 5 4
91 4 3
91 3 1
91 1 0
91 3 2
91 14 13
91 13 8
91 8 7
91 7 6
91 13 12
91 12 10
91 10 9
91 12 11
92 14 13
92 13 12
92 12 11
92 11 0
92 11 10
92 10 9
92 9 2
92 2 1
92 9 8
92 8 6
92 6 5
92 5 3
92 5 4
92 8 7
93 15 14
93 14 0
93 14 13
93 13 3
93 3 2
93 2 1
93 13 12
93 12 9
93 9 5
93 5 4
93 9 8
93 8 6
93 8 7
93 12 11
93 11 10
94 15 14
94 14 13
94 13 9
94 9 8
94 8 6
94 6 5
94 5 2
94 2 0
94 2 1
94 5 4
94 4 3
94 8 7
94 13 12
94 12 11
94 11 10
95 16 15
95 15 14
95 14 0
95 14 13
95 13 8
95 8 7
95 7 5
95 5 1
95 5 4
95 4 3
95 3 2
95 7 6
95 13 12
95 12 11
95 11 10
95 10 9
96 14 7
96 7 5
96 5 0
96 5 4
96 4 1
96 4 3
96 3 2
96 7 6
96 14 13
96 13 11
96 11 10
96 10 9
96 9 8
96 13 12
97 16 15
97 15 14
97 14 13
97 13 3
97 3 2
97 2 0
97 2 1
97 13 12
97 12 4
97 12 11
97 11 10
97 10 5
97 10 9
97 9 7
97 7 6
97 9 8
98 18 6
98 6 5
98 5 2
98 2 0
98 2 1
98 5 4
98 4 3
98 18 17
98 17 16
98 16 15
98 15 14
98 14 9
98 9 8
98 8 7
98 14 13
98 13 10
98 13 12
98 12 11
99 14 0
99 14 13
99 13 5
99 5 4
99 4 3
99 3 1
99 3 2
99 13 12
99 12 7
99 7 6
99 12 11
99 11 8
99 11 10
99 10 9
100 15 14
100 14 13
100 13 0
100 13 12
100 12 11
100 11 2
100 2 1
100 11 10
100 10 7
100 7 3
100 7 6
100 6 4
100 6 5
100 10 9
100 9 8
101 17 15
101 15 14
101 14 11
101 11 9
101 9 0
101 9 8
101 8 3
101 3 1
101 3 2
101 8 7
101 7 4
101 7 6
101 6 5
101 11 10
101 14 13
101 13 12
101 17 16
