1 49 0
1 49 48
1 48 47
1 47 41
1 41 40
1 40 38
1 38 37
1 37 6
1 6 5
1 5 4
1 4 3
1 3 2
1 2 1
1 37 36
1 36 32
1 32 30
1 30 7
1 30 29
1 29 8
1 29 28
1 28 9
1 28 27
1 27 22
1 22 11
1 11 10
1 22 21
1 21 20
1 20 19
1 19 17
1 17 16
1 16 15
1 15 13
1 13 12
1 15 14
1 19 18
1 27 26
1 26 25
1 25 23
1 25 24
1 32 31
1 36 35
1 35 33
1 35 34
1 40 39
1 47 46
1 46 43
1 43 42
1 46 45
1 45 44
2 51 50
2 50 0
2 50 49
2 49 13
2 13 12
2 12 11
2 11 10
2 10 9
2 9 4
2 4 3
2 3 1
2 3 2
2 9 8
2 8 7
2 7 6
2 6 5
2 49 48
2 48 14
2 48 47
2 47 15
2 47 46
2 46 18
2 18 17
2 17 16
2 46 45
2 45 43
2 43 42
2 42 19
2 42 41
2 41 24
2 24 22
2 22 21
2 21 20
2 24 23
2 41 40
2 40 38
2 38 36
2 36 35
2 35 25
2 35 34
2 34 26
2 34 33
2 33 27
2 33 32
2 32 31
2 31 28
2 31 30
2 30 29
2 38 37
2 40 39
2 45 44
3 57 2
3 2 0
3 2 1
3 57 56
3 56 55
3 55 54
3 54 6
3 6 3
3 6 5
3 5 4
3 54 53
3 53 51
3 51 48
3 48 47
3 47 17
3 17 16
3 16 15
3 15 10
3 10 9
3 9 7
3 9 8
3 15 14
3 14 12
3 12 11
3 14 13
3 47 46
3 46 18
3 46 45
3 45 21
3 21 19
3 21 20
3 45 44
3 44 43
3 43 42
3 42 27
3 27 22
3 27 26
3 26 25
3 25 24
3 24 23
3 42 41
3 41 28
3 41 40
3 40 32
3 32 30
3 30 29
3 32 31
3 40 39
3 39 36
3 36 35
3 35 33
3 35 34
3 39 38
3 38 37
3 51 50
3 50 49
3 53 52
4 57 44
4 44 0
4 44 43
4 43 41
4 41 14
4 14 11
4 11 10
4 10 8
4 8 7
4 7 1
4 7 6
4 6 2
4 6 5
4 5 3
4 5 4
4 10 9
4 14 13
4 13 12
4 41 40
4 40 39
4 39 37
4 37 35
4 35 31
4 31 30
4 30 29
4 29 26
4 26 25
4 25 24
4 24 23
4 23 22
4 22 19
4 19 17
4 17 15
4 17 16
4 19 18
4 22 21
4 21 20
4 29 28
4 28 27
4 35 34
4 34 32
4 34 33
4 37 36
4 39 38
4 43 42
4 57 56
4 56 45
4 56 55
4 55 53
4 53 46
4 53 52
4 52 48
4 48 47
4 52 51
4 51 50
4 50 49
4 55 54
5 57 54
5 54 0
5 54 53
5 53 13
5 13 11
5 11 10
5 10 9
5 9 8
5 8 4
5 4 1
5 4 3
5 3 2
5 8 7
5 7 5
5 7 6
5 13 12
5 53 52
5 52 51
5 51 50
5 50 27
5 27 26
5 26 25
5 25 23
5 23 22
5 22 21
5 21 19
5 19 14
5 19 18
5 18 16
5 16 15
5 18 17
5 21 20
5 25 24
5 50 49
5 49 48
5 48 47
5 47 46
5 46 45
5 45 36
5 36 35
5 35 34
5 34 32
5 32 28
5 32 31
5 31 30
5 30 29
5 34 33
5 45 44
5 44 37
5 44 43
5 43 40
5 40 39
5 39 38
5 43 42
5 42 41
5 57 56
5 56 55
6 58 55
6 55 54
6 54 0
6 54 53
6 53 52
6 52 20
6 20 2
6 2 1
6 20 19
6 19 18
6 18 16
6 16 15
6 15 14
6 14 13
6 13 3
6 13 12
6 12 9
6 9 8
6 8 6
6 6 5
6 5 4
6 8 7
6 12 11
6 11 10
6 18 17
6 52 51
6 51 33
6 33 21
6 33 32
6 32 26
6 26 25
6 25 22
6 25 24
6 24 23
6 32 31
6 31 30
6 30 29
6 29 28
6 28 27
6 51 50
6 50 35
6 35 34
6 50 49
6 49 48
6 48 47
6 47 45
6 45 44
6 44 43
6 43 42
6 42 40
6 40 39
6 39 36
6 39 38
6 38 37
6 42 41
6 47 46
6 58 57
6 57 56
7 59 3
7 3 2
7 2 0
7 2 1
7 59 58
7 58 57
7 57 56
7 56 29
7 29 6
7 6 5
7 5 4
7 29 28
7 28 21
7 21 20
7 20 18
7 18 8
7 8 7
7 18 17
7 17 15
7 15 13
7 13 12
7 12 11
7 11 10
7 10 9
7 15 14
7 17 16
7 20 19
7 28 27
7 27 23
7 23 22
7 27 26
7 26 25
7 25 24
7 56 55
7 55 39
7 39 30
7 39 38
7 38 37
7 37 36
7 36 35
7 35 31
7 35 34
7 34 33
7 33 32
7 55 54
7 54 48
7 48 47
7 47 44
7 44 40
7 44 43
7 43 41
7 43 42
7 47 46
7 46 45
7 54 53
7 53 49
7 53 52
7 52 51
7 51 50
8 53 52
8 52 45
8 45 40
8 40 0
8 40 39
8 39 17
8 17 16
8 16 1
8 16 15
8 15 13
8 13 12
8 12 7
8 7 5
8 5 3
8 3 2
8 5 4
8 7 6
8 12 11
8 11 10
8 10 9
8 9 8
8 15 14
8 39 38
8 38 37
8 37 20
8 20 19
8 19 18
8 37 36
8 36 35
8 35 34
8 34 21
8 34 33
8 33 22
8 33 32
8 32 23
8 32 31
8 31 24
8 31 30
8 30 25
8 30 29
8 29 28
8 28 27
8 27 26
8 45 44
8 44 43
8 43 41
8 43 42
8 52 51
8 51 47
8 47 46
8 51 50
8 50 49
8 49 48
9 54 1
9 1 0
9 54 53
9 53 52
9 52 51
9 51 31
9 31 2
9 31 30
9 30 28
9 28 27
9 27 24
9 24 3
9 24 23
9 23 19
9 19 17
9 17 15
9 15 14
9 14 11
9 11 9
9 9 8
9 8 7
9 7 6
9 6 5
9 5 4
9 11 10
9 14 13
9 13 12
9 17 16
9 19 18
9 23 22
9 22 20
9 22 21
9 27 26
9 26 25
9 30 29
9 51 50
9 50 49
9 49 48
9 48 32
9 48 47
9 47 46
9 46 45
9 45 39
9 39 34
9 34 33
9 39 38
9 38 35
9 38 37
9 37 36
9 45 44
9 44 43
9 43 42
9 42 40
9 42 41
10 52 0
10 52 51
10 51 50
10 50 48
10 48 3
10 3 2
10 2 1
10 48 47
10 47 46
10 46 5
10 5 4
10 46 45
10 45 33
10 33 13
10 13 11
10 11 10
10 10 7
10 7 6
10 10 9
10 9 8
10 13 12
10 33 32
10 32 31
10 31 17
10 17 14
10 17 16
10 16 15
10 31 30
10 30 28
10 28 27
10 27 23
10 23 22
10 22 21
10 21 18
10 21 20
10 20 19
10 27 26
10 26 24
10 26 25
10 30 29
10 45 44
10 44 38
10 38 37
10 37 34
10 37 36
10 36 35
10 44 43
10 43 42
10 42 41
10 41 39
10 41 40
10 50 49
11 50 1
11 1 0
11 50 49
11 49 2
11 49 48
11 48 3
11 48 47
11 47 46
11 46 8
11 8 6
11 6 4
11 6 5
11 8 7
11 46 45
11 45 12
11 12 11
11 11 10
11 10 9
11 45 44
11 44 14
11 14 13
11 44 43
11 43 18
11 18 17
11 17 15
11 17 16
11 43 42
11 42 41
11 41 40
11 40 31
11 31 19
11 31 30
11 30 20
11 30 29
11 29 24
11 24 22
11 22 21
11 24 23
11 29 28
11 28 26
11 26 25
11 28 27
11 40 39
11 39 38
11 38 35
11 35 33
11 33 32
11 35 34
11 38 37
11 37 36
12 53 51
12 51 0
12 51 50
12 50 6
12 6 3
12 3 2
12 2 1
12 6 5
12 5 4
12 50 49
12 49 12
12 12 10
12 10 7
12 10 9
12 9 8
12 12 11
12 49 48
12 48 46
12 46 45
12 45 29
12 29 18
12 18 13
12 18 17
12 17 15
12 15 14
12 17 16
12 29 28
12 28 24
12 24 23
12 23 22
12 22 19
12 22 21
12 21 20
12 28 27
12 27 26
12 26 25
12 45 44
12 44 30
12 44 43
12 43 42
12 42 40
12 40 39
12 39 36
12 36 32
12 32 31
12 36 35
12 35 33
12 35 34
12 39 38
12 38 37
12 42 41
12 48 47
12 53 52
13 49 42
13 42 37
13 37 0
13 37 36
13 36 4
13 4 3
13 3 2
13 2 1
13 36 35
13 35 34
13 34 6
13 6 5
13 34 33
13 33 28
13 28 25
13 25 23
13 23 21
13 21 20
13 20 16
13 16 11
13 11 10
13 10 8
13 8 7
13 10 9
13 16 15
13 15 14
13 14 12
13 14 13
13 20 19
13 19 17
13 19 18
13 23 22
13 25 24
13 28 27
13 27 26
13 33 32
13 32 31
13 31 29
13 31 30
13 42 41
13 41 39
13 39 38
13 41 40
13 49 48
13 48 46
13 46 45
13 45 44
13 44 43
13 48 47
14 55 0
14 55 54
14 54 53
14 53 51
14 51 1
14 51 50
14 50 48
14 48 46
14 46 45
14 45 44
14 44 11
14 11 9
14 9 8
14 8 2
14 8 7
14 7 5
14 5 4
14 4 3
14 7 6
14 11 10
14 44 43
14 43 12
14 43 42
14 42 13
14 42 41
14 41 38
14 38 37
14 37 36
14 36 34
14 34 32
14 32 31
14 31 21
14 21 15
14 15 14
14 21 20
14 20 18
14 18 16
14 18 17
14 20 19
14 31 30
14 30 29
14 29 26
14 26 22
14 26 25
14 25 24
14 24 23
14 29 28
14 28 27
14 34 33
14 36 35
14 41 40
14 40 39
14 48 47
14 50 49
14 53 52
15 55 53
15 53 0
15 53 52
15 52 1
15 52 51
15 51 28
15 28 23
15 23 22
15 22 9
15 9 2
15 9 8
15 8 6
15 6 4
15 4 3
15 6 5
15 8 7
15 22 21
15 21 10
15 21 20
15 20 11
15 20 19
15 19 16
15 16 15
15 15 14
15 14 12
15 14 13
15 19 18
15 18 17
15 28 27
15 27 26
15 26 25
15 25 24
15 51 50
15 50 48
15 48 46
15 46 45
15 45 44
15 44 29
15 44 43
15 43 41
15 41 35
15 35 30
15 35 34
15 34 31
15 34 33
15 33 32
15 41 40
15 40 38
15 38 37
15 37 36
15 40 39
15 43 42
15 48 47
15 50 49
15 55 54
16 51 50
16 50 49
16 49 46
16 46 45
16 45 36
16 36 35
16 35 31
16 31 1
16 1 0
16 31 30
16 30 29
16 29 28
16 28 27
16 27 22
16 22 4
16 4 3
16 3 2
16 22 21
16 21 20
16 20 19
16 19 6
16 6 5
16 19 18
16 18 7
16 18 17
16 17 13
16 13 12
16 12 9
16 9 8
16 12 11
16 11 10
16 17 16
16 16 14
16 16 15
16 27 26
16 26 23
16 26 25
16 25 24
16 35 34
16 34 33
16 33 32
16 45 44
16 44 43
16 43 42
16 42 37
16 42 41
16 41 40
16 40 38
16 40 39
16 49 48
16 48 47
17 53 52
17 52 51
17 51 49
17 49 48
17 48 47
17 47 46
17 46 45
17 45 23
17 23 22
17 22 19
17 19 0
17 19 18
17 18 16
17 16 15
17 15 13
17 13 11
17 11 10
17 10 9
17 9 5
17 5 3
17 3 1
17 3 2
17 5 4
17 9 8
17 8 7
17 7 6
17 13 12
17 15 14
17 18 17
17 22 21
17 21 20
17 45 44
17 44 24
17 44 43
17 43 42
17 42 33
17 33 32
17 32 25
17 32 31
17 31 30
17 30 29
17 29 28
17 28 27
17 27 26
17 42 41
17 41 34
17 41 40
17 40 39
17 39 37
17 37 35
17 37 36
17 39 38
17 51 50
18 54 52
18 52 29
18 29 0
18 29 28
18 28 25
18 25 20
18 20 19
18 19 17
18 17 15
18 15 14
18 14 3
18 3 1
18 3 2
18 14 13
18 13 5
18 5 4
18 13 12
18 12 6
18 12 11
18 11 8
18 8 7
18 11 10
18 10 9
18 17 16
18 19 18
18 25 24
18 24 23
18 23 22
18 22 21
18 28 27
18 27 26
18 52 51
18 51 30
18 51 50
18 50 34
18 34 33
18 33 31
18 33 32
18 50 49
18 49 46
18 46 45
18 45 44
18 44 39
18 39 36
18 36 35
18 39 38
18 38 37
18 44 43
18 43 42
18 42 41
18 41 40
18 49 48
18 48 47
18 54 53
19 52 51
19 51 48
19 48 19
19 19 12
19 12 11
19 11 2
19 2 0
19 2 1
19 11 10
19 10 9
19 9 8
19 8 3
19 8 7
19 7 6
19 6 4
19 6 5
19 19 18
19 18 17
19 17 15
19 15 14
19 14 13
19 17 16
19 48 47
19 47 46
19 46 32
19 32 26
19 26 25
19 25 23
19 23 21
19 21 20
19 23 22
19 25 24
19 32 31
19 31 30
19 30 27
19 30 29
19 29 28
19 46 45
19 45 42
19 42 40
19 40 33
19 40 39
19 39 34
19 39 38
19 38 36
19 36 35
19 38 37
19 42 41
19 45 44
19 44 43
19 51 50
19 50 49
20 49 47
20 47 1
20 1 0
20 47 46
20 46 45
20 45 41
20 41 40
20 40 39
20 39 15
20 15 12
20 12 10
20 10 4
20 4 3
20 3 2
20 10 9
20 9 8
20 8 5
20 8 7
20 7 6
20 12 11
20 15 14
20 14 13
20 39 38
20 38 34
20 34 25
20 25 16
20 25 24
20 24 17
20 24 23
20 23 21
20 21 18
20 21 20
20 20 19
20 23 22
20 34 33
20 33 30
20 30 27
20 27 26
20 30 29
20 29 28
20 33 32
20 32 31
20 38 37
20 37 35
20 37 36
20 45 44
20 44 43
20 43 42
20 49 48
21 53 52
21 52 51
21 51 0
21 51 50
21 50 48
21 48 46
21 46 40
21 40 3
21 3 1
21 3 2
21 40 39
21 39 4
21 39 38
21 38 29
21 29 5
21 29 28
21 28 27
21 27 24
21 24 19
21 19 18
21 18 7
21 7 6
21 18 17
21 17 13
21 13 12
21 12 10
21 10 8
21 10 9
21 12 11
21 17 16
21 16 15
21 15 14
21 24 23
21 23 22
21 22 21
21 21 20
21 27 26
21 26 25
21 38 37
21 37 34
21 34 31
21 31 30
21 34 33
21 33 32
21 37 36
21 36 35
21 46 45
21 45 44
21 44 42
21 42 41
21 44 43
21 48 47
21 50 49
22 57 53
22 53 52
22 52 51
22 51 7
22 7 0
22 7 6
22 6 1
22 6 5
22 5 3
22 3 2
22 5 4
22 51 50
22 50 46
22 46 44
22 44 11
22 11 10
22 10 9
22 9 8
22 44 43
22 43 12
22 43 42
22 42 13
22 42 41
22 41 14
22 41 40
22 40 39
22 39 37
22 37 15
22 37 36
22 36 34
22 34 18
22 18 16
22 18 17
22 34 33
22 33 27
22 27 26
22 26 24
22 24 23
22 23 21
22 21 20
22 20 19
22 23 22
22 26 25
22 33 32
22 32 31
22 31 30
22 30 29
22 29 28
22 36 35
22 39 38
22 46 45
22 50 49
22 49 47
22 49 48
22 57 56
22 56 55
22 55 54
23 56 55
23 55 0
23 55 54
23 54 52
23 52 51
23 51 50
23 50 49
23 49 4
23 4 2
23 2 1
23 4 3
23 49 48
23 48 47
23 47 12
23 12 11
23 11 10
23 10 8
23 8 7
23 7 5
23 7 6
23 10 9
23 47 46
23 46 44
23 44 40
23 40 39
23 39 13
23 39 38
23 38 36
23 36 35
23 35 34
23 34 23
23 23 14
23 23 22
23 22 20
23 20 19
23 19 15
23 19 18
23 18 17
23 17 16
23 22 21
23 34 33
23 33 24
23 33 32
23 32 30
23 30 28
23 28 26
23 26 25
23 28 27
23 30 29
23 32 31
23 38 37
23 44 43
23 43 41
23 43 42
23 46 45
23 54 53
24 54 53
24 53 52
24 52 47
24 47 41
24 41 34
24 34 33
24 33 2
24 2 1
24 1 0
24 33 32
24 32 3
24 32 31
24 31 30
24 30 28
24 28 27
24 27 5
24 5 4
24 27 26
24 26 6
24 26 25
24 25 20
24 20 19
24 19 13
24 13 11
24 11 10
24 10 7
24 10 9
24 9 8
24 13 12
24 19 18
24 18 17
24 17 15
24 15 14
24 17 16
24 25 24
24 24 23
24 23 22
24 22 21
24 30 29
24 41 40
24 40 36
24 36 35
24 40 39
24 39 37
24 39 38
24 47 46
24 46 45
24 45 42
24 45 44
24 44 43
24 52 51
24 51 48
24 51 50
24 50 49
25 58 5
25 5 4
25 4 3
25 3 2
25 2 1
25 1 0
25 58 57
25 57 12
25 12 6
25 12 11
25 11 8
25 8 7
25 11 10
25 10 9
25 57 56
25 56 54
25 54 14
25 14 13
25 54 53
25 53 25
25 25 21
25 21 20
25 20 19
25 19 15
25 19 18
25 18 16
25 18 17
25 25 24
25 24 22
25 24 23
25 53 52
25 52 48
25 48 47
25 47 26
25 47 46
25 46 42
25 42 40
25 40 29
25 29 28
25 28 27
25 40 39
25 39 30
25 39 38
25 38 37
25 37 36
25 36 35
25 35 31
25 35 34
25 34 32
25 34 33
25 42 41
25 46 45
25 45 43
25 45 44
25 52 51
25 51 49
25 51 50
25 56 55
26 57 56
26 56 3
26 3 2
26 2 0
26 2 1
26 56 55
26 55 52
26 52 45
26 45 12
26 12 4
26 12 11
26 11 5
26 11 10
26 10 6
26 10 9
26 9 7
26 9 8
26 45 44
26 44 43
26 43 20
26 20 14
26 14 13
26 20 19
26 19 17
26 17 16
26 16 15
26 19 18
26 43 42
26 42 41
26 41 39
26 39 38
26 38 33
26 33 21
26 33 32
26 32 31
26 31 29
26 29 28
26 28 22
26 28 27
26 27 23
26 27 26
26 26 25
26 25 24
26 31 30
26 38 37
26 37 35
26 35 34
26 37 36
26 41 40
26 52 51
26 51 46
26 51 50
26 50 49
26 49 48
26 48 47
26 55 54
26 54 53
27 52 19
27 19 14
27 14 8
27 8 3
27 3 2
27 2 1
27 1 0
27 8 7
27 7 4
27 7 6
27 6 5
27 14 13
27 13 12
27 12 9
27 12 11
27 11 10
27 19 18
27 18 17
27 17 15
27 17 16
27 52 51
27 51 50
27 50 20
27 50 49
27 49 48
27 48 47
27 47 46
27 46 37
27 37 25
27 25 24
27 24 21
27 24 23
27 23 22
27 37 36
27 36 33
27 33 32
27 32 29
27 29 28
27 28 26
27 28 27
27 32 31
27 31 30
27 36 35
27 35 34
27 46 45
27 45 38
27 45 44
27 44 42
27 42 40
27 40 39
27 42 41
27 44 43
28 51 49
28 49 0
28 49 48
28 48 18
28 18 4
28 4 1
28 4 3
28 3 2
28 18 17
28 17 10
28 10 8
28 8 5
28 8 7
28 7 6
28 10 9
28 17 16
28 16 11
28 16 15
28 15 14
28 14 13
28 13 12
28 48 47
28 47 39
28 39 19
28 39 38
28 38 20
28 38 37
28 37 21
28 37 36
28 36 22
28 36 35
28 35 27
28 27 24
28 24 23
28 27 26
28 26 25
28 35 34
28 34 31
28 31 29
28 29 28
28 31 30
28 34 33
28 33 32
28 47 46
28 46 40
28 46 45
28 45 41
28 45 44
28 44 42
28 44 43
28 51 50
29 49 15
29 15 14
29 14 12
29 12 11
29 11 0
29 11 10
29 10 2
29 2 1
29 10 9
29 9 6
29 6 4
29 4 3
29 6 5
29 9 8
29 8 7
29 14 13
29 49 48
29 48 46
29 46 45
29 45 21
29 21 20
29 20 19
29 19 17
29 17 16
29 19 18
29 45 44
29 44 43
29 43 42
29 42 41
29 41 39
29 39 25
29 25 23
29 23 22
29 25 24
29 39 38
29 38 37
29 37 36
29 36 28
29 28 27
29 27 26
29 36 35
29 35 33
29 33 31
29 31 30
29 30 29
29 33 32
29 35 34
29 41 40
29 48 47
30 57 56
30 56 0
30 56 55
30 55 1
30 55 54
30 54 18
30 18 3
30 3 2
30 18 17
30 17 13
30 13 4
30 13 12
30 12 11
30 11 10
30 10 8
30 8 6
30 6 5
30 8 7
30 10 9
30 17 16
30 16 14
30 16 15
30 54 53
30 53 21
30 21 20
30 20 19
30 53 52
30 52 51
30 51 50
30 50 48
30 48 44
30 44 43
30 43 41
30 41 38
30 38 37
30 37 23
30 23 22
30 37 36
30 36 34
30 34 32
30 32 25
30 25 24
30 32 31
30 31 30
30 30 26
30 30 29
30 29 27
30 29 28
30 34 33
30 36 35
30 41 40
30 40 39
30 43 42
30 48 47
30 47 45
30 47 46
30 50 49
31 59 2
31 2 1
31 1 0
31 59 58
31 58 57
31 57 6
31 6 4
31 4 3
31 6 5
31 57 56
31 56 8
31 8 7
31 56 55
31 55 54
31 54 53
31 53 9
31 53 52
31 52 46
31 46 10
31 46 45
31 45 27
31 27 11
31 27 26
31 26 25
31 25 17
31 17 15
31 15 14
31 14 12
31 14 13
31 17 16
31 25 24
31 24 21
31 21 20
31 20 18
31 20 19
31 24 23
31 23 22
31 45 44
31 44 43
31 43 30
31 30 29
31 29 28
31 43 42
31 42 39
31 39 38
31 38 37
31 37 36
31 36 34
31 34 31
31 34 33
31 33 32
31 36 35
31 42 41
31 41 40
31 52 51
31 51 47
31 51 50
31 50 48
31 50 49
32 49 0
32 49 48
32 48 47
32 47 46
32 46 33
32 33 32
32 32 1
32 32 31
32 31 29
32 29 3
32 3 2
32 29 28
32 28 22
32 22 17
32 17 10
32 10 8
32 8 7
32 7 5
32 5 4
32 7 6
32 10 9
32 17 16
32 16 15
32 15 11
32 15 14
32 14 12
32 14 13
32 22 21
32 21 20
32 20 19
32 19 18
32 28 27
32 27 25
32 25 23
32 25 24
32 27 26
32 31 30
32 46 45
32 45 44
32 44 42
32 42 34
32 42 41
32 41 39
32 39 35
32 39 38
32 38 36
32 38 37
32 41 40
32 44 43
33 58 56
33 56 55
33 55 0
33 55 54
33 54 52
33 52 50
33 50 49
33 49 47
33 47 44
33 44 1
33 44 43
33 43 2
33 43 42
33 42 41
33 41 37
33 37 36
33 36 3
33 36 35
33 35 34
33 34 4
33 34 33
33 33 25
33 25 23
33 23 20
33 20 14
33 14 10
33 10 8
33 8 7
33 7 6
33 6 5
33 10 9
33 14 13
33 13 11
33 13 12
33 20 19
33 19 18
33 18 17
33 17 16
33 16 15
33 23 22
33 22 21
33 25 24
33 33 32
33 32 28
33 28 27
33 27 26
33 32 31
33 31 29
33 31 30
33 41 40
33 40 38
33 40 39
33 47 46
33 46 45
33 49 48
33 52 51
33 54 53
33 58 57
34 50 49
34 49 48
34 48 37
34 37 9
34 9 0
34 9 8
34 8 6
34 6 2
34 2 1
34 6 5
34 5 4
34 4 3
34 8 7
34 37 36
34 36 33
34 33 31
34 31 27
34 27 10
34 27 26
34 26 24
34 24 23
34 23 11
34 23 22
34 22 21
34 21 20
34 20 18
34 18 17
34 17 16
34 16 15
34 15 12
34 15 14
34 14 13
34 20 19
34 26 25
34 31 30
34 30 28
34 30 29
34 33 32
34 36 35
34 35 34
34 48 47
34 47 45
34 45 43
34 43 40
34 40 39
34 39 38
34 43 42
34 42 41
34 45 44
34 47 46
35 57 56
35 56 55
35 55 12
35 12 10
35 10 3
35 3 2
35 2 0
35 2 1
35 10 9
35 9 4
35 9 8
35 8 5
35 8 7
35 7 6
35 12 11
35 55 54
35 54 53
35 53 50
35 50 49
35 49 48
35 48 47
35 47 24
35 24 14
35 14 13
35 24 23
35 23 21
35 21 16
35 16 15
35 21 20
35 20 19
35 19 18
35 18 17
35 23 22
35 47 46
35 46 34
35 34 33
35 33 32
35 32 31
35 31 29
35 29 25
35 29 28
35 28 27
35 27 26
35 31 30
35 46 45
35 45 44
35 44 42
35 42 35
35 42 41
35 41 40
35 40 37
35 37 36
35 40 39
35 39 38
35 44 43
35 53 52
35 52 51
36 57 47
36 47 22
36 22 19
36 19 18
36 18 17
36 17 16
36 16 15
36 15 14
36 14 7
36 7 4
36 4 3
36 3 2
36 2 1
36 1 0
36 7 6
36 6 5
36 14 13
36 13 10
36 10 9
36 9 8
36 13 12
36 12 11
36 22 21
36 21 20
36 47 46
36 46 45
36 45 44
36 44 33
36 33 27
36 27 25
36 25 24
36 24 23
36 27 26
36 33 32
36 32 29
36 29 28
36 32 31
36 31 30
36 44 43
36 43 42
36 42 40
36 40 37
36 37 36
36 36 35
36 35 34
36 40 39
36 39 38
36 42 41
36 57 56
36 56 55
36 55 54
36 54 53
36 53 52
36 52 51
36 51 50
36 50 48
36 50 49
37 53 48
37 48 47
37 47 46
37 46 45
37 45 44
37 44 22
37 22 21
37 21 20
37 20 11
37 11 1
37 1 0
37 11 10
37 10 9
37 9 8
37 8 7
37 7 3
37 3 2
37 7 6
37 6 4
37 6 5
37 20 19
37 19 13
37 13 12
37 19 18
37 18 16
37 16 15
37 15 14
37 18 17
37 44 43
37 43 25
37 25 23
37 25 24
37 43 42
37 42 26
37 42 41
37 41 38
37 38 37
37 37 35
37 35 31
37 31 30
37 30 29
37 29 28
37 28 27
37 35 34
37 34 32
37 34 33
37 37 36
37 41 40
37 40 39
37 53 52
37 52 51
37 51 49
37 51 50
38 51 43
38 43 0
38 43 42
38 42 41
38 41 40
38 40 38
38 38 37
38 37 4
38 4 3
38 3 2
38 2 1
38 37 36
38 36 35
38 35 34
38 34 32
38 32 31
38 31 9
38 9 8
38 8 7
38 7 5
38 7 6
38 31 30
38 30 26
38 26 21
38 21 12
38 12 11
38 11 10
38 21 20
38 20 17
38 17 16
38 16 13
38 16 15
38 15 14
38 20 19
38 19 18
38 26 25
38 25 24
38 24 23
38 23 22
38 30 29
38 29 28
38 28 27
38 34 33
38 40 39
38 51 50
38 50 44
38 50 49
38 49 45
38 49 48
38 48 46
38 48 47
39 55 48
39 48 47
39 47 46
39 46 45
39 45 44
39 44 1
39 1 0
39 44 43
39 43 42
39 42 41
39 41 2
39 41 40
39 40 35
39 35 19
39 19 15
39 15 6
39 6 5
39 5 4
39 4 3
39 15 14
39 14 12
39 12 9
39 9 7
39 9 8
39 12 11
39 11 10
39 14 13
39 19 18
39 18 16
39 18 17
39 35 34
39 34 23
39 23 20
39 23 22
39 22 21
39 34 33
39 33 31
39 31 30
39 30 29
39 29 25
39 25 24
39 29 28
39 28 27
39 27 26
39 33 32
39 40 39
39 39 36
39 39 38
39 38 37
39 55 54
39 54 53
39 53 51
39 51 50
39 50 49
39 53 52
40 49 47
40 47 14
40 14 11
40 11 0
40 11 10
40 10 9
40 9 6
40 6 5
40 5 2
40 2 1
40 5 4
40 4 3
40 9 8
40 8 7
40 14 13
40 13 12
40 47 46
40 46 45
40 45 44
40 44 42
40 42 41
40 41 40
40 40 27
40 27 22
40 22 16
40 16 15
40 22 21
40 21 17
40 21 20
40 20 19
40 19 18
40 27 26
40 26 25
40 25 23
40 25 24
40 40 39
40 39 35
40 35 33
40 33 31
40 31 29
40 29 28
40 31 30
40 33 32
40 35 34
40 39 38
40 38 37
40 37 36
40 44 43
40 49 48
41 55 26
41 26 25
41 25 11
41 11 1
41 1 0
41 11 10
41 10 9
41 9 2
41 9 8
41 8 5
41 5 4
41 4 3
41 8 7
41 7 6
41 25 24
41 24 23
41 23 12
41 23 22
41 22 17
41 17 15
41 15 14
41 14 13
41 17 16
41 22 21
41 21 19
41 19 18
41 21 20
41 55 54
41 54 53
41 53 51
41 51 50
41 50 27
41 50 49
41 49 46
41 46 40
41 40 39
41 39 30
41 30 28
41 30 29
41 39 38
41 38 37
41 37 36
41 36 31
41 36 35
41 35 32
41 35 34
41 34 33
41 46 45
41 45 41
41 45 44
41 44 42
41 44 43
41 49 48
41 48 47
41 53 52
42 55 53
42 53 52
42 52 50
42 50 0
42 50 49
42 49 39
42 39 36
42 36 1
42 36 35
42 35 23
42 23 22
42 22 7
42 7 4
42 4 2
42 4 3
42 7 6
42 6 5
42 22 21
42 21 8
42 21 20
42 20 19
42 19 18
42 18 9
42 18 17
42 17 16
42 16 10
42 16 15
42 15 13
42 13 12
42 12 11
42 15 14
42 35 34
42 34 32
42 32 24
42 32 31
42 31 30
42 30 25
42 30 29
42 29 28
42 28 27
42 27 26
42 34 33
42 39 38
42 38 37
42 49 48
42 48 47
42 47 46
42 46 43
42 43 42
42 42 41
42 41 40
42 46 45
42 45 44
42 52 51
42 55 54
43 51 49
43 49 0
43 49 48
43 48 47
43 47 1
43 47 46
43 46 7
43 7 6
43 6 5
43 5 3
43 3 2
43 5 4
43 46 45
43 45 16
43 16 12
43 12 11
43 11 8
43 11 10
43 10 9
43 16 15
43 15 14
43 14 13
43 45 44
43 44 40
43 40 38
43 38 37
43 37 36
43 36 17
43 36 35
43 35 32
43 32 26
43 26 24
43 24 22
43 22 20
43 20 19
43 19 18
43 22 21
43 24 23
43 26 25
43 32 31
43 31 30
43 30 27
43 30 29
43 29 28
43 35 34
43 34 33
43 40 39
43 44 43
43 43 42
43 42 41
43 51 50
44 50 49
44 49 48
44 48 36
44 36 34
44 34 33
44 33 0
44 33 32
44 32 31
44 31 29
44 29 28
44 28 10
44 10 9
44 9 7
44 7 6
44 6 1
44 6 5
44 5 3
44 3 2
44 5 4
44 9 8
44 28 27
44 27 13
44 13 12
44 12 11
44 27 26
44 26 20
44 20 19
44 19 18
44 18 17
44 17 16
44 16 14
44 16 15
44 26 25
44 25 23
44 23 21
44 23 22
44 25 24
44 31 30
44 36 35
44 48 47
44 47 46
44 46 38
44 38 37
44 46 45
44 45 44
44 44 43
44 43 42
44 42 39
44 42 41
44 41 40
45 55 54
45 54 35
45 35 6
45 6 4
45 4 0
45 4 3
45 3 1
45 3 2
45 6 5
45 35 34
45 34 16
45 16 15
45 15 13
45 13 7
45 13 12
45 12 10
45 10 9
45 9 8
45 12 11
45 15 14
45 34 33
45 33 24
45 24 23
45 23 17
45 23 22
45 22 21
45 21 20
45 20 18
45 20 19
45 33 32
45 32 25
45 32 31
45 31 30
45 30 29
45 29 28
45 28 26
45 28 27
45 54 53
45 53 44
45 44 39
45 39 38
45 38 36
45 38 37
45 44 43
45 43 42
45 42 41
45 41 40
45 53 52
45 52 51
45 51 49
45 49 46
45 46 45
45 49 48
45 48 47
45 51 50
46 52 2
46 2 0
46 2 1
46 52 51
46 51 10
46 10 3
46 10 9
46 9 8
46 8 6
46 6 4
46 6 5
46 8 7
46 51 50
46 50 11
46 50 49
46 49 12
46 49 48
46 48 47
46 47 45
46 45 22
46 22 15
46 15 13
46 15 14
46 22 21
46 21 18
46 18 17
46 17 16
46 21 20
46 20 19
46 45 44
46 44 25
46 25 24
46 24 23
46 44 43
46 43 42
46 42 26
46 42 41
46 41 40
46 40 32
46 32 28
46 28 27
46 32 31
46 31 29
46 31 30
46 40 39
46 39 37
46 37 36
46 36 33
46 36 35
46 35 34
46 39 38
46 47 46
47 50 49
47 49 48
47 48 47
47 47 0
47 47 46
47 46 43
47 43 3
47 3 1
47 3 2
47 43 42
47 42 15
47 15 9
47 9 5
47 5 4
47 9 8
47 8 7
47 7 6
47 15 14
47 14 10
47 14 13
47 13 11
47 13 12
47 42 41
47 41 24
47 24 23
47 23 21
47 21 20
47 20 17
47 17 16
47 20 19
47 19 18
47 23 22
47 41 40
47 40 25
47 40 39
47 39 36
47 36 30
47 30 29
47 29 26
47 29 28
47 28 27
47 36 35
47 35 33
47 33 32
47 32 31
47 35 34
47 39 38
47 38 37
47 46 45
47 45 44
48 50 43
48 43 0
48 43 42
48 42 37
48 37 36
48 36 1
48 36 35
48 35 29
48 29 25
48 25 24
48 24 23
48 23 22
48 22 21
48 21 14
48 14 13
48 13 11
48 11 9
48 9 2
48 9 8
48 8 7
48 7 3
48 7 6
48 6 5
48 5 4
48 11 10
48 13 12
48 21 20
48 20 18
48 18 16
48 16 15
48 18 17
48 20 19
48 29 28
48 28 27
48 27 26
48 35 34
48 34 33
48 33 31
48 31 30
48 33 32
48 42 41
48 41 40
48 40 38
48 40 39
48 50 49
48 49 46
48 46 45
48 45 44
48 49 48
48 48 47
49 59 0
49 59 58
49 58 6
49 6 5
49 5 4
49 4 3
49 3 1
49 3 2
49 58 57
49 57 56
49 56 7
49 56 55
49 55 54
49 54 8
49 54 53
49 53 52
49 52 50
49 50 49
49 49 47
49 47 43
49 43 42
49 42 25
49 25 14
49 14 11
49 11 10
49 10 9
49 14 13
49 13 12
49 25 24
49 24 20
49 20 19
49 19 18
49 18 15
49 18 17
49 17 16
49 24 23
49 23 22
49 22 21
49 42 41
49 41 34
49 34 33
49 33 31
49 31 30
49 30 29
49 29 26
49 29 28
49 28 27
49 33 32
49 41 40
49 40 39
49 39 38
49 38 35
49 38 37
49 37 36
49 47 46
49 46 45
49 45 44
49 49 48
49 52 51
50 54 53
50 53 10
50 10 9
50 9 0
50 9 8
50 8 1
50 8 7
50 7 3
50 3 2
50 7 6
50 6 4
50 6 5
50 53 52
50 52 51
50 51 11
50 51 50
50 50 48
50 48 46
50 46 12
50 46 45
50 45 39
50 39 13
50 39 38
50 38 36
50 36 34
50 34 32
50 32 31
50 31 29
50 29 14
50 29 28
50 28 15
50 28 27
50 27 20
50 20 19
50 19 18
50 18 17
50 17 16
50 27 26
50 26 25
50 25 23
50 23 22
50 22 21
50 25 24
50 31 30
50 34 33
50 36 35
50 38 37
50 45 44
50 44 40
50 44 43
50 43 41
50 43 42
50 48 47
50 50 49
51 55 0
51 55 54
51 54 53
51 53 10
51 10 2
51 2 1
51 10 9
51 9 8
51 8 7
51 7 6
51 6 3
51 6 5
51 5 4
51 53 52
51 52 25
51 25 24
51 24 18
51 18 17
51 17 16
51 16 14
51 14 12
51 12 11
51 14 13
51 16 15
51 24 23
51 23 19
51 23 22
51 22 20
51 22 21
51 52 51
51 51 30
51 30 29
51 29 28
51 28 27
51 27 26
51 51 50
51 50 31
51 50 49
51 49 48
51 48 32
51 48 47
51 47 35
51 35 34
51 34 33
51 47 46
51 46 36
51 46 45
51 45 37
51 45 44
51 44 40
51 40 38
51 40 39
51 44 43
51 43 42
51 42 41
52 53 41
52 41 0
52 41 40
52 40 32
52 32 30
52 30 29
52 29 22
52 22 21
52 21 1
52 21 20
52 20 7
52 7 6
52 6 5
52 5 4
52 4 3
52 3 2
52 20 19
52 19 18
52 18 17
52 17 16
52 16 14
52 14 13
52 13 8
52 13 12
52 12 11
52 11 10
52 10 9
52 16 15
52 29 28
52 28 27
52 27 26
52 26 23
52 26 25
52 25 24
52 32 31
52 40 39
52 39 38
52 38 33
52 38 37
52 37 36
52 36 35
52 35 34
52 53 52
52 52 42
52 52 51
52 51 44
52 44 43
52 51 50
52 50 49
52 49 45
52 49 48
52 48 46
52 48 47
53 51 50
53 50 49
53 49 48
53 48 47
53 47 46
53 46 0
53 46 45
53 45 43
53 43 14
53 14 13
53 13 9
53 9 3
53 3 1
53 3 2
53 9 8
53 8 5
53 5 4
53 8 7
53 7 6
53 13 12
53 12 10
53 12 11
53 43 42
53 42 40
53 40 37
53 37 18
53 18 17
53 17 16
53 16 15
53 37 36
53 36 35
53 35 19
53 35 34
53 34 20
53 34 33
53 33 24
53 24 22
53 22 21
53 24 23
53 33 32
53 32 25
53 32 31
53 31 26
53 31 30
53 30 28
53 28 27
53 30 29
53 40 39
53 39 38
53 42 41
53 45 44
54 49 1
54 1 0
54 49 48
54 48 41
54 41 15
54 15 2
54 15 14
54 14 12
54 12 7
54 7 6
54 6 5
54 5 4
54 4 3
54 12 11
54 11 8
54 11 10
54 10 9
54 14 13
54 41 40
54 40 36
54 36 31
54 31 29
54 29 28
54 28 19
54 19 16
54 19 18
54 18 17
54 28 27
54 27 20
54 27 26
54 26 25
54 25 23
54 23 21
54 23 22
54 25 24
54 31 30
54 36 35
54 35 34
54 34 32
54 34 33
54 40 39
54 39 37
54 39 38
54 48 47
54 47 46
54 46 45
54 45 44
54 44 42
54 44 43
55 59 57
55 57 4
55 4 2
55 2 1
55 1 0
55 4 3
55 57 56
55 56 52
55 52 50
55 50 5
55 50 49
55 49 39
55 39 16
55 16 8
55 8 7
55 7 6
55 16 15
55 15 13
55 13 9
55 13 12
55 12 11
55 11 10
55 15 14
55 39 38
55 38 17
55 38 37
55 37 35
55 35 34
55 34 33
55 33 31
55 31 30
55 30 26
55 26 23
55 23 22
55 22 19
55 19 18
55 22 21
55 21 20
55 26 25
55 25 24
55 30 29
55 29 28
55 28 27
55 33 32
55 37 36
55 49 48
55 48 40
55 48 47
55 47 46
55 46 41
55 46 45
55 45 44
55 44 42
55 44 43
55 52 51
55 56 55
55 55 53
55 55 54
55 59 58
56 50 49
56 49 48
56 48 47
56 47 46
56 46 39
56 39 37
56 37 26
56 26 2
56 2 0
56 2 1
56 26 25
56 25 5
56 5 3
56 5 4
56 25 24
56 24 22
56 22 21
56 21 18
56 18 17
56 17 12
56 12 11
56 11 9
56 9 8
56 8 7
56 7 6
56 11 10
56 17 16
56 16 13
56 16 15
56 15 14
56 21 20
56 20 19
56 24 23
56 37 36
56 36 30
56 30 29
56 29 28
56 28 27
56 36 35
56 35 33
56 33 31
56 33 32
56 35 34
56 39 38
56 46 45
56 45 44
56 44 43
56 43 42
56 42 41
56 41 40
57 53 52
57 52 49
57 49 48
57 48 47
57 47 46
57 46 44
57 44 12
57 12 0
57 12 11
57 11 1
57 11 10
57 10 9
57 9 4
57 4 2
57 4 3
57 9 8
57 8 7
57 7 6
57 6 5
57 44 43
57 43 14
57 14 13
57 43 42
57 42 40
57 40 37
57 37 36
57 36 35
57 35 34
57 34 18
57 18 17
57 17 16
57 16 15
57 34 33
57 33 32
57 32 20
57 20 19
57 32 31
57 31 26
57 26 21
57 26 25
57 25 24
57 24 23
57 23 22
57 31 30
57 30 29
57 29 27
57 29 28
57 40 39
57 39 38
57 42 41
57 46 45
57 52 51
57 51 50
58 54 18
58 18 17
58 17 15
58 15 13
58 13 9
58 9 1
58 1 0
58 9 8
58 8 2
58 8 7
58 7 3
58 7 6
58 6 5
58 5 4
58 13 12
58 12 11
58 11 10
58 15 14
58 17 16
58 54 53
58 53 52
58 52 51
58 51 19
58 51 50
58 50 20
58 50 49
58 49 46
58 46 44
58 44 43
58 43 41
58 41 35
58 35 32
58 32 24
58 24 23
58 23 21
58 23 22
58 32 31
58 31 25
58 31 30
58 30 26
58 30 29
58 29 27
58 29 28
58 35 34
58 34 33
58 41 40
58 40 38
58 38 37
58 37 36
58 40 39
58 43 42
58 46 45
58 49 48
58 48 47
59 54 39
59 39 38
59 38 37
59 37 1
59 1 0
59 37 36
59 36 35
59 35 33
59 33 32
59 32 9
59 9 7
59 7 6
59 6 5
59 5 4
59 4 3
59 3 2
59 9 8
59 32 31
59 31 30
59 30 29
59 29 28
59 28 18
59 18 12
59 12 11
59 11 10
59 18 17
59 17 13
59 17 16
59 16 14
59 16 15
59 28 27
59 27 25
59 25 23
59 23 22
59 22 20
59 20 19
59 22 21
59 25 24
59 27 26
59 35 34
59 54 53
59 53 50
59 50 49
59 49 48
59 48 45
59 45 43
59 43 41
59 41 40
59 43 42
59 45 44
59 48 47
59 47 46
59 53 52
59 52 51
60 55 27
60 27 26
60 26 25
60 25 24
60 24 14
60 14 1
60 1 0
60 14 13
60 13 12
60 12 8
60 8 2
60 8 7
60 7 6
60 6 5
60 5 3
60 5 4
60 12 11
60 11 9
60 11 10
60 24 23
60 23 20
60 20 18
60 18 16
60 16 15
60 18 17
60 20 19
60 23 22
60 22 21
60 55 54
60 54 53
60 53 52
60 52 51
60 51 28
60 51 50
60 50 48
60 48 43
60 43 30
60 30 29
60 43 42
60 42 40
60 40 36
60 36 32
60 32 31
60 36 35
60 35 34
60 34 33
60 40 39
60 39 38
60 38 37
60 42 41
60 48 47
60 47 46
60 46 45
60 45 44
60 50 49
61 56 41
61 41 37
61 37 0
61 37 36
61 36 5
61 5 1
61 5 4
61 4 3
61 3 2
61 36 35
61 35 34
61 34 14
61 14 6
61 14 13
61 13 11
61 11 7
61 11 10
61 10 9
61 9 8
61 13 12
61 34 33
61 33 29
61 29 27
61 27 26
61 26 23
61 23 16
61 16 15
61 23 22
61 22 20
61 20 18
61 18 17
61 20 19
61 22 21
61 26 25
61 25 24
61 29 28
61 33 32
61 32 31
61 31 30
61 41 40
61 40 38
61 40 39
61 56 55
61 55 44
61 44 43
61 43 42
61 55 54
61 54 46
61 46 45
61 54 53
61 53 47
61 53 52
61 52 51
61 51 48
61 51 50
61 50 49
62 55 54
62 54 53
62 53 13
62 13 2
62 2 0
62 2 1
62 13 12
62 12 7
62 7 6
62 6 5
62 5 3
62 5 4
62 12 11
62 11 9
62 9 8
62 11 10
62 53 52
62 52 15
62 15 14
62 52 51
62 51 16
62 51 50
62 50 26
62 26 24
62 24 22
62 22 17
62 22 21
62 21 19
62 19 18
62 21 20
62 24 23
62 26 25
62 50 49
62 49 48
62 48 46
62 46 37
62 37 30
62 30 29
62 29 27
62 29 28
62 37 36
62 36 34
62 34 33
62 33 32
62 32 31
62 36 35
62 46 45
62 45 44
62 44 38
62 44 43
62 43 42
62 42 41
62 41 39
62 41 40
62 48 47
63 56 55
63 55 54
63 54 0
63 54 53
63 53 52
63 52 51
63 51 50
63 50 41
63 41 40
63 40 2
63 2 1
63 40 39
63 39 38
63 38 37
63 37 35
63 35 34
63 34 9
63 9 5
63 5 4
63 4 3
63 9 8
63 8 6
63 8 7
63 34 33
63 33 32
63 32 30
63 30 26
63 26 10
63 26 25
63 25 23
63 23 22
63 22 11
63 22 21
63 21 17
63 17 12
63 17 16
63 16 15
63 15 13
63 15 14
63 21 20
63 20 19
63 19 18
63 25 24
63 30 29
63 29 28
63 28 27
63 32 31
63 37 36
63 50 49
63 49 43
63 43 42
63 49 48
63 48 46
63 46 45
63 45 44
63 48 47
64 57 56
64 56 55
64 55 45
64 45 24
64 24 1
64 1 0
64 24 23
64 23 21
64 21 20
64 20 17
64 17 13
64 13 6
64 6 2
64 6 5
64 5 3
64 5 4
64 13 12
64 12 10
64 10 9
64 9 8
64 8 7
64 12 11
64 17 16
64 16 14
64 16 15
64 20 19
64 19 18
64 23 22
64 45 44
64 44 25
64 44 43
64 43 27
64 27 26
64 43 42
64 42 30
64 30 28
64 30 29
64 42 41
64 41 40
64 40 38
64 38 31
64 38 37
64 37 33
64 33 32
64 37 36
64 36 34
64 36 35
64 40 39
64 55 54
64 54 52
64 52 51
64 51 46
64 51 50
64 50 47
64 50 49
64 49 48
64 54 53
65 52 50
65 50 49
65 49 48
65 48 16
65 16 14
65 14 0
65 14 13
65 13 12
65 12 9
65 9 1
65 9 8
65 8 7
65 7 5
65 5 4
65 4 2
65 4 3
65 7 6
65 12 11
65 11 10
65 16 15
65 48 47
65 47 44
65 44 43
65 43 41
65 41 40
65 40 39
65 39 38
65 38 37
65 37 17
65 37 36
65 36 35
65 35 34
65 34 33
65 33 31
65 31 29
65 29 18
65 29 28
65 28 26
65 26 20
65 20 19
65 26 25
65 25 24
65 24 22
65 22 21
65 24 23
65 28 27
65 31 30
65 33 32
65 43 42
65 47 46
65 46 45
65 52 51
66 55 53
66 53 52
66 52 51
66 51 50
66 50 49
66 49 48
66 48 37
66 37 0
66 37 36
66 36 2
66 2 1
66 36 35
66 35 3
66 35 34
66 34 4
66 34 33
66 33 27
66 27 26
66 26 25
66 25 21
66 21 6
66 6 5
66 21 20
66 20 19
66 19 7
66 19 18
66 18 15
66 15 8
66 15 14
66 14 13
66 13 12
66 12 10
66 10 9
66 12 11
66 18 17
66 17 16
66 25 24
66 24 22
66 24 23
66 33 32
66 32 31
66 31 28
66 31 30
66 30 29
66 48 47
66 47 46
66 46 39
66 39 38
66 46 45
66 45 44
66 44 40
66 44 43
66 43 42
66 42 41
66 55 54
67 50 0
67 50 49
67 49 48
67 48 25
67 25 5
67 5 4
67 4 2
67 2 1
67 4 3
67 25 24
67 24 23
67 23 22
67 22 14
67 14 7
67 7 6
67 14 13
67 13 9
67 9 8
67 13 12
67 12 11
67 11 10
67 22 21
67 21 19
67 19 18
67 18 17
67 17 15
67 17 16
67 21 20
67 48 47
67 47 45
67 45 26
67 45 44
67 44 43
67 43 42
67 42 30
67 30 28
67 28 27
67 30 29
67 42 41
67 41 34
67 34 33
67 33 31
67 33 32
67 41 40
67 40 38
67 38 36
67 36 35
67 38 37
67 40 39
67 47 46
68 56 25
68 25 17
68 17 0
68 17 16
68 16 3
68 3 2
68 2 1
68 16 15
68 15 6
68 6 4
68 6 5
68 15 14
68 14 7
68 14 13
68 13 10
68 10 8
68 10 9
68 13 12
68 12 11
68 25 24
68 24 23
68 23 22
68 22 20
68 20 19
68 19 18
68 22 21
68 56 55
68 55 40
68 40 39
68 39 30
68 30 27
68 27 26
68 30 29
68 29 28
68 39 38
68 38 37
68 37 36
68 36 34
68 34 33
68 33 32
68 32 31
68 36 35
68 55 54
68 54 46
68 46 42
68 42 41
68 46 45
68 45 43
68 45 44
68 54 53
68 53 52
68 52 51
68 51 49
68 49 47
68 49 48
68 51 50
69 51 2
69 2 1
69 1 0
69 51 50
69 50 49
69 49 47
69 47 11
69 11 10
69 10 7
69 7 5
69 5 3
69 5 4
69 7 6
69 10 9
69 9 8
69 47 46
69 46 26
69 26 12
69 26 25
69 25 23
69 23 18
69 18 17
69 17 16
69 16 14
69 14 13
69 16 15
69 23 22
69 22 19
69 22 21
69 21 20
69 25 24
69 46 45
69 45 36
69 36 35
69 35 34
69 34 27
69 34 33
69 33 28
69 33 32
69 32 31
69 31 29
69 31 30
69 45 44
69 44 37
69 44 43
69 43 40
69 40 38
69 40 39
69 43 42
69 42 41
69 49 48
70 58 35
70 35 0
70 35 34
70 34 9
70 9 7
70 7 6
70 6 2
70 2 1
70 6 5
70 5 4
70 4 3
70 9 8
70 34 33
70 33 21
70 21 19
70 19 18
70 18 17
70 17 16
70 16 15
70 15 14
70 14 12
70 12 11
70 11 10
70 14 13
70 21 20
70 33 32
70 32 31
70 31 30
70 30 28
70 28 27
70 27 22
70 27 26
70 26 23
70 26 25
70 25 24
70 30 29
70 58 57
70 57 56
70 56 46
70 46 43
70 43 42
70 42 41
70 41 38
70 38 37
70 37 36
70 41 40
70 40 39
70 46 45
70 45 44
70 56 55
70 55 53
70 53 52
70 52 51
70 51 48
70 48 47
70 51 50
70 50 49
70 55 54
71 50 1
71 1 0
71 50 49
71 49 48
71 48 43
71 43 41
71 41 40
71 40 36
71 36 35
71 35 32
71 32 31
71 31 28
71 28 2
71 28 27
71 27 25
71 25 24
71 24 15
71 15 14
71 14 10
71 10 9
71 9 8
71 8 7
71 7 6
71 6 3
71 6 5
71 5 4
71 14 13
71 13 11
71 13 12
71 24 23
71 23 21
71 21 20
71 20 18
71 18 17
71 17 16
71 20 19
71 23 22
71 27 26
71 31 30
71 30 29
71 35 34
71 34 33
71 40 39
71 39 38
71 38 37
71 43 42
71 48 47
71 47 46
71 46 45
71 45 44
72 50 15
72 15 12
72 12 10
72 10 5
72 5 4
72 4 2
72 2 0
72 2 1
72 4 3
72 10 9
72 9 8
72 8 6
72 8 7
72 12 11
72 15 14
72 14 13
72 50 49
72 49 47
72 47 16
72 47 46
72 46 45
72 45 19
72 19 18
72 18 17
72 45 44
72 44 20
72 44 43
72 43 41
72 41 40
72 40 37
72 37 34
72 34 33
72 33 21
72 33 32
72 32 31
72 31 30
72 30 29
72 29 28
72 28 26
72 26 23
72 23 22
72 26 25
72 25 24
72 28 27
72 37 36
72 36 35
72 40 39
72 39 38
72 43 42
72 49 48
73 57 50
73 50 49
73 49 0
73 49 48
73 48 22
73 22 1
73 22 21
73 21 20
73 20 15
73 15 13
73 13 5
73 5 4
73 4 2
73 4 3
73 13 12
73 12 8
73 8 6
73 8 7
73 12 11
73 11 10
73 10 9
73 15 14
73 20 19
73 19 16
73 19 18
73 18 17
73 48 47
73 47 26
73 26 23
73 26 25
73 25 24
73 47 46
73 46 33
73 33 27
73 33 32
73 32 28
73 32 31
73 31 29
73 31 30
73 46 45
73 45 34
73 45 44
73 44 40
73 40 39
73 39 36
73 36 35
73 39 38
73 38 37
73 44 43
73 43 41
73 43 42
73 57 56
73 56 52
73 52 51
73 56 55
73 55 53
73 55 54
74 56 2
74 2 0
74 2 1
74 56 55
74 55 3
74 55 54
74 54 53
74 53 52
74 52 51
74 51 20
74 20 18
74 18 6
74 6 5
74 5 4
74 18 17
74 17 14
74 14 13
74 13 12
74 12 11
74 11 10
74 10 9
74 9 8
74 8 7
74 17 16
74 16 15
74 20 19
74 51 50
74 50 49
74 49 35
74 35 21
74 35 34
74 34 26
74 26 25
74 25 23
74 23 22
74 25 24
74 34 33
74 33 32
74 32 30
74 30 29
74 29 28
74 28 27
74 32 31
74 49 48
74 48 42
74 42 36
74 42 41
74 41 40
74 40 39
74 39 37
74 39 38
74 48 47
74 47 46
74 46 43
74 46 45
74 45 44
75 51 6
75 6 0
75 6 5
75 5 4
75 4 3
75 3 1
75 3 2
75 51 50
75 50 19
75 19 17
75 17 12
75 12 9
75 9 7
75 9 8
75 12 11
75 11 10
75 17 16
75 16 14
75 14 13
75 16 15
75 19 18
75 50 49
75 49 40
75 40 28
75 28 20
75 28 27
75 27 26
75 26 25
75 25 24
75 24 23
75 23 22
75 22 21
75 40 39
75 39 37
75 37 32
75 32 30
75 30 29
75 32 31
75 37 36
75 36 35
75 35 33
75 35 34
75 39 38
75 49 48
75 48 41
75 48 47
75 47 43
75 43 42
75 47 46
75 46 44
75 46 45
76 53 36
76 36 34
76 34 33
76 33 32
76 32 28
76 28 16
76 16 3
76 3 2
76 2 0
76 2 1
76 16 15
76 15 14
76 14 13
76 13 8
76 8 7
76 7 6
76 6 4
76 6 5
76 13 12
76 12 11
76 11 10
76 10 9
76 28 27
76 27 17
76 27 26
76 26 25
76 25 18
76 25 24
76 24 22
76 22 19
76 22 21
76 21 20
76 24 23
76 32 31
76 31 30
76 30 29
76 36 35
76 53 52
76 52 37
76 52 51
76 51 40
76 40 38
76 40 39
76 51 50
76 50 48
76 48 47
76 47 41
76 47 46
76 46 42
76 46 45
76 45 43
76 45 44
76 50 49
77 53 10
77 10 9
77 9 8
77 8 7
77 7 5
77 5 3
77 3 0
77 3 2
77 2 1
77 5 4
77 7 6
77 53 52
77 52 12
77 12 11
77 52 51
77 51 34
77 34 17
77 17 16
77 16 13
77 16 15
77 15 14
77 34 33
77 33 31
77 31 20
77 20 19
77 19 18
77 31 30
77 30 29
77 29 28
77 28 21
77 28 27
77 27 26
77 26 24
77 24 23
77 23 22
77 26 25
77 33 32
77 51 50
77 50 46
77 46 37
77 37 35
77 37 36
77 46 45
77 45 38
77 45 44
77 44 43
77 43 42
77 42 41
77 41 40
77 40 39
77 50 49
77 49 47
77 49 48
78 59 57
78 57 53
78 53 46
78 46 45
78 45 0
78 45 44
78 44 6
78 6 4
78 4 2
78 2 1
78 4 3
78 6 5
78 44 43
78 43 14
78 14 8
78 8 7
78 14 13
78 13 11
78 11 10
78 10 9
78 13 12
78 43 42
78 42 24
78 24 23
78 23 22
78 22 21
78 21 18
78 18 17
78 17 15
78 17 16
78 21 20
78 20 19
78 42 41
78 41 40
78 40 38
78 38 36
78 36 32
78 32 25
78 32 31
78 31 26
78 31 30
78 30 28
78 28 27
78 30 29
78 36 35
78 35 34
78 34 33
78 38 37
78 40 39
78 53 52
78 52 51
78 51 50
78 50 49
78 49 48
78 48 47
78 57 56
78 56 54
78 56 55
78 59 58
79 59 58
79 58 57
79 57 56
79 56 2
79 2 0
79 2 1
79 56 55
79 55 49
79 49 48
79 48 5
79 5 3
79 5 4
79 48 47
79 47 43
79 43 42
79 42 6
79 42 41
79 41 33
79 33 7
79 33 32
79 32 29
79 29 28
79 28 27
79 27 8
79 27 26
79 26 9
79 26 25
79 25 12
79 12 10
79 12 11
79 25 24
79 24 17
79 17 14
79 14 13
79 17 16
79 16 15
79 24 23
79 23 21
79 21 18
79 21 20
79 20 19
79 23 22
79 32 31
79 31 30
79 41 40
79 40 38
79 38 36
79 36 34
79 36 35
79 38 37
79 40 39
79 47 46
79 46 44
79 46 45
79 55 54
79 54 53
79 53 52
79 52 51
79 51 50
80 55 10
80 10 8
80 8 7
80 7 6
80 6 5
80 5 4
80 4 3
80 3 1
80 1 0
80 3 2
80 10 9
80 55 54
80 54 52
80 52 42
80 42 11
80 42 41
80 41 40
80 40 38
80 38 12
80 38 37
80 37 13
80 37 36
80 36 34
80 34 14
80 34 33
80 33 16
80 16 15
80 33 32
80 32 17
80 32 31
80 31 19
80 19 18
80 31 30
80 30 29
80 29 28
80 28 27
80 27 26
80 26 25
80 25 23
80 23 21
80 21 20
80 23 22
80 25 24
80 36 35
80 40 39
80 52 51
80 51 47
80 47 46
80 46 45
80 45 43
80 45 44
80 51 50
80 50 48
80 50 49
80 54 53
81 58 0
81 58 57
81 57 3
81 3 2
81 2 1
81 57 56
81 56 8
81 8 7
81 7 4
81 7 6
81 6 5
81 56 55
81 55 9
81 55 54
81 54 52
81 52 10
81 52 51
81 51 31
81 31 30
81 30 13
81 13 12
81 12 11
81 30 29
81 29 27
81 27 24
81 24 15
81 15 14
81 24 23
81 23 22
81 22 16
81 22 21
81 21 20
81 20 19
81 19 18
81 18 17
81 27 26
81 26 25
81 29 28
81 51 50
81 50 49
81 49 48
81 48 33
81 33 32
81 48 47
81 47 46
81 46 44
81 44 42
81 42 41
81 41 34
81 41 40
81 40 37
81 37 36
81 36 35
81 40 39
81 39 38
81 44 43
81 46 45
81 54 53
82 57 56
82 56 55
82 55 52
82 52 0
82 52 51
82 51 16
82 16 2
82 2 1
82 16 15
82 15 3
82 15 14
82 14 13
82 13 4
82 13 12
82 12 11
82 11 10
82 10 8
82 8 7
82 7 5
82 7 6
82 10 9
82 51 50
82 50 17
82 50 49
82 49 18
82 49 48
82 48 47
82 47 39
82 39 38
82 38 32
82 32 19
82 32 31
82 31 20
82 31 30
82 30 21
82 30 29
82 29 22
82 29 28
82 28 23
82 28 27
82 27 26
82 26 24
82 26 25
82 38 37
82 37 35
82 35 33
82 35 34
82 37 36
82 47 46
82 46 44
82 44 43
82 43 42
82 42 41
82 41 40
82 46 45
82 55 54
82 54 53
83 54 2
83 2 1
83 1 0
83 54 53
83 53 50
83 50 22
83 22 6
83 6 5
83 5 4
83 4 3
83 22 21
83 21 7
83 21 20
83 20 19
83 19 8
83 19 18
83 18 16
83 16 14
83 14 11
83 11 10
83 10 9
83 14 13
83 13 12
83 16 15
83 18 17
83 50 49
83 49 48
83 48 38
83 38 27
83 27 24
83 24 23
83 27 26
83 26 25
83 38 37
83 37 36
83 36 35
83 35 34
83 34 29
83 29 28
83 34 33
83 33 32
83 32 31
83 31 30
83 48 47
83 47 43
83 43 42
83 42 41
83 41 39
83 41 40
83 47 46
83 46 45
83 45 44
83 53 52
83 52 51
84 58 0
84 58 57
84 57 53
84 53 52
84 52 1
84 52 51
84 51 50
84 50 49
84 49 4
84 4 3
84 3 2
84 49 48
84 48 42
84 42 13
84 13 12
84 12 5
84 12 11
84 11 10
84 10 6
84 10 9
84 9 7
84 9 8
84 42 41
84 41 20
84 20 19
84 19 18
84 18 16
84 16 14
84 16 15
84 18 17
84 41 40
84 40 38
84 38 37
84 37 24
84 24 23
84 23 21
84 23 22
84 37 36
84 36 34
84 34 33
84 33 28
84 28 27
84 27 25
84 27 26
84 33 32
84 32 31
84 31 29
84 31 30
84 36 35
84 40 39
84 48 47
84 47 44
84 44 43
84 47 46
84 46 45
84 57 56
84 56 55
84 55 54
85 49 44
85 44 37
85 37 18
85 18 17
85 17 0
85 17 16
85 16 13
85 13 10
85 10 9
85 9 1
85 9 8
85 8 2
85 8 7
85 7 4
85 4 3
85 7 6
85 6 5
85 13 12
85 12 11
85 16 15
85 15 14
85 37 36
85 36 35
85 35 33
85 33 29
85 29 22
85 22 21
85 21 20
85 20 19
85 29 28
85 28 25
85 25 24
85 24 23
85 28 27
85 27 26
85 33 32
85 32 31
85 31 30
85 35 34
85 44 43
85 43 42
85 42 41
85 41 39
85 39 38
85 41 40
85 49 48
85 48 47
85 47 46
85 46 45
86 53 52
86 52 51
86 51 0
86 51 50
86 50 8
86 8 7
86 7 6
86 6 1
86 6 5
86 5 4
86 4 3
86 3 2
86 50 49
86 49 22
86 22 13
86 13 11
86 11 10
86 10 9
86 13 12
86 22 21
86 21 17
86 17 16
86 16 14
86 16 15
86 21 20
86 20 18
86 20 19
86 49 48
86 48 44
86 44 43
86 43 42
86 42 40
86 40 35
86 35 34
86 34 31
86 31 24
86 24 23
86 31 30
86 30 26
86 26 25
86 30 29
86 29 27
86 29 28
86 34 33
86 33 32
86 40 39
86 39 38
86 38 37
86 37 36
86 42 41
86 48 47
86 47 46
86 46 45
87 52 3
87 3 2
87 2 1
87 1 0
87 52 51
87 51 48
87 48 4
87 48 47
87 47 46
87 46 44
87 44 43
87 43 41
87 41 5
87 41 40
87 40 8
87 8 6
87 8 7
87 40 39
87 39 35
87 35 34
87 34 9
87 34 33
87 33 31
87 31 10
87 31 30
87 30 29
87 29 11
87 29 28
87 28 26
87 26 25
87 25 23
87 23 22
87 22 21
87 21 20
87 20 19
87 19 15
87 15 14
87 14 13
87 13 12
87 19 18
87 18 17
87 17 16
87 25 24
87 28 27
87 33 32
87 39 38
87 38 36
87 38 37
87 43 42
87 46 45
87 51 50
87 50 49
88 49 48
88 48 3
88 3 0
88 3 2
88 2 1
88 48 47
88 47 7
88 7 6
88 6 5
88 5 4
88 47 46
88 46 8
88 46 45
88 45 43
88 43 36
88 36 25
88 25 9
88 25 24
88 24 23
88 23 22
88 22 20
88 20 10
88 20 19
88 19 16
88 16 15
88 15 11
88 15 14
88 14 13
88 13 12
88 19 18
88 18 17
88 22 21
88 36 35
88 35 28
88 28 26
88 28 27
88 35 34
88 34 29
88 34 33
88 33 32
88 32 30
88 32 31
88 43 42
88 42 37
88 42 41
88 41 38
88 41 40
88 40 39
88 45 44
89 57 36
89 36 1
89 1 0
89 36 35
89 35 2
89 35 34
89 34 33
89 33 3
89 33 32
89 32 31
89 31 12
89 12 11
89 11 9
89 9 8
89 8 7
89 7 6
89 6 4
89 6 5
89 11 10
89 31 30
89 30 13
89 30 29
89 29 15
89 15 14
89 29 28
89 28 26
89 26 25
89 25 21
89 21 20
89 20 19
89 19 16
89 19 18
89 18 17
89 25 24
89 24 22
89 24 23
89 28 27
89 57 56
89 56 55
89 55 54
89 54 53
89 53 52
89 52 37
89 52 51
89 51 49
89 49 48
89 48 47
89 47 43
89 43 42
89 42 41
89 41 38
89 41 40
89 40 39
89 47 46
89 46 44
89 46 45
89 51 50
90 58 57
90 57 49
90 49 48
90 48 47
90 47 45
90 45 41
90 41 39
90 39 1
90 1 0
90 39 38
90 38 2
90 38 37
90 37 35
90 35 33
90 33 3
90 33 32
90 32 5
90 5 4
90 32 31
90 31 19
90 19 8
90 8 7
90 7 6
90 19 18
90 18 9
90 18 17
90 17 10
90 17 16
90 16 13
90 13 12
90 12 11
90 16 15
90 15 14
90 31 30
90 30 26
90 26 25
90 25 20
90 25 24
90 24 23
90 23 22
90 22 21
90 30 29
90 29 27
90 29 28
90 35 34
90 37 36
90 41 40
90 45 44
90 44 42
90 44 43
90 47 46
90 57 56
90 56 54
90 54 50
90 54 53
90 53 52
90 52 51
90 56 55
91 49 46
91 46 45
91 45 44
91 44 42
91 42 3
91 3 2
91 2 0
91 2 1
91 42 41
91 41 23
91 23 21
91 21 5
91 5 4
91 21 20
91 20 18
91 18 17
91 17 16
91 16 14
91 14 6
91 14 13
91 13 10
91 10 8
91 8 7
91 10 9
91 13 12
91 12 11
91 16 15
91 20 19
91 23 22
91 41 40
91 40 38
91 38 37
91 37 28
91 28 24
91 28 27
91 27 26
91 26 25
91 37 36
91 36 29
91 36 35
91 35 30
91 35 34
91 34 32
91 32 31
91 34 33
91 40 39
91 44 43
91 49 48
91 48 47
92 54 0
92 54 53
92 53 51
92 51 8
92 8 7
92 7 6
92 6 5
92 5 4
92 4 2
92 2 1
92 4 3
92 51 50
92 50 9
92 50 49
92 49 48
92 48 15
92 15 13
92 13 10
92 13 12
92 12 11
92 15 14
92 48 47
92 47 41
92 41 34
92 34 25
92 25 24
92 24 23
92 23 22
92 22 21
92 21 17
92 17 16
92 21 20
92 20 18
92 20 19
92 34 33
92 33 28
92 28 27
92 27 26
92 33 32
92 32 29
92 32 31
92 31 30
92 41 40
92 40 39
92 39 37
92 37 35
92 37 36
92 39 38
92 47 46
92 46 45
92 45 42
92 45 44
92 44 43
92 53 52
93 57 56
93 56 54
93 54 51
93 51 1
93 1 0
93 51 50
93 50 49
93 49 15
93 15 8
93 8 6
93 6 5
93 5 2
93 5 4
93 4 3
93 8 7
93 15 14
93 14 13
93 13 12
93 12 11
93 11 9
93 11 10
93 49 48
93 48 40
93 40 39
93 39 36
93 36 24
93 24 23
93 23 16
93 23 22
93 22 21
93 21 20
93 20 19
93 19 18
93 18 17
93 36 35
93 35 25
93 35 34
93 34 33
93 33 26
93 33 32
93 32 31
93 31 30
93 30 29
93 29 28
93 28 27
93 39 38
93 38 37
93 48 47
93 47 41
93 47 46
93 46 45
93 45 42
93 45 44
93 44 43
93 54 53
93 53 52
93 56 55
94 57 56
94 56 55
94 55 10
94 10 9
94 9 8
94 8 5
94 5 0
94 5 4
94 4 3
94 3 2
94 2 1
94 8 7
94 7 6
94 55 54
94 54 25
94 25 14
94 14 13
94 13 11
94 13 12
94 25 24
94 24 23
94 23 22
94 22 15
94 22 21
94 21 19
94 19 18
94 18 17
94 17 16
94 21 20
94 54 53
94 53 39
94 39 29
94 29 27
94 27 26
94 29 28
94 39 38
94 38 30
94 38 37
94 37 33
94 33 32
94 32 31
94 37 36
94 36 34
94 36 35
94 53 52
94 52 51
94 51 41
94 41 40
94 51 50
94 50 49
94 49 46
94 46 45
94 45 44
94 44 42
94 44 43
94 49 48
94 48 47
95 56 0
95 56 55
95 55 12
95 12 11
95 11 9
95 9 6
95 6 5
95 5 4
95 4 3
95 3 2
95 2 1
95 9 8
95 8 7
95 11 10
95 55 54
95 54 53
95 53 13
95 53 52
95 52 51
95 51 14
95 51 50
95 50 49
95 49 23
95 23 22
95 22 21
95 21 16
95 16 15
95 21 20
95 20 19
95 19 17
95 19 18
95 49 48
95 48 47
95 47 46
95 46 24
95 46 45
95 45 44
95 44 43
95 43 37
95 37 36
95 36 33
95 33 31
95 31 30
95 30 25
95 30 29
95 29 26
95 29 28
95 28 27
95 33 32
95 36 35
95 35 34
95 43 42
95 42 41
95 41 38
95 41 40
95 40 39
96 54 0
96 54 53
96 53 29
96 29 25
96 25 5
96 5 1
96 5 4
96 4 3
96 3 2
96 25 24
96 24 23
96 23 22
96 22 12
96 12 10
96 10 7
96 7 6
96 10 9
96 9 8
96 12 11
96 22 21
96 21 20
96 20 17
96 17 16
96 16 15
96 15 14
96 14 13
96 20 19
96 19 18
96 29 28
96 28 27
96 27 26
96 53 52
96 52 51
96 51 50
96 50 48
96 48 45
96 45 40
96 40 39
96 39 38
96 38 37
96 37 32
96 32 30
96 32 31
96 37 36
96 36 35
96 35 33
96 35 34
96 45 44
96 44 42
96 42 41
96 44 43
96 48 47
96 47 46
96 50 49
97 56 54
97 54 53
97 53 21
97 21 12
97 12 0
97 12 11
97 11 10
97 10 9
97 9 1
97 9 8
97 8 7
97 7 6
97 6 5
97 5 4
97 4 3
97 3 2
97 21 20
97 20 13
97 20 19
97 19 15
97 15 14
97 19 18
97 18 17
97 17 16
97 53 52
97 52 51
97 51 50
97 50 49
97 49 47
97 47 45
97 45 43
97 43 42
97 42 32
97 32 26
97 26 25
97 25 24
97 24 22
97 24 23
97 32 31
97 31 27
97 31 30
97 30 29
97 29 28
97 42 41
97 41 33
97 41 40
97 40 34
97 40 39
97 39 36
97 36 35
97 39 38
97 38 37
97 45 44
97 47 46
97 49 48
97 56 55
98 49 2
98 2 1
98 1 0
98 49 48
98 48 47
98 47 45
98 45 3
98 45 44
98 44 43
98 43 40
98 40 39
98 39 38
98 38 35
98 35 6
98 6 5
98 5 4
98 35 34
98 34 33
98 33 32
98 32 31
98 31 27
98 27 11
98 11 10
98 10 7
98 10 9
98 9 8
98 27 26
98 26 25
98 25 24
98 24 22
98 22 20
98 20 12
98 20 19
98 19 17
98 17 16
98 16 15
98 15 14
98 14 13
98 19 18
98 22 21
98 24 23
98 31 30
98 30 29
98 29 28
98 38 37
98 37 36
98 43 42
98 42 41
98 47 46
99 54 51
99 51 45
99 45 44
99 44 34
99 34 29
99 29 28
99 28 27
99 27 26
99 26 25
99 25 24
99 24 21
99 21 14
99 14 6
99 6 2
99 2 1
99 1 0
99 6 5
99 5 3
99 5 4
99 14 13
99 13 10
99 10 8
99 8 7
99 10 9
99 13 12
99 12 11
99 21 20
99 20 15
99 20 19
99 19 17
99 17 16
99 19 18
99 24 23
99 23 22
99 34 33
99 33 30
99 33 32
99 32 31
99 44 43
99 43 42
99 42 41
99 41 39
99 39 37
99 37 35
99 37 36
99 39 38
99 41 40
99 51 50
99 50 48
99 48 47
99 47 46
99 50 49
99 54 53
99 53 52
100 56 55
100 55 0
100 55 54
100 54 52
100 52 1
100 52 51
100 51 50
100 50 2
100 50 49
100 49 47
100 47 46
100 46 4
100 4 3
100 46 45
100 45 7
100 7 5
100 7 6
100 45 44
100 44 43
100 43 41
100 41 36
100 36 35
100 35 21
100 21 20
100 20 18
100 18 14
100 14 10
100 10 9
100 9 8
100 14 13
100 13 11
100 13 12
100 18 17
100 17 16
100 16 15
100 20 19
100 35 34
100 34 28
100 28 22
100 28 27
100 27 25
100 25 24
100 24 23
100 27 26
100 34 33
100 33 32
100 32 30
100 30 29
100 32 31
100 41 40
100 40 38
100 38 37
100 40 39
100 43 42
100 49 48
100 54 53
101 56 55
101 55 54
101 54 0
101 54 53
101 53 2
101 2 1
101 53 52
101 52 3
101 52 51
101 51 50
101 50 49
101 49 48
101 48 45
101 45 44
101 44 43
101 43 19
101 19 17
101 17 16
101 16 15
101 15 14
101 14 4
101 14 13
101 13 10
101 10 5
101 10 9
101 9 8
101 8 6
101 8 7
101 13 12
101 12 11
101 19 18
101 43 42
101 42 28
101 28 25
101 25 24
101 24 20
101 24 23
101 23 21
101 23 22
101 28 27
101 27 26
101 42 41
101 41 40
101 40 39
101 39 37
101 37 36
101 36 32
101 32 30
101 30 29
101 32 31
101 36 35
101 35 33
101 35 34
101 39 38
101 48 47
101 47 46
